50.0 50.0 0.00000
150.0 50.0 -0.02237
250.0 50.0 -0.04829
350.0 50.0 -0.07013
450.0 50.0 -0.07857
550.0 50.0 -0.06979
650.0 50.0 -0.04789
750.0 50.0 -0.02257
850.0 50.0 -0.00196
950.0 50.0 0.06214
1050.0 50.0 0.33952
1150.0 50.0 0.77233
1250.0 50.0 1.15365
1350.0 50.0 1.29443
1450.0 50.0 1.11790
1550.0 50.0 0.68118
1650.0 50.0 0.12416
1750.0 50.0 -0.43509
1850.0 50.0 -0.86544
1950.0 50.0 -1.03343
2050.0 50.0 -0.89959
2150.0 50.0 -0.54528
2250.0 50.0 -0.14938
2350.0 50.0 0.08471
2450.0 50.0 0.05199
2550.0 50.0 -0.13103
2650.0 50.0 -0.45953
2750.0 50.0 -0.89432
2850.0 50.0 -1.24557
2950.0 50.0 -1.34410
3050.0 50.0 -1.13809
3150.0 50.0 -0.70958
3250.0 50.0 -0.21082
3350.0 50.0 0.27303
3450.0 50.0 0.72784
3550.0 50.0 1.04480
3650.0 50.0 1.11529
3750.0 50.0 0.92135
3850.0 50.0 0.56149
3950.0 50.0 0.21281
4050.0 50.0 0.02917
4150.0 50.0 -0.01802
4250.0 50.0 -0.08895
4350.0 50.0 -0.20083
4450.0 50.0 -0.30743
4550.0 50.0 -0.35739
4650.0 50.0 -0.32562
4750.0 50.0 -0.22365
4850.0 50.0 -0.08881
4950.0 50.0 0.04690
5050.0 50.0 0.16497
5150.0 50.0 0.23037
5250.0 50.0 0.22427
5350.0 50.0 0.15582
5450.0 50.0 0.06035
5550.0 50.0 -0.01350
5650.0 50.0 -0.02763
5750.0 50.0 0.01167
5850.0 50.0 0.11430
5950.0 50.0 0.32759
6050.0 50.0 0.57195
6150.0 50.0 0.72932
6250.0 50.0 0.72157
6350.0 50.0 0.54561
50.0 150.0 0.07541
150.0 150.0 0.04708
250.0 150.0 -0.00890
350.0 150.0 -0.09046
450.0 150.0 -0.17905
550.0 150.0 -0.25333
650.0 150.0 -0.29867
750.0 150.0 -0.31227
850.0 150.0 -0.30411
950.0 150.0 -0.24427
1050.0 150.0 0.03295
1150.0 150.0 0.47211
1250.0 150.0 0.86583
1350.0 150.0 1.02217
1450.0 150.0 0.86006
1550.0 150.0 0.43270
1650.0 150.0 -0.12114
1750.0 150.0 -0.68034
1850.0 150.0 -1.11607
1950.0 150.0 -1.29631
2050.0 150.0 -1.17869
2150.0 150.0 -0.83993
2250.0 150.0 -0.45470
2350.0 150.0 -0.22415
2450.0 150.0 -0.25411
2550.0 150.0 -0.43328
2650.0 150.0 -0.77139
2750.0 150.0 -1.23843
2850.0 150.0 -1.64168
2950.0 150.0 -1.80078
3050.0 150.0 -1.64927
3150.0 150.0 -1.25669
3250.0 150.0 -0.77149
3350.0 150.0 -0.28832
3450.0 150.0 0.19181
3550.0 150.0 0.57967
3650.0 150.0 0.75948
3750.0 150.0 0.68933
3850.0 150.0 0.43827
3950.0 150.0 0.15964
4050.0 150.0 0.00061
4150.0 150.0 -0.04645
4250.0 150.0 -0.10899
4350.0 150.0 -0.19379
4450.0 150.0 -0.25826
4550.0 150.0 -0.26173
4650.0 150.0 -0.19129
4750.0 150.0 -0.06744
4850.0 150.0 0.07051
4950.0 150.0 0.19827
5050.0 150.0 0.29523
5150.0 150.0 0.31054
5250.0 150.0 0.22650
5350.0 150.0 0.06619
5450.0 150.0 -0.11573
5550.0 150.0 -0.25329
5650.0 150.0 -0.30063
5750.0 150.0 -0.27346
5850.0 150.0 -0.17768
5950.0 150.0 0.03725
6050.0 150.0 0.29362
6150.0 150.0 0.47088
6250.0 150.0 0.48517
6350.0 150.0 0.32657
50.0 250.0 -0.08229
150.0 250.0 -0.11295
250.0 250.0 -0.16785
350.0 250.0 -0.24922
450.0 250.0 -0.34461
550.0 250.0 -0.43591
650.0 250.0 -0.50699
750.0 250.0 -0.54989
850.0 250.0 -0.56959
950.0 250.0 -0.53612
1050.0 250.0 -0.28054
1150.0 250.0 0.14943
1250.0 250.0 0.55105
1350.0 250.0 0.73013
1450.0 250.0 0.59663
1550.0 250.0 0.19200
1650.0 250.0 -0.35176
1750.0 250.0 -0.90657
1850.0 250.0 -1.33605
1950.0 250.0 -1.50272
2050.0 250.0 -1.35982
2150.0 250.0 -0.98425
2250.0 250.0 -0.55606
2350.0 250.0 -0.28467
2450.0 250.0 -0.28180
2550.0 250.0 -0.43544
2650.0 250.0 -0.77799
2750.0 250.0 -1.30380
2850.0 250.0 -1.81883
2950.0 250.0 -2.11962
3050.0 250.0 -2.10396
3150.0 250.0 -1.80696
3250.0 250.0 -1.36254
3350.0 250.0 -0.88899
3450.0 250.0 -0.38484
3550.0 250.0 0.08502
3650.0 250.0 0.39595
3750.0 250.0 0.47568
3850.0 250.0 0.35572
3950.0 250.0 0.15903
4050.0 250.0 0.02404
4150.0 250.0 -0.03005
4250.0 250.0 -0.08631
4350.0 250.0 -0.13992
4450.0 250.0 -0.16009
4550.0 250.0 -0.12546
4650.0 250.0 -0.03909
4750.0 250.0 0.07221
4850.0 250.0 0.17411
4950.0 250.0 0.25566
5050.0 250.0 0.31243
5150.0 250.0 0.30268
5250.0 250.0 0.20678
5350.0 250.0 0.03951
5450.0 250.0 -0.15456
5550.0 250.0 -0.31741
5650.0 250.0 -0.40569
5750.0 250.0 -0.42949
5850.0 250.0 -0.38076
5950.0 250.0 -0.19310
6050.0 250.0 0.06573
6150.0 250.0 0.27384
6250.0 250.0 0.33419
6350.0 250.0 0.21644
50.0 350.0 -0.43203
150.0 350.0 -0.46088
250.0 350.0 -0.47856
350.0 350.0 -0.49026
450.0 350.0 -0.50757
550.0 350.0 -0.53973
650.0 350.0 -0.58913
750.0 350.0 -0.65095
850.0 350.0 -0.71712
950.0 350.0 -0.73646
1050.0 350.0 -0.52882
1150.0 350.0 -0.12788
1250.0 350.0 0.27445
1350.0 350.0 0.48294
1450.0 350.0 0.39345
1550.0 350.0 0.02662
1650.0 350.0 -0.49905
1750.0 350.0 -1.04513
1850.0 350.0 -1.46171
1950.0 350.0 -1.60028
2050.0 350.0 -1.40560
2150.0 350.0 -0.95536
2250.0 350.0 -0.44071
2350.0 350.0 -0.08770
2450.0 350.0 -0.01974
2550.0 350.0 -0.12090
2650.0 350.0 -0.44861
2750.0 350.0 -1.03282
2850.0 350.0 -1.68394
2950.0 350.0 -2.17151
3050.0 350.0 -2.34458
3150.0 350.0 -2.18680
3250.0 350.0 -1.80652
3350.0 350.0 -1.35353
3450.0 350.0 -0.83678
3550.0 350.0 -0.29788
3650.0 350.0 0.13010
3750.0 350.0 0.34557
3850.0 350.0 0.34349
3950.0 350.0 0.21708
4050.0 350.0 0.09598
4150.0 350.0 0.02580
4250.0 350.0 -0.02648
4350.0 350.0 -0.04331
4450.0 350.0 -0.01548
4550.0 350.0 0.04851
4650.0 350.0 0.12485
4750.0 350.0 0.18336
4850.0 350.0 0.20282
4950.0 350.0 0.19258
5050.0 350.0 0.18736
5150.0 350.0 0.18560
5250.0 350.0 0.16195
5350.0 350.0 0.09532
5450.0 350.0 -0.01639
5550.0 350.0 -0.15460
5650.0 350.0 -0.29122
5750.0 350.0 -0.41211
5850.0 350.0 -0.45864
5950.0 350.0 -0.33374
6050.0 350.0 -0.08560
6150.0 350.0 0.16426
6250.0 350.0 0.29726
6350.0 350.0 0.24688
50.0 450.0 -0.79533
150.0 450.0 -0.81991
250.0 450.0 -0.77817
350.0 450.0 -0.67762
450.0 450.0 -0.56508
550.0 450.0 -0.49204
650.0 450.0 -0.49160
750.0 450.0 -0.56704
850.0 450.0 -0.69207
950.0 450.0 -0.78151
1050.0 450.0 -0.63970
1150.0 450.0 -0.28241
1250.0 450.0 0.11362
1350.0 450.0 0.35341
1450.0 450.0 0.31593
1550.0 450.0 -0.00443
1650.0 450.0 -0.50710
1750.0 450.0 -1.04272
1850.0 450.0 -1.45138
1950.0 450.0 -1.57344
2050.0 450.0 -1.33953
2150.0 450.0 -0.82186
2250.0 450.0 -0.21893
2350.0 450.0 0.22647
2450.0 450.0 0.37585
2550.0 450.0 0.34607
2650.0 450.0 0.06265
2750.0 450.0 -0.53832
2850.0 450.0 -1.28054
2950.0 450.0 -1.91743
3050.0 450.0 -2.25643
3150.0 450.0 -2.23068
3250.0 450.0 -1.91796
3350.0 450.0 -1.49299
3450.0 450.0 -0.98376
3550.0 450.0 -0.41819
3650.0 450.0 0.06591
3750.0 450.0 0.34942
3850.0 450.0 0.40516
3950.0 450.0 0.30802
4050.0 450.0 0.18195
4150.0 450.0 0.08910
4250.0 450.0 0.03963
4350.0 450.0 0.06412
4450.0 450.0 0.14378
4550.0 450.0 0.23312
4650.0 450.0 0.28408
4750.0 450.0 0.26467
4850.0 450.0 0.17199
4950.0 450.0 0.04042
5050.0 450.0 -0.03969
5150.0 450.0 -0.00788
5250.0 450.0 0.10220
5350.0 450.0 0.21430
5450.0 450.0 0.25393
5550.0 450.0 0.17816
5650.0 450.0 -0.00928
5750.0 450.0 -0.25696
5850.0 450.0 -0.43040
5950.0 450.0 -0.39259
6050.0 450.0 -0.16597
6150.0 450.0 0.12992
6250.0 450.0 0.35017
6350.0 450.0 0.38243
50.0 550.0 -0.98904
150.0 550.0 -1.00958
250.0 550.0 -0.90917
350.0 550.0 -0.69788
450.0 550.0 -0.45775
550.0 550.0 -0.28216
650.0 550.0 -0.23438
750.0 550.0 -0.32533
850.0 550.0 -0.51038
950.0 550.0 -0.67107
1050.0 550.0 -0.59733
1150.0 550.0 -0.28713
1250.0 550.0 0.09860
1350.0 550.0 0.36603
1450.0 550.0 0.37799
1550.0 550.0 0.10286
1650.0 550.0 -0.37698
1750.0 550.0 -0.90372
1850.0 550.0 -1.31900
1950.0 550.0 -1.45742
2050.0 550.0 -1.23056
2150.0 550.0 -0.69461
2250.0 550.0 -0.04380
2350.0 550.0 0.47050
2450.0 550.0 0.69513
2550.0 550.0 0.73990
2650.0 550.0 0.52836
2750.0 550.0 -0.02362
2850.0 550.0 -0.76135
2950.0 550.0 -1.44316
3050.0 550.0 -1.85931
3150.0 550.0 -1.91073
3250.0 550.0 -1.64773
3350.0 550.0 -1.25176
3450.0 550.0 -0.77064
3550.0 550.0 -0.23276
3650.0 550.0 0.22470
3750.0 550.0 0.48285
3850.0 550.0 0.51417
3950.0 550.0 0.39279
4050.0 550.0 0.24193
4150.0 550.0 0.12501
4250.0 550.0 0.07874
4350.0 550.0 0.14618
4450.0 550.0 0.28008
4550.0 550.0 0.39710
4650.0 550.0 0.42414
4750.0 550.0 0.32699
4850.0 550.0 0.12113
4950.0 550.0 -0.13330
5050.0 550.0 -0.28711
5150.0 550.0 -0.21400
5250.0 550.0 0.04374
5350.0 550.0 0.35146
5450.0 550.0 0.55796
5550.0 550.0 0.55492
5650.0 550.0 0.32010
5750.0 550.0 -0.05562
5850.0 550.0 -0.35825
5950.0 550.0 -0.41088
6050.0 550.0 -0.20986
6150.0 550.0 0.12801
6250.0 550.0 0.43221
6350.0 550.0 0.54499
50.0 650.0 -0.90882
150.0 650.0 -0.92810
250.0 650.0 -0.79223
350.0 650.0 -0.51493
450.0 650.0 -0.20220
550.0 650.0 0.02605
650.0 650.0 0.08930
750.0 650.0 -0.02532
850.0 650.0 -0.25986
950.0 650.0 -0.47633
1050.0 650.0 -0.45631
1150.0 650.0 -0.18397
1250.0 650.0 0.19231
1350.0 650.0 0.47991
1450.0 650.0 0.52934
1550.0 650.0 0.28892
1650.0 650.0 -0.17323
1750.0 650.0 -0.69521
1850.0 650.0 -1.13450
1950.0 650.0 -1.32823
2050.0 650.0 -1.16702
2150.0 650.0 -0.68106
2250.0 650.0 -0.04624
2350.0 650.0 0.49017
2450.0 650.0 0.76430
2550.0 650.0 0.86970
2650.0 650.0 0.74312
2750.0 650.0 0.29965
2850.0 650.0 -0.33150
2950.0 650.0 -0.93522
3050.0 650.0 -1.31484
3150.0 650.0 -1.36634
3250.0 650.0 -1.12226
3350.0 650.0 -0.74937
3450.0 650.0 -0.30797
3550.0 650.0 0.16092
3650.0 650.0 0.52527
3750.0 650.0 0.68196
3850.0 650.0 0.62236
3950.0 650.0 0.43539
4050.0 650.0 0.24802
4150.0 650.0 0.11141
4250.0 650.0 0.07014
4350.0 650.0 0.17852
4450.0 650.0 0.36654
4550.0 650.0 0.51880
4650.0 650.0 0.53944
4750.0 650.0 0.38980
4850.0 650.0 0.09878
4950.0 650.0 -0.25148
5050.0 650.0 -0.46432
5150.0 650.0 -0.36348
5250.0 650.0 0.00211
5350.0 650.0 0.45371
5450.0 650.0 0.78224
5550.0 650.0 0.83014
5650.0 650.0 0.55568
5750.0 650.0 0.07954
5850.0 650.0 -0.32428
5950.0 650.0 -0.44825
6050.0 650.0 -0.26834
6150.0 650.0 0.10103
6250.0 650.0 0.46960
6350.0 650.0 0.64441
50.0 750.0 -0.56318
150.0 750.0 -0.58543
250.0 750.0 -0.45048
350.0 750.0 -0.17717
450.0 750.0 0.12248
550.0 750.0 0.32624
650.0 750.0 0.35655
750.0 750.0 0.20707
850.0 750.0 -0.05887
950.0 750.0 -0.30524
1050.0 750.0 -0.31369
1150.0 750.0 -0.06090
1250.0 750.0 0.31136
1350.0 750.0 0.61087
1450.0 750.0 0.68130
1550.0 750.0 0.46002
1650.0 750.0 0.00749
1750.0 750.0 -0.51475
1850.0 750.0 -0.99102
1950.0 750.0 -1.26887
2050.0 750.0 -1.21988
2150.0 750.0 -0.84306
2250.0 750.0 -0.28523
2350.0 750.0 0.22238
2450.0 750.0 0.51111
2550.0 750.0 0.65165
2650.0 750.0 0.60279
2750.0 750.0 0.29607
2850.0 750.0 -0.16265
2950.0 750.0 -0.59784
3050.0 750.0 -0.84955
3150.0 750.0 -0.83371
3250.0 750.0 -0.57748
3350.0 750.0 -0.21718
3450.0 750.0 0.18693
3550.0 750.0 0.57614
3650.0 750.0 0.82540
3750.0 750.0 0.85408
3850.0 750.0 0.68096
3950.0 750.0 0.41678
4050.0 750.0 0.19439
4150.0 750.0 0.04653
4250.0 750.0 0.01273
4350.0 750.0 0.15717
4450.0 750.0 0.39667
4550.0 750.0 0.59389
4650.0 750.0 0.63466
4750.0 750.0 0.47278
4850.0 750.0 0.14245
4950.0 750.0 -0.25884
5050.0 750.0 -0.50842
5150.0 750.0 -0.40946
5250.0 750.0 -0.01389
5350.0 750.0 0.48157
5450.0 750.0 0.84456
5550.0 750.0 0.89805
5650.0 750.0 0.59284
5750.0 750.0 0.06176
5850.0 750.0 -0.39614
5950.0 750.0 -0.55750
6050.0 750.0 -0.38734
6150.0 750.0 0.00087
6250.0 750.0 0.40585
6350.0 750.0 0.61530
50.0 850.0 -0.05821
150.0 850.0 -0.08710
250.0 850.0 0.01494
350.0 850.0 0.22279
450.0 850.0 0.43429
550.0 850.0 0.54625
650.0 850.0 0.50175
750.0 850.0 0.30835
850.0 850.0 0.02756
950.0 850.0 -0.22520
1050.0 850.0 -0.23868
1150.0 850.0 0.01237
1250.0 850.0 0.38723
1350.0 850.0 0.69298
1450.0 850.0 0.77094
1550.0 850.0 0.55551
1650.0 850.0 0.10551
1750.0 850.0 -0.42072
1850.0 850.0 -0.93895
1950.0 850.0 -1.31169
2050.0 850.0 -1.39542
2150.0 850.0 -1.15815
2250.0 850.0 -0.71327
2350.0 850.0 -0.26909
2450.0 850.0 0.00604
2550.0 850.0 0.15763
2650.0 850.0 0.16765
2750.0 850.0 -0.00686
2850.0 850.0 -0.27773
2950.0 850.0 -0.51112
3050.0 850.0 -0.59376
3150.0 850.0 -0.47541
3250.0 850.0 -0.18747
3350.0 850.0 0.17001
3450.0 850.0 0.54824
3550.0 850.0 0.87276
3650.0 850.0 1.02469
3750.0 850.0 0.94388
3850.0 850.0 0.67421
3950.0 850.0 0.34658
4050.0 850.0 0.09944
4150.0 850.0 -0.05153
4250.0 850.0 -0.07588
4350.0 850.0 0.09957
4450.0 850.0 0.38711
4550.0 850.0 0.63689
4650.0 850.0 0.72071
4750.0 850.0 0.58223
4850.0 850.0 0.25376
4950.0 850.0 -0.15807
5050.0 850.0 -0.42516
5150.0 850.0 -0.35785
5250.0 850.0 -0.00772
5350.0 850.0 0.43516
5450.0 850.0 0.74789
5550.0 850.0 0.76204
5650.0 850.0 0.43241
5750.0 850.0 -0.11265
5850.0 850.0 -0.58175
5950.0 850.0 -0.74886
6050.0 850.0 -0.57652
6150.0 850.0 -0.17887
6250.0 850.0 0.23917
6350.0 850.0 0.45990
50.0 950.0 0.44574
150.0 950.0 0.40618
250.0 950.0 0.46332
350.0 950.0 0.58613
450.0 950.0 0.68735
550.0 950.0 0.68894
650.0 950.0 0.55901
750.0 950.0 0.32020
850.0 950.0 0.02958
950.0 950.0 -0.22249
1050.0 950.0 -0.23177
1150.0 950.0 0.02796
1250.0 950.0 0.41449
1350.0 950.0 0.73222
1450.0 950.0 0.81964
1550.0 950.0 0.60935
1650.0 950.0 0.16040
1750.0 950.0 -0.37092
1850.0 950.0 -0.93066
1950.0 950.0 -1.39744
2050.0 950.0 -1.61516
2150.0 950.0 -1.52259
2250.0 950.0 -1.19967
2350.0 950.0 -0.83010
2450.0 950.0 -0.57971
2550.0 950.0 -0.42760
2650.0 950.0 -0.36771
2750.0 950.0 -0.41396
2850.0 950.0 -0.49317
2950.0 950.0 -0.51349
3050.0 950.0 -0.41193
3150.0 950.0 -0.17752
3250.0 950.0 0.15001
3350.0 950.0 0.50864
3450.0 950.0 0.86310
3550.0 950.0 1.12251
3650.0 950.0 1.17540
3750.0 950.0 0.98398
3850.0 950.0 0.61882
3950.0 950.0 0.23160
4050.0 950.0 -0.03409
4150.0 950.0 -0.18124
4250.0 950.0 -0.19372
4350.0 950.0 0.00803
4450.0 950.0 0.33599
4550.0 950.0 0.63388
4650.0 950.0 0.76397
4750.0 950.0 0.66096
4850.0 950.0 0.35294
4950.0 950.0 -0.04853
5050.0 950.0 -0.31885
5150.0 950.0 -0.28574
5250.0 950.0 -0.00094
5350.0 950.0 0.35926
5450.0 950.0 0.59263
5550.0 950.0 0.55040
5650.0 950.0 0.19725
5750.0 950.0 -0.34786
5850.0 950.0 -0.81339
5950.0 950.0 -0.97510
6050.0 950.0 -0.79561
6150.0 950.0 -0.38998
6250.0 950.0 0.03564
6350.0 950.0 0.26248
50.0 1050.0 0.74388
150.0 1050.0 0.67702
250.0 1050.0 0.67598
350.0 1050.0 0.70817
450.0 1050.0 0.70340
550.0 1050.0 0.60687
650.0 1050.0 0.40621
750.0 1050.0 0.13245
850.0 1050.0 -0.16487
950.0 1050.0 -0.41402
1050.0 1050.0 -0.40700
1150.0 1050.0 -0.11426
1250.0 1050.0 0.31616
1350.0 1050.0 0.67829
1450.0 1050.0 0.80020
1550.0 1050.0 0.60801
1650.0 1050.0 0.16190
1750.0 1050.0 -0.37501
1850.0 1050.0 -0.96723
1950.0 1050.0 -1.50922
2050.0 1050.0 -1.84003
2150.0 1050.0 -1.87798
2250.0 1050.0 -1.67523
2350.0 1050.0 -1.39118
2450.0 1050.0 -1.18481
2550.0 1050.0 -1.05355
2650.0 1050.0 -0.96120
2750.0 1050.0 -0.88492
2850.0 1050.0 -0.76138
2950.0 1050.0 -0.54207
3050.0 1050.0 -0.22247
3150.0 1050.0 0.15735
3250.0 1050.0 0.54097
3350.0 1050.0 0.90774
3450.0 1050.0 1.22811
3550.0 1050.0 1.38536
3650.0 1050.0 1.28475
3750.0 1050.0 0.92842
3850.0 1050.0 0.43053
3950.0 1050.0 -0.02665
4050.0 1050.0 -0.29570
4150.0 1050.0 -0.41245
4250.0 1050.0 -0.40326
4350.0 1050.0 -0.19635
4450.0 1050.0 0.13009
4550.0 1050.0 0.43401
4650.0 1050.0 0.58815
4750.0 1050.0 0.52978
4850.0 1050.0 0.28154
4950.0 1050.0 -0.05483
5050.0 1050.0 -0.27586
5150.0 1050.0 -0.23828
5250.0 1050.0 -0.00273
5350.0 1050.0 0.26779
5450.0 1050.0 0.40104
5550.0 1050.0 0.28379
5650.0 1050.0 -0.09504
5750.0 1050.0 -0.62584
5850.0 1050.0 -1.07271
5950.0 1050.0 -1.21886
6050.0 1050.0 -1.02761
6150.0 1050.0 -0.61304
6250.0 1050.0 -0.17923
6350.0 1050.0 0.05754
50.0 1150.0 0.73478
150.0 1150.0 0.62116
250.0 1150.0 0.55612
350.0 1150.0 0.51301
450.0 1150.0 0.43757
550.0 1150.0 0.28899
650.0 1150.0 0.06023
750.0 1150.0 -0.22225
850.0 1150.0 -0.51947
950.0 1150.0 -0.76371
1050.0 1150.0 -0.73107
1150.0 1150.0 -0.38706
1250.0 1150.0 0.11084
1350.0 1150.0 0.54053
1450.0 1150.0 0.71416
1550.0 1150.0 0.54823
1650.0 1150.0 0.10505
1750.0 1150.0 -0.43682
1850.0 1150.0 -1.03880
1950.0 1150.0 -1.60678
2050.0 1150.0 -1.98843
2150.0 1150.0 -2.10098
2250.0 1150.0 -1.98482
2350.0 1150.0 -1.78189
2450.0 1150.0 -1.63908
2550.0 1150.0 -1.55776
2650.0 1150.0 -1.47281
2750.0 1150.0 -1.32366
2850.0 1150.0 -1.04494
2950.0 1150.0 -0.61962
3050.0 1150.0 -0.09637
3150.0 1150.0 0.43068
3250.0 1150.0 0.87978
3350.0 1150.0 1.26400
3450.0 1150.0 1.54751
3550.0 1150.0 1.58294
3650.0 1150.0 1.30150
3750.0 1150.0 0.75873
3850.0 1150.0 0.12286
3950.0 1150.0 -0.38979
4050.0 1150.0 -0.63221
4150.0 1150.0 -0.68364
4250.0 1150.0 -0.64241
4350.0 1150.0 -0.46461
4450.0 1150.0 -0.20505
4550.0 1150.0 0.03758
4650.0 1150.0 0.17541
4750.0 1150.0 0.16577
4850.0 1150.0 0.02515
4950.0 1150.0 -0.17532
5050.0 1150.0 -0.27716
5150.0 1150.0 -0.17898
5250.0 1150.0 0.03816
5350.0 1150.0 0.22183
5450.0 1150.0 0.23911
5550.0 1150.0 0.03042
5650.0 1150.0 -0.37350
5750.0 1150.0 -0.87104
5850.0 1150.0 -1.28085
5950.0 1150.0 -1.40267
6050.0 1150.0 -1.20132
6150.0 1150.0 -0.78603
6250.0 1150.0 -0.35224
6350.0 1150.0 -0.10714
50.0 1250.0 0.45866
150.0 1250.0 0.28747
250.0 1250.0 0.16941
350.0 1250.0 0.09135
450.0 1250.0 0.00905
550.0 1250.0 -0.11979
650.0 1250.0 -0.31587
750.0 1250.0 -0.57212
850.0 1250.0 -0.86084
950.0 1250.0 -1.10004
1050.0 1250.0 -1.04360
1150.0 1250.0 -0.65317
1250.0 1250.0 -0.09532
1350.0 1250.0 0.39313
1450.0 1250.0 0.61035
1550.0 1250.0 0.46497
1650.0 1250.0 0.02186
1750.0 1250.0 -0.52286
1850.0 1250.0 -1.10430
1950.0 1250.0 -1.63122
2050.0 1250.0 -1.97406
2150.0 1250.0 -2.07276
2250.0 1250.0 -1.97866
2350.0 1250.0 -1.82934
2450.0 1250.0 -1.75650
2550.0 1250.0 -1.74723
2650.0 1250.0 -1.72022
2750.0 1250.0 -1.58844
2850.0 1250.0 -1.26938
2950.0 1250.0 -0.75125
3050.0 1250.0 -0.11113
3150.0 1250.0 0.51661
3250.0 1250.0 1.02193
3350.0 1250.0 1.43038
3450.0 1250.0 1.68912
3550.0 1250.0 1.62645
3650.0 1250.0 1.20228
3750.0 1250.0 0.52261
3850.0 1250.0 -0.19812
3950.0 1250.0 -0.71927
4050.0 1250.0 -0.90068
4150.0 1250.0 -0.86181
4250.0 1250.0 -0.78439
4350.0 1250.0 -0.66867
4450.0 1250.0 -0.53597
4550.0 1250.0 -0.41831
4650.0 1250.0 -0.34010
4750.0 1250.0 -0.30843
4850.0 1250.0 -0.31222
4950.0 1250.0 -0.32779
5050.0 1250.0 -0.25936
5150.0 1250.0 -0.05362
5250.0 1250.0 0.17967
5350.0 1250.0 0.29415
5450.0 1250.0 0.19897
5550.0 1250.0 -0.10237
5650.0 1250.0 -0.52653
5750.0 1250.0 -0.97712
5850.0 1250.0 -1.33861
5950.0 1250.0 -1.43577
6050.0 1250.0 -1.23558
6150.0 1250.0 -0.83774
6250.0 1250.0 -0.42160
6350.0 1250.0 -0.17790
50.0 1350.0 0.06447
150.0 1350.0 -0.16193
250.0 1350.0 -0.30943
350.0 1350.0 -0.37304
450.0 1350.0 -0.39536
550.0 1350.0 -0.43561
650.0 1350.0 -0.54449
750.0 1350.0 -0.74490
850.0 1350.0 -1.01849
950.0 1350.0 -1.25443
1050.0 1350.0 -1.18663
1150.0 1350.0 -0.77606
1250.0 1350.0 -0.19431
1350.0 1350.0 0.31522
1450.0 1350.0 0.54549
1550.0 1350.0 0.40321
1650.0 1350.0 -0.04452
1750.0 1350.0 -0.58935
1850.0 1350.0 -1.12449
1950.0 1350.0 -1.55246
2050.0 1350.0 -1.77536
2150.0 1350.0 -1.77459
2250.0 1350.0 -1.63278
2350.0 1350.0 -1.49723
2450.0 1350.0 -1.48485
2550.0 1350.0 -1.55372
2650.0 1350.0 -1.62554
2750.0 1350.0 -1.60598
2850.0 1350.0 -1.38312
2950.0 1350.0 -0.92020
3050.0 1350.0 -0.28833
3150.0 1350.0 0.36342
3250.0 1350.0 0.90050
3350.0 1350.0 1.33465
3450.0 1350.0 1.59090
3550.0 1350.0 1.48826
3650.0 1350.0 1.01037
3750.0 1350.0 0.29534
3850.0 1350.0 -0.41944
3950.0 1350.0 -0.88822
4050.0 1350.0 -0.98367
4150.0 1350.0 -0.84976
4250.0 1350.0 -0.74000
4350.0 1350.0 -0.70462
4450.0 1350.0 -0.72899
4550.0 1350.0 -0.77050
4650.0 1350.0 -0.78064
4750.0 1350.0 -0.72375
4850.0 1350.0 -0.59226
4950.0 1350.0 -0.41586
5050.0 1350.0 -0.16591
5150.0 1350.0 0.16603
5250.0 1350.0 0.43982
5350.0 1350.0 0.51061
5450.0 1350.0 0.32474
5550.0 1350.0 -0.05456
5650.0 1350.0 -0.49174
5750.0 1350.0 -0.89261
5850.0 1350.0 -1.20628
5950.0 1350.0 -1.28715
6050.0 1350.0 -1.10458
6150.0 1350.0 -0.74509
6250.0 1350.0 -0.36659
6350.0 1350.0 -0.13837
50.0 1450.0 -0.24713
150.0 1450.0 -0.51449
250.0 1450.0 -0.66618
350.0 1450.0 -0.67951
450.0 1450.0 -0.60247
550.0 1450.0 -0.51961
650.0 1450.0 -0.51775
750.0 1450.0 -0.65142
850.0 1450.0 -0.90806
950.0 1450.0 -1.14359
1050.0 1450.0 -1.08162
1150.0 1450.0 -0.68639
1250.0 1450.0 -0.12848
1350.0 1450.0 0.35318
1450.0 1450.0 0.55778
1550.0 1450.0 0.39750
1650.0 1450.0 -0.05922
1750.0 1450.0 -0.60202
1850.0 1450.0 -1.08137
1950.0 1450.0 -1.38783
2050.0 1450.0 -1.45503
2150.0 1450.0 -1.31098
2250.0 1450.0 -1.07829
2350.0 1450.0 -0.92270
2450.0 1450.0 -0.94993
2550.0 1450.0 -1.08444
2650.0 1450.0 -1.26785
2750.0 1450.0 -1.41669
2850.0 1450.0 -1.38573
2950.0 1450.0 -1.09296
3050.0 1450.0 -0.57519
3150.0 1450.0 0.02905
3250.0 1450.0 0.56962
3350.0 1450.0 1.02506
3450.0 1450.0 1.30095
3550.0 1450.0 1.22390
3650.0 1450.0 0.79096
3750.0 1450.0 0.14712
3850.0 1450.0 -0.47512
3950.0 1450.0 -0.84471
4050.0 1450.0 -0.84992
4150.0 1450.0 -0.63833
4250.0 1450.0 -0.50621
4350.0 1450.0 -0.54662
4450.0 1450.0 -0.71517
4550.0 1450.0 -0.90537
4650.0 1450.0 -1.00516
4750.0 1450.0 -0.94036
4850.0 1450.0 -0.70475
4950.0 1450.0 -0.37388
5050.0 1450.0 0.02449
5150.0 1450.0 0.46483
5250.0 1450.0 0.78232
5350.0 1450.0 0.83107
5450.0 1450.0 0.58430
5550.0 1450.0 0.15072
5650.0 1450.0 -0.29321
5750.0 1450.0 -0.65358
5850.0 1450.0 -0.93134
5950.0 1450.0 -1.00906
6050.0 1450.0 -0.85815
6150.0 1450.0 -0.55108
6250.0 1450.0 -0.22348
6350.0 1450.0 -0.02267
50.0 1550.0 -0.30504
150.0 1550.0 -0.59297
250.0 1550.0 -0.73271
350.0 1550.0 -0.68931
450.0 1550.0 -0.51869
550.0 1550.0 -0.32830
650.0 1550.0 -0.23416
750.0 1550.0 -0.31417
850.0 1550.0 -0.55774
950.0 1550.0 -0.79559
1050.0 1550.0 -0.75419
1150.0 1550.0 -0.40399
1250.0 1550.0 0.09078
1350.0 1550.0 0.50500
1450.0 1550.0 0.65340
1550.0 1550.0 0.45935
1650.0 1550.0 -0.00851
1750.0 1550.0 -0.54870
1850.0 1550.0 -0.98355
1950.0 1550.0 -1.19203
2050.0 1550.0 -1.12980
2150.0 1550.0 -0.86051
2250.0 1550.0 -0.53970
2350.0 1550.0 -0.35095
2450.0 1550.0 -0.39419
2550.0 1550.0 -0.56806
2650.0 1550.0 -0.84138
2750.0 1550.0 -1.15089
2850.0 1550.0 -1.32449
2950.0 1550.0 -1.23340
3050.0 1550.0 -0.87037
3150.0 1550.0 -0.34911
3250.0 1550.0 0.17487
3350.0 1550.0 0.64300
3450.0 1550.0 0.95106
3550.0 1550.0 0.94467
3650.0 1550.0 0.62295
3750.0 1550.0 0.11627
3850.0 1550.0 -0.36833
3950.0 1550.0 -0.62643
4050.0 1550.0 -0.56025
4150.0 1550.0 -0.30363
4250.0 1550.0 -0.16116
4350.0 1550.0 -0.25128
4450.0 1550.0 -0.51228
4550.0 1550.0 -0.79924
4650.0 1550.0 -0.96117
4750.0 1550.0 -0.89957
4850.0 1550.0 -0.60811
4950.0 1550.0 -0.19006
5050.0 1550.0 0.29214
5150.0 1550.0 0.79325
5250.0 1550.0 1.13448
5350.0 1550.0 1.16955
5450.0 1550.0 0.88721
5550.0 1550.0 0.42212
5650.0 1550.0 -0.02597
5750.0 1550.0 -0.36348
5850.0 1550.0 -0.62383
5950.0 1550.0 -0.71082
6050.0 1550.0 -0.59711
6150.0 1550.0 -0.34349
6250.0 1550.0 -0.06740
6350.0 1550.0 0.10141
50.0 1650.0 -0.07314
150.0 1650.0 -0.36413
250.0 1650.0 -0.48870
350.0 1650.0 -0.40684
450.0 1650.0 -0.18062
550.0 1650.0 0.06937
650.0 1650.0 0.21221
750.0 1650.0 0.15940
850.0 1650.0 -0.07786
950.0 1650.0 -0.31967
1050.0 1650.0 -0.30625
1150.0 1650.0 -0.01538
1250.0 1650.0 0.39797
1350.0 1650.0 0.72698
1450.0 1650.0 0.80620
1550.0 1650.0 0.57248
1650.0 1650.0 0.09379
1750.0 1650.0 -0.44460
1850.0 1650.0 -0.85786
1950.0 1650.0 -1.01823
2050.0 1650.0 -0.89030
2150.0 1650.0 -0.55414
2250.0 1650.0 -0.18185
2350.0 1650.0 0.03256
2450.0 1650.0 -0.00974
2550.0 1650.0 -0.19599
2650.0 1650.0 -0.51939
2750.0 1650.0 -0.93608
2850.0 1650.0 -1.25898
2950.0 1650.0 -1.32602
3050.0 1650.0 -1.09369
3150.0 1650.0 -0.65033
3250.0 1650.0 -0.14935
3350.0 1650.0 0.32289
3450.0 1650.0 0.66368
3550.0 1650.0 0.74075
3650.0 1650.0 0.54730
3750.0 1650.0 0.18846
3850.0 1650.0 -0.16169
3950.0 1650.0 -0.32682
4050.0 1650.0 -0.21870
4150.0 1650.0 0.05076
4250.0 1650.0 0.19447
4350.0 1650.0 0.08744
4450.0 1650.0 -0.20392
4550.0 1650.0 -0.52340
4650.0 1650.0 -0.70824
4750.0 1650.0 -0.65216
4850.0 1650.0 -0.34824
4950.0 1650.0 0.09200
5050.0 1650.0 0.59345
5150.0 1650.0 1.10263
5250.0 1650.0 1.43743
5350.0 1650.0 1.45400
5450.0 1650.0 1.14859
5550.0 1650.0 0.66565
5650.0 1650.0 0.21222
5750.0 1650.0 -0.11992
5850.0 1650.0 -0.37954
5950.0 1650.0 -0.48304
6050.0 1650.0 -0.40359
6150.0 1650.0 -0.19410
6250.0 1650.0 0.03972
6350.0 1650.0 0.17919
50.0 1750.0 0.23815
150.0 1750.0 -0.04685
250.0 1750.0 -0.15592
350.0 1750.0 -0.04699
450.0 1750.0 0.21410
550.0 1750.0 0.49984
650.0 1750.0 0.67203
750.0 1750.0 0.63741
850.0 1750.0 0.40804
950.0 1750.0 0.16692
1050.0 1750.0 0.15643
1150.0 1750.0 0.39124
1250.0 1750.0 0.72583
1350.0 1750.0 0.97216
1450.0 1750.0 0.98508
1550.0 1750.0 0.71530
1650.0 1750.0 0.23014
1750.0 1750.0 -0.30370
1850.0 1750.0 -0.70617
1950.0 1750.0 -0.84725
2050.0 1750.0 -0.69408
2150.0 1750.0 -0.33180
2250.0 1750.0 0.06210
2350.0 1750.0 0.29009
2450.0 1750.0 0.25337
2550.0 1750.0 0.06720
2650.0 1750.0 -0.28097
2750.0 1750.0 -0.76334
2850.0 1750.0 -1.18661
2950.0 1750.0 -1.36793
3050.0 1750.0 -1.23738
3150.0 1750.0 -0.86152
3250.0 1750.0 -0.38782
3350.0 1750.0 0.07886
3450.0 1750.0 0.44368
3550.0 1750.0 0.59742
3650.0 1750.0 0.52691
3750.0 1750.0 0.31092
3850.0 1750.0 0.08934
3950.0 1750.0 0.00957
4050.0 1750.0 0.15012
4150.0 1750.0 0.42229
4250.0 1750.0 0.56449
4350.0 1750.0 0.45053
4450.0 1750.0 0.14666
4550.0 1750.0 -0.18872
4650.0 1750.0 -0.38928
4750.0 1750.0 -0.34513
4850.0 1750.0 -0.04745
4950.0 1750.0 0.39028
5050.0 1750.0 0.88454
5150.0 1750.0 1.37567
5250.0 1750.0 1.68381
5350.0 1750.0 1.67173
5450.0 1750.0 1.34290
5550.0 1750.0 0.84678
5650.0 1750.0 0.39121
5750.0 1750.0 0.06351
5850.0 1750.0 -0.19542
5950.0 1750.0 -0.31157
6050.0 1750.0 -0.25970
6150.0 1750.0 -0.08762
6250.0 1750.0 0.10804
6350.0 1750.0 0.21815
50.0 1850.0 0.34197
150.0 1850.0 0.08918
250.0 1850.0 0.00591
350.0 1850.0 0.13484
450.0 1850.0 0.41459
550.0 1850.0 0.72262
650.0 1850.0 0.92401
750.0 1850.0 0.92596
850.0 1850.0 0.73805
950.0 1850.0 0.53548
1050.0 1850.0 0.53964
1150.0 1850.0 0.75609
1250.0 1850.0 1.04664
1350.0 1850.0 1.24111
1450.0 1850.0 1.21550
1550.0 1850.0 0.93661
1650.0 1850.0 0.47304
1750.0 1850.0 -0.03085
1850.0 1850.0 -0.42409
1950.0 1850.0 -0.58792
2050.0 1850.0 -0.48446
2150.0 1850.0 -0.18267
2250.0 1850.0 0.16060
2350.0 1850.0 0.36487
2450.0 1850.0 0.33525
2550.0 1850.0 0.17107
2650.0 1850.0 -0.14331
2750.0 1850.0 -0.58800
2850.0 1850.0 -0.99070
2950.0 1850.0 -1.18403
3050.0 1850.0 -1.09863
3150.0 1850.0 -0.78685
3250.0 1850.0 -0.37702
3350.0 1850.0 0.03329
3450.0 1850.0 0.36965
3550.0 1850.0 0.55523
3650.0 1850.0 0.58384
3750.0 1850.0 0.51397
3850.0 1850.0 0.44534
3950.0 1850.0 0.48062
4050.0 1850.0 0.67261
4150.0 1850.0 0.95507
4250.0 1850.0 1.09688
4350.0 1850.0 0.96192
4450.0 1850.0 0.61202
4550.0 1850.0 0.21122
4650.0 1850.0 -0.06035
4750.0 1850.0 -0.07603
4850.0 1850.0 0.18433
4950.0 1850.0 0.60119
5050.0 1850.0 1.05955
5150.0 1850.0 1.48471
5250.0 1850.0 1.71336
5350.0 1850.0 1.63454
5450.0 1850.0 1.27169
5550.0 1850.0 0.77965
5650.0 1850.0 0.35663
5750.0 1850.0 0.07263
5850.0 1850.0 -0.14432
5950.0 1850.0 -0.23219
6050.0 1850.0 -0.17763
6150.0 1850.0 -0.03160
6250.0 1850.0 0.11825
6350.0 1850.0 0.18104
50.0 1950.0 0.17410
150.0 1950.0 -0.01030
250.0 1950.0 -0.05930
350.0 1950.0 0.06746
450.0 1950.0 0.32682
550.0 1950.0 0.62183
650.0 1950.0 0.83964
750.0 1950.0 0.89757
850.0 1950.0 0.79747
950.0 1950.0 0.68688
1050.0 1950.0 0.75734
1150.0 1950.0 1.00215
1250.0 1950.0 1.28860
1350.0 1950.0 1.46519
1450.0 1950.0 1.43263
1550.0 1950.0 1.17845
1650.0 1950.0 0.77531
1750.0 1950.0 0.33843
1850.0 1950.0 -0.04019
1950.0 1950.0 -0.26944
2050.0 1950.0 -0.29805
2150.0 1950.0 -0.15411
2250.0 1950.0 0.05718
2350.0 1950.0 0.19742
2450.0 1950.0 0.18076
2550.0 1950.0 0.06935
2650.0 1950.0 -0.13226
2750.0 1950.0 -0.40277
2850.0 1950.0 -0.62825
2950.0 1950.0 -0.70507
3050.0 1950.0 -0.59876
3150.0 1950.0 -0.35522
3250.0 1950.0 -0.06434
3350.0 1950.0 0.21678
3450.0 1950.0 0.44384
3550.0 1950.0 0.58113
3650.0 1950.0 0.65010
3750.0 1950.0 0.70302
3850.0 1950.0 0.79743
3950.0 1950.0 0.97416
4050.0 1950.0 1.23888
4150.0 1950.0 1.54247
4250.0 1950.0 1.69136
4350.0 1950.0 1.53247
4450.0 1950.0 1.11604
4550.0 1950.0 0.61097
4650.0 1950.0 0.21835
4750.0 1950.0 0.09414
4850.0 1950.0 0.28087
4950.0 1950.0 0.65162
5050.0 1950.0 1.03628
5150.0 1950.0 1.33676
5250.0 1950.0 1.42636
5350.0 1950.0 1.24525
5450.0 1950.0 0.85060
5550.0 1950.0 0.39937
5650.0 1950.0 0.06359
5750.0 1950.0 -0.12015
5850.0 1950.0 -0.23631
5950.0 1950.0 -0.23779
6050.0 1950.0 -0.13783
6150.0 1950.0 -0.00216
6250.0 1950.0 0.09050
6350.0 1950.0 0.08004
50.0 2050.0 -0.16198
150.0 2050.0 -0.25264
250.0 2050.0 -0.26946
350.0 2050.0 -0.17797
450.0 2050.0 0.01005
550.0 2050.0 0.24357
650.0 2050.0 0.45090
750.0 2050.0 0.56993
850.0 2050.0 0.59008
950.0 2050.0 0.61053
1050.0 2050.0 0.78118
1150.0 2050.0 1.07967
1250.0 2050.0 1.37883
1350.0 2050.0 1.54940
1450.0 2050.0 1.52255
1550.0 2050.0 1.31213
1650.0 2050.0 0.99670
1750.0 2050.0 0.65556
1850.0 2050.0 0.30576
1950.0 2050.0 0.00239
2050.0 2050.0 -0.18703
2150.0 2050.0 -0.23852
2250.0 2050.0 -0.19078
2350.0 2050.0 -0.12737
2450.0 2050.0 -0.12166
2550.0 2050.0 -0.15780
2650.0 2050.0 -0.19367
2750.0 2050.0 -0.20256
2850.0 2050.0 -0.15497
2950.0 2050.0 -0.04237
3050.0 2050.0 0.11459
3150.0 2050.0 0.27471
3250.0 2050.0 0.40169
3350.0 2050.0 0.49881
3450.0 2050.0 0.54816
3550.0 2050.0 0.55547
3650.0 2050.0 0.58735
3750.0 2050.0 0.70756
3850.0 2050.0 0.93899
3950.0 2050.0 1.25502
4050.0 2050.0 1.60030
4150.0 2050.0 1.93294
4250.0 2050.0 2.10239
4350.0 2050.0 1.94080
4450.0 2050.0 1.47985
4550.0 2050.0 0.88489
4650.0 2050.0 0.37316
4750.0 2050.0 0.13065
4850.0 2050.0 0.22739
4950.0 2050.0 0.53419
5050.0 2050.0 0.82085
5150.0 2050.0 0.96569
5250.0 2050.0 0.89308
5350.0 2050.0 0.60847
5450.0 2050.0 0.20714
5550.0 2050.0 -0.15952
5650.0 2050.0 -0.36018
5750.0 2050.0 -0.40081
5850.0 2050.0 -0.37253
5950.0 2050.0 -0.24470
6050.0 2050.0 -0.06805
6150.0 2050.0 0.06831
6250.0 2050.0 0.09475
6350.0 2050.0 -0.00866
50.0 2150.0 -0.49055
150.0 2150.0 -0.48362
250.0 2150.0 -0.48052
350.0 2150.0 -0.45532
450.0 2150.0 -0.38131
550.0 2150.0 -0.25178
650.0 2150.0 -0.08557
750.0 2150.0 0.08274
850.0 2150.0 0.22793
950.0 2150.0 0.38773
1050.0 2150.0 0.66033
1150.0 2150.0 1.00528
1250.0 2150.0 1.30310
1350.0 2150.0 1.45171
1450.0 2150.0 1.41844
1550.0 2150.0 1.24771
1650.0 2150.0 1.02425
1750.0 2150.0 0.78728
1850.0 2150.0 0.48390
1950.0 2150.0 0.13650
2050.0 2150.0 -0.17503
2150.0 2150.0 -0.38220
2250.0 2150.0 -0.46507
2350.0 2150.0 -0.45748
2450.0 2150.0 -0.42011
2550.0 2150.0 -0.37624
2650.0 2150.0 -0.24188
2750.0 2150.0 0.01186
2850.0 2150.0 0.32633
2950.0 2150.0 0.61388
3050.0 2150.0 0.80140
3150.0 2150.0 0.85765
3250.0 2150.0 0.80451
3350.0 2150.0 0.70378
3450.0 2150.0 0.54767
3550.0 2150.0 0.37478
3650.0 2150.0 0.30410
3750.0 2150.0 0.42520
3850.0 2150.0 0.74059
3950.0 2150.0 1.16498
4050.0 2150.0 1.58150
4150.0 2150.0 1.94486
4250.0 2150.0 2.14916
4350.0 2150.0 2.02258
4450.0 2150.0 1.57437
4550.0 2150.0 0.95339
4650.0 2150.0 0.37773
4750.0 2150.0 0.05157
4850.0 2150.0 0.06931
4950.0 2150.0 0.30929
5050.0 2150.0 0.49757
5150.0 2150.0 0.49717
5250.0 2150.0 0.28638
5350.0 2150.0 -0.06673
5450.0 2150.0 -0.43600
5550.0 2150.0 -0.68473
5650.0 2150.0 -0.72896
5750.0 2150.0 -0.61525
5850.0 2150.0 -0.43232
5950.0 2150.0 -0.16542
6050.0 2150.0 0.09463
6150.0 2150.0 0.23343
6250.0 2150.0 0.19072
6350.0 2150.0 -0.01089
50.0 2250.0 -0.64319
150.0 2250.0 -0.55761
250.0 2250.0 -0.55122
350.0 2250.0 -0.60733
450.0 2250.0 -0.66269
550.0 2250.0 -0.65467
650.0 2250.0 -0.55006
750.0 2250.0 -0.35552
850.0 2250.0 -0.10965
950.0 2250.0 0.16398
1050.0 2250.0 0.50803
1150.0 2250.0 0.86369
1250.0 2250.0 1.12231
1350.0 2250.0 1.21301
1450.0 2250.0 1.14242
1550.0 2250.0 0.98657
1650.0 2250.0 0.83488
1750.0 2250.0 0.68687
1850.0 2250.0 0.44290
1950.0 2250.0 0.10594
2050.0 2250.0 -0.24054
2150.0 2250.0 -0.50595
2250.0 2250.0 -0.63825
2350.0 2250.0 -0.64190
2450.0 2250.0 -0.56788
2550.0 2250.0 -0.45875
2650.0 2250.0 -0.19912
2750.0 2250.0 0.23332
2850.0 2250.0 0.71150
2950.0 2250.0 1.08065
3050.0 2250.0 1.23899
3150.0 2250.0 1.17497
3250.0 2250.0 0.96092
3350.0 2250.0 0.69475
3450.0 2250.0 0.35770
3550.0 2250.0 0.00782
3650.0 2250.0 -0.18971
3750.0 2250.0 -0.11485
3850.0 2250.0 0.22897
3950.0 2250.0 0.71655
4050.0 2250.0 1.18242
4150.0 2250.0 1.57132
4250.0 2250.0 1.81907
4350.0 2250.0 1.76435
4450.0 2250.0 1.39480
4550.0 2250.0 0.83128
4650.0 2250.0 0.27404
4750.0 2250.0 -0.07330
4850.0 2250.0 -0.10180
4950.0 2250.0 0.08437
5050.0 2250.0 0.19743
5150.0 2250.0 0.09796
5250.0 2250.0 -0.19167
5350.0 2250.0 -0.55867
5450.0 2250.0 -0.86129
5550.0 2250.0 -0.98395
5650.0 2250.0 -0.88596
5750.0 2250.0 -0.64265
5850.0 2250.0 -0.33215
5950.0 2250.0 0.04674
6050.0 2250.0 0.36985
6150.0 2250.0 0.50299
6250.0 2250.0 0.39546
6350.0 2250.0 0.10692
50.0 2350.0 -0.52266
150.0 2350.0 -0.39260
250.0 2350.0 -0.39685
350.0 2350.0 -0.52613
450.0 2350.0 -0.69120
550.0 2350.0 -0.78867
650.0 2350.0 -0.74668
750.0 2350.0 -0.55049
850.0 2350.0 -0.24782
950.0 2350.0 0.09028
1050.0 2350.0 0.45530
1150.0 2350.0 0.77204
1250.0 2350.0 0.94550
1350.0 2350.0 0.93739
1450.0 2350.0 0.79269
1550.0 2350.0 0.61629
1650.0 2350.0 0.49974
1750.0 2350.0 0.40766
1850.0 2350.0 0.22560
1950.0 2350.0 -0.04506
2050.0 2350.0 -0.32734
2150.0 2350.0 -0.53651
2250.0 2350.0 -0.62269
2350.0 2350.0 -0.58813
2450.0 2350.0 -0.47912
2550.0 2350.0 -0.33318
2650.0 2350.0 -0.02471
2750.0 2350.0 0.45131
2850.0 2350.0 0.93487
2950.0 2350.0 1.25150
3050.0 2350.0 1.30605
3150.0 2350.0 1.11674
3250.0 2350.0 0.78922
3350.0 2350.0 0.42373
3450.0 2350.0 -0.02640
3550.0 2350.0 -0.49620
3650.0 2350.0 -0.79154
3750.0 2350.0 -0.76950
3850.0 2350.0 -0.43105
3950.0 2350.0 0.07965
4050.0 2350.0 0.56956
4150.0 2350.0 0.97400
4250.0 2350.0 1.26416
4350.0 2350.0 1.30111
4450.0 2350.0 1.05622
4550.0 2350.0 0.61736
4650.0 2350.0 0.15293
4750.0 2350.0 -0.15168
4850.0 2350.0 -0.18544
4950.0 2350.0 -0.02931
5050.0 2350.0 0.04591
5150.0 2350.0 -0.08967
5250.0 2350.0 -0.38824
5350.0 2350.0 -0.71814
5450.0 2350.0 -0.93896
5550.0 2350.0 -0.95708
5650.0 2350.0 -0.76165
5750.0 2350.0 -0.43990
5850.0 2350.0 -0.05566
5950.0 2350.0 0.38189
6050.0 2350.0 0.72863
6150.0 2350.0 0.84135
6250.0 2350.0 0.67899
6350.0 2350.0 0.32691
50.0 2450.0 -0.15087
150.0 2450.0 -0.01030
250.0 2450.0 -0.03174
350.0 2450.0 -0.21033
450.0 2450.0 -0.44437
550.0 2450.0 -0.61004
650.0 2450.0 -0.61555
750.0 2450.0 -0.43448
850.0 2450.0 -0.11853
950.0 2450.0 0.23360
1050.0 2450.0 0.57150
1150.0 2450.0 0.80672
1250.0 2450.0 0.85946
1350.0 2450.0 0.72271
1450.0 2450.0 0.47589
1550.0 2450.0 0.24798
1650.0 2450.0 0.13009
1750.0 2450.0 0.05867
1850.0 2450.0 -0.06835
1950.0 2450.0 -0.23634
2050.0 2450.0 -0.38209
2150.0 2450.0 -0.44893
2250.0 2450.0 -0.41701
2350.0 2450.0 -0.30906
2450.0 2450.0 -0.17147
2550.0 2450.0 -0.01779
2650.0 2450.0 0.26576
2750.0 2450.0 0.65863
2850.0 2450.0 1.00288
2950.0 2450.0 1.14927
3050.0 2450.0 1.04088
3150.0 2450.0 0.73231
3250.0 2450.0 0.34414
3350.0 2450.0 -0.05164
3450.0 2450.0 -0.53690
3550.0 2450.0 -1.04693
3650.0 2450.0 -1.37864
3750.0 2450.0 -1.38070
3850.0 2450.0 -1.05136
3950.0 2450.0 -0.53876
4050.0 2450.0 -0.04358
4150.0 2450.0 0.36619
4250.0 2450.0 0.69031
4350.0 2450.0 0.81762
4450.0 2450.0 0.71034
4550.0 2450.0 0.42541
4650.0 2450.0 0.09437
4750.0 2450.0 -0.12601
4850.0 2450.0 -0.13253
4950.0 2450.0 0.01729
5050.0 2450.0 0.08981
5150.0 2450.0 -0.02853
5250.0 2450.0 -0.28334
5350.0 2450.0 -0.54686
5450.0 2450.0 -0.69205
5550.0 2450.0 -0.64325
5650.0 2450.0 -0.40339
5750.0 2450.0 -0.05687
5850.0 2450.0 0.34548
5950.0 2450.0 0.78674
6050.0 2450.0 1.11677
6150.0 2450.0 1.19433
6250.0 2450.0 0.98799
6350.0 2450.0 0.59699
50.0 2550.0 0.30437
150.0 2550.0 0.44298
250.0 2550.0 0.40672
350.0 2550.0 0.19700
450.0 2550.0 -0.07999
550.0 2550.0 -0.29116
650.0 2550.0 -0.33432
750.0 2550.0 -0.17576
850.0 2550.0 0.13229
950.0 2550.0 0.47415
1050.0 2550.0 0.76403
1150.0 2550.0 0.90294
1250.0 2550.0 0.82660
1350.0 2550.0 0.55702
1450.0 2550.0 0.20397
1550.0 2550.0 -0.08379
1650.0 2550.0 -0.21728
1750.0 2550.0 -0.28348
1850.0 2550.0 -0.36129
1950.0 2550.0 -0.41721
2050.0 2550.0 -0.40366
2150.0 2550.0 -0.29937
2250.0 2550.0 -0.12443
2350.0 2550.0 0.06941
2450.0 2550.0 0.23330
2550.0 2550.0 0.38377
2650.0 2550.0 0.61123
2750.0 2550.0 0.86563
2850.0 2550.0 1.00693
2950.0 2550.0 0.93140
3050.0 2550.0 0.63476
3150.0 2550.0 0.21119
3250.0 2550.0 -0.21204
3350.0 2550.0 -0.60489
3450.0 2550.0 -1.08516
3550.0 2550.0 -1.58995
3650.0 2550.0 -1.91751
3750.0 2550.0 -1.91760
3850.0 2550.0 -1.58856
3950.0 2550.0 -1.07757
4050.0 2550.0 -0.58398
4150.0 2550.0 -0.17424
4250.0 2550.0 0.17607
4350.0 2550.0 0.38276
4450.0 2550.0 0.40259
4550.0 2550.0 0.26566
4650.0 2550.0 0.06864
4750.0 2550.0 -0.06130
4850.0 2550.0 -0.03181
4950.0 2550.0 0.12062
5050.0 2550.0 0.20356
5150.0 2550.0 0.12126
5250.0 2550.0 -0.07278
5350.0 2550.0 -0.26305
5450.0 2550.0 -0.33962
5550.0 2550.0 -0.24223
5650.0 2550.0 0.01924
5750.0 2550.0 0.36864
5850.0 2550.0 0.76702
5950.0 2550.0 1.19172
6050.0 2550.0 1.49254
6150.0 2550.0 1.53425
6250.0 2550.0 1.29401
6350.0 2550.0 0.87887
50.0 2650.0 0.62475
150.0 2650.0 0.77248
250.0 2650.0 0.75485
350.0 2650.0 0.56393
450.0 2650.0 0.29141
550.0 2650.0 0.06176
650.0 2650.0 -0.02083
750.0 2650.0 0.08815
850.0 2650.0 0.34794
950.0 2650.0 0.63961
1050.0 2650.0 0.85977
1150.0 2650.0 0.91137
1250.0 2650.0 0.74568
1350.0 2650.0 0.40130
1450.0 2650.0 -0.00227
1550.0 2650.0 -0.31667
1650.0 2650.0 -0.46208
1750.0 2650.0 -0.53170
1850.0 2650.0 -0.57252
1950.0 2650.0 -0.52963
2050.0 2650.0 -0.36551
2150.0 2650.0 -0.09031
2250.0 2650.0 0.23598
2350.0 2650.0 0.52889
2450.0 2650.0 0.73235
2550.0 2650.0 0.88890
2650.0 2650.0 1.04234
2750.0 2650.0 1.10441
2850.0 2650.0 0.97034
2950.0 2650.0 0.60812
3050.0 2650.0 0.08815
3150.0 2650.0 -0.44621
3250.0 2650.0 -0.86731
3350.0 2650.0 -1.20605
3450.0 2650.0 -1.61663
3550.0 2650.0 -2.03875
3650.0 2650.0 -2.28976
3750.0 2650.0 -2.23801
3850.0 2650.0 -1.88904
3950.0 2650.0 -1.38300
4050.0 2650.0 -0.90370
4150.0 2650.0 -0.50661
4250.0 2650.0 -0.15639
4350.0 2650.0 0.07644
4450.0 2650.0 0.14780
4550.0 2650.0 0.07596
4650.0 2650.0 -0.05971
4750.0 2650.0 -0.14814
4850.0 2650.0 -0.10436
4950.0 2650.0 0.04489
5050.0 2650.0 0.13346
5150.0 2650.0 0.08240
5250.0 2650.0 -0.05428
5350.0 2650.0 -0.17215
5450.0 2650.0 -0.17839
5550.0 2650.0 -0.02931
5650.0 2650.0 0.25658
5750.0 2650.0 0.61073
5850.0 2650.0 1.01088
5950.0 2650.0 1.43767
6050.0 2650.0 1.74396
6150.0 2650.0 1.79680
6250.0 2650.0 1.57321
6350.0 2650.0 1.17758
50.0 2750.0 0.69320
150.0 2750.0 0.86795
250.0 2750.0 0.92173
350.0 2750.0 0.82786
450.0 2750.0 0.63371
550.0 2750.0 0.42730
650.0 2750.0 0.30183
750.0 2750.0 0.31837
850.0 2750.0 0.46653
950.0 2750.0 0.64622
1050.0 2750.0 0.76790
1150.0 2750.0 0.75742
1250.0 2750.0 0.57994
1350.0 2750.0 0.26778
1450.0 2750.0 -0.08584
1550.0 2750.0 -0.36718
1650.0 2750.0 -0.51649
1750.0 2750.0 -0.60411
1850.0 2750.0 -0.63885
1950.0 2750.0 -0.54491
2050.0 2750.0 -0.28214
2150.0 2750.0 0.12276
2250.0 2750.0 0.57964
2350.0 2750.0 0.97239
2450.0 2750.0 1.23069
2550.0 2750.0 1.40986
2650.0 2750.0 1.48031
2750.0 2750.0 1.31155
2850.0 2750.0 0.85561
2950.0 2750.0 0.17851
3050.0 2750.0 -0.55726
3150.0 2750.0 -1.15704
3250.0 2750.0 -1.50499
3350.0 2750.0 -1.70959
3450.0 2750.0 -1.95694
3550.0 2750.0 -2.19599
3650.0 2750.0 -2.28878
3750.0 2750.0 -2.14299
3850.0 2750.0 -1.77400
3950.0 2750.0 -1.29870
4050.0 2750.0 -0.86113
4150.0 2750.0 -0.49688
4250.0 2750.0 -0.18581
4350.0 2750.0 -0.00406
4450.0 2750.0 0.01028
4550.0 2750.0 -0.11506
4650.0 2750.0 -0.29308
4750.0 2750.0 -0.40998
4850.0 2750.0 -0.38349
4950.0 2750.0 -0.24663
5050.0 2750.0 -0.16293
5150.0 2750.0 -0.19926
5250.0 2750.0 -0.29826
5350.0 2750.0 -0.36180
5450.0 2750.0 -0.31015
5550.0 2750.0 -0.11472
5650.0 2750.0 0.19606
5750.0 2750.0 0.55802
5850.0 2750.0 0.96709
5950.0 2750.0 1.41641
6050.0 2750.0 1.76644
6150.0 2750.0 1.88389
6250.0 2750.0 1.73675
6350.0 2750.0 1.41474
50.0 2850.0 0.51172
150.0 2850.0 0.72763
250.0 2850.0 0.89443
350.0 2850.0 0.95918
450.0 2850.0 0.90145
550.0 2850.0 0.75081
650.0 2850.0 0.57934
750.0 2850.0 0.46927
850.0 2850.0 0.45558
950.0 2850.0 0.47541
1050.0 2850.0 0.48287
1150.0 2850.0 0.44514
1250.0 2850.0 0.33758
1350.0 2850.0 0.16347
1450.0 2850.0 -0.04362
1550.0 2850.0 -0.23498
1650.0 2850.0 -0.37940
1750.0 2850.0 -0.49846
1850.0 2850.0 -0.56808
1950.0 2850.0 -0.49821
2050.0 2850.0 -0.23065
2150.0 2850.0 0.21493
2250.0 2850.0 0.73908
2350.0 2850.0 1.20442
2450.0 2850.0 1.52144
2550.0 2850.0 1.73846
2650.0 2850.0 1.74483
2750.0 2850.0 1.37836
2850.0 2850.0 0.65708
2950.0 2850.0 -0.25465
3050.0 2850.0 -1.11252
3150.0 2850.0 -1.68721
3250.0 2850.0 -1.88769
3350.0 2850.0 -1.89480
3450.0 2850.0 -1.91582
3550.0 2850.0 -1.92151
3650.0 2850.0 -1.83605
3750.0 2850.0 -1.61320
3850.0 2850.0 -1.26849
3950.0 2850.0 -0.87314
4050.0 2850.0 -0.50962
4150.0 2850.0 -0.19465
4250.0 2850.0 0.04953
4350.0 2850.0 0.12855
4450.0 2850.0 0.01498
4550.0 2850.0 -0.24024
4650.0 2850.0 -0.52691
4750.0 2850.0 -0.71697
4850.0 2850.0 -0.72848
4950.0 2850.0 -0.61106
5050.0 2850.0 -0.54408
5150.0 2850.0 -0.59044
5250.0 2850.0 -0.68690
5350.0 2850.0 -0.73374
5450.0 2850.0 -0.65576
5550.0 2850.0 -0.43341
5650.0 2850.0 -0.10401
5750.0 2850.0 0.26743
5850.0 2850.0 0.68745
5950.0 2850.0 1.16179
6050.0 2850.0 1.56192
6150.0 2850.0 1.75687
6250.0 2850.0 1.70538
6350.0 2850.0 1.47939
50.0 2950.0 0.18463
150.0 2950.0 0.44604
250.0 2950.0 0.73848
350.0 2950.0 0.98042
450.0 2950.0 1.07642
550.0 2950.0 0.99094
650.0 2950.0 0.77198
750.0 2950.0 0.52445
850.0 2950.0 0.33328
950.0 2950.0 0.17983
1050.0 2950.0 0.07774
1150.0 2950.0 0.04362
1250.0 2950.0 0.05868
1350.0 2950.0 0.08393
1450.0 2950.0 0.07630
1550.0 2950.0 0.00557
1650.0 2950.0 -0.12788
1750.0 2950.0 -0.28513
1850.0 2950.0 -0.42466
1950.0 2950.0 -0.45254
2050.0 2950.0 -0.28059
2150.0 2950.0 0.10182
2250.0 2950.0 0.61024
2350.0 2950.0 1.10204
2450.0 2950.0 1.46792
2550.0 2950.0 1.73037
2650.0 2950.0 1.71372
2750.0 2950.0 1.24582
2850.0 2950.0 0.40296
2950.0 2950.0 -0.57982
3050.0 2950.0 -1.41212
3150.0 2950.0 -1.85983
3250.0 2950.0 -1.86539
3350.0 2950.0 -1.65545
3450.0 2950.0 -1.44540
3550.0 2950.0 -1.24170
3650.0 2950.0 -1.03216
3750.0 2950.0 -0.80569
3850.0 2950.0 -0.55898
3950.0 2950.0 -0.29777
4050.0 2950.0 -0.03260
4150.0 2950.0 0.22735
4250.0 2950.0 0.40040
4350.0 2950.0 0.37350
4450.0 2950.0 0.13047
4550.0 2950.0 -0.25459
4650.0 2950.0 -0.64899
4750.0 2950.0 -0.91159
4850.0 2950.0 -0.96168
4950.0 2950.0 -0.86550
5050.0 2950.0 -0.82370
5150.0 2950.0 -0.90364
5250.0 2950.0 -1.03483
5350.0 2950.0 -1.10820
5450.0 2950.0 -1.04301
5550.0 2950.0 -0.82035
5650.0 2950.0 -0.48324
5750.0 2950.0 -0.10283
5850.0 2950.0 0.32387
5950.0 2950.0 0.80546
6050.0 2950.0 1.22531
6150.0 2950.0 1.46189
6250.0 2950.0 1.47392
6350.0 2950.0 1.32322
50.0 3050.0 -0.12200
150.0 3050.0 0.17779
250.0 3050.0 0.57475
350.0 3050.0 0.96242
450.0 3050.0 1.18220
550.0 3050.0 1.14465
650.0 3050.0 0.87894
750.0 3050.0 0.51052
850.0 3050.0 0.16681
950.0 3050.0 -0.13389
1050.0 3050.0 -0.32314
1150.0 3050.0 -0.34037
1250.0 3050.0 -0.20157
1350.0 3050.0 0.01384
1450.0 3050.0 0.19266
1550.0 3050.0 0.23407
1650.0 3050.0 0.11230
1750.0 3050.0 -0.08036
1850.0 3050.0 -0.30346
1950.0 3050.0 -0.46864
2050.0 3050.0 -0.45439
2150.0 3050.0 -0.20717
2250.0 3050.0 0.22035
2350.0 3050.0 0.69468
2450.0 3050.0 1.09055
2550.0 3050.0 1.39524
2650.0 3050.0 1.39985
2750.0 3050.0 0.94528
2850.0 3050.0 0.14536
2950.0 3050.0 -0.73677
3050.0 3050.0 -1.40907
3150.0 3050.0 -1.66224
3250.0 3050.0 -1.47260
3350.0 3050.0 -1.07726
3450.0 3050.0 -0.69020
3550.0 3050.0 -0.36250
3650.0 3050.0 -0.13099
3750.0 3050.0 0.00352
3850.0 3050.0 0.08273
3950.0 3050.0 0.17487
4050.0 3050.0 0.33598
4150.0 3050.0 0.54815
4250.0 3050.0 0.67052
4350.0 3050.0 0.58299
4450.0 3050.0 0.27696
4550.0 3050.0 -0.16373
4650.0 3050.0 -0.60012
4750.0 3050.0 -0.89086
4850.0 3050.0 -0.96035
4950.0 3050.0 -0.88134
5050.0 3050.0 -0.86613
5150.0 3050.0 -0.99149
5250.0 3050.0 -1.18020
5350.0 3050.0 -1.30952
5450.0 3050.0 -1.28618
5550.0 3050.0 -1.08494
5650.0 3050.0 -0.75068
5750.0 3050.0 -0.36370
5850.0 3050.0 0.06117
5950.0 3050.0 0.52051
6050.0 3050.0 0.90752
6150.0 3050.0 1.11847
6250.0 3050.0 1.12635
6350.0 3050.0 0.99756
50.0 3150.0 -0.24509
150.0 3150.0 0.07726
250.0 3150.0 0.53203
350.0 3150.0 0.99613
450.0 3150.0 1.27411
550.0 3150.0 1.24730
650.0 3150.0 0.93759
750.0 3150.0 0.48594
850.0 3150.0 0.04555
950.0 3150.0 -0.34710
1050.0 3150.0 -0.59271
1150.0 3150.0 -0.60392
1250.0 3150.0 -0.39426
1350.0 3150.0 -0.06691
1450.0 3150.0 0.22278
1550.0 3150.0 0.33106
1650.0 3150.0 0.21581
1750.0 3150.0 -0.00087
1850.0 3150.0 -0.29295
1950.0 3150.0 -0.58191
2050.0 3150.0 -0.72004
2150.0 3150.0 -0.61496
2250.0 3150.0 -0.28598
2350.0 3150.0 0.14883
2450.0 3150.0 0.55493
2550.0 3150.0 0.88887
2650.0 3150.0 0.94266
2750.0 3150.0 0.58419
2850.0 3150.0 -0.06012
2950.0 3150.0 -0.73801
3050.0 3150.0 -1.18962
3150.0 3150.0 -1.24635
3250.0 3150.0 -0.91032
3350.0 3150.0 -0.40020
3450.0 3150.0 0.07296
3550.0 3150.0 0.41361
3650.0 3150.0 0.56081
3750.0 3150.0 0.52742
3850.0 3150.0 0.40502
3950.0 3150.0 0.32872
4050.0 3150.0 0.40188
4150.0 3150.0 0.58371
4250.0 3150.0 0.69233
4350.0 3150.0 0.61956
4450.0 3150.0 0.35786
4550.0 3150.0 -0.02039
4650.0 3150.0 -0.39510
4750.0 3150.0 -0.64404
4850.0 3150.0 -0.70175
4950.0 3150.0 -0.63156
5050.0 3150.0 -0.63641
5150.0 3150.0 -0.80165
5250.0 3150.0 -1.04548
5350.0 3150.0 -1.23273
5450.0 3150.0 -1.25692
5550.0 3150.0 -1.08408
5650.0 3150.0 -0.75816
5750.0 3150.0 -0.36790
5850.0 3150.0 0.04604
5950.0 3150.0 0.45460
6050.0 3150.0 0.75664
6150.0 3150.0 0.87216
6250.0 3150.0 0.80154
6350.0 3150.0 0.63120
50.0 3250.0 -0.11332
150.0 3250.0 0.21420
250.0 3250.0 0.67551
350.0 3250.0 1.14005
450.0 3250.0 1.40447
550.0 3250.0 1.34794
650.0 3250.0 0.99765
750.0 3250.0 0.50450
850.0 3250.0 0.02905
950.0 3250.0 -0.39569
1050.0 3250.0 -0.67109
1150.0 3250.0 -0.70375
1250.0 3250.0 -0.50263
1350.0 3250.0 -0.17153
1450.0 3250.0 0.12799
1550.0 3250.0 0.24319
1650.0 3250.0 0.12620
1750.0 3250.0 -0.09995
1850.0 3250.0 -0.42772
1950.0 3250.0 -0.78669
2050.0 3250.0 -1.01631
2150.0 3250.0 -1.00218
2250.0 3250.0 -0.74230
2350.0 3250.0 -0.34227
2450.0 3250.0 0.06084
2550.0 3250.0 0.40753
2650.0 3250.0 0.51409
2750.0 3250.0 0.27660
2850.0 3250.0 -0.18532
2950.0 3250.0 -0.65180
3050.0 3250.0 -0.90734
3150.0 3250.0 -0.82250
3250.0 3250.0 -0.41267
3350.0 3250.0 0.13440
3450.0 3250.0 0.60489
3550.0 3250.0 0.86667
3650.0 3250.0 0.85897
3750.0 3250.0 0.62658
3850.0 3250.0 0.31123
3950.0 3250.0 0.09725
4050.0 3250.0 0.11124
4150.0 3250.0 0.28244
4250.0 3250.0 0.41465
4350.0 3250.0 0.42983
4450.0 3250.0 0.31502
4550.0 3250.0 0.11104
4650.0 3250.0 -0.10429
4750.0 3250.0 -0.24551
4850.0 3250.0 -0.26161
4950.0 3250.0 -0.19132
5050.0 3250.0 -0.20533
5150.0 3250.0 -0.39211
5250.0 3250.0 -0.66805
5350.0 3250.0 -0.89106
5450.0 3250.0 -0.94641
5550.0 3250.0 -0.79378
5650.0 3250.0 -0.47534
5750.0 3250.0 -0.08463
5850.0 3250.0 0.31214
5950.0 3250.0 0.65276
6050.0 3250.0 0.83735
6150.0 3250.0 0.81125
6250.0 3250.0 0.60956
6350.0 3250.0 0.34908
50.0 3350.0 0.14503
150.0 3350.0 0.46750
250.0 3350.0 0.90973
350.0 3350.0 1.33890
450.0 3350.0 1.55799
550.0 3350.0 1.45651
650.0 3350.0 1.07176
750.0 3350.0 0.56055
850.0 3350.0 0.08145
950.0 3350.0 -0.34551
1050.0 3350.0 -0.63781
1150.0 3350.0 -0.70673
1250.0 3350.0 -0.55578
1350.0 3350.0 -0.27756
1450.0 3350.0 -0.02139
1550.0 3350.0 0.06852
1650.0 3350.0 -0.05590
1750.0 3350.0 -0.28498
1850.0 3350.0 -0.62829
1950.0 3350.0 -1.02063
2050.0 3350.0 -1.29661
2150.0 3350.0 -1.33151
2250.0 3350.0 -1.11205
2350.0 3350.0 -0.73593
2450.0 3350.0 -0.33990
2550.0 3350.0 0.01057
2650.0 3350.0 0.16323
2750.0 3350.0 0.03886
2850.0 3350.0 -0.25650
2950.0 3350.0 -0.53935
3050.0 3350.0 -0.63710
3150.0 3350.0 -0.45330
3250.0 3350.0 -0.00973
3350.0 3350.0 0.53713
3450.0 3350.0 0.96500
3550.0 3350.0 1.11038
3650.0 3350.0 0.92367
3750.0 3350.0 0.48811
3850.0 3350.0 -0.00680
3950.0 3350.0 -0.33798
4050.0 3350.0 -0.36752
4150.0 3350.0 -0.19772
4250.0 3350.0 -0.02443
4350.0 3350.0 0.11317
4450.0 3350.0 0.19362
4550.0 3350.0 0.21659
4650.0 3350.0 0.20655
4750.0 3350.0 0.20384
4850.0 3350.0 0.24306
4950.0 3350.0 0.31725
5050.0 3350.0 0.29978
5150.0 3350.0 0.10284
5250.0 3350.0 -0.18981
5350.0 3350.0 -0.43287
5450.0 3350.0 -0.50715
5550.0 3350.0 -0.36824
5650.0 3350.0 -0.05644
5750.0 3350.0 0.33239
5850.0 3350.0 0.70914
5950.0 3350.0 0.97735
6050.0 3350.0 1.03647
6150.0 3350.0 0.85641
6250.0 3350.0 0.50800
6350.0 3350.0 0.14101
50.0 3450.0 0.26780
150.0 3450.0 0.55538
250.0 3450.0 0.95756
350.0 3450.0 1.35256
450.0 3450.0 1.55687
550.0 3450.0 1.46555
650.0 3450.0 1.10995
750.0 3450.0 0.63286
850.0 3450.0 0.18107
950.0 3450.0 -0.22269
1050.0 3450.0 -0.49756
1150.0 3450.0 -0.56468
1250.0 3450.0 -0.43355
1350.0 3450.0 -0.19411
1450.0 3450.0 0.01561
1550.0 3450.0 0.06629
1650.0 3450.0 -0.08150
1750.0 3450.0 -0.32753
1850.0 3450.0 -0.69303
1950.0 3450.0 -1.11341
2050.0 3450.0 -1.41947
2150.0 3450.0 -1.48171
2250.0 3450.0 -1.28342
2350.0 3450.0 -0.92143
2450.0 3450.0 -0.53441
2550.0 3450.0 -0.18806
2650.0 3450.0 -0.00455
2750.0 3450.0 -0.04139
2850.0 3450.0 -0.20233
2950.0 3450.0 -0.33354
3050.0 3450.0 -0.29890
3150.0 3450.0 -0.03119
3250.0 3450.0 0.44080
3350.0 3450.0 0.98587
3450.0 3450.0 1.36273
3550.0 3450.0 1.37040
3650.0 3450.0 0.97163
3750.0 3450.0 0.29430
3850.0 3450.0 -0.41592
3950.0 3450.0 -0.88973
4050.0 3450.0 -0.97515
4150.0 3450.0 -0.81127
4250.0 3450.0 -0.59159
4350.0 3450.0 -0.30760
4450.0 3450.0 0.00819
4550.0 3450.0 0.30444
4650.0 3450.0 0.54004
4750.0 3450.0 0.70037
4850.0 3450.0 0.80045
4950.0 3450.0 0.87270
5050.0 3450.0 0.84497
5150.0 3450.0 0.62958
5250.0 3450.0 0.30801
5350.0 3450.0 0.02743
5450.0 3450.0 -0.08749
5550.0 3450.0 0.01471
5650.0 3450.0 0.29895
5750.0 3450.0 0.66785
5850.0 3450.0 1.01133
5950.0 3450.0 1.20701
6050.0 3450.0 1.15566
6150.0 3450.0 0.84708
6250.0 3450.0 0.37890
6350.0 3450.0 -0.07586
50.0 3550.0 0.16156
150.0 3550.0 0.36075
250.0 3550.0 0.68213
350.0 3550.0 1.03750
450.0 3550.0 1.27046
550.0 3550.0 1.27525
650.0 3550.0 1.05141
750.0 3550.0 0.69438
850.0 3550.0 0.32183
950.0 3550.0 -0.01546
1050.0 3550.0 -0.21315
1150.0 3550.0 -0.21093
1250.0 3550.0 -0.04459
1350.0 3550.0 0.18307
1450.0 3550.0 0.34276
1550.0 3550.0 0.33057
1650.0 3550.0 0.13116
1750.0 3550.0 -0.15712
1850.0 3550.0 -0.55670
1950.0 3550.0 -0.99510
2050.0 3550.0 -1.30108
2150.0 3550.0 -1.35038
2250.0 3550.0 -1.13719
2350.0 3550.0 -0.77049
2450.0 3550.0 -0.39503
2550.0 3550.0 -0.06671
2650.0 3550.0 0.11595
2750.0 3550.0 0.10948
2850.0 3550.0 0.00897
2950.0 3550.0 -0.04530
3050.0 3550.0 0.06230
3150.0 3550.0 0.37950
3250.0 3550.0 0.86957
3350.0 3550.0 1.41317
3450.0 3550.0 1.74099
3550.0 3550.0 1.61366
3650.0 3550.0 1.00384
3750.0 3550.0 0.08213
3850.0 3550.0 -0.84993
3950.0 3550.0 -1.47536
4050.0 3550.0 -1.62592
4150.0 3550.0 -1.47634
4250.0 3550.0 -1.21495
4350.0 3550.0 -0.78249
4450.0 3550.0 -0.22420
4550.0 3550.0 0.35342
4650.0 3550.0 0.83932
4750.0 3550.0 1.16095
4850.0 3550.0 1.31348
4950.0 3550.0 1.37173
5050.0 3550.0 1.32436
5150.0 3550.0 1.08539
5250.0 3550.0 0.72928
5350.0 3550.0 0.39957
5450.0 3550.0 0.22361
5550.0 3550.0 0.26110
5650.0 3550.0 0.48625
5750.0 3550.0 0.80388
5850.0 3550.0 1.09363
5950.0 3550.0 1.22826
6050.0 3550.0 1.11362
6150.0 3550.0 0.74717
6250.0 3550.0 0.23173
6350.0 3550.0 -0.25934
50.0 3650.0 -0.10610
150.0 3650.0 -0.04166
250.0 3650.0 0.15721
350.0 3650.0 0.45376
450.0 3650.0 0.73269
550.0 3650.0 0.88648
650.0 3650.0 0.86557
750.0 3650.0 0.69275
850.0 3650.0 0.44140
950.0 3650.0 0.20687
1050.0 3650.0 0.13566
1150.0 3650.0 0.26196
1250.0 3650.0 0.50691
1350.0 3650.0 0.74247
1450.0 3650.0 0.84666
1550.0 3650.0 0.75031
1650.0 3650.0 0.47513
1750.0 3650.0 0.12354
1850.0 3650.0 -0.31801
1950.0 3650.0 -0.76120
2050.0 3650.0 -1.03495
2150.0 3650.0 -1.03014
2250.0 3650.0 -0.76566
2350.0 3650.0 -0.37479
2450.0 3650.0 -0.01197
2550.0 3650.0 0.28595
2650.0 3650.0 0.43341
2750.0 3650.0 0.39049
2850.0 3650.0 0.26066
2950.0 3650.0 0.19026
3050.0 3650.0 0.29496
3150.0 3650.0 0.61662
3250.0 3650.0 1.11077
3350.0 3650.0 1.65428
3450.0 3650.0 1.95593
3550.0 3650.0 1.75246
3650.0 3650.0 1.01889
3750.0 3650.0 -0.05178
3850.0 3650.0 -1.12528
3950.0 3650.0 -1.85417
4050.0 3650.0 -2.05718
4150.0 3650.0 -1.92856
4250.0 3650.0 -1.64857
4350.0 3650.0 -1.12248
4450.0 3650.0 -0.40574
4550.0 3650.0 0.35543
4650.0 3650.0 1.00090
4750.0 3650.0 1.41841
4850.0 3650.0 1.59059
4950.0 3650.0 1.62274
5050.0 3650.0 1.55245
5150.0 3650.0 1.30089
5250.0 3650.0 0.93105
5350.0 3650.0 0.57296
5450.0 3650.0 0.34717
5550.0 3650.0 0.31627
5650.0 3650.0 0.46446
5750.0 3650.0 0.70539
5850.0 3650.0 0.92871
5950.0 3650.0 1.02888
6050.0 3650.0 0.92026
6150.0 3650.0 0.59189
6250.0 3650.0 0.12506
6350.0 3650.0 -0.33366
50.0 3750.0 -0.39284
150.0 3750.0 -0.48235
250.0 3750.0 -0.43136
350.0 3750.0 -0.22006
450.0 3750.0 0.08596
550.0 3750.0 0.38286
650.0 3750.0 0.57148
750.0 3750.0 0.59616
850.0 3750.0 0.47938
950.0 3750.0 0.36102
1050.0 3750.0 0.43344
1150.0 3750.0 0.70153
1250.0 3750.0 1.03753
1350.0 3750.0 1.28435
1450.0 3750.0 1.32775
1550.0 3750.0 1.13743
1650.0 3750.0 0.77695
1750.0 3750.0 0.35447
1850.0 3750.0 -0.12922
1950.0 3750.0 -0.56593
2050.0 3750.0 -0.78644
2150.0 3750.0 -0.70252
2250.0 3750.0 -0.36516
2350.0 3750.0 0.06189
2450.0 3750.0 0.41304
2550.0 3750.0 0.67507
2650.0 3750.0 0.76435
2750.0 3750.0 0.63524
2850.0 3750.0 0.40621
2950.0 3750.0 0.24500
3050.0 3750.0 0.28432
3150.0 3750.0 0.57237
3250.0 3750.0 1.05832
3350.0 3750.0 1.60376
3450.0 3750.0 1.91578
3550.0 3750.0 1.73294
3650.0 3750.0 1.02235
3750.0 3750.0 -0.03272
3850.0 3750.0 -1.10420
3950.0 3750.0 -1.84490
4050.0 3750.0 -2.06862
4150.0 3750.0 -1.96293
4250.0 3750.0 -1.69831
4350.0 3750.0 -1.17379
4450.0 3750.0 -0.44896
4550.0 3750.0 0.32106
4650.0 3750.0 0.96717
4750.0 3750.0 1.37167
4850.0 3750.0 1.51730
4950.0 3750.0 1.51615
5050.0 3750.0 1.42784
5150.0 3750.0 1.18806
5250.0 3750.0 0.84596
5350.0 3750.0 0.50754
5450.0 3750.0 0.27356
5550.0 3750.0 0.19915
5650.0 3750.0 0.27510
5750.0 3750.0 0.43113
5850.0 3750.0 0.58915
5950.0 3750.0 0.68719
6050.0 3750.0 0.64963
6150.0 3750.0 0.44344
6250.0 3750.0 0.10710
6350.0 3750.0 -0.26013
50.0 3850.0 -0.55277
150.0 3850.0 -0.78072
250.0 3850.0 -0.87611
350.0 3850.0 -0.77189
450.0 3850.0 -0.48438
550.0 3850.0 -0.10445
650.0 3850.0 0.23499
750.0 3850.0 0.41546
850.0 3850.0 0.41314
950.0 3850.0 0.39639
1050.0 3850.0 0.59103
1150.0 3850.0 0.97509
1250.0 3850.0 1.37919
1350.0 3850.0 1.62340
1450.0 3850.0 1.60321
1550.0 3850.0 1.32447
1650.0 3850.0 0.88746
1750.0 3850.0 0.40285
1850.0 3850.0 -0.11560
1950.0 3850.0 -0.54137
2050.0 3850.0 -0.70763
2150.0 3850.0 -0.54620
2250.0 3850.0 -0.13812
2350.0 3850.0 0.32468
2450.0 3850.0 0.66671
2550.0 3850.0 0.89640
2650.0 3850.0 0.92558
2750.0 3850.0 0.69885
2850.0 3850.0 0.35057
2950.0 3850.0 0.07436
3050.0 3850.0 0.02612
3150.0 3850.0 0.26590
3250.0 3850.0 0.73846
3350.0 3850.0 1.28751
3450.0 3850.0 1.64367
3550.0 3850.0 1.57242
3650.0 3850.0 1.02470
3750.0 3850.0 0.14445
3850.0 3850.0 -0.78347
3950.0 3850.0 -1.44252
4050.0 3850.0 -1.65069
4150.0 3850.0 -1.56453
4250.0 3850.0 -1.34484
4350.0 3850.0 -0.91438
4450.0 3850.0 -0.32995
4550.0 3850.0 0.27646
4650.0 3850.0 0.76808
4750.0 3850.0 1.05637
4850.0 3850.0 1.13655
4950.0 3850.0 1.10287
5050.0 3850.0 1.00715
5150.0 3850.0 0.80573
5250.0 3850.0 0.53467
5350.0 3850.0 0.26929
5450.0 3850.0 0.07991
5550.0 3850.0 0.00355
5650.0 3850.0 0.03177
5750.0 3850.0 0.11487
5850.0 3850.0 0.22164
5950.0 3850.0 0.34124
6050.0 3850.0 0.40714
6150.0 3850.0 0.35888
6250.0 3850.0 0.18554
6350.0 3850.0 -0.06618
50.0 3950.0 -0.49217
150.0 3950.0 -0.81415
250.0 3950.0 -1.02724
350.0 3950.0 -1.03731
450.0 3950.0 -0.82094
550.0 3950.0 -0.44702
650.0 3950.0 -0.05652
750.0 3950.0 0.19995
850.0 3950.0 0.26643
950.0 3950.0 0.31433
1050.0 3950.0 0.57951
1150.0 3950.0 1.02031
1250.0 3950.0 1.44329
1350.0 3950.0 1.65946
1450.0 3950.0 1.57672
1550.0 3950.0 1.22854
1650.0 3950.0 0.73875
1750.0 3950.0 0.21375
1850.0 3950.0 -0.32762
1950.0 3950.0 -0.74708
2050.0 3950.0 -0.87924
2150.0 3950.0 -0.66868
2250.0 3950.0 -0.21569
2350.0 3950.0 0.26973
2450.0 3950.0 0.60567
2550.0 3950.0 0.81432
2650.0 3950.0 0.80415
2750.0 3950.0 0.51323
2850.0 3950.0 0.08634
2950.0 3950.0 -0.26586
3050.0 3950.0 -0.37207
3150.0 3950.0 -0.16432
3250.0 3950.0 0.29931
3350.0 3950.0 0.85262
3450.0 3950.0 1.26850
3550.0 3950.0 1.35264
3650.0 3950.0 1.03728
3750.0 3950.0 0.41354
3850.0 3950.0 -0.29533
3950.0 3950.0 -0.81967
4050.0 3950.0 -0.98777
4150.0 3950.0 -0.91367
4250.0 3950.0 -0.75055
4350.0 3950.0 -0.46198
4450.0 3950.0 -0.09737
4550.0 3950.0 0.25336
4650.0 3950.0 0.50945
4750.0 3950.0 0.63094
4850.0 3950.0 0.63192
4950.0 3950.0 0.57433
5050.0 3950.0 0.48297
5150.0 3950.0 0.33677
5250.0 3950.0 0.16230
5350.0 3950.0 0.00470
5450.0 3950.0 -0.09961
5550.0 3950.0 -0.13786
5650.0 3950.0 -0.12349
5750.0 3950.0 -0.08584
5850.0 3950.0 -0.00926
5950.0 3950.0 0.13592
6050.0 3950.0 0.28924
6150.0 3950.0 0.36845
6250.0 3950.0 0.32474
6350.0 3950.0 0.16533
50.0 4050.0 -0.20983
150.0 4050.0 -0.57222
250.0 4050.0 -0.86081
350.0 4050.0 -0.97664
450.0 4050.0 -0.87063
550.0 4050.0 -0.58432
650.0 4050.0 -0.24187
750.0 4050.0 0.00664
850.0 4050.0 0.09050
950.0 4050.0 0.15993
1050.0 4050.0 0.43627
1150.0 4050.0 0.86691
1250.0 4050.0 1.25453
1350.0 4050.0 1.41638
1450.0 4050.0 1.27518
1550.0 4050.0 0.88143
1650.0 4050.0 0.36711
1750.0 4050.0 -0.17311
1850.0 4050.0 -0.72600
1950.0 4050.0 -1.15016
2050.0 4050.0 -1.27972
2150.0 4050.0 -1.06173
2250.0 4050.0 -0.60107
2350.0 4050.0 -0.11259
2450.0 4050.0 0.21957
2550.0 4050.0 0.42121
2650.0 4050.0 0.40491
2750.0 4050.0 0.11076
2850.0 4050.0 -0.31515
2950.0 4050.0 -0.66246
3050.0 4050.0 -0.76191
3150.0 4050.0 -0.54848
3250.0 4050.0 -0.08234
3350.0 4050.0 0.47466
3450.0 4050.0 0.94381
3550.0 4050.0 1.16868
3650.0 4050.0 1.06638
3750.0 4050.0 0.68112
3850.0 4050.0 0.17964
3950.0 4050.0 -0.21280
4050.0 4050.0 -0.33594
4150.0 4050.0 -0.26563
4250.0 4050.0 -0.15035
4350.0 4050.0 0.00622
4450.0 4050.0 0.16294
4550.0 4050.0 0.27203
4650.0 4050.0 0.30797
4750.0 4050.0 0.27791
4850.0 4050.0 0.21353
4950.0 4050.0 0.14445
5050.0 4050.0 0.06583
5150.0 4050.0 -0.02326
5250.0 4050.0 -0.10094
5350.0 4050.0 -0.14564
5450.0 4050.0 -0.15053
5550.0 4050.0 -0.12697
5650.0 4050.0 -0.09684
5750.0 4050.0 -0.07357
5850.0 4050.0 -0.00777
5950.0 4050.0 0.14797
6050.0 4050.0 0.33542
6150.0 4050.0 0.46392
6250.0 4050.0 0.47019
6350.0 4050.0 0.34639
50.0 4150.0 0.17914
150.0 4150.0 -0.19341
250.0 4150.0 -0.53145
350.0 4150.0 -0.74295
450.0 4150.0 -0.76186
550.0 4150.0 -0.60090
650.0 4150.0 -0.35535
750.0 4150.0 -0.15780
850.0 4150.0 -0.08390
950.0 4150.0 -0.01622
1050.0 4150.0 0.23967
1150.0 4150.0 0.62512
1250.0 4150.0 0.94964
1350.0 4150.0 1.04471
1450.0 4150.0 0.84875
1550.0 4150.0 0.42322
1650.0 4150.0 -0.10003
1750.0 4150.0 -0.64178
1850.0 4150.0 -1.20029
1950.0 4150.0 -1.63611
2050.0 4150.0 -1.78201
2150.0 4150.0 -1.58171
2250.0 4150.0 -1.13625
2350.0 4150.0 -0.65759
2450.0 4150.0 -0.32950
2550.0 4150.0 -0.12817
2650.0 4150.0 -0.13047
2750.0 4150.0 -0.38789
2850.0 4150.0 -0.75883
2950.0 4150.0 -1.04522
3050.0 4150.0 -1.09235
3150.0 4150.0 -0.84647
3250.0 4150.0 -0.37004
3350.0 4150.0 0.18920
3450.0 4150.0 0.69977
3550.0 4150.0 1.03649
3650.0 4150.0 1.10551
3750.0 4150.0 0.91409
3850.0 4150.0 0.58338
3950.0 4150.0 0.30188
4050.0 4150.0 0.21940
4150.0 4150.0 0.29047
4250.0 4150.0 0.36990
4350.0 4150.0 0.42080
4450.0 4150.0 0.40910
4550.0 4150.0 0.32217
4650.0 4150.0 0.18029
4750.0 4150.0 0.02951
4850.0 4150.0 -0.08412
4950.0 4150.0 -0.15790
5050.0 4150.0 -0.22192
5150.0 4150.0 -0.26002
5250.0 4150.0 -0.25185
5350.0 4150.0 -0.19342
5450.0 4150.0 -0.10218
5550.0 4150.0 -0.01115
5650.0 4150.0 0.04819
5750.0 4150.0 0.07430
5850.0 4150.0 0.13907
5950.0 4150.0 0.29203
6050.0 4150.0 0.47483
6150.0 4150.0 0.59752
6250.0 4150.0 0.59803
6350.0 4150.0 0.46970
50.0 4250.0 0.49088
150.0 4250.0 0.12066
250.0 4250.0 -0.25618
350.0 4250.0 -0.55690
450.0 4250.0 -0.69956
550.0 4250.0 -0.66698
650.0 4250.0 -0.52258
750.0 4250.0 -0.37789
850.0 4250.0 -0.31187
950.0 4250.0 -0.24144
1050.0 4250.0 0.00411
1150.0 4250.0 0.36084
1250.0 4250.0 0.64209
1350.0 4250.0 0.68910
1450.0 4250.0 0.45209
1550.0 4250.0 0.00167
1650.0 4250.0 -0.52936
1750.0 4250.0 -1.07164
1850.0 4250.0 -1.62460
1950.0 4250.0 -2.05206
2050.0 4250.0 -2.19533
2150.0 4250.0 -2.00471
2250.0 4250.0 -1.58209
2350.0 4250.0 -1.13455
2450.0 4250.0 -0.83890
2550.0 4250.0 -0.66671
2650.0 4250.0 -0.67529
2750.0 4250.0 -0.90067
2850.0 4250.0 -1.20609
2950.0 4250.0 -1.41233
3050.0 4250.0 -1.38952
3150.0 4250.0 -1.10509
3250.0 4250.0 -0.62797
3350.0 4250.0 -0.08443
3450.0 4250.0 0.45048
3550.0 4250.0 0.88792
3650.0 4250.0 1.12766
3750.0 4250.0 1.14071
3850.0 4250.0 0.99841
3950.0 4250.0 0.84493
4050.0 4250.0 0.81311
4150.0 4250.0 0.88922
4250.0 4250.0 0.94049
4350.0 4250.0 0.89781
4450.0 4250.0 0.72862
4550.0 4250.0 0.44945
4650.0 4250.0 0.12371
4750.0 4250.0 -0.16190
4850.0 4250.0 -0.34231
4950.0 4250.0 -0.43831
5050.0 4250.0 -0.51260
5150.0 4250.0 -0.53751
5250.0 4250.0 -0.48582
5350.0 4250.0 -0.35874
5450.0 4250.0 -0.18944
5550.0 4250.0 -0.03138
5650.0 4250.0 0.06869
5750.0 4250.0 0.11308
5850.0 4250.0 0.19552
5950.0 4250.0 0.37004
6050.0 4250.0 0.57305
6150.0 4250.0 0.70849
6250.0 4250.0 0.71145
6350.0 4250.0 0.57715
50.0 4350.0 0.60530
150.0 4350.0 0.26057
250.0 4350.0 -0.12883
350.0 4350.0 -0.49157
450.0 4350.0 -0.73360
550.0 4350.0 -0.81053
650.0 4350.0 -0.75400
750.0 4350.0 -0.65223
850.0 4350.0 -0.58467
950.0 4350.0 -0.49944
1050.0 4350.0 -0.23978
1150.0 4350.0 0.12622
1250.0 4350.0 0.40815
1350.0 4350.0 0.44694
1450.0 4350.0 0.19654
1550.0 4350.0 -0.26635
1650.0 4350.0 -0.80465
1750.0 4350.0 -1.34691
1850.0 4350.0 -1.87100
1950.0 4350.0 -2.24556
2050.0 4350.0 -2.34116
2150.0 4350.0 -2.13637
2250.0 4350.0 -1.74563
2350.0 4350.0 -1.36886
2450.0 4350.0 -1.16270
2550.0 4350.0 -1.07932
2650.0 4350.0 -1.14040
2750.0 4350.0 -1.35427
2850.0 4350.0 -1.58821
2950.0 4350.0 -1.69185
3050.0 4350.0 -1.57717
3150.0 4350.0 -1.25023
3250.0 4350.0 -0.79468
3350.0 4350.0 -0.30380
3450.0 4350.0 0.21361
3550.0 4350.0 0.70976
3650.0 4350.0 1.08915
3750.0 4350.0 1.29429
3850.0 4350.0 1.34604
3950.0 4350.0 1.33538
4050.0 4350.0 1.36682
4150.0 4350.0 1.45599
4250.0 4350.0 1.50045
4350.0 4350.0 1.40684
4450.0 4350.0 1.13138
4550.0 4350.0 0.70140
4650.0 4350.0 0.20991
4750.0 4350.0 -0.21902
4850.0 4350.0 -0.49422
4950.0 4350.0 -0.64807
5050.0 4350.0 -0.78356
5150.0 4350.0 -0.87172
5250.0 4350.0 -0.86163
5350.0 4350.0 -0.73530
5450.0 4350.0 -0.52473
5550.0 4350.0 -0.30150
5650.0 4350.0 -0.13897
5750.0 4350.0 -0.04699
5850.0 4350.0 0.08872
5950.0 4350.0 0.33111
6050.0 4350.0 0.60123
6150.0 4350.0 0.78346
6250.0 4350.0 0.80242
6350.0 4350.0 0.65691
50.0 4450.0 0.49982
150.0 4450.0 0.20356
250.0 4450.0 -0.16265
350.0 4450.0 -0.53883
450.0 4450.0 -0.82646
550.0 4450.0 -0.96359
650.0 4450.0 -0.95769
750.0 4450.0 -0.87636
850.0 4450.0 -0.79584
950.0 4450.0 -0.68501
1050.0 4450.0 -0.38915
1150.0 4450.0 0.02047
1250.0 4450.0 0.34290
1350.0 4450.0 0.40962
1450.0 4450.0 0.17102
1550.0 4450.0 -0.29299
1650.0 4450.0 -0.83805
1750.0 4450.0 -1.37958
1850.0 4450.0 -1.85199
1950.0 4450.0 -2.12939
2050.0 4450.0 -2.13079
2150.0 4450.0 -1.88387
2250.0 4450.0 -1.52763
2350.0 4450.0 -1.25382
2450.0 4450.0 -1.18728
2550.0 4450.0 -1.24644
2650.0 4450.0 -1.40499
2750.0 4450.0 -1.63446
2850.0 4450.0 -1.80440
2950.0 4450.0 -1.79943
3050.0 4450.0 -1.58532
3150.0 4450.0 -1.21985
3250.0 4450.0 -0.80825
3350.0 4450.0 -0.40409
3450.0 4450.0 0.04430
3550.0 4450.0 0.52404
3650.0 4450.0 0.95796
3750.0 4450.0 1.27943
3850.0 4450.0 1.47335
3950.0 4450.0 1.58179
4050.0 4450.0 1.67424
4150.0 4450.0 1.78331
4250.0 4450.0 1.85195
4350.0 4450.0 1.78057
4450.0 4450.0 1.50043
4550.0 4450.0 1.02143
4650.0 4450.0 0.43894
4750.0 4450.0 -0.10137
4850.0 4450.0 -0.48053
4950.0 4450.0 -0.72289
5050.0 4450.0 -0.96543
5150.0 4450.0 -1.18617
5250.0 4450.0 -1.29539
5350.0 4450.0 -1.23374
5450.0 4450.0 -1.01647
5550.0 4450.0 -0.73088
5650.0 4450.0 -0.48698
5750.0 4450.0 -0.32122
5850.0 4450.0 -0.10252
5950.0 4450.0 0.24111
6050.0 4450.0 0.60615
6150.0 4450.0 0.84820
6250.0 4450.0 0.87861
6350.0 4450.0 0.70508
50.0 4550.0 0.24268
150.0 4550.0 0.00780
250.0 4550.0 -0.30380
350.0 4550.0 -0.64093
450.0 4550.0 -0.90935
550.0 4550.0 -1.04326
650.0 4550.0 -1.03898
750.0 4550.0 -0.95068
850.0 4550.0 -0.84838
950.0 4550.0 -0.70721
1050.0 4550.0 -0.36534
1150.0 4550.0 0.10329
1250.0 4550.0 0.48415
1350.0 4550.0 0.59518
1450.0 4550.0 0.37983
1550.0 4550.0 -0.08005
1650.0 4550.0 -0.63158
1750.0 4550.0 -1.17179
1850.0 4550.0 -1.58007
1950.0 4550.0 -1.73541
2050.0 4550.0 -1.61435
2150.0 4550.0 -1.30456
2250.0 4550.0 -0.97682
2350.0 4550.0 -0.81576
2450.0 4550.0 -0.90940
2550.0 4550.0 -1.13483
2650.0 4550.0 -1.41503
2750.0 4550.0 -1.68322
2850.0 4550.0 -1.80905
2950.0 4550.0 -1.71112
3050.0 4550.0 -1.40992
3150.0 4550.0 -1.01736
3250.0 4550.0 -0.66268
3350.0 4550.0 -0.36126
3450.0 4550.0 -0.02251
3550.0 4550.0 0.35954
3650.0 4550.0 0.73679
3750.0 4550.0 1.05783
3850.0 4550.0 1.29761
3950.0 4550.0 1.46696
4050.0 4550.0 1.60185
4150.0 4550.0 1.73344
4250.0 4550.0 1.85509
4350.0 4550.0 1.88309
4450.0 4550.0 1.71458
4550.0 4550.0 1.31464
4650.0 4550.0 0.74948
4750.0 4550.0 0.16292
4850.0 4550.0 -0.30361
4950.0 4550.0 -0.64614
5050.0 4550.0 -1.01602
5150.0 4550.0 -1.40064
5250.0 4550.0 -1.66490
5350.0 4550.0 -1.69805
5450.0 4550.0 -1.49127
5550.0 4550.0 -1.14606
5650.0 4550.0 -0.81320
5750.0 4550.0 -0.56237
5850.0 4550.0 -0.25055
5950.0 4550.0 0.19832
6050.0 4550.0 0.65203
6150.0 4550.0 0.93695
6250.0 4550.0 0.95525
6350.0 4550.0 0.73069
50.0 4650.0 -0.03487
150.0 4650.0 -0.21077
250.0 4650.0 -0.45404
350.0 4650.0 -0.71850
450.0 4650.0 -0.92023
550.0 4650.0 -1.00127
650.0 4650.0 -0.95937
750.0 4650.0 -0.84380
850.0 4650.0 -0.71718
950.0 4650.0 -0.54884
1050.0 4650.0 -0.16720
1150.0 4650.0 0.35091
1250.0 4650.0 0.77929
1350.0 4650.0 0.92483
1450.0 4650.0 0.72604
1550.0 4650.0 0.26735
1650.0 4650.0 -0.29069
1750.0 4650.0 -0.82934
1850.0 4650.0 -1.17643
1950.0 4650.0 -1.21418
2050.0 4650.0 -0.97222
2150.0 4650.0 -0.59475
2250.0 4650.0 -0.28382
2350.0 4650.0 -0.21941
2450.0 4650.0 -0.45640
2550.0 4650.0 -0.83270
2650.0 4650.0 -1.22828
2750.0 4650.0 -1.54448
2850.0 4650.0 -1.64944
2950.0 4650.0 -1.48833
3050.0 4650.0 -1.12624
3150.0 4650.0 -0.72031
3250.0 4650.0 -0.42082
3350.0 4650.0 -0.21389
3450.0 4650.0 0.00265
3550.0 4650.0 0.23486
3650.0 4650.0 0.46705
3750.0 4650.0 0.68175
3850.0 4650.0 0.86979
3950.0 4650.0 1.03371
4050.0 4650.0 1.18479
4150.0 4650.0 1.33626
4250.0 4650.0 1.52526
4350.0 4650.0 1.70033
4450.0 4650.0 1.72380
4550.0 4650.0 1.50111
4650.0 4650.0 1.04727
4750.0 4650.0 0.48348
4850.0 4650.0 -0.03614
4950.0 4650.0 -0.46716
5050.0 4650.0 -0.95127
5150.0 4650.0 -1.48092
5250.0 4650.0 -1.88006
5350.0 4650.0 -1.99250
5450.0 4650.0 -1.78921
5550.0 4650.0 -1.38585
5650.0 4650.0 -0.97068
5750.0 4650.0 -0.64272
5850.0 4650.0 -0.25089
5950.0 4650.0 0.27718
6050.0 4650.0 0.78314
6150.0 4650.0 1.07241
6250.0 4650.0 1.04685
6350.0 4650.0 0.75220
50.0 4750.0 -0.18814
150.0 4750.0 -0.32212
250.0 4750.0 -0.50791
350.0 4750.0 -0.70092
450.0 4750.0 -0.82807
550.0 4750.0 -0.84346
650.0 4750.0 -0.75275
750.0 4750.0 -0.60620
850.0 4750.0 -0.46040
950.0 4750.0 -0.27474
1050.0 4750.0 0.12671
1150.0 4750.0 0.66343
1250.0 4750.0 1.10366
1350.0 4750.0 1.25145
1450.0 4750.0 1.04684
1550.0 4750.0 0.57933
1650.0 4750.0 0.01442
1750.0 4750.0 -0.52291
1850.0 4750.0 -0.82628
1950.0 4750.0 -0.77919
2050.0 4750.0 -0.44792
2150.0 4750.0 -0.01657
2250.0 4750.0 0.28979
2350.0 4750.0 0.29293
2450.0 4750.0 -0.03971
2550.0 4750.0 -0.51815
2650.0 4750.0 -0.99428
2750.0 4750.0 -1.34926
2850.0 4750.0 -1.44946
2950.0 4750.0 -1.25590
3050.0 4750.0 -0.86144
3150.0 4750.0 -0.45193
3250.0 4750.0 -0.19153
3350.0 4750.0 -0.04959
3450.0 4750.0 0.06684
3550.0 4750.0 0.15099
3650.0 4750.0 0.21365
3750.0 4750.0 0.27574
3850.0 4750.0 0.35774
3950.0 4750.0 0.47185
4050.0 4750.0 0.61694
4150.0 4750.0 0.78146
4250.0 4750.0 1.03060
4350.0 4750.0 1.34825
4450.0 4750.0 1.57023
4550.0 4750.0 1.54721
4650.0 4750.0 1.24089
4750.0 4750.0 0.74134
4850.0 4750.0 0.20548
4950.0 4750.0 -0.28362
5050.0 4750.0 -0.84040
5150.0 4750.0 -1.45310
5250.0 4750.0 -1.91851
5350.0 4750.0 -2.05484
5450.0 4750.0 -1.82629
5550.0 4750.0 -1.36427
5650.0 4750.0 -0.88506
5750.0 4750.0 -0.50411
5850.0 4750.0 -0.06336
5950.0 4750.0 0.49880
6050.0 4750.0 1.00615
6150.0 4750.0 1.25659
6250.0 4750.0 1.16151
6350.0 4750.0 0.79052
50.0 4850.0 -0.13028
150.0 4850.0 -0.24652
250.0 4850.0 -0.40430
350.0 4850.0 -0.55890
450.0 4850.0 -0.64327
550.0 4850.0 -0.61929
650.0 4850.0 -0.49881
750.0 4850.0 -0.33436
850.0 4850.0 -0.17966
950.0 4850.0 0.01101
1050.0 4850.0 0.40721
1150.0 4850.0 0.92360
1250.0 4850.0 1.33064
1350.0 4850.0 1.43981
1450.0 4850.0 1.20100
1550.0 4850.0 0.71191
1650.0 4850.0 0.13961
1750.0 4850.0 -0.39700
1850.0 4850.0 -0.68093
1950.0 4850.0 -0.59551
2050.0 4850.0 -0.22234
2150.0 4850.0 0.23709
2250.0 4850.0 0.54696
2350.0 4850.0 0.52865
2450.0 4850.0 0.15852
2550.0 4850.0 -0.36096
2650.0 4850.0 -0.86957
2750.0 4850.0 -1.24047
2850.0 4850.0 -1.33924
2950.0 4850.0 -1.13319
3050.0 4850.0 -0.72619
3150.0 4850.0 -0.31552
3250.0 4850.0 -0.07092
3350.0 4850.0 0.04405
3450.0 4850.0 0.10619
3550.0 4850.0 0.09331
3650.0 4850.0 0.03054
3750.0 4850.0 -0.03340
3850.0 4850.0 -0.05096
3950.0 4850.0 0.00615
4050.0 4850.0 0.13526
4150.0 4850.0 0.30473
4250.0 4850.0 0.58960
4350.0 4850.0 0.99869
4450.0 4850.0 1.35480
4550.0 4850.0 1.47516
4650.0 4850.0 1.28525
4750.0 4850.0 0.85011
4850.0 4850.0 0.32324
4950.0 4850.0 -0.18775
5050.0 4850.0 -0.76505
5150.0 4850.0 -1.38245
5250.0 4850.0 -1.82674
5350.0 4850.0 -1.91556
5450.0 4850.0 -1.62378
5550.0 4850.0 -1.10096
5650.0 4850.0 -0.57980
5750.0 4850.0 -0.17584
5850.0 4850.0 0.27787
5950.0 4850.0 0.82850
6050.0 4850.0 1.29232
6150.0 4850.0 1.47285
6250.0 4850.0 1.29797
6350.0 4850.0 0.85861
50.0 4950.0 0.07643
150.0 4950.0 -0.03810
250.0 4950.0 -0.19142
350.0 4950.0 -0.33848
450.0 4950.0 -0.41354
550.0 4950.0 -0.38054
650.0 4950.0 -0.25320
750.0 4950.0 -0.08509
850.0 4950.0 0.07056
950.0 4950.0 0.25827
1050.0 4950.0 0.63332
1150.0 4950.0 1.10490
1250.0 4950.0 1.45061
1350.0 4950.0 1.49583
1450.0 4950.0 1.20536
1550.0 4950.0 0.68697
1650.0 4950.0 0.10713
1750.0 4950.0 -0.42911
1850.0 4950.0 -0.70944
1950.0 4950.0 -0.61654
2050.0 4950.0 -0.23394
2150.0 4950.0 0.23415
2250.0 4950.0 0.54953
2350.0 4950.0 0.53256
2450.0 4950.0 0.16024
2550.0 4950.0 -0.36243
2650.0 4950.0 -0.87201
2750.0 4950.0 -1.24008
2850.0 4950.0 -1.33275
2950.0 4950.0 -1.11919
3050.0 4950.0 -0.70571
3150.0 4950.0 -0.29169
3250.0 4950.0 -0.04746
3350.0 4950.0 0.06418
3450.0 4950.0 0.10640
3550.0 4950.0 0.04465
3650.0 4950.0 -0.09074
3750.0 4950.0 -0.23541
3850.0 4950.0 -0.32310
3950.0 4950.0 -0.31098
4050.0 4950.0 -0.19811
4150.0 4950.0 -0.02883
4250.0 4950.0 0.27090
4350.0 4950.0 0.72324
4450.0 4950.0 1.14768
4550.0 4950.0 1.34683
4650.0 4950.0 1.22754
4750.0 4950.0 0.83940
4850.0 4950.0 0.33053
4950.0 4950.0 -0.17988
5050.0 4950.0 -0.74479
5150.0 4950.0 -1.31783
5250.0 4950.0 -1.68659
5350.0 4950.0 -1.68366
5450.0 4950.0 -1.30526
5550.0 4950.0 -0.72046
5650.0 4950.0 -0.17104
5750.0 4950.0 0.23752
5850.0 4950.0 0.68316
5950.0 4950.0 1.19810
6050.0 4950.0 1.59764
6150.0 4950.0 1.69770
6250.0 4950.0 1.44498
6350.0 4950.0 0.94829
50.0 5050.0 0.24659
150.0 5050.0 0.12794
250.0 5050.0 -0.01502
350.0 5050.0 -0.13614
450.0 5050.0 -0.17731
550.0 5050.0 -0.11328
650.0 5050.0 0.03275
750.0 5050.0 0.20276
850.0 5050.0 0.34667
950.0 5050.0 0.51540
1050.0 5050.0 0.85228
1150.0 5050.0 1.26530
1250.0 5050.0 1.54418
1350.0 5050.0 1.52996
1450.0 5050.0 1.19950
1550.0 5050.0 0.66464
1650.0 5050.0 0.08622
1750.0 5050.0 -0.44373
1850.0 5050.0 -0.72063
1950.0 5050.0 -0.63001
2050.0 5050.0 -0.25601
2150.0 5050.0 0.19903
2250.0 5050.0 0.50078
2350.0 5050.0 0.47383
2450.0 5050.0 0.09729
2550.0 5050.0 -0.42552
2650.0 5050.0 -0.92253
2750.0 5050.0 -1.25983
2850.0 5050.0 -1.30980
2950.0 5050.0 -1.05325
3050.0 5050.0 -0.60788
3150.0 5050.0 -0.17996
3250.0 5050.0 0.06096
3350.0 5050.0 0.16071
3450.0 5050.0 0.17420
3550.0 5050.0 0.05432
3650.0 5050.0 -0.16381
3750.0 5050.0 -0.40025
3850.0 5050.0 -0.56975
3950.0 5050.0 -0.61428
4050.0 5050.0 -0.52879
4150.0 5050.0 -0.37088
4250.0 5050.0 -0.07865
4350.0 5050.0 0.37914
4450.0 5050.0 0.83137
4550.0 5050.0 1.08198
4650.0 5050.0 1.02890
4750.0 5050.0 0.70574
4850.0 5050.0 0.24631
4950.0 5050.0 -0.22892
5050.0 5050.0 -0.75090
5150.0 5050.0 -1.26328
5250.0 5050.0 -1.56131
5350.0 5050.0 -1.49149
5450.0 5050.0 -1.06182
5550.0 5050.0 -0.44623
5650.0 5050.0 0.11677
5750.0 5050.0 0.53080
5850.0 5050.0 0.97327
5950.0 5050.0 1.46380
6050.0 5050.0 1.81888
6150.0 5050.0 1.86559
6250.0 5050.0 1.56518
6350.0 5050.0 1.03862
50.0 5150.0 0.29043
150.0 5150.0 0.15652
250.0 5150.0 0.03877
350.0 5150.0 -0.01439
450.0 5150.0 0.03299
550.0 5150.0 0.17576
650.0 5150.0 0.36495
750.0 5150.0 0.53119
850.0 5150.0 0.63409
950.0 5150.0 0.74820
1050.0 5150.0 1.01389
1150.0 5150.0 1.34914
1250.0 5150.0 1.56532
1350.0 5150.0 1.51930
1450.0 5150.0 1.18949
1550.0 5150.0 0.67540
1650.0 5150.0 0.12101
1750.0 5150.0 -0.38824
1850.0 5150.0 -0.65595
1950.0 5150.0 -0.57763
2050.0 5150.0 -0.23889
2150.0 5150.0 0.16572
2250.0 5150.0 0.41634
2350.0 5150.0 0.35282
2450.0 5150.0 -0.03873
2550.0 5150.0 -0.56281
2650.0 5150.0 -1.02740
2750.0 5150.0 -1.28522
2850.0 5150.0 -1.22676
2950.0 5150.0 -0.86399
3050.0 5150.0 -0.34395
3150.0 5150.0 0.11077
3250.0 5150.0 0.33440
3350.0 5150.0 0.39730
3450.0 5150.0 0.35969
3550.0 5150.0 0.16484
3650.0 5150.0 -0.14787
3750.0 5150.0 -0.48560
3850.0 5150.0 -0.74769
3950.0 5150.0 -0.86409
4050.0 5150.0 -0.82676
4150.0 5150.0 -0.70534
4250.0 5150.0 -0.46969
4350.0 5150.0 -0.08774
4450.0 5150.0 0.30703
4550.0 5150.0 0.55435
4650.0 5150.0 0.56326
4750.0 5150.0 0.34899
4850.0 5150.0 0.01050
4950.0 5150.0 -0.35259
5050.0 5150.0 -0.76738
5150.0 5150.0 -1.19432
5250.0 5150.0 -1.45027
5350.0 5150.0 -1.38859
5450.0 5150.0 -1.00259
5550.0 5150.0 -0.43478
5650.0 5150.0 0.10797
5750.0 5150.0 0.53315
5850.0 5150.0 0.98734
5950.0 5150.0 1.48090
6050.0 5150.0 1.83530
6150.0 5150.0 1.88587
6250.0 5150.0 1.59991
6350.0 5150.0 1.09973
50.0 5250.0 0.20327
150.0 5250.0 0.04208
250.0 5250.0 -0.04396
350.0 5250.0 -0.00427
450.0 5250.0 0.16377
550.0 5250.0 0.41049
650.0 5250.0 0.65031
750.0 5250.0 0.79889
850.0 5250.0 0.83102
950.0 5250.0 0.85749
1050.0 5250.0 1.02693
1150.0 5250.0 1.27958
1250.0 5250.0 1.45535
1350.0 5250.0 1.42301
1450.0 5250.0 1.14800
1550.0 5250.0 0.69888
1650.0 5250.0 0.19231
1750.0 5250.0 -0.28195
1850.0 5250.0 -0.53039
1950.0 5250.0 -0.46359
2050.0 5250.0 -0.17087
2150.0 5250.0 0.16337
2250.0 5250.0 0.34013
2350.0 5250.0 0.22243
2450.0 5250.0 -0.19215
2550.0 5250.0 -0.71929
2650.0 5250.0 -1.14128
2750.0 5250.0 -1.29462
2850.0 5250.0 -1.09646
2950.0 5250.0 -0.60174
3050.0 5250.0 0.00423
3150.0 5250.0 0.47971
3250.0 5250.0 0.66665
3350.0 5250.0 0.66933
3450.0 5250.0 0.56985
3550.0 5250.0 0.31207
3650.0 5250.0 -0.06364
3750.0 5250.0 -0.46330
3850.0 5250.0 -0.78563
3950.0 5250.0 -0.96072
4050.0 5250.0 -0.98120
4150.0 5250.0 -0.91971
4250.0 5250.0 -0.78954
4350.0 5250.0 -0.56717
4450.0 5250.0 -0.32107
4550.0 5250.0 -0.14083
4650.0 5250.0 -0.08445
4750.0 5250.0 -0.15507
4850.0 5250.0 -0.30735
4950.0 5250.0 -0.48524
5050.0 5250.0 -0.73333
5150.0 5250.0 -1.05693
5250.0 5250.0 -1.30760
5350.0 5250.0 -1.33692
5450.0 5250.0 -1.09563
5550.0 5250.0 -0.65788
5650.0 5250.0 -0.17082
5750.0 5250.0 0.27054
5850.0 5250.0 0.74896
5950.0 5250.0 1.26541
6050.0 5250.0 1.64986
6150.0 5250.0 1.74523
6250.0 5250.0 1.52003
6350.0 5250.0 1.09039
50.0 5350.0 0.03828
150.0 5350.0 -0.15789
250.0 5350.0 -0.21886
350.0 5350.0 -0.09349
450.0 5350.0 0.18535
550.0 5350.0 0.52244
650.0 5350.0 0.79627
750.0 5350.0 0.90949
850.0 5350.0 0.85387
950.0 5350.0 0.77775
1050.0 5350.0 0.84685
1150.0 5350.0 1.03176
1250.0 5350.0 1.20160
1350.0 5350.0 1.22972
1450.0 5350.0 1.05581
1550.0 5350.0 0.70452
1650.0 5350.0 0.26031
1750.0 5350.0 -0.17127
1850.0 5350.0 -0.38962
1950.0 5350.0 -0.32070
2050.0 5350.0 -0.06051
2150.0 5350.0 0.21362
2250.0 5350.0 0.32206
2350.0 5350.0 0.15144
2450.0 5350.0 -0.28717
2550.0 5350.0 -0.81918
2650.0 5350.0 -1.20480
2750.0 5350.0 -1.26880
2850.0 5350.0 -0.95582
2950.0 5350.0 -0.36071
3050.0 5350.0 0.29892
3150.0 5350.0 0.76867
3250.0 5350.0 0.90162
3350.0 5350.0 0.83321
3450.0 5350.0 0.68004
3550.0 5350.0 0.40120
3650.0 5350.0 0.03291
3750.0 5350.0 -0.34737
3850.0 5350.0 -0.65952
3950.0 5350.0 -0.85139
4050.0 5350.0 -0.92141
4150.0 5350.0 -0.93072
4250.0 5350.0 -0.93272
4350.0 5350.0 -0.91899
4450.0 5350.0 -0.87904
4550.0 5350.0 -0.81200
4650.0 5350.0 -0.72869
4750.0 5350.0 -0.64772
4850.0 5350.0 -0.58546
4950.0 5350.0 -0.54269
5050.0 5350.0 -0.59713
5150.0 5350.0 -0.81595
5250.0 5350.0 -1.09154
5350.0 5350.0 -1.26703
5450.0 5350.0 -1.23350
5550.0 5350.0 -0.97560
5650.0 5350.0 -0.56576
5750.0 5350.0 -0.10622
5850.0 5350.0 0.40044
5950.0 5350.0 0.94145
6050.0 5350.0 1.35692
6150.0 5350.0 1.49981
6250.0 5350.0 1.34147
6350.0 5350.0 0.99199
50.0 5450.0 -0.12017
150.0 5450.0 -0.35154
250.0 5450.0 -0.40392
350.0 5450.0 -0.22798
450.0 5450.0 0.11547
550.0 5450.0 0.49766
650.0 5450.0 0.77267
750.0 5450.0 0.83669
850.0 5450.0 0.69590
950.0 5450.0 0.52599
1050.0 5450.0 0.51265
1150.0 5450.0 0.65741
1250.0 5450.0 0.85290
1350.0 5450.0 0.96966
1450.0 5450.0 0.91592
1550.0 5450.0 0.67039
1650.0 5450.0 0.28795
1750.0 5450.0 -0.10286
1850.0 5450.0 -0.28420
1950.0 5450.0 -0.19289
2050.0 5450.0 0.06592
2150.0 5450.0 0.31503
2250.0 5450.0 0.38559
2350.0 5450.0 0.18104
2450.0 5450.0 -0.27544
2550.0 5450.0 -0.81336
2650.0 5450.0 -1.18202
2750.0 5450.0 -1.20414
2850.0 5450.0 -0.84488
2950.0 5450.0 -0.22286
3050.0 5450.0 0.42984
3150.0 5450.0 0.85890
3250.0 5450.0 0.92995
3350.0 5450.0 0.79622
3450.0 5450.0 0.61239
3550.0 5450.0 0.36539
3650.0 5450.0 0.08248
3750.0 5450.0 -0.19111
3850.0 5450.0 -0.41577
3950.0 5450.0 -0.57259
4050.0 5450.0 -0.67008
4150.0 5450.0 -0.74429
4250.0 5450.0 -0.87237
4350.0 5450.0 -1.06205
4450.0 5450.0 -1.22879
4550.0 5450.0 -1.28442
4650.0 5450.0 -1.19185
4750.0 5450.0 -0.98060
4850.0 5450.0 -0.72315
4950.0 5450.0 -0.47561
5050.0 5450.0 -0.35234
5150.0 5450.0 -0.48141
5250.0 5450.0 -0.79293
5350.0 5450.0 -1.11959
5450.0 5450.0 -1.29342
5550.0 5450.0 -1.21271
5650.0 5450.0 -0.87899
5750.0 5450.0 -0.40306
5850.0 5450.0 0.12591
5950.0 5450.0 0.67488
6050.0 5450.0 1.09320
6150.0 5450.0 1.24827
6250.0 5450.0 1.12153
6350.0 5450.0 0.82436
50.0 5550.0 -0.18862
150.0 5550.0 -0.44770
250.0 5550.0 -0.51049
350.0 5550.0 -0.33152
450.0 5550.0 0.01440
550.0 5550.0 0.38481
650.0 5550.0 0.62670
750.0 5550.0 0.63798
850.0 5550.0 0.43345
950.0 5550.0 0.19888
1050.0 5550.0 0.13527
1150.0 5550.0 0.26778
1250.0 5550.0 0.50300
1350.0 5550.0 0.70455
1450.0 5550.0 0.75335
1550.0 5550.0 0.59233
1650.0 5550.0 0.25588
1750.0 5550.0 -0.10507
1850.0 5550.0 -0.24965
1950.0 5550.0 -0.11824
2050.0 5550.0 0.17410
2150.0 5550.0 0.44256
2250.0 5550.0 0.51722
2350.0 5550.0 0.30710
2450.0 5550.0 -0.15655
2550.0 5550.0 -0.70018
2650.0 5550.0 -1.07587
2750.0 5550.0 -1.11484
2850.0 5550.0 -0.79097
2950.0 5550.0 -0.22463
3050.0 5550.0 0.35943
3150.0 5550.0 0.72026
3250.0 5550.0 0.73476
3350.0 5550.0 0.55588
3450.0 5550.0 0.36903
3550.0 5550.0 0.19370
3650.0 5550.0 0.04600
3750.0 5550.0 -0.06770
3850.0 5550.0 -0.15613
3950.0 5550.0 -0.23978
4050.0 5550.0 -0.33871
4150.0 5550.0 -0.45747
4250.0 5550.0 -0.67475
4350.0 5550.0 -1.00937
4450.0 5550.0 -1.32470
4550.0 5550.0 -1.47058
4650.0 5550.0 -1.37532
4750.0 5550.0 -1.07525
4850.0 5550.0 -0.68192
4950.0 5550.0 -0.29083
5050.0 5550.0 -0.04235
5150.0 5550.0 -0.10668
5250.0 5550.0 -0.44043
5350.0 5550.0 -0.86956
5450.0 5550.0 -1.18551
5550.0 5550.0 -1.22676
5650.0 5550.0 -0.94542
5750.0 5550.0 -0.45795
5850.0 5550.0 0.07997
5950.0 5550.0 0.60923
6050.0 5550.0 0.98536
6150.0 5550.0 1.09454
6250.0 5550.0 0.93798
6350.0 5550.0 0.63971
50.0 5650.0 -0.12222
150.0 5650.0 -0.39699
250.0 5650.0 -0.48422
350.0 5650.0 -0.34321
450.0 5650.0 -0.04808
550.0 5650.0 0.26463
650.0 5650.0 0.45098
750.0 5650.0 0.41723
850.0 5650.0 0.18011
950.0 5650.0 -0.08190
1050.0 5650.0 -0.16243
1150.0 5650.0 -0.02479
1250.0 5650.0 0.24202
1350.0 5650.0 0.49539
1450.0 5650.0 0.60083
1550.0 5650.0 0.48342
1650.0 5650.0 0.16874
1750.0 5650.0 -0.17759
1850.0 5650.0 -0.29242
1950.0 5650.0 -0.11252
2050.0 5650.0 0.23833
2150.0 5650.0 0.56214
2250.0 5650.0 0.67758
2350.0 5650.0 0.48821
2450.0 5650.0 0.02826
2550.0 5650.0 -0.51973
2650.0 5650.0 -0.92150
2750.0 5650.0 -1.02403
2850.0 5650.0 -0.79810
2950.0 5650.0 -0.34670
3050.0 5650.0 0.12990
3150.0 5650.0 0.41275
3250.0 5650.0 0.38665
3350.0 5650.0 0.18875
3450.0 5650.0 0.02018
3550.0 5650.0 -0.07161
3650.0 5650.0 -0.08055
3750.0 5650.0 -0.03438
3850.0 5650.0 0.01592
3950.0 5650.0 0.01569
4050.0 5650.0 -0.06496
4150.0 5650.0 -0.20199
4250.0 5650.0 -0.45649
4350.0 5650.0 -0.84938
4450.0 5650.0 -1.22170
4550.0 5650.0 -1.39792
4650.0 5650.0 -1.29336
4750.0 5650.0 -0.94913
4850.0 5650.0 -0.49441
4950.0 5650.0 -0.04054
5050.0 5650.0 0.26601
5150.0 5650.0 0.24160
5250.0 5650.0 -0.08234
5350.0 5650.0 -0.53277
5450.0 5650.0 -0.88896
5550.0 5650.0 -0.96811
5650.0 5650.0 -0.70296
5750.0 5650.0 -0.20982
5850.0 5650.0 0.32175
5950.0 5650.0 0.80378
6050.0 5650.0 1.09401
6150.0 5650.0 1.10004
6250.0 5650.0 0.85105
6350.0 5650.0 0.49457
50.0 5750.0 0.04245
150.0 5750.0 -0.23902
250.0 5750.0 -0.35617
350.0 5750.0 -0.27309
450.0 5750.0 -0.05448
550.0 5750.0 0.18010
650.0 5750.0 0.30430
750.0 5750.0 0.23565
850.0 5750.0 -0.01146
950.0 5750.0 -0.27565
1050.0 5750.0 -0.35363
1150.0 5750.0 -0.20637
1250.0 5750.0 0.07617
1350.0 5750.0 0.34798
1450.0 5750.0 0.46995
1550.0 5750.0 0.36323
1650.0 5750.0 0.05258
1750.0 5750.0 -0.28973
1850.0 5750.0 -0.38203
1950.0 5750.0 -0.15350
2050.0 5750.0 0.26494
2150.0 5750.0 0.66024
2250.0 5750.0 0.83456
2350.0 5750.0 0.67989
2450.0 5750.0 0.23002
2550.0 5750.0 -0.32082
2650.0 5750.0 -0.75671
2750.0 5750.0 -0.94295
2850.0 5750.0 -0.84052
2950.0 5750.0 -0.52570
3050.0 5750.0 -0.16699
3150.0 5750.0 0.04126
3250.0 5750.0 -0.01113
3350.0 5750.0 -0.21030
3450.0 5750.0 -0.35176
3550.0 5750.0 -0.36745
3650.0 5750.0 -0.25898
3750.0 5750.0 -0.07986
3850.0 5750.0 0.08724
3950.0 5750.0 0.16216
4050.0 5750.0 0.10779
4150.0 5750.0 -0.02966
4250.0 5750.0 -0.28433
4350.0 5750.0 -0.67229
4450.0 5750.0 -1.03297
4550.0 5750.0 -1.19184
4650.0 5750.0 -1.06768
4750.0 5750.0 -0.70617
4850.0 5750.0 -0.23985
4950.0 5750.0 0.22127
5050.0 5750.0 0.54053
5150.0 5750.0 0.54196
5250.0 5750.0 0.25499
5350.0 5750.0 -0.15476
5450.0 5750.0 -0.47528
5550.0 5750.0 -0.53044
5650.0 5750.0 -0.25479
5750.0 5750.0 0.24017
5850.0 5750.0 0.75578
5950.0 5750.0 1.17501
6050.0 5750.0 1.35520
6150.0 5750.0 1.22602
6250.0 5750.0 0.84864
6350.0 5750.0 0.39989
50.0 5850.0 0.18994
150.0 5850.0 -0.09829
250.0 5850.0 -0.25709
350.0 5850.0 -0.25258
450.0 5850.0 -0.13049
550.0 5850.0 0.01580
650.0 5850.0 0.08225
750.0 5850.0 -0.00372
850.0 5850.0 -0.23595
950.0 5850.0 -0.47788
1050.0 5850.0 -0.53940
1150.0 5850.0 -0.38398
1250.0 5850.0 -0.10004
1350.0 5850.0 0.17065
1450.0 5850.0 0.29440
1550.0 5850.0 0.19661
1650.0 5850.0 -0.09735
1750.0 5850.0 -0.41837
1850.0 5850.0 -0.47585
1950.0 5850.0 -0.19274
2050.0 5850.0 0.29567
2150.0 5850.0 0.76552
2250.0 5850.0 1.00634
2350.0 5850.0 0.90061
2450.0 5850.0 0.48085
2550.0 5850.0 -0.05082
2650.0 5850.0 -0.50103
2750.0 5850.0 -0.75750
2850.0 5850.0 -0.77405
2950.0 5850.0 -0.59935
3050.0 5850.0 -0.36569
3150.0 5850.0 -0.23658
3250.0 5850.0 -0.31289
3350.0 5850.0 -0.50691
3450.0 5850.0 -0.62059
3550.0 5850.0 -0.56933
3650.0 5850.0 -0.35979
3750.0 5850.0 -0.06532
3850.0 5850.0 0.20598
3950.0 5850.0 0.35265
4050.0 5850.0 0.33073
4150.0 5850.0 0.20429
4250.0 5850.0 -0.03085
4350.0 5850.0 -0.38414
4450.0 5850.0 -0.70412
4550.0 5850.0 -0.82944
4650.0 5850.0 -0.68846
4750.0 5850.0 -0.32913
4850.0 5850.0 0.12115
4950.0 5850.0 0.56123
5050.0 5850.0 0.86580
5150.0 5850.0 0.87126
5250.0 5850.0 0.61125
5350.0 5850.0 0.24617
5450.0 5850.0 -0.02450
5550.0 5850.0 -0.03986
5650.0 5850.0 0.25487
5750.0 5850.0 0.75169
5850.0 5850.0 1.24595
5950.0 5850.0 1.58739
6050.0 5850.0 1.63607
6150.0 5850.0 1.35094
6250.0 5850.0 0.83176
6350.0 5850.0 0.28807
50.0 5950.0 0.24726
150.0 5950.0 -0.05019
250.0 5950.0 -0.27692
350.0 5950.0 -0.39279
450.0 5950.0 -0.40238
550.0 5950.0 -0.35354
650.0 5950.0 -0.32074
750.0 5950.0 -0.37313
850.0 5950.0 -0.52750
950.0 5950.0 -0.68750
1050.0 5950.0 -0.70117
1150.0 5950.0 -0.54499
1250.0 5950.0 -0.29685
1350.0 5950.0 -0.07301
1450.0 5950.0 0.02298
1550.0 5950.0 -0.06061
1650.0 5950.0 -0.29656
1750.0 5950.0 -0.54505
1850.0 5950.0 -0.53744
1950.0 5950.0 -0.19814
2050.0 5950.0 0.34240
2150.0 5950.0 0.86699
2250.0 5950.0 1.17052
2350.0 5950.0 1.13750
2450.0 5950.0 0.79843
2550.0 5950.0 0.34730
2650.0 5950.0 -0.05618
2750.0 5950.0 -0.33147
2850.0 5950.0 -0.43563
2950.0 5950.0 -0.39263
3050.0 5950.0 -0.29121
3150.0 5950.0 -0.24945
3250.0 5950.0 -0.34603
3350.0 5950.0 -0.52312
3450.0 5950.0 -0.61243
3550.0 5950.0 -0.52323
3650.0 5950.0 -0.26013
3750.0 5950.0 0.09933
3850.0 5950.0 0.43799
3950.0 5950.0 0.64392
4050.0 5950.0 0.66686
4150.0 5950.0 0.57705
4250.0 5950.0 0.40256
4350.0 5950.0 0.14151
4450.0 5950.0 -0.08634
4550.0 5950.0 -0.15638
4650.0 5950.0 -0.01651
4750.0 5950.0 0.29097
4850.0 5950.0 0.66318
4950.0 5950.0 1.02201
5050.0 5950.0 1.25060
5150.0 5950.0 1.20341
5250.0 5950.0 0.93210
5350.0 5950.0 0.60049
5450.0 5950.0 0.39233
5550.0 5950.0 0.43906
5650.0 5950.0 0.76741
5750.0 5950.0 1.26746
5850.0 5950.0 1.73188
5950.0 5950.0 1.97112
6050.0 5950.0 1.85783
6150.0 5950.0 1.39592
6250.0 5950.0 0.73493
6350.0 5950.0 0.11887
50.0 6050.0 0.20066
150.0 6050.0 -0.10676
250.0 6050.0 -0.41859
350.0 6050.0 -0.67845
450.0 6050.0 -0.83054
550.0 6050.0 -0.86324
650.0 6050.0 -0.81981
750.0 6050.0 -0.77628
850.0 6050.0 -0.78646
950.0 6050.0 -0.80427
1050.0 6050.0 -0.74087
1150.0 6050.0 -0.59707
1250.0 6050.0 -0.43018
1350.0 6050.0 -0.30770
1450.0 6050.0 -0.27592
1550.0 6050.0 -0.34359
1650.0 6050.0 -0.48050
1750.0 6050.0 -0.60581
1850.0 6050.0 -0.51497
1950.0 6050.0 -0.14637
2050.0 6050.0 0.38784
2150.0 6050.0 0.90393
2250.0 6050.0 1.23046
2350.0 6050.0 1.27302
2450.0 6050.0 1.05979
2550.0 6050.0 0.75204
2650.0 6050.0 0.46379
2750.0 6050.0 0.23770
2850.0 6050.0 0.10097
2950.0 6050.0 0.04625
3050.0 6050.0 0.02989
3150.0 6050.0 -0.01048
3250.0 6050.0 -0.11918
3350.0 6050.0 -0.26755
3450.0 6050.0 -0.34182
3550.0 6050.0 -0.25989
3650.0 6050.0 -0.01547
3750.0 6050.0 0.33075
3850.0 6050.0 0.67551
3950.0 6050.0 0.91253
4050.0 6050.0 0.98724
4150.0 6050.0 0.95972
4250.0 6050.0 0.88571
4350.0 6050.0 0.76968
4450.0 6050.0 0.67708
4550.0 6050.0 0.67374
4650.0 6050.0 0.78462
4750.0 6050.0 0.98326
4850.0 6050.0 1.21174
4950.0 6050.0 1.42788
5050.0 6050.0 1.51828
5150.0 6050.0 1.36101
5250.0 6050.0 1.03985
5350.0 6050.0 0.73070
5450.0 6050.0 0.59829
5550.0 6050.0 0.73001
5650.0 6050.0 1.10689
5750.0 6050.0 1.61162
5850.0 6050.0 2.04358
5950.0 6050.0 2.17854
6050.0 6050.0 1.91204
6150.0 6050.0 1.30107
6250.0 6050.0 0.54498
6350.0 6050.0 -0.08659
50.0 6150.0 0.08212
150.0 6150.0 -0.23344
250.0 6150.0 -0.62749
350.0 6150.0 -1.02008
450.0 6150.0 -1.28877
550.0 6150.0 -1.36217
650.0 6150.0 -1.25896
750.0 6150.0 -1.07223
850.0 6150.0 -0.89931
950.0 6150.0 -0.74279
1050.0 6150.0 -0.58989
1150.0 6150.0 -0.47275
1250.0 6150.0 -0.42153
1350.0 6150.0 -0.44011
1450.0 6150.0 -0.50050
1550.0 6150.0 -0.55597
1650.0 6150.0 -0.57280
1750.0 6150.0 -0.54938
1850.0 6150.0 -0.38159
1950.0 6150.0 -0.03460
2050.0 6150.0 0.41021
2150.0 6150.0 0.82856
2250.0 6150.0 1.11091
2350.0 6150.0 1.20345
2450.0 6150.0 1.13252
2550.0 6150.0 1.00275
2650.0 6150.0 0.87510
2750.0 6150.0 0.75515
2850.0 6150.0 0.64520
2950.0 6150.0 0.54360
3050.0 6150.0 0.44502
3150.0 6150.0 0.34261
3250.0 6150.0 0.23194
3350.0 6150.0 0.11840
3450.0 6150.0 0.04662
3550.0 6150.0 0.07678
3650.0 6150.0 0.23283
3750.0 6150.0 0.48891
3850.0 6150.0 0.77622
3950.0 6150.0 1.00936
4050.0 6150.0 1.13236
4150.0 6150.0 1.18054
4250.0 6150.0 1.22610
4350.0 6150.0 1.27633
4450.0 6150.0 1.33065
4550.0 6150.0 1.38660
4650.0 6150.0 1.44112
4750.0 6150.0 1.49172
4850.0 6150.0 1.53757
4950.0 6150.0 1.57748
5050.0 6150.0 1.49603
5150.0 6150.0 1.19784
5250.0 6150.0 0.80636
5350.0 6150.0 0.51422
5450.0 6150.0 0.46519
5550.0 6150.0 0.69463
5650.0 6150.0 1.12826
5750.0 6150.0 1.63855
5850.0 6150.0 2.04431
5950.0 6150.0 2.10283
6050.0 6150.0 1.73844
6150.0 6150.0 1.05578
6250.0 6150.0 0.28942
6350.0 6150.0 -0.28356
50.0 6250.0 -0.04726
150.0 6250.0 -0.36740
250.0 6250.0 -0.82254
350.0 6250.0 -1.30748
450.0 6250.0 -1.64206
550.0 6250.0 -1.70827
650.0 6250.0 -1.51193
750.0 6250.0 -1.16909
850.0 6250.0 -0.81704
950.0 6250.0 -0.49476
1050.0 6250.0 -0.26141
1150.0 6250.0 -0.18036
1250.0 6250.0 -0.25411
1350.0 6250.0 -0.42251
1450.0 6250.0 -0.58311
1550.0 6250.0 -0.63382
1650.0 6250.0 -0.53772
1750.0 6250.0 -0.37503
1850.0 6250.0 -0.15761
1950.0 6250.0 0.11484
2050.0 6250.0 0.39801
2150.0 6250.0 0.64150
2250.0 6250.0 0.81392
2350.0 6250.0 0.91391
2450.0 6250.0 0.96706
2550.0 6250.0 1.00804
2650.0 6250.0 1.04488
2750.0 6250.0 1.05351
2850.0 6250.0 1.00902
2950.0 6250.0 0.90646
3050.0 6250.0 0.76685
3150.0 6250.0 0.62852
3250.0 6250.0 0.52369
3350.0 6250.0 0.44305
3450.0 6250.0 0.36333
3550.0 6250.0 0.31652
3650.0 6250.0 0.34613
3750.0 6250.0 0.46865
3850.0 6250.0 0.65931
3950.0 6250.0 0.86161
4050.0 6250.0 1.02080
4150.0 6250.0 1.14057
4250.0 6250.0 1.29668
4350.0 6250.0 1.49496
4450.0 6250.0 1.67247
4550.0 6250.0 1.76516
4650.0 6250.0 1.74786
4750.0 6250.0 1.64491
4850.0 6250.0 1.51142
4950.0 6250.0 1.38262
5050.0 6250.0 1.13750
5150.0 6250.0 0.70619
5250.0 6250.0 0.25002
5350.0 6250.0 -0.02292
5450.0 6250.0 0.01045
5550.0 6250.0 0.33516
5650.0 6250.0 0.82382
5750.0 6250.0 1.33962
5850.0 6250.0 1.73144
5950.0 6250.0 1.75873
6050.0 6250.0 1.37387
6150.0 6250.0 0.71267
6250.0 6250.0 0.02240
6350.0 6250.0 -0.43220
50.0 6350.0 -0.12036
150.0 6350.0 -0.44141
250.0 6350.0 -0.92775
350.0 6350.0 -1.45371
450.0 6350.0 -1.80172
550.0 6350.0 -1.82777
650.0 6350.0 -1.53643
750.0 6350.0 -1.06545
850.0 6350.0 -0.57999
950.0 6350.0 -0.13793
1050.0 6350.0 0.14914
1150.0 6350.0 0.19399
1250.0 6350.0 0.01577
1350.0 6350.0 -0.27570
1450.0 6350.0 -0.52058
1550.0 6350.0 -0.57431
1650.0 6350.0 -0.39779
1750.0 6350.0 -0.13651
1850.0 6350.0 0.09446
1950.0 6350.0 0.26184
2050.0 6350.0 0.35556
2150.0 6350.0 0.39500
2250.0 6350.0 0.42356
2350.0 6350.0 0.49095
2450.0 6350.0 0.62309
2550.0 6350.0 0.78841
2650.0 6350.0 0.94975
2750.0 6350.0 1.06389
2850.0 6350.0 1.08469
2950.0 6350.0 1.00090
3050.0 6350.0 0.84811
3150.0 6350.0 0.69402
3250.0 6350.0 0.59686
3350.0 6350.0 0.53992
3450.0 6350.0 0.44882
3550.0 6350.0 0.33107
3650.0 6350.0 0.24590
3750.0 6350.0 0.24551
3850.0 6350.0 0.34318
3950.0 6350.0 0.50831
4050.0 6350.0 0.68838
4150.0 6350.0 0.85975
4250.0 6350.0 1.09302
4350.0 6350.0 1.38943
4450.0 6350.0 1.64142
4550.0 6350.0 1.74331
4650.0 6350.0 1.65796
4750.0 6350.0 1.43271
4850.0 6350.0 1.16458
4950.0 6350.0 0.91285
5050.0 6350.0 0.55093
5150.0 6350.0 0.03000
5250.0 6350.0 -0.46129
5350.0 6350.0 -0.70606
5450.0 6350.0 -0.59959
5550.0 6350.0 -0.19637
5650.0 6350.0 0.33634
5750.0 6350.0 0.85666
5850.0 6350.0 1.24720
5950.0 6350.0 1.28526
6050.0 6350.0 0.94401
6150.0 6350.0 0.37042
6250.0 6350.0 -0.19577
6350.0 6350.0 -0.51433
