50.0 50.0 0.00000
150.0 50.0 0.17620
250.0 50.0 0.29936
350.0 50.0 0.32245
450.0 50.0 0.24248
550.0 50.0 0.11074
650.0 50.0 0.00935
750.0 50.0 -0.00624
850.0 50.0 0.02369
950.0 50.0 0.06879
1050.0 50.0 0.11495
1150.0 50.0 0.13659
1250.0 50.0 0.12081
1350.0 50.0 0.07586
1450.0 50.0 0.02344
1550.0 50.0 -0.02501
1650.0 50.0 -0.07917
1750.0 50.0 -0.12695
1850.0 50.0 -0.14483
1950.0 50.0 -0.12317
2050.0 50.0 -0.07476
2150.0 50.0 -0.02603
2250.0 50.0 0.00714
2350.0 50.0 -0.07653
2450.0 50.0 -0.36875
2550.0 50.0 -0.71102
2650.0 50.0 -0.89177
2750.0 50.0 -0.79416
2850.0 50.0 -0.44809
2950.0 50.0 0.01393
3050.0 50.0 0.43850
3150.0 50.0 0.63330
3250.0 50.0 0.53117
3350.0 50.0 0.22213
3450.0 50.0 -0.09736
3550.0 50.0 -0.21855
3650.0 50.0 -0.05783
3750.0 50.0 0.24551
3850.0 50.0 0.68865
3950.0 50.0 1.12944
4050.0 50.0 1.32321
4150.0 50.0 1.15440
4250.0 50.0 0.71237
4350.0 50.0 0.20970
4450.0 50.0 -0.24551
4550.0 50.0 -0.66115
4650.0 50.0 -0.90971
4750.0 50.0 -0.88523
4850.0 50.0 -0.61533
4950.0 50.0 -0.26624
5050.0 50.0 -0.04351
5150.0 50.0 0.00592
5250.0 50.0 -0.13122
5350.0 50.0 -0.54722
5450.0 50.0 -1.01475
5550.0 50.0 -1.24533
5650.0 50.0 -1.08893
5750.0 50.0 -0.59883
5850.0 50.0 0.03819
5950.0 50.0 0.58086
6050.0 50.0 0.70653
6150.0 50.0 0.38944
6250.0 50.0 -0.13998
6350.0 50.0 -0.54617
50.0 150.0 0.23525
150.0 150.0 0.38575
250.0 150.0 0.45212
350.0 150.0 0.39218
450.0 150.0 0.22622
550.0 150.0 0.02966
650.0 150.0 -0.10243
750.0 150.0 -0.11914
850.0 150.0 -0.08511
950.0 150.0 -0.06895
1050.0 150.0 -0.09528
1150.0 150.0 -0.17117
1250.0 150.0 -0.27837
1350.0 150.0 -0.38052
1450.0 150.0 -0.44587
1550.0 150.0 -0.48039
1650.0 150.0 -0.46399
1750.0 150.0 -0.34862
1850.0 150.0 -0.14347
1950.0 150.0 0.09625
2050.0 150.0 0.29640
2150.0 150.0 0.40290
2250.0 150.0 0.42995
2350.0 150.0 0.30990
2450.0 150.0 -0.07526
2550.0 150.0 -0.55722
2650.0 150.0 -0.88810
2750.0 150.0 -0.91009
2850.0 150.0 -0.62731
2950.0 150.0 -0.17974
3050.0 150.0 0.25342
3150.0 150.0 0.50755
3250.0 150.0 0.51823
3350.0 150.0 0.34653
3450.0 150.0 0.14789
3550.0 150.0 0.09800
3650.0 150.0 0.27538
3750.0 150.0 0.57509
3850.0 150.0 1.01158
3950.0 150.0 1.44573
4050.0 150.0 1.63799
4150.0 150.0 1.47521
4250.0 150.0 1.04488
4350.0 150.0 0.55519
4450.0 150.0 0.11185
4550.0 150.0 -0.29563
4650.0 150.0 -0.54643
4750.0 150.0 -0.53772
4850.0 150.0 -0.29354
4950.0 150.0 0.02906
5050.0 150.0 0.23405
5150.0 150.0 0.27532
5250.0 150.0 0.14389
5350.0 150.0 -0.23474
5450.0 150.0 -0.63581
5550.0 150.0 -0.78912
5650.0 150.0 -0.56836
5750.0 150.0 -0.04430
5850.0 150.0 0.59820
5950.0 150.0 1.11348
6050.0 150.0 1.10980
6150.0 150.0 0.55731
6250.0 150.0 -0.25557
6350.0 150.0 -0.91173
50.0 250.0 0.65920
150.0 250.0 0.70119
250.0 250.0 0.61145
350.0 250.0 0.38213
450.0 250.0 0.09002
550.0 250.0 -0.15745
650.0 250.0 -0.27462
750.0 250.0 -0.24833
850.0 250.0 -0.17592
950.0 250.0 -0.16821
1050.0 250.0 -0.26116
1150.0 250.0 -0.43248
1250.0 250.0 -0.62005
1350.0 250.0 -0.75165
1450.0 250.0 -0.78616
1550.0 250.0 -0.75505
1650.0 250.0 -0.60650
1750.0 250.0 -0.27246
1850.0 250.0 0.17306
1950.0 250.0 0.59552
2050.0 250.0 0.87482
2150.0 250.0 0.96362
2250.0 250.0 0.92611
2350.0 250.0 0.72823
2450.0 250.0 0.25051
2550.0 250.0 -0.32277
2650.0 250.0 -0.72574
2750.0 250.0 -0.79370
2850.0 250.0 -0.53773
2950.0 250.0 -0.11129
3050.0 250.0 0.31325
3150.0 250.0 0.60986
3250.0 250.0 0.71798
3350.0 250.0 0.67023
3450.0 250.0 0.58053
3550.0 250.0 0.59012
3650.0 250.0 0.77129
3750.0 250.0 1.04553
3850.0 250.0 1.39932
3950.0 250.0 1.69653
4050.0 250.0 1.74696
4150.0 250.0 1.48878
4250.0 250.0 1.03516
4350.0 250.0 0.58396
4450.0 250.0 0.20423
4550.0 250.0 -0.12332
4650.0 250.0 -0.29003
4750.0 250.0 -0.22642
4850.0 250.0 0.02342
4950.0 250.0 0.31040
5050.0 250.0 0.46728
5150.0 250.0 0.46907
5250.0 250.0 0.31902
5350.0 250.0 -0.02618
5450.0 250.0 -0.33872
5550.0 250.0 -0.37387
5650.0 250.0 -0.04643
5750.0 250.0 0.53670
5850.0 250.0 1.18770
5950.0 250.0 1.68603
6050.0 250.0 1.60774
6150.0 250.0 0.91377
6250.0 250.0 -0.07976
6350.0 250.0 -0.90818
50.0 350.0 1.09507
150.0 350.0 0.94455
250.0 350.0 0.61861
350.0 350.0 0.17709
450.0 350.0 -0.22336
550.0 350.0 -0.45261
650.0 350.0 -0.47286
750.0 350.0 -0.34704
850.0 350.0 -0.19872
950.0 350.0 -0.17239
1050.0 350.0 -0.31463
1150.0 350.0 -0.56450
1250.0 350.0 -0.80657
1350.0 350.0 -0.92830
1450.0 350.0 -0.88142
1550.0 350.0 -0.72997
1650.0 350.0 -0.40297
1750.0 350.0 0.15610
1850.0 350.0 0.78280
1950.0 350.0 1.26957
2050.0 350.0 1.48999
2150.0 350.0 1.45316
2250.0 350.0 1.28549
2350.0 350.0 0.97159
2450.0 350.0 0.42393
2550.0 350.0 -0.15260
2650.0 350.0 -0.50355
2750.0 350.0 -0.50562
2850.0 350.0 -0.22007
2950.0 350.0 0.18114
3050.0 350.0 0.57492
3150.0 350.0 0.87786
3250.0 350.0 1.03363
3350.0 350.0 1.05531
3450.0 350.0 1.02645
3550.0 350.0 1.06169
3650.0 350.0 1.22718
3750.0 350.0 1.45485
3850.0 350.0 1.66438
3950.0 350.0 1.72781
4050.0 350.0 1.54240
4150.0 350.0 1.13383
4250.0 350.0 0.65546
4350.0 350.0 0.28298
4450.0 350.0 0.02270
4550.0 350.0 -0.15327
4650.0 350.0 -0.15745
4750.0 350.0 0.01629
4850.0 350.0 0.28426
4950.0 350.0 0.51013
5050.0 350.0 0.57940
5150.0 350.0 0.50726
5250.0 350.0 0.30536
5350.0 350.0 -0.03436
5450.0 350.0 -0.27252
5550.0 350.0 -0.18742
5650.0 350.0 0.25852
5750.0 350.0 0.91031
5850.0 350.0 1.57016
5950.0 350.0 2.06929
6050.0 350.0 2.00648
6150.0 350.0 1.32856
6250.0 350.0 0.33248
6350.0 350.0 -0.52575
50.0 450.0 1.28738
150.0 450.0 0.91154
250.0 450.0 0.34669
350.0 450.0 -0.26185
450.0 450.0 -0.68275
550.0 450.0 -0.79065
650.0 450.0 -0.63258
750.0 450.0 -0.36883
850.0 450.0 -0.12612
950.0 450.0 -0.06192
1050.0 450.0 -0.23096
1150.0 450.0 -0.53241
1250.0 450.0 -0.79856
1350.0 450.0 -0.87958
1450.0 450.0 -0.72310
1550.0 450.0 -0.42676
1650.0 450.0 0.07439
1750.0 450.0 0.79184
1850.0 450.0 1.47046
1950.0 450.0 1.86108
2050.0 450.0 1.87966
2150.0 450.0 1.63159
2250.0 450.0 1.29943
2350.0 450.0 0.85990
2450.0 450.0 0.28190
2550.0 450.0 -0.20954
2650.0 450.0 -0.39780
2750.0 450.0 -0.23891
2850.0 450.0 0.12505
2950.0 450.0 0.50310
3050.0 450.0 0.85106
3150.0 450.0 1.11980
3250.0 450.0 1.25650
3350.0 450.0 1.26974
3450.0 450.0 1.23308
3550.0 450.0 1.25051
3650.0 450.0 1.38386
3750.0 450.0 1.55822
3850.0 450.0 1.62094
3950.0 450.0 1.46169
4050.0 450.0 1.07054
4150.0 450.0 0.55629
4250.0 450.0 0.09967
4350.0 450.0 -0.15855
4450.0 450.0 -0.27293
4550.0 450.0 -0.27091
4650.0 450.0 -0.09456
4750.0 450.0 0.18815
4850.0 450.0 0.45239
4950.0 450.0 0.58474
5050.0 450.0 0.53892
5150.0 450.0 0.37568
5250.0 450.0 0.09713
5350.0 450.0 -0.28111
5450.0 450.0 -0.50100
5550.0 450.0 -0.34930
5650.0 450.0 0.17674
5750.0 450.0 0.87904
5850.0 450.0 1.54404
5950.0 450.0 2.06086
6050.0 450.0 2.09650
6150.0 450.0 1.58227
6250.0 450.0 0.75530
6350.0 450.0 0.01089
50.0 550.0 1.11682
150.0 550.0 0.54969
250.0 550.0 -0.18041
350.0 550.0 -0.84933
450.0 550.0 -1.18113
550.0 550.0 -1.08591
650.0 550.0 -0.71149
750.0 550.0 -0.30918
850.0 550.0 0.01818
950.0 550.0 0.12183
1050.0 550.0 -0.05835
1150.0 550.0 -0.38880
1250.0 550.0 -0.66022
1350.0 550.0 -0.69414
1450.0 550.0 -0.43631
1550.0 550.0 -0.01270
1650.0 550.0 0.61154
1750.0 550.0 1.38512
1850.0 550.0 1.98652
1950.0 550.0 2.16420
2050.0 550.0 1.90841
2150.0 550.0 1.43019
2250.0 550.0 0.94756
2350.0 550.0 0.40554
2450.0 550.0 -0.16763
2550.0 550.0 -0.53184
2650.0 550.0 -0.51800
2750.0 550.0 -0.16933
2850.0 550.0 0.28886
2950.0 550.0 0.65074
3050.0 550.0 0.95254
3150.0 550.0 1.16366
3250.0 550.0 1.23327
3350.0 550.0 1.17849
3450.0 550.0 1.08165
3550.0 550.0 1.05137
3650.0 550.0 1.14769
3750.0 550.0 1.27942
3850.0 550.0 1.25131
3950.0 550.0 0.97916
4050.0 550.0 0.51676
4150.0 550.0 0.01458
4250.0 550.0 -0.35178
4350.0 550.0 -0.48342
4450.0 550.0 -0.46783
4550.0 550.0 -0.31915
4650.0 550.0 -0.01226
4750.0 550.0 0.32425
4850.0 550.0 0.54111
4950.0 550.0 0.55787
5050.0 550.0 0.39560
5150.0 550.0 0.14985
5250.0 550.0 -0.20892
5350.0 550.0 -0.66209
5450.0 550.0 -0.93092
5550.0 550.0 -0.79203
5650.0 550.0 -0.25274
5750.0 550.0 0.46457
5850.0 550.0 1.12909
5950.0 550.0 1.67073
6050.0 550.0 1.83728
6150.0 550.0 1.54712
6250.0 550.0 0.96436
6350.0 550.0 0.40301
50.0 650.0 0.66474
150.0 650.0 -0.00988
250.0 650.0 -0.79429
350.0 650.0 -1.41360
450.0 650.0 -1.58614
550.0 650.0 -1.27410
650.0 650.0 -0.71149
750.0 650.0 -0.20932
850.0 650.0 0.16939
950.0 650.0 0.29491
1050.0 650.0 0.10338
1150.0 650.0 -0.25077
1250.0 650.0 -0.53121
1350.0 650.0 -0.54047
1450.0 650.0 -0.22250
1550.0 650.0 0.27722
1650.0 650.0 0.95403
1750.0 650.0 1.70234
1850.0 650.0 2.17025
1950.0 650.0 2.12909
2050.0 650.0 1.63990
2150.0 650.0 0.99206
2250.0 650.0 0.41495
2350.0 650.0 -0.18570
2450.0 650.0 -0.74320
2550.0 650.0 -1.00946
2650.0 650.0 -0.84981
2750.0 650.0 -0.36712
2850.0 650.0 0.15815
2950.0 650.0 0.51197
3050.0 650.0 0.78268
3150.0 650.0 0.94358
3250.0 650.0 0.94442
3350.0 650.0 0.81454
3450.0 650.0 0.65139
3550.0 650.0 0.57431
3650.0 650.0 0.64341
3750.0 650.0 0.75516
3850.0 650.0 0.72102
3950.0 650.0 0.48572
4050.0 650.0 0.11844
4150.0 650.0 -0.24488
4250.0 650.0 -0.46840
4350.0 650.0 -0.49205
4450.0 650.0 -0.39715
4550.0 650.0 -0.17502
4650.0 650.0 0.17045
4750.0 650.0 0.48094
4850.0 650.0 0.60890
4950.0 650.0 0.51112
5050.0 650.0 0.25872
5150.0 650.0 -0.03920
5250.0 650.0 -0.45786
5350.0 650.0 -0.99404
5450.0 650.0 -1.35261
5550.0 650.0 -1.28779
5650.0 650.0 -0.79376
5750.0 650.0 -0.09483
5850.0 650.0 0.56472
5950.0 650.0 1.12427
6050.0 650.0 1.38377
6150.0 650.0 1.25404
6250.0 650.0 0.84867
6350.0 650.0 0.42384
50.0 750.0 0.12744
150.0 750.0 -0.56690
250.0 750.0 -1.31354
350.0 750.0 -1.82036
450.0 750.0 -1.82850
550.0 750.0 -1.34958
650.0 750.0 -0.66998
750.0 750.0 -0.12225
850.0 750.0 0.26969
950.0 750.0 0.39135
1050.0 750.0 0.17497
1150.0 750.0 -0.21454
1250.0 750.0 -0.52510
1350.0 750.0 -0.54625
1450.0 750.0 -0.21846
1550.0 750.0 0.30109
1650.0 750.0 0.97553
1750.0 750.0 1.67167
1850.0 750.0 2.03681
1950.0 750.0 1.86709
2050.0 750.0 1.26265
2150.0 750.0 0.54525
2250.0 750.0 -0.06035
2350.0 750.0 -0.67814
2450.0 750.0 -1.23460
2550.0 750.0 -1.47913
2650.0 750.0 -1.28514
2750.0 750.0 -0.77026
2850.0 750.0 -0.22900
2950.0 750.0 0.12213
3050.0 750.0 0.38300
3150.0 750.0 0.52372
3250.0 750.0 0.49398
3350.0 750.0 0.32935
3450.0 750.0 0.13557
3550.0 750.0 0.03819
3650.0 750.0 0.09780
3750.0 750.0 0.21206
3850.0 750.0 0.24255
3950.0 750.0 0.15960
4050.0 750.0 0.00530
4150.0 750.0 -0.14228
4250.0 750.0 -0.20763
4350.0 750.0 -0.15950
4450.0 750.0 -0.04230
4550.0 750.0 0.17794
4650.0 750.0 0.47631
4750.0 750.0 0.69640
4850.0 750.0 0.71456
4950.0 750.0 0.52230
5050.0 750.0 0.21754
5150.0 750.0 -0.09764
5250.0 750.0 -0.54493
5350.0 750.0 -1.14463
5450.0 750.0 -1.59295
5550.0 750.0 -1.62035
5650.0 750.0 -1.19655
5750.0 750.0 -0.53248
5850.0 750.0 0.12066
5950.0 750.0 0.68245
6050.0 750.0 0.95477
6150.0 750.0 0.84608
6250.0 750.0 0.46191
6350.0 750.0 0.05054
50.0 850.0 -0.35762
150.0 850.0 -1.03637
250.0 850.0 -1.71735
350.0 850.0 -2.10784
450.0 850.0 -1.97996
550.0 850.0 -1.38574
650.0 850.0 -0.64154
750.0 850.0 -0.08222
850.0 850.0 0.30129
950.0 850.0 0.40856
1050.0 850.0 0.16986
1150.0 850.0 -0.24703
1250.0 850.0 -0.58459
1350.0 850.0 -0.62706
1450.0 850.0 -0.31263
1550.0 850.0 0.19667
1650.0 850.0 0.83812
1750.0 850.0 1.46510
1850.0 850.0 1.74101
1950.0 850.0 1.48912
2050.0 850.0 0.83244
2150.0 850.0 0.10036
2250.0 850.0 -0.49633
2350.0 850.0 -1.10474
2450.0 850.0 -1.65869
2550.0 850.0 -1.90950
2650.0 850.0 -1.72816
2750.0 850.0 -1.22645
2850.0 850.0 -0.69257
2950.0 850.0 -0.34126
3050.0 850.0 -0.07789
3150.0 850.0 0.06592
3250.0 850.0 0.03781
3350.0 850.0 -0.12855
3450.0 850.0 -0.32749
3550.0 850.0 -0.43160
3650.0 850.0 -0.37804
3750.0 850.0 -0.25892
3850.0 850.0 -0.14926
3950.0 850.0 -0.05537
4050.0 850.0 0.02555
4150.0 850.0 0.10287
4250.0 850.0 0.18819
4350.0 850.0 0.28849
4450.0 850.0 0.40402
4550.0 850.0 0.59128
4650.0 850.0 0.80801
4750.0 850.0 0.91300
4850.0 850.0 0.81538
4950.0 850.0 0.53960
5050.0 850.0 0.20006
5150.0 850.0 -0.11659
5250.0 850.0 -0.57310
5350.0 850.0 -1.21164
5450.0 850.0 -1.72843
5550.0 850.0 -1.83829
5650.0 850.0 -1.48806
5750.0 850.0 -0.86990
5850.0 850.0 -0.23478
5950.0 850.0 0.31021
6050.0 850.0 0.54907
6150.0 850.0 0.39282
6250.0 850.0 -0.04113
6350.0 850.0 -0.49185
50.0 950.0 -0.53922
150.0 950.0 -1.17509
250.0 950.0 -1.78961
350.0 950.0 -2.11725
450.0 950.0 -1.96610
550.0 950.0 -1.40215
650.0 950.0 -0.72603
750.0 950.0 -0.24217
850.0 950.0 0.07653
950.0 950.0 0.16963
1050.0 950.0 -0.01740
1150.0 950.0 -0.34561
1250.0 950.0 -0.60501
1350.0 950.0 -0.62202
1450.0 950.0 -0.34929
1550.0 950.0 0.07870
1650.0 950.0 0.57777
1750.0 950.0 0.99707
1850.0 950.0 1.07536
1950.0 950.0 0.71023
2050.0 950.0 0.05062
2150.0 950.0 -0.60431
2250.0 950.0 -1.09831
2350.0 950.0 -1.60239
2450.0 950.0 -2.06552
2550.0 950.0 -2.26253
2650.0 950.0 -2.07217
2750.0 950.0 -1.58917
2850.0 950.0 -1.06920
2950.0 950.0 -0.70655
3050.0 950.0 -0.41419
3150.0 950.0 -0.21139
3250.0 950.0 -0.16742
3350.0 950.0 -0.27979
3450.0 950.0 -0.46345
3550.0 950.0 -0.59054
3650.0 950.0 -0.58055
3750.0 950.0 -0.50082
3850.0 950.0 -0.37284
3950.0 950.0 -0.17856
4050.0 950.0 0.06005
4150.0 950.0 0.29861
4250.0 950.0 0.49203
4350.0 950.0 0.61981
4450.0 950.0 0.71512
4550.0 950.0 0.84312
4650.0 950.0 0.94645
4750.0 950.0 0.91223
4850.0 950.0 0.69224
4950.0 950.0 0.34369
5050.0 950.0 -0.01142
5150.0 950.0 -0.31003
5250.0 950.0 -0.72852
5350.0 950.0 -1.31205
5450.0 950.0 -1.79747
5550.0 950.0 -1.93391
5650.0 950.0 -1.66961
5750.0 950.0 -1.16636
5850.0 950.0 -0.64150
5950.0 950.0 -0.20368
6050.0 950.0 -0.06236
6150.0 950.0 -0.27943
6250.0 950.0 -0.72326
6350.0 950.0 -1.14618
50.0 1050.0 -0.32241
150.0 1050.0 -0.87673
250.0 1050.0 -1.41080
350.0 1050.0 -1.72279
450.0 1050.0 -1.66930
550.0 1050.0 -1.30371
650.0 1050.0 -0.85693
750.0 1050.0 -0.56052
850.0 1050.0 -0.38289
950.0 1050.0 -0.31139
1050.0 1050.0 -0.36449
1150.0 1050.0 -0.47097
1250.0 1050.0 -0.53282
1350.0 1050.0 -0.47620
1450.0 1050.0 -0.28828
1550.0 1050.0 -0.03612
1650.0 1050.0 0.18882
1750.0 1050.0 0.25408
1850.0 1050.0 0.04654
1950.0 1050.0 -0.41466
2050.0 1050.0 -0.96743
2150.0 1050.0 -1.40279
2250.0 1050.0 -1.66662
2350.0 1050.0 -1.94548
2450.0 1050.0 -2.22117
2550.0 1050.0 -2.31899
2650.0 1050.0 -2.12963
2750.0 1050.0 -1.70449
2850.0 1050.0 -1.22384
2950.0 1050.0 -0.83793
3050.0 1050.0 -0.48327
3150.0 1050.0 -0.15706
3250.0 1050.0 0.03412
3350.0 1050.0 0.02712
3450.0 1050.0 -0.13440
3550.0 1050.0 -0.31861
3650.0 1050.0 -0.40588
3750.0 1050.0 -0.42598
3850.0 1050.0 -0.36979
3950.0 1050.0 -0.19571
4050.0 1050.0 0.07312
4150.0 1050.0 0.36537
4250.0 1050.0 0.59519
4350.0 1050.0 0.71236
4450.0 1050.0 0.76330
4550.0 1050.0 0.80947
4650.0 1050.0 0.78925
4750.0 1050.0 0.62996
4850.0 1050.0 0.32608
4950.0 1050.0 -0.04605
5050.0 1050.0 -0.37592
5150.0 1050.0 -0.62900
5250.0 1050.0 -0.94472
5350.0 1050.0 -1.34221
5450.0 1050.0 -1.65401
5550.0 1050.0 -1.73273
5650.0 1050.0 -1.56340
5750.0 1050.0 -1.26373
5850.0 1050.0 -0.97221
5950.0 1050.0 -0.76080
6050.0 1050.0 -0.79351
6150.0 1050.0 -1.07212
6250.0 1050.0 -1.45192
6350.0 1050.0 -1.73926
50.0 1150.0 0.12322
150.0 1150.0 -0.32290
250.0 1150.0 -0.75040
350.0 1150.0 -1.04191
450.0 1150.0 -1.11838
550.0 1150.0 -1.01635
650.0 1150.0 -0.87411
750.0 1150.0 -0.82650
850.0 1150.0 -0.83700
950.0 1150.0 -0.80210
1050.0 1150.0 -0.69490
1150.0 1150.0 -0.53022
1250.0 1150.0 -0.35207
1350.0 1150.0 -0.21275
1450.0 1150.0 -0.14286
1550.0 1150.0 -0.12270
1650.0 1150.0 -0.23122
1750.0 1150.0 -0.55475
1850.0 1150.0 -1.02338
1950.0 1150.0 -1.48990
2050.0 1150.0 -1.80981
2150.0 1150.0 -1.91310
2250.0 1150.0 -1.86734
2350.0 1150.0 -1.85673
2450.0 1150.0 -1.91651
2550.0 1150.0 -1.93597
2650.0 1150.0 -1.80733
2750.0 1150.0 -1.50722
2850.0 1150.0 -1.10410
2950.0 1150.0 -0.69188
3050.0 1150.0 -0.25762
3150.0 1150.0 0.21683
3250.0 1150.0 0.57475
3350.0 1150.0 0.67306
3450.0 1150.0 0.51052
3550.0 1150.0 0.23233
3650.0 1150.0 0.01116
3750.0 1150.0 -0.14652
3850.0 1150.0 -0.22747
3950.0 1150.0 -0.16997
4050.0 1150.0 0.02109
4150.0 1150.0 0.27261
4250.0 1150.0 0.47579
4350.0 1150.0 0.55240
4450.0 1150.0 0.54514
4550.0 1150.0 0.51251
4650.0 1150.0 0.40591
4750.0 1150.0 0.19237
4850.0 1150.0 -0.10837
4950.0 1150.0 -0.42742
5050.0 1150.0 -0.68691
5150.0 1150.0 -0.87589
5250.0 1150.0 -1.04773
5350.0 1150.0 -1.17313
5450.0 1150.0 -1.21419
5550.0 1150.0 -1.17175
5650.0 1150.0 -1.09262
5750.0 1150.0 -1.04463
5850.0 1150.0 -1.05962
5950.0 1150.0 -1.14388
6050.0 1150.0 -1.38462
6150.0 1150.0 -1.70342
6250.0 1150.0 -1.94869
6350.0 1150.0 -2.01291
50.0 1250.0 0.51250
150.0 1250.0 0.17567
250.0 1250.0 -0.12032
350.0 1250.0 -0.33733
450.0 1250.0 -0.47154
550.0 1250.0 -0.56283
650.0 1250.0 -0.67649
750.0 1250.0 -0.85747
850.0 1250.0 -1.05011
950.0 1250.0 -1.06671
1050.0 1250.0 -0.84177
1150.0 1250.0 -0.46481
1250.0 1250.0 -0.10230
1350.0 1250.0 0.08532
1450.0 1250.0 0.03078
1550.0 1250.0 -0.17053
1650.0 1250.0 -0.56966
1750.0 1250.0 -1.18808
1850.0 1250.0 -1.79351
1950.0 1250.0 -2.14778
2050.0 1250.0 -2.15694
2150.0 1250.0 -1.90274
2250.0 1250.0 -1.55622
2350.0 1250.0 -1.28094
2450.0 1250.0 -1.17852
2550.0 1250.0 -1.19560
2650.0 1250.0 -1.20633
2750.0 1250.0 -1.09202
2850.0 1250.0 -0.79785
2950.0 1250.0 -0.36661
3050.0 1250.0 0.13977
3150.0 1250.0 0.73527
3250.0 1250.0 1.21430
3350.0 1250.0 1.36681
3450.0 1250.0 1.16212
3550.0 1250.0 0.76914
3650.0 1250.0 0.41304
3750.0 1250.0 0.12181
3850.0 1250.0 -0.10367
3950.0 1250.0 -0.18595
4050.0 1250.0 -0.10620
4150.0 1250.0 0.07133
4250.0 1250.0 0.22559
4350.0 1250.0 0.25506
4450.0 1250.0 0.19305
4550.0 1250.0 0.10855
4650.0 1250.0 -0.01923
4750.0 1250.0 -0.19595
4850.0 1250.0 -0.40272
4950.0 1250.0 -0.60381
5050.0 1250.0 -0.76650
5150.0 1250.0 -0.89114
5250.0 1250.0 -0.92244
5350.0 1250.0 -0.77828
5450.0 1250.0 -0.54585
5550.0 1250.0 -0.37189
5650.0 1250.0 -0.36688
5750.0 1250.0 -0.55384
5850.0 1250.0 -0.86165
5950.0 1250.0 -1.22584
6050.0 1250.0 -1.64908
6150.0 1250.0 -1.97569
6250.0 1250.0 -2.05528
6350.0 1250.0 -1.87355
50.0 1350.0 0.58857
150.0 1350.0 0.33562
250.0 1350.0 0.18059
350.0 1350.0 0.11116
450.0 1350.0 0.05613
550.0 1350.0 -0.06099
650.0 1350.0 -0.28417
750.0 1350.0 -0.60238
850.0 1350.0 -0.92083
950.0 1350.0 -0.99525
1050.0 1350.0 -0.74071
1150.0 1350.0 -0.28652
1250.0 1350.0 0.13707
1350.0 1350.0 0.31414
1450.0 1350.0 0.15956
1550.0 1350.0 -0.19104
1650.0 1350.0 -0.75881
1750.0 1350.0 -1.50146
1850.0 1350.0 -2.08939
1950.0 1350.0 -2.25372
2050.0 1350.0 -1.96745
2150.0 1350.0 -1.43310
2250.0 1350.0 -0.87905
2350.0 1350.0 -0.43996
2450.0 1350.0 -0.28175
2550.0 1350.0 -0.38500
2650.0 1350.0 -0.58803
2750.0 1350.0 -0.67915
2850.0 1350.0 -0.50055
2950.0 1350.0 -0.06391
3050.0 1350.0 0.48627
3150.0 1350.0 1.13848
3250.0 1350.0 1.65296
3350.0 1350.0 1.78595
3450.0 1350.0 1.50320
3550.0 1350.0 1.00281
3650.0 1350.0 0.54742
3750.0 1350.0 0.16673
3850.0 1350.0 -0.14776
3950.0 1350.0 -0.30560
4050.0 1350.0 -0.27615
4150.0 1350.0 -0.12487
4250.0 1350.0 0.01223
4350.0 1350.0 0.01539
4450.0 1350.0 -0.08237
4550.0 1350.0 -0.18295
4650.0 1350.0 -0.27549
4750.0 1350.0 -0.35579
4850.0 1350.0 -0.42570
4950.0 1350.0 -0.49290
5050.0 1350.0 -0.56642
5150.0 1350.0 -0.64522
5250.0 1350.0 -0.58246
5350.0 1350.0 -0.25956
5450.0 1350.0 0.15190
5550.0 1350.0 0.40805
5650.0 1350.0 0.35727
5750.0 1350.0 0.00826
5850.0 1350.0 -0.49842
5950.0 1350.0 -1.04966
6050.0 1350.0 -1.58409
6150.0 1350.0 -1.89345
6250.0 1350.0 -1.83382
6350.0 1350.0 -1.46196
50.0 1450.0 0.25966
150.0 1450.0 0.05237
250.0 1450.0 0.02874
350.0 1450.0 0.16295
450.0 1450.0 0.31949
550.0 1450.0 0.35535
650.0 1450.0 0.19100
750.0 1450.0 -0.14985
850.0 1450.0 -0.51741
950.0 1450.0 -0.64484
1050.0 1450.0 -0.44960
1150.0 1450.0 -0.06030
1250.0 1450.0 0.29635
1350.0 1450.0 0.40919
1450.0 1450.0 0.19627
1550.0 1450.0 -0.20804
1650.0 1450.0 -0.80638
1750.0 1450.0 -1.51193
1850.0 1450.0 -1.97355
1950.0 1450.0 -1.94483
2050.0 1450.0 -1.45871
2150.0 1450.0 -0.78119
2250.0 1450.0 -0.14759
2350.0 1450.0 0.33110
2450.0 1450.0 0.44004
2550.0 1450.0 0.19254
2650.0 1450.0 -0.20633
2750.0 1450.0 -0.47443
2850.0 1450.0 -0.39157
2950.0 1450.0 0.03739
3050.0 1450.0 0.59702
3150.0 1450.0 1.23736
3250.0 1450.0 1.70493
3350.0 1450.0 1.75866
3450.0 1450.0 1.38401
3550.0 1450.0 0.80653
3650.0 1450.0 0.30492
3750.0 1450.0 -0.10455
3850.0 1450.0 -0.41989
3950.0 1450.0 -0.53763
4050.0 1450.0 -0.43773
4150.0 1450.0 -0.21168
4250.0 1450.0 -0.02441
4350.0 1450.0 -0.01088
4450.0 1450.0 -0.11986
4550.0 1450.0 -0.20951
4650.0 1450.0 -0.24554
4750.0 1450.0 -0.22786
4850.0 1450.0 -0.18353
4950.0 1450.0 -0.15452
5050.0 1450.0 -0.17484
5150.0 1450.0 -0.23505
5250.0 1450.0 -0.14306
5350.0 1450.0 0.22811
5450.0 1450.0 0.67793
5550.0 1450.0 0.93441
5650.0 1450.0 0.83956
5750.0 1450.0 0.41935
5850.0 1450.0 -0.16173
5950.0 1450.0 -0.77899
6050.0 1450.0 -1.34435
6150.0 1450.0 -1.63020
6250.0 1450.0 -1.49935
6350.0 1450.0 -1.04039
50.0 1550.0 -0.27618
150.0 1550.0 -0.45768
250.0 1550.0 -0.36060
350.0 1550.0 -0.00493
450.0 1550.0 0.41859
550.0 1550.0 0.68950
650.0 1550.0 0.66636
750.0 1550.0 0.36326
850.0 1550.0 -0.01035
950.0 1550.0 -0.18334
1050.0 1550.0 -0.08628
1150.0 1550.0 0.17306
1250.0 1550.0 0.40486
1350.0 1550.0 0.43245
1450.0 1550.0 0.18734
1550.0 1550.0 -0.21806
1650.0 1550.0 -0.77756
1750.0 1550.0 -1.37548
1850.0 1550.0 -1.67797
1950.0 1550.0 -1.48300
2050.0 1550.0 -0.87140
2150.0 1550.0 -0.13640
2250.0 1550.0 0.50449
2350.0 1550.0 0.95565
2450.0 1550.0 0.96396
2550.0 1550.0 0.55157
2650.0 1550.0 -0.03199
2750.0 1550.0 -0.45055
2850.0 1550.0 -0.44669
2950.0 1550.0 -0.03156
3050.0 1550.0 0.52010
3150.0 1550.0 1.11849
3250.0 1550.0 1.50802
3350.0 1550.0 1.46686
3450.0 1550.0 1.00797
3550.0 1550.0 0.37933
3650.0 1550.0 -0.13667
3750.0 1550.0 -0.54104
3850.0 1550.0 -0.80601
3950.0 1550.0 -0.81402
4050.0 1550.0 -0.56893
4150.0 1550.0 -0.20397
4250.0 1550.0 0.07707
4350.0 1550.0 0.12450
4450.0 1550.0 0.01887
4550.0 1550.0 -0.05134
4650.0 1550.0 -0.03790
4750.0 1550.0 0.05138
4850.0 1550.0 0.16995
4950.0 1550.0 0.25505
5050.0 1550.0 0.26110
5150.0 1550.0 0.20596
5250.0 1550.0 0.29301
5350.0 1550.0 0.63978
5450.0 1550.0 1.04704
5550.0 1550.0 1.25388
5650.0 1550.0 1.11698
5750.0 1550.0 0.67330
5850.0 1550.0 0.08640
5950.0 1550.0 -0.53075
6050.0 1550.0 -1.08731
6150.0 1550.0 -1.35464
6250.0 1550.0 -1.19998
6350.0 1550.0 -0.71902
50.0 1650.0 -0.62881
150.0 1650.0 -0.74845
250.0 1650.0 -0.52554
350.0 1650.0 0.01631
450.0 1650.0 0.64336
550.0 1650.0 1.08434
650.0 1650.0 1.16428
750.0 1650.0 0.89934
850.0 1650.0 0.53707
950.0 1650.0 0.34138
1050.0 1650.0 0.36988
1150.0 1650.0 0.53237
1250.0 1650.0 0.67092
1350.0 1650.0 0.63914
1450.0 1650.0 0.38080
1550.0 1650.0 -0.01002
1650.0 1650.0 -0.51213
1750.0 1650.0 -0.98825
1850.0 1650.0 -1.13496
1950.0 1650.0 -0.79955
2050.0 1650.0 -0.10298
2150.0 1650.0 0.64959
2250.0 1650.0 1.26615
2350.0 1650.0 1.64902
2450.0 1650.0 1.49397
2550.0 1650.0 0.84264
2650.0 1650.0 0.00756
2750.0 1650.0 -0.60709
2850.0 1650.0 -0.70369
2950.0 1650.0 -0.30848
3050.0 1650.0 0.23982
3150.0 1650.0 0.83508
3250.0 1650.0 1.22510
3350.0 1650.0 1.19043
3450.0 1650.0 0.74316
3550.0 1650.0 0.12750
3650.0 1650.0 -0.37790
3750.0 1650.0 -0.77001
3850.0 1650.0 -0.99698
3950.0 1650.0 -0.92802
4050.0 1650.0 -0.57580
4150.0 1650.0 -0.09774
4250.0 1650.0 0.27444
4350.0 1650.0 0.37546
4450.0 1650.0 0.30026
4550.0 1650.0 0.24243
4650.0 1650.0 0.24203
4750.0 1650.0 0.30283
4850.0 1650.0 0.39777
4950.0 1650.0 0.48070
5050.0 1650.0 0.51171
5150.0 1650.0 0.49818
5250.0 1650.0 0.61381
5350.0 1650.0 0.95039
5450.0 1650.0 1.30850
5550.0 1650.0 1.44753
5650.0 1650.0 1.25416
5750.0 1650.0 0.79016
5850.0 1650.0 0.21953
5950.0 1650.0 -0.37590
6050.0 1650.0 -0.92051
6150.0 1650.0 -1.18654
6250.0 1650.0 -1.03604
6350.0 1650.0 -0.55677
50.0 1750.0 -0.61146
150.0 1750.0 -0.60757
250.0 1750.0 -0.26950
350.0 1750.0 0.35600
450.0 1750.0 1.02253
550.0 1750.0 1.46982
650.0 1750.0 1.55290
750.0 1750.0 1.31470
850.0 1750.0 0.99107
950.0 1750.0 0.81477
1050.0 1750.0 0.83525
1150.0 1750.0 0.97143
1250.0 1750.0 1.08373
1350.0 1750.0 1.04435
1450.0 1750.0 0.80560
1550.0 1750.0 0.45233
1650.0 1750.0 0.02701
1750.0 1750.0 -0.32841
1850.0 1750.0 -0.35750
1950.0 1750.0 0.04451
2050.0 1750.0 0.73801
2150.0 1750.0 1.43466
2250.0 1750.0 1.97623
2350.0 1750.0 2.24062
2450.0 1750.0 1.87220
2550.0 1750.0 0.94470
2650.0 1750.0 -0.15852
2750.0 1750.0 -0.96891
2850.0 1750.0 -1.16160
2950.0 1750.0 -0.78870
3050.0 1750.0 -0.23782
3150.0 1750.0 0.40723
3250.0 1750.0 0.90553
3350.0 1750.0 1.01726
3450.0 1750.0 0.71467
3550.0 1750.0 0.20176
3650.0 1750.0 -0.25723
3750.0 1750.0 -0.62848
3850.0 1750.0 -0.85344
3950.0 1750.0 -0.79222
4050.0 1750.0 -0.43398
4150.0 1750.0 0.08012
4250.0 1750.0 0.51771
4350.0 1750.0 0.69902
4450.0 1750.0 0.70107
4550.0 1750.0 0.64897
4650.0 1750.0 0.54036
4750.0 1750.0 0.42241
4850.0 1750.0 0.34910
4950.0 1750.0 0.34875
5050.0 1750.0 0.41268
5150.0 1750.0 0.50736
5250.0 1750.0 0.71481
5350.0 1750.0 1.07590
5450.0 1750.0 1.38545
5550.0 1750.0 1.43469
5650.0 1750.0 1.16398
5750.0 1750.0 0.68364
5850.0 1750.0 0.16294
5950.0 1750.0 -0.37830
6050.0 1750.0 -0.90939
6150.0 1750.0 -1.20531
6250.0 1750.0 -1.10579
6350.0 1750.0 -0.66581
50.0 1850.0 -0.28199
150.0 1850.0 -0.11526
250.0 1850.0 0.29956
350.0 1850.0 0.87636
450.0 1850.0 1.39250
550.0 1850.0 1.66419
650.0 1850.0 1.63960
750.0 1850.0 1.40936
850.0 1850.0 1.14463
950.0 1850.0 1.02197
1050.0 1850.0 1.08636
1150.0 1850.0 1.25793
1250.0 1850.0 1.40268
1350.0 1850.0 1.40012
1450.0 1850.0 1.20736
1550.0 1850.0 0.90795
1650.0 1850.0 0.56210
1750.0 1850.0 0.29575
1850.0 1850.0 0.31144
1950.0 1850.0 0.67959
2050.0 1850.0 1.27099
2150.0 1850.0 1.84248
2250.0 1850.0 2.27064
2350.0 1850.0 2.40390
2450.0 1850.0 1.86935
2550.0 1850.0 0.77445
2650.0 1850.0 -0.45739
2750.0 1850.0 -1.34003
2850.0 1850.0 -1.56088
2950.0 1850.0 -1.20043
3050.0 1850.0 -0.64793
3150.0 1850.0 0.05895
3250.0 1850.0 0.69534
3350.0 1850.0 0.99666
3450.0 1850.0 0.88399
3550.0 1850.0 0.50831
3650.0 1850.0 0.11366
3750.0 1850.0 -0.23221
3850.0 1850.0 -0.49543
3950.0 1850.0 -0.53392
4050.0 1850.0 -0.28296
4150.0 1850.0 0.17339
4250.0 1850.0 0.63255
4350.0 1850.0 0.90486
4450.0 1850.0 1.01862
4550.0 1850.0 0.97665
4650.0 1850.0 0.71484
4750.0 1850.0 0.34285
4850.0 1850.0 0.03099
4950.0 1850.0 -0.08579
5050.0 1850.0 0.02830
5150.0 1850.0 0.28107
5250.0 1850.0 0.62805
5350.0 1850.0 1.04382
5450.0 1850.0 1.31285
5550.0 1850.0 1.26463
5650.0 1850.0 0.90806
5750.0 1850.0 0.41777
5850.0 1850.0 -0.02776
5950.0 1850.0 -0.49128
6050.0 1850.0 -1.00891
6150.0 1850.0 -1.35972
6250.0 1850.0 -1.34805
6350.0 1850.0 -0.97715
50.0 1950.0 0.14034
150.0 1950.0 0.46576
250.0 1950.0 0.90913
350.0 1950.0 1.34059
450.0 1950.0 1.58550
550.0 1950.0 1.57283
650.0 1950.0 1.37445
750.0 1950.0 1.13517
850.0 1950.0 0.93194
950.0 1950.0 0.87157
1050.0 1950.0 0.99633
1150.0 1950.0 1.22439
1250.0 1950.0 1.42178
1350.0 1950.0 1.47022
1450.0 1950.0 1.32970
1550.0 1950.0 1.08518
1650.0 1950.0 0.80248
1750.0 1950.0 0.57746
1850.0 1950.0 0.56547
1950.0 1950.0 0.82218
2050.0 1950.0 1.25107
2150.0 1950.0 1.66773
2250.0 1950.0 1.97651
2350.0 1950.0 2.01192
2450.0 1950.0 1.43698
2550.0 1950.0 0.38220
2650.0 1950.0 -0.74494
2750.0 1950.0 -1.50918
2850.0 1950.0 -1.65775
2950.0 1950.0 -1.29199
3050.0 1950.0 -0.74562
3150.0 1950.0 -0.01403
3250.0 1950.0 0.69296
3350.0 1950.0 1.10322
3450.0 1950.0 1.11025
3550.0 1950.0 0.83052
3650.0 1950.0 0.49017
3750.0 1950.0 0.16766
3850.0 1950.0 -0.15825
3950.0 1950.0 -0.34938
4050.0 1950.0 -0.27443
4150.0 1950.0 0.06034
4250.0 1950.0 0.50039
4350.0 1950.0 0.85212
4450.0 1950.0 1.08151
4550.0 1950.0 1.06346
4650.0 1950.0 0.67834
4750.0 1950.0 0.09425
4850.0 1950.0 -0.41250
4950.0 1950.0 -0.61153
5050.0 1950.0 -0.42893
5150.0 1950.0 -0.01114
5250.0 1950.0 0.48249
5350.0 1950.0 0.96301
5450.0 1950.0 1.20335
5550.0 1950.0 1.06897
5650.0 1950.0 0.63540
5750.0 1950.0 0.14088
5850.0 1950.0 -0.22594
5950.0 1950.0 -0.60961
6050.0 1950.0 -1.11551
6150.0 1950.0 -1.52701
6250.0 1950.0 -1.61086
6350.0 1950.0 -1.31548
50.0 2050.0 0.38617
150.0 2050.0 0.82546
250.0 2050.0 1.26672
350.0 2050.0 1.54604
450.0 2050.0 1.53541
550.0 2050.0 1.26337
650.0 2050.0 0.90663
750.0 2050.0 0.65266
850.0 2050.0 0.49454
950.0 2050.0 0.47489
1050.0 2050.0 0.63216
1150.0 2050.0 0.88573
1250.0 2050.0 1.10644
1350.0 2050.0 1.18211
1450.0 2050.0 1.07660
1550.0 2050.0 0.87231
1650.0 2050.0 0.62689
1750.0 2050.0 0.40645
1850.0 2050.0 0.33556
1950.0 2050.0 0.46968
2050.0 2050.0 0.74797
2150.0 2050.0 1.03605
2250.0 2050.0 1.25490
2350.0 2050.0 1.25245
2450.0 2050.0 0.76959
2550.0 2050.0 -0.05699
2650.0 2050.0 -0.88498
2750.0 2050.0 -1.38130
2850.0 2050.0 -1.38166
2950.0 2050.0 -0.99502
3050.0 2050.0 -0.46490
3150.0 2050.0 0.22660
3250.0 2050.0 0.87853
3350.0 2050.0 1.24004
3450.0 2050.0 1.22191
3550.0 2050.0 0.94521
3650.0 2050.0 0.62714
3750.0 2050.0 0.32060
3850.0 2050.0 -0.06292
3950.0 2050.0 -0.39117
4050.0 2050.0 -0.47806
4150.0 2050.0 -0.26302
4250.0 2050.0 0.14330
4350.0 2050.0 0.54735
4450.0 2050.0 0.86391
4550.0 2050.0 0.88508
4650.0 2050.0 0.46373
4750.0 2050.0 -0.19822
4850.0 2050.0 -0.76807
4950.0 2050.0 -0.96781
5050.0 2050.0 -0.70768
5150.0 2050.0 -0.16431
5250.0 2050.0 0.43893
5350.0 2050.0 0.96870
5450.0 2050.0 1.18926
5550.0 2050.0 0.99242
5650.0 2050.0 0.50286
5750.0 2050.0 0.00591
5850.0 2050.0 -0.30211
5950.0 2050.0 -0.62614
6050.0 2050.0 -1.12273
6150.0 2050.0 -1.57845
6250.0 2050.0 -1.73228
6350.0 2050.0 -1.49213
50.0 2150.0 0.27569
150.0 2150.0 0.76611
250.0 2150.0 1.20777
350.0 2150.0 1.42162
450.0 2150.0 1.29987
550.0 2150.0 0.91464
650.0 2150.0 0.48880
750.0 2150.0 0.22871
850.0 2150.0 0.08870
950.0 2150.0 0.06892
1050.0 2150.0 0.20059
1150.0 2150.0 0.41232
1250.0 2150.0 0.59240
1350.0 2150.0 0.64564
1450.0 2150.0 0.54320
1550.0 2150.0 0.35622
1650.0 2150.0 0.12577
1750.0 2150.0 -0.09711
1850.0 2150.0 -0.20085
1950.0 2150.0 -0.12828
2050.0 2150.0 0.07766
2150.0 2150.0 0.30604
2250.0 2150.0 0.48489
2350.0 2150.0 0.50073
2450.0 2150.0 0.18166
2550.0 2150.0 -0.34389
2650.0 2150.0 -0.81626
2750.0 2150.0 -1.01252
2850.0 2150.0 -0.85196
2950.0 2150.0 -0.43900
3050.0 2150.0 0.06755
3150.0 2150.0 0.65944
3250.0 2150.0 1.13638
3350.0 2150.0 1.29466
3450.0 2150.0 1.10558
3550.0 2150.0 0.73458
3650.0 2150.0 0.40105
3750.0 2150.0 0.10149
3850.0 2150.0 -0.30760
3950.0 2150.0 -0.69679
4050.0 2150.0 -0.85555
4150.0 2150.0 -0.69358
4250.0 2150.0 -0.30205
4350.0 2150.0 0.12549
4450.0 2150.0 0.48279
4550.0 2150.0 0.55223
4650.0 2150.0 0.19466
4750.0 2150.0 -0.38686
4850.0 2150.0 -0.86690
4950.0 2150.0 -0.97995
5050.0 2150.0 -0.64714
5150.0 2150.0 -0.04402
5250.0 2150.0 0.60643
5350.0 2150.0 1.15227
5450.0 2150.0 1.35447
5550.0 2150.0 1.11920
5650.0 2150.0 0.59615
5750.0 2150.0 0.09376
5850.0 2150.0 -0.18873
5950.0 2150.0 -0.48542
6050.0 2150.0 -0.97457
6150.0 2150.0 -1.44412
6250.0 2150.0 -1.62215
6350.0 2150.0 -1.40050
50.0 2250.0 -0.11760
150.0 2250.0 0.38168
250.0 2250.0 0.84269
350.0 2250.0 1.08605
450.0 2250.0 0.99713
550.0 2250.0 0.63969
650.0 2250.0 0.23077
750.0 2250.0 -0.02319
850.0 2250.0 -0.16473
950.0 2250.0 -0.21612
1050.0 2250.0 -0.15639
1150.0 2250.0 -0.04087
1250.0 2250.0 0.04703
1350.0 2250.0 0.03852
1450.0 2250.0 -0.08497
1550.0 2250.0 -0.27060
1650.0 2250.0 -0.49528
1750.0 2250.0 -0.70791
1850.0 2250.0 -0.80016
1950.0 2250.0 -0.71893
2050.0 2250.0 -0.50958
2150.0 2250.0 -0.28280
2250.0 2250.0 -0.10740
2350.0 2250.0 -0.04652
2450.0 2250.0 -0.19732
2550.0 2250.0 -0.44585
2650.0 2250.0 -0.60715
2750.0 2250.0 -0.54950
2850.0 2250.0 -0.25534
2950.0 2250.0 0.18115
3050.0 2250.0 0.66160
3150.0 2250.0 1.12550
3250.0 2250.0 1.36804
3350.0 2250.0 1.24454
3450.0 2250.0 0.80847
3550.0 2250.0 0.29057
3650.0 2250.0 -0.08078
3750.0 2250.0 -0.37864
3850.0 2250.0 -0.78193
3950.0 2250.0 -1.15972
4050.0 2250.0 -1.30296
4150.0 2250.0 -1.12491
4250.0 2250.0 -0.72069
4350.0 2250.0 -0.28592
4450.0 2250.0 0.07813
4550.0 2250.0 0.19704
4650.0 2250.0 -0.03782
4750.0 2250.0 -0.44370
4850.0 2250.0 -0.74322
4950.0 2250.0 -0.72130
5050.0 2250.0 -0.32624
5150.0 2250.0 0.28777
5250.0 2250.0 0.93901
5350.0 2250.0 1.47414
5450.0 2250.0 1.65520
5550.0 2250.0 1.39505
5650.0 2250.0 0.85194
5750.0 2250.0 0.34055
5850.0 2250.0 0.05932
5950.0 2250.0 -0.23316
6050.0 2250.0 -0.71525
6150.0 2250.0 -1.17493
6250.0 2250.0 -1.34202
6350.0 2250.0 -1.11065
50.0 2350.0 -0.65161
150.0 2350.0 -0.15968
250.0 2350.0 0.31895
350.0 2350.0 0.61242
450.0 2350.0 0.59615
550.0 2350.0 0.31244
650.0 2350.0 -0.04443
750.0 2350.0 -0.27739
850.0 2350.0 -0.41597
950.0 2350.0 -0.50169
1050.0 2350.0 -0.52133
1150.0 2350.0 -0.50577
1250.0 2350.0 -0.50364
1350.0 2350.0 -0.55657
1450.0 2350.0 -0.67738
1550.0 2350.0 -0.83597
1650.0 2350.0 -1.01972
1750.0 2350.0 -1.18044
1850.0 2350.0 -1.22985
1950.0 2350.0 -1.13139
2050.0 2350.0 -0.93232
2150.0 2350.0 -0.73121
2250.0 2350.0 -0.58250
2350.0 2350.0 -0.50429
2450.0 2350.0 -0.52624
2550.0 2350.0 -0.54538
2650.0 2350.0 -0.44304
2750.0 2350.0 -0.17063
2850.0 2350.0 0.23008
2950.0 2350.0 0.67238
3050.0 2350.0 1.10973
3150.0 2350.0 1.42847
3250.0 2350.0 1.42834
3350.0 2350.0 1.03064
3450.0 2350.0 0.36933
3550.0 2350.0 -0.26921
3650.0 2350.0 -0.65770
3750.0 2350.0 -0.93452
3850.0 2350.0 -1.29853
3950.0 2350.0 -1.62457
4050.0 2350.0 -1.72347
4150.0 2350.0 -1.52439
4250.0 2350.0 -1.12526
4350.0 2350.0 -0.71198
4450.0 2350.0 -0.36952
4550.0 2350.0 -0.21358
4650.0 2350.0 -0.31691
4750.0 2350.0 -0.53148
4850.0 2350.0 -0.64637
4950.0 2350.0 -0.50869
5050.0 2350.0 -0.09387
5150.0 2350.0 0.47676
5250.0 2350.0 1.08302
5350.0 2350.0 1.59448
5450.0 2350.0 1.78568
5550.0 2350.0 1.56603
5650.0 2350.0 1.07375
5750.0 2350.0 0.59730
5850.0 2350.0 0.32463
5950.0 2350.0 0.04011
6050.0 2350.0 -0.41275
6150.0 2350.0 -0.82487
6250.0 2350.0 -0.94097
6350.0 2350.0 -0.67136
50.0 2450.0 -1.28075
150.0 2450.0 -0.82726
250.0 2450.0 -0.35501
350.0 2450.0 -0.01389
450.0 2450.0 0.06832
550.0 2450.0 -0.09593
650.0 2450.0 -0.35493
750.0 2450.0 -0.53778
850.0 2450.0 -0.65606
950.0 2450.0 -0.77105
1050.0 2450.0 -0.86929
1150.0 2450.0 -0.93933
1250.0 2450.0 -0.98419
1350.0 2450.0 -1.02126
1450.0 2450.0 -1.07064
1550.0 2450.0 -1.13294
1650.0 2450.0 -1.18818
1750.0 2450.0 -1.20577
1850.0 2450.0 -1.16098
1950.0 2450.0 -1.05935
2050.0 2450.0 -0.93846
2150.0 2450.0 -0.84575
2250.0 2450.0 -0.79351
2350.0 2450.0 -0.77735
2450.0 2450.0 -0.77681
2550.0 2450.0 -0.68882
2650.0 2450.0 -0.43963
2750.0 2450.0 -0.04603
2850.0 2450.0 0.39669
2950.0 2450.0 0.80020
3050.0 2450.0 1.15635
3150.0 2450.0 1.31527
3250.0 2450.0 1.10638
3350.0 2450.0 0.52161
3450.0 2450.0 -0.24822
3550.0 2450.0 -0.90210
3650.0 2450.0 -1.24271
3750.0 2450.0 -1.44886
3850.0 2450.0 -1.70365
3950.0 2450.0 -1.90865
4050.0 2450.0 -1.93092
4150.0 2450.0 -1.73246
4250.0 2450.0 -1.40057
4350.0 2450.0 -1.07963
4450.0 2450.0 -0.82058
4550.0 2450.0 -0.66335
4650.0 2450.0 -0.64095
4750.0 2450.0 -0.66798
4850.0 2450.0 -0.63022
4950.0 2450.0 -0.45097
5050.0 2450.0 -0.12540
5150.0 2450.0 0.27894
5250.0 2450.0 0.73465
5350.0 2450.0 1.18424
5450.0 2450.0 1.44370
5550.0 2450.0 1.40158
5650.0 2450.0 1.11562
5750.0 2450.0 0.77606
5850.0 2450.0 0.53574
5950.0 2450.0 0.27283
6050.0 2450.0 -0.10756
6150.0 2450.0 -0.40712
6250.0 2450.0 -0.40900
6350.0 2450.0 -0.06154
50.0 2550.0 -1.70406
150.0 2550.0 -1.31983
250.0 2550.0 -0.89417
350.0 2550.0 -0.54356
450.0 2550.0 -0.38418
550.0 2550.0 -0.42797
650.0 2550.0 -0.57277
750.0 2550.0 -0.68662
850.0 2550.0 -0.76905
950.0 2550.0 -0.90487
1050.0 2550.0 -1.07227
1150.0 2550.0 -1.20372
1250.0 2550.0 -1.25049
1350.0 2550.0 -1.21147
1450.0 2550.0 -1.12662
1550.0 2550.0 -1.03221
1650.0 2550.0 -0.88701
1750.0 2550.0 -0.69408
1850.0 2550.0 -0.52810
1950.0 2550.0 -0.45411
2050.0 2550.0 -0.48454
2150.0 2550.0 -0.57867
2250.0 2550.0 -0.68460
2350.0 2550.0 -0.80605
2450.0 2550.0 -0.89754
2550.0 2550.0 -0.84432
2650.0 2550.0 -0.58941
2750.0 2550.0 -0.18811
2850.0 2550.0 0.22351
2950.0 2550.0 0.54628
3050.0 2550.0 0.79548
3150.0 2550.0 0.81945
3250.0 2550.0 0.50077
3350.0 2550.0 -0.11128
3450.0 2550.0 -0.81398
3550.0 2550.0 -1.34707
3650.0 2550.0 -1.57127
3750.0 2550.0 -1.66411
3850.0 2550.0 -1.75524
3950.0 2550.0 -1.79300
4050.0 2550.0 -1.72923
4150.0 2550.0 -1.56822
4250.0 2550.0 -1.36980
4350.0 2550.0 -1.20734
4450.0 2550.0 -1.08636
4550.0 2550.0 -0.96721
4650.0 2550.0 -0.84538
4750.0 2550.0 -0.71876
4850.0 2550.0 -0.58759
4950.0 2550.0 -0.45467
5050.0 2550.0 -0.32369
5150.0 2550.0 -0.19412
5250.0 2550.0 0.01190
5350.0 2550.0 0.34312
5450.0 2550.0 0.68462
5550.0 2550.0 0.89889
5650.0 2550.0 0.92226
5750.0 2550.0 0.79168
5850.0 2550.0 0.60165
5950.0 2550.0 0.36785
6050.0 2550.0 0.07671
6150.0 2550.0 -0.09156
6250.0 2550.0 0.03054
6350.0 2550.0 0.45083
50.0 2650.0 -1.67979
150.0 2650.0 -1.37893
250.0 2650.0 -1.03759
350.0 2650.0 -0.73700
450.0 2650.0 -0.56544
550.0 2650.0 -0.54055
650.0 2650.0 -0.59788
750.0 2650.0 -0.64580
850.0 2650.0 -0.68722
950.0 2650.0 -0.83599
1050.0 2650.0 -1.05799
1150.0 2650.0 -1.22804
1250.0 2650.0 -1.24829
1350.0 2650.0 -1.10503
1450.0 2650.0 -0.86344
1550.0 2650.0 -0.59437
1650.0 2650.0 -0.23333
1750.0 2650.0 0.17392
1850.0 2650.0 0.44524
1950.0 2650.0 0.45764
2050.0 2650.0 0.23552
2150.0 2650.0 -0.07719
2250.0 2650.0 -0.36073
2350.0 2650.0 -0.65070
2450.0 2650.0 -0.89741
2550.0 2650.0 -0.96829
2650.0 2650.0 -0.80216
2750.0 2650.0 -0.46959
2850.0 2650.0 -0.13323
2950.0 2650.0 0.09223
3050.0 2650.0 0.23680
3150.0 2650.0 0.18359
3250.0 2650.0 -0.12260
3350.0 2650.0 -0.60228
3450.0 2650.0 -1.08685
3550.0 2650.0 -1.39945
3650.0 2650.0 -1.47105
3750.0 2650.0 -1.43878
3850.0 2650.0 -1.35886
3950.0 2650.0 -1.23467
4050.0 2650.0 -1.10715
4150.0 2650.0 -1.01848
4250.0 2650.0 -0.98938
4350.0 2650.0 -1.01086
4450.0 2650.0 -1.04518
4550.0 2650.0 -0.98681
4650.0 2650.0 -0.80176
4750.0 2650.0 -0.57248
4850.0 2650.0 -0.40749
4950.0 2650.0 -0.37809
5050.0 2650.0 -0.48674
5150.0 2650.0 -0.66589
5250.0 2650.0 -0.74845
5350.0 2650.0 -0.58340
5450.0 2650.0 -0.20513
5550.0 2650.0 0.23456
5650.0 2650.0 0.55423
5750.0 2650.0 0.63158
5850.0 2650.0 0.49336
5950.0 2650.0 0.28503
6050.0 2650.0 0.06009
6150.0 2650.0 -0.02210
6250.0 2650.0 0.16618
6350.0 2650.0 0.60482
50.0 2750.0 -1.21873
150.0 2750.0 -0.99137
250.0 2750.0 -0.74900
350.0 2750.0 -0.54605
450.0 2750.0 -0.43405
550.0 2750.0 -0.41506
650.0 2750.0 -0.43882
750.0 2750.0 -0.44354
850.0 2750.0 -0.45166
950.0 2750.0 -0.61036
1050.0 2750.0 -0.87543
1150.0 2750.0 -1.07513
1250.0 2750.0 -1.07220
1350.0 2750.0 -0.84312
1450.0 2750.0 -0.47378
1550.0 2750.0 -0.06317
1650.0 2750.0 0.46583
1750.0 2750.0 1.02733
1850.0 2750.0 1.35527
1950.0 2750.0 1.28767
2050.0 2750.0 0.88749
2150.0 2750.0 0.38721
2250.0 2750.0 -0.04172
2350.0 2750.0 -0.47084
2450.0 2750.0 -0.85141
2550.0 2750.0 -1.03571
2650.0 2750.0 -0.95574
2750.0 2750.0 -0.69042
2850.0 2750.0 -0.42119
2950.0 2750.0 -0.27587
3050.0 2750.0 -0.20763
3150.0 2750.0 -0.27998
3250.0 2750.0 -0.49584
3350.0 2750.0 -0.77121
3450.0 2750.0 -0.99339
3550.0 2750.0 -1.07584
3650.0 2750.0 -1.00991
3750.0 2750.0 -0.87714
3850.0 2750.0 -0.66851
3950.0 2750.0 -0.43475
4050.0 2750.0 -0.28435
4150.0 2750.0 -0.28193
4250.0 2750.0 -0.40877
4350.0 2750.0 -0.58619
4450.0 2750.0 -0.74728
4550.0 2750.0 -0.74373
4650.0 2750.0 -0.52146
4750.0 2750.0 -0.22916
4850.0 2750.0 -0.05757
4950.0 2750.0 -0.12767
5050.0 2750.0 -0.43775
5150.0 2750.0 -0.86859
5250.0 2750.0 -1.19881
5350.0 2750.0 -1.21307
5450.0 2750.0 -0.87582
5550.0 2750.0 -0.33129
5650.0 2750.0 0.16611
5750.0 2750.0 0.37991
5850.0 2750.0 0.27827
5950.0 2750.0 0.08294
6050.0 2750.0 -0.12486
6150.0 2750.0 -0.20347
6250.0 2750.0 -0.04074
6350.0 2750.0 0.34368
50.0 2850.0 -0.56784
150.0 2850.0 -0.38473
250.0 2850.0 -0.22426
350.0 2850.0 -0.12859
450.0 2850.0 -0.11612
550.0 2850.0 -0.16088
650.0 2850.0 -0.20385
750.0 2850.0 -0.19606
850.0 2850.0 -0.18774
950.0 2850.0 -0.36000
1050.0 2850.0 -0.66595
1150.0 2850.0 -0.90546
1250.0 2850.0 -0.91361
1350.0 2850.0 -0.65522
1450.0 2850.0 -0.22452
1550.0 2850.0 0.25976
1650.0 2850.0 0.86940
1750.0 2850.0 1.49172
1850.0 2850.0 1.81996
1950.0 2850.0 1.67994
2050.0 2850.0 1.16359
2150.0 2850.0 0.55469
2250.0 2850.0 0.04848
2350.0 2850.0 -0.44413
2450.0 2850.0 -0.86162
2550.0 2850.0 -1.05132
2650.0 2850.0 -0.95621
2750.0 2850.0 -0.67714
2850.0 2850.0 -0.41740
2950.0 2850.0 -0.30954
3050.0 2850.0 -0.27780
3150.0 2850.0 -0.34234
3250.0 2850.0 -0.47786
3350.0 2850.0 -0.60626
3450.0 2850.0 -0.65571
3550.0 2850.0 -0.59639
3650.0 2850.0 -0.45268
3750.0 2850.0 -0.26827
3850.0 2850.0 -0.00166
3950.0 2850.0 0.26902
4050.0 2850.0 0.40438
4150.0 2850.0 0.33580
4250.0 2850.0 0.10987
4350.0 2850.0 -0.15552
4450.0 2850.0 -0.38305
4550.0 2850.0 -0.40205
4650.0 2850.0 -0.14399
4750.0 2850.0 0.20481
4850.0 2850.0 0.40383
4950.0 2850.0 0.29916
5050.0 2850.0 -0.10897
5150.0 2850.0 -0.67149
5250.0 2850.0 -1.14826
5350.0 2850.0 -1.31214
5450.0 2850.0 -1.08522
5550.0 2850.0 -0.58372
5650.0 2850.0 -0.07189
5750.0 2850.0 0.17286
5850.0 2850.0 0.08352
5950.0 2850.0 -0.11363
6050.0 2850.0 -0.35369
6150.0 2850.0 -0.50513
6250.0 2850.0 -0.44506
6350.0 2850.0 -0.16694
50.0 2950.0 0.01590
150.0 2950.0 0.18429
250.0 2950.0 0.29430
350.0 2950.0 0.30377
450.0 2950.0 0.21680
550.0 2950.0 0.08811
650.0 2950.0 -0.00236
750.0 2950.0 -0.00450
850.0 2950.0 0.00466
950.0 2950.0 -0.18776
1050.0 2950.0 -0.53989
1150.0 2950.0 -0.83809
1250.0 2950.0 -0.89764
1350.0 2950.0 -0.66748
1450.0 2950.0 -0.23796
1550.0 2950.0 0.25850
1650.0 2950.0 0.87337
1750.0 2950.0 1.48191
1850.0 2950.0 1.77420
1950.0 2950.0 1.58398
2050.0 2950.0 1.01906
2150.0 2950.0 0.37828
2250.0 2950.0 -0.14281
2350.0 2950.0 -0.62513
2450.0 2950.0 -0.97368
2550.0 2950.0 -1.04172
2650.0 2950.0 -0.80716
2750.0 2950.0 -0.41453
2850.0 2950.0 -0.09815
2950.0 2950.0 0.01345
3050.0 2950.0 0.03857
3150.0 2950.0 -0.02489
3250.0 2950.0 -0.14662
3350.0 2950.0 -0.24939
3450.0 2950.0 -0.26852
3550.0 2950.0 -0.18416
3650.0 2950.0 -0.02660
3750.0 2950.0 0.16573
3850.0 2950.0 0.43167
3950.0 2950.0 0.68523
4050.0 2950.0 0.78671
4150.0 2950.0 0.67578
4250.0 2950.0 0.41225
4350.0 2950.0 0.12408
4450.0 2950.0 -0.11463
4550.0 2950.0 -0.12013
4650.0 2950.0 0.19001
4750.0 2950.0 0.61471
4850.0 2950.0 0.88603
4950.0 2950.0 0.82482
5050.0 2950.0 0.42082
5150.0 2950.0 -0.16359
5250.0 2950.0 -0.68947
5350.0 2950.0 -0.95688
5450.0 2950.0 -0.87252
5550.0 2950.0 -0.51436
5650.0 2950.0 -0.10903
5750.0 2950.0 0.08499
5850.0 2950.0 -0.01169
5950.0 2950.0 -0.22048
6050.0 2950.0 -0.52020
6150.0 2950.0 -0.78225
6250.0 2950.0 -0.85714
6350.0 2950.0 -0.69973
50.0 3050.0 0.49558
150.0 3050.0 0.64314
250.0 3050.0 0.70139
350.0 3050.0 0.62988
450.0 3050.0 0.45350
550.0 3050.0 0.25154
650.0 3050.0 0.12018
750.0 3050.0 0.10856
850.0 3050.0 0.11649
950.0 3050.0 -0.09793
1050.0 3050.0 -0.49973
1150.0 3050.0 -0.86386
1250.0 3050.0 -0.98596
1350.0 3050.0 -0.79699
1450.0 3050.0 -0.38061
1550.0 3050.0 0.11749
1650.0 3050.0 0.72865
1750.0 3050.0 1.32487
1850.0 3050.0 1.60161
1950.0 3050.0 1.39995
2050.0 3050.0 0.83261
2150.0 3050.0 0.19879
2250.0 3050.0 -0.30999
2350.0 3050.0 -0.75489
2450.0 3050.0 -1.00558
2550.0 3050.0 -0.92547
2650.0 3050.0 -0.53105
2750.0 3050.0 -0.01073
2850.0 3050.0 0.37331
2950.0 3050.0 0.50019
3050.0 3050.0 0.52711
3150.0 3050.0 0.45522
3250.0 3050.0 0.31201
3350.0 3050.0 0.17884
3450.0 3050.0 0.12911
3550.0 3050.0 0.19178
3650.0 3050.0 0.34009
3750.0 3050.0 0.52687
3850.0 3050.0 0.77764
3950.0 3050.0 1.00250
4050.0 3050.0 1.06605
4150.0 3050.0 0.91694
4250.0 3050.0 0.62425
4350.0 3050.0 0.32029
4450.0 3050.0 0.07443
4550.0 3050.0 0.08319
4650.0 3050.0 0.44791
4750.0 3050.0 0.96246
4850.0 3050.0 1.33572
4950.0 3050.0 1.35876
5050.0 3050.0 1.00056
5150.0 3050.0 0.43108
5250.0 3050.0 -0.11451
5350.0 3050.0 -0.47672
5450.0 3050.0 -0.55183
5550.0 3050.0 -0.37182
5650.0 3050.0 -0.10827
5750.0 3050.0 0.01745
5850.0 3050.0 -0.08213
5950.0 3050.0 -0.29007
6050.0 3050.0 -0.62799
6150.0 3050.0 -0.97384
6250.0 3050.0 -1.15961
6350.0 3050.0 -1.10785
50.0 3150.0 0.69856
150.0 3150.0 0.77458
250.0 3150.0 0.74698
350.0 3150.0 0.59450
450.0 3150.0 0.36590
550.0 3150.0 0.14842
650.0 3150.0 0.02584
750.0 3150.0 0.02573
850.0 3150.0 0.03838
950.0 3150.0 -0.19451
1050.0 3150.0 -0.64429
1150.0 3150.0 -1.07214
1250.0 3150.0 -1.25197
1350.0 3150.0 -1.09617
1450.0 3150.0 -0.68265
1550.0 3150.0 -0.17153
1650.0 3150.0 0.45747
1750.0 3150.0 1.08927
1850.0 3150.0 1.43008
1950.0 3150.0 1.31778
2050.0 3150.0 0.84772
2150.0 3150.0 0.29762
2250.0 3150.0 -0.14573
2350.0 3150.0 -0.51532
2450.0 3150.0 -0.66670
2550.0 3150.0 -0.47889
2650.0 3150.0 0.00891
2750.0 3150.0 0.59410
2850.0 3150.0 1.01526
2950.0 3150.0 1.16453
3050.0 3150.0 1.20567
3150.0 3150.0 1.11759
3250.0 3150.0 0.91471
3350.0 3150.0 0.68708
3450.0 3150.0 0.53495
3550.0 3150.0 0.51942
3650.0 3150.0 0.62949
3750.0 3150.0 0.79531
3850.0 3150.0 1.02627
3950.0 3150.0 1.22784
4050.0 3150.0 1.25959
4150.0 3150.0 1.06954
4250.0 3150.0 0.73138
4350.0 3150.0 0.38381
4450.0 3150.0 0.09794
4550.0 3150.0 0.08218
4650.0 3150.0 0.47064
4750.0 3150.0 1.07550
4850.0 3150.0 1.59109
4950.0 3150.0 1.76457
5050.0 3150.0 1.51714
5150.0 3150.0 1.01285
5250.0 3150.0 0.48305
5350.0 3150.0 0.03054
5450.0 3150.0 -0.22792
5550.0 3150.0 -0.26029
5650.0 3150.0 -0.15993
5750.0 3150.0 -0.09412
5850.0 3150.0 -0.16040
5950.0 3150.0 -0.31080
6050.0 3150.0 -0.58645
6150.0 3150.0 -0.89293
6250.0 3150.0 -1.08549
6350.0 3150.0 -1.08464
50.0 3250.0 0.55680
150.0 3250.0 0.51028
250.0 3250.0 0.37297
350.0 3250.0 0.16191
450.0 3250.0 -0.05263
550.0 3250.0 -0.20072
650.0 3250.0 -0.24768
750.0 3250.0 -0.21014
850.0 3250.0 -0.18568
950.0 3250.0 -0.42616
1050.0 3250.0 -0.90642
1150.0 3250.0 -1.37478
1250.0 3250.0 -1.58730
1350.0 3250.0 -1.44268
1450.0 3250.0 -1.01629
1550.0 3250.0 -0.48071
1650.0 3250.0 0.17460
1750.0 3250.0 0.85452
1850.0 3250.0 1.28785
1950.0 3250.0 1.31382
2050.0 3250.0 1.00325
2150.0 3250.0 0.59852
2250.0 3250.0 0.27430
2350.0 3250.0 0.01188
2450.0 3250.0 -0.06616
2550.0 3250.0 0.14222
2650.0 3250.0 0.60378
2750.0 3250.0 1.14740
2850.0 3250.0 1.55237
2950.0 3250.0 1.72771
3050.0 3250.0 1.80023
3150.0 3250.0 1.70855
3250.0 3250.0 1.44402
3350.0 3250.0 1.10071
3450.0 3250.0 0.81128
3550.0 3250.0 0.68248
3650.0 3250.0 0.73030
3750.0 3250.0 0.86015
3850.0 3250.0 1.07573
3950.0 3250.0 1.27962
4050.0 3250.0 1.31217
4150.0 3250.0 1.10318
4250.0 3250.0 0.71905
4350.0 3250.0 0.30455
4450.0 3250.0 -0.05647
4550.0 3250.0 -0.15192
4650.0 3250.0 0.19026
4750.0 3250.0 0.83174
4850.0 3250.0 1.47653
4950.0 3250.0 1.82904
5050.0 3250.0 1.74269
5150.0 3250.0 1.35484
5250.0 3250.0 0.88925
5350.0 3250.0 0.38863
5450.0 3250.0 -0.01825
5550.0 3250.0 -0.23269
5650.0 3250.0 -0.26472
5750.0 3250.0 -0.22253
5850.0 3250.0 -0.21280
5950.0 3250.0 -0.24688
6050.0 3250.0 -0.35831
6150.0 3250.0 -0.50248
6250.0 3250.0 -0.60017
6350.0 3250.0 -0.59944
50.0 3350.0 0.18841
150.0 3350.0 -0.00078
250.0 3350.0 -0.24301
350.0 3350.0 -0.47337
450.0 3350.0 -0.60830
550.0 3350.0 -0.61703
650.0 3350.0 -0.53894
750.0 3350.0 -0.44663
850.0 3350.0 -0.40604
950.0 3350.0 -0.63982
1050.0 3350.0 -1.12214
1150.0 3350.0 -1.59333
1250.0 3350.0 -1.80110
1350.0 3350.0 -1.64005
1450.0 3350.0 -1.18724
1550.0 3350.0 -0.62270
1650.0 3350.0 0.04435
1750.0 3350.0 0.72877
1850.0 3350.0 1.19566
1950.0 3350.0 1.30776
2050.0 3350.0 1.12948
2150.0 3350.0 0.87326
2250.0 3350.0 0.68975
2350.0 3350.0 0.53864
2450.0 3350.0 0.48632
2550.0 3350.0 0.61763
2650.0 3350.0 0.93394
2750.0 3350.0 1.33510
2850.0 3350.0 1.67206
2950.0 3350.0 1.87015
3050.0 3350.0 1.98721
3150.0 3350.0 1.92465
3250.0 3350.0 1.64730
3350.0 3350.0 1.23868
3450.0 3350.0 0.84897
3550.0 3350.0 0.62265
3650.0 3350.0 0.60576
3750.0 3350.0 0.69437
3850.0 3350.0 0.90870
3950.0 3350.0 1.15248
4050.0 3350.0 1.23471
4150.0 3350.0 1.04912
4250.0 3350.0 0.64049
4350.0 3350.0 0.15617
4450.0 3350.0 -0.29667
4550.0 3350.0 -0.51562
4650.0 3350.0 -0.30043
4750.0 3350.0 0.28270
4850.0 3350.0 0.97838
4950.0 3350.0 1.46949
5050.0 3350.0 1.54367
5150.0 3350.0 1.29340
5250.0 3350.0 0.92848
5350.0 3350.0 0.44768
5450.0 3350.0 -0.01361
5550.0 3350.0 -0.31004
5650.0 3350.0 -0.39103
5750.0 3350.0 -0.32018
5850.0 3350.0 -0.20905
5950.0 3350.0 -0.10120
6050.0 3350.0 -0.00687
6150.0 3350.0 0.05852
6250.0 3350.0 0.09171
6350.0 3350.0 0.10661
50.0 3450.0 -0.17256
150.0 3450.0 -0.48401
250.0 3450.0 -0.80120
350.0 3450.0 -1.01598
450.0 3450.0 -1.04115
550.0 3450.0 -0.89195
650.0 3450.0 -0.68237
750.0 3450.0 -0.53593
850.0 3450.0 -0.47987
950.0 3450.0 -0.69692
1050.0 3450.0 -1.15734
1150.0 3450.0 -1.59954
1250.0 3450.0 -1.77295
1350.0 3450.0 -1.57699
1450.0 3450.0 -1.09349
1550.0 3450.0 -0.50456
1650.0 3450.0 0.14501
1750.0 3450.0 0.75906
1850.0 3450.0 1.14710
1950.0 3450.0 1.22299
2050.0 3450.0 1.07765
2150.0 3450.0 0.91484
2250.0 3450.0 0.85115
2350.0 3450.0 0.78643
2450.0 3450.0 0.71643
2550.0 3450.0 0.71448
2650.0 3450.0 0.82998
2750.0 3450.0 1.04647
2850.0 3450.0 1.29246
2950.0 3450.0 1.50499
3050.0 3450.0 1.66892
3150.0 3450.0 1.67035
3250.0 3450.0 1.45236
3350.0 3450.0 1.07149
3450.0 3450.0 0.66853
3550.0 3450.0 0.40130
3650.0 3450.0 0.33939
3750.0 3450.0 0.39372
3850.0 3450.0 0.62281
3950.0 3450.0 0.93579
4050.0 3450.0 1.10647
4150.0 3450.0 0.98398
4250.0 3450.0 0.58223
4350.0 3450.0 0.04650
4450.0 3450.0 -0.48818
4550.0 3450.0 -0.84029
4650.0 3450.0 -0.80053
4750.0 3450.0 -0.36043
4850.0 3450.0 0.28613
4950.0 3450.0 0.83000
5050.0 3450.0 1.01523
5150.0 3450.0 0.88343
5250.0 3450.0 0.62477
5350.0 3450.0 0.22075
5450.0 3450.0 -0.19350
5550.0 3450.0 -0.45719
5650.0 3450.0 -0.49691
5750.0 3450.0 -0.35730
5850.0 3450.0 -0.14954
5950.0 3450.0 0.08026
6050.0 3450.0 0.34142
6150.0 3450.0 0.56546
6250.0 3450.0 0.68298
6350.0 3450.0 0.68344
50.0 3550.0 -0.28853
150.0 3550.0 -0.67150
250.0 3550.0 -1.02449
350.0 3550.0 -1.21295
450.0 3550.0 -1.15167
550.0 3550.0 -0.88949
650.0 3550.0 -0.58998
750.0 3550.0 -0.40804
850.0 3550.0 -0.34193
950.0 3550.0 -0.54226
1050.0 3550.0 -0.97487
1150.0 3550.0 -1.38021
1250.0 3550.0 -1.51437
1350.0 3550.0 -1.28483
1450.0 3550.0 -0.77835
1550.0 3550.0 -0.17641
1650.0 3550.0 0.42779
1750.0 3550.0 0.90634
1850.0 3550.0 1.11106
1950.0 3550.0 1.02460
2050.0 3550.0 0.79414
2150.0 3550.0 0.64042
2250.0 3550.0 0.64351
2350.0 3550.0 0.62430
2450.0 3550.0 0.52196
2550.0 3550.0 0.40490
2650.0 3550.0 0.36079
2750.0 3550.0 0.43471
2850.0 3550.0 0.60941
2950.0 3550.0 0.82758
3050.0 3550.0 1.02820
3150.0 3550.0 1.11118
3250.0 3550.0 1.00830
3350.0 3550.0 0.74005
3450.0 3550.0 0.41366
3550.0 3550.0 0.17254
3650.0 3550.0 0.09710
3750.0 3550.0 0.13280
3850.0 3550.0 0.38568
3950.0 3550.0 0.77213
4050.0 3550.0 1.03784
4150.0 3550.0 0.99311
4250.0 3550.0 0.62222
4350.0 3550.0 0.06516
4450.0 3550.0 -0.51947
4550.0 3550.0 -0.97370
4650.0 3550.0 -1.09723
4750.0 3550.0 -0.82672
4850.0 3550.0 -0.29550
4950.0 3550.0 0.21661
5050.0 3550.0 0.44064
5150.0 3550.0 0.37733
5250.0 3550.0 0.19553
5350.0 3550.0 -0.11811
5450.0 3550.0 -0.43309
5550.0 3550.0 -0.59866
5650.0 3550.0 -0.55049
5750.0 3550.0 -0.33712
5850.0 3550.0 -0.06597
5950.0 3550.0 0.22989
6050.0 3550.0 0.55777
6150.0 3550.0 0.81671
6250.0 3550.0 0.91292
6350.0 3550.0 0.84211
50.0 3650.0 -0.07313
150.0 3650.0 -0.47456
250.0 3650.0 -0.83429
350.0 3650.0 -1.01056
450.0 3650.0 -0.91997
550.0 3650.0 -0.62215
650.0 3650.0 -0.29533
750.0 3650.0 -0.10300
850.0 3650.0 -0.03377
950.0 3650.0 -0.22570
1050.0 3650.0 -0.64225
1150.0 3650.0 -1.02629
1250.0 3650.0 -1.13897
1350.0 3650.0 -0.89304
1450.0 3650.0 -0.37774
1550.0 3650.0 0.22532
1650.0 3650.0 0.76993
1750.0 3650.0 1.08540
1850.0 3650.0 1.05609
1950.0 3650.0 0.73497
2050.0 3650.0 0.33912
2150.0 3650.0 0.12402
2250.0 3650.0 0.13815
2350.0 3650.0 0.12875
2450.0 3650.0 0.00987
2550.0 3650.0 -0.15065
2650.0 3650.0 -0.25155
2750.0 3650.0 -0.22719
2850.0 3650.0 -0.07755
2950.0 3650.0 0.14102
3050.0 3650.0 0.36238
3150.0 3650.0 0.52216
3250.0 3650.0 0.55133
3350.0 3650.0 0.43543
3450.0 3650.0 0.23716
3550.0 3650.0 0.06751
3650.0 3650.0 0.00563
3750.0 3650.0 0.03851
3850.0 3650.0 0.31429
3950.0 3650.0 0.75582
4050.0 3650.0 1.09346
4150.0 3650.0 1.11374
4250.0 3650.0 0.78074
4350.0 3650.0 0.22850
4450.0 3650.0 -0.37039
4550.0 3650.0 -0.87597
4650.0 3650.0 -1.10592
4750.0 3650.0 -0.97128
4850.0 3650.0 -0.56373
4950.0 3650.0 -0.12864
5050.0 3650.0 0.07573
5150.0 3650.0 0.02789
5250.0 3650.0 -0.12220
5350.0 3650.0 -0.37395
5450.0 3650.0 -0.60191
5550.0 3650.0 -0.67440
5650.0 3650.0 -0.54899
5750.0 3650.0 -0.28822
5850.0 3650.0 0.00449
5950.0 3650.0 0.30600
6050.0 3650.0 0.59493
6150.0 3650.0 0.76053
6250.0 3650.0 0.72847
6350.0 3650.0 0.53182
50.0 3750.0 0.22576
150.0 3750.0 -0.16909
250.0 3750.0 -0.51730
350.0 3750.0 -0.67856
450.0 3750.0 -0.57369
550.0 3750.0 -0.26599
650.0 3750.0 0.06495
750.0 3750.0 0.25714
850.0 3750.0 0.32616
950.0 3750.0 0.14231
1050.0 3750.0 -0.25615
1150.0 3750.0 -0.61755
1250.0 3750.0 -0.71081
1350.0 3750.0 -0.45469
1450.0 3750.0 0.06030
1550.0 3750.0 0.65457
1650.0 3750.0 1.13064
1750.0 3750.0 1.27368
1850.0 3750.0 0.99762
1950.0 3750.0 0.42427
2050.0 3750.0 -0.15808
2150.0 3750.0 -0.45611
2250.0 3750.0 -0.45093
2350.0 3750.0 -0.46108
2450.0 3750.0 -0.58242
2550.0 3750.0 -0.74830
2650.0 3750.0 -0.85724
2750.0 3750.0 -0.84197
2850.0 3750.0 -0.70019
2950.0 3750.0 -0.48723
3050.0 3750.0 -0.25837
3150.0 3750.0 -0.03970
3250.0 3750.0 0.10513
3350.0 3750.0 0.13419
3450.0 3750.0 0.06813
3550.0 3750.0 -0.01833
3650.0 3750.0 -0.05399
3750.0 3750.0 -0.01411
3850.0 3750.0 0.28273
3950.0 3750.0 0.76569
4050.0 3750.0 1.15921
4150.0 3750.0 1.23657
4250.0 3750.0 0.94769
4350.0 3750.0 0.41961
4450.0 3750.0 -0.16815
4550.0 3750.0 -0.69285
4650.0 3750.0 -0.99598
4750.0 3750.0 -0.97817
4850.0 3750.0 -0.69817
4950.0 3750.0 -0.36256
5050.0 3750.0 -0.20521
5150.0 3750.0 -0.26035
5250.0 3750.0 -0.39768
5350.0 3750.0 -0.59939
5450.0 3750.0 -0.74602
5550.0 3750.0 -0.72923
5650.0 3750.0 -0.53369
5750.0 3750.0 -0.23953
5850.0 3750.0 0.05452
5950.0 3750.0 0.33540
6050.0 3750.0 0.54673
6150.0 3750.0 0.57892
6250.0 3750.0 0.39259
6350.0 3750.0 0.06565
50.0 3850.0 0.21091
150.0 3850.0 -0.13163
250.0 3850.0 -0.40094
350.0 3850.0 -0.46997
450.0 3850.0 -0.28652
550.0 3850.0 0.06712
650.0 3850.0 0.41021
750.0 3850.0 0.59508
850.0 3850.0 0.65859
950.0 3850.0 0.50915
1050.0 3850.0 0.18958
1150.0 3850.0 -0.07847
1250.0 3850.0 -0.10110
1350.0 3850.0 0.17822
1450.0 3850.0 0.66840
1550.0 3850.0 1.21257
1650.0 3850.0 1.57953
1750.0 3850.0 1.52034
1850.0 3850.0 0.98765
1950.0 3850.0 0.17167
2050.0 3850.0 -0.57952
2150.0 3850.0 -0.95034
2250.0 3850.0 -0.95605
2350.0 3850.0 -0.96263
2450.0 3850.0 -1.06764
2550.0 3850.0 -1.21715
2650.0 3850.0 -1.32455
2750.0 3850.0 -1.32885
2850.0 3850.0 -1.22286
2950.0 3850.0 -1.05119
3050.0 3850.0 -0.86310
3150.0 3850.0 -0.67092
3250.0 3850.0 -0.51449
3350.0 3850.0 -0.42643
3450.0 3850.0 -0.40218
3550.0 3850.0 -0.40118
3650.0 3850.0 -0.37929
3750.0 3850.0 -0.30113
3850.0 3850.0 0.01487
3950.0 3850.0 0.50776
4050.0 3850.0 0.92654
4150.0 3850.0 1.06095
4250.0 3850.0 0.85953
4350.0 3850.0 0.43357
4450.0 3850.0 -0.05274
4550.0 3850.0 -0.51221
4650.0 3850.0 -0.84033
4750.0 3850.0 -0.95369
4850.0 3850.0 -0.87389
4950.0 3850.0 -0.73166
5050.0 3850.0 -0.68874
5150.0 3850.0 -0.78026
5250.0 3850.0 -0.91066
5350.0 3850.0 -1.02727
5450.0 3850.0 -1.02675
5550.0 3850.0 -0.85197
5650.0 3850.0 -0.54334
5750.0 3850.0 -0.21427
5850.0 3850.0 0.04931
5950.0 3850.0 0.27529
6050.0 3850.0 0.39975
6150.0 3850.0 0.33441
6250.0 3850.0 0.07479
6350.0 3850.0 -0.28031
50.0 3950.0 -0.14091
150.0 3950.0 -0.37565
250.0 3950.0 -0.49887
350.0 3950.0 -0.41339
450.0 3950.0 -0.11421
550.0 3950.0 0.29109
650.0 3950.0 0.63174
750.0 3950.0 0.79303
850.0 3950.0 0.84285
950.0 3950.0 0.75146
1050.0 3950.0 0.56654
1150.0 3950.0 0.45286
1250.0 3950.0 0.53778
1350.0 3950.0 0.83707
1450.0 3950.0 1.26319
1550.0 3950.0 1.70441
1650.0 3950.0 1.93366
1750.0 3950.0 1.69823
1850.0 3950.0 0.99060
1950.0 3950.0 0.04230
2050.0 3950.0 -0.78176
2150.0 3950.0 -1.17944
2250.0 3950.0 -1.19496
2350.0 3950.0 -1.19127
2450.0 3950.0 -1.25211
2550.0 3950.0 -1.35165
2650.0 3950.0 -1.43917
2750.0 3950.0 -1.47200
2850.0 3950.0 -1.43572
2950.0 3950.0 -1.35136
3050.0 3950.0 -1.26718
3150.0 3950.0 -1.21447
3250.0 3950.0 -1.18525
3350.0 3950.0 -1.15418
3450.0 3950.0 -1.09774
3550.0 3950.0 -1.00589
3650.0 3950.0 -0.88627
3750.0 3950.0 -0.73081
3850.0 3950.0 -0.41209
3950.0 3950.0 0.01975
4050.0 3950.0 0.38462
4150.0 3950.0 0.53871
4250.0 3950.0 0.45612
4350.0 3950.0 0.22492
4450.0 3950.0 -0.04190
4550.0 3950.0 -0.31235
4650.0 3950.0 -0.56631
4750.0 3950.0 -0.77688
4850.0 3950.0 -0.93796
4950.0 3950.0 -1.07149
5050.0 3950.0 -1.21324
5150.0 3950.0 -1.37733
5250.0 3950.0 -1.51734
5350.0 3950.0 -1.53371
5450.0 3950.0 -1.34928
5550.0 3950.0 -0.98110
5650.0 3950.0 -0.54694
5750.0 3950.0 -0.20338
5850.0 3950.0 -0.01540
5950.0 3950.0 0.11205
6050.0 3950.0 0.14173
6150.0 3950.0 0.03299
6250.0 3950.0 -0.18572
6350.0 3950.0 -0.42851
50.0 4050.0 -0.59251
150.0 4050.0 -0.69213
250.0 4050.0 -0.65738
350.0 4050.0 -0.43239
450.0 4050.0 -0.05844
550.0 4050.0 0.34609
650.0 4050.0 0.64187
750.0 4050.0 0.76070
850.0 4050.0 0.79034
950.0 4050.0 0.75646
1050.0 4050.0 0.70738
1150.0 4050.0 0.74205
1250.0 4050.0 0.91607
1350.0 4050.0 1.20629
1450.0 4050.0 1.53547
1550.0 4050.0 1.84399
1650.0 4050.0 1.95124
1750.0 4050.0 1.64166
1850.0 4050.0 0.93362
1950.0 4050.0 0.04856
2050.0 4050.0 -0.69454
2150.0 4050.0 -1.04855
2250.0 4050.0 -1.06870
2350.0 4050.0 -1.04945
2450.0 4050.0 -1.04512
2550.0 4050.0 -1.06743
2650.0 4050.0 -1.11587
2750.0 4050.0 -1.17563
2850.0 4050.0 -1.22531
2950.0 4050.0 -1.25460
3050.0 4050.0 -1.31184
3150.0 4050.0 -1.46724
3250.0 4050.0 -1.65102
3350.0 4050.0 -1.75028
3450.0 4050.0 -1.70046
3550.0 4050.0 -1.51857
3650.0 4050.0 -1.27842
3750.0 4050.0 -1.02507
3850.0 4050.0 -0.73202
3950.0 4050.0 -0.44307
4050.0 4050.0 -0.23135
4150.0 4050.0 -0.12967
4250.0 4050.0 -0.10861
4350.0 4050.0 -0.10260
4450.0 4050.0 -0.08011
4550.0 4050.0 -0.07010
4650.0 4050.0 -0.14261
4750.0 4050.0 -0.35969
4850.0 4050.0 -0.71298
4950.0 4050.0 -1.11710
5050.0 4050.0 -1.46134
5150.0 4050.0 -1.71714
5250.0 4050.0 -1.88872
5350.0 4050.0 -1.83713
5450.0 4050.0 -1.51314
5550.0 4050.0 -1.00361
5650.0 4050.0 -0.49518
5750.0 4050.0 -0.17929
5850.0 4050.0 -0.09847
5950.0 4050.0 -0.09406
6050.0 4050.0 -0.15862
6150.0 4050.0 -0.26968
6250.0 4050.0 -0.36936
6350.0 4050.0 -0.40774
50.0 4150.0 -0.85836
150.0 4150.0 -0.83736
250.0 4150.0 -0.69353
350.0 4150.0 -0.41274
450.0 4150.0 -0.06129
550.0 4150.0 0.25941
650.0 4150.0 0.46206
750.0 4150.0 0.52659
850.0 4150.0 0.53452
950.0 4150.0 0.53402
1050.0 4150.0 0.56741
1150.0 4150.0 0.68120
1250.0 4150.0 0.88058
1350.0 4150.0 1.12201
1450.0 4150.0 1.34447
1550.0 4150.0 1.52860
1650.0 4150.0 1.56534
1750.0 4150.0 1.30672
1850.0 4150.0 0.77535
1950.0 4150.0 0.13334
2050.0 4150.0 -0.39645
2150.0 4150.0 -0.64802
2250.0 4150.0 -0.66617
2350.0 4150.0 -0.63021
2450.0 4150.0 -0.55723
2550.0 4150.0 -0.49522
2650.0 4150.0 -0.49434
2750.0 4150.0 -0.56978
2850.0 4150.0 -0.69595
2950.0 4150.0 -0.83228
3050.0 4150.0 -1.02390
3150.0 4150.0 -1.37711
3250.0 4150.0 -1.76342
3350.0 4150.0 -1.98669
3450.0 4150.0 -1.94329
3550.0 4150.0 -1.67596
3650.0 4150.0 -1.32130
3750.0 4150.0 -0.97823
3850.0 4150.0 -0.73654
3950.0 4150.0 -0.64120
4050.0 4150.0 -0.65094
4150.0 4150.0 -0.67123
4250.0 4150.0 -0.59998
4350.0 4150.0 -0.38566
4450.0 4150.0 -0.08740
4550.0 4150.0 0.21577
4650.0 4150.0 0.38516
4750.0 4150.0 0.26199
4850.0 4150.0 -0.17139
4950.0 4150.0 -0.75701
5050.0 4150.0 -1.26061
5150.0 4150.0 -1.60065
5250.0 4150.0 -1.81987
5350.0 4150.0 -1.76298
5450.0 4150.0 -1.40127
5550.0 4150.0 -0.86225
5650.0 4150.0 -0.36757
5750.0 4150.0 -0.12149
5850.0 4150.0 -0.14987
5950.0 4150.0 -0.26154
6050.0 4150.0 -0.41173
6150.0 4150.0 -0.51794
6250.0 4150.0 -0.49608
6350.0 4150.0 -0.33289
50.0 4250.0 -0.75423
150.0 4250.0 -0.66135
250.0 4250.0 -0.49119
350.0 4250.0 -0.26041
450.0 4250.0 -0.03045
550.0 4250.0 0.13956
650.0 4250.0 0.22244
750.0 4250.0 0.23475
850.0 4250.0 0.22538
950.0 4250.0 0.22388
1050.0 4250.0 0.26136
1150.0 4250.0 0.36028
1250.0 4250.0 0.51162
1350.0 4250.0 0.67634
1450.0 4250.0 0.81136
1550.0 4250.0 0.91334
1650.0 4250.0 0.93805
1750.0 4250.0 0.80756
1850.0 4250.0 0.53149
1950.0 4250.0 0.19382
2050.0 4250.0 -0.08761
2150.0 4250.0 -0.22343
2250.0 4250.0 -0.23528
2350.0 4250.0 -0.18629
2450.0 4250.0 -0.06096
2550.0 4250.0 0.06789
2650.0 4250.0 0.11337
2750.0 4250.0 0.03688
2850.0 4250.0 -0.13553
2950.0 4250.0 -0.34260
3050.0 4250.0 -0.62032
3150.0 4250.0 -1.08669
3250.0 4250.0 -1.57319
3350.0 4250.0 -1.83679
3450.0 4250.0 -1.76015
3550.0 4250.0 -1.41316
3650.0 4250.0 -0.97589
3750.0 4250.0 -0.57579
3850.0 4250.0 -0.39376
3950.0 4250.0 -0.48221
4050.0 4250.0 -0.71135
4150.0 4250.0 -0.88090
4250.0 4250.0 -0.82133
4350.0 4250.0 -0.48360
4450.0 4250.0 -0.00014
4550.0 4250.0 0.52166
4650.0 4250.0 0.91129
4750.0 4250.0 0.93509
4850.0 4250.0 0.53426
4950.0 4250.0 -0.10931
5050.0 4250.0 -0.69180
5150.0 4250.0 -1.08580
5250.0 4250.0 -1.35358
5350.0 4250.0 -1.34920
5450.0 4250.0 -1.05197
5550.0 4250.0 -0.59234
5650.0 4250.0 -0.18659
5750.0 4250.0 -0.02835
5850.0 4250.0 -0.13678
5950.0 4250.0 -0.32958
6050.0 4250.0 -0.55352
6150.0 4250.0 -0.68624
6250.0 4250.0 -0.61862
6350.0 4250.0 -0.35154
50.0 4350.0 -0.28421
150.0 4350.0 -0.17690
250.0 4350.0 -0.05543
350.0 4350.0 0.04915
450.0 4350.0 0.10392
550.0 4350.0 0.10318
650.0 4350.0 0.07234
750.0 4350.0 0.04648
850.0 4350.0 0.02762
950.0 4350.0 -0.00246
1050.0 4350.0 -0.02537
1150.0 4350.0 -0.01377
1250.0 4350.0 0.04191
1350.0 4350.0 0.12622
1450.0 4350.0 0.21096
1550.0 4350.0 0.28456
1650.0 4350.0 0.33451
1750.0 4350.0 0.32814
1850.0 4350.0 0.25725
1950.0 4350.0 0.14593
2050.0 4350.0 0.04083
2150.0 4350.0 -0.01452
2250.0 4350.0 -0.01999
2350.0 4350.0 0.03558
2450.0 4350.0 0.18631
2550.0 4350.0 0.34996
2650.0 4350.0 0.42369
2750.0 4350.0 0.35696
2850.0 4350.0 0.17355
2950.0 4350.0 -0.05757
3050.0 4350.0 -0.35763
3150.0 4350.0 -0.82353
3250.0 4350.0 -1.27095
3350.0 4350.0 -1.45895
3450.0 4350.0 -1.29147
3550.0 4350.0 -0.86897
3650.0 4350.0 -0.38994
3750.0 4350.0 0.02715
3850.0 4350.0 0.16134
3950.0 4350.0 -0.04944
4050.0 4350.0 -0.43145
4150.0 4350.0 -0.72535
4250.0 4350.0 -0.71782
4350.0 4350.0 -0.35342
4450.0 4350.0 0.19602
4550.0 4350.0 0.81609
4650.0 4350.0 1.33829
4750.0 4350.0 1.49289
4850.0 4350.0 1.18434
4950.0 4350.0 0.57986
5050.0 4350.0 -0.00446
5150.0 4350.0 -0.41529
5250.0 4350.0 -0.71805
5350.0 4350.0 -0.79206
5450.0 4350.0 -0.61340
5550.0 4350.0 -0.28763
5650.0 4350.0 0.00158
5750.0 4350.0 0.08489
5850.0 4350.0 -0.05927
5950.0 4350.0 -0.28879
6050.0 4350.0 -0.57717
6150.0 4350.0 -0.78874
6250.0 4350.0 -0.78799
6350.0 4350.0 -0.55660
50.0 4450.0 0.33676
150.0 4450.0 0.42920
250.0 4450.0 0.47054
350.0 4450.0 0.42482
450.0 4450.0 0.29636
550.0 4450.0 0.13290
650.0 4450.0 0.00338
750.0 4450.0 -0.04944
850.0 4450.0 -0.07219
950.0 4450.0 -0.13802
1050.0 4450.0 -0.24022
1150.0 4450.0 -0.33473
1250.0 4450.0 -0.38168
1350.0 4450.0 -0.36782
1450.0 4450.0 -0.30972
1550.0 4450.0 -0.23690
1650.0 4450.0 -0.15407
1750.0 4450.0 -0.06977
1850.0 4450.0 -0.00709
1950.0 4450.0 0.02058
2050.0 4450.0 0.01977
2150.0 4450.0 0.01153
2250.0 4450.0 0.01147
2350.0 4450.0 0.07012
2450.0 4450.0 0.23046
2550.0 4450.0 0.40957
2650.0 4450.0 0.50071
2750.0 4450.0 0.44850
2850.0 4450.0 0.27326
2950.0 4450.0 0.04444
3050.0 4450.0 -0.24209
3150.0 4450.0 -0.64419
3250.0 4450.0 -0.97505
3350.0 4450.0 -1.02260
3450.0 4450.0 -0.73139
3550.0 4450.0 -0.23439
3650.0 4450.0 0.26515
3750.0 4450.0 0.67877
3850.0 4450.0 0.77607
3950.0 4450.0 0.48523
4050.0 4450.0 -0.00192
4150.0 4450.0 -0.39530
4250.0 4450.0 -0.45360
4350.0 4450.0 -0.11129
4450.0 4450.0 0.44043
4550.0 4450.0 1.08804
4650.0 4450.0 1.67861
4750.0 4450.0 1.93000
4850.0 4450.0 1.71936
4950.0 4450.0 1.18614
5050.0 4450.0 0.63226
5150.0 4450.0 0.22330
5250.0 4450.0 -0.10292
5350.0 4450.0 -0.25415
5450.0 4450.0 -0.19897
5550.0 4450.0 -0.00999
5650.0 4450.0 0.16852
5750.0 4450.0 0.19374
5850.0 4450.0 0.03828
5950.0 4450.0 -0.20564
6050.0 4450.0 -0.55561
6150.0 4450.0 -0.87613
6250.0 4450.0 -1.00354
6350.0 4450.0 -0.88215
50.0 4550.0 0.78946
150.0 4550.0 0.85369
250.0 4550.0 0.80410
350.0 4550.0 0.60689
450.0 4550.0 0.30750
550.0 4550.0 0.00372
650.0 4550.0 -0.20112
750.0 4550.0 -0.26473
850.0 4550.0 -0.27618
950.0 4550.0 -0.33742
1050.0 4550.0 -0.44808
1150.0 4550.0 -0.56399
1250.0 4550.0 -0.63862
1350.0 4550.0 -0.64834
1450.0 4550.0 -0.60195
1550.0 4550.0 -0.53198
1650.0 4550.0 -0.43906
1750.0 4550.0 -0.31973
1850.0 4550.0 -0.19954
1950.0 4550.0 -0.10583
2050.0 4550.0 -0.05072
2150.0 4550.0 -0.02669
2250.0 4550.0 -0.01402
2350.0 4550.0 0.05180
2450.0 4550.0 0.21582
2550.0 4550.0 0.40299
2650.0 4550.0 0.51343
2750.0 4550.0 0.49225
2850.0 4550.0 0.35394
2950.0 4550.0 0.16125
3050.0 4550.0 -0.07500
3150.0 4550.0 -0.37155
3250.0 4550.0 -0.54895
3350.0 4550.0 -0.43457
3450.0 4550.0 -0.01559
3550.0 4550.0 0.55018
3650.0 4550.0 1.06552
3750.0 4550.0 1.47237
3850.0 4550.0 1.51971
3950.0 4550.0 1.11911
4050.0 4550.0 0.48231
4150.0 4550.0 -0.06055
4250.0 4550.0 -0.22756
4350.0 4550.0 0.06525
4450.0 4550.0 0.60090
4550.0 4550.0 1.24814
4650.0 4550.0 1.86583
4750.0 4550.0 2.16865
4850.0 4550.0 2.01808
4950.0 4550.0 1.53317
5050.0 4550.0 1.00145
5150.0 4550.0 0.59364
5250.0 4550.0 0.25235
5350.0 4550.0 0.05107
5450.0 4550.0 0.02338
5550.0 4550.0 0.11648
5650.0 4550.0 0.21248
5750.0 4550.0 0.18854
5850.0 4550.0 0.01575
5950.0 4550.0 -0.25112
6050.0 4550.0 -0.66624
6150.0 4550.0 -1.08659
6250.0 4550.0 -1.31774
6350.0 4550.0 -1.27217
50.0 4650.0 0.87630
150.0 4650.0 0.89519
250.0 4650.0 0.75732
350.0 4650.0 0.44354
450.0 4650.0 0.03767
550.0 4650.0 -0.33064
650.0 4650.0 -0.54883
750.0 4650.0 -0.59003
850.0 4650.0 -0.56558
950.0 4650.0 -0.56121
1050.0 4650.0 -0.57634
1150.0 4650.0 -0.59204
1250.0 4650.0 -0.58917
1350.0 4650.0 -0.55896
1450.0 4650.0 -0.50620
1550.0 4650.0 -0.44475
1650.0 4650.0 -0.37969
1750.0 4650.0 -0.31387
1850.0 4650.0 -0.25491
1950.0 4650.0 -0.20735
2050.0 4650.0 -0.16926
2150.0 4650.0 -0.13386
2250.0 4650.0 -0.09571
2350.0 4650.0 -0.01817
2450.0 4650.0 0.13128
2550.0 4650.0 0.30024
2650.0 4650.0 0.41722
2750.0 4650.0 0.44129
2850.0 4650.0 0.38046
2950.0 4650.0 0.27846
3050.0 4650.0 0.14722
3150.0 4650.0 -0.00422
3250.0 4650.0 -0.02076
3350.0 4650.0 0.22724
3450.0 4650.0 0.72542
3550.0 4650.0 1.31844
3650.0 4650.0 1.83462
3750.0 4650.0 2.23323
3850.0 4650.0 2.23008
3950.0 4650.0 1.71450
4050.0 4650.0 0.91229
4150.0 4650.0 0.19326
4250.0 4650.0 -0.11422
4350.0 4650.0 0.10011
4450.0 4650.0 0.59358
4550.0 4650.0 1.19851
4650.0 4650.0 1.77923
4750.0 4650.0 2.06093
4850.0 4650.0 1.90802
4950.0 4650.0 1.43184
5050.0 4650.0 0.90666
5150.0 4650.0 0.49752
5250.0 4650.0 0.15717
5350.0 4650.0 -0.03944
5450.0 4650.0 -0.06678
5550.0 4650.0 0.01534
5650.0 4650.0 0.08851
5750.0 4650.0 0.03567
5850.0 4650.0 -0.16544
5950.0 4650.0 -0.46977
6050.0 4650.0 -0.94826
6150.0 4650.0 -1.43621
6250.0 4650.0 -1.70767
6350.0 4650.0 -1.65912
50.0 4750.0 0.60108
150.0 4750.0 0.56763
250.0 4750.0 0.37108
350.0 4750.0 0.01764
450.0 4750.0 -0.38531
550.0 4750.0 -0.70769
650.0 4750.0 -0.86072
750.0 4750.0 -0.84633
850.0 4750.0 -0.76960
950.0 4750.0 -0.66774
1050.0 4750.0 -0.53879
1150.0 4750.0 -0.40150
1250.0 4750.0 -0.27875
1350.0 4750.0 -0.18543
1450.0 4750.0 -0.12148
1550.0 4750.0 -0.07289
1650.0 4750.0 -0.06126
1750.0 4750.0 -0.10807
1850.0 4750.0 -0.18914
1950.0 4750.0 -0.26161
2050.0 4750.0 -0.28792
2150.0 4750.0 -0.25399
2250.0 4750.0 -0.18107
2350.0 4750.0 -0.09241
2450.0 4750.0 0.01591
2550.0 4750.0 0.12597
2650.0 4750.0 0.21593
2750.0 4750.0 0.27561
2850.0 4750.0 0.31085
2950.0 4750.0 0.33673
3050.0 4750.0 0.34184
3150.0 4750.0 0.32454
3250.0 4750.0 0.40185
3350.0 4750.0 0.67598
3450.0 4750.0 1.14181
3550.0 4750.0 1.68638
3650.0 4750.0 2.18044
3750.0 4750.0 2.57369
3850.0 4750.0 2.55270
3950.0 4750.0 1.98924
4050.0 4750.0 1.10334
4150.0 4750.0 0.27741
4250.0 4750.0 -0.13413
4350.0 4750.0 0.00186
4450.0 4750.0 0.43532
4550.0 4750.0 0.96854
4650.0 4750.0 1.46802
4750.0 4750.0 1.67895
4850.0 4750.0 1.48137
4950.0 4750.0 0.98732
5050.0 4750.0 0.45824
5150.0 4750.0 0.04615
5250.0 4750.0 -0.27793
5350.0 4750.0 -0.41775
5450.0 4750.0 -0.36445
5550.0 4750.0 -0.20958
5650.0 4750.0 -0.09808
5750.0 4750.0 -0.15582
5850.0 4750.0 -0.39150
5950.0 4750.0 -0.74126
6050.0 4750.0 -1.27032
6150.0 4750.0 -1.78191
6250.0 4750.0 -2.02332
6350.0 4750.0 -1.89365
50.0 4850.0 0.15110
150.0 4850.0 0.07240
250.0 4850.0 -0.14001
350.0 4850.0 -0.45131
450.0 4850.0 -0.75041
550.0 4850.0 -0.93615
650.0 4850.0 -0.96801
750.0 4850.0 -0.88163
850.0 4850.0 -0.75314
950.0 4850.0 -0.56850
1050.0 4850.0 -0.32933
1150.0 4850.0 -0.08494
1250.0 4850.0 0.11307
1350.0 4850.0 0.23882
1450.0 4850.0 0.30252
1550.0 4850.0 0.33748
1650.0 4850.0 0.29599
1750.0 4850.0 0.13809
1850.0 4850.0 -0.08018
1950.0 4850.0 -0.26915
2050.0 4850.0 -0.35664
2150.0 4850.0 -0.32206
2250.0 4850.0 -0.21337
2350.0 4850.0 -0.11930
2450.0 4850.0 -0.07388
2550.0 4850.0 -0.05788
2650.0 4850.0 -0.03320
2750.0 4850.0 0.03238
2850.0 4850.0 0.14998
2950.0 4850.0 0.30394
3050.0 4850.0 0.43644
3150.0 4850.0 0.49510
3250.0 4850.0 0.55550
3350.0 4850.0 0.72000
3450.0 4850.0 1.03263
3550.0 4850.0 1.45568
3650.0 4850.0 1.90800
3750.0 4850.0 2.30182
3850.0 4850.0 2.31375
3950.0 4850.0 1.81105
4050.0 4850.0 0.98359
4150.0 4850.0 0.18514
4250.0 4850.0 -0.24130
4350.0 4850.0 -0.15317
4450.0 4850.0 0.22015
4550.0 4850.0 0.68022
4650.0 4850.0 1.09728
4750.0 4850.0 1.23687
4850.0 4850.0 0.99469
4950.0 4850.0 0.48319
5050.0 4850.0 -0.04951
5150.0 4850.0 -0.46448
5250.0 4850.0 -0.76546
5350.0 4850.0 -0.82545
5450.0 4850.0 -0.65490
5550.0 4850.0 -0.38722
5650.0 4850.0 -0.20566
5750.0 4850.0 -0.25252
5850.0 4850.0 -0.52091
5950.0 4850.0 -0.91319
6050.0 4850.0 -1.47498
6150.0 4850.0 -1.97628
6250.0 4850.0 -2.14568
6350.0 4850.0 -1.89697
50.0 4950.0 -0.18894
150.0 4950.0 -0.29578
250.0 4950.0 -0.49240
350.0 4950.0 -0.72117
450.0 4950.0 -0.88100
550.0 4950.0 -0.91027
650.0 4950.0 -0.81895
750.0 4950.0 -0.67014
850.0 4950.0 -0.50688
950.0 4950.0 -0.29204
1050.0 4950.0 -0.03917
1150.0 4950.0 0.19453
1250.0 4950.0 0.36205
1350.0 4950.0 0.45347
1450.0 4950.0 0.49581
1550.0 4950.0 0.52036
1650.0 4950.0 0.45155
1750.0 4950.0 0.24343
1850.0 4950.0 -0.02981
1950.0 4950.0 -0.25694
2050.0 4950.0 -0.35396
2150.0 4950.0 -0.30300
2250.0 4950.0 -0.16636
2350.0 4950.0 -0.07440
2450.0 4950.0 -0.09660
2550.0 4950.0 -0.18443
2650.0 4950.0 -0.24633
2750.0 4950.0 -0.20764
2850.0 4950.0 -0.04572
2950.0 4950.0 0.19973
3050.0 4950.0 0.41575
3150.0 4950.0 0.47827
3250.0 4950.0 0.43021
3350.0 4950.0 0.39806
3450.0 4950.0 0.49580
3550.0 4950.0 0.76821
3650.0 4950.0 1.17353
3750.0 4950.0 1.57356
3850.0 4950.0 1.65842
3950.0 4950.0 1.30490
4050.0 4950.0 0.65755
4150.0 4950.0 0.00956
4250.0 4950.0 -0.34075
4350.0 4950.0 -0.25711
4450.0 4950.0 0.07356
4550.0 4950.0 0.48762
4650.0 4950.0 0.86451
4750.0 4950.0 0.98118
4850.0 4950.0 0.73651
4950.0 4950.0 0.23456
5050.0 4950.0 -0.29100
5150.0 4950.0 -0.70715
5250.0 4950.0 -0.99047
5350.0 4950.0 -0.98950
5450.0 4950.0 -0.72913
5550.0 4950.0 -0.37456
5650.0 4950.0 -0.13835
5750.0 4950.0 -0.17564
5850.0 4950.0 -0.46789
5950.0 4950.0 -0.89066
6050.0 4950.0 -1.47243
6150.0 4950.0 -1.95863
6250.0 4950.0 -2.06598
6350.0 4950.0 -1.72168
50.0 5050.0 -0.19110
150.0 5050.0 -0.30769
250.0 5050.0 -0.48396
350.0 5050.0 -0.65145
450.0 5050.0 -0.71972
550.0 5050.0 -0.65332
650.0 5050.0 -0.49158
750.0 5050.0 -0.31091
850.0 5050.0 -0.13768
950.0 5050.0 0.04361
1050.0 5050.0 0.20006
1150.0 5050.0 0.29321
1250.0 5050.0 0.31712
1350.0 5050.0 0.30525
1450.0 5050.0 0.30616
1550.0 5050.0 0.32587
1650.0 5050.0 0.26789
1750.0 5050.0 0.09870
1850.0 5050.0 -0.10977
1950.0 5050.0 -0.26183
2050.0 5050.0 -0.29461
2150.0 5050.0 -0.20593
2250.0 5050.0 -0.05397
2350.0 5050.0 0.03035
2450.0 5050.0 -0.04482
2550.0 5050.0 -0.21603
2650.0 5050.0 -0.35815
2750.0 5050.0 -0.36564
2850.0 5050.0 -0.20243
2950.0 5050.0 0.07977
3050.0 5050.0 0.32283
3150.0 5050.0 0.33969
3250.0 5050.0 0.15706
3350.0 5050.0 -0.06622
3450.0 5050.0 -0.15498
3550.0 5050.0 -0.00386
3650.0 5050.0 0.36618
3750.0 5050.0 0.77491
3850.0 5050.0 0.94178
3950.0 5050.0 0.76100
4050.0 5050.0 0.33356
4150.0 5050.0 -0.11451
4250.0 5050.0 -0.34177
4350.0 5050.0 -0.22838
4450.0 5050.0 0.08585
4550.0 5050.0 0.49577
4650.0 5050.0 0.89663
4750.0 5050.0 1.06313
4850.0 5050.0 0.87867
4950.0 5050.0 0.42607
5050.0 5050.0 -0.07663
5150.0 5050.0 -0.49146
5250.0 5050.0 -0.77205
5350.0 5050.0 -0.76117
5450.0 5050.0 -0.48834
5550.0 5050.0 -0.12540
5650.0 5050.0 0.11089
5750.0 5050.0 0.06549
5850.0 5050.0 -0.23926
5950.0 5050.0 -0.67746
6050.0 5050.0 -1.27799
6150.0 5050.0 -1.77574
6250.0 5050.0 -1.87764
6350.0 5050.0 -1.51047
50.0 5150.0 0.09707
150.0 5150.0 -0.01894
250.0 5150.0 -0.18621
350.0 5150.0 -0.33490
450.0 5150.0 -0.37873
550.0 5150.0 -0.28931
650.0 5150.0 -0.11241
750.0 5150.0 0.07368
850.0 5150.0 0.24024
950.0 5150.0 0.34984
1050.0 5150.0 0.34694
1150.0 5150.0 0.22725
1250.0 5150.0 0.04606
1350.0 5150.0 -0.10552
1450.0 5150.0 -0.15600
1550.0 5150.0 -0.13734
1650.0 5150.0 -0.15912
1750.0 5150.0 -0.22998
1850.0 5150.0 -0.29409
1950.0 5150.0 -0.29602
2050.0 5150.0 -0.21602
2150.0 5150.0 -0.07604
2250.0 5150.0 0.08228
2350.0 5150.0 0.15716
2450.0 5150.0 0.04659
2550.0 5150.0 -0.18175
2650.0 5150.0 -0.38624
2750.0 5150.0 -0.44249
2850.0 5150.0 -0.30230
2950.0 5150.0 -0.02054
3050.0 5150.0 0.21449
3150.0 5150.0 0.17275
3250.0 5150.0 -0.12301
3350.0 5150.0 -0.48595
3450.0 5150.0 -0.69980
3550.0 5150.0 -0.62491
3650.0 5150.0 -0.27589
3750.0 5150.0 0.14057
3850.0 5150.0 0.37763
3950.0 5150.0 0.34795
4050.0 5150.0 0.11873
4150.0 5150.0 -0.14157
4250.0 5150.0 -0.24399
4350.0 5150.0 -0.08770
4450.0 5150.0 0.22813
4550.0 5150.0 0.66301
4650.0 5150.0 1.13201
4750.0 5150.0 1.39801
4850.0 5150.0 1.31624
4950.0 5150.0 0.93974
5050.0 5150.0 0.47034
5150.0 5150.0 0.05836
5250.0 5150.0 -0.23233
5350.0 5150.0 -0.25499
5450.0 5150.0 -0.03599
5550.0 5150.0 0.26712
5650.0 5150.0 0.45479
5750.0 5150.0 0.38367
5850.0 5150.0 0.07365
5950.0 5150.0 -0.37037
6050.0 5150.0 -0.99423
6150.0 5150.0 -1.53249
6250.0 5150.0 -1.68133
6350.0 5150.0 -1.35374
50.0 5250.0 0.40578
150.0 5250.0 0.30505
250.0 5250.0 0.15466
350.0 5250.0 0.02159
450.0 5250.0 -0.01112
550.0 5250.0 0.08416
650.0 5250.0 0.26385
750.0 5250.0 0.45289
850.0 5250.0 0.61700
950.0 5250.0 0.67359
1050.0 5250.0 0.54459
1150.0 5250.0 0.24772
1250.0 5250.0 -0.11379
1350.0 5250.0 -0.39846
1450.0 5250.0 -0.51005
1550.0 5250.0 -0.50964
1650.0 5250.0 -0.52481
1750.0 5250.0 -0.54513
1850.0 5250.0 -0.52103
1950.0 5250.0 -0.42281
2050.0 5250.0 -0.26291
2150.0 5250.0 -0.08522
2250.0 5250.0 0.07711
2350.0 5250.0 0.14391
2450.0 5250.0 0.00733
2550.0 5250.0 -0.25909
2650.0 5250.0 -0.50048
2750.0 5250.0 -0.58022
2850.0 5250.0 -0.44474
2950.0 5250.0 -0.15367
3050.0 5250.0 0.09204
3150.0 5250.0 0.04851
3250.0 5250.0 -0.27607
3350.0 5250.0 -0.69825
3450.0 5250.0 -0.98894
3550.0 5250.0 -0.98540
3650.0 5250.0 -0.68554
3750.0 5250.0 -0.30004
3850.0 5250.0 -0.03734
3950.0 5250.0 0.04348
4050.0 5250.0 -0.01043
4150.0 5250.0 -0.08359
4250.0 5250.0 -0.04763
4350.0 5250.0 0.16506
4450.0 5250.0 0.49102
4550.0 5250.0 0.95812
4650.0 5250.0 1.49749
4750.0 5250.0 1.85680
4850.0 5250.0 1.86376
4950.0 5250.0 1.54670
5050.0 5250.0 1.09766
5150.0 5250.0 0.68059
5250.0 5250.0 0.36067
5350.0 5250.0 0.26066
5450.0 5250.0 0.36718
5550.0 5250.0 0.55607
5650.0 5250.0 0.66125
5750.0 5250.0 0.55675
5850.0 5250.0 0.25204
5950.0 5250.0 -0.17665
6050.0 5250.0 -0.78251
6150.0 5250.0 -1.31425
6250.0 5250.0 -1.48009
6350.0 5250.0 -1.19219
50.0 5350.0 0.61985
150.0 5350.0 0.56697
250.0 5350.0 0.45490
350.0 5350.0 0.33983
450.0 5350.0 0.30250
550.0 5350.0 0.38021
650.0 5350.0 0.54662
750.0 5350.0 0.73930
850.0 5350.0 0.91623
950.0 5350.0 0.98216
1050.0 5350.0 0.84004
1150.0 5350.0 0.49278
1250.0 5350.0 0.04788
1350.0 5350.0 -0.33001
1450.0 5350.0 -0.51820
1550.0 5350.0 -0.57780
1650.0 5350.0 -0.66032
1750.0 5350.0 -0.75013
1850.0 5350.0 -0.77864
1950.0 5350.0 -0.70463
2050.0 5350.0 -0.54518
2150.0 5350.0 -0.36092
2250.0 5350.0 -0.19741
2350.0 5350.0 -0.13624
2450.0 5350.0 -0.28528
2550.0 5350.0 -0.55804
2650.0 5350.0 -0.78779
2750.0 5350.0 -0.83627
2850.0 5350.0 -0.65881
2950.0 5350.0 -0.32603
3050.0 5350.0 -0.01754
3150.0 5350.0 0.06787
3250.0 5350.0 -0.10514
3350.0 5350.0 -0.42660
3450.0 5350.0 -0.71164
3550.0 5350.0 -0.78978
3650.0 5350.0 -0.61308
3750.0 5350.0 -0.35209
3850.0 5350.0 -0.17469
3950.0 5350.0 -0.09032
4050.0 5350.0 -0.03807
4150.0 5350.0 0.05874
4250.0 5350.0 0.25260
4350.0 5350.0 0.54633
4450.0 5350.0 0.89793
4550.0 5350.0 1.40401
4650.0 5350.0 1.99954
4750.0 5350.0 2.41259
4850.0 5350.0 2.45163
4950.0 5350.0 2.13817
5050.0 5350.0 1.67182
5150.0 5350.0 1.22995
5250.0 5350.0 0.84663
5350.0 5350.0 0.60376
5450.0 5350.0 0.51965
5550.0 5350.0 0.53173
5650.0 5350.0 0.52618
5750.0 5350.0 0.39537
5850.0 5350.0 0.12305
5950.0 5350.0 -0.24235
6050.0 5350.0 -0.73158
6150.0 5350.0 -1.13972
6250.0 5350.0 -1.24121
6350.0 5350.0 -0.98075
50.0 5450.0 0.65038
150.0 5450.0 0.67248
250.0 5450.0 0.61312
350.0 5450.0 0.51077
450.0 5450.0 0.44642
550.0 5450.0 0.47855
650.0 5450.0 0.61310
750.0 5450.0 0.80866
850.0 5450.0 1.01309
950.0 5450.0 1.15580
1050.0 5450.0 1.12815
1150.0 5450.0 0.88000
1250.0 5450.0 0.47398
1350.0 5450.0 0.06365
1450.0 5450.0 -0.20468
1550.0 5450.0 -0.35927
1650.0 5450.0 -0.56650
1750.0 5450.0 -0.81278
1850.0 5450.0 -0.99144
1950.0 5450.0 -1.02433
2050.0 5450.0 -0.91641
2150.0 5450.0 -0.74435
2250.0 5450.0 -0.58125
2350.0 5450.0 -0.52530
2450.0 5450.0 -0.68098
2550.0 5450.0 -0.94229
2650.0 5450.0 -1.12933
2750.0 5450.0 -1.10822
2850.0 5450.0 -0.85329
2950.0 5450.0 -0.45192
3050.0 5450.0 -0.03812
3150.0 5450.0 0.27786
3250.0 5450.0 0.39192
3350.0 5450.0 0.28533
3450.0 5450.0 0.05657
3550.0 5450.0 -0.12405
3650.0 5450.0 -0.13699
3750.0 5450.0 -0.08239
3850.0 5450.0 -0.10049
3950.0 5450.0 -0.13696
4050.0 5450.0 -0.08082
4150.0 5450.0 0.13026
4250.0 5450.0 0.47130
4350.0 5450.0 0.85743
4450.0 5450.0 1.24724
4550.0 5450.0 1.79278
4650.0 5450.0 2.41850
4750.0 5450.0 2.83158
4850.0 5450.0 2.83391
4950.0 5450.0 2.46126
5050.0 5450.0 1.93883
5150.0 5450.0 1.45486
5250.0 5450.0 0.99244
5350.0 5450.0 0.59608
5450.0 5450.0 0.32714
5550.0 5450.0 0.18910
5650.0 5450.0 0.11324
5750.0 5450.0 -0.00452
5850.0 5450.0 -0.21564
5950.0 5450.0 -0.47764
6050.0 5450.0 -0.77021
6150.0 5450.0 -0.96247
6250.0 5450.0 -0.93938
6350.0 5450.0 -0.70404
50.0 5550.0 0.49184
150.0 5550.0 0.59548
250.0 5550.0 0.58758
350.0 5550.0 0.48659
450.0 5550.0 0.37695
550.0 5550.0 0.34499
650.0 5550.0 0.43603
750.0 5550.0 0.63247
850.0 5550.0 0.87059
950.0 5550.0 1.12790
1050.0 5550.0 1.29190
1150.0 5550.0 1.23975
1250.0 5550.0 0.95966
1350.0 5550.0 0.56970
1450.0 5550.0 0.23328
1550.0 5550.0 -0.02506
1650.0 5550.0 -0.36509
1750.0 5550.0 -0.77100
1850.0 5550.0 -1.09625
1950.0 5550.0 -1.22730
2050.0 5550.0 -1.16142
2150.0 5550.0 -0.99620
2250.0 5550.0 -0.83289
2350.0 5550.0 -0.78425
2450.0 5550.0 -0.95271
2550.0 5550.0 -1.21021
2650.0 5550.0 -1.35994
2750.0 5550.0 -1.26994
2850.0 5550.0 -0.93364
2950.0 5550.0 -0.45725
3050.0 5550.0 0.07100
3150.0 5550.0 0.63217
3250.0 5550.0 1.04586
3350.0 5550.0 1.15552
3450.0 5550.0 0.97033
3550.0 5550.0 0.66538
3650.0 5550.0 0.43999
3750.0 5550.0 0.26282
3850.0 5550.0 -0.00213
3950.0 5550.0 -0.23830
4050.0 5550.0 -0.26483
4150.0 5550.0 -0.01011
4250.0 5550.0 0.43822
4350.0 5550.0 0.90691
4450.0 5550.0 1.33749
4550.0 5550.0 1.91550
4650.0 5550.0 2.54564
4750.0 5550.0 2.91704
4850.0 5550.0 2.83609
4950.0 5550.0 2.36658
5050.0 5550.0 1.76842
5150.0 5550.0 1.23697
5250.0 5550.0 0.70923
5350.0 5550.0 0.21739
5450.0 5550.0 -0.13710
5550.0 5550.0 -0.30993
5650.0 5550.0 -0.35807
5750.0 5550.0 -0.40703
5850.0 5550.0 -0.54132
5950.0 5550.0 -0.68996
6050.0 5550.0 -0.76937
6150.0 5550.0 -0.73053
6250.0 5550.0 -0.57865
6350.0 5550.0 -0.37876
50.0 5650.0 0.24296
150.0 5650.0 0.41110
250.0 5650.0 0.43888
350.0 5650.0 0.32827
450.0 5650.0 0.16914
550.0 5650.0 0.07404
650.0 5650.0 0.12301
750.0 5650.0 0.31822
850.0 5650.0 0.58462
950.0 5650.0 0.94469
1050.0 5650.0 1.28600
1150.0 5650.0 1.42223
1250.0 5650.0 1.27289
1350.0 5650.0 0.91927
1450.0 5650.0 0.53534
1550.0 5650.0 0.19483
1650.0 5650.0 -0.23376
1750.0 5650.0 -0.71920
1850.0 5650.0 -1.09109
1950.0 5650.0 -1.22745
2050.0 5650.0 -1.14049
2150.0 5650.0 -0.95624
2250.0 5650.0 -0.79026
2350.0 5650.0 -0.75234
2450.0 5650.0 -0.94797
2550.0 5650.0 -1.22981
2650.0 5650.0 -1.38008
2750.0 5650.0 -1.25950
2850.0 5650.0 -0.87078
2950.0 5650.0 -0.33638
3050.0 5650.0 0.27793
3150.0 5650.0 1.00628
3250.0 5650.0 1.60568
3350.0 5650.0 1.82254
3450.0 5650.0 1.61365
3550.0 5650.0 1.17350
3650.0 5650.0 0.76787
3750.0 5650.0 0.40249
3850.0 5650.0 -0.07513
3950.0 5650.0 -0.50219
4050.0 5650.0 -0.63494
4150.0 5650.0 -0.38287
4250.0 5650.0 0.12651
4350.0 5650.0 0.65268
4450.0 5650.0 1.11546
4550.0 5650.0 1.71553
4650.0 5650.0 2.33867
4750.0 5650.0 2.66134
4850.0 5650.0 2.49784
4950.0 5650.0 1.93892
5050.0 5650.0 1.27484
5150.0 5650.0 0.70505
5250.0 5650.0 0.14686
5350.0 5650.0 -0.34760
5450.0 5650.0 -0.65217
5550.0 5650.0 -0.72182
5650.0 5650.0 -0.64215
5750.0 5650.0 -0.58133
5850.0 5650.0 -0.64459
5950.0 5650.0 -0.70469
6050.0 5650.0 -0.62529
6150.0 5650.0 -0.42348
6250.0 5650.0 -0.19539
6350.0 5650.0 -0.04790
50.0 5750.0 0.05380
150.0 5750.0 0.25427
250.0 5750.0 0.29545
350.0 5750.0 0.17052
450.0 5750.0 -0.02556
550.0 5750.0 -0.16338
650.0 5750.0 -0.14227
750.0 5750.0 0.05060
850.0 5750.0 0.33080
950.0 5750.0 0.73704
1050.0 5750.0 1.15486
1150.0 5750.0 1.36842
1250.0 5750.0 1.26747
1350.0 5750.0 0.91970
1450.0 5750.0 0.50657
1550.0 5750.0 0.12509
1650.0 5750.0 -0.31768
1750.0 5750.0 -0.75987
1850.0 5750.0 -1.03295
1950.0 5750.0 -1.04505
2050.0 5750.0 -0.85256
2150.0 5750.0 -0.61618
2250.0 5750.0 -0.44451
2350.0 5750.0 -0.42025
2450.0 5750.0 -0.65820
2550.0 5750.0 -0.99853
2650.0 5750.0 -1.20028
2750.0 5750.0 -1.10555
2850.0 5750.0 -0.71163
2950.0 5750.0 -0.15122
3050.0 5750.0 0.49740
3150.0 5750.0 1.26146
3250.0 5750.0 1.86363
3350.0 5750.0 2.02355
3450.0 5750.0 1.70364
3550.0 5750.0 1.13458
3650.0 5750.0 0.62023
3750.0 5750.0 0.15776
3850.0 5750.0 -0.42870
3950.0 5750.0 -0.95238
4050.0 5750.0 -1.13746
4150.0 5750.0 -0.88442
4250.0 5750.0 -0.34199
4350.0 5750.0 0.21439
4450.0 5750.0 0.69394
4550.0 5750.0 1.30774
4650.0 5750.0 1.93338
4750.0 5750.0 2.23970
4850.0 5750.0 2.04262
4950.0 5750.0 1.44421
5050.0 5750.0 0.74902
5150.0 5750.0 0.16011
5250.0 5750.0 -0.39070
5350.0 5750.0 -0.80892
5450.0 5750.0 -0.96353
5550.0 5750.0 -0.84274
5650.0 5750.0 -0.58676
5750.0 5750.0 -0.41237
5850.0 5750.0 -0.42933
5950.0 5750.0 -0.44821
6050.0 5750.0 -0.30810
6150.0 5750.0 -0.06062
6250.0 5750.0 0.16089
6350.0 5750.0 0.24133
50.0 5850.0 -0.00111
150.0 5850.0 0.20381
250.0 5850.0 0.24178
350.0 5850.0 0.10417
450.0 5850.0 -0.11066
550.0 5850.0 -0.26682
650.0 5850.0 -0.25718
750.0 5850.0 -0.06657
850.0 5850.0 0.21337
950.0 5850.0 0.60451
1050.0 5850.0 0.98508
1150.0 5850.0 1.14509
1250.0 5850.0 0.98844
1350.0 5850.0 0.59837
1450.0 5850.0 0.16454
1550.0 5850.0 -0.22204
1650.0 5850.0 -0.61780
1750.0 5850.0 -0.92056
1850.0 5850.0 -0.98427
1950.0 5850.0 -0.77624
2050.0 5850.0 -0.41747
2150.0 5850.0 -0.10595
2250.0 5850.0 0.07345
2350.0 5850.0 0.08277
2450.0 5850.0 -0.20632
2550.0 5850.0 -0.62793
2650.0 5850.0 -0.91799
2750.0 5850.0 -0.89229
2850.0 5850.0 -0.53144
2950.0 5850.0 0.02729
3050.0 5850.0 0.66605
3150.0 5850.0 1.35755
3250.0 5850.0 1.81553
3350.0 5850.0 1.79123
3450.0 5850.0 1.29885
3550.0 5850.0 0.61591
3650.0 5850.0 0.05870
3750.0 5850.0 -0.41875
3850.0 5850.0 -1.01000
3950.0 5850.0 -1.52077
4050.0 5850.0 -1.67627
4150.0 5850.0 -1.38653
4250.0 5850.0 -0.81404
4350.0 5850.0 -0.24391
4450.0 5850.0 0.23931
4550.0 5850.0 0.86366
4650.0 5850.0 1.51113
4750.0 5850.0 1.84554
4850.0 5850.0 1.67436
4950.0 5850.0 1.09257
5050.0 5850.0 0.40229
5150.0 5850.0 -0.18842
5250.0 5850.0 -0.70907
5350.0 5850.0 -1.01726
5450.0 5850.0 -0.99103
5550.0 5850.0 -0.66627
5650.0 5850.0 -0.24229
5750.0 5850.0 0.02261
5850.0 5850.0 0.02557
5950.0 5850.0 0.00676
6050.0 5850.0 0.12422
6150.0 5850.0 0.31976
6250.0 5850.0 0.46885
6350.0 5850.0 0.47576
50.0 5950.0 -0.01614
150.0 5950.0 0.18743
250.0 5950.0 0.20963
350.0 5950.0 0.04184
450.0 5950.0 -0.20852
550.0 5950.0 -0.39395
650.0 5950.0 -0.39887
750.0 5950.0 -0.20768
850.0 5950.0 0.07443
950.0 5950.0 0.43844
1050.0 5950.0 0.75563
1150.0 5950.0 0.83465
1250.0 5950.0 0.60688
1350.0 5950.0 0.17778
1450.0 5950.0 -0.25741
1550.0 5950.0 -0.62265
1650.0 5950.0 -0.93286
1750.0 5950.0 -1.04659
1850.0 5950.0 -0.85784
1950.0 5950.0 -0.40824
2050.0 5950.0 0.11379
2150.0 5950.0 0.48265
2250.0 5950.0 0.64945
2350.0 5950.0 0.62335
2450.0 5950.0 0.26200
2550.0 5950.0 -0.26221
2650.0 5950.0 -0.66152
2750.0 5950.0 -0.72503
2850.0 5950.0 -0.41668
2950.0 5950.0 0.12130
3050.0 5950.0 0.72636
3150.0 5950.0 1.30844
3250.0 5950.0 1.58451
3350.0 5950.0 1.35469
3450.0 5950.0 0.69291
3550.0 5950.0 -0.08186
3650.0 5950.0 -0.65404
3750.0 5950.0 -1.11638
3850.0 5950.0 -1.66669
3950.0 5950.0 -2.11109
4050.0 5950.0 -2.19604
4150.0 5950.0 -1.85468
4250.0 5950.0 -1.26221
4350.0 5950.0 -0.70057
4450.0 5950.0 -0.23727
4550.0 5950.0 0.37069
4650.0 5950.0 1.01850
4750.0 5950.0 1.37980
4850.0 5950.0 1.25883
4950.0 5950.0 0.73419
5050.0 5950.0 0.08819
5150.0 5950.0 -0.47457
5250.0 5950.0 -0.94193
5350.0 5950.0 -1.13522
5450.0 5950.0 -0.94859
5550.0 5950.0 -0.46042
5650.0 5950.0 0.08701
5750.0 5950.0 0.41260
5850.0 5950.0 0.42646
5950.0 5950.0 0.39917
6050.0 5950.0 0.47283
6150.0 5950.0 0.59161
6250.0 5950.0 0.65384
6350.0 5950.0 0.59123
50.0 6050.0 -0.01701
150.0 6050.0 0.18613
250.0 6050.0 0.16496
350.0 6050.0 -0.08718
450.0 6050.0 -0.43434
550.0 6050.0 -0.69482
650.0 6050.0 -0.73004
750.0 6050.0 -0.52528
850.0 6050.0 -0.22051
950.0 6050.0 0.12268
1050.0 6050.0 0.37535
1150.0 6050.0 0.38357
1250.0 6050.0 0.11906
1350.0 6050.0 -0.29125
1450.0 6050.0 -0.65847
1550.0 6050.0 -0.93079
1650.0 6050.0 -1.06778
1750.0 6050.0 -0.90783
1850.0 6050.0 -0.43032
1950.0 6050.0 0.22548
2050.0 6050.0 0.82113
2150.0 6050.0 1.14849
2250.0 6050.0 1.22313
2350.0 6050.0 1.09180
2450.0 6050.0 0.60745
2550.0 6050.0 -0.04651
2650.0 6050.0 -0.56584
2750.0 6050.0 -0.72904
2850.0 6050.0 -0.50004
2950.0 6050.0 -0.03021
3050.0 6050.0 0.48758
3150.0 6050.0 0.91589
3250.0 6050.0 1.00185
3350.0 6050.0 0.60917
3450.0 6050.0 -0.14108
3550.0 6050.0 -0.92306
3650.0 6050.0 -1.45216
3750.0 6050.0 -1.85063
3850.0 6050.0 -2.27944
3950.0 6050.0 -2.56539
4050.0 6050.0 -2.52126
4150.0 6050.0 -2.13074
4250.0 6050.0 -1.57482
4350.0 6050.0 -1.10018
4450.0 6050.0 -0.73608
4550.0 6050.0 -0.24768
4650.0 6050.0 0.29402
4750.0 6050.0 0.62815
4850.0 6050.0 0.58744
4950.0 6050.0 0.21792
5050.0 6050.0 -0.26833
5150.0 6050.0 -0.70480
5250.0 6050.0 -1.04702
5350.0 6050.0 -1.12535
5450.0 6050.0 -0.86682
5550.0 6050.0 -0.36492
5650.0 6050.0 0.15539
5750.0 6050.0 0.45278
5850.0 6050.0 0.46474
5950.0 6050.0 0.42904
6050.0 6050.0 0.44666
6150.0 6050.0 0.47605
6250.0 6050.0 0.45459
6350.0 6050.0 0.34872
50.0 6150.0 -0.00425
150.0 6150.0 0.20246
250.0 6150.0 0.12575
350.0 6150.0 -0.23609
450.0 6150.0 -0.70608
550.0 6150.0 -1.05587
650.0 6150.0 -1.11765
750.0 6150.0 -0.88049
850.0 6150.0 -0.53199
950.0 6150.0 -0.20319
1050.0 6150.0 -0.01622
1150.0 6150.0 -0.06839
1250.0 6150.0 -0.33439
1350.0 6150.0 -0.66662
1450.0 6150.0 -0.89475
1550.0 6150.0 -1.00200
1650.0 6150.0 -0.90018
1750.0 6150.0 -0.44476
1850.0 6150.0 0.26387
1950.0 6150.0 0.99153
2050.0 6150.0 1.49576
2150.0 6150.0 1.64756
2250.0 6150.0 1.54518
2350.0 6150.0 1.25044
2450.0 6150.0 0.63789
2550.0 6150.0 -0.09762
2650.0 6150.0 -0.66329
2750.0 6150.0 -0.86802
2850.0 6150.0 -0.70972
2950.0 6150.0 -0.35022
3050.0 6150.0 0.03107
3150.0 6150.0 0.28864
3250.0 6150.0 0.22861
3350.0 6150.0 -0.21975
3450.0 6150.0 -0.91968
3550.0 6150.0 -1.58863
3650.0 6150.0 -2.00623
3750.0 6150.0 -2.29239
3850.0 6150.0 -2.53044
3950.0 6150.0 -2.59224
4050.0 6150.0 -2.39677
4150.0 6150.0 -1.99551
4250.0 6150.0 -1.55812
4350.0 6150.0 -1.25950
4450.0 6150.0 -1.07656
4550.0 6150.0 -0.81829
4650.0 6150.0 -0.50435
4750.0 6150.0 -0.27071
4850.0 6150.0 -0.21869
4950.0 6150.0 -0.34611
5050.0 6150.0 -0.56005
5150.0 6150.0 -0.77001
5250.0 6150.0 -0.91728
5350.0 6150.0 -0.89373
5450.0 6150.0 -0.67510
5550.0 6150.0 -0.33624
5650.0 6150.0 -0.01615
5750.0 6150.0 0.15223
5850.0 6150.0 0.14750
5950.0 6150.0 0.10538
6050.0 6150.0 0.06343
6150.0 6150.0 0.00680
6250.0 6150.0 -0.07560
6350.0 6150.0 -0.18078
50.0 6250.0 0.01328
150.0 6250.0 0.22929
250.0 6250.0 0.11279
350.0 6250.0 -0.33039
450.0 6250.0 -0.88654
550.0 6250.0 -1.28920
650.0 6250.0 -1.34999
750.0 6250.0 -1.06508
850.0 6250.0 -0.66361
950.0 6250.0 -0.34640
1050.0 6250.0 -0.22568
1150.0 6250.0 -0.33374
1250.0 6250.0 -0.58594
1350.0 6250.0 -0.81431
1450.0 6250.0 -0.87240
1550.0 6250.0 -0.78480
1650.0 6250.0 -0.44736
1750.0 6250.0 0.22816
1850.0 6250.0 1.01911
1950.0 6250.0 1.63230
2050.0 6250.0 1.87795
2150.0 6250.0 1.75325
2250.0 6250.0 1.43268
2350.0 6250.0 0.96675
2450.0 6250.0 0.28480
2550.0 6250.0 -0.41214
2650.0 6250.0 -0.88152
2750.0 6250.0 -1.01267
2850.0 6250.0 -0.87414
2950.0 6250.0 -0.63486
3050.0 6250.0 -0.40408
3150.0 6250.0 -0.28741
3250.0 6250.0 -0.40572
3350.0 6250.0 -0.78047
3450.0 6250.0 -1.29688
3550.0 6250.0 -1.75689
3650.0 6250.0 -2.02165
3750.0 6250.0 -2.17645
3850.0 6250.0 -2.21109
3950.0 6250.0 -2.05764
4050.0 6250.0 -1.75039
4150.0 6250.0 -1.40189
4250.0 6250.0 -1.15003
4350.0 6250.0 -1.07724
4450.0 6250.0 -1.11193
4550.0 6250.0 -1.13817
4650.0 6250.0 -1.12113
4750.0 6250.0 -1.04323
4850.0 6250.0 -0.91694
4950.0 6250.0 -0.78200
5050.0 6250.0 -0.68236
5150.0 6250.0 -0.62299
5250.0 6250.0 -0.55003
5350.0 6250.0 -0.44740
5450.0 6250.0 -0.34474
5550.0 6250.0 -0.27614
5650.0 6250.0 -0.25599
5750.0 6250.0 -0.27308
5850.0 6250.0 -0.30303
5950.0 6250.0 -0.34825
6050.0 6250.0 -0.43955
6150.0 6250.0 -0.55944
6250.0 6250.0 -0.66740
6350.0 6250.0 -0.73059
50.0 6350.0 0.02447
150.0 6350.0 0.25415
250.0 6350.0 0.13223
350.0 6350.0 -0.32706
450.0 6350.0 -0.89153
550.0 6350.0 -1.28093
650.0 6350.0 -1.30480
750.0 6350.0 -0.96828
850.0 6350.0 -0.52096
950.0 6350.0 -0.21756
1050.0 6350.0 -0.16274
1150.0 6350.0 -0.33029
1250.0 6350.0 -0.58079
1350.0 6350.0 -0.72561
1450.0 6350.0 -0.63797
1550.0 6350.0 -0.38256
1650.0 6350.0 0.12252
1750.0 6350.0 0.88888
1850.0 6350.0 1.60420
1950.0 6350.0 1.96524
2050.0 6350.0 1.87187
2150.0 6350.0 1.45532
2250.0 6350.0 0.93949
2350.0 6350.0 0.34742
2450.0 6350.0 -0.31442
2550.0 6350.0 -0.84692
2650.0 6350.0 -1.08647
2750.0 6350.0 -1.03495
2850.0 6350.0 -0.85143
2950.0 6350.0 -0.70582
3050.0 6350.0 -0.59806
3150.0 6350.0 -0.56304
3250.0 6350.0 -0.65634
3350.0 6350.0 -0.87540
3450.0 6350.0 -1.15127
3550.0 6350.0 -1.38086
3650.0 6350.0 -1.49953
3750.0 6350.0 -1.54247
3850.0 6350.0 -1.42247
3950.0 6350.0 -1.13009
4050.0 6350.0 -0.78938
4150.0 6350.0 -0.54769
4250.0 6350.0 -0.49831
4350.0 6350.0 -0.63680
4450.0 6350.0 -0.86228
4550.0 6350.0 -1.14415
4650.0 6350.0 -1.40569
4750.0 6350.0 -1.49198
4850.0 6350.0 -1.33001
4950.0 6350.0 -0.98774
5050.0 6350.0 -0.62403
5150.0 6350.0 -0.33078
5250.0 6350.0 -0.06875
5350.0 6350.0 0.09283
5450.0 6350.0 0.07837
5550.0 6350.0 -0.10634
5650.0 6350.0 -0.36191
5750.0 6350.0 -0.54805
5850.0 6350.0 -0.60125
5950.0 6350.0 -0.64669
6050.0 6350.0 -0.76925
6150.0 6350.0 -0.92296
6250.0 6350.0 -1.02772
6350.0 6350.0 -1.03207
