50.0 50.0 0.00000
150.0 50.0 -0.28717
250.0 50.0 -0.59869
350.0 50.0 -0.91312
450.0 50.0 -1.18468
550.0 50.0 -1.36555
650.0 50.0 -1.42187
750.0 50.0 -1.34332
850.0 50.0 -1.14640
950.0 50.0 -0.87132
1050.0 50.0 -0.57248
1150.0 50.0 -0.30271
1250.0 50.0 -0.09099
1350.0 50.0 0.08208
1450.0 50.0 0.21571
1550.0 50.0 0.26657
1650.0 50.0 0.22303
1750.0 50.0 0.09926
1850.0 50.0 -0.07404
1950.0 50.0 -0.25791
2050.0 50.0 -0.41253
2150.0 50.0 -0.50350
2250.0 50.0 -0.50724
2350.0 50.0 -0.41540
2450.0 50.0 -0.23826
2550.0 50.0 -0.00719
2650.0 50.0 0.23971
2750.0 50.0 0.50166
2850.0 50.0 0.75983
2950.0 50.0 0.97720
3050.0 50.0 1.11625
3150.0 50.0 1.15151
3250.0 50.0 1.07701
3350.0 50.0 0.90852
3450.0 50.0 0.68074
3550.0 50.0 0.43930
3650.0 50.0 0.22770
3750.0 50.0 0.06900
3850.0 50.0 -0.05741
3950.0 50.0 -0.21734
4050.0 50.0 -0.44164
4150.0 50.0 -0.70900
4250.0 50.0 -0.97172
4350.0 50.0 -1.17697
4450.0 50.0 -1.28230
4550.0 50.0 -1.26546
4650.0 50.0 -1.12845
4750.0 50.0 -0.89590
4850.0 50.0 -0.60776
4950.0 50.0 -0.30620
5050.0 50.0 -0.01685
5150.0 50.0 0.27469
5250.0 50.0 0.59797
5350.0 50.0 0.93525
5450.0 50.0 1.23814
5550.0 50.0 1.45290
5650.0 50.0 1.53871
5750.0 50.0 1.47914
5850.0 50.0 1.28667
5950.0 50.0 1.00028
6050.0 50.0 0.67621
6150.0 50.0 0.37172
6250.0 50.0 0.12200
6350.0 50.0 -0.08876
50.0 150.0 -0.02313
150.0 150.0 -0.30963
250.0 150.0 -0.61989
350.0 150.0 -0.93223
450.0 150.0 -1.20087
550.0 150.0 -1.37822
650.0 150.0 -1.43073
750.0 150.0 -1.34847
850.0 150.0 -1.14827
950.0 150.0 -0.87060
1050.0 150.0 -0.57003
1150.0 150.0 -0.29936
1250.0 150.0 -0.08741
1350.0 150.0 0.08550
1450.0 150.0 0.21622
1550.0 150.0 0.25776
1650.0 150.0 0.19697
1750.0 150.0 0.04841
1850.0 150.0 -0.15539
1950.0 150.0 -0.37270
2050.0 150.0 -0.56041
2150.0 150.0 -0.68090
2250.0 150.0 -0.70792
2350.0 150.0 -0.63157
2450.0 150.0 -0.46227
2550.0 150.0 -0.23381
2650.0 150.0 0.01258
2750.0 150.0 0.27930
2850.0 150.0 0.55049
2950.0 150.0 0.78982
3050.0 150.0 0.95855
3150.0 150.0 1.02864
3250.0 150.0 0.99068
3350.0 150.0 0.85671
3450.0 150.0 0.65800
3550.0 150.0 0.43767
3650.0 150.0 0.23823
3750.0 150.0 0.08402
3850.0 150.0 -0.04139
3950.0 150.0 -0.19825
4050.0 150.0 -0.41408
4150.0 150.0 -0.66647
4250.0 150.0 -0.90829
4350.0 150.0 -1.08844
4450.0 150.0 -1.16692
4550.0 150.0 -1.12420
4650.0 150.0 -0.96480
4750.0 150.0 -0.71535
4850.0 150.0 -0.41677
4950.0 150.0 -0.11091
5050.0 150.0 0.17862
5150.0 150.0 0.46928
5250.0 150.0 0.79089
5350.0 150.0 1.12542
5450.0 150.0 1.42460
5550.0 150.0 1.63503
5650.0 150.0 1.71640
5750.0 150.0 1.65277
5850.0 150.0 1.45702
5950.0 150.0 1.16842
6050.0 150.0 0.84327
6150.0 150.0 0.53874
6250.0 150.0 0.28972
6350.0 150.0 0.07983
50.0 250.0 0.00857
150.0 250.0 -0.27450
250.0 250.0 -0.58073
350.0 250.0 -0.88843
450.0 250.0 -1.15217
550.0 250.0 -1.32484
650.0 250.0 -1.37337
750.0 250.0 -1.28814
850.0 250.0 -1.08613
950.0 250.0 -0.80770
1050.0 250.0 -0.50714
1150.0 250.0 -0.23686
1250.0 250.0 -0.02536
1350.0 250.0 0.14708
1450.0 250.0 0.27477
1550.0 250.0 0.30689
1650.0 250.0 0.22813
1750.0 250.0 0.05269
1850.0 250.0 -0.18570
1950.0 250.0 -0.44273
2050.0 250.0 -0.67186
2150.0 250.0 -0.83163
2250.0 250.0 -0.89226
2350.0 250.0 -0.84132
2450.0 250.0 -0.68871
2550.0 250.0 -0.47061
2650.0 250.0 -0.23223
2750.0 250.0 0.03201
2850.0 250.0 0.31020
2950.0 250.0 0.56781
3050.0 250.0 0.76588
3150.0 250.0 0.87417
3250.0 250.0 0.87957
3350.0 250.0 0.78945
3450.0 250.0 0.63017
3550.0 250.0 0.44065
3650.0 250.0 0.26104
3750.0 250.0 0.11642
3850.0 250.0 -0.00435
3950.0 250.0 -0.15416
4050.0 250.0 -0.35693
4150.0 250.0 -0.58964
4250.0 250.0 -0.80654
4350.0 250.0 -0.95906
4450.0 250.0 -1.01019
4550.0 250.0 -0.94319
4650.0 250.0 -0.76487
4750.0 250.0 -0.50313
4850.0 250.0 -0.19909
4950.0 250.0 0.10648
5050.0 250.0 0.39225
5150.0 250.0 0.67779
5250.0 250.0 0.99096
5350.0 250.0 1.31259
5450.0 250.0 1.59523
5550.0 250.0 1.78733
5650.0 250.0 1.85083
5750.0 250.0 1.77188
5850.0 250.0 1.56493
5950.0 250.0 1.27005
6050.0 250.0 0.94349
6150.0 250.0 0.64153
6250.0 250.0 0.39767
6350.0 250.0 0.19382
50.0 350.0 0.10838
150.0 350.0 -0.16709
250.0 350.0 -0.46523
350.0 350.0 -0.76468
450.0 350.0 -1.02086
550.0 350.0 -1.18755
650.0 350.0 -1.23233
750.0 350.0 -1.14580
850.0 350.0 -0.94469
950.0 350.0 -0.66864
1050.0 350.0 -0.37100
1150.0 350.0 -0.10321
1250.0 350.0 0.10680
1350.0 350.0 0.27831
1450.0 350.0 0.40336
1550.0 350.0 0.42771
1650.0 350.0 0.33322
1750.0 350.0 0.13245
1850.0 350.0 -0.14087
1950.0 350.0 -0.44086
2050.0 350.0 -0.71785
2150.0 350.0 -0.92626
2250.0 350.0 -1.03192
2350.0 350.0 -1.01877
2450.0 350.0 -0.89502
2550.0 350.0 -0.69878
2650.0 350.0 -0.47983
2750.0 350.0 -0.22982
2850.0 350.0 0.04434
2950.0 350.0 0.31170
3050.0 350.0 0.53461
3150.0 350.0 0.68166
3250.0 350.0 0.73605
3350.0 350.0 0.69952
3450.0 350.0 0.59172
3550.0 350.0 0.44513
3650.0 350.0 0.29549
3750.0 350.0 0.16769
3850.0 350.0 0.05704
3950.0 350.0 -0.07992
4050.0 350.0 -0.26337
4150.0 350.0 -0.47054
4250.0 350.0 -0.65827
4350.0 350.0 -0.78155
4450.0 350.0 -0.80691
4550.0 350.0 -0.72043
4650.0 350.0 -0.53044
4750.0 350.0 -0.26501
4850.0 350.0 0.03596
4950.0 350.0 0.33386
5050.0 350.0 0.60984
5150.0 350.0 0.88397
5250.0 350.0 1.17910
5350.0 350.0 1.47403
5450.0 350.0 1.72319
5550.0 350.0 1.87899
5650.0 350.0 1.90800
5750.0 350.0 1.80053
5850.0 350.0 1.57396
5950.0 350.0 1.26959
6050.0 350.0 0.94317
6150.0 350.0 0.64893
6250.0 350.0 0.41732
6350.0 350.0 0.22731
50.0 450.0 0.25948
150.0 450.0 -0.00407
250.0 450.0 -0.28997
350.0 450.0 -0.57770
450.0 450.0 -0.82400
550.0 450.0 -0.98396
650.0 450.0 -1.02591
750.0 450.0 -0.94054
850.0 450.0 -0.74381
950.0 450.0 -0.47399
1050.0 450.0 -0.18268
1150.0 450.0 0.08024
1250.0 450.0 0.28757
1350.0 450.0 0.45772
1450.0 450.0 0.58127
1550.0 450.0 0.60205
1650.0 450.0 0.49869
1750.0 450.0 0.28068
1850.0 450.0 -0.02012
1950.0 450.0 -0.35792
2050.0 450.0 -0.68117
2150.0 450.0 -0.94073
2250.0 450.0 -1.09778
2350.0 450.0 -1.13175
2450.0 450.0 -1.04799
2550.0 450.0 -0.88534
2650.0 450.0 -0.69796
2750.0 450.0 -0.47557
2850.0 450.0 -0.21950
2950.0 450.0 0.04457
3050.0 450.0 0.28228
3150.0 450.0 0.46251
3250.0 450.0 0.56546
3350.0 450.0 0.58681
3450.0 450.0 0.53820
3550.0 450.0 0.44374
3650.0 450.0 0.33276
3750.0 450.0 0.22873
3850.0 450.0 0.13388
3950.0 450.0 0.01555
4050.0 450.0 -0.14294
4150.0 450.0 -0.32016
4250.0 450.0 -0.47670
4350.0 450.0 -0.57203
4450.0 450.0 -0.57655
4550.0 450.0 -0.47874
4650.0 450.0 -0.28749
4750.0 450.0 -0.02948
4850.0 450.0 0.25811
4950.0 450.0 0.53998
5050.0 450.0 0.79975
5150.0 450.0 1.05604
5250.0 450.0 1.32396
5350.0 450.0 1.57980
5450.0 450.0 1.78103
5550.0 450.0 1.88608
5650.0 450.0 1.86820
5750.0 450.0 1.72354
5850.0 450.0 1.47330
5950.0 450.0 1.16008
6050.0 450.0 0.83826
6150.0 450.0 0.55868
6250.0 450.0 0.34731
6350.0 450.0 0.17932
50.0 550.0 0.42924
150.0 550.0 0.18117
250.0 550.0 -0.08922
350.0 550.0 -0.36268
450.0 550.0 -0.59775
550.0 550.0 -0.75107
650.0 550.0 -0.79181
750.0 550.0 -0.71047
850.0 550.0 -0.52180
950.0 550.0 -0.26204
1050.0 550.0 0.01963
1150.0 550.0 0.27544
1250.0 550.0 0.47904
1350.0 550.0 0.64749
1450.0 550.0 0.77145
1550.0 550.0 0.79507
1650.0 550.0 0.69395
1750.0 550.0 0.47315
1850.0 550.0 0.16049
1950.0 550.0 -0.20065
2050.0 550.0 -0.55888
2150.0 550.0 -0.86289
2250.0 550.0 -1.06986
2350.0 550.0 -1.15442
2450.0 550.0 -1.11792
2550.0 550.0 -0.99827
2650.0 550.0 -0.85272
2750.0 550.0 -0.67041
2850.0 550.0 -0.44718
2950.0 550.0 -0.20211
3050.0 550.0 0.03563
3150.0 550.0 0.23704
3250.0 550.0 0.38055
3350.0 550.0 0.45628
3450.0 550.0 0.46743
3550.0 550.0 0.42858
3650.0 550.0 0.36118
3750.0 550.0 0.28589
3850.0 550.0 0.21151
3950.0 550.0 0.11628
4050.0 550.0 -0.01369
4150.0 550.0 -0.15933
4250.0 550.0 -0.28593
4350.0 550.0 -0.35796
4450.0 550.0 -0.34960
4550.0 550.0 -0.25106
4650.0 550.0 -0.07050
4750.0 550.0 0.16824
4850.0 550.0 0.43226
4950.0 550.0 0.69041
5050.0 550.0 0.92850
5150.0 550.0 1.16177
5250.0 550.0 1.39595
5350.0 550.0 1.60485
5450.0 550.0 1.75013
5550.0 550.0 1.79759
5650.0 550.0 1.72850
5750.0 550.0 1.54562
5850.0 550.0 1.27412
5950.0 550.0 0.95730
6050.0 550.0 0.64720
6150.0 550.0 0.38994
6250.0 550.0 0.20604
6350.0 550.0 0.06690
50.0 650.0 0.58070
150.0 650.0 0.35028
250.0 650.0 0.09721
350.0 650.0 -0.16085
450.0 650.0 -0.38455
550.0 650.0 -0.53219
650.0 650.0 -0.57374
750.0 650.0 -0.49927
850.0 650.0 -0.32191
950.0 650.0 -0.07538
1050.0 650.0 0.19406
1150.0 650.0 0.44107
1250.0 650.0 0.64019
1350.0 650.0 0.80679
1450.0 650.0 0.93344
1550.0 650.0 0.96755
1650.0 650.0 0.88228
1750.0 650.0 0.67721
1850.0 650.0 0.37405
1950.0 650.0 0.01122
2050.0 650.0 -0.36260
2150.0 650.0 -0.69603
2250.0 650.0 -0.94361
2350.0 650.0 -1.07554
2450.0 650.0 -1.08840
2550.0 650.0 -1.01711
2650.0 650.0 -0.91996
2750.0 650.0 -0.78707
2850.0 650.0 -0.60960
2950.0 650.0 -0.39932
3050.0 650.0 -0.17867
3150.0 650.0 0.02732
3250.0 650.0 0.19699
3350.0 650.0 0.31613
3450.0 650.0 0.38009
3550.0 650.0 0.39384
3650.0 650.0 0.37015
3750.0 650.0 0.32575
3850.0 650.0 0.27464
3950.0 650.0 0.20484
4050.0 650.0 0.10423
4150.0 650.0 -0.01138
4250.0 650.0 -0.11246
4350.0 650.0 -0.16850
4450.0 650.0 -0.15703
4550.0 650.0 -0.06903
4650.0 650.0 0.08929
4750.0 650.0 0.29827
4850.0 650.0 0.53035
4950.0 650.0 0.75910
5050.0 650.0 0.97199
5150.0 650.0 1.17924
5250.0 650.0 1.37695
5350.0 650.0 1.53716
5450.0 650.0 1.62642
5550.0 650.0 1.61855
5650.0 650.0 1.50303
5750.0 650.0 1.28898
5850.0 650.0 1.00484
5950.0 650.0 0.69363
6050.0 650.0 0.40384
6150.0 650.0 0.17601
6250.0 650.0 0.02483
6350.0 650.0 -0.08121
50.0 750.0 0.68135
150.0 750.0 0.46898
250.0 750.0 0.23333
350.0 750.0 -0.00980
450.0 750.0 -0.22318
550.0 750.0 -0.36678
650.0 750.0 -0.41120
750.0 750.0 -0.34587
850.0 750.0 -0.18207
950.0 750.0 0.04929
1050.0 750.0 0.30505
1150.0 750.0 0.54240
1250.0 750.0 0.73672
1350.0 750.0 0.90149
1450.0 750.0 1.03313
1550.0 750.0 1.08515
1650.0 750.0 1.02929
1750.0 750.0 0.85910
1850.0 750.0 0.58852
1950.0 750.0 0.24868
2050.0 750.0 -0.11699
2150.0 750.0 -0.45944
2250.0 750.0 -0.73242
2350.0 750.0 -0.90260
2450.0 750.0 -0.96148
2550.0 750.0 -0.93902
2650.0 750.0 -0.89211
2750.0 750.0 -0.81325
2850.0 750.0 -0.69034
2950.0 750.0 -0.52787
3050.0 750.0 -0.34059
3150.0 750.0 -0.14808
3250.0 750.0 0.02972
3350.0 750.0 0.17606
3450.0 750.0 0.27986
3550.0 750.0 0.33740
3650.0 750.0 0.35294
3750.0 750.0 0.33841
3850.0 750.0 0.31106
3950.0 750.0 0.26655
4050.0 750.0 0.19330
4150.0 750.0 0.10340
4250.0 750.0 0.02115
4350.0 750.0 -0.02750
4450.0 750.0 -0.02263
4550.0 750.0 0.04495
4650.0 750.0 0.17197
4750.0 750.0 0.34385
4850.0 750.0 0.53894
4950.0 750.0 0.73560
5050.0 750.0 0.92226
5150.0 750.0 1.10316
5250.0 750.0 1.26589
5350.0 750.0 1.38182
5450.0 750.0 1.42278
5550.0 750.0 1.37024
5650.0 750.0 1.22102
5750.0 750.0 0.98940
5850.0 750.0 0.70574
5950.0 750.0 0.41144
6050.0 750.0 0.15048
6150.0 750.0 -0.04268
6250.0 750.0 -0.15875
6350.0 750.0 -0.23071
50.0 850.0 0.70910
150.0 850.0 0.51338
250.0 850.0 0.29348
350.0 850.0 0.06337
450.0 850.0 -0.14173
550.0 850.0 -0.28325
650.0 850.0 -0.33223
750.0 850.0 -0.27732
850.0 850.0 -0.12788
950.0 850.0 0.08794
1050.0 850.0 0.32997
1150.0 850.0 0.55781
1250.0 850.0 0.74751
1350.0 850.0 0.91067
1450.0 850.0 1.04913
1550.0 850.0 1.12481
1650.0 850.0 1.10920
1750.0 850.0 0.98985
1850.0 850.0 0.77203
1950.0 850.0 0.47798
2050.0 850.0 0.14380
2150.0 850.0 -0.18600
2250.0 850.0 -0.46632
2350.0 850.0 -0.66162
2450.0 850.0 -0.75847
2550.0 850.0 -0.78041
2650.0 850.0 -0.78047
2750.0 850.0 -0.75471
2850.0 850.0 -0.68935
2950.0 850.0 -0.58237
3050.0 850.0 -0.44073
3150.0 850.0 -0.27762
3250.0 850.0 -0.10971
3350.0 850.0 0.04561
3450.0 850.0 0.17292
3550.0 850.0 0.26151
3650.0 850.0 0.30809
3750.0 850.0 0.31947
3850.0 850.0 0.31401
3950.0 850.0 0.29219
4050.0 850.0 0.24195
4150.0 850.0 0.17150
4250.0 850.0 0.10048
4350.0 850.0 0.05108
4450.0 850.0 0.04159
4550.0 850.0 0.08218
4650.0 850.0 0.17310
4750.0 850.0 0.30513
4850.0 850.0 0.46246
4950.0 850.0 0.62780
5050.0 850.0 0.78989
5150.0 850.0 0.94681
5250.0 850.0 1.07989
5350.0 850.0 1.16123
5450.0 850.0 1.16775
5550.0 850.0 1.08737
5650.0 850.0 0.92253
5750.0 850.0 0.69074
5850.0 850.0 0.42250
5950.0 850.0 0.15630
6050.0 850.0 -0.06910
6150.0 850.0 -0.22519
6250.0 850.0 -0.30710
6350.0 850.0 -0.34743
50.0 950.0 0.65552
150.0 950.0 0.47346
250.0 950.0 0.26621
350.0 950.0 0.04608
450.0 950.0 -0.15340
550.0 950.0 -0.29477
650.0 950.0 -0.34929
750.0 950.0 -0.30480
850.0 950.0 -0.16888
950.0 950.0 0.03274
1050.0 950.0 0.26249
1150.0 950.0 0.48195
1250.0 950.0 0.66766
1350.0 950.0 0.82958
1450.0 950.0 0.97584
1550.0 950.0 1.07809
1650.0 950.0 1.10863
1750.0 950.0 1.04968
1850.0 950.0 0.89790
1950.0 950.0 0.66603
2050.0 950.0 0.38168
2150.0 950.0 0.08326
2250.0 950.0 -0.18698
2350.0 950.0 -0.39271
2450.0 950.0 -0.51622
2550.0 950.0 -0.57392
2650.0 950.0 -0.61313
2750.0 950.0 -0.63398
2850.0 950.0 -0.62261
2950.0 950.0 -0.57182
3050.0 950.0 -0.48152
3150.0 950.0 -0.35840
3250.0 950.0 -0.21488
3350.0 950.0 -0.06725
3450.0 950.0 0.06694
3550.0 950.0 0.17225
3650.0 950.0 0.23948
3750.0 950.0 0.27061
3850.0 950.0 0.28307
3950.0 950.0 0.27937
4050.0 950.0 0.24618
4150.0 950.0 0.18821
4250.0 950.0 0.12135
4350.0 950.0 0.06512
4450.0 950.0 0.03703
4550.0 950.0 0.04877
4650.0 950.0 0.10412
4750.0 950.0 0.19883
4850.0 950.0 0.32216
4950.0 950.0 0.46038
5050.0 950.0 0.60198
5150.0 950.0 0.73960
5250.0 950.0 0.85130
5350.0 950.0 0.91124
5450.0 950.0 0.90076
5550.0 950.0 0.81245
5650.0 950.0 0.65201
5750.0 950.0 0.43793
5850.0 950.0 0.19902
5950.0 950.0 -0.03023
6050.0 950.0 -0.21648
6150.0 950.0 -0.33652
6250.0 950.0 -0.38845
6350.0 950.0 -0.40263
50.0 1050.0 0.52635
150.0 1050.0 0.35389
250.0 1050.0 0.15524
350.0 1050.0 -0.05859
450.0 1050.0 -0.25525
550.0 1050.0 -0.39801
650.0 1050.0 -0.45816
750.0 1050.0 -0.42278
850.0 1050.0 -0.29804
950.0 1050.0 -0.10778
1050.0 1050.0 0.11235
1150.0 1050.0 0.32537
1250.0 1050.0 0.50811
1350.0 1050.0 0.66923
1450.0 1050.0 0.82328
1550.0 1050.0 0.95159
1650.0 1050.0 1.02815
1750.0 1050.0 1.03100
1850.0 1050.0 0.94919
1950.0 1050.0 0.78652
2050.0 1050.0 0.56208
2150.0 1050.0 0.30750
2250.0 1050.0 0.06108
2350.0 1050.0 -0.14138
2450.0 1050.0 -0.27893
2550.0 1050.0 -0.36103
2650.0 1050.0 -0.42830
2750.0 1050.0 -0.48479
2850.0 1050.0 -0.51782
2950.0 1050.0 -0.51673
3050.0 1050.0 -0.47583
3150.0 1050.0 -0.39605
3250.0 1050.0 -0.28532
3350.0 1050.0 -0.15757
3450.0 1050.0 -0.03048
3550.0 1050.0 0.07815
3650.0 1050.0 0.15525
3750.0 1050.0 0.19878
3850.0 1050.0 0.22379
3950.0 1050.0 0.23242
4050.0 1050.0 0.20973
4150.0 1050.0 0.15775
4250.0 1050.0 0.08979
4350.0 1050.0 0.02379
4450.0 1050.0 -0.02279
4550.0 1050.0 -0.03670
4650.0 1050.0 -0.01108
4750.0 1050.0 0.05370
4850.0 1050.0 0.15074
4950.0 1050.0 0.26877
5050.0 1050.0 0.39572
5150.0 1050.0 0.52023
5250.0 1050.0 0.62033
5350.0 1050.0 0.67328
5450.0 1050.0 0.66385
5550.0 1050.0 0.58713
5650.0 1050.0 0.44959
5750.0 1050.0 0.26844
5850.0 1050.0 0.06927
5950.0 1050.0 -0.11810
6050.0 1050.0 -0.26544
6150.0 1050.0 -0.35372
6250.0 1050.0 -0.38236
6350.0 1050.0 -0.37800
50.0 1150.0 0.33922
150.0 1150.0 0.17197
250.0 1150.0 -0.02229
350.0 1150.0 -0.23341
450.0 1150.0 -0.42973
550.0 1150.0 -0.57484
650.0 1150.0 -0.63988
750.0 1150.0 -0.61137
850.0 1150.0 -0.49448
950.0 1150.0 -0.31188
1050.0 1150.0 -0.09804
1150.0 1150.0 0.11090
1250.0 1150.0 0.29182
1350.0 1150.0 0.45261
1450.0 1150.0 0.61350
1550.0 1150.0 0.76441
1650.0 1150.0 0.88147
1750.0 1150.0 0.93995
1850.0 1150.0 0.92299
1950.0 1150.0 0.82698
2050.0 1150.0 0.66342
2150.0 1150.0 0.45746
2250.0 1150.0 0.24301
2350.0 1150.0 0.05437
2450.0 1150.0 -0.08549
2550.0 1150.0 -0.18006
2650.0 1150.0 -0.26320
2750.0 1150.0 -0.34214
2850.0 1150.0 -0.40616
2950.0 1150.0 -0.44288
3050.0 1150.0 -0.44289
3150.0 1150.0 -0.40274
3250.0 1150.0 -0.32630
3350.0 1150.0 -0.22460
3450.0 1150.0 -0.11391
3550.0 1150.0 -0.01233
3650.0 1150.0 0.06527
3750.0 1150.0 0.11400
3850.0 1150.0 0.14581
3950.0 1150.0 0.16084
4050.0 1150.0 0.14269
4150.0 1150.0 0.09171
4250.0 1150.0 0.01985
4350.0 1150.0 -0.05554
4450.0 1150.0 -0.11666
4550.0 1150.0 -0.14893
4650.0 1150.0 -0.14342
4750.0 1150.0 -0.09801
4850.0 1150.0 -0.01728
4950.0 1150.0 0.08880
5050.0 1150.0 0.20755
5150.0 1150.0 0.32550
5250.0 1150.0 0.42351
5350.0 1150.0 0.48262
5450.0 1150.0 0.48983
5550.0 1150.0 0.44064
5650.0 1150.0 0.34005
5750.0 1150.0 0.20219
5850.0 1150.0 0.04832
5950.0 1150.0 -0.09656
6050.0 1150.0 -0.20863
6150.0 1150.0 -0.27167
6250.0 1150.0 -0.28490
6350.0 1150.0 -0.27026
50.0 1250.0 0.11862
150.0 1250.0 -0.04704
250.0 1250.0 -0.24032
350.0 1250.0 -0.45152
450.0 1250.0 -0.64922
550.0 1250.0 -0.79701
650.0 1250.0 -0.86584
750.0 1250.0 -0.84180
850.0 1250.0 -0.72952
950.0 1250.0 -0.55110
1050.0 1250.0 -0.34049
1150.0 1250.0 -0.13352
1250.0 1250.0 0.04661
1350.0 1250.0 0.20742
1450.0 1250.0 0.37381
1550.0 1250.0 0.54261
1650.0 1250.0 0.69224
1750.0 1250.0 0.79647
1850.0 1250.0 0.83433
1950.0 1250.0 0.79657
2050.0 1250.0 0.68856
2150.0 1250.0 0.52982
2250.0 1250.0 0.34996
2350.0 1250.0 0.18126
2450.0 1250.0 0.04765
2550.0 1250.0 -0.04967
2650.0 1250.0 -0.13843
2750.0 1250.0 -0.22804
2850.0 1250.0 -0.31000
2950.0 1250.0 -0.37164
3050.0 1250.0 -0.40156
3150.0 1250.0 -0.39339
3250.0 1250.0 -0.34783
3350.0 1250.0 -0.27294
3450.0 1250.0 -0.18279
3550.0 1250.0 -0.09432
3650.0 1250.0 -0.02259
3750.0 1250.0 0.02582
3850.0 1250.0 0.05968
3950.0 1250.0 0.07639
4050.0 1250.0 0.05850
4150.0 1250.0 0.00563
4250.0 1250.0 -0.07065
4350.0 1250.0 -0.15291
4450.0 1250.0 -0.22288
4550.0 1250.0 -0.26514
4650.0 1250.0 -0.26968
4750.0 1250.0 -0.23325
4850.0 1250.0 -0.15953
4950.0 1250.0 -0.05808
5050.0 1250.0 0.05790
5150.0 1250.0 0.17463
5250.0 1250.0 0.27782
5350.0 1250.0 0.35251
5450.0 1250.0 0.38691
5550.0 1250.0 0.37530
5650.0 1250.0 0.31969
5750.0 1250.0 0.22992
5850.0 1250.0 0.12243
5950.0 1250.0 0.01762
6050.0 1250.0 -0.06429
6150.0 1250.0 -0.10868
6250.0 1250.0 -0.11345
6350.0 1250.0 -0.09541
50.0 1350.0 -0.11178
150.0 1350.0 -0.27738
250.0 1350.0 -0.47109
350.0 1350.0 -0.68348
450.0 1350.0 -0.88317
550.0 1350.0 -1.03364
650.0 1350.0 -1.10558
750.0 1350.0 -1.08477
850.0 1350.0 -0.97551
950.0 1350.0 -0.79959
1050.0 1350.0 -0.59075
1150.0 1350.0 -0.38474
1250.0 1350.0 -0.20488
1350.0 1350.0 -0.04385
1450.0 1350.0 0.12728
1550.0 1350.0 0.31126
1650.0 1350.0 0.48874
1750.0 1350.0 0.63262
1850.0 1350.0 0.71878
1950.0 1350.0 0.73334
2050.0 1350.0 0.67643
2150.0 1350.0 0.56248
2250.0 1350.0 0.41710
2350.0 1350.0 0.27032
2450.0 1350.0 0.14655
2550.0 1350.0 0.05094
2650.0 1350.0 -0.03862
2750.0 1350.0 -0.13321
2850.0 1350.0 -0.22656
2950.0 1350.0 -0.30631
3050.0 1350.0 -0.35995
3150.0 1350.0 -0.37896
3250.0 1350.0 -0.36134
3350.0 1350.0 -0.31235
3450.0 1350.0 -0.24357
3550.0 1350.0 -0.17021
3650.0 1350.0 -0.10679
3750.0 1350.0 -0.06100
3850.0 1350.0 -0.02716
3950.0 1350.0 -0.01076
4050.0 1350.0 -0.03004
4150.0 1350.0 -0.08565
4250.0 1350.0 -0.16599
4350.0 1350.0 -0.25335
4450.0 1350.0 -0.32901
4550.0 1350.0 -0.37697
4650.0 1350.0 -0.38667
4750.0 1350.0 -0.35437
4850.0 1350.0 -0.28345
4950.0 1350.0 -0.18347
5050.0 1350.0 -0.06803
5150.0 1350.0 0.04962
5250.0 1350.0 0.16086
5350.0 1350.0 0.25478
5450.0 1350.0 0.32029
5550.0 1350.0 0.34983
5650.0 1350.0 0.34176
5750.0 1350.0 0.30120
5850.0 1350.0 0.23965
5950.0 1350.0 0.17303
6050.0 1350.0 0.11843
6150.0 1350.0 0.08938
6250.0 1350.0 0.08977
6350.0 1350.0 0.10801
50.0 1450.0 -0.33220
150.0 1450.0 -0.49595
250.0 1450.0 -0.68850
350.0 1450.0 -0.90084
450.0 1450.0 -1.10170
550.0 1450.0 -1.25444
650.0 1450.0 -1.32943
750.0 1450.0 -1.31200
850.0 1450.0 -1.20595
950.0 1450.0 -1.03256
1050.0 1450.0 -0.82521
1150.0 1450.0 -0.61947
1250.0 1450.0 -0.43883
1350.0 1450.0 -0.27637
1450.0 1450.0 -0.10006
1550.0 1450.0 0.09790
1650.0 1450.0 0.30039
1750.0 1450.0 0.47993
1850.0 1450.0 0.61001
1950.0 1450.0 0.67297
2050.0 1450.0 0.66440
2150.0 1450.0 0.59419
2250.0 1450.0 0.48407
2350.0 1450.0 0.36177
2450.0 1450.0 0.25174
2550.0 1450.0 0.16244
2650.0 1450.0 0.07678
2750.0 1450.0 -0.01850
2850.0 1450.0 -0.11985
2950.0 1450.0 -0.21569
3050.0 1450.0 -0.29264
3150.0 1450.0 -0.34005
3250.0 1450.0 -0.35292
3350.0 1450.0 -0.33314
3450.0 1450.0 -0.28906
3550.0 1450.0 -0.23345
3650.0 1450.0 -0.17973
3750.0 1450.0 -0.13660
3850.0 1450.0 -0.10208
3950.0 1450.0 -0.08502
4050.0 1450.0 -0.10444
4150.0 1450.0 -0.16171
4250.0 1450.0 -0.24581
4350.0 1450.0 -0.33930
4450.0 1450.0 -0.42328
4550.0 1450.0 -0.48121
4650.0 1450.0 -0.50162
4750.0 1450.0 -0.47970
4850.0 1450.0 -0.41784
4950.0 1450.0 -0.32505
5050.0 1450.0 -0.21519
5150.0 1450.0 -0.10129
5250.0 1450.0 0.01434
5350.0 1450.0 0.12558
5450.0 1450.0 0.22234
5550.0 1450.0 0.29511
5650.0 1450.0 0.33813
5750.0 1450.0 0.35114
5850.0 1450.0 0.33984
5950.0 1450.0 0.31482
6050.0 1450.0 0.28931
6150.0 1450.0 0.27539
6250.0 1450.0 0.27890
6350.0 1450.0 0.29437
50.0 1550.0 -0.51845
150.0 1550.0 -0.67602
250.0 1550.0 -0.86361
350.0 1550.0 -1.07299
450.0 1550.0 -1.27322
550.0 1550.0 -1.42752
650.0 1550.0 -1.50576
750.0 1550.0 -1.49247
850.0 1550.0 -1.39049
950.0 1550.0 -1.22012
1050.0 1550.0 -1.01393
1150.0 1550.0 -0.80709
1250.0 1550.0 -0.62329
1350.0 1550.0 -0.45661
1450.0 1550.0 -0.27427
1550.0 1550.0 -0.06555
1650.0 1550.0 0.15443
1750.0 1550.0 0.35895
1850.0 1550.0 0.52100
1950.0 1550.0 0.62118
2050.0 1550.0 0.65241
2150.0 1550.0 0.62137
2250.0 1550.0 0.54657
2350.0 1550.0 0.45328
2450.0 1550.0 0.36510
2550.0 1550.0 0.29225
2650.0 1550.0 0.22089
2750.0 1550.0 0.13456
2850.0 1550.0 0.03300
2950.0 1550.0 -0.07394
3050.0 1550.0 -0.17258
3150.0 1550.0 -0.25017
3250.0 1550.0 -0.29809
3350.0 1550.0 -0.31374
3450.0 1550.0 -0.30077
3550.0 1550.0 -0.26792
3650.0 1550.0 -0.22636
3750.0 1550.0 -0.18555
3850.0 1550.0 -0.14846
3950.0 1550.0 -0.12804
4050.0 1550.0 -0.14388
4150.0 1550.0 -0.19906
4250.0 1550.0 -0.28458
4350.0 1550.0 -0.38471
4450.0 1550.0 -0.48129
4550.0 1550.0 -0.55738
4650.0 1550.0 -0.60000
4750.0 1550.0 -0.60203
4850.0 1550.0 -0.56330
4950.0 1550.0 -0.49089
5050.0 1550.0 -0.39850
5150.0 1550.0 -0.29955
5250.0 1550.0 -0.18887
5350.0 1550.0 -0.06644
5450.0 1550.0 0.05936
5550.0 1550.0 0.17702
5650.0 1550.0 0.27597
5750.0 1550.0 0.34931
5850.0 1550.0 0.39528
5950.0 1550.0 0.41747
6050.0 1550.0 0.42374
6150.0 1550.0 0.42383
6250.0 1550.0 0.42576
6350.0 1550.0 0.43188
50.0 1650.0 -0.64611
150.0 1650.0 -0.79225
250.0 1650.0 -0.97034
350.0 1650.0 -1.17342
450.0 1650.0 -1.37110
550.0 1650.0 -1.52648
650.0 1650.0 -1.60864
750.0 1650.0 -1.60085
850.0 1650.0 -1.50440
950.0 1650.0 -1.33797
1050.0 1650.0 -1.13279
1150.0 1650.0 -0.92328
1250.0 1650.0 -0.73346
1350.0 1650.0 -0.55923
1450.0 1650.0 -0.37024
1550.0 1650.0 -0.15607
1650.0 1650.0 0.06969
1750.0 1650.0 0.28260
1850.0 1650.0 0.45765
1950.0 1650.0 0.57666
2050.0 1650.0 0.63261
2150.0 1650.0 0.63106
2250.0 1650.0 0.58848
2350.0 1650.0 0.52772
2450.0 1650.0 0.47034
2550.0 1650.0 0.42611
2650.0 1650.0 0.38178
2750.0 1650.0 0.31661
2850.0 1650.0 0.22552
2950.0 1650.0 0.11545
3050.0 1650.0 -0.00042
3150.0 1650.0 -0.10747
3250.0 1650.0 -0.19306
3350.0 1650.0 -0.24899
3450.0 1650.0 -0.27264
3550.0 1650.0 -0.26703
3650.0 1650.0 -0.23973
3750.0 1650.0 -0.20053
3850.0 1650.0 -0.15856
3950.0 1650.0 -0.13118
4050.0 1650.0 -0.13786
4150.0 1650.0 -0.18433
4250.0 1650.0 -0.26557
4350.0 1650.0 -0.36943
4450.0 1650.0 -0.47997
4550.0 1650.0 -0.58045
4650.0 1650.0 -0.65599
4750.0 1650.0 -0.69591
4850.0 1650.0 -0.69577
4950.0 1650.0 -0.65903
5050.0 1650.0 -0.59843
5150.0 1650.0 -0.52820
5250.0 1650.0 -0.43480
5350.0 1650.0 -0.31082
5450.0 1650.0 -0.16221
5550.0 1650.0 -0.00229
5650.0 1650.0 0.15309
5750.0 1650.0 0.28938
5850.0 1650.0 0.39600
5950.0 1650.0 0.46792
6050.0 1650.0 0.50616
6150.0 1650.0 0.51719
6250.0 1650.0 0.51123
6350.0 1650.0 0.50000
50.0 1750.0 -0.69794
150.0 1750.0 -0.82780
250.0 1750.0 -0.99225
350.0 1750.0 -1.18613
450.0 1750.0 -1.37985
550.0 1750.0 -1.53630
650.0 1750.0 -1.62354
750.0 1750.0 -1.62307
850.0 1750.0 -1.53401
950.0 1750.0 -1.37281
1050.0 1750.0 -1.16877
1150.0 1750.0 -0.95532
1250.0 1750.0 -0.75687
1350.0 1750.0 -0.57198
1450.0 1750.0 -0.37631
1550.0 1750.0 -0.16338
1650.0 1750.0 0.05411
1750.0 1750.0 0.25540
1850.0 1750.0 0.42026
1950.0 1750.0 0.53497
2050.0 1750.0 0.59575
2150.0 1750.0 0.60955
2250.0 1750.0 0.59238
2350.0 1750.0 0.56489
2450.0 1750.0 0.54554
2550.0 1750.0 0.54106
2650.0 1750.0 0.53573
2750.0 1750.0 0.50376
2850.0 1750.0 0.43454
2950.0 1750.0 0.33115
3050.0 1750.0 0.20531
3150.0 1750.0 0.07302
3250.0 1750.0 -0.04901
3350.0 1750.0 -0.14632
3450.0 1750.0 -0.20890
3550.0 1750.0 -0.23273
3650.0 1750.0 -0.22053
3750.0 1750.0 -0.18192
3850.0 1750.0 -0.13288
3950.0 1750.0 -0.09477
4050.0 1750.0 -0.08573
4150.0 1750.0 -0.11487
4250.0 1750.0 -0.18291
4350.0 1750.0 -0.28344
4450.0 1750.0 -0.40445
4550.0 1750.0 -0.53045
4650.0 1750.0 -0.64476
4750.0 1750.0 -0.73240
4850.0 1750.0 -0.78321
4950.0 1750.0 -0.79547
5050.0 1750.0 -0.77984
5150.0 1750.0 -0.75131
5250.0 1750.0 -0.68785
5350.0 1750.0 -0.57407
5450.0 1750.0 -0.41286
5550.0 1750.0 -0.21898
5650.0 1750.0 -0.01341
5750.0 1750.0 0.18138
5850.0 1750.0 0.34534
5950.0 1750.0 0.46397
6050.0 1750.0 0.53054
6150.0 1750.0 0.54751
6250.0 1750.0 0.52706
6350.0 1750.0 0.49100
50.0 1850.0 -0.66871
150.0 1850.0 -0.77872
250.0 1850.0 -0.92662
350.0 1850.0 -1.10945
450.0 1850.0 -1.29859
550.0 1850.0 -1.45669
650.0 1850.0 -1.55049
750.0 1850.0 -1.55933
850.0 1850.0 -1.47964
950.0 1850.0 -1.32509
1050.0 1850.0 -1.12267
1150.0 1850.0 -0.90451
1250.0 1850.0 -0.69559
1350.0 1850.0 -0.49780
1450.0 1850.0 -0.29606
1550.0 1850.0 -0.09134
1650.0 1850.0 0.10373
1750.0 1850.0 0.27331
1850.0 1850.0 0.40435
1950.0 1850.0 0.49064
2050.0 1850.0 0.53463
2150.0 1850.0 0.54729
2250.0 1850.0 0.54577
2350.0 1850.0 0.54910
2450.0 1850.0 0.57172
2550.0 1850.0 0.61490
2650.0 1850.0 0.65747
2750.0 1850.0 0.66830
2850.0 1850.0 0.63112
2950.0 1850.0 0.54442
3050.0 1850.0 0.41765
3150.0 1850.0 0.26749
3250.0 1850.0 0.11433
3350.0 1850.0 -0.02108
3450.0 1850.0 -0.12092
3550.0 1850.0 -0.17337
3650.0 1850.0 -0.17556
3750.0 1850.0 -0.13637
3850.0 1850.0 -0.07860
3950.0 1850.0 -0.02653
4050.0 1850.0 0.00466
4150.0 1850.0 0.00219
4250.0 1850.0 -0.04183
4350.0 1850.0 -0.12857
4450.0 1850.0 -0.25179
4550.0 1850.0 -0.39852
4650.0 1850.0 -0.55097
4750.0 1850.0 -0.68972
4850.0 1850.0 -0.79810
4950.0 1850.0 -0.86801
5050.0 1850.0 -0.90681
5150.0 1850.0 -0.92971
5250.0 1850.0 -0.90689
5350.0 1850.0 -0.81522
5450.0 1850.0 -0.65422
5550.0 1850.0 -0.43942
5650.0 1850.0 -0.19629
5750.0 1850.0 0.04539
5850.0 1850.0 0.25652
5950.0 1850.0 0.41323
6050.0 1850.0 0.50088
6150.0 1850.0 0.51753
6250.0 1850.0 0.47692
6350.0 1850.0 0.41048
50.0 1950.0 -0.56722
150.0 1950.0 -0.65576
250.0 1950.0 -0.78591
350.0 1950.0 -0.95719
450.0 1950.0 -1.14203
550.0 1950.0 -1.30281
650.0 1950.0 -1.40471
750.0 1950.0 -1.42468
850.0 1950.0 -1.35609
950.0 1950.0 -1.20954
1050.0 1950.0 -1.00942
1150.0 1950.0 -0.78648
1250.0 1950.0 -0.56630
1350.0 1950.0 -0.35460
1450.0 1950.0 -0.14795
1550.0 1950.0 0.04249
1650.0 1950.0 0.20340
1750.0 1950.0 0.32453
1850.0 1950.0 0.40179
1950.0 1950.0 0.43870
2050.0 1950.0 0.44635
2150.0 1950.0 0.44183
2250.0 1950.0 0.44503
2350.0 1950.0 0.47396
2450.0 1950.0 0.53855
2550.0 1950.0 0.63278
2650.0 1950.0 0.72757
2750.0 1950.0 0.78673
2850.0 1950.0 0.78873
2950.0 1950.0 0.72724
3050.0 1950.0 0.60880
3150.0 1950.0 0.44998
3250.0 1950.0 0.27412
3350.0 1950.0 0.10766
3450.0 1950.0 -0.02409
3550.0 1950.0 -0.10157
3650.0 1950.0 -0.11602
3750.0 1950.0 -0.07509
3850.0 1950.0 -0.00777
3950.0 1950.0 0.06044
4050.0 1950.0 0.11894
4150.0 1950.0 0.15155
4250.0 1950.0 0.14241
4350.0 1950.0 0.08144
4450.0 1950.0 -0.03239
4550.0 1950.0 -0.19007
4650.0 1950.0 -0.37372
4750.0 1950.0 -0.56000
4850.0 1950.0 -0.72575
4950.0 1950.0 -0.85584
5050.0 1950.0 -0.95320
5150.0 1950.0 -1.03237
5250.0 1950.0 -1.05709
5350.0 1950.0 -0.99756
5450.0 1950.0 -0.84990
5550.0 1950.0 -0.62973
5650.0 1950.0 -0.36578
5750.0 1950.0 -0.09384
5850.0 1950.0 0.14925
5950.0 1950.0 0.33132
6050.0 1950.0 0.43046
6150.0 1950.0 0.44042
6250.0 1950.0 0.37582
6350.0 1950.0 0.27637
50.0 2050.0 -0.41578
150.0 2050.0 -0.48339
250.0 2050.0 -0.59648
350.0 2050.0 -0.75712
450.0 2050.0 -0.93879
550.0 2050.0 -1.10349
650.0 2050.0 -1.21484
750.0 2050.0 -1.24722
850.0 2050.0 -1.19093
950.0 2050.0 -1.05338
1050.0 2050.0 -0.85635
1150.0 2050.0 -0.62919
1250.0 2050.0 -0.39816
1350.0 2050.0 -0.17293
1450.0 2050.0 0.03716
1550.0 2050.0 0.20932
1650.0 2050.0 0.32886
1750.0 2050.0 0.39129
1850.0 2050.0 0.40213
1950.0 2050.0 0.37575
2050.0 2050.0 0.33323
2150.0 2050.0 0.29905
2250.0 2050.0 0.29693
2350.0 2050.0 0.34457
2450.0 2050.0 0.44731
2550.0 2050.0 0.59091
2650.0 2050.0 0.73698
2750.0 2050.0 0.84500
2850.0 2050.0 0.88904
2950.0 2050.0 0.85819
3050.0 2050.0 0.75578
3150.0 2050.0 0.59754
3250.0 2050.0 0.40883
3350.0 2050.0 0.22069
3450.0 2050.0 0.06492
3550.0 2050.0 -0.03192
3650.0 2050.0 -0.05553
3750.0 2050.0 -0.01199
3850.0 2050.0 0.06475
3950.0 2050.0 0.14981
4050.0 2050.0 0.23863
4150.0 2050.0 0.31222
4250.0 2050.0 0.34678
4350.0 2050.0 0.32277
4450.0 2050.0 0.23091
4550.0 2050.0 0.07509
4650.0 2050.0 -0.12798
4750.0 2050.0 -0.35216
4850.0 2050.0 -0.56848
4950.0 2050.0 -0.75486
5050.0 2050.0 -0.90897
5150.0 2050.0 -1.04356
5250.0 2050.0 -1.11774
5350.0 2050.0 -1.09661
5450.0 2050.0 -0.97326
5550.0 2050.0 -0.76268
5650.0 2050.0 -0.49552
5750.0 2050.0 -0.21169
5850.0 2050.0 0.04615
5950.0 2050.0 0.23933
6050.0 2050.0 0.33995
6150.0 2050.0 0.33791
6250.0 2050.0 0.24804
6350.0 2050.0 0.11626
50.0 2150.0 -0.24693
150.0 2150.0 -0.29624
250.0 2150.0 -0.39474
350.0 2150.0 -0.54689
450.0 2150.0 -0.72711
550.0 2150.0 -0.89699
650.0 2150.0 -1.01862
750.0 2150.0 -1.06394
850.0 2150.0 -1.02032
950.0 2150.0 -0.89223
1050.0 2150.0 -0.69900
1150.0 2150.0 -0.46875
1250.0 2150.0 -0.22840
1350.0 2150.0 0.00864
1450.0 2150.0 0.22070
1550.0 2150.0 0.37343
1650.0 2150.0 0.45045
1750.0 2150.0 0.45249
1850.0 2150.0 0.39423
1950.0 2150.0 0.30061
2050.0 2150.0 0.20259
2150.0 2150.0 0.13233
2250.0 2150.0 0.11781
2350.0 2150.0 0.17692
2450.0 2150.0 0.31093
2550.0 2150.0 0.49745
2650.0 2150.0 0.68871
2750.0 2150.0 0.84094
2850.0 2150.0 0.92500
2950.0 2150.0 0.92602
3050.0 2150.0 0.84420
3150.0 2150.0 0.69398
3250.0 2150.0 0.50173
3350.0 2150.0 0.30175
3450.0 2150.0 0.13085
3550.0 2150.0 0.02125
3650.0 2150.0 -0.00806
3750.0 2150.0 0.03854
3850.0 2150.0 0.12362
3950.0 2150.0 0.22465
4050.0 2150.0 0.34394
4150.0 2150.0 0.46072
4250.0 2150.0 0.54398
4350.0 2150.0 0.56506
4450.0 2150.0 0.50627
4550.0 2150.0 0.36559
4650.0 2150.0 0.15738
4750.0 2150.0 -0.09085
4850.0 2150.0 -0.34563
4950.0 2150.0 -0.57871
5050.0 2150.0 -0.78210
5150.0 2150.0 -0.96568
5250.0 2150.0 -1.08580
5350.0 2150.0 -1.10432
5450.0 2150.0 -1.01186
5550.0 2150.0 -0.82229
5650.0 2150.0 -0.56682
5750.0 2150.0 -0.28755
5850.0 2150.0 -0.03073
5950.0 2150.0 0.16060
6050.0 2150.0 0.25424
6150.0 2150.0 0.23704
6250.0 2150.0 0.12345
6350.0 2150.0 -0.03675
50.0 2250.0 -0.09750
150.0 2250.0 -0.13280
250.0 2250.0 -0.22056
350.0 2250.0 -0.36724
450.0 2250.0 -0.54803
550.0 2250.0 -0.72412
650.0 2250.0 -0.85619
750.0 2250.0 -0.91406
850.0 2250.0 -0.88261
950.0 2250.0 -0.76377
1050.0 2250.0 -0.57487
1150.0 2250.0 -0.34301
1250.0 2250.0 -0.09573
1350.0 2250.0 0.15036
1450.0 2250.0 0.36318
1550.0 2250.0 0.49850
1650.0 2250.0 0.53829
1750.0 2250.0 0.48743
1850.0 2250.0 0.36815
1950.0 2250.0 0.21429
2050.0 2250.0 0.06527
2150.0 2250.0 -0.04003
2250.0 2250.0 -0.06968
2350.0 2250.0 -0.00531
2450.0 2250.0 0.15116
2550.0 2250.0 0.37043
2650.0 2250.0 0.59665
2750.0 2250.0 0.78401
2850.0 2250.0 0.90137
2950.0 2250.0 0.93092
3050.0 2250.0 0.87019
3150.0 2250.0 0.73217
3250.0 2250.0 0.54339
3350.0 2250.0 0.34006
3450.0 2250.0 0.16228
3550.0 2250.0 0.04623
3650.0 2250.0 0.01442
3750.0 2250.0 0.06398
3850.0 2250.0 0.15556
3950.0 2250.0 0.27016
4050.0 2250.0 0.41716
4150.0 2250.0 0.57510
4250.0 2250.0 0.70718
4350.0 2250.0 0.77684
4450.0 2250.0 0.75858
4550.0 2250.0 0.64433
4650.0 2250.0 0.44517
4750.0 2250.0 0.18849
4850.0 2250.0 -0.08946
4950.0 2250.0 -0.35553
5050.0 2250.0 -0.59631
5150.0 2250.0 -0.81792
5250.0 2250.0 -0.97551
5350.0 2250.0 -1.02948
5450.0 2250.0 -0.96872
5550.0 2250.0 -0.80578
5650.0 2250.0 -0.57134
5750.0 2250.0 -0.30802
5850.0 2250.0 -0.06356
5950.0 2250.0 0.11673
6050.0 2250.0 0.19814
6150.0 2250.0 0.16542
6250.0 2250.0 0.03229
6350.0 2250.0 -0.14987
50.0 2350.0 -0.00001
150.0 2350.0 -0.02650
250.0 2350.0 -0.10802
350.0 2350.0 -0.25261
450.0 2350.0 -0.43597
550.0 2350.0 -0.61888
650.0 2350.0 -0.76088
750.0 2350.0 -0.83011
850.0 2350.0 -0.80952
950.0 2350.0 -0.69915
1050.0 2350.0 -0.51482
1150.0 2350.0 -0.28292
1250.0 2350.0 -0.03155
1350.0 2350.0 0.22027
1450.0 2350.0 0.43308
1550.0 2350.0 0.55576
1650.0 2350.0 0.56898
1750.0 2350.0 0.48036
1850.0 2350.0 0.31727
1950.0 2350.0 0.11967
2050.0 2350.0 -0.06709
2150.0 2350.0 -0.19931
2250.0 2350.0 -0.24217
2350.0 2350.0 -0.17670
2450.0 2350.0 -0.00696
2550.0 2350.0 0.23299
2650.0 2350.0 0.48159
2750.0 2350.0 0.69217
2850.0 2350.0 0.83271
2950.0 2350.0 0.88356
3050.0 2350.0 0.84040
3150.0 2350.0 0.71488
3250.0 2350.0 0.53320
3350.0 2350.0 0.33227
3450.0 2350.0 0.15387
3550.0 2350.0 0.03637
3650.0 2350.0 0.00444
3750.0 2350.0 0.05637
3850.0 2350.0 0.15217
3950.0 2350.0 0.27689
4050.0 2350.0 0.44646
4150.0 2350.0 0.63973
4250.0 2350.0 0.81600
4350.0 2350.0 0.93262
4450.0 2350.0 0.95759
4550.0 2350.0 0.87725
4650.0 2350.0 0.69888
4750.0 2350.0 0.44844
4850.0 2350.0 0.16321
4950.0 2350.0 -0.12046
5050.0 2350.0 -0.38442
5150.0 2350.0 -0.63049
5250.0 2350.0 -0.81370
5350.0 2350.0 -0.89436
5450.0 2350.0 -0.86039
5550.0 2350.0 -0.72312
5650.0 2350.0 -0.51210
5750.0 2350.0 -0.26931
5850.0 2350.0 -0.04238
5950.0 2350.0 0.12286
6050.0 2350.0 0.19077
6150.0 2350.0 0.14496
6250.0 2350.0 -0.00169
6350.0 2350.0 -0.19788
50.0 2450.0 0.02866
150.0 2450.0 0.00599
250.0 2450.0 -0.07358
350.0 2450.0 -0.21913
450.0 2450.0 -0.40666
550.0 2450.0 -0.59657
650.0 2450.0 -0.74753
750.0 2450.0 -0.82650
850.0 2450.0 -0.81506
950.0 2450.0 -0.71202
1050.0 2450.0 -0.53223
1150.0 2450.0 -0.30169
1250.0 2450.0 -0.04891
1350.0 2450.0 0.20545
1450.0 2450.0 0.41800
1550.0 2450.0 0.53416
1650.0 2450.0 0.53390
1750.0 2450.0 0.42612
1850.0 2450.0 0.24067
1950.0 2450.0 0.02051
2050.0 2450.0 -0.18602
2150.0 2450.0 -0.33283
2250.0 2450.0 -0.38352
2350.0 2450.0 -0.31878
2450.0 2450.0 -0.14362
2550.0 2450.0 0.10553
2650.0 2450.0 0.36431
2750.0 2450.0 0.58606
2850.0 2450.0 0.73870
2950.0 2450.0 0.80182
3050.0 2450.0 0.77006
3150.0 2450.0 0.65421
3250.0 2450.0 0.47987
3350.0 2450.0 0.28389
3450.0 2450.0 0.10839
3550.0 2450.0 -0.00749
3650.0 2450.0 -0.03821
3750.0 2450.0 0.01519
3850.0 2450.0 0.11298
3950.0 2450.0 0.24414
4050.0 2450.0 0.43012
4150.0 2450.0 0.65092
4250.0 2450.0 0.86374
4350.0 2450.0 1.02188
4450.0 2450.0 1.08848
4550.0 2450.0 1.04513
4650.0 2450.0 0.89526
4750.0 2450.0 0.66242
4850.0 2450.0 0.38340
4950.0 2450.0 0.09614
5050.0 2450.0 -0.17744
5150.0 2450.0 -0.43475
5250.0 2450.0 -0.63112
5350.0 2450.0 -0.72757
5450.0 2450.0 -0.71177
5550.0 2450.0 -0.59409
5650.0 2450.0 -0.40288
5750.0 2450.0 -0.17889
5850.0 2450.0 0.03122
5950.0 2450.0 0.18229
6050.0 2450.0 0.23883
6150.0 2450.0 0.18418
6250.0 2450.0 0.03046
6350.0 2450.0 -0.17211
50.0 2550.0 0.00121
150.0 2550.0 -0.02099
250.0 2550.0 -0.10144
350.0 2550.0 -0.24992
450.0 2550.0 -0.44253
550.0 2550.0 -0.63935
650.0 2550.0 -0.79838
750.0 2550.0 -0.88573
850.0 2550.0 -0.88208
950.0 2550.0 -0.78541
1050.0 2550.0 -0.61001
1150.0 2550.0 -0.38168
1250.0 2550.0 -0.12929
1350.0 2550.0 0.12548
1450.0 2550.0 0.33785
1550.0 2550.0 0.45241
1650.0 2550.0 0.44895
1750.0 2550.0 0.33662
1850.0 2550.0 0.14580
1950.0 2550.0 -0.07989
2050.0 2550.0 -0.29143
2150.0 2550.0 -0.44215
2250.0 2550.0 -0.49526
2350.0 2550.0 -0.43131
2450.0 2550.0 -0.25549
2550.0 2550.0 -0.00479
2650.0 2550.0 0.25590
2750.0 2550.0 0.48041
2850.0 2550.0 0.63701
2950.0 2550.0 0.70520
3050.0 2550.0 0.67929
3150.0 2550.0 0.56954
3250.0 2550.0 0.40103
3350.0 2550.0 0.21014
3450.0 2550.0 0.03864
3550.0 2550.0 -0.07447
3650.0 2550.0 -0.10361
3750.0 2550.0 -0.04950
3850.0 2550.0 0.04875
3950.0 2550.0 0.18369
4050.0 2550.0 0.38132
4150.0 2550.0 0.62324
4250.0 2550.0 0.86582
4350.0 2550.0 1.05980
4450.0 2550.0 1.16477
4550.0 2550.0 1.15834
4650.0 2550.0 1.04027
4750.0 2550.0 0.83123
4850.0 2550.0 0.56658
4950.0 2550.0 0.28477
5050.0 2550.0 0.01062
5150.0 2550.0 -0.24895
5250.0 2550.0 -0.44952
5350.0 2550.0 -0.55318
5450.0 2550.0 -0.54770
5550.0 2550.0 -0.44284
5650.0 2550.0 -0.26592
5750.0 2550.0 -0.05642
5850.0 2550.0 0.14033
5950.0 2550.0 0.28027
6050.0 2550.0 0.32865
6150.0 2550.0 0.26900
6250.0 2550.0 0.11288
6350.0 2550.0 -0.09090
50.0 2650.0 -0.02685
150.0 2650.0 -0.04870
250.0 2650.0 -0.13005
350.0 2650.0 -0.28139
450.0 2650.0 -0.47907
550.0 2650.0 -0.68293
650.0 2650.0 -0.85042
750.0 2650.0 -0.94683
850.0 2650.0 -0.95196
950.0 2650.0 -0.86288
1050.0 2650.0 -0.69320
1150.0 2650.0 -0.46842
1250.0 2650.0 -0.21768
1350.0 2650.0 0.03633
1450.0 2650.0 0.24808
1550.0 2650.0 0.36225
1650.0 2650.0 0.35860
1750.0 2650.0 0.24620
1850.0 2650.0 0.05533
1950.0 2650.0 -0.17050
2050.0 2650.0 -0.38238
2150.0 2650.0 -0.53368
2250.0 2650.0 -0.58762
2350.0 2650.0 -0.52473
2450.0 2650.0 -0.35013
2550.0 2650.0 -0.10073
2650.0 2650.0 0.15871
2750.0 2650.0 0.38232
2850.0 2650.0 0.53867
2950.0 2650.0 0.60749
3050.0 2650.0 0.58312
3150.0 2650.0 0.47575
3250.0 2650.0 0.31020
3350.0 2650.0 0.12250
3450.0 2650.0 -0.04599
3550.0 2650.0 -0.15666
3650.0 2650.0 -0.18417
3750.0 2650.0 -0.12924
3850.0 2650.0 -0.03049
3950.0 2650.0 0.10776
4050.0 2650.0 0.31561
4150.0 2650.0 0.57638
4250.0 2650.0 0.84605
4350.0 2650.0 1.07344
4450.0 2650.0 1.21508
4550.0 2650.0 1.24506
4650.0 2650.0 1.15959
4750.0 2650.0 0.97642
4850.0 2650.0 0.72917
4950.0 2650.0 0.45637
5050.0 2650.0 0.18543
5150.0 2650.0 -0.07263
5250.0 2650.0 -0.27384
5350.0 2650.0 -0.38165
5450.0 2650.0 -0.38412
5550.0 2650.0 -0.29059
5650.0 2650.0 -0.12733
5750.0 2650.0 0.06764
5850.0 2650.0 0.25057
5950.0 2650.0 0.37889
6050.0 2650.0 0.41900
6150.0 2650.0 0.35489
6250.0 2650.0 0.19765
6350.0 2650.0 -0.00567
50.0 2750.0 0.00592
150.0 2750.0 -0.01242
250.0 2750.0 -0.09143
350.0 2750.0 -0.24285
450.0 2750.0 -0.44397
550.0 2750.0 -0.65507
650.0 2750.0 -0.83340
750.0 2750.0 -0.94341
850.0 2750.0 -0.96350
950.0 2750.0 -0.88908
1050.0 2750.0 -0.73207
1150.0 2750.0 -0.51683
1250.0 2750.0 -0.27240
1350.0 2750.0 -0.02300
1450.0 2750.0 0.18559
1550.0 2750.0 0.29954
1650.0 2750.0 0.29894
1750.0 2750.0 0.19222
1850.0 2750.0 0.00844
1950.0 2750.0 -0.21030
2050.0 2750.0 -0.41649
2150.0 2750.0 -0.56461
2250.0 2750.0 -0.61857
2350.0 2750.0 -0.55905
2450.0 2750.0 -0.39067
2550.0 2750.0 -0.14922
2650.0 2750.0 0.10153
2750.0 2750.0 0.31472
2850.0 2750.0 0.45876
2950.0 2750.0 0.51434
3050.0 2750.0 0.47726
3150.0 2750.0 0.35910
3250.0 2750.0 0.18572
3350.0 2750.0 -0.00645
3450.0 2750.0 -0.17627
3550.0 2750.0 -0.28592
3650.0 2750.0 -0.31116
3750.0 2750.0 -0.25371
3850.0 2750.0 -0.15256
3950.0 2750.0 -0.01040
4050.0 2750.0 0.20550
4150.0 2750.0 0.48024
4250.0 2750.0 0.77054
4350.0 2750.0 1.02473
4450.0 2750.0 1.19786
4550.0 2750.0 1.26165
4650.0 2750.0 1.20945
4750.0 2750.0 1.05620
4850.0 2750.0 0.83332
4950.0 2750.0 0.57852
5050.0 2750.0 0.32072
5150.0 2750.0 0.07406
5250.0 2750.0 -0.11924
5350.0 2750.0 -0.22517
5450.0 2750.0 -0.23301
5550.0 2750.0 -0.15193
5650.0 2750.0 -0.00680
5750.0 2750.0 0.16672
5850.0 2750.0 0.32788
5950.0 2750.0 0.43724
6050.0 2750.0 0.46389
6150.0 2750.0 0.39335
6250.0 2750.0 0.23630
6350.0 2750.0 0.03655
50.0 2850.0 0.11587
150.0 2850.0 0.10600
250.0 2850.0 0.03468
350.0 2850.0 -0.11165
450.0 2850.0 -0.31231
550.0 2850.0 -0.52913
650.0 2850.0 -0.71987
750.0 2850.0 -0.84827
850.0 2850.0 -0.89085
950.0 2850.0 -0.84027
1050.0 2850.0 -0.70546
1150.0 2850.0 -0.50832
1250.0 2850.0 -0.27717
1350.0 2850.0 -0.03828
1450.0 2850.0 0.16317
1550.0 2850.0 0.27702
1650.0 2850.0 0.28411
1750.0 2850.0 0.19140
1850.0 2850.0 0.02512
1950.0 2850.0 -0.17604
2050.0 2850.0 -0.36787
2150.0 2850.0 -0.50756
2250.0 2850.0 -0.56072
2350.0 2850.0 -0.50837
2450.0 2850.0 -0.35402
2550.0 2850.0 -0.13077
2650.0 2850.0 0.10000
2750.0 2850.0 0.28883
2850.0 2850.0 0.40361
2950.0 2850.0 0.42723
3050.0 2850.0 0.35888
3150.0 2850.0 0.21357
3250.0 2850.0 0.01972
3350.0 2850.0 -0.18502
3450.0 2850.0 -0.35981
3550.0 2850.0 -0.46848
3650.0 2850.0 -0.48924
3750.0 2850.0 -0.42626
3850.0 2850.0 -0.31975
3950.0 2850.0 -0.17310
4050.0 2850.0 0.04646
4150.0 2850.0 0.32582
4250.0 2850.0 0.62406
4350.0 2850.0 0.89161
4450.0 2850.0 1.08462
4550.0 2850.0 1.17466
4650.0 2850.0 1.15366
4750.0 2850.0 1.03415
4850.0 2850.0 0.84478
4950.0 2850.0 0.62108
5050.0 2850.0 0.39154
5150.0 2850.0 0.17151
5250.0 2850.0 -0.00045
5350.0 2850.0 -0.09471
5450.0 2850.0 -0.10300
5550.0 2850.0 -0.03485
5650.0 2850.0 0.08668
5750.0 2850.0 0.22958
5850.0 2850.0 0.35810
5950.0 2850.0 0.43833
6050.0 2850.0 0.44436
6150.0 2850.0 0.36485
6250.0 2850.0 0.21016
6350.0 2850.0 0.01874
50.0 2950.0 0.28486
150.0 2950.0 0.28875
250.0 2950.0 0.23131
350.0 2950.0 0.09675
450.0 2950.0 -0.09744
550.0 2950.0 -0.31586
650.0 2950.0 -0.51778
750.0 2950.0 -0.66667
850.0 2950.0 -0.73693
950.0 2950.0 -0.71765
1050.0 2950.0 -0.61346
1150.0 2950.0 -0.44258
1250.0 2950.0 -0.23176
1350.0 2950.0 -0.00959
1450.0 2950.0 0.18046
1550.0 2950.0 0.29408
1650.0 2950.0 0.31331
1750.0 2950.0 0.24274
1850.0 2950.0 0.10412
1950.0 2950.0 -0.06924
2050.0 2950.0 -0.23842
2150.0 2950.0 -0.36489
2250.0 2950.0 -0.41693
2350.0 2950.0 -0.37610
2450.0 2950.0 -0.24415
2550.0 2950.0 -0.04993
2650.0 2950.0 0.14909
2750.0 2950.0 0.29986
2850.0 2950.0 0.36972
2950.0 2950.0 0.34514
3050.0 2950.0 0.23056
3150.0 2950.0 0.04612
3250.0 2950.0 -0.17609
3350.0 2950.0 -0.39690
3450.0 2950.0 -0.57632
3550.0 2950.0 -0.68109
3650.0 2950.0 -0.69343
3750.0 2950.0 -0.62121
3850.0 2950.0 -0.50624
3950.0 2950.0 -0.35489
4050.0 2950.0 -0.13767
4150.0 2950.0 0.13383
4250.0 2950.0 0.42295
4350.0 2950.0 0.68512
4450.0 2950.0 0.88083
4550.0 2950.0 0.98431
4650.0 2950.0 0.98804
4750.0 2950.0 0.90299
4850.0 2950.0 0.75465
4950.0 2950.0 0.57485
5050.0 2950.0 0.38934
5150.0 2950.0 0.21203
5250.0 2950.0 0.07586
5350.0 2950.0 0.00441
5450.0 2950.0 0.00211
5550.0 2950.0 0.05851
5650.0 2950.0 0.15260
5750.0 2950.0 0.25723
5850.0 2950.0 0.34353
5950.0 2950.0 0.38547
6050.0 2950.0 0.36444
6150.0 2950.0 0.27388
6250.0 2950.0 0.12404
6350.0 2950.0 -0.05401
50.0 3050.0 0.47642
150.0 3050.0 0.49862
250.0 3050.0 0.46085
350.0 3050.0 0.34508
450.0 3050.0 0.16472
550.0 3050.0 -0.04885
650.0 3050.0 -0.25748
750.0 3050.0 -0.42507
850.0 3050.0 -0.52407
950.0 3050.0 -0.53958
1050.0 3050.0 -0.47117
1150.0 3050.0 -0.33229
1250.0 3050.0 -0.14736
1350.0 3050.0 0.05291
1450.0 3050.0 0.22791
1550.0 3050.0 0.34090
1650.0 3050.0 0.37543
1750.0 3050.0 0.33303
1850.0 3050.0 0.22963
1950.0 3050.0 0.09156
2050.0 3050.0 -0.04904
2150.0 3050.0 -0.15916
2250.0 3050.0 -0.21046
2350.0 3050.0 -0.18524
2450.0 3050.0 -0.08287
2550.0 3050.0 0.07324
2650.0 3050.0 0.23089
2750.0 3050.0 0.33328
2850.0 3050.0 0.34779
2950.0 3050.0 0.26564
3050.0 3050.0 0.09785
3150.0 3050.0 -0.12942
3250.0 3050.0 -0.38006
3350.0 3050.0 -0.61381
3450.0 3050.0 -0.79261
3550.0 3050.0 -0.88749
3650.0 3050.0 -0.88615
3750.0 3050.0 -0.80093
3850.0 3050.0 -0.67489
3950.0 3050.0 -0.51920
4050.0 3050.0 -0.31101
4150.0 3050.0 -0.06091
4250.0 3050.0 0.20035
4350.0 3050.0 0.43603
4450.0 3050.0 0.61413
4550.0 3050.0 0.71452
4650.0 3050.0 0.73244
4750.0 3050.0 0.67847
4850.0 3050.0 0.57490
4950.0 3050.0 0.44855
5050.0 3050.0 0.31999
5150.0 3050.0 0.19890
5250.0 3050.0 0.11102
5350.0 3050.0 0.07262
5450.0 3050.0 0.08323
5550.0 3050.0 0.13086
5650.0 3050.0 0.19665
5750.0 3050.0 0.25900
5850.0 3050.0 0.29732
5950.0 3050.0 0.29518
6050.0 3050.0 0.24303
6150.0 3050.0 0.14043
6250.0 3050.0 -0.00223
6350.0 3050.0 -0.16271
50.0 3150.0 0.64883
150.0 3150.0 0.69228
250.0 3150.0 0.67862
350.0 3150.0 0.58783
450.0 3150.0 0.42874
550.0 3150.0 0.22780
650.0 3150.0 0.01953
750.0 3150.0 -0.16125
850.0 3150.0 -0.28557
950.0 3150.0 -0.33471
1050.0 3150.0 -0.30289
1150.0 3150.0 -0.19829
1250.0 3150.0 -0.04230
1350.0 3150.0 0.13286
1450.0 3150.0 0.29042
1550.0 3150.0 0.40216
1650.0 3150.0 0.45330
1750.0 3150.0 0.44186
1850.0 3150.0 0.37722
1950.0 3150.0 0.27784
2050.0 3150.0 0.16829
2150.0 3150.0 0.07539
2250.0 3150.0 0.02372
2350.0 3150.0 0.03027
2450.0 3150.0 0.09834
2550.0 3150.0 0.21066
2650.0 3150.0 0.32115
2750.0 3150.0 0.37018
2850.0 3150.0 0.32610
2950.0 3150.0 0.18578
3050.0 3150.0 -0.03275
3150.0 3150.0 -0.29729
3250.0 3150.0 -0.56833
3350.0 3150.0 -0.80557
3450.0 3150.0 -0.97423
3550.0 3150.0 -1.05111
3650.0 3150.0 -1.03035
3750.0 3150.0 -0.92901
3850.0 3150.0 -0.79025
3950.0 3150.0 -0.63104
4050.0 3150.0 -0.43817
4150.0 3150.0 -0.22177
4250.0 3150.0 -0.00561
4350.0 3150.0 0.18360
4450.0 3150.0 0.32404
4550.0 3150.0 0.40379
4650.0 3150.0 0.42294
4750.0 3150.0 0.39300
4850.0 3150.0 0.33336
4950.0 3150.0 0.26496
5050.0 3150.0 0.20116
5150.0 3150.0 0.14476
5250.0 3150.0 0.11347
5350.0 3150.0 0.11567
5450.0 3150.0 0.14540
5550.0 3150.0 0.18865
5650.0 3150.0 0.22847
5750.0 3150.0 0.24904
5850.0 3150.0 0.23857
5950.0 3150.0 0.19104
6050.0 3150.0 0.10689
6150.0 3150.0 -0.00744
6250.0 3150.0 -0.14115
6350.0 3150.0 -0.28144
50.0 3250.0 0.76505
150.0 3250.0 0.83065
250.0 3250.0 0.84337
350.0 3250.0 0.78184
450.0 3250.0 0.65022
550.0 3250.0 0.46955
650.0 3250.0 0.26997
750.0 3250.0 0.08416
850.0 3250.0 -0.05834
950.0 3250.0 -0.13561
1050.0 3250.0 -0.13690
1150.0 3250.0 -0.06508
1250.0 3250.0 0.06190
1350.0 3250.0 0.21125
1450.0 3250.0 0.35063
1550.0 3250.0 0.46041
1650.0 3250.0 0.52740
1750.0 3250.0 0.54608
1850.0 3250.0 0.51920
1950.0 3250.0 0.45735
2050.0 3250.0 0.37748
2150.0 3250.0 0.30031
2250.0 3250.0 0.24672
2350.0 3250.0 0.23306
2450.0 3250.0 0.26536
2550.0 3250.0 0.33250
2650.0 3250.0 0.39484
2750.0 3250.0 0.39156
2850.0 3250.0 0.29324
2950.0 3250.0 0.10272
3050.0 3250.0 -0.15530
3150.0 3250.0 -0.44359
3250.0 3250.0 -0.72056
3350.0 3250.0 -0.94739
3450.0 3250.0 -1.09405
3550.0 3250.0 -1.14416
3650.0 3250.0 -1.09884
3750.0 3250.0 -0.97941
3850.0 3250.0 -0.82751
3950.0 3250.0 -0.66599
4050.0 3250.0 -0.49313
4150.0 3250.0 -0.31936
4250.0 3250.0 -0.16098
4350.0 3250.0 -0.03348
4450.0 3250.0 0.05311
4550.0 3250.0 0.09683
4650.0 3250.0 0.10426
4750.0 3250.0 0.08903
4850.0 3250.0 0.06819
4950.0 3250.0 0.05653
5050.0 3250.0 0.05890
5150.0 3250.0 0.06928
5250.0 3250.0 0.09729
5350.0 3250.0 0.14370
5450.0 3250.0 0.19696
5550.0 3250.0 0.24073
5650.0 3250.0 0.25963
5750.0 3250.0 0.24318
5850.0 3250.0 0.18806
5950.0 3250.0 0.09842
6050.0 3250.0 -0.01536
6150.0 3250.0 -0.13993
6250.0 3250.0 -0.26380
6350.0 3250.0 -0.38325
50.0 3350.0 0.79963
150.0 3350.0 0.88607
250.0 3350.0 0.92489
350.0 3350.0 0.89412
450.0 3350.0 0.79374
550.0 3350.0 0.63935
650.0 3350.0 0.45638
750.0 3350.0 0.27464
850.0 3350.0 0.12338
950.0 3350.0 0.02667
1050.0 3350.0 -0.00064
1150.0 3350.0 0.04332
1250.0 3350.0 0.14420
1350.0 3350.0 0.26959
1450.0 3350.0 0.39185
1550.0 3350.0 0.49900
1650.0 3350.0 0.57923
1750.0 3350.0 0.62377
1850.0 3350.0 0.62936
1950.0 3350.0 0.59956
2050.0 3350.0 0.54452
2150.0 3350.0 0.47956
2250.0 3350.0 0.42236
2350.0 3350.0 0.38876
2450.0 3350.0 0.38730
2550.0 3350.0 0.41239
2650.0 3350.0 0.43051
2750.0 3350.0 0.38175
2850.0 3350.0 0.24016
2950.0 3350.0 0.01434
3050.0 3350.0 -0.26554
3150.0 3350.0 -0.55886
3250.0 3350.0 -0.82382
3350.0 3350.0 -1.02472
3450.0 3350.0 -1.13748
3550.0 3350.0 -1.15318
3650.0 3350.0 -1.07977
3750.0 3350.0 -0.94180
3850.0 3350.0 -0.77765
3950.0 3350.0 -0.61508
4050.0 3350.0 -0.46449
4150.0 3350.0 -0.33713
4250.0 3350.0 -0.24220
4350.0 3350.0 -0.18399
4450.0 3350.0 -0.16044
4550.0 3350.0 -0.16295
4650.0 3350.0 -0.17765
4750.0 3350.0 -0.18791
4850.0 3350.0 -0.17829
4950.0 3350.0 -0.13979
5050.0 3350.0 -0.07646
5150.0 3350.0 -0.00393
5250.0 3350.0 0.08007
5350.0 3350.0 0.16967
5450.0 3350.0 0.24822
5550.0 3350.0 0.29700
5650.0 3350.0 0.30168
5750.0 3350.0 0.25625
5850.0 3350.0 0.16467
5950.0 3350.0 0.04011
6050.0 3350.0 -0.09823
6150.0 3350.0 -0.23062
6250.0 3350.0 -0.34480
6350.0 3350.0 -0.44490
50.0 3450.0 0.74245
150.0 3450.0 0.84640
250.0 3450.0 0.90845
350.0 3450.0 0.90686
450.0 3450.0 0.83820
550.0 3450.0 0.71325
650.0 3450.0 0.55281
750.0 3450.0 0.38349
850.0 3450.0 0.23335
950.0 3450.0 0.12747
1050.0 3450.0 0.08351
1150.0 3450.0 0.10710
1250.0 3450.0 0.18725
1350.0 3450.0 0.29286
1450.0 3450.0 0.40067
1550.0 3450.0 0.50469
1650.0 3450.0 0.59414
1750.0 3450.0 0.65757
1850.0 3450.0 0.68701
1950.0 3450.0 0.68044
2050.0 3450.0 0.64274
2150.0 3450.0 0.58508
2250.0 3450.0 0.52273
2350.0 3450.0 0.47127
2450.0 3450.0 0.44129
2550.0 3450.0 0.43150
2650.0 3450.0 0.41360
2750.0 3450.0 0.33078
2850.0 3450.0 0.16152
2950.0 3450.0 -0.08054
3050.0 3450.0 -0.36150
3150.0 3450.0 -0.63949
3250.0 3450.0 -0.87442
3350.0 3450.0 -1.03523
3450.0 3450.0 -1.10454
3550.0 3450.0 -1.08085
3650.0 3450.0 -0.97812
3750.0 3450.0 -0.82284
3850.0 3450.0 -0.64849
3950.0 3450.0 -0.48599
4050.0 3450.0 -0.35695
4150.0 3450.0 -0.27379
4250.0 3450.0 -0.23966
4350.0 3450.0 -0.24895
4450.0 3450.0 -0.28861
4550.0 3450.0 -0.34021
4650.0 3450.0 -0.38276
4750.0 3450.0 -0.39630
4850.0 3450.0 -0.36623
4950.0 3450.0 -0.28842
5050.0 3450.0 -0.17507
5150.0 3450.0 -0.05102
5250.0 3450.0 0.08009
5350.0 3450.0 0.20731
5450.0 3450.0 0.30983
5550.0 3450.0 0.36680
5650.0 3450.0 0.36436
5750.0 3450.0 0.29975
5850.0 3450.0 0.18250
5950.0 3450.0 0.03276
6050.0 3450.0 -0.12323
6150.0 3450.0 -0.26062
6250.0 3450.0 -0.36628
6350.0 3450.0 -0.45038
50.0 3550.0 0.59941
150.0 3550.0 0.71607
250.0 3550.0 0.79638
350.0 3550.0 0.81949
450.0 3550.0 0.77965
550.0 3550.0 0.68382
650.0 3550.0 0.54881
750.0 3550.0 0.39798
850.0 3550.0 0.25759
950.0 3550.0 0.15258
1050.0 3550.0 0.10201
1150.0 3550.0 0.11401
1250.0 3550.0 0.18036
1350.0 3550.0 0.27196
1450.0 3550.0 0.36916
1550.0 3550.0 0.46984
1650.0 3550.0 0.56375
1750.0 3550.0 0.63764
1850.0 3550.0 0.68040
1950.0 3550.0 0.68641
2050.0 3550.0 0.65720
2150.0 3550.0 0.60138
2250.0 3550.0 0.53279
2350.0 3550.0 0.46701
2450.0 3550.0 0.41606
2550.0 3550.0 0.38139
2650.0 3550.0 0.33859
2750.0 3550.0 0.23575
2850.0 3550.0 0.05642
2950.0 3550.0 -0.18193
3050.0 3550.0 -0.44370
3150.0 3550.0 -0.68790
3250.0 3550.0 -0.87792
3350.0 3550.0 -0.98835
3450.0 3550.0 -1.00870
3550.0 3550.0 -0.94419
3650.0 3550.0 -0.81352
3750.0 3550.0 -0.64362
3850.0 3550.0 -0.46194
3950.0 3550.0 -0.30029
4050.0 3550.0 -0.18918
4150.0 3550.0 -0.14229
4250.0 3550.0 -0.15834
4350.0 3550.0 -0.22414
4450.0 3550.0 -0.31801
4550.0 3550.0 -0.41361
4650.0 3550.0 -0.48400
4750.0 3550.0 -0.50611
4850.0 3550.0 -0.46552
4950.0 3550.0 -0.36164
5050.0 3550.0 -0.21313
5150.0 3550.0 -0.05241
5250.0 3550.0 0.11287
5350.0 3550.0 0.26851
5450.0 3550.0 0.39080
5550.0 3550.0 0.45721
5650.0 3550.0 0.45391
5750.0 3550.0 0.38002
5850.0 3550.0 0.24858
5950.0 3550.0 0.08432
6050.0 3550.0 -0.08181
6150.0 3550.0 -0.22141
6250.0 3550.0 -0.32058
6350.0 3550.0 -0.39332
50.0 3650.0 0.38998
150.0 3650.0 0.51403
250.0 3650.0 0.60652
350.0 3650.0 0.64798
450.0 3650.0 0.63148
550.0 3650.0 0.56140
650.0 3650.0 0.45145
750.0 3650.0 0.32215
850.0 3650.0 0.19759
950.0 3650.0 0.10164
1050.0 3650.0 0.05346
1150.0 3650.0 0.06236
1250.0 3650.0 0.12211
1350.0 3650.0 0.20597
1450.0 3650.0 0.29683
1550.0 3650.0 0.39423
1650.0 3650.0 0.48798
1750.0 3650.0 0.56392
1850.0 3650.0 0.60950
1950.0 3650.0 0.61754
2050.0 3650.0 0.58820
2150.0 3650.0 0.52914
2250.0 3650.0 0.45383
2350.0 3650.0 0.37803
2450.0 3650.0 0.31450
2550.0 3650.0 0.26585
2650.0 3650.0 0.21005
2750.0 3650.0 0.10133
2850.0 3650.0 -0.07161
2950.0 3650.0 -0.28881
3050.0 3650.0 -0.51488
3150.0 3650.0 -0.71157
3250.0 3650.0 -0.84706
3350.0 3650.0 -0.90204
3450.0 3650.0 -0.87249
3550.0 3650.0 -0.76919
3650.0 3650.0 -0.61406
3750.0 3650.0 -0.43312
3850.0 3650.0 -0.24725
3950.0 3650.0 -0.08678
4050.0 3650.0 0.01203
4150.0 3650.0 0.03442
4250.0 3650.0 -0.01574
4350.0 3650.0 -0.12054
4450.0 3650.0 -0.25283
4550.0 3650.0 -0.38100
4650.0 3650.0 -0.47402
4750.0 3650.0 -0.50643
4850.0 3650.0 -0.46357
4950.0 3650.0 -0.34684
5050.0 3650.0 -0.17911
5150.0 3650.0 0.00207
5250.0 3650.0 0.18703
5350.0 3650.0 0.36011
5450.0 3650.0 0.49605
5550.0 3650.0 0.57124
5650.0 3650.0 0.57154
5750.0 3650.0 0.49671
5850.0 3650.0 0.36131
5950.0 3650.0 0.19225
6050.0 3650.0 0.02281
6150.0 3650.0 -0.11671
6250.0 3650.0 -0.21184
6350.0 3650.0 -0.27830
50.0 3750.0 0.14165
150.0 3750.0 0.26857
250.0 3750.0 0.36775
350.0 3750.0 0.42130
450.0 3750.0 0.42208
550.0 3750.0 0.37301
650.0 3750.0 0.28567
750.0 3750.0 0.17819
850.0 3750.0 0.07249
950.0 3750.0 -0.00921
1050.0 3750.0 -0.04866
1150.0 3750.0 -0.03639
1250.0 3750.0 0.02259
1350.0 3750.0 0.10395
1450.0 3750.0 0.19214
1550.0 3750.0 0.28647
1650.0 3750.0 0.37653
1750.0 3750.0 0.44796
1850.0 3750.0 0.48814
1950.0 3750.0 0.48998
2050.0 3750.0 0.45391
2150.0 3750.0 0.38792
2250.0 3750.0 0.30589
2350.0 3750.0 0.22393
2450.0 3750.0 0.15499
2550.0 3750.0 0.10155
2650.0 3750.0 0.04263
2750.0 3750.0 -0.06084
2850.0 3750.0 -0.21523
2950.0 3750.0 -0.39927
3050.0 3750.0 -0.57927
3150.0 3750.0 -0.72093
3250.0 3750.0 -0.79792
3350.0 3750.0 -0.79700
3450.0 3750.0 -0.71989
3550.0 3750.0 -0.58174
3650.0 3750.0 -0.40631
3750.0 3750.0 -0.21773
3850.0 3750.0 -0.03031
3950.0 3750.0 0.12902
4050.0 3750.0 0.22132
4150.0 3750.0 0.23106
4250.0 3750.0 0.16311
4350.0 3750.0 0.03742
4450.0 3750.0 -0.11626
4550.0 3750.0 -0.26374
4650.0 3750.0 -0.37178
4750.0 3750.0 -0.41345
4850.0 3750.0 -0.37362
4950.0 3750.0 -0.25441
5050.0 3750.0 -0.08071
5150.0 3750.0 0.10728
5250.0 3750.0 0.29950
5350.0 3750.0 0.48021
5450.0 3750.0 0.62372
5550.0 3750.0 0.70585
5650.0 3750.0 0.71203
5750.0 3750.0 0.64174
5850.0 3750.0 0.50957
5950.0 3750.0 0.34269
6050.0 3750.0 0.17485
6150.0 3750.0 0.03686
6250.0 3750.0 -0.05646
6350.0 3750.0 -0.12088
50.0 3850.0 -0.12030
150.0 3850.0 0.00733
250.0 3850.0 0.11053
350.0 3850.0 0.17312
450.0 3850.0 0.18814
550.0 3850.0 0.15757
650.0 3850.0 0.09131
750.0 3850.0 0.00540
850.0 3850.0 -0.08044
950.0 3850.0 -0.14589
1050.0 3850.0 -0.17399
1150.0 3850.0 -0.15563
1250.0 3850.0 -0.09491
1350.0 3850.0 -0.01376
1450.0 3850.0 0.07328
1550.0 3850.0 0.16456
1650.0 3850.0 0.24924
1750.0 3850.0 0.31316
1850.0 3850.0 0.34426
1950.0 3850.0 0.33634
2050.0 3850.0 0.29075
2150.0 3850.0 0.21643
2250.0 3850.0 0.12797
2350.0 3850.0 0.04187
2450.0 3850.0 -0.02900
2550.0 3850.0 -0.08290
2650.0 3850.0 -0.14035
2750.0 3850.0 -0.23364
2850.0 3850.0 -0.36446
2950.0 3850.0 -0.51080
3050.0 3850.0 -0.64126
3150.0 3850.0 -0.72598
3250.0 3850.0 -0.74423
3350.0 3850.0 -0.68870
3450.0 3850.0 -0.56636
3550.0 3850.0 -0.39606
3650.0 3850.0 -0.20271
3750.0 3850.0 -0.00820
3850.0 3850.0 0.17961
3950.0 3850.0 0.33800
4050.0 3850.0 0.42695
4150.0 3850.0 0.43039
4250.0 3850.0 0.35338
4350.0 3850.0 0.21662
4450.0 3850.0 0.05094
4550.0 3850.0 -0.10825
4650.0 3850.0 -0.22651
4750.0 3850.0 -0.27600
4850.0 3850.0 -0.24108
4950.0 3850.0 -0.12395
5050.0 3850.0 0.04960
5150.0 3850.0 0.23802
5250.0 3850.0 0.43159
5350.0 3850.0 0.61505
5450.0 3850.0 0.76280
5550.0 3850.0 0.85042
5650.0 3850.0 0.86285
5750.0 3850.0 0.79900
5850.0 3850.0 0.67282
5950.0 3850.0 0.51094
6050.0 3850.0 0.34671
6150.0 3850.0 0.21082
6250.0 3850.0 0.11835
6350.0 3850.0 0.05408
50.0 3950.0 -0.41409
150.0 3950.0 -0.28743
250.0 3950.0 -0.17997
350.0 3950.0 -0.10540
450.0 3950.0 -0.07052
550.0 3950.0 -0.07494
650.0 3950.0 -0.11149
750.0 3950.0 -0.16742
850.0 3950.0 -0.22629
950.0 3950.0 -0.27061
1050.0 3950.0 -0.28521
1150.0 3950.0 -0.26138
1250.0 3950.0 -0.20168
1350.0 3950.0 -0.12448
1450.0 3950.0 -0.04268
1550.0 3950.0 0.04101
1650.0 3950.0 0.11585
1750.0 3950.0 0.16855
1850.0 3950.0 0.18834
1950.0 3950.0 0.17022
2050.0 3950.0 0.11659
2150.0 3950.0 0.03696
2250.0 3950.0 -0.05400
2350.0 3950.0 -0.14014
2450.0 3950.0 -0.20937
2550.0 3950.0 -0.26081
2650.0 3950.0 -0.31423
2750.0 3950.0 -0.39584
2850.0 3950.0 -0.50333
2950.0 3950.0 -0.61420
3050.0 3950.0 -0.69922
3150.0 3950.0 -0.73249
3250.0 3950.0 -0.69823
3350.0 3950.0 -0.59419
3450.0 3950.0 -0.43178
3550.0 3950.0 -0.23285
3650.0 3950.0 -0.02317
3750.0 3950.0 0.17747
3850.0 3950.0 0.36674
3950.0 3950.0 0.52619
4050.0 3950.0 0.61564
4150.0 3950.0 0.61865
4250.0 3950.0 0.53995
4350.0 3950.0 0.40015
4450.0 3950.0 0.23019
4550.0 3950.0 0.06586
4650.0 3950.0 -0.05789
4750.0 3950.0 -0.11257
4850.0 3950.0 -0.08200
4950.0 3950.0 0.03190
5050.0 3950.0 0.20317
5150.0 3950.0 0.38955
5250.0 3950.0 0.58108
5350.0 3950.0 0.76290
5450.0 3950.0 0.90985
5550.0 3950.0 0.99796
5650.0 3950.0 1.01239
5750.0 3950.0 0.95196
5850.0 3950.0 0.83031
5950.0 3950.0 0.67347
6050.0 3950.0 0.51415
6150.0 3950.0 0.38244
6250.0 3950.0 0.29318
6350.0 3950.0 0.23142
50.0 4050.0 -0.75527
150.0 4050.0 -0.63342
250.0 4050.0 -0.52147
350.0 4050.0 -0.42890
450.0 4050.0 -0.36258
550.0 4050.0 -0.32520
650.0 4050.0 -0.31460
750.0 4050.0 -0.32384
850.0 4050.0 -0.34211
950.0 4050.0 -0.35655
1050.0 4050.0 -0.35478
1150.0 4050.0 -0.32837
1250.0 4050.0 -0.27706
1350.0 4050.0 -0.21306
1450.0 4050.0 -0.14651
1550.0 4050.0 -0.08109
1650.0 4050.0 -0.02625
1750.0 4050.0 0.00728
1850.0 4050.0 0.01143
1950.0 4050.0 -0.01669
2050.0 4050.0 -0.07378
2150.0 4050.0 -0.15069
2250.0 4050.0 -0.23425
2350.0 4050.0 -0.31060
2450.0 4050.0 -0.36987
2550.0 4050.0 -0.41238
2650.0 4050.0 -0.45630
2750.0 4050.0 -0.52358
2850.0 4050.0 -0.60963
2950.0 4050.0 -0.69206
3050.0 4050.0 -0.74332
3150.0 4050.0 -0.74023
3250.0 4050.0 -0.67005
3350.0 4050.0 -0.53351
3450.0 4050.0 -0.34437
3550.0 4050.0 -0.12586
3650.0 4050.0 0.09619
3750.0 4050.0 0.30349
3850.0 4050.0 0.49697
3950.0 4050.0 0.66205
4050.0 4050.0 0.76033
4150.0 4050.0 0.77513
4250.0 4050.0 0.70981
4350.0 4050.0 0.58313
4450.0 4050.0 0.42426
4550.0 4050.0 0.26762
4650.0 4050.0 0.14751
4750.0 4050.0 0.09245
4850.0 4050.0 0.11937
4950.0 4050.0 0.22752
5050.0 4050.0 0.39216
5150.0 4050.0 0.57136
5250.0 4050.0 0.75370
5350.0 4050.0 0.92427
5450.0 4050.0 1.05933
5550.0 4050.0 1.13685
5650.0 4050.0 1.14378
5750.0 4050.0 1.08017
5850.0 4050.0 0.95994
5950.0 4050.0 0.80859
6050.0 4050.0 0.65750
6150.0 4050.0 0.53515
6250.0 4050.0 0.45499
6350.0 4050.0 0.40168
50.0 4150.0 -1.10755
150.0 4150.0 -0.99539
250.0 4150.0 -0.87981
350.0 4150.0 -0.76440
450.0 4150.0 -0.65642
550.0 4150.0 -0.56329
650.0 4150.0 -0.49015
750.0 4150.0 -0.43835
850.0 4150.0 -0.40501
950.0 4150.0 -0.38354
1050.0 4150.0 -0.36520
1150.0 4150.0 -0.34161
1250.0 4150.0 -0.30830
1350.0 4150.0 -0.26890
1450.0 4150.0 -0.22977
1550.0 4150.0 -0.19541
1650.0 4150.0 -0.17241
1750.0 4150.0 -0.16691
1850.0 4150.0 -0.18254
1950.0 4150.0 -0.21926
2050.0 4150.0 -0.27300
2150.0 4150.0 -0.33625
2250.0 4150.0 -0.39948
2350.0 4150.0 -0.45343
2450.0 4150.0 -0.49233
2550.0 4150.0 -0.51791
2650.0 4150.0 -0.54570
2750.0 4150.0 -0.59590
2850.0 4150.0 -0.66405
2950.0 4150.0 -0.72856
3050.0 4150.0 -0.76293
3150.0 4150.0 -0.74484
3250.0 4150.0 -0.66212
3350.0 4150.0 -0.51549
3450.0 4150.0 -0.31827
3550.0 4150.0 -0.09290
3650.0 4150.0 0.13574
3750.0 4150.0 0.35005
3850.0 4150.0 0.55108
3950.0 4150.0 0.72717
4050.0 4150.0 0.84361
4150.0 4150.0 0.88356
4250.0 4150.0 0.84777
4350.0 4150.0 0.75118
4450.0 4150.0 0.61910
4550.0 4150.0 0.48285
4650.0 4150.0 0.37484
4750.0 4150.0 0.32323
4850.0 4150.0 0.34603
4950.0 4150.0 0.44470
5050.0 4150.0 0.59725
5150.0 4150.0 0.76302
5250.0 4150.0 0.92759
5350.0 4150.0 1.07568
5450.0 4150.0 1.18609
5550.0 4150.0 1.24056
5650.0 4150.0 1.22971
5750.0 4150.0 1.15616
5850.0 4150.0 1.03486
5950.0 4150.0 0.89060
6050.0 4150.0 0.75260
6150.0 4150.0 0.64638
6250.0 4150.0 0.58274
6350.0 4150.0 0.54518
50.0 4250.0 -1.41131
150.0 4250.0 -1.31368
250.0 4250.0 -1.19667
350.0 4250.0 -1.05707
450.0 4250.0 -0.90291
550.0 4250.0 -0.74752
650.0 4250.0 -0.60492
750.0 4250.0 -0.48635
850.0 4250.0 -0.39821
950.0 4250.0 -0.34109
1050.0 4250.0 -0.31015
1150.0 4250.0 -0.29671
1250.0 4250.0 -0.29115
1350.0 4250.0 -0.28707
1450.0 4250.0 -0.28665
1550.0 4250.0 -0.29491
1650.0 4250.0 -0.31405
1750.0 4250.0 -0.34374
1850.0 4250.0 -0.38169
1950.0 4250.0 -0.42415
2050.0 4250.0 -0.46668
2150.0 4250.0 -0.50473
2250.0 4250.0 -0.53448
2350.0 4250.0 -0.55358
2450.0 4250.0 -0.56204
2550.0 4250.0 -0.56315
2650.0 4250.0 -0.56867
2750.0 4250.0 -0.59987
2850.0 4250.0 -0.65492
2950.0 4250.0 -0.71379
3050.0 4250.0 -0.75020
3150.0 4250.0 -0.74078
3250.0 4250.0 -0.67111
3350.0 4250.0 -0.53884
3450.0 4250.0 -0.35390
3550.0 4250.0 -0.13560
3650.0 4250.0 0.09309
3750.0 4250.0 0.31438
3850.0 4250.0 0.52608
3950.0 4250.0 0.71786
4050.0 4250.0 0.86008
4150.0 4250.0 0.93567
4250.0 4250.0 0.94159
4350.0 4250.0 0.88738
4450.0 4250.0 0.79291
4550.0 4250.0 0.68508
4650.0 4250.0 0.59371
4750.0 4250.0 0.54651
4850.0 4250.0 0.56306
4950.0 4250.0 0.64800
5050.0 4250.0 0.78319
5150.0 4250.0 0.92970
5250.0 4250.0 1.06876
5350.0 4250.0 1.18451
5450.0 4250.0 1.25942
5550.0 4250.0 1.28063
5650.0 4250.0 1.24401
5750.0 4250.0 1.15594
5850.0 4250.0 1.03285
5950.0 4250.0 0.89853
6050.0 4250.0 0.77913
6150.0 4250.0 0.69595
6250.0 4250.0 0.65595
6350.0 4250.0 0.64100
50.0 4350.0 -1.60854
150.0 4350.0 -1.52928
250.0 4350.0 -1.41416
350.0 4350.0 -1.25320
450.0 4350.0 -1.05556
550.0 4350.0 -0.84099
650.0 4350.0 -0.63284
750.0 4350.0 -0.45256
850.0 4350.0 -0.31586
950.0 4350.0 -0.23033
1050.0 4350.0 -0.19471
1150.0 4350.0 -0.19961
1250.0 4350.0 -0.22988
1350.0 4350.0 -0.26908
1450.0 4350.0 -0.31555
1550.0 4350.0 -0.37444
1650.0 4350.0 -0.44237
1750.0 4350.0 -0.51119
1850.0 4350.0 -0.57162
1950.0 4350.0 -0.61592
2050.0 4350.0 -0.63964
2150.0 4350.0 -0.64241
2250.0 4350.0 -0.62777
2350.0 4350.0 -0.60204
2450.0 4350.0 -0.57229
2550.0 4350.0 -0.54328
2650.0 4350.0 -0.52213
2750.0 4350.0 -0.53369
2850.0 4350.0 -0.58101
2950.0 4350.0 -0.64615
3050.0 4350.0 -0.70236
3150.0 4350.0 -0.72340
3250.0 4350.0 -0.69013
3350.0 4350.0 -0.59443
3450.0 4350.0 -0.44020
3550.0 4350.0 -0.24171
3650.0 4350.0 -0.01912
3750.0 4350.0 0.20867
3850.0 4350.0 0.43330
3950.0 4350.0 0.64385
4050.0 4350.0 0.81616
4150.0 4350.0 0.93266
4250.0 4350.0 0.98573
4350.0 4350.0 0.97865
4450.0 4350.0 0.92503
4550.0 4350.0 0.84693
4650.0 4350.0 0.77149
4750.0 4350.0 0.72625
4850.0 4350.0 0.73296
4950.0 4350.0 0.80008
5050.0 4350.0 0.91385
5150.0 4350.0 1.03686
5250.0 4350.0 1.14504
5350.0 4350.0 1.22200
5450.0 4350.0 1.25471
5550.0 4350.0 1.23686
5650.0 4350.0 1.17060
5750.0 4350.0 1.06671
5850.0 4350.0 0.94323
5950.0 4350.0 0.82257
6050.0 4350.0 0.72700
6150.0 4350.0 0.67261
6250.0 4350.0 0.66173
6350.0 4350.0 0.67449
50.0 4450.0 -1.66006
150.0 4450.0 -1.60140
250.0 4450.0 -1.49203
350.0 4450.0 -1.31618
450.0 4450.0 -1.08446
550.0 4450.0 -0.82279
650.0 4450.0 -0.56308
750.0 4450.0 -0.33593
850.0 4450.0 -0.16516
950.0 4450.0 -0.06418
1050.0 4450.0 -0.03436
1150.0 4450.0 -0.06517
1250.0 4450.0 -0.13630
1350.0 4450.0 -0.22264
1450.0 4450.0 -0.31969
1550.0 4450.0 -0.43234
1650.0 4450.0 -0.55094
1750.0 4450.0 -0.65892
1850.0 4450.0 -0.73969
1950.0 4450.0 -0.78151
2050.0 4450.0 -0.78043
2150.0 4450.0 -0.74102
2250.0 4450.0 -0.67517
2350.0 4450.0 -0.59883
2450.0 4450.0 -0.52668
2550.0 4450.0 -0.46479
2650.0 4450.0 -0.41503
2750.0 4450.0 -0.40769
2850.0 4450.0 -0.45222
2950.0 4450.0 -0.53319
3050.0 4450.0 -0.62271
3150.0 4450.0 -0.69037
3250.0 4450.0 -0.71063
3350.0 4450.0 -0.66762
3450.0 4450.0 -0.55748
3550.0 4450.0 -0.38810
3650.0 4450.0 -0.17638
3750.0 4450.0 0.05711
3850.0 4450.0 0.29569
3950.0 4450.0 0.52594
4050.0 4450.0 0.72862
4150.0 4450.0 0.88520
4250.0 4450.0 0.98327
4350.0 4450.0 1.01974
4450.0 4450.0 1.00219
4550.0 4450.0 0.94824
4650.0 4450.0 0.88292
4750.0 4450.0 0.83424
4850.0 4450.0 0.82667
4950.0 4450.0 0.87281
5050.0 4450.0 0.96299
5150.0 4450.0 1.06052
5250.0 4450.0 1.13574
5350.0 4450.0 1.17194
5450.0 4450.0 1.16103
5550.0 4450.0 1.10371
5650.0 4450.0 1.00866
5750.0 4450.0 0.89113
5850.0 4450.0 0.77054
5950.0 4450.0 0.66749
6050.0 4450.0 0.59979
6150.0 4450.0 0.57780
6250.0 4450.0 0.59895
6350.0 4450.0 0.64189
50.0 4550.0 -1.55552
150.0 4550.0 -1.51766
250.0 4550.0 -1.41769
350.0 4550.0 -1.23574
450.0 4550.0 -0.98408
550.0 4550.0 -0.69379
650.0 4550.0 -0.40363
750.0 4550.0 -0.15117
850.0 4550.0 0.03391
950.0 4550.0 0.13431
1050.0 4550.0 0.14736
1150.0 4550.0 0.08506
1250.0 4550.0 -0.02805
1350.0 4550.0 -0.16065
1450.0 4550.0 -0.30691
1550.0 4550.0 -0.47110
1650.0 4550.0 -0.63728
1750.0 4550.0 -0.78067
1850.0 4550.0 -0.87774
1950.0 4550.0 -0.91324
2050.0 4550.0 -0.88403
2150.0 4550.0 -0.79993
2250.0 4550.0 -0.68132
2350.0 4550.0 -0.55375
2450.0 4550.0 -0.43932
2550.0 4550.0 -0.34506
2650.0 4550.0 -0.26752
2750.0 4550.0 -0.24323
2850.0 4550.0 -0.28863
2950.0 4550.0 -0.39081
3050.0 4550.0 -0.52047
3150.0 4550.0 -0.64244
3250.0 4550.0 -0.72401
3350.0 4550.0 -0.74087
3450.0 4550.0 -0.68074
3550.0 4550.0 -0.54472
3650.0 4550.0 -0.34632
3750.0 4550.0 -0.10813
3850.0 4550.0 0.14405
3950.0 4550.0 0.39266
4050.0 4550.0 0.62200
4150.0 4550.0 0.81212
4250.0 4550.0 0.94603
4350.0 4550.0 1.01510
4450.0 4550.0 1.02194
4550.0 4550.0 0.98090
4650.0 4550.0 0.91605
4750.0 4550.0 0.85669
4850.0 4550.0 0.83046
4950.0 4550.0 0.85388
5050.0 4550.0 0.92056
5150.0 4550.0 0.99326
5250.0 4550.0 1.03701
5350.0 4550.0 1.03519
5450.0 4550.0 0.98466
5550.0 4550.0 0.89274
5650.0 4550.0 0.77420
5750.0 4550.0 0.64816
5850.0 4550.0 0.53495
5950.0 4550.0 0.45291
6050.0 4550.0 0.41521
6150.0 4550.0 0.42647
6250.0 4550.0 0.47951
6350.0 4550.0 0.55207
50.0 4650.0 -1.31570
150.0 4650.0 -1.29679
250.0 4650.0 -1.20891
350.0 4650.0 -1.03024
450.0 4650.0 -0.77470
550.0 4650.0 -0.47706
650.0 4650.0 -0.18052
750.0 4650.0 0.07325
850.0 4650.0 0.25152
950.0 4650.0 0.33544
1050.0 4650.0 0.32244
1150.0 4650.0 0.22622
1250.0 4650.0 0.07418
1350.0 4650.0 -0.09921
1450.0 4650.0 -0.28849
1550.0 4650.0 -0.49706
1650.0 4650.0 -0.70331
1750.0 4650.0 -0.87529
1850.0 4650.0 -0.98359
1950.0 4650.0 -1.01010
2050.0 4650.0 -0.95281
2150.0 4650.0 -0.82645
2250.0 4650.0 -0.65917
2350.0 4650.0 -0.48507
2450.0 4650.0 -0.33278
2550.0 4650.0 -0.20993
2650.0 4650.0 -0.10804
2750.0 4650.0 -0.06957
2850.0 4650.0 -0.11741
2950.0 4650.0 -0.24097
3050.0 4650.0 -0.40949
3150.0 4650.0 -0.58331
3250.0 4650.0 -0.72303
3350.0 4650.0 -0.79645
3450.0 4650.0 -0.78355
3550.0 4650.0 -0.67918
3650.0 4650.0 -0.49377
3750.0 4650.0 -0.25184
3850.0 4650.0 0.01225
3950.0 4650.0 0.27588
4050.0 4650.0 0.52490
4150.0 4650.0 0.73751
4250.0 4650.0 0.89292
4350.0 4650.0 0.97837
4450.0 4650.0 0.99329
4550.0 4650.0 0.95051
4650.0 4650.0 0.87451
4750.0 4650.0 0.79684
4850.0 4650.0 0.74845
4950.0 4650.0 0.74927
5050.0 4650.0 0.79477
5150.0 4650.0 0.84577
5250.0 4650.0 0.86285
5350.0 4650.0 0.83000
5450.0 4650.0 0.74847
5550.0 4650.0 0.63122
5650.0 4650.0 0.49789
5750.0 4650.0 0.37045
5850.0 4650.0 0.26939
5950.0 4650.0 0.21056
6050.0 4650.0 0.20261
6150.0 4650.0 0.24502
6250.0 4650.0 0.32677
6350.0 4650.0 0.42546
50.0 4750.0 -0.98746
150.0 4750.0 -0.98386
250.0 4750.0 -0.90930
350.0 4750.0 -0.74211
450.0 4750.0 -0.49773
550.0 4750.0 -0.21291
650.0 4750.0 0.06742
750.0 4750.0 0.30049
850.0 4750.0 0.45340
950.0 4750.0 0.50800
1050.0 4750.0 0.46318
1150.0 4750.0 0.33432
1250.0 4750.0 0.15014
1350.0 4750.0 -0.05488
1450.0 4750.0 -0.27715
1550.0 4750.0 -0.51919
1650.0 4750.0 -0.75486
1750.0 4750.0 -0.94673
1850.0 4750.0 -1.06099
1950.0 4750.0 -1.07763
2050.0 4750.0 -0.99577
2150.0 4750.0 -0.83424
2250.0 4750.0 -0.62738
2350.0 4750.0 -0.41608
2450.0 4750.0 -0.23398
2550.0 4750.0 -0.08893
2650.0 4750.0 0.03180
2750.0 4750.0 0.08136
2850.0 4750.0 0.03190
2950.0 4750.0 -0.10772
3050.0 4750.0 -0.30569
3150.0 4750.0 -0.51893
3250.0 4750.0 -0.70290
3350.0 4750.0 -0.81942
3450.0 4750.0 -0.84249
3550.0 4750.0 -0.76220
3650.0 4750.0 -0.58662
3750.0 4750.0 -0.34174
3850.0 4750.0 -0.06850
3950.0 4750.0 0.20537
4050.0 4750.0 0.46504
4150.0 4750.0 0.68656
4250.0 4750.0 0.84642
4350.0 4750.0 0.92965
4450.0 4750.0 0.93463
4550.0 4750.0 0.87465
4650.0 4750.0 0.77609
4750.0 4750.0 0.67346
4850.0 4750.0 0.60102
4950.0 4750.0 0.58122
5050.0 4750.0 0.60978
5150.0 4750.0 0.64418
5250.0 4750.0 0.64192
5350.0 4750.0 0.58804
5450.0 4750.0 0.48732
5550.0 4750.0 0.35676
5650.0 4750.0 0.21923
5750.0 4750.0 0.09819
5850.0 4750.0 0.01349
5950.0 4750.0 -0.02162
6050.0 4750.0 -0.00244
6150.0 4750.0 0.06637
6250.0 4750.0 0.17108
6350.0 4750.0 0.29003
50.0 4850.0 -0.63120
150.0 4850.0 -0.63813
250.0 4850.0 -0.57646
350.0 4850.0 -0.42646
450.0 4850.0 -0.20479
550.0 4850.0 0.05152
650.0 4850.0 0.29824
750.0 4850.0 0.49421
850.0 4850.0 0.60878
950.0 4850.0 0.62641
1050.0 4850.0 0.54836
1150.0 4850.0 0.39153
1250.0 4850.0 0.18450
1350.0 4850.0 -0.04089
1450.0 4850.0 -0.28408
1550.0 4850.0 -0.54683
1650.0 4850.0 -0.80000
1750.0 4850.0 -1.00266
1850.0 4850.0 -1.11837
1950.0 4850.0 -1.12611
2050.0 4850.0 -1.02598
2150.0 4850.0 -0.83969
2250.0 4850.0 -0.60577
2350.0 4850.0 -0.36954
2450.0 4850.0 -0.16783
2550.0 4850.0 -0.00846
2650.0 4850.0 0.12451
2750.0 4850.0 0.18227
2850.0 4850.0 0.13425
2950.0 4850.0 -0.01173
3050.0 4850.0 -0.22340
3150.0 4850.0 -0.45596
3250.0 4850.0 -0.66217
3350.0 4850.0 -0.80062
3450.0 4850.0 -0.84206
3550.0 4850.0 -0.77387
3650.0 4850.0 -0.60274
3750.0 4850.0 -0.35537
3850.0 4850.0 -0.07628
3950.0 4850.0 0.20242
4050.0 4850.0 0.46320
4150.0 4850.0 0.67981
4250.0 4850.0 0.82731
4350.0 4850.0 0.89051
4450.0 4850.0 0.86889
4550.0 4850.0 0.77805
4650.0 4850.0 0.64757
4750.0 4850.0 0.51545
4850.0 4850.0 0.41895
4950.0 4850.0 0.38198
5050.0 4850.0 0.39894
5150.0 4850.0 0.42295
5250.0 4850.0 0.40991
5350.0 4850.0 0.34631
5450.0 4850.0 0.23931
5550.0 4850.0 0.10817
5650.0 4850.0 -0.02289
5750.0 4850.0 -0.13037
5850.0 4850.0 -0.19577
5950.0 4850.0 -0.20836
6050.0 4850.0 -0.16656
6150.0 4850.0 -0.07790
6250.0 4850.0 0.04250
6350.0 4850.0 0.17450
50.0 4950.0 -0.30078
150.0 4950.0 -0.31340
250.0 4950.0 -0.26293
350.0 4950.0 -0.13279
450.0 4950.0 0.05950
550.0 4950.0 0.27798
650.0 4950.0 0.48098
750.0 4950.0 0.63086
850.0 4950.0 0.70096
950.0 4950.0 0.67950
1050.0 4950.0 0.57060
1150.0 4950.0 0.39239
1250.0 4950.0 0.17218
1350.0 4950.0 -0.06263
1450.0 4950.0 -0.31513
1550.0 4950.0 -0.58660
1650.0 4950.0 -0.84640
1750.0 4950.0 -1.05206
1850.0 4950.0 -1.16609
1950.0 4950.0 -1.16722
2050.0 4950.0 -1.05627
2150.0 4950.0 -0.85651
2250.0 4950.0 -0.60856
2350.0 4950.0 -0.35989
2450.0 4950.0 -0.14876
2550.0 4950.0 0.01723
2650.0 4950.0 0.15614
2750.0 4950.0 0.21985
2850.0 4950.0 0.17760
2950.0 4950.0 0.03686
3050.0 4950.0 -0.17041
3150.0 4950.0 -0.39954
3250.0 4950.0 -0.60330
3350.0 4950.0 -0.74005
3450.0 4950.0 -0.78018
3550.0 4950.0 -0.71065
3650.0 4950.0 -0.53774
3750.0 4950.0 -0.28797
3850.0 4950.0 -0.00624
3950.0 4950.0 0.27236
4050.0 4950.0 0.52599
4150.0 4950.0 0.72615
4250.0 4950.0 0.84763
4350.0 4950.0 0.87676
4450.0 4950.0 0.81589
4550.0 4950.0 0.68441
4650.0 4950.0 0.51599
4750.0 4950.0 0.35234
4850.0 4950.0 0.23327
4950.0 4950.0 0.18318
5050.0 4950.0 0.19389
5150.0 4950.0 0.21348
5250.0 4950.0 0.19768
5350.0 4950.0 0.13471
5450.0 4950.0 0.03300
5550.0 4950.0 -0.08768
5650.0 4950.0 -0.20343
5750.0 4950.0 -0.29196
5850.0 4950.0 -0.33666
5950.0 4950.0 -0.32910
6050.0 4950.0 -0.26994
6150.0 4950.0 -0.16829
6250.0 4950.0 -0.03939
6350.0 4950.0 0.09864
50.0 5050.0 -0.01607
150.0 5050.0 -0.03095
250.0 5050.0 0.01015
350.0 5050.0 0.12011
450.0 5050.0 0.28086
550.0 5050.0 0.45826
650.0 5050.0 0.61417
750.0 5050.0 0.71550
850.0 5050.0 0.74032
950.0 5050.0 0.68111
1050.0 5050.0 0.54497
1150.0 5050.0 0.35097
1250.0 5050.0 0.12456
1350.0 5050.0 -0.11214
1450.0 5050.0 -0.36607
1550.0 5050.0 -0.63825
1650.0 5050.0 -0.89761
1750.0 5050.0 -1.10149
1850.0 5050.0 -1.21235
1950.0 5050.0 -1.20917
2050.0 5050.0 -1.09321
2150.0 5050.0 -0.88831
2250.0 5050.0 -0.63575
2350.0 5050.0 -0.38349
2450.0 5050.0 -0.17004
2550.0 5050.0 -0.00273
2650.0 5050.0 0.13784
2750.0 5050.0 0.20630
2850.0 5050.0 0.17348
2950.0 5050.0 0.04703
3050.0 5050.0 -0.14192
3150.0 5050.0 -0.35035
3250.0 5050.0 -0.53297
3350.0 5050.0 -0.65021
3450.0 5050.0 -0.67422
3550.0 5050.0 -0.59317
3650.0 5050.0 -0.41367
3750.0 5050.0 -0.16143
3850.0 5050.0 0.12078
3950.0 5050.0 0.39605
4050.0 5050.0 0.63741
4150.0 5050.0 0.81418
4250.0 5050.0 0.90170
4350.0 5050.0 0.88886
4450.0 5050.0 0.78197
4550.0 5050.0 0.60498
4650.0 5050.0 0.39611
4750.0 5050.0 0.20078
4850.0 5050.0 0.06097
4950.0 5050.0 0.00090
5050.0 5050.0 0.00906
5150.0 5050.0 0.02831
5250.0 5050.0 0.01513
5350.0 5050.0 -0.04044
5450.0 5050.0 -0.12949
5550.0 5050.0 -0.23283
5650.0 5050.0 -0.32802
5750.0 5050.0 -0.39474
5850.0 5050.0 -0.41855
5950.0 5050.0 -0.39311
6050.0 5050.0 -0.32064
6150.0 5050.0 -0.21093
6250.0 5050.0 -0.07857
6350.0 5050.0 0.06068
50.0 5150.0 0.24878
150.0 5150.0 0.23292
250.0 5150.0 0.26554
350.0 5150.0 0.35578
450.0 5150.0 0.48511
550.0 5150.0 0.62151
650.0 5150.0 0.73064
750.0 5150.0 0.78414
850.0 5150.0 0.76497
950.0 5150.0 0.66990
1050.0 5150.0 0.50892
1150.0 5150.0 0.30191
1250.0 5150.0 0.07225
1350.0 5150.0 -0.16334
1450.0 5150.0 -0.41564
1550.0 5150.0 -0.68553
1650.0 5150.0 -0.94199
1750.0 5150.0 -1.14258
1850.0 5150.0 -1.25016
1950.0 5150.0 -1.24404
2050.0 5150.0 -1.12575
2150.0 5150.0 -0.91931
2250.0 5150.0 -0.66599
2350.0 5150.0 -0.41365
2450.0 5150.0 -0.20057
2550.0 5150.0 -0.03386
2650.0 5150.0 0.10681
2750.0 5150.0 0.17913
2850.0 5150.0 0.15597
2950.0 5150.0 0.04526
3050.0 5150.0 -0.12290
3150.0 5150.0 -0.30740
3250.0 5150.0 -0.46543
3350.0 5150.0 -0.55993
3450.0 5150.0 -0.56531
3550.0 5150.0 -0.47129
3650.0 5150.0 -0.28498
3750.0 5150.0 -0.03104
3850.0 5150.0 0.25035
3950.0 5150.0 0.52092
4050.0 5150.0 0.74866
4150.0 5150.0 0.90096
4250.0 5150.0 0.95403
4350.0 5150.0 0.89954
4450.0 5150.0 0.74781
4550.0 5150.0 0.52732
4650.0 5150.0 0.28055
4750.0 5150.0 0.05629
4850.0 5150.0 -0.10169
4950.0 5150.0 -0.16964
5050.0 5150.0 -0.16239
5150.0 5150.0 -0.14187
5250.0 5150.0 -0.15029
5350.0 5150.0 -0.19580
5450.0 5150.0 -0.26936
5550.0 5150.0 -0.35288
5650.0 5150.0 -0.42581
5750.0 5150.0 -0.47010
5850.0 5150.0 -0.47361
5950.0 5150.0 -0.43189
6050.0 5150.0 -0.34843
6150.0 5150.0 -0.23325
6250.0 5150.0 -0.09997
6350.0 5150.0 0.03810
50.0 5250.0 0.47748
150.0 5250.0 0.46346
250.0 5250.0 0.48993
350.0 5250.0 0.56235
450.0 5250.0 0.66220
550.0 5250.0 0.76009
650.0 5250.0 0.82594
750.0 5250.0 0.83640
850.0 5250.0 0.77934
950.0 5250.0 0.65554
1050.0 5250.0 0.47748
1150.0 5250.0 0.26533
1250.0 5250.0 0.04006
1350.0 5250.0 -0.18700
1450.0 5250.0 -0.43017
1550.0 5250.0 -0.69069
1650.0 5250.0 -0.93866
1750.0 5250.0 -1.13302
1850.0 5250.0 -1.23773
1950.0 5250.0 -1.23265
2050.0 5250.0 -1.11906
2150.0 5250.0 -0.92003
2250.0 5250.0 -0.67533
2350.0 5250.0 -0.43114
2450.0 5250.0 -0.22452
2550.0 5250.0 -0.06244
2650.0 5250.0 0.07475
2750.0 5250.0 0.14728
2850.0 5250.0 0.12990
2950.0 5250.0 0.03071
3050.0 5250.0 -0.12130
3150.0 5250.0 -0.28695
3250.0 5250.0 -0.42580
3350.0 5250.0 -0.50318
3450.0 5250.0 -0.49558
3550.0 5250.0 -0.39408
3650.0 5250.0 -0.20610
3750.0 5250.0 0.04471
3850.0 5250.0 0.32068
3950.0 5250.0 0.58271
4050.0 5250.0 0.79522
4150.0 5250.0 0.92496
4250.0 5250.0 0.94965
4350.0 5250.0 0.86381
4450.0 5250.0 0.68105
4550.0 5250.0 0.43300
4650.0 5250.0 0.16464
4750.0 5250.0 -0.07381
4850.0 5250.0 -0.23842
4950.0 5250.0 -0.30662
5050.0 5250.0 -0.29577
5150.0 5250.0 -0.26995
5250.0 5250.0 -0.26832
5350.0 5250.0 -0.29726
5450.0 5250.0 -0.34867
5550.0 5250.0 -0.40693
5650.0 5250.0 -0.45460
5750.0 5250.0 -0.47666
5850.0 5250.0 -0.46334
5950.0 5250.0 -0.41159
6050.0 5250.0 -0.32508
6150.0 5250.0 -0.21289
6250.0 5250.0 -0.08668
6350.0 5250.0 0.04276
50.0 5350.0 0.63746
150.0 5350.0 0.62974
250.0 5350.0 0.65395
350.0 5350.0 0.71210
450.0 5350.0 0.78639
550.0 5350.0 0.85083
650.0 5350.0 0.88024
750.0 5350.0 0.85655
850.0 5350.0 0.77241
950.0 5350.0 0.63210
1050.0 5350.0 0.44982
1150.0 5350.0 0.24526
1250.0 5350.0 0.03647
1350.0 5350.0 -0.17041
1450.0 5350.0 -0.39266
1550.0 5350.0 -0.63254
1650.0 5350.0 -0.86291
1750.0 5350.0 -1.04584
1850.0 5350.0 -1.14767
1950.0 5350.0 -1.14912
2050.0 5350.0 -1.05054
2150.0 5350.0 -0.87232
2250.0 5350.0 -0.65042
2350.0 5350.0 -0.42699
2450.0 5350.0 -0.23619
2550.0 5350.0 -0.08506
2650.0 5350.0 0.04312
2750.0 5350.0 0.11026
2850.0 5350.0 0.09284
2950.0 5350.0 -0.00104
3050.0 5350.0 -0.14363
3150.0 5350.0 -0.29774
3250.0 5350.0 -0.42524
3350.0 5350.0 -0.49371
3450.0 5350.0 -0.48147
3550.0 5350.0 -0.38070
3650.0 5350.0 -0.19894
3750.0 5350.0 0.04128
3850.0 5350.0 0.30463
3950.0 5350.0 0.55208
4050.0 5350.0 0.74673
4150.0 5350.0 0.85661
4250.0 5350.0 0.86210
4350.0 5350.0 0.76059
4450.0 5350.0 0.56794
4550.0 5350.0 0.31685
4650.0 5350.0 0.05200
4750.0 5350.0 -0.17790
4850.0 5350.0 -0.33125
4950.0 5350.0 -0.38785
5050.0 5350.0 -0.36636
5150.0 5350.0 -0.32900
5250.0 5350.0 -0.30928
5350.0 5350.0 -0.31211
5450.0 5350.0 -0.33197
5550.0 5350.0 -0.35781
5650.0 5350.0 -0.37708
5750.0 5350.0 -0.37879
5850.0 5350.0 -0.35558
5950.0 5350.0 -0.30478
6050.0 5350.0 -0.22856
6150.0 5350.0 -0.13308
6250.0 5350.0 -0.02663
6350.0 5350.0 0.08250
50.0 5450.0 0.70774
150.0 5450.0 0.71111
250.0 5450.0 0.73754
350.0 5450.0 0.78599
450.0 5450.0 0.84011
550.0 5450.0 0.87809
650.0 5450.0 0.88017
750.0 5450.0 0.83366
850.0 5450.0 0.73566
950.0 5450.0 0.59327
1050.0 5450.0 0.42146
1150.0 5450.0 0.23856
1250.0 5450.0 0.05924
1350.0 5450.0 -0.11509
1450.0 5450.0 -0.30381
1550.0 5450.0 -0.51080
1650.0 5450.0 -0.71336
1750.0 5450.0 -0.87860
1850.0 5450.0 -0.97661
1950.0 5450.0 -0.98942
2050.0 5450.0 -0.91579
2150.0 5450.0 -0.77175
2250.0 5450.0 -0.58706
2350.0 5450.0 -0.39733
2450.0 5450.0 -0.23209
2550.0 5450.0 -0.09859
2650.0 5450.0 0.01470
2750.0 5450.0 0.07066
2850.0 5450.0 0.04740
2950.0 5450.0 -0.04717
3050.0 5450.0 -0.18673
3150.0 5450.0 -0.33619
3250.0 5450.0 -0.45977
3350.0 5450.0 -0.52722
3450.0 5450.0 -0.51851
3550.0 5450.0 -0.42672
3650.0 5450.0 -0.25926
3750.0 5450.0 -0.03748
3850.0 5450.0 0.20562
3950.0 5450.0 0.43202
4050.0 5450.0 0.60582
4150.0 5450.0 0.69838
4250.0 5450.0 0.69394
4350.0 5450.0 0.59284
4450.0 5450.0 0.41210
4550.0 5450.0 0.18335
4650.0 5450.0 -0.05188
4750.0 5450.0 -0.24951
4850.0 5450.0 -0.37290
4950.0 5450.0 -0.40544
5050.0 5450.0 -0.36587
5150.0 5450.0 -0.31040
5250.0 5450.0 -0.26443
5350.0 5450.0 -0.23191
5450.0 5450.0 -0.21165
5550.0 5450.0 -0.19930
5650.0 5450.0 -0.18897
5750.0 5450.0 -0.17456
5850.0 5450.0 -0.15088
5950.0 5450.0 -0.11441
6050.0 5450.0 -0.06385
6150.0 5450.0 -0.00031
6250.0 5450.0 0.07267
6350.0 5450.0 0.14911
50.0 5550.0 0.68243
150.0 5550.0 0.70099
250.0 5550.0 0.73382
350.0 5550.0 0.77735
450.0 5550.0 0.81732
550.0 5550.0 0.83668
650.0 5550.0 0.82131
750.0 5550.0 0.76381
850.0 5550.0 0.66519
950.0 5550.0 0.53458
1050.0 5550.0 0.38682
1150.0 5550.0 0.23807
1250.0 5550.0 0.09939
1350.0 5550.0 -0.03198
1450.0 5550.0 -0.17646
1550.0 5550.0 -0.33991
1650.0 5550.0 -0.50545
1750.0 5550.0 -0.64682
1850.0 5550.0 -0.73910
1950.0 5550.0 -0.76614
2050.0 5550.0 -0.72464
2150.0 5550.0 -0.62500
2250.0 5550.0 -0.48883
2350.0 5550.0 -0.34318
2450.0 5550.0 -0.21148
2550.0 5550.0 -0.10117
2650.0 5550.0 -0.00766
2750.0 5550.0 0.03244
2850.0 5550.0 -0.00112
2950.0 5550.0 -0.10075
3050.0 5550.0 -0.24174
3150.0 5550.0 -0.39132
3250.0 5550.0 -0.51615
3350.0 5550.0 -0.58822
3450.0 5550.0 -0.58909
3550.0 5550.0 -0.51261
3650.0 5550.0 -0.36594
3750.0 5550.0 -0.16907
3850.0 5550.0 0.04736
3950.0 5550.0 0.24719
4050.0 5550.0 0.39743
4150.0 5550.0 0.47441
4250.0 5550.0 0.46725
4350.0 5550.0 0.37936
4450.0 5550.0 0.22810
4550.0 5550.0 0.04229
4650.0 5550.0 -0.14204
4750.0 5550.0 -0.28797
4850.0 5550.0 -0.36599
4950.0 5550.0 -0.36415
5050.0 5550.0 -0.30028
5150.0 5550.0 -0.22123
5250.0 5550.0 -0.14263
5350.0 5550.0 -0.06801
5450.0 5550.0 -0.00212
5550.0 5550.0 0.05101
5650.0 5550.0 0.08938
5750.0 5550.0 0.11371
5850.0 5550.0 0.12747
5950.0 5550.0 0.13631
6050.0 5550.0 0.14684
6150.0 5550.0 0.16479
6250.0 5550.0 0.19252
6350.0 5550.0 0.22583
50.0 5650.0 0.57189
150.0 5650.0 0.60830
250.0 5650.0 0.65068
350.0 5650.0 0.69346
450.0 5650.0 0.72495
550.0 5650.0 0.73303
650.0 5650.0 0.70920
750.0 5650.0 0.65098
850.0 5650.0 0.56272
950.0 5650.0 0.45479
1050.0 5650.0 0.34116
1150.0 5650.0 0.23530
1250.0 5650.0 0.14454
1350.0 5650.0 0.06272
1450.0 5650.0 -0.03064
1550.0 5650.0 -0.14340
1650.0 5650.0 -0.26531
1750.0 5650.0 -0.37778
1850.0 5650.0 -0.46177
1950.0 5650.0 -0.50335
2050.0 5650.0 -0.49706
2150.0 5650.0 -0.44696
2250.0 5650.0 -0.36546
2350.0 5650.0 -0.26981
2450.0 5650.0 -0.17640
2550.0 5650.0 -0.09274
2650.0 5650.0 -0.02206
2750.0 5650.0 -0.00055
2850.0 5650.0 -0.04667
2950.0 5650.0 -0.15325
3050.0 5650.0 -0.29737
3150.0 5650.0 -0.44877
3250.0 5650.0 -0.57680
3350.0 5650.0 -0.65581
3450.0 5650.0 -0.66906
3550.0 5650.0 -0.61117
3650.0 5650.0 -0.48898
3750.0 5650.0 -0.32098
3850.0 5650.0 -0.13526
3950.0 5650.0 0.03445
4050.0 5650.0 0.15915
4150.0 5650.0 0.22115
4250.0 5650.0 0.21509
4350.0 5650.0 0.14763
4450.0 5650.0 0.03595
4550.0 5650.0 -0.09486
4650.0 5650.0 -0.21567
4750.0 5650.0 -0.29829
4850.0 5650.0 -0.32164
4950.0 5650.0 -0.27910
5050.0 5650.0 -0.18703
5150.0 5650.0 -0.08103
5250.0 5650.0 0.03367
5350.0 5650.0 0.15332
5450.0 5650.0 0.26621
5550.0 5650.0 0.35900
5650.0 5650.0 0.42124
5750.0 5650.0 0.44830
5850.0 5650.0 0.44252
5950.0 5650.0 0.41280
6050.0 5650.0 0.37241
6150.0 5650.0 0.33516
6250.0 5650.0 0.30986
6350.0 5650.0 0.29348
50.0 5750.0 0.40145
150.0 5750.0 0.45653
250.0 5750.0 0.51006
350.0 5750.0 0.55493
450.0 5750.0 0.58220
550.0 5750.0 0.58457
650.0 5750.0 0.55879
750.0 5750.0 0.50679
850.0 5750.0 0.43568
950.0 5750.0 0.35651
1050.0 5750.0 0.28189
1150.0 5750.0 0.22240
1250.0 5750.0 0.18181
1350.0 5750.0 0.15122
1450.0 5750.0 0.11090
1550.0 5750.0 0.05130
1650.0 5750.0 -0.02410
1750.0 5750.0 -0.10467
1850.0 5750.0 -0.17760
1950.0 5750.0 -0.23151
2050.0 5750.0 -0.25895
2150.0 5750.0 -0.25773
2250.0 5750.0 -0.23093
2350.0 5750.0 -0.18581
2450.0 5750.0 -0.13144
2550.0 5750.0 -0.07522
2650.0 5750.0 -0.02810
2750.0 5750.0 -0.02548
2850.0 5750.0 -0.08392
2950.0 5750.0 -0.19661
3050.0 5750.0 -0.34256
3150.0 5750.0 -0.49424
3250.0 5750.0 -0.62391
3350.0 5750.0 -0.70854
3450.0 5750.0 -0.73331
3550.0 5750.0 -0.69373
3650.0 5750.0 -0.59633
3750.0 5750.0 -0.45799
3850.0 5750.0 -0.30399
3950.0 5750.0 -0.16541
4050.0 5750.0 -0.06717
4150.0 5750.0 -0.02077
4250.0 5750.0 -0.02585
4350.0 5750.0 -0.07243
4450.0 5750.0 -0.14342
4550.0 5750.0 -0.21763
4650.0 5750.0 -0.27302
4750.0 5750.0 -0.29038
4850.0 5750.0 -0.25735
4950.0 5750.0 -0.17280
5050.0 5750.0 -0.05161
5150.0 5750.0 0.08205
5250.0 5750.0 0.23287
5350.0 5750.0 0.39626
5450.0 5750.0 0.55327
5550.0 5750.0 0.68118
5650.0 5750.0 0.76135
5750.0 5750.0 0.78425
5850.0 5750.0 0.75180
5950.0 5750.0 0.67687
6050.0 5750.0 0.58003
6150.0 5750.0 0.48359
6250.0 5750.0 0.40279
6350.0 5750.0 0.33504
50.0 5850.0 0.20796
150.0 5850.0 0.28050
250.0 5850.0 0.34490
350.0 5850.0 0.39285
450.0 5850.0 0.41795
550.0 5850.0 0.41731
650.0 5850.0 0.39236
750.0 5850.0 0.34888
850.0 5850.0 0.29626
950.0 5850.0 0.24594
1050.0 5850.0 0.20912
1150.0 5850.0 0.19362
1250.0 5850.0 0.20002
1350.0 5850.0 0.21718
1450.0 5850.0 0.22659
1550.0 5850.0 0.21749
1650.0 5850.0 0.18724
1750.0 5850.0 0.13897
1850.0 5850.0 0.07951
1950.0 5850.0 0.01756
2050.0 5850.0 -0.03796
2150.0 5850.0 -0.07933
2250.0 5850.0 -0.10123
2350.0 5850.0 -0.10172
2450.0 5850.0 -0.08308
2550.0 5850.0 -0.05231
2650.0 5850.0 -0.02699
2750.0 5850.0 -0.04118
2850.0 5850.0 -0.10923
2950.0 5850.0 -0.22467
3050.0 5850.0 -0.36846
3150.0 5850.0 -0.51595
3250.0 5850.0 -0.64258
3350.0 5850.0 -0.72820
3450.0 5850.0 -0.76019
3550.0 5850.0 -0.73516
3650.0 5850.0 -0.65947
3750.0 5850.0 -0.54831
3850.0 5850.0 -0.42384
3950.0 5850.0 -0.31472
4050.0 5850.0 -0.24261
4150.0 5850.0 -0.21350
4250.0 5850.0 -0.22163
4350.0 5850.0 -0.25358
4450.0 5850.0 -0.29193
4550.0 5850.0 -0.31857
4650.0 5850.0 -0.31756
4750.0 5850.0 -0.27763
4850.0 5850.0 -0.19432
4950.0 5850.0 -0.07167
5050.0 5850.0 0.07647
5150.0 5850.0 0.23574
5250.0 5850.0 0.41927
5350.0 5850.0 0.62124
5450.0 5850.0 0.81586
5550.0 5850.0 0.97188
5650.0 5850.0 1.06343
5750.0 5850.0 1.07699
5850.0 5850.0 1.01459
5950.0 5850.0 0.89330
6050.0 5850.0 0.74085
6150.0 5850.0 0.58759
6250.0 5850.0 0.45451
6350.0 5850.0 0.33890
50.0 5950.0 0.03376
150.0 5950.0 0.12075
250.0 5950.0 0.19390
350.0 5950.0 0.24378
450.0 5950.0 0.26611
550.0 5950.0 0.26169
650.0 5950.0 0.23596
750.0 5950.0 0.19805
850.0 5950.0 0.15939
950.0 5950.0 0.13188
1050.0 5950.0 0.12563
1150.0 5950.0 0.14621
1250.0 5950.0 0.19147
1350.0 5950.0 0.24827
1450.0 5950.0 0.29934
1550.0 5950.0 0.33337
1650.0 5950.0 0.34282
1750.0 5950.0 0.32453
1850.0 5950.0 0.28011
1950.0 5950.0 0.21565
2050.0 5950.0 0.14090
2150.0 5950.0 0.06776
2250.0 5950.0 0.00820
2350.0 5950.0 -0.02842
2450.0 5950.0 -0.03864
2550.0 5950.0 -0.02886
2650.0 5950.0 -0.02144
2750.0 5950.0 -0.04825
2850.0 5950.0 -0.12125
2950.0 5950.0 -0.23413
3050.0 5950.0 -0.36977
3150.0 5950.0 -0.50650
3250.0 5950.0 -0.62310
3350.0 5950.0 -0.70258
3450.0 5950.0 -0.73480
3550.0 5950.0 -0.71777
3650.0 5950.0 -0.65782
3750.0 5950.0 -0.56848
3850.0 5950.0 -0.46853
3950.0 5950.0 -0.38473
4050.0 5950.0 -0.33722
4150.0 5950.0 -0.32785
4250.0 5950.0 -0.34625
4350.0 5950.0 -0.37552
4450.0 5950.0 -0.39708
4550.0 5950.0 -0.39431
4650.0 5950.0 -0.35535
4750.0 5950.0 -0.27473
4850.0 5950.0 -0.15409
4950.0 5950.0 -0.00181
5050.0 5950.0 0.16833
5150.0 5950.0 0.34877
5250.0 5950.0 0.55876
5350.0 5950.0 0.79115
5450.0 5950.0 1.01440
5550.0 5950.0 1.19037
5650.0 5950.0 1.28747
5750.0 5950.0 1.28923
5850.0 5950.0 1.19820
5950.0 5950.0 1.03530
6050.0 5950.0 0.83447
6150.0 5950.0 0.63278
6250.0 5950.0 0.45589
6350.0 5950.0 0.30056
50.0 6050.0 -0.08151
150.0 6050.0 0.01560
250.0 6050.0 0.09388
350.0 6050.0 0.14261
450.0 6050.0 0.15894
550.0 6050.0 0.14658
650.0 6050.0 0.11430
750.0 6050.0 0.07421
850.0 6050.0 0.03981
950.0 6050.0 0.02388
1050.0 6050.0 0.03613
1150.0 6050.0 0.08063
1250.0 6050.0 0.15304
1350.0 6050.0 0.23813
1450.0 6050.0 0.31937
1550.0 6050.0 0.38567
1650.0 6050.0 0.42617
1750.0 6050.0 0.43317
1850.0 6050.0 0.40422
1950.0 6050.0 0.34312
2050.0 6050.0 0.25967
2150.0 6050.0 0.16826
2250.0 6050.0 0.08521
2350.0 6050.0 0.02498
2450.0 6050.0 -0.00487
2550.0 6050.0 -0.00990
2650.0 6050.0 -0.01494
2750.0 6050.0 -0.04882
2850.0 6050.0 -0.12092
2950.0 6050.0 -0.22490
3050.0 6050.0 -0.34546
3150.0 6050.0 -0.46388
3250.0 6050.0 -0.56236
3350.0 6050.0 -0.62728
3450.0 6050.0 -0.65124
3550.0 6050.0 -0.63395
3650.0 6050.0 -0.58193
3750.0 6050.0 -0.50708
3850.0 6050.0 -0.42461
3950.0 6050.0 -0.36025
4050.0 6050.0 -0.33485
4150.0 6050.0 -0.34804
4250.0 6050.0 -0.38589
4350.0 6050.0 -0.42811
4450.0 6050.0 -0.45381
4550.0 6050.0 -0.44588
4650.0 6050.0 -0.39376
4750.0 6050.0 -0.29487
4850.0 6050.0 -0.15449
4950.0 6050.0 0.01578
5050.0 6050.0 0.20103
5150.0 6050.0 0.39651
5250.0 6050.0 0.62495
5350.0 6050.0 0.87801
5450.0 6050.0 1.12003
5550.0 6050.0 1.30803
5650.0 6050.0 1.40657
5750.0 6050.0 1.39730
5850.0 6050.0 1.28342
5950.0 6050.0 1.08881
6050.0 6050.0 0.85201
6150.0 6050.0 0.61497
6250.0 6050.0 0.40655
6350.0 6050.0 0.22290
50.0 6150.0 -0.11154
150.0 6150.0 -0.00911
250.0 6150.0 0.06989
350.0 6150.0 0.11310
450.0 6150.0 0.11838
550.0 6150.0 0.09153
650.0 6150.0 0.04410
750.0 6150.0 -0.00901
850.0 6150.0 -0.05194
950.0 6150.0 -0.07037
1050.0 6150.0 -0.05410
1150.0 6150.0 0.00031
1250.0 6150.0 0.08683
1350.0 6150.0 0.18774
1450.0 6150.0 0.28649
1550.0 6150.0 0.37279
1650.0 6150.0 0.43424
1750.0 6150.0 0.46044
1850.0 6150.0 0.44630
1950.0 6150.0 0.39372
2050.0 6150.0 0.31190
2150.0 6150.0 0.21595
2250.0 6150.0 0.12413
2350.0 6150.0 0.05346
2450.0 6150.0 0.01386
2550.0 6150.0 0.00075
2650.0 6150.0 -0.01083
2750.0 6150.0 -0.04591
2850.0 6150.0 -0.11114
2950.0 6150.0 -0.20000
3050.0 6150.0 -0.29881
3150.0 6150.0 -0.39170
3250.0 6150.0 -0.46431
3350.0 6150.0 -0.50648
3450.0 6150.0 -0.51375
3550.0 6150.0 -0.48774
3650.0 6150.0 -0.43540
3750.0 6150.0 -0.36712
3850.0 6150.0 -0.29444
3950.0 6150.0 -0.24303
4050.0 6150.0 -0.23678
4150.0 6150.0 -0.27520
4250.0 6150.0 -0.34198
4350.0 6150.0 -0.41350
4450.0 6150.0 -0.46552
4550.0 6150.0 -0.47819
4650.0 6150.0 -0.43939
4750.0 6150.0 -0.34624
4850.0 6150.0 -0.20505
4950.0 6150.0 -0.02938
5050.0 6150.0 0.16349
5150.0 6150.0 0.36736
5250.0 6150.0 0.60592
5350.0 6150.0 0.87005
5450.0 6150.0 1.12178
5550.0 6150.0 1.31546
5650.0 6150.0 1.41357
5750.0 6150.0 1.39685
5850.0 6150.0 1.26897
5950.0 6150.0 1.05561
6050.0 6150.0 0.79796
6150.0 6150.0 0.54070
6250.0 6150.0 0.31448
6350.0 6150.0 0.11499
50.0 6250.0 -0.05632
150.0 6250.0 0.04731
250.0 6250.0 0.12302
350.0 6250.0 0.15643
450.0 6250.0 0.14540
550.0 6250.0 0.09725
650.0 6250.0 0.02593
750.0 6250.0 -0.05085
850.0 6250.0 -0.11452
950.0 6250.0 -0.14851
1050.0 6250.0 -0.14129
1150.0 6250.0 -0.08926
1250.0 6250.0 0.00017
1350.0 6250.0 0.10633
1450.0 6250.0 0.21179
1550.0 6250.0 0.30747
1650.0 6250.0 0.38087
1750.0 6250.0 0.42054
1850.0 6250.0 0.41992
1950.0 6250.0 0.37949
2050.0 6250.0 0.30728
2150.0 6250.0 0.21776
2250.0 6250.0 0.12912
2350.0 6250.0 0.05884
2450.0 6250.0 0.01773
2550.0 6250.0 0.00222
2650.0 6250.0 -0.01092
2750.0 6250.0 -0.04232
2850.0 6250.0 -0.09591
2950.0 6250.0 -0.16481
3050.0 6250.0 -0.23681
3150.0 6250.0 -0.29873
3250.0 6250.0 -0.33959
3350.0 6250.0 -0.35269
3450.0 6250.0 -0.33664
3550.0 6250.0 -0.29514
3650.0 6250.0 -0.23571
3750.0 6250.0 -0.16734
3850.0 6250.0 -0.09794
3950.0 6250.0 -0.05391
4050.0 6250.0 -0.06419
4150.0 6250.0 -0.12983
4250.0 6250.0 -0.23321
4350.0 6250.0 -0.34746
4450.0 6250.0 -0.44407
4550.0 6250.0 -0.49871
4650.0 6250.0 -0.49522
4750.0 6250.0 -0.42785
4850.0 6250.0 -0.30168
4950.0 6250.0 -0.13117
5050.0 6250.0 0.06296
5150.0 6250.0 0.26965
5250.0 6250.0 0.51155
5350.0 6250.0 0.77932
5450.0 6250.0 1.03416
5550.0 6250.0 1.22957
5650.0 6250.0 1.32732
5750.0 6250.0 1.30789
5850.0 6250.0 1.17513
5950.0 6250.0 0.95532
6050.0 6250.0 0.69055
6150.0 6250.0 0.42646
6250.0 6250.0 0.19425
6350.0 6250.0 -0.01051
50.0 6350.0 0.04291
150.0 6350.0 0.14580
250.0 6350.0 0.21632
350.0 6350.0 0.23780
450.0 6350.0 0.20781
550.0 6350.0 0.13488
650.0 6350.0 0.03519
750.0 6350.0 -0.07072
850.0 6350.0 -0.16131
950.0 6350.0 -0.21744
1050.0 6350.0 -0.22577
1150.0 6350.0 -0.18220
1250.0 6350.0 -0.09533
1350.0 6350.0 0.01095
1450.0 6350.0 0.11786
1550.0 6350.0 0.21772
1650.0 6350.0 0.29858
1750.0 6350.0 0.34874
1850.0 6350.0 0.36075
1950.0 6350.0 0.33387
2050.0 6350.0 0.27477
2150.0 6350.0 0.19662
2250.0 6350.0 0.11660
2350.0 6350.0 0.05168
2450.0 6350.0 0.01283
2550.0 6350.0 -0.00250
2650.0 6350.0 -0.01493
2750.0 6350.0 -0.04050
2850.0 6350.0 -0.08036
2950.0 6350.0 -0.12722
3050.0 6350.0 -0.17024
3150.0 6350.0 -0.19885
3250.0 6350.0 -0.20538
3350.0 6350.0 -0.18662
3450.0 6350.0 -0.14425
3550.0 6350.0 -0.08412
3650.0 6350.0 -0.01446
3750.0 6350.0 0.05712
3850.0 6350.0 0.12632
3950.0 6350.0 0.16563
4050.0 6350.0 0.14024
4150.0 6350.0 0.04674
4250.0 6350.0 -0.09643
4350.0 6350.0 -0.25926
4450.0 6350.0 -0.40861
4550.0 6350.0 -0.51486
4650.0 6350.0 -0.55676
4750.0 6350.0 -0.52445
4850.0 6350.0 -0.42072
4950.0 6350.0 -0.26045
5050.0 6350.0 -0.06819
5150.0 6350.0 0.13851
5250.0 6350.0 0.38048
5350.0 6350.0 0.64837
5450.0 6350.0 0.90338
5550.0 6350.0 1.09896
5650.0 6350.0 1.19685
5750.0 6350.0 1.17751
5850.0 6350.0 1.04475
5950.0 6350.0 0.82487
6050.0 6350.0 0.55997
6150.0 6350.0 0.29569
6250.0 6350.0 0.06326
6350.0 6350.0 -0.14163
