50.0 50.0 0.00000
150.0 50.0 0.52623
250.0 50.0 0.54768
350.0 50.0 0.10211
450.0 50.0 -0.43936
550.0 50.0 -0.64885
650.0 50.0 -0.30959
750.0 50.0 0.33221
850.0 50.0 0.68984
950.0 50.0 0.53042
1050.0 50.0 0.03330
1150.0 50.0 -0.40841
1250.0 50.0 -0.43005
1350.0 50.0 0.01971
1450.0 50.0 0.46269
1550.0 50.0 0.46579
1650.0 50.0 0.07470
1750.0 50.0 -0.38673
1850.0 50.0 -0.55308
1950.0 50.0 -0.24764
2050.0 50.0 0.34408
2150.0 50.0 1.18982
2250.0 50.0 2.01334
2350.0 50.0 2.26228
2450.0 50.0 1.75334
2550.0 50.0 0.82171
2650.0 50.0 -0.05779
2750.0 50.0 -0.82928
2850.0 50.0 -1.28926
2950.0 50.0 -1.22130
3050.0 50.0 -0.71584
3150.0 50.0 -0.16163
3250.0 50.0 0.03254
3350.0 50.0 -0.03849
3450.0 50.0 0.15155
3550.0 50.0 0.59147
3650.0 50.0 0.94743
3750.0 50.0 0.94346
3850.0 50.0 0.54327
3950.0 50.0 -0.06705
4050.0 50.0 -0.74466
4150.0 50.0 -1.36764
4250.0 50.0 -1.59395
4350.0 50.0 -1.28059
4450.0 50.0 -0.65787
4550.0 50.0 -0.13531
4650.0 50.0 0.23519
4750.0 50.0 0.76993
4850.0 50.0 1.28475
4950.0 50.0 1.42772
5050.0 50.0 1.09146
5150.0 50.0 0.49353
5250.0 50.0 -0.07627
5350.0 50.0 -0.59541
5450.0 50.0 -0.93171
5550.0 50.0 -0.91721
5650.0 50.0 -0.58575
5750.0 50.0 -0.18965
5850.0 50.0 -0.00798
5950.0 50.0 0.02572
6050.0 50.0 0.20898
6150.0 50.0 0.48732
6250.0 50.0 0.65495
6350.0 50.0 0.58178
50.0 150.0 0.85064
150.0 150.0 1.34016
250.0 150.0 1.29179
350.0 150.0 0.73990
450.0 150.0 0.07651
550.0 150.0 -0.23945
650.0 150.0 0.02993
750.0 150.0 0.62107
850.0 150.0 0.84971
950.0 150.0 0.44363
1050.0 150.0 -0.35071
1150.0 150.0 -1.04112
1250.0 150.0 -1.19496
1350.0 150.0 -0.77196
1450.0 150.0 -0.29402
1550.0 150.0 -0.10668
1650.0 150.0 -0.17544
1750.0 150.0 -0.28393
1850.0 150.0 -0.19299
1950.0 150.0 0.20917
2050.0 150.0 0.80843
2150.0 150.0 1.68524
2250.0 150.0 2.58755
2350.0 150.0 2.94896
2450.0 150.0 2.55087
2550.0 150.0 1.69330
2650.0 150.0 0.84483
2750.0 150.0 0.06610
2850.0 150.0 -0.50211
2950.0 150.0 -0.63331
3050.0 150.0 -0.34520
3150.0 150.0 0.05747
3250.0 150.0 0.20742
3350.0 150.0 0.14908
3450.0 150.0 0.34182
3550.0 150.0 0.76730
3650.0 150.0 1.10073
3750.0 150.0 1.08021
3850.0 150.0 0.67982
3950.0 150.0 0.08435
4050.0 150.0 -0.55194
4150.0 150.0 -1.05831
4250.0 150.0 -1.10616
4350.0 150.0 -0.60898
4450.0 150.0 0.14352
4550.0 150.0 0.71730
4650.0 150.0 1.09085
4750.0 150.0 1.51982
4850.0 150.0 1.78002
4950.0 150.0 1.59910
5050.0 150.0 0.99229
5150.0 150.0 0.26686
5250.0 150.0 -0.30188
5350.0 150.0 -0.77214
5450.0 150.0 -0.98434
5550.0 150.0 -0.78767
5650.0 150.0 -0.27340
5750.0 150.0 0.24883
5850.0 150.0 0.47934
5950.0 150.0 0.52575
6050.0 150.0 0.71327
6150.0 150.0 0.97975
6250.0 150.0 1.12001
6350.0 150.0 1.01457
50.0 250.0 1.17873
150.0 250.0 1.56141
250.0 250.0 1.56163
350.0 250.0 1.17738
450.0 250.0 0.67202
550.0 250.0 0.38525
650.0 250.0 0.51734
750.0 250.0 0.88146
850.0 250.0 0.82167
950.0 250.0 0.09079
1050.0 250.0 -0.96763
1150.0 250.0 -1.80282
1250.0 250.0 -2.00476
1350.0 250.0 -1.60260
1450.0 250.0 -1.10916
1550.0 250.0 -0.75768
1650.0 250.0 -0.51549
1750.0 250.0 -0.26802
1850.0 250.0 0.09341
1950.0 250.0 0.60513
2050.0 250.0 1.21792
2150.0 250.0 2.09716
2250.0 250.0 3.01893
2350.0 250.0 3.44854
2450.0 250.0 3.16788
2550.0 250.0 2.44348
2650.0 250.0 1.71070
2750.0 250.0 1.00071
2850.0 250.0 0.35616
2950.0 250.0 0.01045
3050.0 250.0 0.04634
3150.0 250.0 0.28367
3250.0 250.0 0.42334
3350.0 250.0 0.43341
3450.0 250.0 0.59601
3550.0 250.0 0.84421
3650.0 250.0 0.92790
3750.0 250.0 0.70517
3850.0 250.0 0.24082
3950.0 250.0 -0.28951
4050.0 250.0 -0.80350
4150.0 250.0 -1.08771
4250.0 250.0 -0.83978
4350.0 250.0 -0.05252
4450.0 250.0 0.91006
4550.0 250.0 1.59077
4650.0 250.0 2.00890
4750.0 250.0 2.32040
4850.0 250.0 2.25346
4950.0 250.0 1.66548
5050.0 250.0 0.75042
5150.0 250.0 -0.06812
5250.0 250.0 -0.54948
5350.0 250.0 -0.88725
5450.0 250.0 -0.93255
5550.0 250.0 -0.56018
5650.0 250.0 0.10323
5750.0 250.0 0.73146
5850.0 250.0 1.03483
5950.0 250.0 1.14035
6050.0 250.0 1.33218
6150.0 250.0 1.49988
6250.0 250.0 1.45262
6350.0 250.0 1.14211
50.0 350.0 0.86190
150.0 350.0 1.07029
250.0 350.0 1.22309
350.0 350.0 1.25123
450.0 350.0 1.15300
550.0 350.0 1.01257
650.0 350.0 0.93995
750.0 350.0 0.91383
850.0 350.0 0.46899
950.0 350.0 -0.52499
1050.0 350.0 -1.63479
1150.0 350.0 -2.35398
1250.0 350.0 -2.43401
1350.0 350.0 -2.03037
1450.0 350.0 -1.56029
1550.0 350.0 -1.16151
1650.0 350.0 -0.78739
1750.0 350.0 -0.36345
1850.0 350.0 0.14934
1950.0 350.0 0.73429
2050.0 350.0 1.36300
2150.0 350.0 2.19676
2250.0 350.0 3.03085
2350.0 350.0 3.41914
2450.0 350.0 3.20200
2550.0 350.0 2.63364
2650.0 350.0 2.09056
2750.0 350.0 1.53186
2850.0 350.0 0.89047
2950.0 350.0 0.39915
3050.0 350.0 0.23906
3150.0 350.0 0.36126
3250.0 350.0 0.54499
3350.0 350.0 0.67893
3450.0 350.0 0.81306
3550.0 350.0 0.80804
3650.0 350.0 0.52881
3750.0 350.0 0.01701
3850.0 350.0 -0.52451
3950.0 350.0 -0.93491
4050.0 350.0 -1.27672
4150.0 350.0 -1.35079
4250.0 350.0 -0.88038
4350.0 350.0 0.10334
4450.0 350.0 1.21644
4550.0 350.0 2.01037
4650.0 350.0 2.51561
4750.0 350.0 2.75789
4850.0 350.0 2.43197
4950.0 350.0 1.53345
5050.0 350.0 0.42513
5150.0 350.0 -0.37586
5250.0 350.0 -0.67703
5350.0 350.0 -0.82207
5450.0 350.0 -0.73384
5550.0 350.0 -0.31110
5650.0 350.0 0.34588
5750.0 350.0 0.97612
5850.0 350.0 1.34709
5950.0 350.0 1.55794
6050.0 350.0 1.78976
6150.0 350.0 1.85650
6250.0 350.0 1.57147
6350.0 350.0 0.97858
50.0 450.0 0.19040
150.0 450.0 0.20712
250.0 450.0 0.52620
350.0 450.0 1.00501
450.0 450.0 1.35145
550.0 450.0 1.36992
650.0 450.0 1.07179
750.0 450.0 0.62182
850.0 450.0 -0.15788
950.0 450.0 -1.21788
1050.0 450.0 -2.08485
1150.0 450.0 -2.40792
1250.0 450.0 -2.20427
1350.0 450.0 -1.77136
1450.0 450.0 -1.36134
1550.0 450.0 -1.07446
1650.0 450.0 -0.83707
1750.0 450.0 -0.52437
1850.0 450.0 -0.06541
1950.0 450.0 0.51894
2050.0 450.0 1.15975
2150.0 450.0 1.90874
2250.0 450.0 2.56119
2350.0 450.0 2.79133
2450.0 450.0 2.54411
2550.0 450.0 2.09268
2650.0 450.0 1.74859
2750.0 450.0 1.37495
2850.0 450.0 0.82186
2950.0 450.0 0.31345
3050.0 450.0 0.09072
3150.0 450.0 0.19475
3250.0 450.0 0.46529
3350.0 450.0 0.73989
3450.0 450.0 0.89000
3550.0 450.0 0.71901
3650.0 450.0 0.18708
3750.0 450.0 -0.51478
3850.0 450.0 -1.07319
3950.0 450.0 -1.34103
4050.0 450.0 -1.53488
4150.0 450.0 -1.55219
4250.0 450.0 -1.12462
4350.0 450.0 -0.22780
4450.0 450.0 0.83941
4550.0 450.0 1.68562
4650.0 450.0 2.29236
4750.0 450.0 2.55661
4850.0 450.0 2.17182
4950.0 450.0 1.22130
5050.0 450.0 0.14960
5150.0 450.0 -0.50263
5250.0 450.0 -0.58670
5350.0 450.0 -0.55017
5450.0 450.0 -0.43573
5550.0 450.0 -0.15254
5650.0 450.0 0.29475
5750.0 450.0 0.78822
5850.0 450.0 1.18789
5950.0 450.0 1.51807
6050.0 450.0 1.84623
6150.0 450.0 1.91921
6250.0 450.0 1.52089
6350.0 450.0 0.74338
50.0 550.0 -0.31115
150.0 550.0 -0.44274
250.0 550.0 -0.04122
350.0 550.0 0.69870
450.0 550.0 1.29504
550.0 550.0 1.37422
650.0 550.0 0.88945
750.0 550.0 0.13155
850.0 550.0 -0.82338
950.0 550.0 -1.75387
1050.0 550.0 -2.20396
1150.0 550.0 -2.02214
1250.0 550.0 -1.49095
1350.0 550.0 -1.01453
1450.0 550.0 -0.67422
1550.0 550.0 -0.59173
1650.0 550.0 -0.66485
1750.0 550.0 -0.66146
1850.0 550.0 -0.40628
1950.0 550.0 0.11713
2050.0 550.0 0.76274
2150.0 550.0 1.42276
2250.0 550.0 1.87635
2350.0 550.0 1.90373
2450.0 550.0 1.55757
2550.0 550.0 1.14997
2650.0 550.0 0.94454
2750.0 550.0 0.71917
2850.0 550.0 0.28719
2950.0 550.0 -0.13882
3050.0 550.0 -0.30606
3150.0 550.0 -0.14338
3250.0 550.0 0.21633
3350.0 550.0 0.59916
3450.0 550.0 0.82133
3550.0 550.0 0.67186
3650.0 550.0 0.14101
3750.0 550.0 -0.53747
3850.0 550.0 -1.02159
3950.0 550.0 -1.17106
4050.0 550.0 -1.29715
4150.0 550.0 -1.44508
4250.0 550.0 -1.33313
4350.0 550.0 -0.79958
4450.0 550.0 0.02495
4550.0 550.0 0.83817
4650.0 550.0 1.52351
4750.0 550.0 1.88097
4850.0 550.0 1.63049
4950.0 550.0 0.86926
5050.0 550.0 0.02022
5150.0 550.0 -0.42107
5250.0 550.0 -0.33090
5350.0 550.0 -0.18614
5450.0 550.0 -0.15219
5550.0 550.0 -0.13262
5650.0 550.0 -0.00678
5750.0 550.0 0.27135
5850.0 550.0 0.65437
5950.0 550.0 1.07689
6050.0 550.0 1.53966
6150.0 550.0 1.76020
6250.0 550.0 1.45930
6350.0 550.0 0.69964
50.0 650.0 -0.22838
150.0 650.0 -0.43178
250.0 650.0 -0.07598
350.0 650.0 0.62810
450.0 650.0 1.17101
550.0 650.0 1.16427
650.0 650.0 0.56665
750.0 650.0 -0.30747
850.0 650.0 -1.26941
950.0 650.0 -1.99894
1050.0 650.0 -2.08653
1150.0 650.0 -1.52936
1250.0 650.0 -0.77135
1350.0 650.0 -0.25953
1450.0 650.0 0.03430
1550.0 650.0 -0.05585
1650.0 650.0 -0.41013
1750.0 650.0 -0.70099
1850.0 650.0 -0.65068
1950.0 650.0 -0.19733
2050.0 650.0 0.44690
2150.0 650.0 1.05124
2250.0 650.0 1.37571
2350.0 650.0 1.25537
2450.0 650.0 0.80917
2550.0 650.0 0.38433
2650.0 650.0 0.22597
2750.0 650.0 0.06503
2850.0 650.0 -0.28553
2950.0 650.0 -0.62085
3050.0 650.0 -0.70360
3150.0 650.0 -0.47361
3250.0 650.0 -0.06393
3350.0 650.0 0.36618
3450.0 650.0 0.69287
3550.0 650.0 0.73444
3650.0 650.0 0.44187
3750.0 650.0 -0.01997
3850.0 650.0 -0.36507
3950.0 650.0 -0.45168
4050.0 650.0 -0.59552
4150.0 650.0 -0.97778
4250.0 650.0 -1.29066
4350.0 650.0 -1.21657
4450.0 650.0 -0.70853
4550.0 650.0 0.01571
4650.0 650.0 0.73408
4750.0 650.0 1.19153
4850.0 650.0 1.14056
4950.0 650.0 0.64156
5050.0 650.0 0.04108
5150.0 650.0 -0.23460
5250.0 650.0 -0.06533
5350.0 650.0 0.09849
5450.0 650.0 0.01277
5550.0 650.0 -0.21222
5650.0 650.0 -0.35871
5750.0 650.0 -0.26542
5850.0 650.0 0.07760
5950.0 650.0 0.54168
6050.0 650.0 1.13540
6150.0 650.0 1.59012
6250.0 650.0 1.55089
6350.0 650.0 0.98860
50.0 750.0 0.25007
150.0 750.0 0.02045
250.0 750.0 0.26236
350.0 750.0 0.76968
450.0 750.0 1.09636
550.0 750.0 0.92913
650.0 750.0 0.26650
750.0 750.0 -0.61253
850.0 750.0 -1.51049
950.0 750.0 -2.06666
1050.0 750.0 -1.91583
1150.0 750.0 -1.14065
1250.0 750.0 -0.25854
1350.0 750.0 0.27812
1450.0 750.0 0.55358
1550.0 750.0 0.36658
1650.0 750.0 -0.15894
1750.0 750.0 -0.63988
1850.0 750.0 -0.73124
1950.0 750.0 -0.33492
2050.0 750.0 0.29912
2150.0 750.0 0.86958
2250.0 750.0 1.12329
2350.0 750.0 0.91628
2450.0 750.0 0.39840
2550.0 750.0 -0.06170
2650.0 750.0 -0.22265
2750.0 750.0 -0.37360
2850.0 750.0 -0.69307
2950.0 750.0 -0.97925
3050.0 750.0 -1.01051
3150.0 750.0 -0.74372
3250.0 750.0 -0.31955
3350.0 750.0 0.12122
3450.0 750.0 0.56076
3550.0 750.0 0.86542
3650.0 750.0 0.91230
3750.0 750.0 0.74457
3850.0 750.0 0.55429
3950.0 750.0 0.49053
4050.0 750.0 0.28706
4150.0 750.0 -0.34087
4250.0 750.0 -1.05823
4350.0 750.0 -1.41094
4450.0 750.0 -1.20210
4550.0 750.0 -0.58224
4650.0 750.0 0.13618
4750.0 750.0 0.66817
4850.0 750.0 0.79603
4950.0 750.0 0.53168
5050.0 750.0 0.13826
5150.0 750.0 -0.02493
5250.0 750.0 0.16654
5350.0 750.0 0.30674
5450.0 750.0 0.10698
5550.0 750.0 -0.30766
5650.0 750.0 -0.65323
5750.0 750.0 -0.69647
5850.0 750.0 -0.39631
5950.0 750.0 0.07964
6050.0 750.0 0.78609
6150.0 750.0 1.48885
6250.0 750.0 1.76191
6350.0 750.0 1.46519
50.0 850.0 0.43682
150.0 850.0 0.18103
250.0 850.0 0.36923
350.0 850.0 0.80221
450.0 850.0 1.05703
550.0 850.0 0.84129
650.0 850.0 0.15960
750.0 850.0 -0.72317
850.0 850.0 -1.61220
950.0 850.0 -2.12544
1050.0 850.0 -1.89162
1150.0 850.0 -1.01268
1250.0 850.0 -0.04024
1350.0 850.0 0.55450
1450.0 850.0 0.89751
1550.0 850.0 0.81748
1650.0 850.0 0.37458
1750.0 850.0 -0.11061
1850.0 850.0 -0.29504
1950.0 850.0 -0.02751
2050.0 850.0 0.48037
2150.0 850.0 0.89531
2250.0 850.0 0.98762
2350.0 850.0 0.67353
2450.0 850.0 0.12813
2550.0 850.0 -0.30897
2650.0 850.0 -0.44498
2750.0 850.0 -0.58667
2850.0 850.0 -0.93868
2950.0 850.0 -1.29862
3050.0 850.0 -1.41669
3150.0 850.0 -1.21312
3250.0 850.0 -0.80734
3350.0 850.0 -0.34738
3450.0 850.0 0.26182
3550.0 850.0 0.93128
3650.0 850.0 1.40848
3750.0 850.0 1.56679
3850.0 850.0 1.49534
3950.0 850.0 1.38056
4050.0 850.0 1.05813
4150.0 850.0 0.18671
4250.0 850.0 -0.88269
4350.0 850.0 -1.60579
4450.0 850.0 -1.68413
4550.0 850.0 -1.22073
4650.0 850.0 -0.58490
4750.0 850.0 -0.03553
4850.0 850.0 0.29249
4950.0 850.0 0.38023
5050.0 850.0 0.36314
5150.0 850.0 0.45243
5250.0 850.0 0.73646
5350.0 850.0 0.88071
5450.0 850.0 0.50738
5550.0 850.0 -0.23884
5650.0 850.0 -0.94879
5750.0 850.0 -1.24264
5850.0 850.0 -1.00790
5950.0 850.0 -0.49913
6050.0 850.0 0.31084
6150.0 850.0 1.22370
6250.0 850.0 1.77615
6350.0 850.0 1.74697
50.0 950.0 0.15163
150.0 950.0 -0.13561
250.0 950.0 0.09316
350.0 950.0 0.64789
450.0 950.0 1.06116
550.0 950.0 0.97217
650.0 950.0 0.33747
750.0 950.0 -0.55615
850.0 950.0 -1.52989
950.0 950.0 -2.20617
1050.0 950.0 -2.12697
1150.0 950.0 -1.31289
1250.0 950.0 -0.29434
1350.0 950.0 0.41376
1450.0 950.0 0.95486
1550.0 950.0 1.27438
1650.0 950.0 1.26185
1750.0 950.0 1.00552
1850.0 950.0 0.75826
1950.0 950.0 0.76334
2050.0 950.0 0.95798
2150.0 950.0 1.03822
2250.0 950.0 0.86661
2350.0 950.0 0.47266
2450.0 950.0 0.02693
2550.0 950.0 -0.25958
2650.0 950.0 -0.31654
2750.0 950.0 -0.43716
2850.0 950.0 -0.88223
2950.0 950.0 -1.44687
3050.0 950.0 -1.80392
3150.0 950.0 -1.77404
3250.0 950.0 -1.41964
3350.0 950.0 -0.92679
3450.0 950.0 -0.10819
3550.0 950.0 0.96246
3650.0 950.0 1.84936
3750.0 950.0 2.23951
3850.0 950.0 2.15269
3950.0 950.0 1.85811
4050.0 950.0 1.34560
4150.0 950.0 0.32757
4250.0 950.0 -0.85779
4350.0 950.0 -1.70148
4450.0 950.0 -1.93666
4550.0 950.0 -1.67483
4650.0 950.0 -1.25662
4750.0 950.0 -0.83711
4850.0 950.0 -0.40248
4950.0 950.0 0.06394
5050.0 950.0 0.55815
5150.0 950.0 1.05700
5250.0 950.0 1.54141
5350.0 950.0 1.76188
5450.0 950.0 1.21315
5550.0 950.0 0.05463
5650.0 950.0 -1.13371
5750.0 950.0 -1.75738
5850.0 950.0 -1.58846
5950.0 950.0 -1.01347
6050.0 950.0 -0.15635
6150.0 950.0 0.80809
6250.0 950.0 1.46157
6350.0 950.0 1.59504
50.0 1050.0 -0.34864
150.0 1050.0 -0.67278
250.0 1050.0 -0.36262
350.0 1050.0 0.40282
450.0 1050.0 1.08071
550.0 1050.0 1.19991
650.0 1050.0 0.64283
750.0 1050.0 -0.26594
850.0 1050.0 -1.37674
950.0 1050.0 -2.33096
1050.0 1050.0 -2.53864
1150.0 1050.0 -1.88286
1250.0 1050.0 -0.84211
1350.0 1050.0 0.01082
1450.0 1050.0 0.81466
1550.0 1050.0 1.65541
1650.0 1050.0 2.19460
1750.0 1050.0 2.21733
1850.0 1050.0 1.86542
1950.0 1050.0 1.51071
2050.0 1050.0 1.28721
2150.0 1050.0 0.96076
2250.0 1050.0 0.53929
2350.0 1050.0 0.17611
2450.0 1050.0 -0.01362
2550.0 1050.0 -0.03139
2650.0 1050.0 0.02925
2750.0 1050.0 -0.05151
2850.0 1050.0 -0.56959
2950.0 1050.0 -1.32166
3050.0 1050.0 -1.90616
3150.0 1050.0 -2.04319
3250.0 1050.0 -1.73426
3350.0 1050.0 -1.20525
3450.0 1050.0 -0.22992
3550.0 1050.0 1.08416
3650.0 1050.0 2.13701
3750.0 1050.0 2.50304
3850.0 1050.0 2.21693
3950.0 1050.0 1.65242
4050.0 1050.0 0.94157
4150.0 1050.0 -0.03286
4250.0 1050.0 -0.97719
4350.0 1050.0 -1.56468
4450.0 1050.0 -1.71863
4550.0 1050.0 -1.62785
4650.0 1050.0 -1.50869
4750.0 1050.0 -1.38475
4850.0 1050.0 -1.08606
4950.0 1050.0 -0.46889
5050.0 1050.0 0.40380
5150.0 1050.0 1.29224
5250.0 1050.0 2.02194
5350.0 1050.0 2.39408
5450.0 1050.0 1.80736
5550.0 1050.0 0.41490
5650.0 1050.0 -1.08342
5750.0 1050.0 -1.92195
5850.0 1050.0 -1.76670
5950.0 1050.0 -1.11097
6050.0 1050.0 -0.30094
6150.0 1050.0 0.48605
6250.0 1050.0 0.96374
6350.0 1050.0 1.05124
50.0 1150.0 -0.67105
150.0 1150.0 -1.03428
250.0 1150.0 -0.68119
350.0 1150.0 0.22051
450.0 1150.0 1.07787
550.0 1150.0 1.34141
650.0 1150.0 0.83775
750.0 1150.0 -0.08494
850.0 1150.0 -1.31072
950.0 1150.0 -2.49402
1050.0 1150.0 -2.93181
1150.0 1150.0 -2.39346
1250.0 1150.0 -1.31900
1350.0 1150.0 -0.33346
1450.0 1150.0 0.69098
1550.0 1150.0 1.92679
1650.0 1150.0 2.83594
1750.0 1150.0 2.97333
1850.0 1150.0 2.42938
1950.0 1150.0 1.71549
2050.0 1150.0 1.11751
2150.0 1150.0 0.46512
2250.0 1150.0 -0.08455
2350.0 1150.0 -0.29302
2450.0 1150.0 -0.14032
2550.0 1150.0 0.14460
2650.0 1150.0 0.32142
2750.0 1150.0 0.29438
2850.0 1150.0 -0.20885
2950.0 1150.0 -0.99384
3050.0 1150.0 -1.63793
3150.0 1150.0 -1.82220
3250.0 1150.0 -1.51770
3350.0 1150.0 -0.96177
3450.0 1150.0 0.05863
3550.0 1150.0 1.36419
3650.0 1150.0 2.27057
3750.0 1150.0 2.35690
3850.0 1150.0 1.75437
3950.0 1150.0 0.92547
4050.0 1150.0 0.07610
4150.0 1150.0 -0.69168
4250.0 1150.0 -1.14320
4350.0 1150.0 -1.20933
4450.0 1150.0 -1.08707
4550.0 1150.0 -1.08053
4650.0 1150.0 -1.23672
4750.0 1150.0 -1.48758
4850.0 1150.0 -1.56273
4950.0 1150.0 -1.13282
5050.0 1150.0 -0.19804
5150.0 1150.0 0.89574
5250.0 1150.0 1.82433
5350.0 1150.0 2.37905
5450.0 1150.0 1.94394
5550.0 1150.0 0.64191
5650.0 1150.0 -0.82234
5750.0 1150.0 -1.63946
5850.0 1150.0 -1.42627
5950.0 1150.0 -0.70336
6050.0 1150.0 -0.01284
6150.0 1150.0 0.44221
6250.0 1150.0 0.54421
6350.0 1150.0 0.40553
50.0 1250.0 -0.53598
150.0 1250.0 -0.93560
250.0 1250.0 -0.63269
350.0 1250.0 0.21488
450.0 1250.0 1.02942
550.0 1250.0 1.26867
650.0 1250.0 0.75481
750.0 1250.0 -0.17576
850.0 1250.0 -1.43344
950.0 1250.0 -2.66291
1050.0 1250.0 -3.11951
1150.0 1250.0 -2.54834
1250.0 1250.0 -1.40030
1350.0 1250.0 -0.33074
1450.0 1250.0 0.79188
1550.0 1250.0 2.12986
1650.0 1250.0 3.04237
1750.0 1250.0 3.02393
1850.0 1250.0 2.21442
1950.0 1250.0 1.24193
2050.0 1250.0 0.43520
2150.0 1250.0 -0.36174
2250.0 1250.0 -0.89193
2350.0 1250.0 -0.89396
2450.0 1250.0 -0.44395
2550.0 1250.0 0.06770
2650.0 1250.0 0.31928
2750.0 1250.0 0.34520
2850.0 1250.0 -0.04668
2950.0 1250.0 -0.67648
3050.0 1250.0 -1.16835
3150.0 1250.0 -1.24737
3250.0 1250.0 -0.89866
3350.0 1250.0 -0.33146
3450.0 1250.0 0.63920
3550.0 1250.0 1.76237
3650.0 1250.0 2.35595
3750.0 1250.0 2.08452
3850.0 1250.0 1.19808
3950.0 1250.0 0.20460
4050.0 1250.0 -0.69513
4150.0 1250.0 -1.23406
4250.0 1250.0 -1.22334
4350.0 1250.0 -0.80119
4450.0 1250.0 -0.38704
4550.0 1250.0 -0.38039
4650.0 1250.0 -0.69685
4750.0 1250.0 -1.25816
4850.0 1250.0 -1.77542
4950.0 1250.0 -1.74939
5050.0 1250.0 -1.03786
5150.0 1250.0 0.03622
5250.0 1250.0 1.05584
5350.0 1250.0 1.75699
5450.0 1250.0 1.58520
5550.0 1250.0 0.62289
5650.0 1250.0 -0.52158
5750.0 1250.0 -1.12042
5850.0 1250.0 -0.80733
5950.0 1250.0 -0.05016
6050.0 1250.0 0.52098
6150.0 1250.0 0.67313
6250.0 1250.0 0.41691
6350.0 1250.0 0.02584
50.0 1350.0 0.02284
150.0 1350.0 -0.40821
250.0 1350.0 -0.23999
350.0 1350.0 0.37742
450.0 1350.0 0.94225
550.0 1350.0 0.99972
650.0 1350.0 0.41633
750.0 1350.0 -0.51567
850.0 1350.0 -1.72048
950.0 1350.0 -2.80971
1050.0 1350.0 -3.07009
1150.0 1350.0 -2.31354
1250.0 1350.0 -1.05197
1350.0 1350.0 0.05154
1450.0 1350.0 1.15478
1550.0 1350.0 2.33304
1650.0 1350.0 2.93926
1750.0 1350.0 2.55961
1850.0 1350.0 1.46126
1950.0 1350.0 0.35274
2050.0 1350.0 -0.49338
2150.0 1350.0 -1.27467
2250.0 1350.0 -1.69757
2350.0 1350.0 -1.52448
2450.0 1350.0 -0.89825
2550.0 1350.0 -0.27860
2650.0 1350.0 -0.00182
2750.0 1350.0 0.06550
2850.0 1350.0 -0.16402
2950.0 1350.0 -0.52643
3050.0 1350.0 -0.73511
3150.0 1350.0 -0.61369
3250.0 1350.0 -0.19260
3350.0 1350.0 0.37377
3450.0 1350.0 1.26395
3550.0 1350.0 2.18425
3650.0 1350.0 2.49994
3750.0 1350.0 1.97022
3850.0 1350.0 0.92897
3950.0 1350.0 -0.11128
4050.0 1350.0 -0.99916
4150.0 1350.0 -1.40647
4250.0 1350.0 -1.16291
4350.0 1350.0 -0.49518
4450.0 1350.0 0.08134
4550.0 1350.0 0.12503
4650.0 1350.0 -0.22906
4750.0 1350.0 -0.96173
4850.0 1350.0 -1.82311
4950.0 1350.0 -2.20804
5050.0 1350.0 -1.82737
5150.0 1350.0 -0.90764
5250.0 1350.0 0.10649
5350.0 1350.0 0.88631
5450.0 1350.0 0.96982
5550.0 1350.0 0.40465
5650.0 1350.0 -0.33307
5750.0 1350.0 -0.65308
5850.0 1350.0 -0.24339
5950.0 1350.0 0.51807
6050.0 1350.0 1.02526
6150.0 1350.0 1.02780
6250.0 1350.0 0.58720
6350.0 1350.0 0.04915
50.0 1450.0 0.64011
150.0 1450.0 0.20187
250.0 1450.0 0.21519
350.0 1450.0 0.53104
450.0 1450.0 0.75042
550.0 1450.0 0.54885
650.0 1450.0 -0.13201
750.0 1450.0 -1.05787
850.0 1450.0 -2.16686
950.0 1450.0 -3.03129
1050.0 1450.0 -3.00580
1150.0 1450.0 -2.00884
1250.0 1450.0 -0.63004
1350.0 1450.0 0.47475
1450.0 1450.0 1.50520
1550.0 1450.0 2.43671
1650.0 1450.0 2.65765
1750.0 1450.0 1.89199
1850.0 1450.0 0.54247
1950.0 1450.0 -0.63254
2050.0 1450.0 -1.44654
2150.0 1450.0 -2.14011
2250.0 1450.0 -2.40375
2350.0 1450.0 -2.04474
2450.0 1450.0 -1.26740
2550.0 1450.0 -0.57057
2650.0 1450.0 -0.27971
2750.0 1450.0 -0.18025
2850.0 1450.0 -0.27250
2950.0 1450.0 -0.40512
3050.0 1450.0 -0.36841
3150.0 1450.0 -0.07228
3250.0 1450.0 0.41205
3350.0 1450.0 0.97520
3450.0 1450.0 1.77077
3550.0 1450.0 2.48094
3650.0 1450.0 2.54942
3750.0 1450.0 1.83650
3850.0 1450.0 0.73604
3950.0 1450.0 -0.26294
4050.0 1450.0 -1.06999
4150.0 1450.0 -1.33596
4250.0 1450.0 -0.91924
4350.0 1450.0 -0.10120
4450.0 1450.0 0.56452
4550.0 1450.0 0.63649
4650.0 1450.0 0.27784
4750.0 1450.0 -0.56859
4850.0 1450.0 -1.70575
4950.0 1450.0 -2.45869
5050.0 1450.0 -2.41058
5150.0 1450.0 -1.68077
5250.0 1450.0 -0.71607
5350.0 1450.0 0.09699
5450.0 1450.0 0.39068
5550.0 1450.0 0.18847
5650.0 1450.0 -0.16059
5750.0 1450.0 -0.20969
5850.0 1450.0 0.28701
5950.0 1450.0 1.04083
6050.0 1450.0 1.49024
6150.0 1450.0 1.37123
6250.0 1450.0 0.78070
6350.0 1450.0 0.11731
50.0 1550.0 1.02867
150.0 1550.0 0.67959
250.0 1550.0 0.58112
350.0 1550.0 0.55955
450.0 1550.0 0.34050
550.0 1550.0 -0.21007
650.0 1550.0 -1.01747
750.0 1550.0 -1.91435
850.0 1550.0 -2.86280
950.0 1550.0 -3.40565
1050.0 1550.0 -3.02414
1150.0 1550.0 -1.78505
1250.0 1550.0 -0.35120
1350.0 1550.0 0.66676
1450.0 1550.0 1.52905
1550.0 1550.0 2.13553
1650.0 1550.0 1.98263
1750.0 1550.0 0.96131
1850.0 1550.0 -0.44271
1950.0 1550.0 -1.51406
2050.0 1550.0 -2.17129
2150.0 1550.0 -2.65491
2250.0 1550.0 -2.66929
2350.0 1550.0 -2.09765
2450.0 1550.0 -1.19647
2550.0 1550.0 -0.45683
2650.0 1550.0 -0.15492
2750.0 1550.0 -0.04481
2850.0 1550.0 -0.12148
2950.0 1550.0 -0.23415
3050.0 1550.0 -0.17671
3150.0 1550.0 0.13685
3250.0 1550.0 0.63338
3350.0 1550.0 1.19340
3450.0 1550.0 1.84726
3550.0 1550.0 2.28970
3650.0 1550.0 2.13460
3750.0 1550.0 1.38211
3850.0 1550.0 0.44333
3950.0 1550.0 -0.28808
4050.0 1550.0 -0.80379
4150.0 1550.0 -0.79277
4250.0 1550.0 -0.20482
4350.0 1550.0 0.64024
4450.0 1550.0 1.25014
4550.0 1550.0 1.29279
4650.0 1550.0 0.94935
4750.0 1550.0 0.08259
4850.0 1550.0 -1.16768
4950.0 1550.0 -2.13520
5050.0 1550.0 -2.34661
5150.0 1550.0 -1.83229
5250.0 1550.0 -1.00115
5350.0 1550.0 -0.26366
5450.0 1550.0 0.09447
5550.0 1550.0 0.10552
5650.0 1550.0 0.03207
5750.0 1550.0 0.19232
5850.0 1550.0 0.74931
5950.0 1550.0 1.47586
6050.0 1550.0 1.83999
6150.0 1550.0 1.56639
6250.0 1550.0 0.79748
6350.0 1550.0 -0.00820
50.0 1650.0 1.00381
150.0 1650.0 0.85122
250.0 1650.0 0.78003
350.0 1650.0 0.56366
450.0 1650.0 0.01409
550.0 1650.0 -0.82618
650.0 1650.0 -1.73272
750.0 1650.0 -2.57994
850.0 1650.0 -3.35719
950.0 1650.0 -3.61247
1050.0 1650.0 -2.97498
1150.0 1650.0 -1.63936
1250.0 1650.0 -0.28904
1350.0 1650.0 0.54682
1450.0 1650.0 1.17116
1550.0 1650.0 1.46224
1650.0 1650.0 1.08485
1750.0 1650.0 0.07692
1850.0 1650.0 -1.09411
1950.0 1650.0 -1.86702
2050.0 1650.0 -2.25527
2150.0 1650.0 -2.46229
2250.0 1650.0 -2.25455
2350.0 1650.0 -1.59009
2450.0 1650.0 -0.71751
2550.0 1650.0 -0.03590
2650.0 1650.0 0.26231
2750.0 1650.0 0.36212
2850.0 1650.0 0.18401
2950.0 1650.0 -0.11027
3050.0 1650.0 -0.24790
3150.0 1650.0 -0.06806
3250.0 1650.0 0.39137
3350.0 1650.0 0.94917
3450.0 1650.0 1.43156
3550.0 1650.0 1.58487
3650.0 1650.0 1.26805
3750.0 1650.0 0.64187
3850.0 1650.0 0.08450
3950.0 1650.0 -0.17047
4050.0 1650.0 -0.21793
4150.0 1650.0 0.13178
4250.0 1650.0 0.78729
4350.0 1650.0 1.43988
4450.0 1650.0 1.78711
4550.0 1650.0 1.72248
4650.0 1650.0 1.41535
4750.0 1650.0 0.66085
4850.0 1650.0 -0.44504
4950.0 1650.0 -1.34720
5050.0 1650.0 -1.63083
5150.0 1650.0 -1.29239
5250.0 1650.0 -0.66202
5350.0 1650.0 -0.11469
5450.0 1650.0 0.11296
5550.0 1650.0 0.10020
5650.0 1650.0 0.09463
5750.0 1650.0 0.33629
5850.0 1650.0 0.90569
5950.0 1650.0 1.58980
6050.0 1650.0 1.87974
6150.0 1650.0 1.50220
6250.0 1650.0 0.63090
6350.0 1650.0 -0.24602
50.0 1750.0 0.61696
150.0 1750.0 0.70903
250.0 1750.0 0.82876
350.0 1750.0 0.68470
450.0 1750.0 0.08823
550.0 1750.0 -0.83773
650.0 1750.0 -1.76461
750.0 1750.0 -2.55818
850.0 1750.0 -3.22776
950.0 1750.0 -3.36849
1050.0 1750.0 -2.71809
1150.0 1750.0 -1.51532
1250.0 1750.0 -0.38782
1350.0 1750.0 0.22635
1450.0 1750.0 0.62198
1550.0 1750.0 0.70967
1650.0 1750.0 0.32674
1750.0 1750.0 -0.40926
1850.0 1750.0 -1.14221
1950.0 1750.0 -1.52346
2050.0 1750.0 -1.62201
2150.0 1750.0 -1.59978
2250.0 1750.0 -1.32385
2350.0 1750.0 -0.78670
2450.0 1750.0 -0.14686
2550.0 1750.0 0.36189
2650.0 1750.0 0.63715
2750.0 1750.0 0.72058
2850.0 1750.0 0.40910
2950.0 1750.0 -0.12143
3050.0 1750.0 -0.51260
3150.0 1750.0 -0.50760
3250.0 1750.0 -0.09898
3350.0 1750.0 0.45791
3450.0 1750.0 0.78068
3550.0 1750.0 0.68285
3650.0 1750.0 0.27160
3750.0 1750.0 -0.14726
3850.0 1750.0 -0.25390
3950.0 1750.0 0.01320
4050.0 1750.0 0.44934
4150.0 1750.0 1.06595
4250.0 1750.0 1.62968
4350.0 1750.0 1.89989
4450.0 1750.0 1.84125
4550.0 1750.0 1.61900
4650.0 1750.0 1.35658
4750.0 1750.0 0.80553
4850.0 1750.0 0.04447
4950.0 1750.0 -0.54545
5050.0 1750.0 -0.69942
5150.0 1750.0 -0.44333
5250.0 1750.0 -0.01443
5350.0 1750.0 0.29871
5450.0 1750.0 0.27216
5550.0 1750.0 0.05101
5650.0 1750.0 -0.07089
5750.0 1750.0 0.12871
5850.0 1750.0 0.66889
5950.0 1750.0 1.31119
6050.0 1750.0 1.57833
6150.0 1750.0 1.21686
6250.0 1750.0 0.39703
6350.0 1750.0 -0.41922
50.0 1850.0 0.16555
150.0 1850.0 0.45960
250.0 1850.0 0.84634
350.0 1850.0 0.98138
450.0 1850.0 0.60032
550.0 1850.0 -0.20472
650.0 1850.0 -1.07654
750.0 1850.0 -1.83156
850.0 1850.0 -2.48637
950.0 1850.0 -2.70372
1050.0 1850.0 -2.25779
1150.0 1850.0 -1.34284
1250.0 1850.0 -0.48309
1350.0 1850.0 -0.04858
1450.0 1850.0 0.19870
1550.0 1850.0 0.21891
1650.0 1850.0 -0.03180
1750.0 1850.0 -0.42409
1850.0 1850.0 -0.73457
1950.0 1850.0 -0.79409
2050.0 1850.0 -0.68601
2150.0 1850.0 -0.56131
2250.0 1850.0 -0.39033
2350.0 1850.0 -0.14869
2450.0 1850.0 0.14287
2550.0 1850.0 0.42861
2650.0 1850.0 0.67037
2750.0 1850.0 0.75003
2850.0 1850.0 0.37846
2950.0 1850.0 -0.26170
3050.0 1850.0 -0.77080
3150.0 1850.0 -0.84581
3250.0 1850.0 -0.45750
3350.0 1850.0 0.09929
3450.0 1850.0 0.30704
3550.0 1850.0 0.02832
3650.0 1850.0 -0.45070
3750.0 1850.0 -0.71969
3850.0 1850.0 -0.50102
3950.0 1850.0 0.14272
4050.0 1850.0 0.90897
4150.0 1850.0 1.63887
4250.0 1850.0 2.00559
4350.0 1850.0 1.86213
4450.0 1850.0 1.41451
4550.0 1850.0 1.04573
4650.0 1850.0 0.81826
4750.0 1850.0 0.45908
4850.0 1850.0 0.05056
4950.0 1850.0 -0.18108
5050.0 1850.0 -0.12699
5150.0 1850.0 0.12927
5250.0 1850.0 0.42167
5350.0 1850.0 0.55580
5450.0 1850.0 0.30554
5550.0 1850.0 -0.13120
5650.0 1850.0 -0.40487
5750.0 1850.0 -0.28215
5850.0 1850.0 0.22170
5950.0 1850.0 0.83790
6050.0 1850.0 1.13806
6150.0 1850.0 0.89873
6250.0 1850.0 0.25556
6350.0 1850.0 -0.39846
50.0 1950.0 -0.01764
150.0 1950.0 0.37274
250.0 1950.0 0.96921
350.0 1950.0 1.40260
450.0 1950.0 1.31566
550.0 1950.0 0.71263
650.0 1950.0 -0.07882
750.0 1950.0 -0.81982
850.0 1950.0 -1.52406
950.0 1950.0 -1.90857
1050.0 1950.0 -1.72444
1150.0 1950.0 -1.08295
1250.0 1950.0 -0.41516
1350.0 1950.0 -0.06403
1450.0 1950.0 0.13547
1550.0 1950.0 0.16340
1650.0 1950.0 0.01734
1750.0 1950.0 -0.18776
1850.0 1950.0 -0.29896
1950.0 1950.0 -0.22391
2050.0 1950.0 -0.04295
2150.0 1950.0 0.05784
2250.0 1950.0 0.03919
2350.0 1950.0 -0.02753
2450.0 1950.0 -0.04091
2550.0 1950.0 0.06638
2650.0 1950.0 0.27923
2750.0 1950.0 0.37834
2850.0 1950.0 0.07806
2950.0 1950.0 -0.44517
3050.0 1950.0 -0.82962
3150.0 1950.0 -0.81485
3250.0 1950.0 -0.39170
3350.0 1950.0 0.16479
3450.0 1950.0 0.30667
3550.0 1950.0 -0.09449
3650.0 1950.0 -0.67110
3750.0 1950.0 -0.94833
3850.0 1950.0 -0.64368
3950.0 1950.0 0.13330
4050.0 1950.0 1.00519
4150.0 1950.0 1.70943
4250.0 1950.0 1.89247
4350.0 1950.0 1.47953
4450.0 1950.0 0.80694
4550.0 1950.0 0.35631
4650.0 1950.0 0.14219
4750.0 1950.0 -0.13071
4850.0 1950.0 -0.37342
4950.0 1950.0 -0.42702
5050.0 1950.0 -0.25661
5150.0 1950.0 0.02038
5250.0 1950.0 0.26560
5350.0 1950.0 0.33932
5450.0 1950.0 0.02874
5550.0 1950.0 -0.45172
5650.0 1950.0 -0.74418
5750.0 1950.0 -0.62433
5850.0 1950.0 -0.12553
5950.0 1950.0 0.48536
6050.0 1950.0 0.84411
6150.0 1950.0 0.75352
6250.0 1950.0 0.30639
6350.0 1950.0 -0.17671
50.0 2050.0 0.02348
150.0 2050.0 0.44278
250.0 2050.0 1.17502
350.0 2050.0 1.84382
450.0 2050.0 2.01382
550.0 2050.0 1.59828
650.0 2050.0 0.87809
750.0 2050.0 0.13712
850.0 2050.0 -0.62788
950.0 2050.0 -1.16792
1050.0 2050.0 -1.19533
1150.0 2050.0 -0.74719
1250.0 2050.0 -0.19107
1350.0 2050.0 0.13436
1450.0 2050.0 0.33200
1550.0 2050.0 0.37460
1650.0 2050.0 0.25992
1750.0 2050.0 0.09182
1850.0 2050.0 0.00855
1950.0 2050.0 0.09358
2050.0 2050.0 0.26904
2150.0 2050.0 0.29203
2250.0 2050.0 0.08325
2350.0 2050.0 -0.23637
2450.0 2050.0 -0.47635
2550.0 2050.0 -0.49601
2650.0 2050.0 -0.30979
2750.0 2050.0 -0.18324
2850.0 2050.0 -0.33949
2950.0 2050.0 -0.61330
3050.0 2050.0 -0.72672
3150.0 2050.0 -0.51643
3250.0 2050.0 -0.02171
3350.0 2050.0 0.53638
3450.0 2050.0 0.63724
3550.0 2050.0 0.13362
3650.0 2050.0 -0.58008
3750.0 2050.0 -0.98045
3850.0 2050.0 -0.74463
3950.0 2050.0 0.01759
4050.0 2050.0 0.86734
4150.0 2050.0 1.49195
4250.0 2050.0 1.54703
4350.0 2050.0 1.00034
4450.0 2050.0 0.23418
4550.0 2050.0 -0.24990
4650.0 2050.0 -0.46655
4750.0 2050.0 -0.73135
4850.0 2050.0 -0.95240
4950.0 2050.0 -0.97794
5050.0 2050.0 -0.78422
5150.0 2050.0 -0.49691
5250.0 2050.0 -0.25304
5350.0 2050.0 -0.16778
5450.0 2050.0 -0.42319
5550.0 2050.0 -0.81470
5650.0 2050.0 -1.01778
5750.0 2050.0 -0.84139
5850.0 2050.0 -0.33092
5950.0 2050.0 0.27651
6050.0 2050.0 0.68891
6150.0 2050.0 0.73141
6250.0 2050.0 0.45710
6350.0 2050.0 0.12206
50.0 2150.0 -0.08576
150.0 2150.0 0.35754
250.0 2150.0 1.21367
350.0 2150.0 2.09732
450.0 2150.0 2.49888
550.0 2150.0 2.24767
650.0 2150.0 1.58336
750.0 2150.0 0.83662
850.0 2150.0 0.07140
950.0 2150.0 -0.46924
1050.0 2150.0 -0.51788
1150.0 2150.0 -0.11878
1250.0 2150.0 0.37241
1350.0 2150.0 0.63469
1450.0 2150.0 0.78502
1550.0 2150.0 0.82977
1650.0 2150.0 0.75967
1750.0 2150.0 0.64110
1850.0 2150.0 0.57220
1950.0 2150.0 0.61876
2050.0 2150.0 0.72545
2150.0 2150.0 0.64882
2250.0 2150.0 0.28742
2350.0 2150.0 -0.22368
2450.0 2150.0 -0.65524
2550.0 2150.0 -0.82669
2650.0 2150.0 -0.74439
2750.0 2150.0 -0.67891
2850.0 2150.0 -0.76050
2950.0 2150.0 -0.79509
3050.0 2150.0 -0.57956
3150.0 2150.0 -0.08569
3250.0 2150.0 0.54342
3350.0 2150.0 1.13921
3450.0 2150.0 1.25694
3550.0 2150.0 0.68954
3650.0 2150.0 -0.20714
3750.0 2150.0 -0.87165
3850.0 2150.0 -0.88619
3950.0 2150.0 -0.30009
4050.0 2150.0 0.39823
4150.0 2150.0 0.90898
4250.0 2150.0 0.92145
4350.0 2150.0 0.39642
4450.0 2150.0 -0.33500
4550.0 2150.0 -0.82848
4650.0 2150.0 -1.08634
4750.0 2150.0 -1.33988
4850.0 2150.0 -1.46528
4950.0 2150.0 -1.34149
5050.0 2150.0 -1.00932
5150.0 2150.0 -0.65347
5250.0 2150.0 -0.41425
5350.0 2150.0 -0.32591
5450.0 2150.0 -0.54002
5550.0 2150.0 -0.90454
5650.0 2150.0 -1.14626
5750.0 2150.0 -1.07961
5850.0 2150.0 -0.71261
5950.0 2150.0 -0.23921
6050.0 2150.0 0.15710
6150.0 2150.0 0.36468
6250.0 2150.0 0.37095
6350.0 2150.0 0.29335
50.0 2250.0 -0.35337
150.0 2250.0 0.10281
250.0 2250.0 1.02943
350.0 2250.0 2.03041
450.0 2250.0 2.55003
550.0 2250.0 2.37202
650.0 2250.0 1.71894
750.0 2250.0 0.95688
850.0 2250.0 0.27762
950.0 2250.0 -0.04550
1050.0 2250.0 0.14781
1150.0 2250.0 0.69077
1250.0 2250.0 1.17004
1350.0 2250.0 1.30477
1450.0 2250.0 1.33568
1550.0 2250.0 1.36893
1650.0 2250.0 1.37923
1750.0 2250.0 1.35078
1850.0 2250.0 1.29456
1950.0 2250.0 1.23858
2050.0 2250.0 1.18548
2150.0 2250.0 1.00971
2250.0 2250.0 0.62937
2350.0 2250.0 0.11828
2450.0 2250.0 -0.36719
2550.0 2250.0 -0.68408
2650.0 2250.0 -0.81736
2750.0 2250.0 -0.96430
2850.0 2250.0 -1.14454
2950.0 2250.0 -1.06711
3050.0 2250.0 -0.55226
3150.0 2250.0 0.27693
3250.0 2250.0 1.10777
3350.0 2250.0 1.79912
3450.0 2250.0 2.06379
3550.0 2250.0 1.59073
3650.0 2250.0 0.57187
3750.0 2250.0 -0.45499
3850.0 2250.0 -0.93118
3950.0 2250.0 -0.75214
4050.0 2250.0 -0.39571
4150.0 2250.0 -0.04086
4250.0 2250.0 0.07036
4350.0 2250.0 -0.18759
4450.0 2250.0 -0.68452
4550.0 2250.0 -1.15005
4650.0 2250.0 -1.51010
4750.0 2250.0 -1.76889
4850.0 2250.0 -1.73555
4950.0 2250.0 -1.34275
5050.0 2250.0 -0.75476
5150.0 2250.0 -0.27438
5250.0 2250.0 -0.05307
5350.0 2250.0 0.03246
5450.0 2250.0 -0.12203
5550.0 2250.0 -0.48760
5650.0 2250.0 -0.89381
5750.0 2250.0 -1.14393
5850.0 2250.0 -1.14410
5950.0 2250.0 -1.00942
6050.0 2250.0 -0.76536
6150.0 2250.0 -0.40560
6250.0 2250.0 -0.03029
6350.0 2250.0 0.25253
50.0 2350.0 -0.57687
150.0 2350.0 -0.12533
250.0 2350.0 0.78462
350.0 2350.0 1.74789
450.0 2350.0 2.21179
550.0 2350.0 1.97531
650.0 2350.0 1.27783
750.0 2350.0 0.49320
850.0 2350.0 -0.06423
950.0 2350.0 -0.07904
1050.0 2350.0 0.46203
1150.0 2350.0 1.22025
1250.0 2350.0 1.69780
1350.0 2350.0 1.66655
1450.0 2350.0 1.54036
1550.0 2350.0 1.56186
1650.0 2350.0 1.68431
1750.0 2350.0 1.78137
1850.0 2350.0 1.74654
1950.0 2350.0 1.55676
2050.0 2350.0 1.29731
2150.0 2350.0 1.06715
2250.0 2350.0 0.84951
2350.0 2350.0 0.58648
2450.0 2350.0 0.24945
2550.0 2350.0 -0.13989
2650.0 2350.0 -0.53743
2750.0 2350.0 -0.99827
2850.0 2350.0 -1.45765
2950.0 2350.0 -1.48265
3050.0 2350.0 -0.83985
3150.0 2350.0 0.24255
3250.0 2350.0 1.27262
3350.0 2350.0 2.09384
3450.0 2350.0 2.63509
3550.0 2350.0 2.48231
3650.0 2350.0 1.55652
3750.0 2350.0 0.27307
3850.0 2350.0 -0.69477
3950.0 2350.0 -1.03467
4050.0 2350.0 -1.12074
4150.0 2350.0 -0.93260
4250.0 2350.0 -0.62606
4350.0 2350.0 -0.46273
4450.0 2350.0 -0.60210
4550.0 2350.0 -1.01443
4650.0 2350.0 -1.51269
4750.0 2350.0 -1.82402
4850.0 2350.0 -1.68589
4950.0 2350.0 -1.07212
5050.0 2350.0 -0.26192
5150.0 2350.0 0.32277
5250.0 2350.0 0.51150
5350.0 2350.0 0.60803
5450.0 2350.0 0.59123
5550.0 2350.0 0.31955
5650.0 2350.0 -0.20497
5750.0 2350.0 -0.80573
5850.0 2350.0 -1.26885
5950.0 2350.0 -1.58715
6050.0 2350.0 -1.61020
6150.0 2350.0 -1.19661
6250.0 2350.0 -0.51957
6350.0 2350.0 0.08172
50.0 2450.0 -0.58329
150.0 2450.0 -0.14910
250.0 2450.0 0.67890
350.0 2450.0 1.49081
450.0 2450.0 1.77585
550.0 2450.0 1.39260
650.0 2450.0 0.61956
750.0 2450.0 -0.18799
850.0 2450.0 -0.66045
950.0 2450.0 -0.46027
1050.0 2450.0 0.31085
1150.0 2450.0 1.18972
1250.0 2450.0 1.62675
1350.0 2450.0 1.44132
1450.0 2450.0 1.17851
1550.0 2450.0 1.20146
1650.0 2450.0 1.44361
1750.0 2450.0 1.67388
1850.0 2450.0 1.67391
1950.0 2450.0 1.37150
2050.0 2450.0 0.93293
2150.0 2450.0 0.70866
2250.0 2450.0 0.76749
2350.0 2450.0 0.89914
2450.0 2450.0 0.84851
2550.0 2450.0 0.47948
2650.0 2450.0 -0.13755
2750.0 2450.0 -0.89976
2850.0 2450.0 -1.71116
2950.0 2450.0 -2.00339
3050.0 2450.0 -1.43587
3150.0 2450.0 -0.26306
3250.0 2450.0 0.89595
3350.0 2450.0 1.83614
3450.0 2450.0 2.70085
3550.0 2450.0 3.01803
3650.0 2450.0 2.41712
3750.0 2450.0 1.11816
3850.0 2450.0 -0.17228
3950.0 2450.0 -0.95366
4050.0 2450.0 -1.42971
4150.0 2450.0 -1.38126
4250.0 2450.0 -0.88862
4350.0 2450.0 -0.33840
4450.0 2450.0 -0.15147
4550.0 2450.0 -0.51340
4650.0 2450.0 -1.13824
4750.0 2450.0 -1.54992
4850.0 2450.0 -1.44287
4950.0 2450.0 -0.79216
5050.0 2450.0 0.07816
5150.0 2450.0 0.68411
5250.0 2450.0 0.83348
5350.0 2450.0 0.96560
5450.0 2450.0 1.17423
5550.0 2450.0 1.15318
5650.0 2450.0 0.69800
5750.0 2450.0 -0.09382
5850.0 2450.0 -0.92778
5950.0 2450.0 -1.65091
6050.0 2450.0 -1.96178
6150.0 2450.0 -1.61511
6250.0 2450.0 -0.81549
6350.0 2450.0 -0.05495
50.0 2550.0 -0.34487
150.0 2550.0 0.07296
250.0 2550.0 0.82129
350.0 2550.0 1.48925
450.0 2550.0 1.60929
550.0 2550.0 1.09657
650.0 2550.0 0.26345
750.0 2550.0 -0.56004
850.0 2550.0 -1.03367
950.0 2550.0 -0.83649
1050.0 2550.0 -0.10132
1150.0 2550.0 0.69842
1250.0 2550.0 1.03260
1350.0 2550.0 0.74823
1450.0 2550.0 0.41483
1550.0 2550.0 0.45714
1650.0 2550.0 0.79645
1750.0 2550.0 1.13392
1850.0 2550.0 1.17789
1950.0 2550.0 0.82327
2050.0 2550.0 0.28973
2150.0 2550.0 0.10593
2250.0 2550.0 0.40678
2350.0 2550.0 0.87419
2450.0 2550.0 1.08651
2550.0 2550.0 0.78679
2650.0 2550.0 0.06015
2750.0 2550.0 -0.88244
2850.0 2550.0 -1.95791
2950.0 2550.0 -2.51731
3050.0 2550.0 -2.12066
3150.0 2550.0 -0.99070
3250.0 2550.0 0.20593
3350.0 2550.0 1.21530
3450.0 2550.0 2.33291
3550.0 2550.0 3.08801
3650.0 2550.0 2.90067
3750.0 2550.0 1.79977
3850.0 2550.0 0.44349
3950.0 2550.0 -0.56091
4050.0 2550.0 -1.25340
4150.0 2550.0 -1.29740
4250.0 2550.0 -0.73021
4350.0 2550.0 0.00256
4450.0 2550.0 0.34758
4550.0 2550.0 0.00637
4650.0 2550.0 -0.69250
4750.0 2550.0 -1.21984
4850.0 2550.0 -1.27004
4950.0 2550.0 -0.77901
5050.0 2550.0 -0.03073
5150.0 2550.0 0.50626
5250.0 2550.0 0.62228
5350.0 2550.0 0.80869
5450.0 2550.0 1.27985
5550.0 2550.0 1.62136
5650.0 2550.0 1.43890
5750.0 2550.0 0.70408
5850.0 2550.0 -0.27923
5950.0 2550.0 -1.22548
6050.0 2550.0 -1.73385
6150.0 2550.0 -1.51443
6250.0 2550.0 -0.76254
6350.0 2550.0 -0.01244
50.0 2650.0 0.02736
150.0 2650.0 0.43941
250.0 2650.0 1.15903
350.0 2650.0 1.77590
450.0 2650.0 1.83866
550.0 2650.0 1.28249
650.0 2650.0 0.43096
750.0 2650.0 -0.39983
850.0 2650.0 -0.95085
950.0 2650.0 -0.94969
1050.0 2650.0 -0.48317
1150.0 2650.0 0.06728
1250.0 2650.0 0.25237
1350.0 2650.0 -0.07328
1450.0 2650.0 -0.41299
1550.0 2650.0 -0.33956
1650.0 2650.0 0.06424
1750.0 2650.0 0.47189
1850.0 2650.0 0.56074
1950.0 2650.0 0.21086
2050.0 2650.0 -0.33659
2150.0 2650.0 -0.48289
2250.0 2650.0 -0.06559
2350.0 2650.0 0.55847
2450.0 2650.0 0.90360
2550.0 2650.0 0.66353
2650.0 2650.0 -0.07378
2750.0 2650.0 -1.06058
2850.0 2650.0 -2.24050
2950.0 2650.0 -2.94521
3050.0 2650.0 -2.68409
3150.0 2650.0 -1.63680
3250.0 2650.0 -0.46042
3350.0 2650.0 0.56633
3450.0 2650.0 1.81739
3550.0 2650.0 2.86129
3650.0 2650.0 3.02280
3750.0 2650.0 2.19845
3850.0 2650.0 0.95997
3950.0 2650.0 -0.06215
4050.0 2650.0 -0.80132
4150.0 2650.0 -0.90096
4250.0 2650.0 -0.38648
4350.0 2650.0 0.30867
4450.0 2650.0 0.63272
4550.0 2650.0 0.27863
4650.0 2650.0 -0.43969
4750.0 2650.0 -1.06578
4850.0 2650.0 -1.32450
4950.0 2650.0 -1.09345
5050.0 2650.0 -0.56636
5150.0 2650.0 -0.14539
5250.0 2650.0 -0.05047
5350.0 2650.0 0.19453
5450.0 2650.0 0.90796
5550.0 2650.0 1.63076
5650.0 2650.0 1.82675
5750.0 2650.0 1.32915
5850.0 2650.0 0.39463
5950.0 2650.0 -0.59195
6050.0 2650.0 -1.17398
6150.0 2650.0 -1.06509
6250.0 2650.0 -0.43327
6350.0 2650.0 0.22010
50.0 2750.0 0.36259
150.0 2750.0 0.73825
250.0 2750.0 1.40331
350.0 2750.0 1.97229
450.0 2750.0 2.02085
550.0 2750.0 1.48768
650.0 2750.0 0.67655
750.0 2750.0 -0.11986
850.0 2750.0 -0.72925
950.0 2750.0 -0.93754
1050.0 2750.0 -0.76784
1150.0 2750.0 -0.48261
1250.0 2750.0 -0.43102
1350.0 2750.0 -0.75323
1450.0 2750.0 -1.05807
1550.0 2750.0 -0.95290
1650.0 2750.0 -0.52811
1750.0 2750.0 -0.11237
1850.0 2750.0 -0.02163
1950.0 2750.0 -0.36538
2050.0 2750.0 -0.90008
2150.0 2750.0 -1.01740
2250.0 2750.0 -0.53933
2350.0 2750.0 0.17283
2450.0 2750.0 0.61162
2550.0 2750.0 0.44455
2650.0 2750.0 -0.24867
2750.0 2750.0 -1.20562
2850.0 2750.0 -2.39262
2950.0 2750.0 -3.15793
3050.0 2750.0 -2.99532
3150.0 2750.0 -2.04313
3250.0 2750.0 -0.92023
3350.0 2750.0 0.09004
3450.0 2750.0 1.41659
3550.0 2750.0 2.67682
3650.0 2750.0 3.13739
3750.0 2750.0 2.58463
3850.0 2750.0 1.49584
3950.0 2750.0 0.49926
4050.0 2750.0 -0.25207
4150.0 2750.0 -0.40531
4250.0 2750.0 0.02324
4350.0 2750.0 0.63212
4450.0 2750.0 0.90135
4550.0 2750.0 0.53548
4650.0 2750.0 -0.18417
4750.0 2750.0 -0.92678
4850.0 2750.0 -1.46013
4950.0 2750.0 -1.57467
5050.0 2750.0 -1.33302
5150.0 2750.0 -1.04352
5250.0 2750.0 -0.94355
5350.0 2750.0 -0.61126
5450.0 2750.0 0.36607
5550.0 2750.0 1.49705
5650.0 2750.0 2.11450
5750.0 2750.0 1.91285
5850.0 2750.0 1.09175
5950.0 2750.0 0.12359
6050.0 2750.0 -0.52541
6150.0 2750.0 -0.58894
6250.0 2750.0 -0.16912
6350.0 2750.0 0.32266
50.0 2850.0 0.47588
150.0 2850.0 0.69750
250.0 2850.0 1.16416
350.0 2850.0 1.59952
450.0 2850.0 1.67341
550.0 2850.0 1.30860
650.0 2850.0 0.70340
750.0 2850.0 0.08014
850.0 2850.0 -0.46229
950.0 2850.0 -0.77735
1050.0 2850.0 -0.82120
1150.0 2850.0 -0.72176
1250.0 2850.0 -0.70947
1350.0 2850.0 -0.91306
1450.0 2850.0 -1.08379
1550.0 2850.0 -0.94208
1650.0 2850.0 -0.60491
1750.0 2850.0 -0.34971
1850.0 2850.0 -0.39244
1950.0 2850.0 -0.76099
2050.0 2850.0 -1.24837
2150.0 2850.0 -1.36005
2250.0 2850.0 -0.91416
2350.0 2850.0 -0.20956
2450.0 2850.0 0.29265
2550.0 2850.0 0.25856
2650.0 2850.0 -0.27053
2750.0 2850.0 -1.04487
2850.0 2850.0 -2.04476
2950.0 2850.0 -2.71334
3050.0 2850.0 -2.59871
3150.0 2850.0 -1.79347
3250.0 2850.0 -0.81122
3350.0 2850.0 0.10197
3450.0 2850.0 1.39127
3550.0 2850.0 2.72985
3650.0 2850.0 3.37111
3750.0 2850.0 3.02298
3850.0 2850.0 2.06564
3950.0 2850.0 1.09708
4050.0 2850.0 0.33401
4150.0 2850.0 0.12133
4250.0 2850.0 0.46308
4350.0 2850.0 0.99974
4450.0 2850.0 1.24269
4550.0 2850.0 0.89883
4650.0 2850.0 0.20399
4750.0 2850.0 -0.69991
4850.0 2850.0 -1.63336
4950.0 2850.0 -2.23224
5050.0 2850.0 -2.35328
5150.0 2850.0 -2.17615
5250.0 2850.0 -1.98314
5350.0 2850.0 -1.48279
5450.0 2850.0 -0.21607
5550.0 2850.0 1.29878
5650.0 2850.0 2.30227
5750.0 2850.0 2.39596
5850.0 2850.0 1.74541
5950.0 2850.0 0.86881
6050.0 2850.0 0.10394
6150.0 2850.0 -0.32054
6250.0 2850.0 -0.33103
6350.0 2850.0 -0.12224
50.0 2950.0 0.33085
150.0 2950.0 0.29490
250.0 2950.0 0.43651
350.0 2950.0 0.66271
450.0 2950.0 0.79659
550.0 2950.0 0.72797
650.0 2950.0 0.47435
750.0 2950.0 0.14701
850.0 2950.0 -0.20521
950.0 2950.0 -0.50390
1050.0 2950.0 -0.64401
1150.0 2950.0 -0.62093
1250.0 2950.0 -0.54304
1350.0 2950.0 -0.52259
1450.0 2950.0 -0.46830
1550.0 2950.0 -0.26869
1650.0 2950.0 -0.08523
1750.0 2950.0 -0.10703
1850.0 2950.0 -0.37935
1950.0 2950.0 -0.79144
2050.0 2950.0 -1.20174
2150.0 2950.0 -1.34472
2250.0 2950.0 -1.05295
2350.0 2950.0 -0.49312
2450.0 2950.0 -0.00108
2550.0 2950.0 0.12497
2650.0 2950.0 -0.13876
2750.0 2950.0 -0.59792
2850.0 2950.0 -1.24815
2950.0 2950.0 -1.69552
3050.0 2950.0 -1.59933
3150.0 2950.0 -0.99726
3250.0 2950.0 -0.23612
3350.0 2950.0 0.50703
3450.0 2950.0 1.63296
3550.0 2950.0 2.86456
3650.0 2950.0 3.49917
3750.0 2950.0 3.22409
3850.0 2950.0 2.34345
3950.0 2950.0 1.39891
4050.0 2950.0 0.62899
4150.0 2950.0 0.37095
4250.0 2950.0 0.65683
4350.0 2950.0 1.16705
4450.0 2950.0 1.43214
4550.0 2950.0 1.14802
4650.0 2950.0 0.50721
4750.0 2950.0 -0.52151
4850.0 2950.0 -1.79084
4950.0 2950.0 -2.77235
5050.0 2950.0 -3.13136
5150.0 2950.0 -2.94955
5250.0 2950.0 -2.57128
5350.0 2950.0 -1.87122
5450.0 2950.0 -0.45051
5550.0 2950.0 1.17146
5650.0 2950.0 2.26432
5750.0 2950.0 2.47070
5850.0 2950.0 1.98130
5950.0 2950.0 1.26418
6050.0 2950.0 0.39544
6150.0 2950.0 -0.43293
6250.0 2950.0 -0.91063
6350.0 2950.0 -0.95992
50.0 3050.0 0.05572
150.0 3050.0 -0.25527
250.0 3050.0 -0.46014
350.0 3050.0 -0.45600
450.0 3050.0 -0.25643
550.0 3050.0 -0.00743
650.0 3050.0 0.11504
750.0 3050.0 0.10528
850.0 3050.0 -0.01816
950.0 3050.0 -0.23471
1050.0 3050.0 -0.39086
1150.0 3050.0 -0.37143
1250.0 3050.0 -0.18000
1350.0 3050.0 0.08785
1450.0 3050.0 0.38744
1550.0 3050.0 0.67209
1650.0 3050.0 0.73112
1750.0 3050.0 0.45648
1850.0 3050.0 -0.03003
1950.0 3050.0 -0.47717
2050.0 3050.0 -0.80632
2150.0 3050.0 -1.00933
2250.0 3050.0 -0.94734
2350.0 3050.0 -0.62826
2450.0 3050.0 -0.22330
2550.0 3050.0 0.03231
2650.0 3050.0 0.04496
2750.0 3050.0 -0.07921
2850.0 3050.0 -0.36376
2950.0 3050.0 -0.58809
3050.0 3050.0 -0.52586
3150.0 3050.0 -0.15097
3250.0 3050.0 0.37034
3350.0 3050.0 0.92836
3450.0 3050.0 1.83266
3550.0 3050.0 2.83825
3650.0 3050.0 3.32042
3750.0 3050.0 2.99649
3850.0 3050.0 2.13018
3950.0 3050.0 1.20047
4050.0 3050.0 0.43076
4150.0 3050.0 0.15612
4250.0 3050.0 0.43485
4350.0 3050.0 0.97223
4450.0 3050.0 1.29963
4550.0 3050.0 1.09252
4650.0 3050.0 0.51926
4750.0 3050.0 -0.52398
4850.0 3050.0 -1.87860
4950.0 3050.0 -2.91836
5050.0 3050.0 -3.22981
5150.0 3050.0 -2.88595
5250.0 3050.0 -2.28653
5350.0 3050.0 -1.43554
5450.0 3050.0 -0.10035
5550.0 3050.0 1.23150
5650.0 3050.0 1.99923
5750.0 3050.0 2.03744
5850.0 3050.0 1.62567
5950.0 3050.0 1.08442
6050.0 3050.0 0.18935
6150.0 3050.0 -0.88135
6250.0 3050.0 -1.61942
6350.0 3050.0 -1.74173
50.0 3150.0 -0.13429
150.0 3150.0 -0.64123
250.0 3150.0 -1.09592
350.0 3150.0 -1.25631
450.0 3150.0 -1.01776
550.0 3150.0 -0.54897
650.0 3150.0 -0.16176
750.0 3150.0 0.05349
850.0 3150.0 0.08772
950.0 3150.0 -0.08237
1050.0 3150.0 -0.26578
1150.0 3150.0 -0.26320
1250.0 3150.0 0.00086
1350.0 3150.0 0.44280
1450.0 3150.0 0.92463
1550.0 3150.0 1.30852
1650.0 3150.0 1.34612
1750.0 3150.0 0.96448
1850.0 3150.0 0.37823
1950.0 3150.0 -0.07455
2050.0 3150.0 -0.34650
2150.0 3150.0 -0.61051
2250.0 3150.0 -0.75664
2350.0 3150.0 -0.66795
2450.0 3150.0 -0.37754
2550.0 3150.0 -0.05873
2650.0 3150.0 0.14507
2750.0 3150.0 0.25129
2850.0 3150.0 0.19343
2950.0 3150.0 0.07213
3050.0 3150.0 0.05125
3150.0 3150.0 0.22305
3250.0 3150.0 0.55931
3350.0 3150.0 0.98435
3450.0 3150.0 1.71542
3550.0 3150.0 2.52273
3650.0 3150.0 2.84743
3750.0 3150.0 2.44576
3850.0 3150.0 1.56670
3950.0 3150.0 0.64383
4050.0 3150.0 -0.12131
4150.0 3150.0 -0.38910
4250.0 3150.0 -0.08467
4350.0 3150.0 0.50440
4450.0 3150.0 0.89865
4550.0 3150.0 0.75390
4650.0 3150.0 0.23697
4750.0 3150.0 -0.71349
4850.0 3150.0 -1.89138
4950.0 3150.0 -2.66846
5050.0 3150.0 -2.68438
5150.0 3150.0 -2.08934
5250.0 3150.0 -1.31287
5350.0 3150.0 -0.40537
5450.0 3150.0 0.66662
5550.0 3150.0 1.46492
5650.0 3150.0 1.66125
5750.0 3150.0 1.34641
5850.0 3150.0 0.91316
5950.0 3150.0 0.50223
6050.0 3150.0 -0.33031
6150.0 3150.0 -1.39150
6250.0 3150.0 -2.08527
6350.0 3150.0 -2.06495
50.0 3250.0 -0.08160
150.0 3250.0 -0.65976
250.0 3250.0 -1.21177
350.0 3250.0 -1.44577
450.0 3250.0 -1.21014
550.0 3250.0 -0.67567
650.0 3250.0 -0.19923
750.0 3250.0 0.09385
850.0 3250.0 0.15134
950.0 3250.0 -0.08498
1050.0 3250.0 -0.38911
1150.0 3250.0 -0.49222
1250.0 3250.0 -0.25798
1350.0 3250.0 0.23545
1450.0 3250.0 0.79388
1550.0 3250.0 1.26992
1650.0 3250.0 1.39777
1750.0 3250.0 1.08418
1850.0 3250.0 0.53901
1950.0 3250.0 0.11238
2050.0 3250.0 -0.13895
2150.0 3250.0 -0.43726
2250.0 3250.0 -0.68828
2350.0 3250.0 -0.72235
2450.0 3250.0 -0.50890
2550.0 3250.0 -0.18749
2650.0 3250.0 0.08071
2750.0 3250.0 0.25558
2850.0 3250.0 0.21952
2950.0 3250.0 0.03607
3050.0 3250.0 -0.11974
3150.0 3250.0 -0.09482
3250.0 3250.0 0.14926
3350.0 3250.0 0.52701
3450.0 3250.0 1.20752
3550.0 3250.0 1.97034
3650.0 3250.0 2.27280
3750.0 3250.0 1.87294
3850.0 3250.0 1.00499
3950.0 3250.0 0.08706
4050.0 3250.0 -0.67449
4150.0 3250.0 -0.93149
4250.0 3250.0 -0.60415
4350.0 3250.0 0.01779
4450.0 3250.0 0.44590
4550.0 3250.0 0.32674
4650.0 3250.0 -0.16230
4750.0 3250.0 -0.98140
4850.0 3250.0 -1.87003
4950.0 3250.0 -2.26356
5050.0 3250.0 -1.92465
5150.0 3250.0 -1.11045
5250.0 3250.0 -0.25193
5350.0 3250.0 0.63106
5450.0 3250.0 1.43134
5550.0 3250.0 1.75181
5650.0 3250.0 1.44543
5750.0 3250.0 0.79953
5850.0 3250.0 0.29123
5950.0 3250.0 -0.06734
6050.0 3250.0 -0.79197
6150.0 3250.0 -1.65818
6250.0 3250.0 -2.09438
6350.0 3250.0 -1.81818
50.0 3350.0 0.09790
150.0 3350.0 -0.47615
250.0 3350.0 -1.03848
350.0 3350.0 -1.29803
450.0 3350.0 -1.09367
550.0 3350.0 -0.58298
650.0 3350.0 -0.11443
750.0 3350.0 0.17812
850.0 3350.0 0.18764
950.0 3350.0 -0.17503
1050.0 3350.0 -0.65092
1150.0 3350.0 -0.90948
1250.0 3350.0 -0.76239
1350.0 3350.0 -0.28504
1450.0 3350.0 0.29115
1550.0 3350.0 0.85109
1650.0 3350.0 1.12247
1750.0 3350.0 0.96354
1850.0 3350.0 0.52902
1950.0 3350.0 0.14206
2050.0 3350.0 -0.11015
2150.0 3350.0 -0.42666
2250.0 3350.0 -0.71973
2350.0 3350.0 -0.80826
2450.0 3350.0 -0.64240
2550.0 3350.0 -0.34667
2650.0 3350.0 -0.08291
2750.0 3350.0 0.07513
2850.0 3350.0 -0.03738
2950.0 3350.0 -0.35190
3050.0 3350.0 -0.65102
3150.0 3350.0 -0.73156
3250.0 3350.0 -0.52950
3350.0 3350.0 -0.15780
3450.0 3350.0 0.53685
3550.0 3350.0 1.34426
3650.0 3350.0 1.71044
3750.0 3350.0 1.37005
3850.0 3350.0 0.53622
3950.0 3350.0 -0.37446
4050.0 3350.0 -1.13458
4150.0 3350.0 -1.39029
4250.0 3350.0 -1.05935
4350.0 3350.0 -0.43017
4450.0 3350.0 0.00764
4550.0 3350.0 -0.10196
4650.0 3350.0 -0.57229
4750.0 3350.0 -1.25686
4850.0 3350.0 -1.85025
4950.0 3350.0 -1.87293
5050.0 3350.0 -1.21961
5150.0 3350.0 -0.24477
5250.0 3350.0 0.63553
5350.0 3350.0 1.46210
5450.0 3350.0 2.04428
5550.0 3350.0 2.01628
5650.0 3350.0 1.35187
5750.0 3350.0 0.46453
5850.0 3350.0 -0.11835
5950.0 3350.0 -0.46318
6050.0 3350.0 -1.07314
6150.0 3350.0 -1.69108
6250.0 3350.0 -1.81664
6350.0 3350.0 -1.27737
50.0 3450.0 -0.02199
150.0 3450.0 -0.47018
250.0 3450.0 -0.95979
350.0 3450.0 -1.24262
450.0 3450.0 -1.14568
550.0 3450.0 -0.75782
650.0 3450.0 -0.34963
750.0 3450.0 -0.05866
850.0 3450.0 -0.03577
950.0 3450.0 -0.37540
1050.0 3450.0 -0.83574
1150.0 3450.0 -1.09866
1250.0 3450.0 -0.97480
1350.0 3450.0 -0.52853
1450.0 3450.0 0.04322
1550.0 3450.0 0.70091
1650.0 3450.0 1.16279
1750.0 3450.0 1.21254
1850.0 3450.0 0.91939
1950.0 3450.0 0.56405
2050.0 3450.0 0.28013
2150.0 3450.0 -0.10147
2250.0 3450.0 -0.50844
2350.0 3450.0 -0.73902
2450.0 3450.0 -0.70497
2550.0 3450.0 -0.49843
2650.0 3450.0 -0.28020
2750.0 3450.0 -0.14638
2850.0 3450.0 -0.24690
2950.0 3450.0 -0.52856
3050.0 3450.0 -0.80641
3150.0 3450.0 -0.90123
3250.0 3450.0 -0.75055
3350.0 3450.0 -0.44967
3450.0 3450.0 0.13063
3550.0 3450.0 0.78693
3650.0 3450.0 1.02051
3750.0 3450.0 0.60874
3850.0 3450.0 -0.23340
3950.0 3450.0 -1.12182
4050.0 3450.0 -1.87931
4150.0 3450.0 -2.18890
4250.0 3450.0 -1.92874
4350.0 3450.0 -1.32936
4450.0 3450.0 -0.85151
4550.0 3450.0 -0.86574
4650.0 3450.0 -1.20992
4750.0 3450.0 -1.62376
4850.0 3450.0 -1.79226
4950.0 3450.0 -1.38233
5050.0 3450.0 -0.43750
5150.0 3450.0 0.63116
5250.0 3450.0 1.47402
5350.0 3450.0 2.19323
5450.0 3450.0 2.53693
5550.0 3450.0 2.20381
5650.0 3450.0 1.28536
5750.0 3450.0 0.27626
5850.0 3450.0 -0.29798
5950.0 3450.0 -0.57638
6050.0 3450.0 -1.03283
6150.0 3450.0 -1.39888
6250.0 3450.0 -1.25105
6350.0 3450.0 -0.50597
50.0 3550.0 -0.45775
150.0 3550.0 -0.60204
250.0 3550.0 -0.89261
350.0 3550.0 -1.18420
450.0 3550.0 -1.29116
550.0 3550.0 -1.15742
650.0 3550.0 -0.87818
750.0 3550.0 -0.58696
850.0 3550.0 -0.47069
950.0 3550.0 -0.59953
1050.0 3550.0 -0.81343
1150.0 3550.0 -0.89857
1250.0 3550.0 -0.72493
1350.0 3550.0 -0.33308
1450.0 3550.0 0.19542
1550.0 3550.0 0.92923
1650.0 3550.0 1.57532
1750.0 3550.0 1.83012
1850.0 3550.0 1.66310
1950.0 3550.0 1.30574
2050.0 3550.0 0.94660
2150.0 3550.0 0.46066
2250.0 3550.0 -0.09388
2350.0 3550.0 -0.49940
2450.0 3550.0 -0.63452
2550.0 3550.0 -0.56135
2650.0 3550.0 -0.43767
2750.0 3550.0 -0.33866
2850.0 3550.0 -0.30902
2950.0 3550.0 -0.34151
3050.0 3550.0 -0.38596
3150.0 3550.0 -0.38486
3250.0 3550.0 -0.31009
3350.0 3550.0 -0.17568
3450.0 3550.0 0.13387
3550.0 3550.0 0.43314
3650.0 3550.0 0.35403
3750.0 3550.0 -0.22536
3850.0 3550.0 -1.08629
3950.0 3550.0 -1.92170
4050.0 3550.0 -2.67501
4150.0 3550.0 -3.12117
4250.0 3550.0 -3.04329
4350.0 3550.0 -2.52973
4450.0 3550.0 -1.96740
4550.0 3550.0 -1.75887
4650.0 3550.0 -1.82254
4750.0 3550.0 -1.82989
4850.0 3550.0 -1.53333
4950.0 3550.0 -0.79290
5050.0 3550.0 0.24436
5150.0 3550.0 1.22380
5250.0 3550.0 1.93166
5350.0 3550.0 2.48227
5450.0 3550.0 2.60502
5550.0 3550.0 2.10604
5650.0 3550.0 1.16509
5750.0 3550.0 0.26523
5850.0 3550.0 -0.15806
5950.0 3550.0 -0.29298
6050.0 3550.0 -0.57716
6150.0 3550.0 -0.77461
6250.0 3550.0 -0.51969
6350.0 3550.0 0.25402
50.0 3650.0 -0.86944
150.0 3650.0 -0.61501
250.0 3650.0 -0.62999
350.0 3650.0 -0.90383
450.0 3650.0 -1.24409
550.0 3650.0 -1.41751
650.0 3650.0 -1.29711
750.0 3650.0 -1.00552
850.0 3650.0 -0.77465
950.0 3650.0 -0.64670
1050.0 3650.0 -0.56341
1150.0 3650.0 -0.43830
1250.0 3650.0 -0.21166
1350.0 3650.0 0.10724
1450.0 3650.0 0.55971
1550.0 3650.0 1.29858
1650.0 3650.0 2.02286
1750.0 3650.0 2.36949
1850.0 3650.0 2.24038
1950.0 3650.0 1.83391
2050.0 3650.0 1.37845
2150.0 3650.0 0.81134
2250.0 3650.0 0.19853
2350.0 3650.0 -0.25787
2450.0 3650.0 -0.45660
2550.0 3650.0 -0.47163
2650.0 3650.0 -0.45628
2750.0 3650.0 -0.40313
2850.0 3650.0 -0.20669
2950.0 3650.0 0.08077
3050.0 3650.0 0.33544
3150.0 3650.0 0.45809
3250.0 3650.0 0.43294
3350.0 3650.0 0.35443
3450.0 3650.0 0.36438
3550.0 3650.0 0.32409
3650.0 3650.0 0.00082
3750.0 3650.0 -0.65462
3850.0 3650.0 -1.46432
3950.0 3650.0 -2.21862
4050.0 3650.0 -2.96746
4150.0 3650.0 -3.59547
4250.0 3650.0 -3.76163
4350.0 3650.0 -3.36696
4450.0 3650.0 -2.69974
4550.0 3650.0 -2.20308
4650.0 3650.0 -1.91332
4750.0 3650.0 -1.53674
4850.0 3650.0 -0.96873
4950.0 3650.0 -0.22587
5050.0 3650.0 0.56347
5150.0 3650.0 1.23529
5250.0 3650.0 1.73908
5350.0 3650.0 2.10741
5450.0 3650.0 2.09121
5550.0 3650.0 1.61673
5650.0 3650.0 0.89636
5750.0 3650.0 0.31002
5850.0 3650.0 0.13931
5950.0 3650.0 0.18373
6050.0 3650.0 0.02704
6150.0 3650.0 -0.16710
6250.0 3650.0 -0.04554
6350.0 3650.0 0.53393
50.0 3750.0 -0.93680
150.0 3750.0 -0.33155
250.0 3750.0 -0.09236
350.0 3750.0 -0.32700
450.0 3750.0 -0.84494
550.0 3750.0 -1.26751
650.0 3750.0 -1.27852
750.0 3750.0 -0.98820
850.0 3750.0 -0.69311
950.0 3750.0 -0.43166
1050.0 3750.0 -0.21067
1150.0 3750.0 -0.01134
1250.0 3750.0 0.20061
1350.0 3750.0 0.44453
1450.0 3750.0 0.81511
1550.0 3750.0 1.48455
1650.0 3750.0 2.15016
1750.0 3750.0 2.43950
1850.0 3750.0 2.24431
1950.0 3750.0 1.75843
2050.0 3750.0 1.22112
2150.0 3750.0 0.64285
2250.0 3750.0 0.12550
2350.0 3750.0 -0.18197
2450.0 3750.0 -0.26501
2550.0 3750.0 -0.26371
2650.0 3750.0 -0.32689
2750.0 3750.0 -0.32405
2850.0 3750.0 -0.02800
2950.0 3750.0 0.46132
3050.0 3750.0 0.89435
3150.0 3750.0 1.06436
3250.0 3750.0 0.93110
3350.0 3750.0 0.67143
3450.0 3750.0 0.49724
3550.0 3750.0 0.34431
3650.0 3750.0 0.04708
3750.0 3750.0 -0.46585
3850.0 3750.0 -1.11952
3950.0 3750.0 -1.78516
4050.0 3750.0 -2.53069
4150.0 3750.0 -3.32002
4250.0 3750.0 -3.70343
4350.0 3750.0 -3.41696
4450.0 3750.0 -2.66119
4550.0 3750.0 -1.91397
4650.0 3750.0 -1.32480
4750.0 3750.0 -0.72874
4850.0 3750.0 -0.19017
4950.0 3750.0 0.21335
5050.0 3750.0 0.49219
5150.0 3750.0 0.74241
5250.0 3750.0 1.04531
5350.0 3750.0 1.27337
5450.0 3750.0 1.21149
5550.0 3750.0 0.88085
5650.0 3750.0 0.48039
5750.0 3750.0 0.25517
5850.0 3750.0 0.33362
5950.0 3750.0 0.52970
6050.0 3750.0 0.42154
6150.0 3750.0 0.08998
6250.0 3750.0 -0.08205
6350.0 3750.0 0.17744
50.0 3850.0 -0.56730
150.0 3850.0 0.22708
250.0 3850.0 0.61295
350.0 3850.0 0.41901
450.0 3850.0 -0.17183
550.0 3850.0 -0.71118
650.0 3850.0 -0.78612
750.0 3850.0 -0.49941
850.0 3850.0 -0.22944
950.0 3850.0 -0.04711
1050.0 3850.0 0.04555
1150.0 3850.0 0.10331
1250.0 3850.0 0.20648
1350.0 3850.0 0.39184
1450.0 3850.0 0.70635
1550.0 3850.0 1.27957
1650.0 3850.0 1.81213
1750.0 3850.0 1.96066
1850.0 3850.0 1.65071
1950.0 3850.0 1.09324
2050.0 3850.0 0.51520
2150.0 3850.0 -0.00419
2250.0 3850.0 -0.31186
2350.0 3850.0 -0.33010
2450.0 3850.0 -0.16564
2550.0 3850.0 -0.05433
2650.0 3850.0 -0.14188
2750.0 3850.0 -0.18398
2850.0 3850.0 0.08388
2950.0 3850.0 0.54394
3050.0 3850.0 0.92583
3150.0 3850.0 1.01736
3250.0 3850.0 0.78971
3350.0 3850.0 0.43927
3450.0 3850.0 0.26540
3550.0 3850.0 0.28607
3650.0 3850.0 0.30666
3750.0 3850.0 0.13507
3850.0 3850.0 -0.29407
3950.0 3850.0 -0.88981
4050.0 3850.0 -1.63388
4150.0 3850.0 -2.51042
4250.0 3850.0 -3.01166
4350.0 3850.0 -2.78503
4450.0 3850.0 -1.98364
4550.0 3850.0 -1.10346
4650.0 3850.0 -0.36232
4750.0 3850.0 0.25596
4850.0 3850.0 0.56087
4950.0 3850.0 0.50426
5050.0 3850.0 0.27064
5150.0 3850.0 0.17113
5250.0 3850.0 0.34841
5350.0 3850.0 0.50659
5450.0 3850.0 0.43977
5550.0 3850.0 0.21714
5650.0 3850.0 0.01973
5750.0 3850.0 0.00927
5850.0 3850.0 0.22780
5950.0 3850.0 0.50155
6050.0 3850.0 0.38214
6150.0 3850.0 -0.10554
6250.0 3850.0 -0.53864
6350.0 3850.0 -0.53845
50.0 3950.0 0.07152
150.0 3950.0 0.89853
250.0 3950.0 1.31963
350.0 3950.0 1.15278
450.0 3950.0 0.57286
550.0 3950.0 0.03138
650.0 3950.0 -0.04745
750.0 3950.0 0.23409
850.0 3950.0 0.40959
950.0 3950.0 0.35017
1050.0 3950.0 0.11473
1150.0 3950.0 -0.12640
1250.0 3950.0 -0.19463
1350.0 3950.0 -0.04710
1450.0 3950.0 0.24599
1550.0 3950.0 0.74465
1650.0 3950.0 1.15427
1750.0 3950.0 1.17018
1850.0 3950.0 0.76245
1950.0 3950.0 0.16428
2050.0 3950.0 -0.41636
2150.0 3950.0 -0.84430
2250.0 3950.0 -0.91750
2350.0 3950.0 -0.62392
2450.0 3950.0 -0.18472
2550.0 3950.0 0.07236
2650.0 3950.0 0.00295
2750.0 3950.0 -0.07457
2850.0 3950.0 0.06236
2950.0 3950.0 0.30492
3050.0 3950.0 0.45126
3150.0 3950.0 0.36891
3250.0 3950.0 0.06893
3350.0 3950.0 -0.28836
3450.0 3950.0 -0.32682
3550.0 3950.0 0.04282
3650.0 3950.0 0.53219
3750.0 3950.0 0.78017
3850.0 3950.0 0.58138
3950.0 3950.0 0.02800
4050.0 3950.0 -0.71594
4150.0 3950.0 -1.60688
4250.0 3950.0 -2.12773
4350.0 3950.0 -1.91146
4450.0 3950.0 -1.10331
4550.0 3950.0 -0.20203
4650.0 3950.0 0.55576
4750.0 3950.0 1.08114
4850.0 3950.0 1.12658
4950.0 3950.0 0.71175
5050.0 3950.0 0.15105
5150.0 3950.0 -0.13196
5250.0 3950.0 0.00620
5350.0 3950.0 0.14748
5450.0 3950.0 0.05712
5550.0 3950.0 -0.18499
5650.0 3950.0 -0.38810
5750.0 3950.0 -0.39039
5850.0 3950.0 -0.15803
5950.0 3950.0 0.12586
6050.0 3950.0 -0.01887
6150.0 3950.0 -0.58412
6250.0 3950.0 -1.12539
6350.0 3950.0 -1.22308
50.0 4050.0 0.85730
150.0 4050.0 1.68175
250.0 4050.0 2.09843
350.0 4050.0 1.93403
450.0 4050.0 1.36982
550.0 4050.0 0.85454
650.0 4050.0 0.80307
750.0 4050.0 1.10324
850.0 4050.0 1.19857
950.0 4050.0 0.88700
1050.0 4050.0 0.28446
1150.0 4050.0 -0.30895
1250.0 4050.0 -0.59185
1350.0 4050.0 -0.50201
1450.0 4050.0 -0.23642
1550.0 4050.0 0.21195
1650.0 4050.0 0.55730
1750.0 4050.0 0.51542
1850.0 4050.0 0.07200
1950.0 4050.0 -0.53812
2050.0 4050.0 -1.11543
2150.0 4050.0 -1.46715
2250.0 4050.0 -1.35399
2350.0 4050.0 -0.81706
2450.0 4050.0 -0.16649
2550.0 4050.0 0.20067
2650.0 4050.0 0.14324
2750.0 4050.0 0.01447
2850.0 4050.0 -0.04094
2950.0 4050.0 -0.09828
3050.0 4050.0 -0.24719
3150.0 4050.0 -0.51302
3250.0 4050.0 -0.84883
3350.0 4050.0 -1.15995
3450.0 4050.0 -1.02269
3550.0 4050.0 -0.30154
3650.0 4050.0 0.61382
3750.0 4050.0 1.21480
3850.0 4050.0 1.19446
3950.0 4050.0 0.66590
4050.0 4050.0 -0.06524
4150.0 4050.0 -0.89710
4250.0 4050.0 -1.32993
4350.0 4050.0 -1.03618
4450.0 4050.0 -0.19277
4550.0 4050.0 0.69660
4650.0 4050.0 1.41622
4750.0 4050.0 1.83203
4850.0 4050.0 1.67074
4950.0 4050.0 1.00501
5050.0 4050.0 0.22967
5150.0 4050.0 -0.17376
5250.0 4050.0 -0.07216
5350.0 4050.0 0.04875
5450.0 4050.0 -0.05807
5550.0 4050.0 -0.31621
5650.0 4050.0 -0.53920
5750.0 4050.0 -0.56679
5850.0 4050.0 -0.36342
5950.0 4050.0 -0.10908
6050.0 4050.0 -0.28191
6150.0 4050.0 -0.87758
6250.0 4050.0 -1.45629
6350.0 4050.0 -1.59850
50.0 4150.0 1.72907
150.0 4150.0 2.53408
250.0 4150.0 2.88827
350.0 4150.0 2.65741
450.0 4150.0 2.07526
550.0 4150.0 1.60893
650.0 4150.0 1.64959
750.0 4150.0 2.04766
850.0 4150.0 2.17526
950.0 4150.0 1.73751
1050.0 4150.0 0.84449
1150.0 4150.0 -0.10549
1250.0 4150.0 -0.66455
1350.0 4150.0 -0.70215
1450.0 4150.0 -0.51054
1550.0 4150.0 -0.07347
1650.0 4150.0 0.34638
1750.0 4150.0 0.43522
1850.0 4150.0 0.11142
1950.0 4150.0 -0.44958
2050.0 4150.0 -1.02798
2150.0 4150.0 -1.36488
2250.0 4150.0 -1.21704
2350.0 4150.0 -0.64661
2450.0 4150.0 0.01618
2550.0 4150.0 0.36828
2650.0 4150.0 0.27872
2750.0 4150.0 0.05109
2850.0 4150.0 -0.28938
2950.0 4150.0 -0.72535
3050.0 4150.0 -1.17224
3150.0 4150.0 -1.53941
3250.0 4150.0 -1.78740
3350.0 4150.0 -1.93269
3450.0 4150.0 -1.58250
3550.0 4150.0 -0.63328
3650.0 4150.0 0.44621
3750.0 4150.0 1.11004
3850.0 4150.0 1.08261
3950.0 4150.0 0.53689
4050.0 4150.0 -0.14898
4150.0 4150.0 -0.76841
4250.0 4150.0 -0.89076
4350.0 4150.0 -0.33446
4450.0 4150.0 0.61261
4550.0 4150.0 1.43606
4650.0 4150.0 2.02236
4750.0 4150.0 2.33474
4850.0 4150.0 2.12756
4950.0 4150.0 1.46242
5050.0 4150.0 0.69345
5150.0 4150.0 0.25631
5250.0 4150.0 0.27402
5350.0 4150.0 0.33454
5450.0 4150.0 0.26124
5550.0 4150.0 0.10222
5650.0 4150.0 -0.03129
5750.0 4150.0 -0.04687
5850.0 4150.0 0.07286
5950.0 4150.0 0.21047
6050.0 4150.0 0.00277
6150.0 4150.0 -0.53390
6250.0 4150.0 -1.03407
6350.0 4150.0 -1.16354
50.0 4250.0 2.18804
150.0 4250.0 2.95882
250.0 4250.0 3.19899
350.0 4250.0 2.83932
450.0 4250.0 2.20655
550.0 4250.0 1.80557
650.0 4250.0 1.99239
750.0 4250.0 2.55854
850.0 4250.0 2.86535
950.0 4250.0 2.53828
1050.0 4250.0 1.59403
1150.0 4250.0 0.44010
1250.0 4250.0 -0.36037
1350.0 4250.0 -0.56871
1450.0 4250.0 -0.49530
1550.0 4250.0 -0.05840
1650.0 4250.0 0.51608
1750.0 4250.0 0.85500
1850.0 4250.0 0.75337
1950.0 4250.0 0.28256
2050.0 4250.0 -0.30140
2150.0 4250.0 -0.67987
2250.0 4250.0 -0.63656
2350.0 4250.0 -0.22458
2450.0 4250.0 0.26906
2550.0 4250.0 0.49312
2650.0 4250.0 0.33281
2750.0 4250.0 -0.01463
2850.0 4250.0 -0.63114
2950.0 4250.0 -1.36474
3050.0 4250.0 -1.95378
3150.0 4250.0 -2.24013
3250.0 4250.0 -2.25524
3350.0 4250.0 -2.13434
3450.0 4250.0 -1.57968
3550.0 4250.0 -0.60267
3650.0 4250.0 0.29407
3750.0 4250.0 0.66557
3850.0 4250.0 0.41544
3950.0 4250.0 -0.19245
4050.0 4250.0 -0.82212
4150.0 4250.0 -1.16936
4250.0 4250.0 -0.90866
4350.0 4250.0 -0.05535
4450.0 4250.0 0.96770
4550.0 4250.0 1.64994
4650.0 4250.0 2.02266
4750.0 4250.0 2.25609
4850.0 4250.0 2.18439
4950.0 4250.0 1.79084
5050.0 4250.0 1.26536
5150.0 4250.0 0.89383
5250.0 4250.0 0.79114
5350.0 4250.0 0.75658
5450.0 4250.0 0.75686
5550.0 4250.0 0.79099
5650.0 4250.0 0.83587
5750.0 4250.0 0.86119
5850.0 4250.0 0.84983
5950.0 4250.0 0.79748
6050.0 4250.0 0.56041
6150.0 4250.0 0.18406
6250.0 4250.0 -0.10701
6350.0 4250.0 -0.14798
50.0 4350.0 1.91685
150.0 4350.0 2.65080
250.0 4350.0 2.76699
350.0 4350.0 2.26486
450.0 4350.0 1.57140
550.0 4350.0 1.23391
650.0 4350.0 1.57271
750.0 4350.0 2.32034
850.0 4350.0 2.89744
950.0 4350.0 2.89317
1050.0 4350.0 2.17165
1150.0 4350.0 1.05127
1250.0 4350.0 0.13488
1350.0 4350.0 -0.22785
1450.0 4350.0 -0.28514
1550.0 4350.0 0.12248
1650.0 4350.0 0.80995
1750.0 4350.0 1.35826
1850.0 4350.0 1.45172
1950.0 4350.0 1.06159
2050.0 4350.0 0.47049
2150.0 4350.0 0.03703
2250.0 4350.0 -0.05722
2350.0 4350.0 0.15155
2450.0 4350.0 0.43485
2550.0 4350.0 0.50649
2650.0 4350.0 0.26860
2750.0 4350.0 -0.17432
2850.0 4350.0 -0.94379
2950.0 4350.0 -1.75875
3050.0 4350.0 -2.24937
3150.0 4350.0 -2.27440
3250.0 4350.0 -1.98157
3350.0 4350.0 -1.58283
3450.0 4350.0 -0.88047
3550.0 4350.0 -0.03510
3650.0 4350.0 0.45965
3750.0 4350.0 0.34020
3850.0 4350.0 -0.24206
3950.0 4350.0 -0.93112
4050.0 4350.0 -1.52629
4150.0 4350.0 -1.69126
4250.0 4350.0 -1.19946
4350.0 4350.0 -0.21507
4450.0 4350.0 0.76110
4550.0 4350.0 1.25119
4650.0 4350.0 1.40035
4750.0 4350.0 1.58494
4850.0 4350.0 1.73508
4950.0 4350.0 1.72908
5050.0 4350.0 1.54749
5150.0 4350.0 1.29050
5250.0 4350.0 1.06765
5350.0 4350.0 0.93240
5450.0 4350.0 1.00831
5550.0 4350.0 1.24290
5650.0 4350.0 1.47255
5750.0 4350.0 1.53877
5850.0 4350.0 1.38851
5950.0 4350.0 1.13752
6050.0 4350.0 0.88748
6150.0 4350.0 0.72026
6250.0 4350.0 0.70024
6350.0 4350.0 0.79557
50.0 4450.0 1.10492
150.0 4450.0 1.81326
250.0 4450.0 1.84335
350.0 4450.0 1.24255
450.0 4450.0 0.50753
550.0 4450.0 0.21495
650.0 4450.0 0.66003
750.0 4450.0 1.53729
850.0 4450.0 2.35803
950.0 4450.0 2.71830
1050.0 4450.0 2.33922
1150.0 4450.0 1.41016
1250.0 4450.0 0.50648
1350.0 4450.0 0.05328
1450.0 4450.0 -0.10730
1550.0 4450.0 0.22230
1650.0 4450.0 0.88963
1750.0 4450.0 1.47685
1850.0 4450.0 1.62911
1950.0 4450.0 1.26678
2050.0 4450.0 0.67093
2150.0 4450.0 0.22066
2250.0 4450.0 0.08323
2350.0 4450.0 0.22000
2450.0 4450.0 0.41834
2550.0 4450.0 0.41731
2650.0 4450.0 0.13110
2750.0 4450.0 -0.35509
2850.0 4450.0 -1.12660
2950.0 4450.0 -1.82208
3050.0 4450.0 -2.05569
3150.0 4450.0 -1.76471
3250.0 4450.0 -1.20959
3350.0 4450.0 -0.61686
3450.0 4450.0 0.16784
3550.0 4450.0 0.87216
3650.0 4450.0 1.02237
3750.0 4450.0 0.50442
3850.0 4450.0 -0.33938
3950.0 4450.0 -1.08988
4050.0 4450.0 -1.68950
4150.0 4450.0 -1.84787
4250.0 4450.0 -1.39381
4350.0 4450.0 -0.52767
4450.0 4450.0 0.26942
4550.0 4450.0 0.57548
4650.0 4450.0 0.56729
4750.0 4450.0 0.71793
4850.0 4450.0 1.02321
4950.0 4450.0 1.28808
5050.0 4450.0 1.34681
5150.0 4450.0 1.16993
5250.0 4450.0 0.86325
5350.0 4450.0 0.65424
5450.0 4450.0 0.76893
5550.0 4450.0 1.12074
5650.0 4450.0 1.45578
5750.0 4450.0 1.53438
5850.0 4450.0 1.28190
5950.0 4450.0 0.89324
6050.0 4450.0 0.64605
6150.0 4450.0 0.65139
6250.0 4450.0 0.85411
6350.0 4450.0 1.07308
50.0 4550.0 0.26261
150.0 4550.0 0.96307
250.0 4550.0 0.96811
350.0 4550.0 0.34124
450.0 4550.0 -0.39960
550.0 4550.0 -0.67075
650.0 4550.0 -0.18706
750.0 4550.0 0.73652
850.0 4550.0 1.67687
950.0 4550.0 2.25391
1050.0 4550.0 2.11566
1150.0 4550.0 1.36324
1250.0 4550.0 0.52596
1350.0 4550.0 0.05335
1450.0 4550.0 -0.16127
1550.0 4550.0 0.05217
1650.0 4550.0 0.55875
1750.0 4550.0 0.99255
1850.0 4550.0 1.04462
1950.0 4550.0 0.64751
2050.0 4550.0 0.05161
2150.0 4550.0 -0.35068
2250.0 4550.0 -0.37123
2350.0 4550.0 -0.08512
2450.0 4550.0 0.23824
2550.0 4550.0 0.29636
2650.0 4550.0 0.00813
2750.0 4550.0 -0.47388
2850.0 4550.0 -1.16116
2950.0 4550.0 -1.67290
3050.0 4550.0 -1.66605
3150.0 4550.0 -1.15883
3250.0 4550.0 -0.47576
3350.0 4550.0 0.18586
3450.0 4550.0 1.01888
3550.0 4550.0 1.72304
3650.0 4550.0 1.81812
3750.0 4550.0 1.21871
3850.0 4550.0 0.31471
3950.0 4550.0 -0.45214
4050.0 4550.0 -1.08814
4150.0 4550.0 -1.39179
4250.0 4550.0 -1.19404
4350.0 4550.0 -0.62483
4450.0 4550.0 -0.06788
4550.0 4550.0 0.11429
4650.0 4550.0 0.04828
4750.0 4550.0 0.15620
4850.0 4550.0 0.44274
4950.0 4550.0 0.70818
5050.0 4550.0 0.76984
5150.0 4550.0 0.57915
5250.0 4550.0 0.23774
5350.0 4550.0 -0.00305
5450.0 4550.0 0.09839
5550.0 4550.0 0.44735
5650.0 4550.0 0.77381
5750.0 4550.0 0.82607
5850.0 4550.0 0.52870
5950.0 4550.0 0.09352
6050.0 4550.0 -0.14511
6150.0 4550.0 -0.06394
6250.0 4550.0 0.23620
6350.0 4550.0 0.51553
50.0 4650.0 -0.37721
150.0 4650.0 0.31462
250.0 4650.0 0.31298
350.0 4650.0 -0.31801
450.0 4650.0 -1.06139
550.0 4650.0 -1.33550
650.0 4650.0 -0.85697
750.0 4650.0 0.06206
850.0 4650.0 1.03691
950.0 4650.0 1.71289
1050.0 4650.0 1.71151
1150.0 4650.0 1.08340
1250.0 4650.0 0.31478
1350.0 4650.0 -0.14762
1450.0 4650.0 -0.39063
1550.0 4650.0 -0.29943
1650.0 4650.0 0.00152
1750.0 4650.0 0.21583
1850.0 4650.0 0.11213
1950.0 4650.0 -0.34016
2050.0 4650.0 -0.93125
2150.0 4650.0 -1.25760
2250.0 4650.0 -1.09393
2350.0 4650.0 -0.56219
2450.0 4650.0 -0.01737
2550.0 4650.0 0.16684
2650.0 4650.0 -0.09206
2750.0 4650.0 -0.54391
2850.0 4650.0 -1.12947
2950.0 4650.0 -1.48069
3050.0 4650.0 -1.30914
3150.0 4650.0 -0.68958
3250.0 4650.0 0.03045
3350.0 4650.0 0.69395
3450.0 4650.0 1.57199
3550.0 4650.0 2.38750
3650.0 4650.0 2.62935
3750.0 4650.0 2.15904
3850.0 4650.0 1.32400
3950.0 4650.0 0.56775
4050.0 4650.0 -0.11520
4150.0 4650.0 -0.61441
4250.0 4650.0 -0.73628
4350.0 4650.0 -0.50024
4450.0 4650.0 -0.17173
4550.0 4650.0 -0.06271
4650.0 4650.0 -0.12890
4750.0 4650.0 -0.07008
4850.0 4650.0 0.09461
4950.0 4650.0 0.20129
5050.0 4650.0 0.12613
5150.0 4650.0 -0.13385
5250.0 4650.0 -0.48169
5350.0 4650.0 -0.72766
5450.0 4650.0 -0.66255
5550.0 4650.0 -0.37868
5650.0 4650.0 -0.12468
5750.0 4650.0 -0.12593
5850.0 4650.0 -0.44419
5950.0 4650.0 -0.88323
6050.0 4650.0 -1.12045
6150.0 4650.0 -1.03149
6250.0 4650.0 -0.72084
6350.0 4650.0 -0.43364
50.0 4750.0 -0.51197
150.0 4750.0 0.06322
250.0 4750.0 -0.06935
350.0 4750.0 -0.84055
450.0 4750.0 -1.72063
550.0 4750.0 -2.11784
650.0 4750.0 -1.74726
750.0 4750.0 -0.92557
850.0 4750.0 0.02171
950.0 4750.0 0.80306
1050.0 4750.0 1.01143
1150.0 4750.0 0.60280
1250.0 4750.0 -0.04038
1350.0 4750.0 -0.49978
1450.0 4750.0 -0.78065
1550.0 4750.0 -0.75547
1650.0 4750.0 -0.52497
1750.0 4750.0 -0.35316
1850.0 4750.0 -0.45873
1950.0 4750.0 -0.88497
2050.0 4750.0 -1.44551
2150.0 4750.0 -1.76552
2250.0 4750.0 -1.60889
2350.0 4750.0 -1.05727
2450.0 4750.0 -0.44277
2550.0 4750.0 -0.14994
2650.0 4750.0 -0.29025
2750.0 4750.0 -0.60745
2850.0 4750.0 -1.03312
2950.0 4750.0 -1.26470
3050.0 4750.0 -1.06607
3150.0 4750.0 -0.49998
3250.0 4750.0 0.14716
3350.0 4750.0 0.75737
3450.0 4750.0 1.66313
3550.0 4750.0 2.64020
3650.0 4750.0 3.13496
3750.0 4750.0 2.90861
3850.0 4750.0 2.21160
3950.0 4750.0 1.47480
4050.0 4750.0 0.74174
4150.0 4750.0 0.06624
4250.0 4750.0 -0.30188
4350.0 4750.0 -0.26979
4450.0 4750.0 -0.02132
4550.0 4750.0 0.13518
4650.0 4750.0 0.16063
4750.0 4750.0 0.23079
4850.0 4750.0 0.28316
4950.0 4750.0 0.20440
5050.0 4750.0 -0.03276
5150.0 4750.0 -0.34798
5250.0 4750.0 -0.64387
5350.0 4750.0 -0.83089
5450.0 4750.0 -0.76547
5550.0 4750.0 -0.56704
5650.0 4750.0 -0.45985
5750.0 4750.0 -0.60282
5850.0 4750.0 -0.99743
5950.0 4750.0 -1.47177
6050.0 4750.0 -1.76637
6150.0 4750.0 -1.76652
6250.0 4750.0 -1.56052
6350.0 4750.0 -1.36760
50.0 4850.0 -0.01978
150.0 4850.0 0.30088
250.0 4850.0 -0.06229
350.0 4850.0 -1.03201
450.0 4850.0 -2.09034
550.0 4850.0 -2.67083
650.0 4850.0 -2.51056
750.0 4850.0 -1.91501
850.0 4850.0 -1.10208
950.0 4850.0 -0.25771
1050.0 4850.0 0.19246
1150.0 4850.0 0.07262
1250.0 4850.0 -0.40246
1350.0 4850.0 -0.87720
1450.0 4850.0 -1.21329
1550.0 4850.0 -1.18791
1650.0 4850.0 -0.85806
1750.0 4850.0 -0.50077
1850.0 4850.0 -0.40628
1950.0 4850.0 -0.69734
2050.0 4850.0 -1.19116
2150.0 4850.0 -1.60274
2250.0 4850.0 -1.72236
2350.0 4850.0 -1.46864
2450.0 4850.0 -0.99806
2550.0 4850.0 -0.62113
2650.0 4850.0 -0.51707
2750.0 4850.0 -0.55383
2850.0 4850.0 -0.74362
2950.0 4850.0 -0.92233
3050.0 4850.0 -0.89912
3150.0 4850.0 -0.62476
3250.0 4850.0 -0.20525
3350.0 4850.0 0.27339
3450.0 4850.0 1.14503
3550.0 4850.0 2.26163
3650.0 4850.0 3.03612
3750.0 4850.0 3.10725
3850.0 4850.0 2.58730
3950.0 4850.0 1.87279
4050.0 4850.0 1.09046
4150.0 4850.0 0.28879
4250.0 4850.0 -0.18481
4350.0 4850.0 -0.13594
4450.0 4850.0 0.26762
4550.0 4850.0 0.64915
4650.0 4850.0 0.89531
4750.0 4850.0 1.07487
4850.0 4850.0 1.06047
4950.0 4850.0 0.80064
5050.0 4850.0 0.40216
5150.0 4850.0 0.06989
5250.0 4850.0 -0.09000
5350.0 4850.0 -0.12027
5450.0 4850.0 0.03030
5550.0 4850.0 0.16869
5650.0 4850.0 0.07995
5750.0 4850.0 -0.29178
5850.0 4850.0 -0.83018
5950.0 4850.0 -1.38300
6050.0 4850.0 -1.78605
6150.0 4850.0 -1.93855
6250.0 4850.0 -1.90676
6350.0 4850.0 -1.87430
50.0 4950.0 0.67739
150.0 4950.0 0.69596
250.0 4950.0 0.15946
350.0 4950.0 -0.85016
450.0 4950.0 -1.90135
550.0 4950.0 -2.54401
650.0 4950.0 -2.58733
750.0 4950.0 -2.28099
850.0 4950.0 -1.68680
950.0 4950.0 -0.87958
1050.0 4950.0 -0.27784
1150.0 4950.0 -0.16974
1250.0 4950.0 -0.50866
1350.0 4950.0 -1.01768
1450.0 4950.0 -1.42155
1550.0 4950.0 -1.38179
1650.0 4950.0 -0.90035
1750.0 4950.0 -0.27909
1850.0 4950.0 0.09073
1950.0 4950.0 -0.02013
2050.0 4950.0 -0.42944
2150.0 4950.0 -0.97868
2250.0 4950.0 -1.50209
2350.0 4950.0 -1.69592
2450.0 4950.0 -1.46804
2550.0 4950.0 -1.01511
2650.0 4950.0 -0.60336
2750.0 4950.0 -0.28912
2850.0 4950.0 -0.21414
2950.0 4950.0 -0.38824
3050.0 4950.0 -0.65726
3150.0 4950.0 -0.80461
3250.0 4950.0 -0.69377
3350.0 4950.0 -0.38943
3450.0 4950.0 0.36590
3550.0 4950.0 1.48901
3650.0 4950.0 2.39781
3750.0 4950.0 2.65442
3850.0 4950.0 2.25707
3950.0 4950.0 1.55442
4050.0 4950.0 0.73023
4150.0 4950.0 -0.14316
4250.0 4950.0 -0.60349
4350.0 4950.0 -0.37667
4450.0 4950.0 0.33480
4550.0 4950.0 1.04194
4650.0 4950.0 1.57469
4750.0 4950.0 1.92909
4850.0 4950.0 1.90885
4950.0 4950.0 1.51913
5050.0 4950.0 1.00189
5150.0 4950.0 0.69355
5250.0 4950.0 0.71476
5350.0 4950.0 0.90101
5450.0 4950.0 1.22324
5550.0 4950.0 1.38592
5650.0 4950.0 1.15136
5750.0 4950.0 0.55868
5850.0 4950.0 -0.14032
5950.0 4950.0 -0.78882
6050.0 4950.0 -1.28158
6150.0 4950.0 -1.51922
6250.0 4950.0 -1.57175
6350.0 4950.0 -1.62697
50.0 5050.0 1.03351
150.0 5050.0 0.82168
250.0 5050.0 0.28663
350.0 5050.0 -0.49285
450.0 5050.0 -1.24737
550.0 5050.0 -1.73059
650.0 5050.0 -1.86793
750.0 5050.0 -1.80890
850.0 5050.0 -1.44171
950.0 5050.0 -0.76441
1050.0 5050.0 -0.16362
1150.0 5050.0 0.02268
1250.0 5050.0 -0.26479
1350.0 5050.0 -0.81547
1450.0 5050.0 -1.28695
1550.0 5050.0 -1.27885
1650.0 5050.0 -0.74259
1750.0 5050.0 0.02394
1850.0 5050.0 0.57166
1950.0 5050.0 0.59418
2050.0 5050.0 0.25772
2150.0 5050.0 -0.39483
2250.0 5050.0 -1.22861
2350.0 5050.0 -1.75850
2450.0 5050.0 -1.69595
2550.0 5050.0 -1.15378
2650.0 5050.0 -0.47303
2750.0 5050.0 0.14364
2850.0 5050.0 0.44748
2950.0 5050.0 0.27887
3050.0 5050.0 -0.24014
3150.0 5050.0 -0.74944
3250.0 5050.0 -0.90397
3350.0 5050.0 -0.75431
3450.0 5050.0 -0.16479
3550.0 5050.0 0.80808
3650.0 5050.0 1.62974
3750.0 5050.0 1.86897
3850.0 5050.0 1.48285
3950.0 5050.0 0.77529
4050.0 5050.0 -0.08167
4150.0 5050.0 -1.00298
4250.0 5050.0 -1.42907
4350.0 5050.0 -1.02498
4450.0 5050.0 -0.03162
4550.0 5050.0 0.96162
4650.0 5050.0 1.74252
4750.0 5050.0 2.26317
4850.0 5050.0 2.27406
4950.0 5050.0 1.81885
5050.0 5050.0 1.23927
5150.0 5050.0 0.97228
5250.0 5050.0 1.15255
5350.0 5050.0 1.53935
5450.0 5050.0 2.06598
5550.0 5050.0 2.34111
5650.0 5050.0 2.07619
5750.0 5050.0 1.35858
5850.0 5050.0 0.54268
5950.0 5050.0 -0.18215
6050.0 5050.0 -0.68933
6150.0 5050.0 -0.85985
6250.0 5050.0 -0.80770
6350.0 5050.0 -0.78794
50.0 5150.0 0.71995
150.0 5150.0 0.42310
250.0 5150.0 0.06556
350.0 5150.0 -0.28388
450.0 5150.0 -0.54329
550.0 5150.0 -0.69369
650.0 5150.0 -0.78460
750.0 5150.0 -0.85159
850.0 5150.0 -0.63566
950.0 5150.0 -0.10990
1050.0 5150.0 0.37771
1150.0 5150.0 0.50351
1250.0 5150.0 0.18640
1350.0 5150.0 -0.39637
1450.0 5150.0 -0.92228
1550.0 5150.0 -1.02236
1650.0 5150.0 -0.61520
1750.0 5150.0 0.05618
1850.0 5150.0 0.57329
1950.0 5150.0 0.61986
2050.0 5150.0 0.32224
2150.0 5150.0 -0.33996
2250.0 5150.0 -1.22717
2350.0 5150.0 -1.78911
2450.0 5150.0 -1.68614
2550.0 5150.0 -1.02861
2650.0 5150.0 -0.19603
2750.0 5150.0 0.58506
2850.0 5150.0 1.03975
2950.0 5150.0 0.92748
3050.0 5150.0 0.33554
3150.0 5150.0 -0.32151
3250.0 5150.0 -0.59971
3350.0 5150.0 -0.53440
3450.0 5150.0 -0.09264
3550.0 5150.0 0.65612
3650.0 5150.0 1.24256
3750.0 5150.0 1.30692
3850.0 5150.0 0.83831
3950.0 5150.0 0.11402
4050.0 5150.0 -0.77111
4150.0 5150.0 -1.76439
4250.0 5150.0 -2.25027
4350.0 5150.0 -1.83575
4450.0 5150.0 -0.75282
4550.0 5150.0 0.36978
4650.0 5150.0 1.27933
4750.0 5150.0 1.88731
4850.0 5150.0 1.91633
4950.0 5150.0 1.42955
5050.0 5150.0 0.81967
5150.0 5150.0 0.57530
5250.0 5150.0 0.83852
5350.0 5150.0 1.34290
5450.0 5150.0 2.02883
5550.0 5150.0 2.44819
5650.0 5150.0 2.25659
5750.0 5150.0 1.53510
5850.0 5150.0 0.67843
5950.0 5150.0 -0.07903
6050.0 5150.0 -0.51862
6150.0 5150.0 -0.48643
6250.0 5150.0 -0.16803
6350.0 5150.0 0.07052
50.0 5250.0 -0.13243
150.0 5250.0 -0.39585
250.0 5250.0 -0.49305
350.0 5250.0 -0.36781
450.0 5250.0 -0.10241
550.0 5250.0 0.12754
650.0 5250.0 0.16988
750.0 5250.0 0.08823
850.0 5250.0 0.24618
950.0 5250.0 0.65939
1050.0 5250.0 1.00929
1150.0 5250.0 1.01757
1250.0 5250.0 0.63562
1350.0 5250.0 0.03704
1450.0 5250.0 -0.52809
1550.0 5250.0 -0.79303
1650.0 5250.0 -0.66085
1750.0 5250.0 -0.28073
1850.0 5250.0 0.03194
1950.0 5250.0 0.00854
2050.0 5250.0 -0.28137
2150.0 5250.0 -0.86849
2250.0 5250.0 -1.57645
2350.0 5250.0 -1.89592
2450.0 5250.0 -1.56812
2550.0 5250.0 -0.77426
2650.0 5250.0 0.10132
2750.0 5250.0 0.92079
2850.0 5250.0 1.46085
2950.0 5250.0 1.46305
3050.0 5250.0 0.97370
3150.0 5250.0 0.37520
3250.0 5250.0 0.10717
3350.0 5250.0 0.15586
3450.0 5250.0 0.50485
3550.0 5250.0 1.05229
3650.0 5250.0 1.38514
3750.0 5250.0 1.23261
3850.0 5250.0 0.65002
3950.0 5250.0 -0.09310
4050.0 5250.0 -1.00736
4150.0 5250.0 -2.11682
4250.0 5250.0 -2.78566
4350.0 5250.0 -2.55313
4450.0 5250.0 -1.58503
4550.0 5250.0 -0.48703
4650.0 5250.0 0.43947
4750.0 5250.0 1.04950
4850.0 5250.0 1.05626
4950.0 5250.0 0.53284
5050.0 5250.0 -0.10904
5150.0 5250.0 -0.36439
5250.0 5250.0 -0.09102
5350.0 5250.0 0.44597
5450.0 5250.0 1.21653
5550.0 5250.0 1.75608
5650.0 5250.0 1.67815
5750.0 5250.0 1.02667
5850.0 5250.0 0.18712
5950.0 5250.0 -0.56571
6050.0 5250.0 -0.89490
6150.0 5250.0 -0.60839
6250.0 5250.0 0.03255
6350.0 5250.0 0.54384
50.0 5350.0 -1.14413
150.0 5350.0 -1.37698
250.0 5350.0 -1.25132
350.0 5350.0 -0.70151
450.0 5350.0 0.06268
550.0 5350.0 0.69056
650.0 5350.0 0.91938
750.0 5350.0 0.88693
850.0 5350.0 1.03017
950.0 5350.0 1.33935
1050.0 5350.0 1.53925
1150.0 5350.0 1.42397
1250.0 5350.0 1.00082
1350.0 5350.0 0.44160
1450.0 5350.0 -0.11374
1550.0 5350.0 -0.54942
1650.0 5350.0 -0.75676
1750.0 5350.0 -0.75592
1850.0 5350.0 -0.70872
1950.0 5350.0 -0.80320
2050.0 5350.0 -1.04547
2150.0 5350.0 -1.46880
2250.0 5350.0 -1.86845
2350.0 5350.0 -1.84054
2450.0 5350.0 -1.25577
2550.0 5350.0 -0.36597
2650.0 5350.0 0.47890
2750.0 5350.0 1.26292
2850.0 5350.0 1.84005
2950.0 5350.0 1.95915
3050.0 5350.0 1.62212
3150.0 5350.0 1.14343
3250.0 5350.0 0.91645
3350.0 5350.0 0.95327
3450.0 5350.0 1.22466
3550.0 5350.0 1.60006
3650.0 5350.0 1.71178
3750.0 5350.0 1.36511
3850.0 5350.0 0.67509
3950.0 5350.0 -0.09255
4050.0 5350.0 -1.03921
4150.0 5350.0 -2.26766
4250.0 5350.0 -3.14720
4350.0 5350.0 -3.16283
4450.0 5350.0 -2.40109
4550.0 5350.0 -1.41657
4650.0 5350.0 -0.54825
4750.0 5350.0 0.03152
4850.0 5350.0 0.04937
4950.0 5350.0 -0.43668
5050.0 5350.0 -1.04655
5150.0 5350.0 -1.30418
5250.0 5350.0 -1.06895
5350.0 5350.0 -0.55862
5450.0 5350.0 0.25543
5550.0 5350.0 0.92398
5650.0 5350.0 1.02279
5750.0 5350.0 0.52544
5850.0 5350.0 -0.23604
5950.0 5350.0 -0.94832
6050.0 5350.0 -1.15862
6150.0 5350.0 -0.64481
6250.0 5350.0 0.27585
6350.0 5350.0 1.03075
50.0 5450.0 -2.07151
150.0 5450.0 -2.35259
250.0 5450.0 -2.20028
350.0 5450.0 -1.47013
450.0 5450.0 -0.37791
550.0 5450.0 0.61955
650.0 5450.0 1.12805
750.0 5450.0 1.27728
850.0 5450.0 1.48303
950.0 5450.0 1.68322
1050.0 5450.0 1.69529
1150.0 5450.0 1.45590
1250.0 5450.0 1.07437
1350.0 5450.0 0.71080
1450.0 5450.0 0.31450
1550.0 5450.0 -0.23390
1650.0 5450.0 -0.81934
1750.0 5450.0 -1.27414
1850.0 5450.0 -1.52312
1950.0 5450.0 -1.61987
2050.0 5450.0 -1.67910
2150.0 5450.0 -1.75028
2250.0 5450.0 -1.65930
2350.0 5450.0 -1.22331
2450.0 5450.0 -0.48003
2550.0 5450.0 0.31955
2650.0 5450.0 0.95971
2750.0 5450.0 1.54950
2850.0 5450.0 2.04049
2950.0 5450.0 2.23260
3050.0 5450.0 2.08332
3150.0 5450.0 1.78486
3250.0 5450.0 1.61599
3350.0 5450.0 1.61968
3450.0 5450.0 1.83491
3550.0 5450.0 2.12548
3650.0 5450.0 2.13767
3750.0 5450.0 1.69994
3850.0 5450.0 0.94533
3950.0 5450.0 0.13829
4050.0 5450.0 -0.83553
4150.0 5450.0 -2.10657
4250.0 5450.0 -3.11376
4350.0 5450.0 -3.36837
4450.0 5450.0 -2.90628
4550.0 5450.0 -2.19643
4650.0 5450.0 -1.55340
4750.0 5450.0 -1.06108
4850.0 5450.0 -0.92130
4950.0 5450.0 -1.15836
5050.0 5450.0 -1.55455
5150.0 5450.0 -1.77675
5250.0 5450.0 -1.68772
5350.0 5450.0 -1.34549
5450.0 5450.0 -0.60296
5550.0 5450.0 0.18458
5650.0 5450.0 0.57769
5750.0 5450.0 0.41388
5850.0 5450.0 -0.12796
5950.0 5450.0 -0.71265
6050.0 5450.0 -0.81562
6150.0 5450.0 -0.21580
6250.0 5450.0 0.78474
6350.0 5450.0 1.63214
50.0 5550.0 -2.39675
150.0 5550.0 -2.81187
250.0 5550.0 -2.90054
350.0 5550.0 -2.37733
450.0 5550.0 -1.30207
550.0 5550.0 -0.10821
650.0 5550.0 0.69956
750.0 5550.0 1.13715
850.0 5550.0 1.47224
950.0 5550.0 1.56748
1050.0 5550.0 1.37153
1150.0 5550.0 1.01743
1250.0 5550.0 0.75122
1350.0 5550.0 0.71308
1450.0 5550.0 0.61719
1550.0 5550.0 0.09147
1650.0 5550.0 -0.75329
1750.0 5550.0 -1.56352
1850.0 5550.0 -2.01628
1950.0 5550.0 -2.01530
2050.0 5550.0 -1.78206
2150.0 5550.0 -1.40744
2250.0 5550.0 -0.82639
2350.0 5550.0 -0.13158
2450.0 5550.0 0.51266
2550.0 5550.0 0.97247
2650.0 5550.0 1.24802
2750.0 5550.0 1.50859
2850.0 5550.0 1.79324
2950.0 5550.0 1.99075
3050.0 5550.0 2.02482
3150.0 5550.0 1.93248
3250.0 5550.0 1.82732
3350.0 5550.0 1.78187
3450.0 5550.0 1.98383
3550.0 5550.0 2.32132
3650.0 5550.0 2.41214
3750.0 5550.0 2.03635
3850.0 5550.0 1.28872
3950.0 5550.0 0.43586
4050.0 5550.0 -0.53731
4150.0 5550.0 -1.68857
4250.0 5550.0 -2.59092
4350.0 5550.0 -2.90405
4450.0 5550.0 -2.69779
4550.0 5550.0 -2.35422
4650.0 5550.0 -2.07414
4750.0 5550.0 -1.73025
4850.0 5550.0 -1.40915
4950.0 5550.0 -1.26380
5050.0 5550.0 -1.33184
5150.0 5550.0 -1.50590
5250.0 5550.0 -1.65486
5350.0 5550.0 -1.61435
5450.0 5550.0 -1.10668
5550.0 5550.0 -0.31934
5650.0 5550.0 0.34960
5750.0 5550.0 0.58799
5850.0 5550.0 0.35648
5950.0 5550.0 -0.03305
6050.0 5550.0 -0.07883
6150.0 5550.0 0.39996
6250.0 5550.0 1.20125
6350.0 5550.0 1.91949
50.0 5650.0 -1.91285
150.0 5650.0 -2.50021
250.0 5650.0 -3.00621
350.0 5650.0 -2.99095
450.0 5650.0 -2.25490
550.0 5650.0 -1.09259
650.0 5650.0 -0.06365
750.0 5650.0 0.66987
850.0 5650.0 1.14577
950.0 5650.0 1.14794
1050.0 5650.0 0.75721
1150.0 5650.0 0.30317
1250.0 5650.0 0.16763
1350.0 5650.0 0.46982
1450.0 5650.0 0.71480
1550.0 5650.0 0.34863
1650.0 5650.0 -0.53205
1750.0 5650.0 -1.45868
1850.0 5650.0 -1.94070
1950.0 5650.0 -1.77087
2050.0 5650.0 -1.23674
2150.0 5650.0 -0.49286
2250.0 5650.0 0.36689
2350.0 5650.0 1.02575
2450.0 5650.0 1.29691
2550.0 5650.0 1.25623
2650.0 5650.0 1.12734
2750.0 5650.0 1.03882
2850.0 5650.0 1.07845
2950.0 5650.0 1.23022
3050.0 5650.0 1.40006
3150.0 5650.0 1.48311
3250.0 5650.0 1.43037
3350.0 5650.0 1.33623
3450.0 5650.0 1.56476
3550.0 5650.0 2.04685
3650.0 5650.0 2.34406
3750.0 5650.0 2.14153
3850.0 5650.0 1.45916
3950.0 5650.0 0.56799
4050.0 5650.0 -0.36870
4150.0 5650.0 -1.24395
4250.0 5650.0 -1.78737
4350.0 5650.0 -1.89793
4450.0 5650.0 -1.77382
4550.0 5650.0 -1.74835
4650.0 5650.0 -1.84549
4750.0 5650.0 -1.67581
4850.0 5650.0 -1.21195
4950.0 5650.0 -0.72767
5050.0 5650.0 -0.50504
5150.0 5650.0 -0.65531
5250.0 5650.0 -1.05568
5350.0 5650.0 -1.35479
5450.0 5650.0 -1.19503
5550.0 5650.0 -0.57577
5650.0 5650.0 0.20541
5750.0 5650.0 0.74224
5850.0 5650.0 0.79415
5950.0 5650.0 0.60094
6050.0 5650.0 0.55028
6150.0 5650.0 0.75941
6250.0 5650.0 1.17202
6350.0 5650.0 1.60188
50.0 5750.0 -0.97368
150.0 5750.0 -1.69799
250.0 5750.0 -2.58559
350.0 5750.0 -3.08607
450.0 5750.0 -2.76643
550.0 5750.0 -1.76046
650.0 5750.0 -0.63119
750.0 5750.0 0.30256
850.0 5750.0 0.86802
950.0 5750.0 0.78850
1050.0 5750.0 0.24023
1150.0 5750.0 -0.30386
1250.0 5750.0 -0.36174
1350.0 5750.0 0.17173
1450.0 5750.0 0.67027
1550.0 5750.0 0.50745
1650.0 5750.0 -0.23650
1750.0 5750.0 -1.06818
1850.0 5750.0 -1.44417
1950.0 5750.0 -1.11206
2050.0 5750.0 -0.37442
2150.0 5750.0 0.54665
2250.0 5750.0 1.41106
2350.0 5750.0 1.79878
2450.0 5750.0 1.59570
2550.0 5750.0 1.09268
2650.0 5750.0 0.66583
2750.0 5750.0 0.33600
2850.0 5750.0 0.19930
2950.0 5750.0 0.30583
3050.0 5750.0 0.55399
3150.0 5750.0 0.74684
3250.0 5750.0 0.72634
3350.0 5750.0 0.59992
3450.0 5750.0 0.86433
3550.0 5750.0 1.48751
3650.0 5750.0 1.98083
3750.0 5750.0 1.94476
3850.0 5750.0 1.33253
3950.0 5750.0 0.41917
4050.0 5750.0 -0.46202
4150.0 5750.0 -1.01900
4250.0 5750.0 -1.10346
4350.0 5750.0 -0.85085
4450.0 5750.0 -0.62665
4550.0 5750.0 -0.76601
4650.0 5750.0 -1.12269
4750.0 5750.0 -1.10036
4850.0 5750.0 -0.60262
4950.0 5750.0 0.03210
5050.0 5750.0 0.38345
5150.0 5750.0 0.21272
5250.0 5750.0 -0.36564
5350.0 5750.0 -0.92134
5450.0 5750.0 -1.09477
5550.0 5750.0 -0.74372
5650.0 5750.0 -0.04451
5750.0 5750.0 0.58799
5850.0 5750.0 0.79860
5950.0 5750.0 0.73642
6050.0 5750.0 0.64981
6150.0 5750.0 0.60113
6250.0 5750.0 0.65516
6350.0 5750.0 0.80915
50.0 5850.0 -0.18906
150.0 5850.0 -0.96617
250.0 5850.0 -2.01902
350.0 5850.0 -2.75910
450.0 5850.0 -2.65345
550.0 5850.0 -1.75556
650.0 5850.0 -0.61512
750.0 5850.0 0.38214
850.0 5850.0 0.95688
950.0 5850.0 0.79981
1050.0 5850.0 0.13173
1150.0 5850.0 -0.50310
1250.0 5850.0 -0.56966
1350.0 5850.0 0.03328
1450.0 5850.0 0.62869
1550.0 5850.0 0.59814
1650.0 5850.0 0.01180
1750.0 5850.0 -0.66656
1850.0 5850.0 -0.91965
1950.0 5850.0 -0.50192
2050.0 5850.0 0.29947
2150.0 5850.0 1.21067
2250.0 5850.0 1.91022
2350.0 5850.0 1.98921
2450.0 5850.0 1.43603
2550.0 5850.0 0.67539
2650.0 5850.0 0.13262
2750.0 5850.0 -0.27376
2850.0 5850.0 -0.45698
2950.0 5850.0 -0.34632
3050.0 5850.0 -0.05224
3150.0 5850.0 0.19095
3250.0 5850.0 0.18610
3350.0 5850.0 0.04919
3450.0 5850.0 0.32414
3550.0 5850.0 0.99064
3650.0 5850.0 1.54443
3750.0 5850.0 1.55960
3850.0 5850.0 0.96858
3950.0 5850.0 0.04771
4050.0 5850.0 -0.78637
4150.0 5850.0 -1.11668
4250.0 5850.0 -0.84882
4350.0 5850.0 -0.26437
4450.0 5850.0 0.14116
4550.0 5850.0 -0.00153
4650.0 5850.0 -0.44491
4750.0 5850.0 -0.50901
4850.0 5850.0 -0.08801
4950.0 5850.0 0.48342
5050.0 5850.0 0.78004
5150.0 5850.0 0.55219
5250.0 5850.0 -0.09205
5350.0 5850.0 -0.75590
5450.0 5850.0 -1.13487
5550.0 5850.0 -1.02766
5650.0 5850.0 -0.51745
5750.0 5850.0 0.03517
5850.0 5850.0 0.26133
5950.0 5850.0 0.24066
6050.0 5850.0 0.13522
6150.0 5850.0 -0.01372
6250.0 5850.0 -0.09708
6350.0 5850.0 -0.05038
50.0 5950.0 0.38552
150.0 5950.0 -0.38978
250.0 5950.0 -1.46426
350.0 5950.0 -2.25286
450.0 5950.0 -2.20844
550.0 5950.0 -1.36196
650.0 5950.0 -0.24692
750.0 5950.0 0.74096
850.0 5950.0 1.28060
950.0 5950.0 1.04358
1050.0 5950.0 0.26776
1150.0 5950.0 -0.46795
1250.0 5950.0 -0.59778
1350.0 5950.0 -0.01731
1450.0 5950.0 0.58024
1550.0 5950.0 0.61104
1650.0 5950.0 0.14408
1750.0 5950.0 -0.39770
1850.0 5950.0 -0.54874
1950.0 5950.0 -0.09301
2050.0 5950.0 0.70388
2150.0 5950.0 1.53581
2250.0 5950.0 2.04538
2350.0 5950.0 1.87766
2450.0 5950.0 1.11067
2550.0 5950.0 0.23846
2650.0 5950.0 -0.31729
2750.0 5950.0 -0.71487
2850.0 5950.0 -0.88340
2950.0 5950.0 -0.75201
3050.0 5950.0 -0.43500
3150.0 5950.0 -0.17193
3250.0 5950.0 -0.16324
3350.0 5950.0 -0.29115
3450.0 5950.0 -0.01870
3550.0 5950.0 0.62733
3650.0 5950.0 1.14960
3750.0 5950.0 1.13611
3850.0 5950.0 0.53163
3950.0 5950.0 -0.38680
4050.0 5950.0 -1.17997
4150.0 5950.0 -1.35545
4250.0 5950.0 -0.83616
4350.0 5950.0 0.01240
4450.0 5950.0 0.60322
4550.0 5950.0 0.52657
4650.0 5950.0 0.08493
4750.0 5950.0 -0.03044
4850.0 5950.0 0.26499
4950.0 5950.0 0.67150
5050.0 5950.0 0.82340
5150.0 5950.0 0.51852
5250.0 5950.0 -0.13853
5350.0 5950.0 -0.83051
5450.0 5950.0 -1.31894
5550.0 5950.0 -1.38993
5650.0 5950.0 -1.06749
5750.0 5950.0 -0.64707
5850.0 5950.0 -0.46875
5950.0 5950.0 -0.49606
6050.0 5950.0 -0.60229
6150.0 5950.0 -0.74468
6250.0 5950.0 -0.81707
6350.0 5950.0 -0.76067
50.0 6050.0 1.18159
150.0 6050.0 0.49105
250.0 6050.0 -0.52614
350.0 6050.0 -1.34564
450.0 6050.0 -1.43660
550.0 6050.0 -0.77497
650.0 6050.0 0.19142
750.0 6050.0 1.08205
850.0 6050.0 1.54532
950.0 6050.0 1.24043
1050.0 6050.0 0.37263
1150.0 6050.0 -0.49648
1250.0 6050.0 -0.79018
1350.0 6050.0 -0.37927
1450.0 6050.0 0.07248
1550.0 6050.0 0.06642
1650.0 6050.0 -0.28977
1750.0 6050.0 -0.62526
1850.0 6050.0 -0.59078
1950.0 6050.0 -0.07186
2050.0 6050.0 0.69501
2150.0 6050.0 1.44209
2250.0 6050.0 1.82591
2350.0 6050.0 1.56318
2450.0 6050.0 0.78349
2550.0 6050.0 -0.02295
2650.0 6050.0 -0.47947
2750.0 6050.0 -0.80799
2850.0 6050.0 -1.01940
2950.0 6050.0 -1.02554
3050.0 6050.0 -0.85672
3150.0 6050.0 -0.66264
3250.0 6050.0 -0.60471
3350.0 6050.0 -0.62475
3450.0 6050.0 -0.28262
3550.0 6050.0 0.36000
3650.0 6050.0 0.82184
3750.0 6050.0 0.74317
3850.0 6050.0 0.12577
3950.0 6050.0 -0.74051
4050.0 6050.0 -1.44436
4150.0 6050.0 -1.45366
4250.0 6050.0 -0.70063
4350.0 6050.0 0.39385
4450.0 6050.0 1.17981
4550.0 6050.0 1.21759
4650.0 6050.0 0.84228
4750.0 6050.0 0.70740
4850.0 6050.0 0.84265
4950.0 6050.0 0.99004
5050.0 6050.0 0.88826
5150.0 6050.0 0.43892
5250.0 6050.0 -0.24013
5350.0 6050.0 -0.92093
5450.0 6050.0 -1.38496
5550.0 6050.0 -1.45053
5650.0 6050.0 -1.16655
5750.0 6050.0 -0.82276
5850.0 6050.0 -0.73099
5950.0 6050.0 -0.83598
6050.0 6050.0 -0.97678
6150.0 6050.0 -1.08813
6250.0 6050.0 -1.08809
6350.0 6050.0 -0.96824
50.0 6150.0 1.90101
150.0 6150.0 1.41246
250.0 6150.0 0.58697
350.0 6150.0 -0.18982
450.0 6150.0 -0.46061
550.0 6150.0 -0.12206
650.0 6150.0 0.54647
750.0 6150.0 1.22523
850.0 6150.0 1.58976
950.0 6150.0 1.31524
1050.0 6150.0 0.48629
1150.0 6150.0 -0.46149
1250.0 6150.0 -0.99909
1350.0 6150.0 -0.94448
1450.0 6150.0 -0.84068
1550.0 6150.0 -1.03439
1650.0 6150.0 -1.32390
1750.0 6150.0 -1.39432
1850.0 6150.0 -1.08658
1950.0 6150.0 -0.47851
2050.0 6150.0 0.22490
2150.0 6150.0 0.87373
2250.0 6150.0 1.20033
2350.0 6150.0 1.02099
2450.0 6150.0 0.47485
2550.0 6150.0 -0.04184
2650.0 6150.0 -0.25204
2750.0 6150.0 -0.42618
2850.0 6150.0 -0.73324
2950.0 6150.0 -1.04642
3050.0 6150.0 -1.20846
3150.0 6150.0 -1.16835
3250.0 6150.0 -1.00031
3350.0 6150.0 -0.77870
3450.0 6150.0 -0.27273
3550.0 6150.0 0.38154
3650.0 6150.0 0.73344
3750.0 6150.0 0.53100
3850.0 6150.0 -0.10359
3950.0 6150.0 -0.85153
4050.0 6150.0 -1.41801
4150.0 6150.0 -1.31935
4250.0 6150.0 -0.47865
4350.0 6150.0 0.70731
4450.0 6150.0 1.60969
4550.0 6150.0 1.79411
4650.0 6150.0 1.57237
4750.0 6150.0 1.49848
4850.0 6150.0 1.51654
4950.0 6150.0 1.39333
5050.0 6150.0 0.99026
5150.0 6150.0 0.35630
5250.0 6150.0 -0.35130
5350.0 6150.0 -0.97176
5450.0 6150.0 -1.23968
5550.0 6150.0 -1.06412
5650.0 6150.0 -0.62795
5750.0 6150.0 -0.29208
5850.0 6150.0 -0.34019
5950.0 6150.0 -0.61822
6050.0 6150.0 -0.84296
6150.0 6150.0 -0.89994
6250.0 6150.0 -0.75697
6350.0 6150.0 -0.51138
50.0 6250.0 2.05338
150.0 6250.0 1.83115
250.0 6250.0 1.30528
350.0 6250.0 0.68360
450.0 6250.0 0.29698
550.0 6250.0 0.30919
650.0 6250.0 0.63285
750.0 6250.0 1.04888
850.0 6250.0 1.34834
950.0 6250.0 1.26305
1050.0 6250.0 0.68567
1150.0 6250.0 -0.17951
1250.0 6250.0 -0.92358
1350.0 6250.0 -1.30004
1450.0 6250.0 -1.64590
1550.0 6250.0 -2.12628
1650.0 6250.0 -2.41723
1750.0 6250.0 -2.24580
1850.0 6250.0 -1.66003
1950.0 6250.0 -0.96407
2050.0 6250.0 -0.34118
2150.0 6250.0 0.19258
2250.0 6250.0 0.46888
2350.0 6250.0 0.42380
2450.0 6250.0 0.19812
2550.0 6250.0 0.06117
2650.0 6250.0 0.16430
2750.0 6250.0 0.19343
2850.0 6250.0 -0.19681
2950.0 6250.0 -0.83431
3050.0 6250.0 -1.34639
3150.0 6250.0 -1.45267
3250.0 6250.0 -1.12861
3350.0 6250.0 -0.60171
3450.0 6250.0 0.10681
3550.0 6250.0 0.76567
3650.0 6250.0 0.96562
3750.0 6250.0 0.59548
3850.0 6250.0 -0.06694
3950.0 6250.0 -0.66652
4050.0 6250.0 -1.09759
4150.0 6250.0 -1.02337
4250.0 6250.0 -0.33721
4350.0 6250.0 0.68470
4450.0 6250.0 1.53901
4550.0 6250.0 1.84197
4650.0 6250.0 1.81823
4750.0 6250.0 1.89642
4850.0 6250.0 1.93938
4950.0 6250.0 1.69608
5050.0 6250.0 1.10340
5150.0 6250.0 0.33558
5250.0 6250.0 -0.39328
5350.0 6250.0 -0.93239
5450.0 6250.0 -0.93208
5550.0 6250.0 -0.41864
5650.0 6250.0 0.24447
5750.0 6250.0 0.59424
5850.0 6250.0 0.37739
5950.0 6250.0 -0.11935
6050.0 6250.0 -0.45529
6150.0 6250.0 -0.45535
6250.0 6250.0 -0.14674
6350.0 6250.0 0.24503
50.0 6350.0 1.52407
150.0 6350.0 1.53929
250.0 6350.0 1.32551
350.0 6350.0 0.93689
450.0 6350.0 0.56332
550.0 6350.0 0.38017
650.0 6350.0 0.44224
750.0 6350.0 0.63980
850.0 6350.0 0.94106
950.0 6350.0 1.16082
1050.0 6350.0 0.99085
1150.0 6350.0 0.36986
1250.0 6350.0 -0.45243
1350.0 6350.0 -1.17688
1450.0 6350.0 -1.91029
1550.0 6350.0 -2.66192
1650.0 6350.0 -3.00205
1750.0 6350.0 -2.67729
1850.0 6350.0 -1.89301
1950.0 6350.0 -1.13623
2050.0 6350.0 -0.58389
2150.0 6350.0 -0.17453
2250.0 6350.0 -0.00635
2350.0 6350.0 -0.02392
2450.0 6350.0 -0.05416
2550.0 6350.0 0.08950
2650.0 6350.0 0.45141
2750.0 6350.0 0.66550
2850.0 6350.0 0.26041
2950.0 6350.0 -0.55853
3050.0 6350.0 -1.26747
3150.0 6350.0 -1.42685
3250.0 6350.0 -0.94513
3350.0 6350.0 -0.15895
3450.0 6350.0 0.71161
3550.0 6350.0 1.35091
3650.0 6350.0 1.39136
3750.0 6350.0 0.85219
3850.0 6350.0 0.15195
3950.0 6350.0 -0.32401
4050.0 6350.0 -0.66931
4150.0 6350.0 -0.73924
4250.0 6350.0 -0.38787
4350.0 6350.0 0.28021
4450.0 6350.0 0.94394
4550.0 6350.0 1.29643
4650.0 6350.0 1.44459
4750.0 6350.0 1.71763
4850.0 6350.0 1.93304
4950.0 6350.0 1.78170
5050.0 6350.0 1.19503
5150.0 6350.0 0.40046
5250.0 6350.0 -0.33356
5350.0 6350.0 -0.81142
5450.0 6350.0 -0.61465
5550.0 6350.0 0.13506
5650.0 6350.0 0.93826
5750.0 6350.0 1.26378
5850.0 6350.0 0.89189
5950.0 6350.0 0.20881
6050.0 6350.0 -0.22637
6150.0 6350.0 -0.18894
6250.0 6350.0 0.24661
6350.0 6350.0 0.75086
