50.0 50.0 0.00000
150.0 50.0 -0.40184
250.0 50.0 -0.82576
350.0 50.0 -1.21862
450.0 50.0 -1.49885
550.0 50.0 -1.60021
650.0 50.0 -1.49885
750.0 50.0 -1.22354
850.0 50.0 -0.84927
950.0 50.0 -0.47402
1050.0 50.0 -0.17893
1150.0 50.0 0.02824
1250.0 50.0 0.18388
1350.0 50.0 0.21934
1450.0 50.0 0.11461
1550.0 50.0 -0.09501
1650.0 50.0 -0.34484
1750.0 50.0 -0.56250
1850.0 50.0 -0.68505
1950.0 50.0 -0.67199
2050.0 50.0 -0.51374
2150.0 50.0 -0.23585
2250.0 50.0 0.10133
2350.0 50.0 0.42012
2450.0 50.0 0.65745
2550.0 50.0 0.77029
2650.0 50.0 0.74357
2750.0 50.0 0.59357
2850.0 50.0 0.36539
2950.0 50.0 0.12427
3050.0 50.0 -0.05893
3150.0 50.0 -0.12837
3250.0 50.0 -0.06983
3350.0 50.0 0.06098
3450.0 50.0 0.23064
3550.0 50.0 0.45306
3650.0 50.0 0.69062
3750.0 50.0 0.88449
3850.0 50.0 0.98283
3950.0 50.0 0.95867
4050.0 50.0 0.81732
4150.0 50.0 0.59349
4250.0 50.0 0.33790
4350.0 50.0 0.09358
4450.0 50.0 -0.13040
4550.0 50.0 -0.28369
4650.0 50.0 -0.30527
4750.0 50.0 -0.19389
4850.0 50.0 0.01048
4950.0 50.0 0.24568
5050.0 50.0 0.44406
5150.0 50.0 0.54703
5250.0 50.0 0.51750
5350.0 50.0 0.34996
5450.0 50.0 0.07855
5550.0 50.0 -0.21179
5650.0 50.0 -0.37987
5750.0 50.0 -0.35160
5850.0 50.0 -0.14161
5950.0 50.0 0.18010
6050.0 50.0 0.51763
6150.0 50.0 0.77411
6250.0 50.0 0.87237
6350.0 50.0 0.77112
50.0 150.0 0.41137
150.0 150.0 0.01471
250.0 150.0 -0.40436
350.0 150.0 -0.79331
450.0 150.0 -1.07116
550.0 150.0 -1.17199
650.0 150.0 -1.07179
750.0 150.0 -0.79879
850.0 150.0 -0.42708
950.0 150.0 -0.05372
1050.0 150.0 0.24080
1150.0 150.0 0.44851
1250.0 150.0 0.60332
1350.0 150.0 0.63222
1450.0 150.0 0.51326
1550.0 150.0 0.28223
1650.0 150.0 0.00606
1750.0 150.0 -0.23948
1850.0 150.0 -0.38775
1950.0 150.0 -0.39495
2050.0 150.0 -0.24950
2150.0 150.0 0.02295
2250.0 150.0 0.35877
2350.0 150.0 0.66777
2450.0 150.0 0.87018
2550.0 150.0 0.91751
2650.0 150.0 0.79889
2750.0 150.0 0.54130
2850.0 150.0 0.20391
2950.0 150.0 -0.13362
3050.0 150.0 -0.38877
3150.0 150.0 -0.49979
3250.0 150.0 -0.45532
3350.0 150.0 -0.32518
3450.0 150.0 -0.15448
3550.0 150.0 0.07102
3650.0 150.0 0.31384
3750.0 150.0 0.51453
3850.0 150.0 0.62031
3950.0 150.0 0.60309
4050.0 150.0 0.46723
4150.0 150.0 0.24680
4250.0 150.0 -0.00763
4350.0 150.0 -0.25256
4450.0 150.0 -0.47687
4550.0 150.0 -0.61651
4650.0 150.0 -0.59677
4750.0 150.0 -0.41400
4850.0 150.0 -0.11436
4950.0 150.0 0.22817
5050.0 150.0 0.53156
5150.0 150.0 0.72335
5250.0 150.0 0.75605
5350.0 150.0 0.62036
5450.0 150.0 0.35629
5550.0 150.0 0.06356
5650.0 150.0 -0.12143
5750.0 150.0 -0.13438
5850.0 150.0 0.01000
5950.0 150.0 0.24856
6050.0 150.0 0.49626
6150.0 150.0 0.66847
6250.0 150.0 0.69896
6350.0 150.0 0.55373
50.0 250.0 0.91326
150.0 250.0 0.54655
250.0 250.0 0.15341
350.0 250.0 -0.21817
450.0 250.0 -0.49050
550.0 250.0 -0.59851
650.0 250.0 -0.51613
750.0 250.0 -0.26677
850.0 250.0 0.08188
950.0 250.0 0.43910
1050.0 250.0 0.72810
1150.0 250.0 0.93869
1250.0 250.0 1.09577
1350.0 250.0 1.11914
1450.0 250.0 0.98341
1550.0 250.0 0.72410
1650.0 250.0 0.41060
1750.0 250.0 0.12320
1850.0 250.0 -0.06586
1950.0 250.0 -0.10725
2050.0 250.0 0.01462
2150.0 250.0 0.27480
2250.0 250.0 0.60504
2350.0 250.0 0.89943
2450.0 250.0 1.05989
2550.0 250.0 1.03255
2650.0 250.0 0.81164
2750.0 250.0 0.43617
2850.0 250.0 -0.01938
2950.0 250.0 -0.46006
3050.0 250.0 -0.79133
3150.0 250.0 -0.94576
3250.0 250.0 -0.91559
3350.0 250.0 -0.78553
3450.0 250.0 -0.60791
3550.0 250.0 -0.36173
3650.0 250.0 -0.08347
3750.0 250.0 0.16364
3850.0 250.0 0.32029
3950.0 250.0 0.35106
4050.0 250.0 0.25368
4150.0 250.0 0.05776
4250.0 250.0 -0.18733
4350.0 250.0 -0.43505
4450.0 250.0 -0.66617
4550.0 250.0 -0.80212
4650.0 250.0 -0.75747
4750.0 250.0 -0.52646
4850.0 250.0 -0.15972
4950.0 250.0 0.25988
5050.0 250.0 0.63929
5150.0 250.0 0.89518
5250.0 250.0 0.97175
5350.0 250.0 0.85647
5450.0 250.0 0.59367
5550.0 250.0 0.29345
5650.0 250.0 0.08030
5750.0 250.0 0.00654
5850.0 250.0 0.06046
5950.0 250.0 0.19113
6050.0 250.0 0.32974
6150.0 250.0 0.40771
6250.0 250.0 0.37120
6350.0 250.0 0.19243
50.0 350.0 1.45612
150.0 350.0 1.15468
250.0 350.0 0.81771
350.0 350.0 0.48324
450.0 350.0 0.22173
550.0 350.0 0.09653
650.0 350.0 0.13848
750.0 350.0 0.33478
850.0 350.0 0.63197
950.0 350.0 0.95326
1050.0 350.0 1.22992
1150.0 350.0 1.44677
1250.0 350.0 1.61100
1350.0 350.0 1.63261
1450.0 350.0 1.48122
1550.0 350.0 1.19073
1650.0 350.0 0.83249
1750.0 350.0 0.49187
1850.0 350.0 0.24831
1950.0 350.0 0.15892
2050.0 350.0 0.24548
2150.0 350.0 0.48505
2250.0 350.0 0.80383
2350.0 350.0 1.07829
2450.0 350.0 1.19268
2550.0 350.0 1.08873
2650.0 350.0 0.76649
2750.0 350.0 0.27696
2850.0 350.0 -0.29070
2950.0 350.0 -0.82748
3050.0 350.0 -1.22836
3150.0 350.0 -1.42161
3250.0 350.0 -1.40359
3350.0 350.0 -1.27269
3450.0 350.0 -1.08143
3550.0 350.0 -0.79483
3650.0 350.0 -0.44767
3750.0 350.0 -0.11079
3850.0 350.0 0.14366
3950.0 350.0 0.26593
4050.0 350.0 0.24111
4150.0 350.0 0.09037
4250.0 350.0 -0.13887
4350.0 350.0 -0.39404
4450.0 350.0 -0.64126
4550.0 350.0 -0.78800
4650.0 350.0 -0.74273
4750.0 350.0 -0.49802
4850.0 350.0 -0.10635
4950.0 350.0 0.34492
5050.0 350.0 0.75678
5150.0 350.0 1.03963
5250.0 350.0 1.13259
5350.0 350.0 1.02074
5450.0 350.0 0.75040
5550.0 350.0 0.43571
5650.0 350.0 0.18105
5750.0 350.0 0.02543
5850.0 350.0 -0.03533
5950.0 350.0 -0.03343
6050.0 350.0 -0.01554
6150.0 350.0 -0.03087
6250.0 350.0 -0.12075
6350.0 350.0 -0.30969
50.0 450.0 1.92092
150.0 450.0 1.71830
250.0 450.0 1.46655
350.0 450.0 1.18861
450.0 450.0 0.94405
550.0 450.0 0.79353
650.0 450.0 0.77501
750.0 450.0 0.89165
850.0 450.0 1.11148
950.0 450.0 1.37872
1050.0 450.0 1.63683
1150.0 450.0 1.86318
1250.0 450.0 2.03987
1350.0 450.0 2.06640
1450.0 450.0 1.90663
1550.0 450.0 1.59134
1650.0 450.0 1.19233
1750.0 450.0 0.79913
1850.0 450.0 0.49838
1950.0 450.0 0.35577
2050.0 450.0 0.40073
2150.0 450.0 0.61362
2250.0 450.0 0.91556
2350.0 450.0 1.16708
2450.0 450.0 1.23929
2550.0 450.0 1.07175
2650.0 450.0 0.66997
2750.0 450.0 0.09458
2850.0 450.0 -0.55443
2950.0 450.0 -1.15849
3050.0 450.0 -1.60625
3150.0 450.0 -1.82434
3250.0 450.0 -1.81316
3350.0 450.0 -1.68045
3450.0 450.0 -1.47135
3550.0 450.0 -1.13266
3650.0 450.0 -0.69749
3750.0 450.0 -0.24705
3850.0 450.0 0.12983
3950.0 450.0 0.36507
4050.0 450.0 0.42794
4150.0 450.0 0.32955
4250.0 450.0 0.11547
4350.0 450.0 -0.15361
4450.0 450.0 -0.42581
4550.0 450.0 -0.59753
4650.0 450.0 -0.57591
4750.0 450.0 -0.35233
4850.0 450.0 0.02149
4950.0 450.0 0.45827
5050.0 450.0 0.85819
5150.0 450.0 1.13022
5250.0 450.0 1.21170
5350.0 450.0 1.08622
5450.0 450.0 0.79974
5550.0 450.0 0.46430
5650.0 450.0 0.15904
5750.0 450.0 -0.08929
5850.0 450.0 -0.27291
5950.0 450.0 -0.40044
6050.0 450.0 -0.49329
6150.0 450.0 -0.58089
6250.0 450.0 -0.69457
6350.0 450.0 -0.86021
50.0 550.0 2.18927
150.0 550.0 2.10858
250.0 550.0 1.96237
350.0 550.0 1.75518
450.0 550.0 1.53310
550.0 550.0 1.35332
650.0 550.0 1.26231
750.0 550.0 1.28268
850.0 550.0 1.40865
950.0 550.0 1.61020
1050.0 550.0 1.84585
1150.0 550.0 2.08397
1250.0 550.0 2.27759
1350.0 550.0 2.31738
1450.0 550.0 2.16187
1550.0 550.0 1.83730
1650.0 550.0 1.41365
1750.0 550.0 0.98225
1850.0 550.0 0.63506
1950.0 550.0 0.44538
2050.0 550.0 0.45031
2150.0 550.0 0.63462
2250.0 550.0 0.91627
2350.0 550.0 1.14528
2450.0 550.0 1.18750
2550.0 550.0 0.98341
2650.0 550.0 0.54260
2750.0 550.0 -0.06928
2850.0 550.0 -0.74798
2950.0 550.0 -1.37250
3050.0 550.0 -1.83131
3150.0 550.0 -2.05294
3250.0 550.0 -2.04097
3350.0 550.0 -1.90565
3450.0 550.0 -1.67849
3550.0 550.0 -1.28832
3650.0 550.0 -0.76754
3750.0 550.0 -0.20835
3850.0 550.0 0.28353
3950.0 550.0 0.62222
4050.0 550.0 0.76219
4150.0 550.0 0.70582
4250.0 550.0 0.49805
4350.0 550.0 0.20816
4450.0 550.0 -0.09524
4550.0 550.0 -0.30219
4650.0 550.0 -0.32234
4750.0 550.0 -0.14633
4850.0 550.0 0.17694
4950.0 550.0 0.56376
5050.0 550.0 0.91762
5150.0 550.0 1.14980
5250.0 550.0 1.19848
5350.0 550.0 1.04652
5450.0 550.0 0.73772
5550.0 550.0 0.37766
5650.0 550.0 0.01993
5750.0 550.0 -0.31742
5850.0 550.0 -0.61142
5950.0 550.0 -0.84547
6050.0 550.0 -1.01651
6150.0 550.0 -1.13733
6250.0 550.0 -1.23421
6350.0 550.0 -1.33977
50.0 650.0 2.19010
150.0 650.0 2.23880
250.0 650.0 2.20521
350.0 650.0 2.07456
450.0 650.0 1.87864
550.0 650.0 1.67070
650.0 650.0 1.50587
750.0 650.0 1.42696
850.0 650.0 1.45562
950.0 650.0 1.58893
1050.0 650.0 1.80136
1150.0 650.0 2.05204
1250.0 650.0 2.26518
1350.0 650.0 2.32630
1450.0 650.0 2.19005
1550.0 650.0 1.87714
1650.0 650.0 1.45322
1750.0 650.0 1.00819
1850.0 650.0 0.63606
1950.0 650.0 0.41519
2050.0 650.0 0.38904
2150.0 650.0 0.54739
2250.0 650.0 0.80797
2350.0 650.0 1.01822
2450.0 650.0 1.04801
2550.0 650.0 0.84194
2650.0 650.0 0.41166
2750.0 650.0 -0.17791
2850.0 650.0 -0.82601
2950.0 650.0 -1.41728
3050.0 650.0 -1.84669
3150.0 650.0 -2.04824
3250.0 650.0 -2.02733
3350.0 650.0 -1.88896
3450.0 650.0 -1.64746
3550.0 650.0 -1.21839
3650.0 650.0 -0.63496
3750.0 650.0 0.00111
3850.0 650.0 0.57078
3950.0 650.0 0.97512
4050.0 650.0 1.15872
4150.0 650.0 1.11924
4250.0 650.0 0.90295
4350.0 650.0 0.58648
4450.0 650.0 0.24975
4550.0 650.0 0.00355
4650.0 650.0 -0.06629
4750.0 650.0 0.05008
4850.0 650.0 0.30755
4950.0 650.0 0.62769
5050.0 650.0 0.91930
5150.0 650.0 1.09786
5250.0 650.0 1.10379
5350.0 650.0 0.91964
5450.0 650.0 0.58613
5550.0 650.0 0.20081
5650.0 650.0 -0.20373
5750.0 650.0 -0.61296
5850.0 650.0 -0.98738
5950.0 650.0 -1.28716
6050.0 650.0 -1.48917
6150.0 650.0 -1.59547
6250.0 650.0 -1.63343
6350.0 650.0 -1.64740
50.0 750.0 1.92268
150.0 750.0 2.09107
250.0 750.0 2.16238
350.0 750.0 2.10437
450.0 750.0 1.93553
550.0 750.0 1.70516
650.0 750.0 1.47594
750.0 750.0 1.30884
850.0 750.0 1.25040
950.0 750.0 1.32244
1050.0 750.0 1.51416
1150.0 750.0 1.77654
1250.0 750.0 2.00931
1350.0 750.0 2.09747
1450.0 750.0 1.99391
1550.0 750.0 1.71353
1650.0 750.0 1.31552
1750.0 750.0 0.88507
1850.0 750.0 0.51448
1950.0 750.0 0.28370
2050.0 750.0 0.24034
2150.0 750.0 0.37910
2250.0 750.0 0.62068
2350.0 750.0 0.81815
2450.0 750.0 0.85379
2550.0 750.0 0.67883
2650.0 750.0 0.30473
2750.0 750.0 -0.20963
2850.0 750.0 -0.77389
2950.0 750.0 -1.28525
3050.0 750.0 -1.65071
3150.0 750.0 -1.81238
3250.0 750.0 -1.77596
3350.0 750.0 -1.63455
3450.0 750.0 -1.38536
3550.0 750.0 -0.93841
3650.0 750.0 -0.32947
3750.0 750.0 0.33335
3850.0 750.0 0.92404
3950.0 750.0 1.33832
4050.0 750.0 1.51834
4150.0 750.0 1.46259
4250.0 750.0 1.22091
4350.0 750.0 0.87469
4450.0 750.0 0.50704
4550.0 750.0 0.22470
4650.0 750.0 0.10925
4750.0 750.0 0.17106
4850.0 750.0 0.36844
4950.0 750.0 0.62775
5050.0 750.0 0.86263
5150.0 750.0 0.99232
5250.0 750.0 0.95921
5350.0 750.0 0.74556
5450.0 750.0 0.38927
5550.0 750.0 -0.01858
5650.0 750.0 -0.45836
5750.0 750.0 -0.91361
5850.0 750.0 -1.32915
5950.0 750.0 -1.64685
6050.0 750.0 -1.83039
6150.0 750.0 -1.87821
6250.0 750.0 -1.82451
6350.0 750.0 -1.72857
50.0 850.0 1.45624
150.0 850.0 1.71943
250.0 850.0 1.87474
350.0 850.0 1.87648
450.0 850.0 1.73255
550.0 850.0 1.48878
650.0 850.0 1.21324
750.0 850.0 0.98065
850.0 850.0 0.85669
950.0 850.0 0.88242
1050.0 850.0 1.05867
1150.0 850.0 1.33041
1250.0 850.0 1.58031
1350.0 850.0 1.69735
1450.0 850.0 1.63479
1550.0 850.0 1.40225
1650.0 850.0 1.05135
1750.0 850.0 0.66009
1850.0 850.0 0.31573
1950.0 850.0 0.09637
2050.0 850.0 0.05112
2150.0 850.0 0.17886
2250.0 850.0 0.40588
2350.0 850.0 0.59730
2450.0 850.0 0.65305
2550.0 850.0 0.53211
2650.0 850.0 0.24395
2750.0 850.0 -0.16218
2850.0 850.0 -0.61049
2950.0 850.0 -1.01473
3050.0 850.0 -1.29676
3150.0 850.0 -1.40785
3250.0 850.0 -1.35267
3350.0 850.0 -1.20873
3450.0 850.0 -0.95977
3550.0 850.0 -0.51916
3650.0 850.0 0.07321
3750.0 850.0 0.70696
3850.0 850.0 1.25659
3950.0 850.0 1.62118
4050.0 850.0 1.74856
4150.0 850.0 1.64379
4250.0 850.0 1.36217
4350.0 850.0 0.98653
4450.0 850.0 0.59439
4550.0 850.0 0.28552
4650.0 850.0 0.13988
4750.0 850.0 0.16851
4850.0 850.0 0.33160
4950.0 850.0 0.55769
5050.0 850.0 0.76223
5150.0 850.0 0.86556
5250.0 850.0 0.81023
5350.0 850.0 0.57772
5450.0 850.0 0.20456
5550.0 850.0 -0.22039
5650.0 850.0 -0.68077
5750.0 850.0 -1.15391
5850.0 850.0 -1.57189
5950.0 850.0 -1.86495
6050.0 850.0 -1.99123
6150.0 850.0 -1.95194
6250.0 850.0 -1.79201
6350.0 850.0 -1.58625
50.0 950.0 0.90593
150.0 950.0 1.22953
250.0 950.0 1.43948
350.0 950.0 1.48201
450.0 950.0 1.35824
550.0 950.0 1.11131
650.0 950.0 0.81204
750.0 950.0 0.54311
850.0 950.0 0.38170
950.0 950.0 0.38066
1050.0 950.0 0.54819
1150.0 950.0 0.82603
1250.0 950.0 1.08854
1350.0 950.0 1.23192
1450.0 950.0 1.21165
1550.0 950.0 1.03321
1650.0 950.0 0.74078
1750.0 950.0 0.40404
1850.0 950.0 0.10315
1950.0 950.0 -0.08831
2050.0 950.0 -0.12223
2150.0 950.0 0.00331
2250.0 950.0 0.22156
2350.0 950.0 0.41291
2450.0 950.0 0.49573
2550.0 950.0 0.43624
2650.0 950.0 0.24095
2750.0 950.0 -0.05143
2850.0 950.0 -0.38031
2950.0 950.0 -0.67597
3050.0 950.0 -0.87468
3150.0 950.0 -0.93608
3250.0 950.0 -0.86300
3350.0 950.0 -0.71737
3450.0 950.0 -0.47602
3550.0 950.0 -0.06364
3650.0 950.0 0.47478
3750.0 950.0 1.03071
3850.0 950.0 1.48607
3950.0 950.0 1.75111
4050.0 950.0 1.78618
4150.0 950.0 1.60755
4250.0 950.0 1.27708
4350.0 950.0 0.87580
4450.0 950.0 0.46818
4550.0 950.0 0.14675
4650.0 950.0 -0.00589
4750.0 950.0 0.02244
4850.0 950.0 0.19132
4950.0 950.0 0.42727
5050.0 950.0 0.64281
5150.0 950.0 0.75501
5250.0 950.0 0.70356
5350.0 950.0 0.46841
5450.0 950.0 0.08687
5550.0 950.0 -0.34824
5650.0 950.0 -0.81488
5750.0 950.0 -1.28198
5850.0 950.0 -1.67321
5950.0 950.0 -1.91413
6050.0 950.0 -1.96390
6150.0 950.0 -1.83085
6250.0 950.0 -1.57170
6350.0 950.0 -1.27465
50.0 1050.0 0.38534
150.0 1050.0 0.73469
250.0 1050.0 0.96943
350.0 1050.0 1.03299
450.0 1050.0 0.92353
550.0 1050.0 0.68243
650.0 1050.0 0.38075
750.0 1050.0 0.10353
850.0 1050.0 -0.06811
950.0 1050.0 -0.07691
1050.0 1050.0 0.08843
1150.0 1050.0 0.36903
1250.0 1050.0 0.63896
1350.0 1050.0 0.80314
1450.0 1050.0 0.82035
1550.0 1050.0 0.69340
1650.0 1050.0 0.46011
1750.0 1050.0 0.18222
1850.0 1050.0 -0.06793
1950.0 1050.0 -0.22268
2050.0 1050.0 -0.23664
2150.0 1050.0 -0.10623
2250.0 1050.0 0.10890
2350.0 1050.0 0.30416
2450.0 1050.0 0.41342
2550.0 1050.0 0.40841
2650.0 1050.0 0.29258
2750.0 1050.0 0.09551
2850.0 1050.0 -0.13481
2950.0 1050.0 -0.34204
3050.0 1050.0 -0.47371
3150.0 1050.0 -0.49565
3250.0 1050.0 -0.40873
3350.0 1050.0 -0.26239
3450.0 1050.0 -0.03392
3550.0 1050.0 0.33510
3650.0 1050.0 0.79431
3750.0 1050.0 1.24028
3850.0 1050.0 1.56728
3950.0 1050.0 1.70195
4050.0 1050.0 1.62158
4150.0 1050.0 1.35628
4250.0 1050.0 0.97467
4350.0 1050.0 0.55353
4450.0 1050.0 0.13958
4550.0 1050.0 -0.17995
4650.0 1050.0 -0.31504
4750.0 1050.0 -0.25192
4850.0 1050.0 -0.03427
4950.0 1050.0 0.25790
5050.0 1050.0 0.52896
5150.0 1050.0 0.68795
5250.0 1050.0 0.66840
5350.0 1050.0 0.44781
5450.0 1050.0 0.06669
5550.0 1050.0 -0.37194
5650.0 1050.0 -0.83390
5750.0 1050.0 -1.27978
5850.0 1050.0 -1.62936
5950.0 1050.0 -1.80910
6050.0 1050.0 -1.78352
6150.0 1050.0 -1.56968
6250.0 1050.0 -1.23461
6350.0 1050.0 -0.87593
50.0 1150.0 -0.06454
150.0 1150.0 0.28853
250.0 1150.0 0.52895
350.0 1150.0 0.60068
450.0 1150.0 0.50135
550.0 1150.0 0.27124
650.0 1150.0 -0.01988
750.0 1150.0 -0.28814
850.0 1150.0 -0.45317
950.0 1150.0 -0.45793
1050.0 1150.0 -0.29077
1150.0 1150.0 -0.00955
1250.0 1150.0 0.26417
1350.0 1150.0 0.44425
1450.0 1150.0 0.49309
1550.0 1150.0 0.41190
1650.0 1150.0 0.23332
1750.0 1150.0 0.01191
1850.0 1150.0 -0.18747
1950.0 1150.0 -0.30345
2050.0 1150.0 -0.29415
2150.0 1150.0 -0.15522
2250.0 1150.0 0.06027
2350.0 1150.0 0.26107
2450.0 1150.0 0.39292
2550.0 1150.0 0.43139
2650.0 1150.0 0.37724
2750.0 1150.0 0.25291
2850.0 1150.0 0.09683
2950.0 1150.0 -0.04454
3050.0 1150.0 -0.12683
3150.0 1150.0 -0.12009
3250.0 1150.0 -0.02335
3350.0 1150.0 0.12304
3450.0 1150.0 0.33621
3550.0 1150.0 0.65536
3650.0 1150.0 1.02496
3750.0 1150.0 1.34822
3850.0 1150.0 1.53402
3950.0 1150.0 1.52756
4050.0 1150.0 1.32472
4150.0 1150.0 0.97015
4250.0 1150.0 0.53904
4350.0 1150.0 0.10263
4450.0 1150.0 -0.31178
4550.0 1150.0 -0.62001
4650.0 1150.0 -0.72142
4750.0 1150.0 -0.60030
4850.0 1150.0 -0.30539
4950.0 1150.0 0.07378
5050.0 1150.0 0.42995
5150.0 1150.0 0.66091
5250.0 1150.0 0.69183
5350.0 1150.0 0.49714
5450.0 1150.0 0.12211
5550.0 1150.0 -0.31597
5650.0 1150.0 -0.76787
5750.0 1150.0 -1.18693
5850.0 1150.0 -1.49200
5950.0 1150.0 -1.61334
6050.0 1150.0 -1.52251
6150.0 1150.0 -1.24507
6250.0 1150.0 -0.85629
6350.0 1150.0 -0.45984
50.0 1250.0 -0.52692
150.0 1250.0 -0.17465
250.0 1250.0 0.07135
350.0 1250.0 0.15727
450.0 1250.0 0.07965
550.0 1250.0 -0.12436
650.0 1250.0 -0.38911
750.0 1250.0 -0.63479
850.0 1250.0 -0.78425
950.0 1250.0 -0.78208
1050.0 1250.0 -0.61603
1150.0 1250.0 -0.34074
1250.0 1250.0 -0.07030
1350.0 1250.0 0.11856
1450.0 1250.0 0.19186
1550.0 1250.0 0.14917
1650.0 1250.0 0.01793
1750.0 1250.0 -0.15441
1850.0 1250.0 -0.31048
1950.0 1250.0 -0.39514
2050.0 1250.0 -0.36998
2150.0 1250.0 -0.22984
2250.0 1250.0 -0.02124
2350.0 1250.0 0.17936
2450.0 1250.0 0.33250
2550.0 1250.0 0.41874
2650.0 1250.0 0.43568
2750.0 1250.0 0.39690
2850.0 1250.0 0.32879
2950.0 1250.0 0.26524
3050.0 1250.0 0.24020
3150.0 1250.0 0.27803
3250.0 1250.0 0.38179
3350.0 1250.0 0.52281
3450.0 1250.0 0.71408
3550.0 1250.0 0.97557
3650.0 1250.0 1.24827
3750.0 1250.0 1.44431
3850.0 1250.0 1.48889
3950.0 1250.0 1.34638
4050.0 1250.0 1.03049
4150.0 1250.0 0.59855
4250.0 1250.0 0.13003
4350.0 1250.0 -0.31101
4450.0 1250.0 -0.71638
4550.0 1250.0 -1.00574
4650.0 1250.0 -1.07012
4750.0 1250.0 -0.89311
4850.0 1250.0 -0.52834
4950.0 1250.0 -0.07363
5050.0 1250.0 0.35442
5150.0 1250.0 0.64511
5250.0 1250.0 0.71782
5350.0 1250.0 0.54555
5450.0 1250.0 0.17792
5550.0 1250.0 -0.25678
5650.0 1250.0 -0.69774
5750.0 1250.0 -1.09266
5850.0 1250.0 -1.35976
5950.0 1250.0 -1.43251
6050.0 1250.0 -1.28806
6150.0 1250.0 -0.95866
6250.0 1250.0 -0.52597
6350.0 1250.0 -0.09826
50.0 1350.0 -1.04565
150.0 1350.0 -0.69909
250.0 1350.0 -0.43921
350.0 1350.0 -0.31374
450.0 1350.0 -0.33039
550.0 1350.0 -0.46236
650.0 1350.0 -0.65669
750.0 1350.0 -0.84559
850.0 1350.0 -0.96071
950.0 1350.0 -0.95032
1050.0 1350.0 -0.79946
1150.0 1350.0 -0.55292
1250.0 1350.0 -0.30921
1350.0 1350.0 -0.13330
1450.0 1350.0 -0.05549
1550.0 1350.0 -0.07864
1650.0 1350.0 -0.18161
1750.0 1350.0 -0.32515
1850.0 1350.0 -0.46008
1950.0 1350.0 -0.53777
2050.0 1350.0 -0.52305
2150.0 1350.0 -0.40935
2250.0 1350.0 -0.23573
2350.0 1350.0 -0.05764
2450.0 1350.0 0.11157
2550.0 1350.0 0.26227
2650.0 1350.0 0.38722
2750.0 1350.0 0.48463
2850.0 1350.0 0.55932
2950.0 1350.0 0.62201
3050.0 1350.0 0.68686
3150.0 1350.0 0.76710
3250.0 1350.0 0.86887
3350.0 1350.0 0.98511
3450.0 1350.0 1.13221
3550.0 1350.0 1.31238
3650.0 1350.0 1.46940
3750.0 1350.0 1.53150
3850.0 1350.0 1.44501
3950.0 1350.0 1.19400
4050.0 1350.0 0.80594
4150.0 1350.0 0.34340
4250.0 1350.0 -0.11832
4350.0 1350.0 -0.52743
4450.0 1350.0 -0.89244
4550.0 1350.0 -1.14029
4650.0 1350.0 -1.16376
4750.0 1350.0 -0.95025
4850.0 1350.0 -0.55709
4950.0 1350.0 -0.08406
5050.0 1350.0 0.35284
5150.0 1350.0 0.64601
5250.0 1350.0 0.71957
5350.0 1350.0 0.55125
5450.0 1350.0 0.19281
5550.0 1350.0 -0.23034
5650.0 1350.0 -0.65954
5750.0 1350.0 -1.04174
5850.0 1350.0 -1.29429
5950.0 1350.0 -1.35003
6050.0 1350.0 -1.18607
6150.0 1350.0 -0.83522
6250.0 1350.0 -0.38023
6350.0 1350.0 0.06930
50.0 1450.0 -1.55054
150.0 1450.0 -1.21667
250.0 1450.0 -0.93523
350.0 1450.0 -0.74390
450.0 1450.0 -0.65864
550.0 1450.0 -0.67127
650.0 1450.0 -0.75117
750.0 1450.0 -0.85113
850.0 1450.0 -0.91731
950.0 1450.0 -0.90340
1050.0 1450.0 -0.78886
1150.0 1450.0 -0.60129
1250.0 1450.0 -0.41459
1350.0 1450.0 -0.27798
1450.0 1450.0 -0.21751
1550.0 1450.0 -0.23966
1650.0 1450.0 -0.33180
1750.0 1450.0 -0.46522
1850.0 1450.0 -0.60096
1950.0 1450.0 -0.69813
2050.0 1450.0 -0.72500
2150.0 1450.0 -0.67269
2250.0 1450.0 -0.57077
2350.0 1450.0 -0.44635
2450.0 1450.0 -0.27518
2550.0 1450.0 -0.05207
2650.0 1450.0 0.20968
2750.0 1450.0 0.48665
2850.0 1450.0 0.75254
2950.0 1450.0 0.98415
3050.0 1450.0 1.16617
3150.0 1450.0 1.29470
3250.0 1450.0 1.37957
3350.0 1450.0 1.44551
3450.0 1450.0 1.52061
3550.0 1450.0 1.59290
3650.0 1450.0 1.61762
3750.0 1450.0 1.54792
3850.0 1450.0 1.35619
3950.0 1450.0 1.04528
4050.0 1450.0 0.64949
4150.0 1450.0 0.22543
4250.0 1450.0 -0.16721
4350.0 1450.0 -0.49521
4450.0 1450.0 -0.77875
4550.0 1450.0 -0.95509
4650.0 1450.0 -0.93159
4750.0 1450.0 -0.70537
4850.0 1450.0 -0.33598
4950.0 1450.0 0.08285
5050.0 1450.0 0.44839
5150.0 1450.0 0.67104
5250.0 1450.0 0.69324
5350.0 1450.0 0.50540
5450.0 1450.0 0.15870
5550.0 1450.0 -0.24222
5650.0 1450.0 -0.65863
5750.0 1450.0 -1.04328
5850.0 1450.0 -1.31222
5950.0 1450.0 -1.39270
6050.0 1450.0 -1.25429
6150.0 1450.0 -0.92231
6250.0 1450.0 -0.47364
6350.0 1450.0 -0.01487
50.0 1550.0 -1.92988
150.0 1550.0 -1.61574
250.0 1550.0 -1.30985
350.0 1550.0 -1.03772
450.0 1550.0 -0.82692
550.0 1550.0 -0.69398
650.0 1550.0 -0.63722
750.0 1550.0 -0.63538
850.0 1550.0 -0.65228
950.0 1550.0 -0.64729
1050.0 1550.0 -0.59170
1150.0 1550.0 -0.49096
1250.0 1550.0 -0.38814
1350.0 1550.0 -0.31199
1450.0 1550.0 -0.28311
1550.0 1550.0 -0.31300
1650.0 1550.0 -0.40037
1750.0 1550.0 -0.53050
1850.0 1550.0 -0.67780
1950.0 1550.0 -0.81139
2050.0 1550.0 -0.90383
2150.0 1550.0 -0.94296
2250.0 1550.0 -0.94595
2350.0 1550.0 -0.90594
2450.0 1550.0 -0.75505
2550.0 1550.0 -0.47017
2650.0 1550.0 -0.07076
2750.0 1550.0 0.39543
2850.0 1550.0 0.86623
2950.0 1550.0 1.27876
3050.0 1550.0 1.58270
3150.0 1550.0 1.75323
3250.0 1550.0 1.80378
3350.0 1550.0 1.79608
3450.0 1550.0 1.77571
3550.0 1550.0 1.72179
3650.0 1550.0 1.60945
3750.0 1550.0 1.42395
3850.0 1550.0 1.16659
3950.0 1550.0 0.85600
4050.0 1550.0 0.52486
4150.0 1550.0 0.21213
4250.0 1550.0 -0.04940
4350.0 1550.0 -0.25002
4450.0 1550.0 -0.41473
4550.0 1550.0 -0.49191
4650.0 1550.0 -0.41472
4750.0 1550.0 -0.19526
4850.0 1550.0 0.10587
4950.0 1550.0 0.40784
5050.0 1550.0 0.63236
5150.0 1550.0 0.72087
5250.0 1550.0 0.64617
5350.0 1550.0 0.41849
5450.0 1550.0 0.08605
5550.0 1550.0 -0.28293
5650.0 1550.0 -0.68572
5750.0 1550.0 -1.08679
5850.0 1550.0 -1.40054
5950.0 1550.0 -1.54407
6050.0 1550.0 -1.47260
6150.0 1550.0 -1.19655
6250.0 1550.0 -0.78056
6350.0 1550.0 -0.32423
50.0 1650.0 -2.08917
150.0 1650.0 -1.80016
250.0 1650.0 -1.47299
350.0 1650.0 -1.12141
450.0 1650.0 -0.78647
550.0 1650.0 -0.51157
650.0 1650.0 -0.32553
750.0 1650.0 -0.23369
850.0 1650.0 -0.21698
950.0 1650.0 -0.23902
1050.0 1650.0 -0.26120
1150.0 1650.0 -0.26580
1250.0 1650.0 -0.26346
1350.0 1650.0 -0.25805
1450.0 1650.0 -0.26312
1550.0 1650.0 -0.29642
1650.0 1650.0 -0.37094
1750.0 1650.0 -0.48973
1850.0 1650.0 -0.64426
1950.0 1650.0 -0.81651
2050.0 1650.0 -0.98470
2150.0 1650.0 -1.13267
2250.0 1650.0 -1.26184
2350.0 1650.0 -1.32910
2450.0 1650.0 -1.22442
2550.0 1650.0 -0.90667
2650.0 1650.0 -0.40010
2750.0 1650.0 0.22501
2850.0 1650.0 0.87240
2950.0 1650.0 1.44070
3050.0 1650.0 1.84500
3150.0 1650.0 2.03924
3250.0 1650.0 2.03936
3350.0 1650.0 1.94278
3450.0 1650.0 1.81398
3550.0 1650.0 1.62909
3650.0 1650.0 1.38929
3750.0 1650.0 1.11565
3850.0 1650.0 0.83812
3950.0 1650.0 0.58653
4050.0 1650.0 0.38393
4150.0 1650.0 0.24196
4250.0 1650.0 0.15842
4350.0 1650.0 0.11704
4450.0 1650.0 0.09537
4550.0 1650.0 0.13570
4650.0 1650.0 0.27245
4750.0 1650.0 0.47519
4850.0 1650.0 0.68280
4950.0 1650.0 0.83138
5050.0 1650.0 0.87372
5150.0 1650.0 0.79027
5250.0 1650.0 0.59155
5350.0 1650.0 0.31208
5450.0 1650.0 -0.00415
5550.0 1650.0 -0.33497
5650.0 1650.0 -0.72369
5750.0 1650.0 -1.15046
5850.0 1650.0 -1.52778
5950.0 1650.0 -1.75963
6050.0 1650.0 -1.78239
6150.0 1650.0 -1.58676
6250.0 1650.0 -1.22093
6350.0 1650.0 -0.77490
50.0 1750.0 -1.98778
150.0 1750.0 -1.72643
250.0 1750.0 -1.38633
350.0 1750.0 -0.97222
450.0 1750.0 -0.53859
550.0 1750.0 -0.15352
650.0 1750.0 0.12724
750.0 1750.0 0.27602
850.0 1750.0 0.29874
950.0 1750.0 0.23029
1050.0 1750.0 0.11958
1150.0 1750.0 0.00458
1250.0 1750.0 -0.09628
1350.0 1750.0 -0.15888
1450.0 1750.0 -0.18813
1550.0 1750.0 -0.20876
1650.0 1750.0 -0.25047
1750.0 1750.0 -0.33724
1850.0 1750.0 -0.48098
1950.0 1750.0 -0.67932
2050.0 1750.0 -0.91763
2150.0 1750.0 -1.17537
2250.0 1750.0 -1.43540
2350.0 1750.0 -1.61979
2450.0 1750.0 -1.58479
2550.0 1750.0 -1.27409
2650.0 1750.0 -0.71433
2750.0 1750.0 0.00759
2850.0 1750.0 0.76893
2950.0 1750.0 1.43751
3050.0 1750.0 1.90005
3150.0 1750.0 2.09224
3250.0 1750.0 2.03089
3350.0 1750.0 1.84163
3450.0 1750.0 1.60473
3550.0 1750.0 1.29845
3650.0 1750.0 0.95254
3750.0 1750.0 0.62331
3850.0 1750.0 0.36611
3950.0 1750.0 0.21701
4050.0 1750.0 0.18359
4150.0 1750.0 0.24489
4250.0 1750.0 0.36047
4350.0 1750.0 0.48874
4450.0 1750.0 0.61579
4550.0 1750.0 0.77866
4650.0 1750.0 0.97861
4750.0 1750.0 1.16628
4850.0 1750.0 1.27977
4950.0 1750.0 1.27241
5050.0 1750.0 1.12884
5150.0 1750.0 0.86958
5250.0 1750.0 0.54401
5350.0 1750.0 0.21177
5450.0 1750.0 -0.08739
5550.0 1750.0 -0.37860
5650.0 1750.0 -0.75332
5750.0 1750.0 -1.20832
5850.0 1750.0 -1.65417
5950.0 1750.0 -1.98100
6050.0 1750.0 -2.10519
6150.0 1750.0 -1.99648
6250.0 1750.0 -1.68557
6350.0 1750.0 -1.25214
50.0 1850.0 -1.65352
150.0 1850.0 -1.41889
250.0 1850.0 -1.07711
350.0 1850.0 -0.62830
450.0 1850.0 -0.13850
550.0 1850.0 0.30543
650.0 1850.0 0.62861
750.0 1850.0 0.78894
850.0 1850.0 0.78553
950.0 1850.0 0.65504
1050.0 1850.0 0.45582
1150.0 1850.0 0.23989
1250.0 1850.0 0.04751
1350.0 1850.0 -0.06827
1450.0 1850.0 -0.10251
1550.0 1850.0 -0.08708
1650.0 1850.0 -0.06947
1750.0 1850.0 -0.09651
1850.0 1850.0 -0.20266
1950.0 1850.0 -0.40315
2050.0 1850.0 -0.69187
2150.0 1850.0 -1.04391
2250.0 1850.0 -1.42194
2350.0 1850.0 -1.71793
2450.0 1850.0 -1.76755
2550.0 1850.0 -1.50428
2650.0 1850.0 -0.95431
2750.0 1850.0 -0.21289
2850.0 1850.0 0.58222
2950.0 1850.0 1.28020
3050.0 1850.0 1.74954
3150.0 1850.0 1.91330
3250.0 1850.0 1.78730
3350.0 1850.0 1.51383
3450.0 1850.0 1.18210
3550.0 1850.0 0.77565
3650.0 1850.0 0.35102
3750.0 1850.0 -0.00494
3850.0 1850.0 -0.21668
3950.0 1850.0 -0.24608
4050.0 1850.0 -0.10312
4150.0 1850.0 0.15897
4250.0 1850.0 0.46398
4350.0 1850.0 0.74843
4450.0 1850.0 1.01022
4550.0 1850.0 1.28622
4650.0 1850.0 1.54990
4750.0 1850.0 1.73511
4850.0 1850.0 1.77831
4950.0 1850.0 1.64659
5050.0 1850.0 1.35117
5150.0 1850.0 0.94670
5250.0 1850.0 0.51609
5350.0 1850.0 0.14114
5450.0 1850.0 -0.14130
5550.0 1850.0 -0.39661
5650.0 1850.0 -0.75785
5750.0 1850.0 -1.23632
5850.0 1850.0 -1.74079
5950.0 1850.0 -2.14918
6050.0 1850.0 -2.36034
6150.0 1850.0 -2.32569
6250.0 1850.0 -2.06068
6350.0 1850.0 -1.63608
50.0 1950.0 -1.17511
150.0 1950.0 -0.96292
250.0 1950.0 -0.63083
350.0 1950.0 -0.17926
450.0 1950.0 0.31753
550.0 1950.0 0.76205
650.0 1950.0 1.07049
750.0 1950.0 1.19594
850.0 1950.0 1.13780
950.0 1950.0 0.93759
1050.0 1950.0 0.66099
1150.0 1950.0 0.36621
1250.0 1950.0 0.10582
1350.0 1950.0 -0.03964
1450.0 1950.0 -0.05491
1550.0 1950.0 0.02160
1650.0 1950.0 0.12492
1750.0 1950.0 0.18547
1850.0 1950.0 0.14589
1950.0 1950.0 -0.02730
2050.0 1950.0 -0.33720
2150.0 1950.0 -0.75510
2250.0 1950.0 -1.22341
2350.0 1950.0 -1.61103
2450.0 1950.0 -1.74755
2550.0 1950.0 -1.56215
2650.0 1950.0 -1.07810
2750.0 1950.0 -0.39027
2850.0 1950.0 0.36102
2950.0 1950.0 1.01983
3050.0 1950.0 1.44818
3150.0 1950.0 1.56326
3250.0 1950.0 1.37838
3350.0 1950.0 1.03964
3450.0 1950.0 0.63638
3550.0 1950.0 0.15751
3650.0 1950.0 -0.31929
3750.0 1950.0 -0.68431
3850.0 1950.0 -0.84785
3950.0 1950.0 -0.77195
4050.0 1950.0 -0.48183
4150.0 1950.0 -0.05691
4250.0 1950.0 0.39843
4350.0 1950.0 0.80445
4450.0 1950.0 1.17025
4550.0 1950.0 1.53747
4650.0 1950.0 1.86203
4750.0 1950.0 2.06550
4850.0 1950.0 2.08136
4950.0 1950.0 1.88399
5050.0 1950.0 1.50108
5150.0 1950.0 1.00969
5250.0 1950.0 0.51571
5350.0 1950.0 0.11694
5450.0 1950.0 -0.15036
5550.0 1950.0 -0.37779
5650.0 1950.0 -0.72644
5750.0 1950.0 -1.21729
5850.0 1950.0 -1.75766
5950.0 1950.0 -2.21692
6050.0 1950.0 -2.48193
6150.0 1950.0 -2.49174
6250.0 1950.0 -2.25169
6350.0 1950.0 -1.82686
50.0 2050.0 -0.67259
150.0 2050.0 -0.47622
250.0 2050.0 -0.16274
350.0 2050.0 0.26277
450.0 2050.0 0.72179
550.0 2050.0 1.11488
650.0 2050.0 1.35945
750.0 2050.0 1.41296
850.0 2050.0 1.28144
950.0 2050.0 1.01340
1050.0 2050.0 0.67903
1150.0 2050.0 0.33495
1250.0 2050.0 0.03650
1350.0 2050.0 -0.11183
1450.0 2050.0 -0.08482
1550.0 2050.0 0.07369
1650.0 2050.0 0.28311
1750.0 2050.0 0.45299
1850.0 2050.0 0.50461
1950.0 2050.0 0.38705
2050.0 2050.0 0.08801
2150.0 2050.0 -0.36085
2250.0 2050.0 -0.88333
2350.0 2050.0 -1.33278
2450.0 2050.0 -1.54546
2550.0 2050.0 -1.45175
2650.0 2050.0 -1.07033
2750.0 2050.0 -0.48858
2850.0 2050.0 0.16125
2950.0 2050.0 0.73002
3050.0 2050.0 1.08391
3150.0 2050.0 1.14068
3250.0 2050.0 0.91024
3350.0 2050.0 0.53127
3450.0 2050.0 0.08440
3550.0 2050.0 -0.43888
3650.0 2050.0 -0.94809
3750.0 2050.0 -1.31957
3850.0 2050.0 -1.45489
3950.0 2050.0 -1.31607
4050.0 2050.0 -0.93743
4150.0 2050.0 -0.41421
4250.0 2050.0 0.13214
4350.0 2050.0 0.61195
4450.0 2050.0 1.04138
4550.0 2050.0 1.47050
4650.0 2050.0 1.85040
4750.0 2050.0 2.09621
4850.0 2050.0 2.13691
4950.0 2050.0 1.94620
5050.0 2050.0 1.55564
5150.0 2050.0 1.04993
5250.0 2050.0 0.54451
5350.0 2050.0 0.14530
5450.0 2050.0 -0.10929
5550.0 2050.0 -0.31935
5650.0 2050.0 -0.65643
5750.0 2050.0 -1.14485
5850.0 2050.0 -1.69082
5950.0 2050.0 -2.16008
6050.0 2050.0 -2.43482
6150.0 2050.0 -2.44963
6250.0 2050.0 -2.20655
6350.0 2050.0 -1.76922
50.0 2150.0 -0.24565
150.0 2150.0 -0.05812
250.0 2150.0 0.23177
350.0 2150.0 0.61138
450.0 2150.0 1.00157
550.0 2150.0 1.30794
650.0 2150.0 1.45699
750.0 2150.0 1.41732
850.0 2150.0 1.20583
950.0 2150.0 0.87889
1050.0 2150.0 0.50856
1150.0 2150.0 0.14388
1250.0 2150.0 -0.16446
1350.0 2150.0 -0.29236
1450.0 2150.0 -0.20558
1550.0 2150.0 0.04791
1650.0 2150.0 0.37444
1750.0 2150.0 0.66565
1850.0 2150.0 0.82405
1950.0 2150.0 0.78313
2050.0 2150.0 0.52189
2150.0 2150.0 0.07406
2250.0 2150.0 -0.46807
2350.0 2150.0 -0.94864
2450.0 2150.0 -1.21898
2550.0 2150.0 -1.21455
2650.0 2150.0 -0.94889
2750.0 2150.0 -0.49762
2850.0 2150.0 0.02189
2950.0 2150.0 0.47523
3050.0 2150.0 0.74004
3150.0 2150.0 0.73940
3250.0 2150.0 0.47959
3350.0 2150.0 0.08452
3450.0 2150.0 -0.38074
3550.0 2150.0 -0.92661
3650.0 2150.0 -1.45829
3750.0 2150.0 -1.84603
3850.0 2150.0 -1.98642
3950.0 2150.0 -1.83936
4050.0 2150.0 -1.44057
4150.0 2150.0 -0.88972
4250.0 2150.0 -0.31405
4350.0 2150.0 0.19233
4450.0 2150.0 0.64664
4550.0 2150.0 1.10918
4650.0 2150.0 1.53804
4750.0 2150.0 1.84743
4850.0 2150.0 1.96050
4950.0 2150.0 1.84300
5050.0 2150.0 1.51859
5150.0 2150.0 1.06585
5250.0 2150.0 0.59713
5350.0 2150.0 0.21903
5450.0 2150.0 -0.02536
5550.0 2150.0 -0.22811
5650.0 2150.0 -0.55454
5750.0 2150.0 -1.02612
5850.0 2150.0 -1.54838
5950.0 2150.0 -1.98810
6050.0 2150.0 -2.22986
6150.0 2150.0 -2.21143
6250.0 2150.0 -1.93816
6350.0 2150.0 -1.47633
50.0 2250.0 0.09884
150.0 2250.0 0.28165
250.0 2250.0 0.54658
350.0 2250.0 0.87228
450.0 2250.0 1.18096
550.0 2250.0 1.38670
650.0 2250.0 1.42877
750.0 2250.0 1.28988
850.0 2250.0 0.99943
950.0 2250.0 0.62169
1050.0 2250.0 0.22900
1150.0 2250.0 -0.13986
1250.0 2250.0 -0.44237
1350.0 2250.0 -0.53774
1450.0 2250.0 -0.38348
1550.0 2250.0 -0.03086
1650.0 2250.0 0.41517
1750.0 2250.0 0.83048
1850.0 2250.0 1.10087
1950.0 2250.0 1.14566
2050.0 2250.0 0.93579
2150.0 2250.0 0.50645
2250.0 2250.0 -0.03585
2350.0 2250.0 -0.52927
2450.0 2250.0 -0.84339
2550.0 2250.0 -0.92044
2650.0 2250.0 -0.76887
2750.0 2250.0 -0.45124
2850.0 2250.0 -0.06759
2950.0 2250.0 0.26548
3050.0 2250.0 0.44004
3150.0 2250.0 0.38655
3250.0 2250.0 0.10785
3350.0 2250.0 -0.28969
3450.0 2250.0 -0.75975
3550.0 2250.0 -1.31780
3650.0 2250.0 -1.86975
3750.0 2250.0 -2.28392
3850.0 2250.0 -2.45350
3950.0 2250.0 -2.33441
4050.0 2250.0 -1.95875
4150.0 2250.0 -1.42359
4250.0 2250.0 -0.85537
4350.0 2250.0 -0.34974
4450.0 2250.0 0.10744
4550.0 2250.0 0.58704
4650.0 2250.0 1.06070
4750.0 2250.0 1.44480
4850.0 2250.0 1.65604
4950.0 2250.0 1.64820
5050.0 2250.0 1.43053
5150.0 2250.0 1.06788
5250.0 2250.0 0.66247
5350.0 2250.0 0.31737
5450.0 2250.0 0.08171
5550.0 2250.0 -0.11941
5650.0 2250.0 -0.43563
5750.0 2250.0 -0.88214
5850.0 2250.0 -1.36396
5950.0 2250.0 -1.75163
6050.0 2250.0 -1.93613
6150.0 2250.0 -1.86275
6250.0 2250.0 -1.54389
6350.0 2250.0 -1.05080
50.0 2350.0 0.40865
150.0 2350.0 0.58546
250.0 2350.0 0.82483
350.0 2350.0 1.09802
450.0 2350.0 1.32978
550.0 2350.0 1.44333
650.0 2350.0 1.39041
750.0 2350.0 1.16664
850.0 2350.0 0.81208
950.0 2350.0 0.39695
1050.0 2350.0 -0.00741
1150.0 2350.0 -0.37212
1250.0 2350.0 -0.66308
1350.0 2350.0 -0.72827
1450.0 2350.0 -0.51937
1550.0 2350.0 -0.08986
1650.0 2350.0 0.44748
1750.0 2350.0 0.95751
1850.0 2350.0 1.31434
1950.0 2350.0 1.42729
2050.0 2350.0 1.26158
2150.0 2350.0 0.85332
2250.0 2350.0 0.31896
2350.0 2350.0 -0.17748
2450.0 2350.0 -0.52279
2550.0 2350.0 -0.66647
2650.0 2350.0 -0.61361
2750.0 2350.0 -0.41563
2850.0 2350.0 -0.15680
2950.0 2350.0 0.06325
3050.0 2350.0 0.15121
3150.0 2350.0 0.04587
3250.0 2350.0 -0.25207
3350.0 2350.0 -0.65259
3450.0 2350.0 -1.12471
3550.0 2350.0 -1.68575
3650.0 2350.0 -2.24300
3750.0 2350.0 -2.66600
3850.0 2350.0 -2.84836
3950.0 2350.0 -2.74551
4050.0 2350.0 -2.38808
4150.0 2350.0 -1.87117
4250.0 2350.0 -1.31935
4350.0 2350.0 -0.82742
4450.0 2350.0 -0.38153
4550.0 2350.0 0.10180
4650.0 2350.0 0.60982
4750.0 2350.0 1.06309
4850.0 2350.0 1.37301
4950.0 2350.0 1.48119
5050.0 2350.0 1.38089
5150.0 2350.0 1.12041
5250.0 2350.0 0.78864
5350.0 2350.0 0.48257
5450.0 2350.0 0.25691
5550.0 2350.0 0.05710
5650.0 2350.0 -0.24710
5750.0 2350.0 -0.66373
5850.0 2350.0 -1.09834
5950.0 2350.0 -1.42705
6050.0 2350.0 -1.54914
6150.0 2350.0 -1.41881
6250.0 2350.0 -1.05605
6350.0 2350.0 -0.53681
50.0 2450.0 0.63626
150.0 2450.0 0.80222
250.0 2450.0 1.01466
350.0 2450.0 1.24144
450.0 2450.0 1.41283
550.0 2450.0 1.46193
650.0 2450.0 1.35117
750.0 2450.0 1.08491
850.0 2450.0 0.70818
950.0 2450.0 0.29157
1050.0 2450.0 -0.09787
1150.0 2450.0 -0.43924
1250.0 2450.0 -0.70657
1350.0 2450.0 -0.75078
1450.0 2450.0 -0.52419
1550.0 2450.0 -0.07975
1650.0 2450.0 0.47099
1750.0 2450.0 0.99450
1850.0 2450.0 1.36640
1950.0 2450.0 1.49722
2050.0 2450.0 1.35267
2150.0 2450.0 0.96857
2250.0 2450.0 0.45989
2350.0 2450.0 -0.01652
2450.0 2450.0 -0.36058
2550.0 2450.0 -0.52993
2650.0 2450.0 -0.53116
2750.0 2450.0 -0.41068
2850.0 2450.0 -0.24234
2950.0 2450.0 -0.11202
3050.0 2450.0 -0.09897
3150.0 2450.0 -0.25409
3250.0 2450.0 -0.57499
3350.0 2450.0 -0.98372
3450.0 2450.0 -1.45421
3550.0 2450.0 -1.99572
3650.0 2450.0 -2.51783
3750.0 2450.0 -2.89878
3850.0 2450.0 -3.04296
3950.0 2450.0 -2.91524
4050.0 2450.0 -2.55220
4150.0 2450.0 -2.05033
4250.0 2450.0 -1.53098
4350.0 2450.0 -1.08233
4450.0 2450.0 -0.68207
4550.0 2450.0 -0.22949
4650.0 2450.0 0.28120
4750.0 2450.0 0.77946
4850.0 2450.0 1.17533
4950.0 2450.0 1.39970
5050.0 2450.0 1.42799
5150.0 2450.0 1.28727
5250.0 2450.0 1.04664
5350.0 2450.0 0.79113
5450.0 2450.0 0.57889
5550.0 2450.0 0.38094
5650.0 2450.0 0.09344
5750.0 2450.0 -0.28361
5850.0 2450.0 -0.65914
5950.0 2450.0 -0.91908
6050.0 2450.0 -0.97480
6150.0 2450.0 -0.79158
6250.0 2450.0 -0.39717
6350.0 2450.0 0.12964
50.0 2550.0 0.74015
150.0 2550.0 0.88938
250.0 2550.0 1.07358
350.0 2550.0 1.26216
450.0 2550.0 1.39450
550.0 2550.0 1.41443
650.0 2550.0 1.29268
750.0 2550.0 1.03703
850.0 2550.0 0.69043
950.0 2550.0 0.31687
1050.0 2550.0 -0.02490
1150.0 2550.0 -0.31950
1250.0 2550.0 -0.54814
1350.0 2550.0 -0.58126
1450.0 2550.0 -0.37942
1550.0 2550.0 0.00820
1650.0 2550.0 0.48196
1750.0 2550.0 0.92464
1850.0 2550.0 1.22894
1950.0 2550.0 1.31960
2050.0 2550.0 1.17025
2150.0 2550.0 0.81483
2250.0 2550.0 0.35356
2350.0 2550.0 -0.07425
2450.0 2550.0 -0.37567
2550.0 2550.0 -0.51730
2650.0 2550.0 -0.51341
2750.0 2550.0 -0.41339
2850.0 2550.0 -0.28793
2950.0 2550.0 -0.21385
3050.0 2550.0 -0.25769
3150.0 2550.0 -0.45784
3250.0 2550.0 -0.80552
3350.0 2550.0 -1.22881
3450.0 2550.0 -1.69384
3550.0 2550.0 -2.19059
3650.0 2550.0 -2.63214
3750.0 2550.0 -2.91437
3850.0 2550.0 -2.96435
3950.0 2550.0 -2.76778
4050.0 2550.0 -2.37542
4150.0 2550.0 -1.88854
4250.0 2550.0 -1.42342
4350.0 2550.0 -1.05481
4450.0 2550.0 -0.74220
4550.0 2550.0 -0.36452
4650.0 2550.0 0.10439
4750.0 2550.0 0.60834
4850.0 2550.0 1.06161
4950.0 2550.0 1.38771
5050.0 2550.0 1.54402
5150.0 2550.0 1.53241
5250.0 2550.0 1.39579
5350.0 2550.0 1.20050
5450.0 2550.0 1.00476
5550.0 2550.0 0.80923
5650.0 2550.0 0.54289
5750.0 2550.0 0.21418
5850.0 2550.0 -0.09280
5950.0 2550.0 -0.27847
6050.0 2550.0 -0.27008
6150.0 2550.0 -0.04577
6250.0 2550.0 0.35973
6350.0 2550.0 0.86759
50.0 2650.0 0.70726
150.0 2650.0 0.83474
250.0 2650.0 0.98999
350.0 2650.0 1.14846
450.0 2650.0 1.26167
550.0 2650.0 1.28481
650.0 2650.0 1.19458
750.0 2650.0 0.99737
850.0 2650.0 0.72762
950.0 2650.0 0.43658
1050.0 2650.0 0.17126
1150.0 2650.0 -0.05616
1250.0 2650.0 -0.23272
1350.0 2650.0 -0.26168
1450.0 2650.0 -0.11801
1550.0 2650.0 0.15548
1650.0 2650.0 0.47977
1750.0 2650.0 0.76597
1850.0 2650.0 0.93650
1950.0 2650.0 0.94096
2050.0 2650.0 0.76686
2150.0 2650.0 0.44505
2250.0 2650.0 0.05013
2350.0 2650.0 -0.30368
2450.0 2650.0 -0.52432
2550.0 2650.0 -0.58769
2650.0 2650.0 -0.52132
2750.0 2650.0 -0.38523
2850.0 2650.0 -0.25415
2950.0 2650.0 -0.20094
3050.0 2650.0 -0.28126
3150.0 2650.0 -0.51960
3250.0 2650.0 -0.89642
3350.0 2650.0 -1.33977
3450.0 2650.0 -1.79686
3550.0 2650.0 -2.22973
3650.0 2650.0 -2.55633
3750.0 2650.0 -2.69750
3850.0 2650.0 -2.61253
3950.0 2650.0 -2.31679
4050.0 2650.0 -1.88128
4150.0 2650.0 -1.41428
4250.0 2650.0 -1.02497
4350.0 2650.0 -0.76907
4450.0 2650.0 -0.58076
4550.0 2650.0 -0.31879
4650.0 2650.0 0.06253
4750.0 2650.0 0.52570
4850.0 2650.0 0.99521
4950.0 2650.0 1.39208
5050.0 2650.0 1.65789
5150.0 2650.0 1.76828
5250.0 2650.0 1.73609
5350.0 2650.0 1.60385
5450.0 2650.0 1.42590
5550.0 2650.0 1.23308
5650.0 2650.0 0.99029
5750.0 2650.0 0.71363
5850.0 2650.0 0.47709
5950.0 2650.0 0.36231
6050.0 2650.0 0.42387
6150.0 2650.0 0.67045
6250.0 2650.0 1.06208
6350.0 2650.0 1.52319
50.0 2750.0 0.55540
150.0 2750.0 0.65822
250.0 2750.0 0.78464
350.0 2750.0 0.91903
450.0 2750.0 1.02690
550.0 2750.0 1.07493
650.0 2750.0 1.04414
750.0 2750.0 0.93626
850.0 2750.0 0.77318
950.0 2750.0 0.58951
1050.0 2750.0 0.41839
1150.0 2750.0 0.27046
1250.0 2750.0 0.15450
1350.0 2750.0 0.12760
1450.0 2750.0 0.19718
1550.0 2750.0 0.32822
1650.0 2750.0 0.46682
1750.0 2750.0 0.55871
1850.0 2750.0 0.56260
1950.0 2750.0 0.45851
2050.0 2750.0 0.25092
2150.0 2750.0 -0.03308
2250.0 2750.0 -0.35015
2350.0 2750.0 -0.61397
2450.0 2750.0 -0.72811
2550.0 2750.0 -0.67753
2650.0 2750.0 -0.50669
2750.0 2750.0 -0.29176
2850.0 2750.0 -0.11698
2950.0 2750.0 -0.05543
3050.0 2750.0 -0.15406
3150.0 2750.0 -0.42301
3250.0 2750.0 -0.82924
3350.0 2750.0 -1.29592
3450.0 2750.0 -1.74465
3550.0 2750.0 -2.10562
3650.0 2750.0 -2.30280
3750.0 2750.0 -2.28594
3850.0 2750.0 -2.05128
3950.0 2750.0 -1.64788
4050.0 2750.0 -1.16935
4150.0 2750.0 -0.73128
4250.0 2750.0 -0.43410
4350.0 2750.0 -0.31155
4450.0 2750.0 -0.26982
4550.0 2750.0 -0.15128
4650.0 2750.0 0.10587
4750.0 2750.0 0.48493
4850.0 2750.0 0.92549
4950.0 2750.0 1.35156
5050.0 2750.0 1.69327
5150.0 2750.0 1.90240
5250.0 2750.0 1.96156
5350.0 2750.0 1.88716
5450.0 2750.0 1.72602
5550.0 2750.0 1.53591
5650.0 2750.0 1.31617
5750.0 2750.0 1.08895
5850.0 2750.0 0.91612
5950.0 2750.0 0.86004
6050.0 2750.0 0.95701
6150.0 2750.0 1.20386
6250.0 2750.0 1.55778
6350.0 2750.0 1.94941
50.0 2850.0 0.33013
150.0 2850.0 0.40809
250.0 2850.0 0.50656
350.0 2850.0 0.61952
450.0 2850.0 0.72659
550.0 2850.0 0.80566
650.0 2850.0 0.84144
750.0 2850.0 0.83010
850.0 2850.0 0.78001
950.0 2850.0 0.70843
1050.0 2850.0 0.63439
1150.0 2850.0 0.56752
1250.0 2850.0 0.51390
1350.0 2850.0 0.49215
1450.0 2850.0 0.49250
1550.0 2850.0 0.48755
1650.0 2850.0 0.44799
1750.0 2850.0 0.35337
1850.0 2850.0 0.19785
1950.0 2850.0 -0.00890
2050.0 2850.0 -0.24582
2150.0 2850.0 -0.48951
2250.0 2850.0 -0.72715
2350.0 2850.0 -0.89788
2450.0 2850.0 -0.89795
2550.0 2850.0 -0.72058
2650.0 2850.0 -0.42820
2750.0 2850.0 -0.11514
2850.0 2850.0 0.12233
2950.0 2850.0 0.20846
3050.0 2850.0 0.10324
3150.0 2850.0 -0.18988
3250.0 2850.0 -0.62365
3350.0 2850.0 -1.11402
3450.0 2850.0 -1.55606
3550.0 2850.0 -1.84975
3650.0 2850.0 -1.92579
3750.0 2850.0 -1.76256
3850.0 2850.0 -1.39218
3950.0 2850.0 -0.89578
4050.0 2850.0 -0.38782
4150.0 2850.0 0.01039
4250.0 2850.0 0.20804
4350.0 2850.0 0.19316
4450.0 2850.0 0.08528
4550.0 2850.0 0.05195
4650.0 2850.0 0.16599
4750.0 2850.0 0.43092
4850.0 2850.0 0.80418
4950.0 2850.0 1.21746
5050.0 2850.0 1.59489
5150.0 2850.0 1.86937
5250.0 2850.0 1.99680
5350.0 2850.0 1.96846
5450.0 2850.0 1.82123
5550.0 2850.0 1.63348
5650.0 2850.0 1.43369
5750.0 2850.0 1.24779
5850.0 2850.0 1.12517
5950.0 2850.0 1.10996
6050.0 2850.0 1.22222
6150.0 2850.0 1.44944
6250.0 2850.0 1.74856
6350.0 2850.0 2.05830
50.0 2950.0 0.09591
150.0 2950.0 0.15155
250.0 2950.0 0.22350
350.0 2950.0 0.31358
450.0 2950.0 0.41404
550.0 2950.0 0.51331
650.0 2950.0 0.60028
750.0 2950.0 0.66726
850.0 2950.0 0.71153
950.0 2950.0 0.73559
1050.0 2950.0 0.74596
1150.0 2950.0 0.75065
1250.0 2950.0 0.75394
1350.0 2950.0 0.74475
1450.0 2950.0 0.70005
1550.0 2950.0 0.59843
1650.0 2950.0 0.42969
1750.0 2950.0 0.19958
1850.0 2950.0 -0.07027
1950.0 2950.0 -0.34726
2050.0 2950.0 -0.59761
2150.0 2950.0 -0.80084
2250.0 2950.0 -0.96775
2350.0 2950.0 -1.05591
2450.0 2950.0 -0.95432
2550.0 2950.0 -0.66342
2650.0 2950.0 -0.26160
2750.0 2950.0 0.14051
2850.0 2950.0 0.43569
2950.0 2950.0 0.54557
3050.0 2950.0 0.43600
3150.0 2950.0 0.12233
3250.0 2950.0 -0.33553
3350.0 2950.0 -0.84694
3450.0 2950.0 -1.28559
3550.0 2950.0 -1.52795
3650.0 2950.0 -1.51154
3750.0 2950.0 -1.23894
3850.0 2950.0 -0.77162
3950.0 2950.0 -0.21603
4050.0 2950.0 0.29797
4150.0 2950.0 0.64635
4250.0 2950.0 0.74794
4350.0 2950.0 0.60905
4450.0 2950.0 0.36840
4550.0 2950.0 0.19611
4650.0 2950.0 0.17057
4750.0 2950.0 0.31245
4850.0 2950.0 0.59692
4950.0 2950.0 0.96604
5050.0 2950.0 1.34298
5150.0 2950.0 1.64813
5250.0 2950.0 1.81690
5350.0 2950.0 1.81943
5450.0 2950.0 1.68202
5550.0 2950.0 1.49609
5650.0 2950.0 1.31133
5750.0 2950.0 1.15531
5850.0 2950.0 1.06623
5950.0 2950.0 1.07314
6050.0 2950.0 1.18347
6150.0 2950.0 1.37852
6250.0 2950.0 1.61690
6350.0 2950.0 1.84587
50.0 3050.0 -0.07826
150.0 3050.0 -0.04018
250.0 3050.0 0.00687
350.0 3050.0 0.06878
450.0 3050.0 0.14757
550.0 3050.0 0.24132
650.0 3050.0 0.34472
750.0 3050.0 0.45008
850.0 3050.0 0.54898
950.0 3050.0 0.63445
1050.0 3050.0 0.70369
1150.0 3050.0 0.76137
1250.0 3050.0 0.81008
1350.0 3050.0 0.82348
1450.0 3050.0 0.77179
1550.0 3050.0 0.63685
1650.0 3050.0 0.41838
1750.0 3050.0 0.13565
1850.0 3050.0 -0.17565
1950.0 3050.0 -0.47127
2050.0 3050.0 -0.71104
2150.0 3050.0 -0.87613
2250.0 3050.0 -0.98944
2350.0 3050.0 -1.01697
2450.0 3050.0 -0.84369
2550.0 3050.0 -0.47613
2650.0 3050.0 -0.00412
2750.0 3050.0 0.45089
2850.0 3050.0 0.77527
2950.0 3050.0 0.89054
3050.0 3050.0 0.76847
3150.0 3050.0 0.43406
3250.0 3050.0 -0.04364
3350.0 3050.0 -0.57100
3450.0 3050.0 -1.01042
3550.0 3050.0 -1.22512
3650.0 3050.0 -1.15879
3750.0 3050.0 -0.83068
3850.0 3050.0 -0.32106
3950.0 3050.0 0.24867
4050.0 3050.0 0.74109
4150.0 3050.0 1.03326
4250.0 3050.0 1.05257
4350.0 3050.0 0.81782
4450.0 3050.0 0.47755
4550.0 3050.0 0.19804
4650.0 3050.0 0.05880
4750.0 3050.0 0.09284
4850.0 3050.0 0.28993
4950.0 3050.0 0.60245
5050.0 3050.0 0.95601
5150.0 3050.0 1.26463
5250.0 3050.0 1.45064
5350.0 3050.0 1.46917
5450.0 3050.0 1.33734
5550.0 3050.0 1.15256
5650.0 3050.0 0.97729
5750.0 3050.0 0.83916
5850.0 3050.0 0.76792
5950.0 3050.0 0.78200
6050.0 3050.0 0.88057
6150.0 3050.0 1.04168
6250.0 3050.0 1.22647
6350.0 3050.0 1.38948
50.0 3150.0 -0.13879
150.0 3150.0 -0.11242
250.0 3150.0 -0.08883
350.0 3150.0 -0.06294
450.0 3150.0 -0.02653
550.0 3150.0 0.02727
650.0 3150.0 0.10122
750.0 3150.0 0.19282
850.0 3150.0 0.29492
950.0 3150.0 0.39790
1050.0 3150.0 0.49365
1150.0 3150.0 0.58109
1250.0 3150.0 0.66042
1350.0 3150.0 0.70672
1450.0 3150.0 0.69117
1550.0 3150.0 0.59555
1650.0 3150.0 0.41881
1750.0 3150.0 0.17886
1850.0 3150.0 -0.09018
1950.0 3150.0 -0.34559
2050.0 3150.0 -0.54822
2150.0 3150.0 -0.67935
2250.0 3150.0 -0.76058
2350.0 3150.0 -0.75565
2450.0 3150.0 -0.55102
2550.0 3150.0 -0.15844
2650.0 3150.0 0.32688
2750.0 3150.0 0.78038
2850.0 3150.0 1.08895
2950.0 3150.0 1.17837
3050.0 3150.0 1.02737
3150.0 3150.0 0.66839
3250.0 3150.0 0.17491
3350.0 3150.0 -0.36209
3450.0 3150.0 -0.80635
3550.0 3150.0 -1.01927
3650.0 3150.0 -0.94959
3750.0 3150.0 -0.62428
3850.0 3150.0 -0.13030
3950.0 3150.0 0.40756
4050.0 3150.0 0.85279
4150.0 3150.0 1.08721
4250.0 3150.0 1.04499
4350.0 3150.0 0.75057
4450.0 3150.0 0.35231
4550.0 3150.0 0.00857
4650.0 3150.0 -0.20252
4750.0 3150.0 -0.24113
4850.0 3150.0 -0.10815
4950.0 3150.0 0.15644
5050.0 3150.0 0.48166
5150.0 3150.0 0.77979
5250.0 3150.0 0.96699
5350.0 3150.0 0.99024
5450.0 3150.0 0.86049
5550.0 3150.0 0.67629
5650.0 3150.0 0.50560
5750.0 3150.0 0.37547
5850.0 3150.0 0.31073
5950.0 3150.0 0.32402
6050.0 3150.0 0.41034
6150.0 3150.0 0.54656
6250.0 3150.0 0.69598
6350.0 3150.0 0.81783
50.0 3250.0 -0.07308
150.0 3250.0 -0.05317
250.0 3250.0 -0.05207
350.0 3250.0 -0.07008
450.0 3250.0 -0.09600
550.0 3250.0 -0.11484
650.0 3250.0 -0.11353
750.0 3250.0 -0.08444
850.0 3250.0 -0.02698
950.0 3250.0 0.05294
1050.0 3250.0 0.14548
1150.0 3250.0 0.24150
1250.0 3250.0 0.33770
1350.0 3250.0 0.42502
1450.0 3250.0 0.48219
1550.0 3250.0 0.48814
1650.0 3250.0 0.43168
1750.0 3250.0 0.31650
1850.0 3250.0 0.16151
1950.0 3250.0 -0.00351
2050.0 3250.0 -0.14686
2150.0 3250.0 -0.24862
2250.0 3250.0 -0.31740
2350.0 3250.0 -0.30608
2450.0 3250.0 -0.10855
2550.0 3250.0 0.25881
2650.0 3250.0 0.70106
2750.0 3250.0 1.09810
2850.0 3250.0 1.34435
2950.0 3250.0 1.37457
3050.0 3250.0 1.17603
3150.0 3250.0 0.78683
3250.0 3250.0 0.28053
3350.0 3250.0 -0.26038
3450.0 3250.0 -0.71251
3550.0 3250.0 -0.94503
3650.0 3250.0 -0.91047
3750.0 3250.0 -0.63567
3850.0 3250.0 -0.20394
3950.0 3250.0 0.26629
4050.0 3250.0 0.64630
4150.0 3250.0 0.82538
4250.0 3250.0 0.74260
4350.0 3250.0 0.42205
4450.0 3250.0 0.00380
4550.0 3250.0 -0.36310
4650.0 3250.0 -0.60236
4750.0 3250.0 -0.67201
4850.0 3250.0 -0.56924
4950.0 3250.0 -0.33038
5050.0 3250.0 -0.02400
5150.0 3250.0 0.26276
5250.0 3250.0 0.44491
5350.0 3250.0 0.46693
5450.0 3250.0 0.33717
5550.0 3250.0 0.15313
5650.0 3250.0 -0.01627
5750.0 3250.0 -0.14435
5850.0 3250.0 -0.20799
5950.0 3250.0 -0.19639
6050.0 3250.0 -0.11582
6150.0 3250.0 0.01043
6250.0 3250.0 0.14656
6350.0 3250.0 0.25356
50.0 3350.0 0.06233
150.0 3350.0 0.07826
250.0 3350.0 0.05713
350.0 3350.0 -0.00898
450.0 3350.0 -0.10742
550.0 3350.0 -0.21540
650.0 3350.0 -0.30828
750.0 3350.0 -0.36589
850.0 3350.0 -0.37664
950.0 3350.0 -0.33967
1050.0 3350.0 -0.26479
1150.0 3350.0 -0.17040
1250.0 3350.0 -0.06401
1350.0 3350.0 0.06790
1450.0 3350.0 0.21474
1550.0 3350.0 0.35129
1650.0 3350.0 0.45184
1750.0 3350.0 0.49976
1850.0 3350.0 0.49240
1950.0 3350.0 0.44121
2050.0 3350.0 0.36739
2150.0 3350.0 0.29270
2250.0 3350.0 0.22697
2350.0 3350.0 0.23192
2450.0 3350.0 0.40289
2550.0 3350.0 0.71899
2650.0 3350.0 1.08848
2750.0 3350.0 1.39977
2850.0 3350.0 1.55857
2950.0 3350.0 1.51131
3050.0 3350.0 1.25481
3150.0 3350.0 0.83213
3250.0 3350.0 0.31466
3350.0 3350.0 -0.22684
3450.0 3350.0 -0.68753
3550.0 3350.0 -0.94877
3650.0 3350.0 -0.96624
3750.0 3350.0 -0.76301
3850.0 3350.0 -0.41396
3950.0 3350.0 -0.02669
4050.0 3350.0 0.28102
4150.0 3350.0 0.40709
4250.0 3350.0 0.29457
4350.0 3350.0 -0.03559
4450.0 3350.0 -0.45525
4550.0 3350.0 -0.82462
4650.0 3350.0 -1.06883
4750.0 3350.0 -1.14595
4850.0 3350.0 -1.05241
4950.0 3350.0 -0.82339
5050.0 3350.0 -0.52620
5150.0 3350.0 -0.24683
5250.0 3350.0 -0.06961
5350.0 3350.0 -0.04991
5450.0 3350.0 -0.18002
5550.0 3350.0 -0.36377
5650.0 3350.0 -0.53283
5750.0 3350.0 -0.66056
5850.0 3350.0 -0.72401
5950.0 3350.0 -0.71253
6050.0 3350.0 -0.63245
6150.0 3350.0 -0.50707
6250.0 3350.0 -0.37205
6350.0 3350.0 -0.26623
50.0 3450.0 0.20757
150.0 3450.0 0.21809
250.0 3450.0 0.17276
350.0 3450.0 0.05623
450.0 3450.0 -0.11681
550.0 3450.0 -0.31508
650.0 3450.0 -0.50202
750.0 3450.0 -0.64482
850.0 3450.0 -0.72121
950.0 3450.0 -0.72404
1050.0 3450.0 -0.66368
1150.0 3450.0 -0.56804
1250.0 3450.0 -0.44906
1350.0 3450.0 -0.27147
1450.0 3450.0 -0.03531
1550.0 3450.0 0.23050
1650.0 3450.0 0.48651
1750.0 3450.0 0.69658
1850.0 3450.0 0.83710
1950.0 3450.0 0.90156
2050.0 3450.0 0.90062
2150.0 3450.0 0.85755
2250.0 3450.0 0.79991
2350.0 3450.0 0.80095
2450.0 3450.0 0.94100
2550.0 3450.0 1.19435
2650.0 3450.0 1.47492
2750.0 3450.0 1.68333
2850.0 3450.0 1.74046
2950.0 3450.0 1.60747
3050.0 3450.0 1.29238
3150.0 3450.0 0.84311
3250.0 3450.0 0.32705
3350.0 3450.0 -0.20007
3450.0 3450.0 -0.65386
3550.0 3450.0 -0.92853
3650.0 3450.0 -0.98461
3750.0 3450.0 -0.84318
3850.0 3450.0 -0.57170
3950.0 3450.0 -0.26678
4050.0 3450.0 -0.03396
4150.0 3450.0 0.03550
4250.0 3450.0 -0.10909
4350.0 3450.0 -0.44867
4450.0 3450.0 -0.86816
4550.0 3450.0 -1.23878
4650.0 3450.0 -1.48695
4750.0 3450.0 -1.57002
4850.0 3450.0 -1.48283
4950.0 3450.0 -1.25881
5050.0 3450.0 -0.96394
5150.0 3450.0 -0.68355
5250.0 3450.0 -0.50212
5350.0 3450.0 -0.47584
5450.0 3450.0 -0.59818
5550.0 3450.0 -0.77394
5650.0 3450.0 -0.93557
5750.0 3450.0 -1.05797
5850.0 3450.0 -1.11985
5950.0 3450.0 -1.11163
6050.0 3450.0 -1.03957
6150.0 3450.0 -0.92574
6250.0 3450.0 -0.80361
6350.0 3450.0 -0.70946
50.0 3550.0 0.35084
150.0 3550.0 0.35255
250.0 3550.0 0.28009
350.0 3550.0 0.11206
450.0 3550.0 -0.13327
550.0 3550.0 -0.41528
650.0 3550.0 -0.68557
750.0 3550.0 -0.89983
850.0 3550.0 -1.02709
950.0 3550.0 -1.05619
1050.0 3550.0 -0.99959
1150.0 3550.0 -0.89443
1250.0 3550.0 -0.75718
1350.0 3550.0 -0.53579
1450.0 3550.0 -0.22150
1550.0 3550.0 0.15476
1650.0 3550.0 0.54349
1750.0 3550.0 0.89358
1850.0 3550.0 1.16474
1950.0 3550.0 1.33568
2050.0 3550.0 1.40787
2150.0 3550.0 1.40495
2250.0 3550.0 1.36828
2350.0 3550.0 1.37375
2450.0 3550.0 1.47858
2550.0 3550.0 1.65200
2650.0 3550.0 1.81852
2750.0 3550.0 1.89817
2850.0 3550.0 1.83414
2950.0 3550.0 1.60771
3050.0 3550.0 1.24074
3150.0 3550.0 0.78536
3250.0 3550.0 0.30118
3350.0 3550.0 -0.17699
3450.0 3550.0 -0.58742
3550.0 3550.0 -0.83769
3650.0 3550.0 -0.89714
3750.0 3550.0 -0.78960
3850.0 3550.0 -0.57843
3950.0 3550.0 -0.34986
4050.0 3550.0 -0.19484
4150.0 3550.0 -0.18913
4250.0 3550.0 -0.37188
4350.0 3550.0 -0.72249
4450.0 3550.0 -1.14073
4550.0 3550.0 -1.51300
4650.0 3550.0 -1.76734
4750.0 3550.0 -1.85830
4850.0 3550.0 -1.77652
4950.0 3550.0 -1.55167
5050.0 3550.0 -1.24761
5150.0 3550.0 -0.94978
5250.0 3550.0 -0.74474
5350.0 3550.0 -0.69197
5450.0 3550.0 -0.78776
5550.0 3550.0 -0.93751
5650.0 3550.0 -1.07455
5750.0 3550.0 -1.17845
5850.0 3550.0 -1.23336
5950.0 3550.0 -1.23324
6050.0 3550.0 -1.18455
6150.0 3550.0 -1.10566
6250.0 3550.0 -1.02329
6350.0 3550.0 -0.96560
50.0 3650.0 0.46740
150.0 3650.0 0.45691
250.0 3650.0 0.35680
350.0 3650.0 0.14227
450.0 3650.0 -0.16332
550.0 3650.0 -0.50994
650.0 3650.0 -0.83895
750.0 3650.0 -1.09756
850.0 3650.0 -1.24979
950.0 3650.0 -1.28392
1050.0 3650.0 -1.21634
1150.0 3650.0 -1.09187
1250.0 3650.0 -0.93125
1350.0 3650.0 -0.67487
1450.0 3650.0 -0.30871
1550.0 3650.0 0.13680
1650.0 3650.0 0.60858
1750.0 3650.0 1.04878
1850.0 3650.0 1.40864
1950.0 3650.0 1.65849
2050.0 3650.0 1.79372
2150.0 3650.0 1.83679
2250.0 3650.0 1.83550
2350.0 3650.0 1.85635
2450.0 3650.0 1.92625
2550.0 3650.0 2.00994
2650.0 3650.0 2.04758
2750.0 3650.0 1.98523
2850.0 3650.0 1.79439
2950.0 3650.0 1.48051
3050.0 3650.0 1.08043
3150.0 3650.0 0.64884
3250.0 3650.0 0.23368
3350.0 3650.0 -0.15573
3450.0 3650.0 -0.48050
3550.0 3650.0 -0.66138
3650.0 3650.0 -0.68097
3750.0 3650.0 -0.57148
3850.0 3650.0 -0.39640
3950.0 3650.0 -0.23289
4050.0 3650.0 -0.15518
4150.0 3650.0 -0.21866
4250.0 3650.0 -0.44501
4350.0 3650.0 -0.80804
4450.0 3650.0 -1.22381
4550.0 3650.0 -1.59888
4650.0 3650.0 -1.86378
4750.0 3650.0 -1.96807
4850.0 3650.0 -1.89489
4950.0 3650.0 -1.66730
5050.0 3650.0 -1.34554
5150.0 3650.0 -1.01539
5250.0 3650.0 -0.76728
5350.0 3650.0 -0.66659
5450.0 3650.0 -0.71469
5550.0 3650.0 -0.81765
5650.0 3650.0 -0.90954
5750.0 3650.0 -0.97758
5850.0 3650.0 -1.01563
5950.0 3650.0 -1.02445
6050.0 3650.0 -1.01149
6150.0 3650.0 -0.98939
6250.0 3650.0 -0.97345
6350.0 3650.0 -0.97784
50.0 3750.0 0.53152
150.0 3750.0 0.50662
250.0 3750.0 0.38198
350.0 3750.0 0.13278
450.0 3750.0 -0.21141
550.0 3750.0 -0.59239
650.0 3750.0 -0.94447
750.0 3750.0 -1.21085
850.0 3750.0 -1.35543
950.0 3750.0 -1.36990
1050.0 3750.0 -1.27614
1150.0 3750.0 -1.12384
1250.0 3750.0 -0.93743
1350.0 3750.0 -0.66157
1450.0 3750.0 -0.28198
1550.0 3750.0 0.17432
1650.0 3750.0 0.65872
1750.0 3750.0 1.11726
1850.0 3750.0 1.50357
1950.0 3750.0 1.78833
2050.0 3750.0 1.96536
2150.0 3750.0 2.05436
2250.0 3750.0 2.10000
2350.0 3750.0 2.14700
2450.0 3750.0 2.18866
2550.0 3750.0 2.18680
2650.0 3750.0 2.10061
2750.0 3750.0 1.90565
2850.0 3750.0 1.60408
2950.0 3750.0 1.22606
3050.0 3750.0 0.82217
3150.0 3750.0 0.44711
3250.0 3750.0 0.13448
3350.0 3750.0 -0.13301
3450.0 3750.0 -0.33644
3550.0 3750.0 -0.40871
3650.0 3750.0 -0.34909
3750.0 3750.0 -0.20316
3850.0 3750.0 -0.03861
3950.0 3750.0 0.07466
4050.0 3750.0 0.08021
4150.0 3750.0 -0.05353
4250.0 3750.0 -0.32612
4350.0 3750.0 -0.70216
4450.0 3750.0 -1.11447
4550.0 3750.0 -1.49413
4650.0 3750.0 -1.77556
4750.0 3750.0 -1.90166
4850.0 3750.0 -1.84501
4950.0 3750.0 -1.61903
5050.0 3750.0 -1.27834
5150.0 3750.0 -0.90843
5250.0 3750.0 -0.60457
5350.0 3750.0 -0.43999
5450.0 3750.0 -0.42330
5550.0 3750.0 -0.46217
5650.0 3750.0 -0.49075
5750.0 3750.0 -0.50574
5850.0 3750.0 -0.51416
5950.0 3750.0 -0.52672
6050.0 3750.0 -0.55329
6150.0 3750.0 -0.59988
6250.0 3750.0 -0.66736
6350.0 3750.0 -0.75161
50.0 3850.0 0.52820
150.0 3850.0 0.48840
250.0 3850.0 0.34544
350.0 3850.0 0.07791
450.0 3850.0 -0.27808
550.0 3850.0 -0.65842
650.0 3850.0 -0.99446
750.0 3850.0 -1.23048
850.0 3850.0 -1.33522
950.0 3850.0 -1.30740
1050.0 3850.0 -1.17524
1150.0 3850.0 -0.98994
1250.0 3850.0 -0.77864
1350.0 3850.0 -0.50231
1450.0 3850.0 -0.15171
1550.0 3850.0 0.25217
1650.0 3850.0 0.67308
1750.0 3850.0 1.07170
1850.0 3850.0 1.41513
1950.0 3850.0 1.68359
2050.0 3850.0 1.87437
2150.0 3850.0 2.00302
2250.0 3850.0 2.10146
2350.0 3850.0 2.18273
2450.0 3850.0 2.20807
2550.0 3850.0 2.13857
2650.0 3850.0 1.95333
2750.0 3850.0 1.65679
2850.0 3850.0 1.27971
2950.0 3850.0 0.87373
3050.0 3850.0 0.49967
3150.0 3850.0 0.20938
3250.0 3850.0 0.02127
3350.0 3850.0 -0.10570
3450.0 3850.0 -0.16727
3550.0 3850.0 -0.10673
3650.0 3850.0 0.05831
3750.0 3850.0 0.26584
3850.0 3850.0 0.44097
3950.0 3850.0 0.51916
4050.0 3850.0 0.46139
4150.0 3850.0 0.26115
4250.0 3850.0 -0.05674
4350.0 3850.0 -0.44540
4450.0 3850.0 -0.85377
4550.0 3850.0 -1.24002
4650.0 3850.0 -1.54427
4750.0 3850.0 -1.70193
4850.0 3850.0 -1.67291
4950.0 3850.0 -1.45848
5050.0 3850.0 -1.10552
5150.0 3850.0 -0.69796
5250.0 3850.0 -0.33570
5350.0 3850.0 -0.10066
5450.0 3850.0 -0.01027
5550.0 3850.0 0.02468
5650.0 3850.0 0.07085
5750.0 3850.0 0.12201
5850.0 3850.0 0.15606
5950.0 3850.0 0.15009
6050.0 3850.0 0.09011
6150.0 3850.0 -0.02391
6250.0 3850.0 -0.17774
6350.0 3850.0 -0.34728
50.0 3950.0 0.45921
150.0 3950.0 0.40588
250.0 3950.0 0.25227
350.0 3950.0 -0.01685
450.0 3950.0 -0.35936
550.0 3950.0 -0.70793
650.0 3950.0 -0.99496
750.0 3950.0 -1.17021
850.0 3950.0 -1.21110
950.0 3950.0 -1.12579
1050.0 3950.0 -0.94888
1150.0 3950.0 -0.72985
1250.0 3950.0 -0.49757
1350.0 3950.0 -0.23857
1450.0 3950.0 0.04704
1550.0 3950.0 0.34597
1650.0 3950.0 0.64020
1750.0 3950.0 0.91325
1850.0 3950.0 1.15440
1950.0 3950.0 1.36080
2050.0 3950.0 1.53745
2150.0 3950.0 1.69502
2250.0 3950.0 1.84523
2350.0 3950.0 1.96437
2450.0 3950.0 1.98746
2550.0 3950.0 1.87713
2650.0 3950.0 1.63071
2750.0 3950.0 1.27705
2850.0 3950.0 0.86962
2950.0 3950.0 0.47557
3050.0 3950.0 0.16105
3150.0 3950.0 -0.02743
3250.0 3950.0 -0.08546
3350.0 3950.0 -0.07190
3450.0 3950.0 0.00931
3550.0 3950.0 0.20650
3650.0 3950.0 0.48415
3750.0 3950.0 0.76335
3850.0 3950.0 0.96076
3950.0 3950.0 1.01566
4050.0 3950.0 0.90485
4150.0 3950.0 0.64564
4250.0 3950.0 0.28662
4350.0 3950.0 -0.11344
4450.0 3950.0 -0.51795
4550.0 3950.0 -0.91258
4650.0 3950.0 -1.24469
4750.0 3950.0 -1.44252
4850.0 3950.0 -1.45259
4950.0 3950.0 -1.26265
5050.0 3950.0 -0.91010
5150.0 3950.0 -0.47572
5250.0 3950.0 -0.06273
5350.0 3950.0 0.23869
5450.0 3950.0 0.40160
5550.0 3950.0 0.51041
5650.0 3950.0 0.63354
5750.0 3950.0 0.75678
5850.0 3950.0 0.84313
5950.0 3950.0 0.85657
6050.0 3950.0 0.77735
6150.0 3950.0 0.60958
6250.0 3950.0 0.38079
6350.0 3950.0 0.13375
50.0 4050.0 0.34370
150.0 4050.0 0.27961
250.0 4050.0 0.12253
350.0 4050.0 -0.13549
450.0 4050.0 -0.44743
550.0 4050.0 -0.74519
650.0 4050.0 -0.96508
750.0 4050.0 -1.06489
850.0 4050.0 -1.03246
950.0 4050.0 -0.88592
1050.0 4050.0 -0.66545
1150.0 4050.0 -0.41661
1250.0 4050.0 -0.16925
1350.0 4050.0 0.06053
1450.0 4050.0 0.26106
1550.0 4050.0 0.42711
1650.0 4050.0 0.56109
1750.0 4050.0 0.67288
1850.0 4050.0 0.77796
1950.0 4050.0 0.89406
2050.0 4050.0 1.03624
2150.0 4050.0 1.21034
2250.0 4050.0 1.40466
2350.0 4050.0 1.55978
2450.0 4050.0 1.59314
2550.0 4050.0 1.47068
2650.0 4050.0 1.20402
2750.0 4050.0 0.83939
2850.0 4050.0 0.44484
2950.0 4050.0 0.09578
3050.0 4050.0 -0.14127
3150.0 4050.0 -0.22659
3250.0 4050.0 -0.16690
3350.0 4050.0 -0.03140
3450.0 4050.0 0.17364
3550.0 4050.0 0.48989
3650.0 4050.0 0.86644
3750.0 4050.0 1.20958
3850.0 4050.0 1.42847
3950.0 4050.0 1.46540
4050.0 4050.0 1.31059
4150.0 4050.0 1.00170
4250.0 4050.0 0.60782
4350.0 4050.0 0.19812
4450.0 4050.0 -0.20318
4550.0 4050.0 -0.60724
4650.0 4050.0 -0.96969
4750.0 4050.0 -1.21289
4850.0 4050.0 -1.27086
4950.0 4050.0 -1.11792
5050.0 4050.0 -0.78118
5150.0 4050.0 -0.33664
5250.0 4050.0 0.11107
5350.0 4050.0 0.46519
5450.0 4050.0 0.68968
5550.0 4050.0 0.86268
5650.0 4050.0 1.05514
5750.0 4050.0 1.24768
5850.0 4050.0 1.39055
5950.0 4050.0 1.43529
6050.0 4050.0 1.35539
6150.0 4050.0 1.15636
6250.0 4050.0 0.87530
6350.0 4050.0 0.56975
50.0 4150.0 0.21302
150.0 4150.0 0.14180
250.0 4150.0 -0.01395
350.0 4150.0 -0.25549
450.0 4150.0 -0.53249
550.0 4150.0 -0.77765
650.0 4150.0 -0.93215
750.0 4150.0 -0.96181
850.0 4150.0 -0.86398
950.0 4150.0 -0.66528
1050.0 4150.0 -0.40993
1150.0 4150.0 -0.13904
1250.0 4150.0 0.11693
1350.0 4150.0 0.31468
1450.0 4150.0 0.43154
1550.0 4150.0 0.46911
1650.0 4150.0 0.44828
1750.0 4150.0 0.40302
1850.0 4150.0 0.37316
1950.0 4150.0 0.39588
2050.0 4150.0 0.49611
2150.0 4150.0 0.67576
2250.0 4150.0 0.90155
2350.0 4150.0 1.08558
2450.0 4150.0 1.13699
2550.0 4150.0 1.02587
2650.0 4150.0 0.77295
2750.0 4150.0 0.43374
2850.0 4150.0 0.08254
2950.0 4150.0 -0.20379
3050.0 4150.0 -0.36210
3150.0 4150.0 -0.35949
3250.0 4150.0 -0.20991
3350.0 4150.0 0.01433
3450.0 4150.0 0.30842
3550.0 4150.0 0.70838
3650.0 4150.0 1.15184
3750.0 4150.0 1.53475
3850.0 4150.0 1.76159
3950.0 4150.0 1.77784
4050.0 4150.0 1.58449
4150.0 4150.0 1.23475
4250.0 4150.0 0.81294
4350.0 4150.0 0.39546
4450.0 4150.0 -0.00370
4550.0 4150.0 -0.41725
4650.0 4150.0 -0.80924
4750.0 4150.0 -1.09820
4850.0 4150.0 -1.20794
4950.0 4150.0 -1.10096
5050.0 4150.0 -0.79438
5150.0 4150.0 -0.35827
5250.0 4150.0 0.10354
5350.0 4150.0 0.49016
5450.0 4150.0 0.75791
5550.0 4150.0 0.97779
5650.0 4150.0 1.22368
5750.0 4150.0 1.47443
5850.0 4150.0 1.67117
5950.0 4150.0 1.75521
6050.0 4150.0 1.69303
6150.0 4150.0 1.48878
6250.0 4150.0 1.18420
6350.0 4150.0 0.84596
50.0 4250.0 0.10015
150.0 4250.0 0.02536
250.0 4250.0 -0.12750
350.0 4250.0 -0.35528
450.0 4250.0 -0.60594
550.0 4250.0 -0.81341
650.0 4250.0 -0.92266
750.0 4250.0 -0.90515
850.0 4250.0 -0.76459
950.0 4250.0 -0.53289
1050.0 4250.0 -0.25655
1150.0 4250.0 0.02669
1250.0 4250.0 0.28566
1350.0 4250.0 0.45776
1450.0 4250.0 0.51232
1550.0 4250.0 0.45550
1650.0 4250.0 0.32095
1750.0 4250.0 0.15965
1850.0 4250.0 0.02873
1950.0 4250.0 -0.02057
2050.0 4250.0 0.04403
2150.0 4250.0 0.22191
2250.0 4250.0 0.46461
2350.0 4250.0 0.66710
2450.0 4250.0 0.73819
2550.0 4250.0 0.65184
2650.0 4250.0 0.43262
2750.0 4250.0 0.13812
2850.0 4250.0 -0.15798
2950.0 4250.0 -0.38213
3050.0 4250.0 -0.47645
3150.0 4250.0 -0.41350
3250.0 4250.0 -0.21041
3350.0 4250.0 0.06276
3450.0 4250.0 0.40373
3550.0 4250.0 0.84294
3650.0 4250.0 1.31106
3750.0 4250.0 1.69924
3850.0 4250.0 1.91141
3950.0 4250.0 1.89729
4050.0 4250.0 1.66630
4150.0 4250.0 1.28217
4250.0 4250.0 0.83844
4350.0 4250.0 0.41474
4450.0 4250.0 0.01648
4550.0 4250.0 -0.40566
4650.0 4250.0 -0.82347
4750.0 4250.0 -1.15392
4850.0 4250.0 -1.31379
4950.0 4250.0 -1.25644
5050.0 4250.0 -0.99025
5150.0 4250.0 -0.57891
5250.0 4250.0 -0.12350
5350.0 4250.0 0.27364
5450.0 4250.0 0.56333
5550.0 4250.0 0.80934
5650.0 4250.0 1.08839
5750.0 4250.0 1.38079
5850.0 4250.0 1.62285
5950.0 4250.0 1.74874
6050.0 4250.0 1.71859
6150.0 4250.0 1.53280
6250.0 4250.0 1.23292
6350.0 4250.0 0.88869
50.0 4350.0 0.02332
150.0 4350.0 -0.05236
250.0 4350.0 -0.20342
350.0 4350.0 -0.42505
450.0 4350.0 -0.66479
550.0 4350.0 -0.85723
650.0 4350.0 -0.94897
750.0 4350.0 -0.91371
850.0 4350.0 -0.75749
950.0 4350.0 -0.51411
1050.0 4350.0 -0.23075
1150.0 4350.0 0.05625
1250.0 4350.0 0.31461
1350.0 4350.0 0.47218
1450.0 4350.0 0.49424
1550.0 4350.0 0.38893
1650.0 4350.0 0.19601
1750.0 4350.0 -0.02530
1850.0 4350.0 -0.20934
1950.0 4350.0 -0.29782
2050.0 4350.0 -0.25462
2150.0 4350.0 -0.08140
2250.0 4350.0 0.16599
2350.0 4350.0 0.37679
2450.0 4350.0 0.46452
2550.0 4350.0 0.40605
2650.0 4350.0 0.22579
2750.0 4350.0 -0.02141
2850.0 4350.0 -0.26652
2950.0 4350.0 -0.44157
3050.0 4350.0 -0.49397
3150.0 4350.0 -0.39982
3250.0 4350.0 -0.17634
3350.0 4350.0 0.11148
3450.0 4350.0 0.46268
3550.0 4350.0 0.90165
3650.0 4350.0 1.35573
3750.0 4350.0 1.71630
3850.0 4350.0 1.89060
3950.0 4350.0 1.83405
4050.0 4350.0 1.56296
4150.0 4350.0 1.14762
4250.0 4350.0 0.68584
4350.0 4350.0 0.25687
4450.0 4350.0 -0.14152
4550.0 4350.0 -0.57090
4650.0 4350.0 -1.00975
4750.0 4350.0 -1.37529
4850.0 4350.0 -1.58028
4950.0 4350.0 -1.57163
5050.0 4350.0 -1.35063
5150.0 4350.0 -0.97474
5250.0 4350.0 -0.54099
5350.0 4350.0 -0.15095
5450.0 4350.0 0.14268
5550.0 4350.0 0.39692
5650.0 4350.0 0.69096
5750.0 4350.0 1.00888
5850.0 4350.0 1.28578
5950.0 4350.0 1.45171
6050.0 4350.0 1.46142
6150.0 4350.0 1.31020
6250.0 4350.0 1.03574
6350.0 4350.0 0.70605
50.0 4450.0 -0.02433
150.0 4450.0 -0.09957
250.0 4450.0 -0.24986
350.0 4450.0 -0.47028
450.0 4450.0 -0.70838
550.0 4450.0 -0.89892
650.0 4450.0 -0.98872
750.0 4450.0 -0.95168
850.0 4450.0 -0.79403
950.0 4450.0 -0.54968
1050.0 4450.0 -0.26578
1150.0 4450.0 0.02149
1250.0 4450.0 0.27830
1350.0 4450.0 0.42785
1450.0 4450.0 0.43338
1550.0 4450.0 0.30380
1650.0 4450.0 0.08155
1750.0 4450.0 -0.17033
1850.0 4450.0 -0.38209
1950.0 4450.0 -0.49198
2050.0 4450.0 -0.46185
2150.0 4450.0 -0.29365
2250.0 4450.0 -0.04670
2350.0 4450.0 0.16775
2450.0 4450.0 0.26957
2550.0 4450.0 0.23794
2650.0 4450.0 0.09563
2750.0 4450.0 -0.10690
2850.0 4450.0 -0.30646
2950.0 4450.0 -0.44113
3050.0 4450.0 -0.46322
3150.0 4450.0 -0.35141
3250.0 4450.0 -0.12178
3350.0 4450.0 0.16636
3450.0 4450.0 0.51221
3550.0 4450.0 0.93341
3650.0 4450.0 1.35554
3750.0 4450.0 1.67244
3850.0 4450.0 1.79666
3950.0 4450.0 1.69030
4050.0 4450.0 1.37626
4150.0 4450.0 0.92996
4250.0 4450.0 0.45145
4350.0 4450.0 0.01793
4450.0 4450.0 -0.38044
4550.0 4450.0 -0.81558
4650.0 4450.0 -1.27202
4750.0 4450.0 -1.66816
4850.0 4450.0 -1.91427
4950.0 4450.0 -1.95230
5050.0 4450.0 -1.77740
5150.0 4450.0 -1.44097
5250.0 4450.0 -1.03540
5350.0 4450.0 -0.66046
5450.0 4450.0 -0.37126
5550.0 4450.0 -0.11720
5650.0 4450.0 0.18282
5750.0 4450.0 0.51741
5850.0 4450.0 0.82223
5950.0 4450.0 1.02480
6050.0 4450.0 1.07538
6150.0 4450.0 0.96381
6250.0 4450.0 0.72259
6350.0 4450.0 0.41592
50.0 4550.0 0.04255
150.0 4550.0 -0.02697
250.0 4550.0 -0.17486
350.0 4550.0 -0.39807
450.0 4550.0 -0.64449
550.0 4550.0 -0.84789
650.0 4550.0 -0.95305
750.0 4550.0 -0.93125
850.0 4550.0 -0.78605
950.0 4550.0 -0.54932
1050.0 4550.0 -0.26759
1150.0 4550.0 0.02123
1250.0 4550.0 0.27927
1350.0 4550.0 0.42649
1450.0 4550.0 0.42441
1550.0 4550.0 0.28161
1650.0 4550.0 0.04156
1750.0 4550.0 -0.23066
1850.0 4550.0 -0.46263
1950.0 4550.0 -0.58984
2050.0 4550.0 -0.57211
2150.0 4550.0 -0.41090
2250.0 4550.0 -0.16754
2350.0 4550.0 0.04780
2450.0 4550.0 0.16227
2550.0 4550.0 0.15759
2650.0 4550.0 0.05460
2750.0 4550.0 -0.10123
2850.0 4550.0 -0.25332
2950.0 4550.0 -0.34645
3050.0 4550.0 -0.33845
3150.0 4550.0 -0.21076
3250.0 4550.0 0.02187
3350.0 4550.0 0.30644
3450.0 4550.0 0.63992
3550.0 4550.0 1.03004
3650.0 4550.0 1.40118
3750.0 4550.0 1.65253
3850.0 4550.0 1.70555
3950.0 4550.0 1.53234
4050.0 4550.0 1.16468
4150.0 4550.0 0.68386
4250.0 4550.0 0.19133
4350.0 4550.0 -0.23994
4450.0 4550.0 -0.62990
4550.0 4550.0 -1.05925
4650.0 4550.0 -1.51754
4750.0 4550.0 -1.92708
4850.0 4550.0 -2.19972
4950.0 4550.0 -2.27607
5050.0 4550.0 -2.14704
5150.0 4550.0 -1.85779
5250.0 4550.0 -1.49397
5350.0 4550.0 -1.15028
5450.0 4550.0 -0.88149
5550.0 4550.0 -0.64363
5650.0 4550.0 -0.35784
5750.0 4550.0 -0.03141
5850.0 4550.0 0.27552
5950.0 4550.0 0.49287
6050.0 4550.0 0.57038
6150.0 4550.0 0.49440
6250.0 4550.0 0.29157
6350.0 4550.0 0.01941
50.0 4650.0 0.29168
150.0 4650.0 0.23848
250.0 4650.0 0.09754
350.0 4650.0 -0.13337
450.0 4650.0 -0.40312
550.0 4650.0 -0.64266
650.0 4650.0 -0.79106
750.0 4650.0 -0.81221
850.0 4650.0 -0.70211
950.0 4650.0 -0.48686
1050.0 4650.0 -0.21121
1150.0 4650.0 0.08207
1250.0 4650.0 0.34683
1350.0 4650.0 0.50231
1450.0 4650.0 0.50872
1550.0 4650.0 0.37236
1650.0 4650.0 0.13461
1750.0 4650.0 -0.14049
1850.0 4650.0 -0.38020
1950.0 4650.0 -0.51844
2050.0 4650.0 -0.51273
2150.0 4650.0 -0.36250
2250.0 4650.0 -0.12868
2350.0 4650.0 0.08200
2450.0 4650.0 0.20511
2550.0 4650.0 0.22520
2650.0 4650.0 0.16082
2750.0 4650.0 0.05175
2850.0 4650.0 -0.05287
2950.0 4650.0 -0.10543
3050.0 4650.0 -0.06984
3150.0 4650.0 0.06942
3250.0 4650.0 0.29914
3350.0 4650.0 0.57327
3450.0 4650.0 0.88273
3550.0 4650.0 1.22076
3650.0 4650.0 1.51205
3750.0 4650.0 1.66598
3850.0 4650.0 1.61881
3950.0 4650.0 1.35757
4050.0 4650.0 0.92578
4150.0 4650.0 0.41093
4250.0 4650.0 -0.08621
4350.0 4650.0 -0.50057
4450.0 4650.0 -0.86548
4550.0 4650.0 -1.26579
4650.0 4650.0 -1.69362
4750.0 4650.0 -2.08041
4850.0 4650.0 -2.34780
4950.0 4650.0 -2.44242
5050.0 4650.0 -2.35528
5150.0 4650.0 -2.12532
5250.0 4650.0 -1.82756
5350.0 4650.0 -1.54551
5450.0 4650.0 -1.32800
5550.0 4650.0 -1.13745
5650.0 4650.0 -0.90510
5750.0 4650.0 -0.63483
5850.0 4650.0 -0.37538
5950.0 4650.0 -0.18503
6050.0 4650.0 -0.10674
6150.0 4650.0 -0.15408
6250.0 4650.0 -0.30770
6350.0 4650.0 -0.52242
50.0 4750.0 0.67348
150.0 4750.0 0.64842
250.0 4750.0 0.52125
350.0 4750.0 0.28145
450.0 4750.0 -0.02163
550.0 4750.0 -0.31486
650.0 4750.0 -0.52859
750.0 4750.0 -0.61518
850.0 4750.0 -0.55878
950.0 4750.0 -0.37623
1050.0 4750.0 -0.10932
1150.0 4750.0 0.19177
1250.0 4750.0 0.46915
1350.0 4750.0 0.64403
1450.0 4750.0 0.67572
1550.0 4750.0 0.56610
1650.0 4750.0 0.35127
1750.0 4750.0 0.09099
1850.0 4750.0 -0.14406
1950.0 4750.0 -0.28736
2050.0 4750.0 -0.29378
2150.0 4750.0 -0.15907
2250.0 4750.0 0.05873
2350.0 4750.0 0.25819
2450.0 4750.0 0.38351
2550.0 4750.0 0.42205
2650.0 4750.0 0.38996
2750.0 4750.0 0.32120
2850.0 4750.0 0.25738
2950.0 4750.0 0.23850
3050.0 4750.0 0.29458
3150.0 4750.0 0.43816
3250.0 4750.0 0.65768
3350.0 4750.0 0.91398
3450.0 4750.0 1.18878
3550.0 4750.0 1.45851
3650.0 4750.0 1.65040
3750.0 4750.0 1.68848
3850.0 4750.0 1.52817
3950.0 4750.0 1.17435
4050.0 4750.0 0.68300
4150.0 4750.0 0.14626
4250.0 4750.0 -0.33889
4350.0 4750.0 -0.71855
4450.0 4750.0 -1.04027
4550.0 4750.0 -1.38555
4650.0 4750.0 -1.74564
4750.0 4750.0 -2.06674
4850.0 4750.0 -2.28941
4950.0 4750.0 -2.37502
5050.0 4750.0 -2.31996
5150.0 4750.0 -2.15780
5250.0 4750.0 -1.94927
5350.0 4750.0 -1.76015
5450.0 4750.0 -1.62697
5550.0 4750.0 -1.51745
5650.0 4750.0 -1.38073
5750.0 4750.0 -1.21776
5850.0 4750.0 -1.05814
5950.0 4750.0 -0.93816
6050.0 4750.0 -0.88537
6150.0 4750.0 -0.90962
6250.0 4750.0 -1.00061
6350.0 4750.0 -1.13184
50.0 4850.0 1.08045
150.0 4850.0 1.09328
250.0 4850.0 0.98762
350.0 4850.0 0.74306
450.0 4850.0 0.40639
550.0 4850.0 0.05506
650.0 4850.0 -0.23142
750.0 4850.0 -0.39200
850.0 4850.0 -0.39667
950.0 4850.0 -0.25107
1050.0 4850.0 0.00698
1150.0 4850.0 0.31877
1250.0 4850.0 0.61335
1350.0 4850.0 0.81603
1450.0 4850.0 0.88545
1550.0 4850.0 0.81743
1650.0 4850.0 0.64034
1750.0 4850.0 0.40737
1850.0 4850.0 0.18539
1950.0 4850.0 0.04068
2050.0 4850.0 0.02139
2150.0 4850.0 0.13673
2250.0 4850.0 0.33337
2350.0 4850.0 0.51573
2450.0 4850.0 0.63566
2550.0 4850.0 0.68283
2650.0 4850.0 0.67121
2750.0 4850.0 0.62965
2850.0 4850.0 0.59321
2950.0 4850.0 0.59534
3050.0 4850.0 0.66089
3150.0 4850.0 0.79993
3250.0 4850.0 1.00243
3350.0 4850.0 1.23504
3450.0 4850.0 1.46928
3550.0 4850.0 1.66592
3650.0 4850.0 1.75740
3750.0 4850.0 1.68480
3850.0 4850.0 1.42380
3950.0 4850.0 0.99646
4050.0 4850.0 0.46876
4150.0 4850.0 -0.06603
4250.0 4850.0 -0.51822
4350.0 4850.0 -0.84679
4450.0 4850.0 -1.11082
4550.0 4850.0 -1.37955
4650.0 4850.0 -1.63974
4750.0 4850.0 -1.85655
4850.0 4850.0 -1.99720
4950.0 4850.0 -2.04534
5050.0 4850.0 -2.00795
5150.0 4850.0 -1.91467
5250.0 4850.0 -1.80972
5350.0 4850.0 -1.73622
5450.0 4850.0 -1.71302
5550.0 4850.0 -1.71117
5650.0 4850.0 -1.70302
5750.0 4850.0 -1.68671
5850.0 4850.0 -1.66650
5950.0 4850.0 -1.64889
6050.0 4850.0 -1.63981
6150.0 4850.0 -1.64287
6250.0 4850.0 -1.65854
6350.0 4850.0 -1.68431
50.0 4950.0 1.39646
150.0 4950.0 1.45260
250.0 4950.0 1.37534
350.0 4950.0 1.13467
450.0 4950.0 0.77427
550.0 4950.0 0.37491
650.0 4950.0 0.02498
750.0 4950.0 -0.20183
850.0 4950.0 -0.26177
950.0 4950.0 -0.14919
1050.0 4950.0 0.10246
1150.0 4950.0 0.42675
1250.0 4950.0 0.74068
1350.0 4950.0 0.97485
1450.0 4950.0 1.08717
1550.0 4950.0 1.06659
1650.0 4950.0 0.93278
1750.0 4950.0 0.73138
1850.0 4950.0 0.52490
1950.0 4950.0 0.37923
2050.0 4950.0 0.34585
2150.0 4950.0 0.43957
2250.0 4950.0 0.61242
2350.0 4950.0 0.77389
2450.0 4950.0 0.88130
2550.0 4950.0 0.92589
2650.0 4950.0 0.91997
2750.0 4950.0 0.88866
2850.0 4950.0 0.86230
2950.0 4950.0 0.86972
3050.0 4950.0 0.93220
3150.0 4950.0 1.05821
3250.0 4950.0 1.23887
3350.0 4950.0 1.44491
3450.0 4950.0 1.63882
3550.0 4950.0 1.77044
3650.0 4950.0 1.77977
3750.0 4950.0 1.62472
3850.0 4950.0 1.29875
3950.0 4950.0 0.83683
4050.0 4950.0 0.30988
4150.0 4950.0 -0.19253
4250.0 4950.0 -0.59111
4350.0 4950.0 -0.85734
4450.0 4950.0 -1.05625
4550.0 4950.0 -1.23641
4650.0 4950.0 -1.37704
4750.0 4950.0 -1.46425
4850.0 4950.0 -1.49626
4950.0 4950.0 -1.48378
5050.0 4950.0 -1.44812
5150.0 4950.0 -1.41693
5250.0 4950.0 -1.41761
5350.0 4950.0 -1.46845
5450.0 4950.0 -1.56742
5550.0 4950.0 -1.68656
5650.0 4950.0 -1.82293
5750.0 4950.0 -1.97157
5850.0 4950.0 -2.10829
5950.0 4950.0 -2.20604
6050.0 4950.0 -2.24643
6150.0 4950.0 -2.22604
6250.0 4950.0 -2.15739
6350.0 4950.0 -2.06485
50.0 5050.0 1.53172
150.0 5050.0 1.63105
250.0 5050.0 1.58658
350.0 5050.0 1.36071
450.0 5050.0 0.99374
550.0 5050.0 0.56793
650.0 5050.0 0.17773
750.0 5050.0 -0.09373
850.0 5050.0 -0.19181
950.0 5050.0 -0.10144
1050.0 5050.0 0.14822
1150.0 5050.0 0.48525
1250.0 5050.0 0.81789
1350.0 5050.0 1.08176
1450.0 5050.0 1.23380
1550.0 5050.0 1.25640
1650.0 5050.0 1.16104
1750.0 5050.0 0.98651
1850.0 5050.0 0.79156
1950.0 5050.0 0.64218
2050.0 5050.0 0.59334
2150.0 5050.0 0.66528
2250.0 5050.0 0.81479
2350.0 5050.0 0.95448
2450.0 5050.0 1.04449
2550.0 5050.0 1.07674
2650.0 5050.0 1.06254
2750.0 5050.0 1.02495
2850.0 5050.0 0.99187
2950.0 5050.0 0.98980
3050.0 5050.0 1.03831
3150.0 5050.0 1.14521
3250.0 5050.0 1.30237
3350.0 5050.0 1.48250
3450.0 5050.0 1.64223
3550.0 5050.0 1.72730
3650.0 5050.0 1.68686
3750.0 5050.0 1.49295
3850.0 5050.0 1.15139
3950.0 5050.0 0.70348
4050.0 5050.0 0.21864
4150.0 5050.0 -0.22210
4250.0 5050.0 -0.55176
4350.0 5050.0 -0.75216
4450.0 5050.0 -0.88715
4550.0 5050.0 -0.97884
4650.0 5050.0 -0.99722
4750.0 5050.0 -0.94857
4850.0 5050.0 -0.86218
4950.0 5050.0 -0.77674
5050.0 5050.0 -0.72939
5150.0 5050.0 -0.74754
5250.0 5050.0 -0.84349
5350.0 5050.0 -1.01175
5450.0 5050.0 -1.22909
5550.0 5050.0 -1.46636
5650.0 5050.0 -1.74288
5750.0 5050.0 -2.04993
5850.0 5050.0 -2.33541
5950.0 5050.0 -2.53998
6050.0 5050.0 -2.62221
6150.0 5050.0 -2.57263
6250.0 5050.0 -2.41639
6350.0 5050.0 -2.20470
50.0 5150.0 1.44337
150.0 5150.0 1.58021
250.0 5150.0 1.56925
350.0 5150.0 1.36845
450.0 5150.0 1.01494
550.0 5150.0 0.59019
650.0 5150.0 0.19076
750.0 5150.0 -0.09551
850.0 5150.0 -0.20772
950.0 5150.0 -0.12460
1050.0 5150.0 0.12823
1150.0 5150.0 0.47666
1250.0 5150.0 0.82462
1350.0 5150.0 1.11134
1450.0 5150.0 1.29239
1550.0 5150.0 1.34481
1650.0 5150.0 1.27391
1750.0 5150.0 1.11371
1850.0 5150.0 0.92093
1950.0 5150.0 0.76256
2050.0 5150.0 0.69710
2150.0 5150.0 0.74926
2250.0 5150.0 0.87890
2350.0 5150.0 0.99910
2450.0 5150.0 1.07036
2550.0 5150.0 1.08454
2650.0 5150.0 1.05256
2750.0 5150.0 0.99701
2850.0 5150.0 0.94535
2950.0 5150.0 0.92384
3050.0 5150.0 0.95200
3150.0 5150.0 1.03779
3250.0 5150.0 1.17339
3350.0 5150.0 1.33168
3450.0 5150.0 1.46772
3550.0 5150.0 1.53035
3650.0 5150.0 1.47821
3750.0 5150.0 1.29298
3850.0 5150.0 0.98598
3950.0 5150.0 0.59753
4050.0 5150.0 0.18954
4150.0 5150.0 -0.16910
4250.0 5150.0 -0.42400
4350.0 5150.0 -0.56384
4450.0 5150.0 -0.64452
4550.0 5150.0 -0.66006
4650.0 5150.0 -0.57132
4750.0 5150.0 -0.40142
4850.0 5150.0 -0.20651
4950.0 5150.0 -0.04995
5050.0 5150.0 0.01648
5150.0 5150.0 -0.03565
5250.0 5150.0 -0.20675
5350.0 5150.0 -0.47151
5450.0 5150.0 -0.78830
5550.0 5150.0 -1.12528
5650.0 5150.0 -1.51821
5750.0 5150.0 -1.95375
5850.0 5150.0 -2.35612
5950.0 5150.0 -2.63946
6050.0 5150.0 -2.74434
6150.0 5150.0 -2.65786
6250.0 5150.0 -2.41743
6350.0 5150.0 -2.09809
50.0 5250.0 1.14174
150.0 5250.0 1.30609
250.0 5250.0 1.32537
350.0 5250.0 1.15678
450.0 5250.0 0.83480
550.0 5250.0 0.43803
650.0 5250.0 0.06097
750.0 5250.0 -0.20906
850.0 5250.0 -0.31011
950.0 5250.0 -0.21872
1050.0 5250.0 0.04197
1150.0 5250.0 0.39914
1250.0 5250.0 0.75710
1350.0 5250.0 1.05629
1450.0 5250.0 1.25046
1550.0 5250.0 1.31321
1650.0 5250.0 1.24672
1750.0 5250.0 1.08333
1850.0 5250.0 0.88006
1950.0 5250.0 0.70614
2050.0 5250.0 0.62337
2150.0 5250.0 0.65948
2250.0 5250.0 0.77495
2350.0 5250.0 0.88068
2450.0 5250.0 0.93584
2550.0 5250.0 0.93177
2650.0 5250.0 0.87946
2750.0 5250.0 0.80207
2850.0 5250.0 0.72798
2950.0 5250.0 0.68451
3050.0 5250.0 0.69216
3150.0 5250.0 0.75953
3250.0 5250.0 0.87874
3350.0 5250.0 1.02180
3450.0 5250.0 1.14653
3550.0 5250.0 1.21078
3650.0 5250.0 1.18157
3750.0 5250.0 1.04507
3850.0 5250.0 0.81130
3950.0 5250.0 0.51348
4050.0 5250.0 0.20176
4150.0 5250.0 -0.06848
4250.0 5250.0 -0.25398
4350.0 5250.0 -0.34623
4450.0 5250.0 -0.38855
4550.0 5250.0 -0.34987
4650.0 5250.0 -0.18382
4750.0 5250.0 0.07474
4850.0 5250.0 0.35048
4950.0 5250.0 0.56215
5050.0 5250.0 0.64699
5150.0 5250.0 0.57520
5250.0 5250.0 0.35426
5350.0 5250.0 0.02321
5450.0 5250.0 -0.36309
5550.0 5250.0 -0.76983
5650.0 5250.0 -1.24125
5750.0 5250.0 -1.75858
5850.0 5250.0 -2.22925
5950.0 5250.0 -2.55008
6050.0 5250.0 -2.65120
6150.0 5250.0 -2.51995
6250.0 5250.0 -2.20477
6350.0 5250.0 -1.79920
50.0 5350.0 0.68237
150.0 5350.0 0.86240
250.0 5350.0 0.90570
350.0 5350.0 0.77203
450.0 5350.0 0.49398
550.0 5350.0 0.14572
650.0 5350.0 -0.18368
750.0 5350.0 -0.41198
850.0 5350.0 -0.48091
950.0 5350.0 -0.36850
1050.0 5350.0 -0.09669
1150.0 5350.0 0.26590
1250.0 5350.0 0.62788
1350.0 5350.0 0.92816
1450.0 5350.0 1.11821
1550.0 5350.0 1.17041
1650.0 5350.0 1.08706
1750.0 5350.0 0.90212
1850.0 5350.0 0.67544
1950.0 5350.0 0.47961
2050.0 5350.0 0.37946
2150.0 5350.0 0.40404
2250.0 5350.0 0.51186
2350.0 5350.0 0.60957
2450.0 5350.0 0.65437
2550.0 5350.0 0.63699
2650.0 5350.0 0.56872
2750.0 5350.0 0.47364
2850.0 5350.0 0.38145
2950.0 5350.0 0.32086
3050.0 5350.0 0.31359
3150.0 5350.0 0.36891
3250.0 5350.0 0.47878
3350.0 5350.0 0.61412
3450.0 5350.0 0.73901
3550.0 5350.0 0.82366
3650.0 5350.0 0.84144
3750.0 5350.0 0.77814
3850.0 5350.0 0.63742
3950.0 5350.0 0.44152
4050.0 5350.0 0.22728
4150.0 5350.0 0.03736
4250.0 5350.0 -0.09317
4350.0 5350.0 -0.15515
4450.0 5350.0 -0.17742
4550.0 5350.0 -0.11050
4650.0 5350.0 0.09600
4750.0 5350.0 0.40116
4850.0 5350.0 0.71966
4950.0 5350.0 0.96086
5050.0 5350.0 1.05620
5150.0 5350.0 0.97504
5250.0 5350.0 0.72884
5350.0 5350.0 0.36374
5450.0 5350.0 -0.05851
5550.0 5350.0 -0.50092
5650.0 5350.0 -1.00805
5750.0 5350.0 -1.55514
5850.0 5350.0 -2.04066
5950.0 5350.0 -2.35443
6050.0 5350.0 -2.42447
6150.0 5350.0 -2.24211
6250.0 5350.0 -1.86516
6350.0 5350.0 -1.39924
50.0 5450.0 0.14357
150.0 5450.0 0.32952
250.0 5450.0 0.39045
350.0 5450.0 0.29084
450.0 5450.0 0.06213
550.0 5450.0 -0.22673
650.0 5450.0 -0.49409
750.0 5450.0 -0.66565
850.0 5450.0 -0.68995
950.0 5450.0 -0.54905
1050.0 5450.0 -0.26467
1150.0 5450.0 0.10053
1250.0 5450.0 0.46176
1350.0 5450.0 0.75419
1450.0 5450.0 0.92677
1550.0 5450.0 0.95231
1650.0 5450.0 0.83585
1750.0 5450.0 0.61551
1850.0 5450.0 0.35581
1950.0 5450.0 0.13361
2050.0 5450.0 0.01640
2150.0 5450.0 0.03323
2250.0 5450.0 0.13870
2350.0 5450.0 0.23397
2450.0 5450.0 0.27453
2550.0 5450.0 0.25072
2650.0 5450.0 0.17408
2750.0 5450.0 0.06943
2850.0 5450.0 -0.03253
2950.0 5450.0 -0.10204
3050.0 5450.0 -0.11651
3150.0 5450.0 -0.06622
3250.0 5450.0 0.04063
3350.0 5450.0 0.17426
3450.0 5450.0 0.30708
3550.0 5450.0 0.42244
3650.0 5450.0 0.49794
3750.0 5450.0 0.51579
3850.0 5450.0 0.47054
3950.0 5450.0 0.37214
4050.0 5450.0 0.24462
4150.0 5450.0 0.12007
4250.0 5450.0 0.02817
4350.0 5450.0 -0.01883
4450.0 5450.0 -0.03588
4550.0 5450.0 0.03778
4650.0 5450.0 0.25342
4750.0 5450.0 0.56856
4850.0 5450.0 0.89552
4950.0 5450.0 1.14158
5050.0 5450.0 1.23706
5150.0 5450.0 1.15143
5250.0 5450.0 0.89740
5350.0 5450.0 0.52298
5450.0 5450.0 0.09151
5550.0 5450.0 -0.35912
5650.0 5450.0 -0.86778
5750.0 5450.0 -1.40339
5850.0 5450.0 -1.86182
5950.0 5450.0 -2.13403
6050.0 5450.0 -2.15252
6150.0 5450.0 -1.91544
6250.0 5450.0 -1.48836
6350.0 5450.0 -0.98379
50.0 5550.0 -0.41227
150.0 5550.0 -0.22571
250.0 5550.0 -0.15126
350.0 5550.0 -0.21887
450.0 5550.0 -0.39795
550.0 5550.0 -0.62497
650.0 5550.0 -0.82641
750.0 5550.0 -0.93699
850.0 5550.0 -0.91321
950.0 5550.0 -0.74220
1050.0 5550.0 -0.44586
1150.0 5550.0 -0.08031
1250.0 5550.0 0.27739
1350.0 5550.0 0.55839
1450.0 5550.0 0.70918
1550.0 5550.0 0.70355
1650.0 5550.0 0.54989
1750.0 5550.0 0.29098
1850.0 5550.0 -0.00369
1950.0 5550.0 -0.25308
2050.0 5550.0 -0.38730
2150.0 5550.0 -0.37774
2250.0 5550.0 -0.27406
2350.0 5550.0 -0.18041
2450.0 5550.0 -0.14249
2550.0 5550.0 -0.17017
2650.0 5550.0 -0.25175
2750.0 5550.0 -0.36196
2850.0 5550.0 -0.46952
2950.0 5550.0 -0.54411
3050.0 5550.0 -0.56267
3150.0 5550.0 -0.51522
3250.0 5550.0 -0.41012
3350.0 5550.0 -0.27733
3450.0 5550.0 -0.13508
3550.0 5550.0 0.01355
3650.0 5550.0 0.14961
3750.0 5550.0 0.25066
3850.0 5550.0 0.30109
3950.0 5550.0 0.29807
4050.0 5550.0 0.25288
4150.0 5550.0 0.18770
4250.0 5550.0 0.12782
4350.0 5550.0 0.08936
4450.0 5550.0 0.07120
4550.0 5550.0 0.14284
4650.0 5550.0 0.35540
4750.0 5550.0 0.66655
4850.0 5550.0 0.98913
4950.0 5550.0 1.23102
5050.0 5550.0 1.32307
5150.0 5550.0 1.23510
5250.0 5550.0 0.97992
5350.0 5550.0 0.60533
5450.0 5550.0 0.17433
5550.0 5550.0 -0.27475
5650.0 5550.0 -0.77340
5750.0 5550.0 -1.28446
5850.0 5550.0 -1.70338
5950.0 5550.0 -1.92484
6050.0 5550.0 -1.88763
6150.0 5550.0 -1.59722
6250.0 5550.0 -1.12604
6350.0 5550.0 -0.59139
50.0 5650.0 -0.95880
150.0 5650.0 -0.79019
250.0 5650.0 -0.71787
350.0 5650.0 -0.76431
450.0 5650.0 -0.89906
550.0 5650.0 -1.06458
650.0 5650.0 -1.19719
750.0 5650.0 -1.24312
850.0 5650.0 -1.16964
950.0 5650.0 -0.97124
1050.0 5650.0 -0.67099
1150.0 5650.0 -0.31690
1250.0 5650.0 0.02623
1350.0 5650.0 0.28981
1450.0 5650.0 0.41956
1550.0 5650.0 0.38979
1650.0 5650.0 0.21022
1750.0 5650.0 -0.07469
1850.0 5650.0 -0.39373
1950.0 5650.0 -0.66455
2050.0 5650.0 -0.81659
2150.0 5650.0 -0.82155
2250.0 5650.0 -0.73057
2350.0 5650.0 -0.64867
2450.0 5650.0 -0.62018
2550.0 5650.0 -0.65439
2650.0 5650.0 -0.73984
2750.0 5650.0 -0.85218
2850.0 5650.0 -0.96142
2950.0 5650.0 -1.03862
3050.0 5650.0 -1.06194
3150.0 5650.0 -1.02211
3250.0 5650.0 -0.92731
3350.0 5650.0 -0.80567
3450.0 5650.0 -0.66124
3550.0 5650.0 -0.47935
3650.0 5650.0 -0.27467
3750.0 5650.0 -0.07610
3850.0 5650.0 0.08739
3950.0 5650.0 0.19629
4050.0 5650.0 0.24545
4150.0 5650.0 0.24447
4250.0 5650.0 0.21328
4350.0 5650.0 0.17330
4450.0 5650.0 0.14117
4550.0 5650.0 0.19702
4650.0 5650.0 0.39274
4750.0 5650.0 0.68872
4850.0 5650.0 1.00087
4950.0 5650.0 1.23917
5050.0 5650.0 1.33482
5150.0 5650.0 1.25607
5250.0 5650.0 1.01274
5350.0 5650.0 0.64935
5450.0 5650.0 0.22697
5550.0 5650.0 -0.21427
5650.0 5650.0 -0.70037
5750.0 5650.0 -1.19105
5850.0 5650.0 -1.58195
5950.0 5650.0 -1.77018
6050.0 5650.0 -1.69813
6150.0 5650.0 -1.37520
6250.0 5650.0 -0.87717
6350.0 5650.0 -0.32343
50.0 5750.0 -1.42961
150.0 5750.0 -1.31089
250.0 5750.0 -1.26830
350.0 5750.0 -1.31374
450.0 5750.0 -1.41566
550.0 5750.0 -1.52323
650.0 5750.0 -1.58518
750.0 5750.0 -1.56313
850.0 5750.0 -1.43948
950.0 5750.0 -1.21985
1050.0 5750.0 -0.93010
1150.0 5750.0 -0.60785
1250.0 5750.0 -0.29801
1350.0 5750.0 -0.06112
1450.0 5750.0 0.05093
1550.0 5750.0 0.01209
1650.0 5750.0 -0.17045
1750.0 5750.0 -0.45608
1850.0 5750.0 -0.77798
1950.0 5750.0 -1.05779
2050.0 5750.0 -1.22752
2150.0 5750.0 -1.25888
2250.0 5750.0 -1.19934
2350.0 5750.0 -1.14638
2450.0 5750.0 -1.13816
2550.0 5750.0 -1.18182
2650.0 5750.0 -1.26700
2750.0 5750.0 -1.37284
2850.0 5750.0 -1.47420
2950.0 5750.0 -1.54732
3050.0 5750.0 -1.57475
3150.0 5750.0 -1.54969
3250.0 5750.0 -1.47957
3350.0 5750.0 -1.38689
3450.0 5750.0 -1.25425
3550.0 5750.0 -1.04393
3650.0 5750.0 -0.76547
3750.0 5750.0 -0.45649
3850.0 5750.0 -0.16356
3950.0 5750.0 0.07223
4050.0 5750.0 0.22483
4150.0 5750.0 0.28798
4250.0 5750.0 0.27523
4350.0 5750.0 0.21512
4450.0 5750.0 0.14698
4550.0 5750.0 0.16356
4650.0 5750.0 0.31916
4750.0 5750.0 0.58122
4850.0 5750.0 0.87314
4950.0 5750.0 1.10943
5050.0 5750.0 1.22122
5150.0 5750.0 1.17187
5250.0 5750.0 0.96292
5350.0 5750.0 0.63024
5450.0 5750.0 0.23036
5550.0 5750.0 -0.19240
5650.0 5750.0 -0.66176
5750.0 5750.0 -1.13942
5850.0 5750.0 -1.52224
5950.0 5750.0 -1.70747
6050.0 5750.0 -1.63651
6150.0 5750.0 -1.31674
6250.0 5750.0 -0.82138
6350.0 5750.0 -0.26729
50.0 5850.0 -1.73642
150.0 5850.0 -1.70070
250.0 5850.0 -1.71732
350.0 5850.0 -1.78483
450.0 5850.0 -1.86922
550.0 5850.0 -1.92676
650.0 5850.0 -1.92068
750.0 5850.0 -1.83138
850.0 5850.0 -1.66038
950.0 5850.0 -1.42797
1050.0 5850.0 -1.16445
1150.0 5850.0 -0.89514
1250.0 5850.0 -0.63759
1350.0 5850.0 -0.43555
1450.0 5850.0 -0.33488
1550.0 5850.0 -0.36312
1650.0 5850.0 -0.51996
1750.0 5850.0 -0.77503
1850.0 5850.0 -1.07292
1950.0 5850.0 -1.34528
2050.0 5850.0 -1.53035
2150.0 5850.0 -1.59953
2250.0 5850.0 -1.59066
2350.0 5850.0 -1.58403
2450.0 5850.0 -1.60597
2550.0 5850.0 -1.65963
2650.0 5850.0 -1.73682
2750.0 5850.0 -1.82321
2850.0 5850.0 -1.90272
2950.0 5850.0 -1.96120
3050.0 5850.0 -1.98933
3150.0 5850.0 -1.98480
3250.0 5850.0 -1.95364
3350.0 5850.0 -1.90834
3450.0 5850.0 -1.80402
3550.0 5850.0 -1.57721
3650.0 5850.0 -1.23211
3750.0 5850.0 -0.81652
3850.0 5850.0 -0.39684
3950.0 5850.0 -0.03822
4050.0 5850.0 0.21024
4150.0 5850.0 0.32519
4250.0 5850.0 0.31357
4350.0 5850.0 0.21216
4450.0 5850.0 0.08522
4550.0 5850.0 0.03842
4650.0 5850.0 0.13012
4750.0 5850.0 0.33935
4850.0 5850.0 0.60144
4950.0 5850.0 0.83793
5050.0 5850.0 0.97935
5150.0 5850.0 0.98068
5250.0 5850.0 0.82967
5350.0 5850.0 0.54797
5450.0 5850.0 0.18497
5550.0 5850.0 -0.20834
5650.0 5850.0 -0.65666
5750.0 5850.0 -1.12883
5850.0 5850.0 -1.52404
5950.0 5850.0 -1.73734
6050.0 5850.0 -1.70437
6150.0 5850.0 -1.42446
6250.0 5850.0 -0.96211
6350.0 5850.0 -0.42690
50.0 5950.0 -1.81475
150.0 5950.0 -1.88719
250.0 5950.0 -1.98652
350.0 5950.0 -2.09628
450.0 5950.0 -2.17888
550.0 5950.0 -2.19757
650.0 5950.0 -2.13094
750.0 5950.0 -1.98002
850.0 5950.0 -1.76783
950.0 5950.0 -1.53155
1050.0 5950.0 -1.30720
1150.0 5950.0 -1.10688
1250.0 5950.0 -0.91558
1350.0 5950.0 -0.75279
1450.0 5950.0 -0.65529
1550.0 5950.0 -0.65299
1650.0 5950.0 -0.75640
1750.0 5950.0 -0.95102
1850.0 5950.0 -1.19887
1950.0 5950.0 -1.44698
2050.0 5950.0 -1.64294
2150.0 5950.0 -1.75752
2250.0 5950.0 -1.81371
2350.0 5950.0 -1.86611
2450.0 5950.0 -1.92409
2550.0 5950.0 -1.98518
2650.0 5950.0 -2.04435
2750.0 5950.0 -2.09657
2850.0 5950.0 -2.13865
2950.0 5950.0 -2.17007
3050.0 5950.0 -2.19301
3150.0 5950.0 -2.21143
3250.0 5950.0 -2.22934
3350.0 5950.0 -2.24532
3450.0 5950.0 -2.18442
3550.0 5950.0 -1.95859
3650.0 5950.0 -1.56744
3750.0 5950.0 -1.06888
3850.0 5950.0 -0.54839
3950.0 5950.0 -0.09384
4050.0 5950.0 0.22418
4150.0 5950.0 0.36665
4250.0 5950.0 0.33487
4350.0 5950.0 0.17376
4450.0 5950.0 -0.02921
4550.0 5950.0 -0.15748
4650.0 5950.0 -0.14731
4750.0 5950.0 -0.00469
4850.0 5950.0 0.22096
4950.0 5950.0 0.46003
5050.0 5950.0 0.64194
5150.0 5950.0 0.71057
5250.0 5950.0 0.63567
5350.0 5950.0 0.42045
5450.0 5950.0 0.10519
5550.0 5950.0 -0.25038
5650.0 5950.0 -0.67437
5750.0 5950.0 -1.14670
5850.0 5950.0 -1.56963
5950.0 5950.0 -1.83430
6050.0 5950.0 -1.86703
6150.0 5950.0 -1.65449
6250.0 5950.0 -1.24792
6350.0 5950.0 -0.74604
50.0 6050.0 -1.65159
150.0 6050.0 -1.84365
250.0 6050.0 -2.03782
350.0 6050.0 -2.20249
450.0 6050.0 -2.29592
550.0 6050.0 -2.28763
650.0 6050.0 -2.17114
750.0 6050.0 -1.96790
850.0 6050.0 -1.72262
950.0 6050.0 -1.48984
1050.0 6050.0 -1.31183
1150.0 6050.0 -1.18779
1250.0 6050.0 -1.06843
1350.0 6050.0 -0.94456
1450.0 6050.0 -0.84192
1550.0 6050.0 -0.79347
1650.0 6050.0 -0.82299
1750.0 6050.0 -0.93541
1850.0 6050.0 -1.11402
1950.0 6050.0 -1.32450
2050.0 6050.0 -1.52580
2150.0 6050.0 -1.68777
2250.0 6050.0 -1.81526
2350.0 6050.0 -1.93177
2450.0 6050.0 -2.02629
2550.0 6050.0 -2.08969
2650.0 6050.0 -2.12074
2750.0 6050.0 -2.12566
2850.0 6050.0 -2.11667
2950.0 6050.0 -2.10957
3050.0 6050.0 -2.12023
3150.0 6050.0 -2.16009
3250.0 6050.0 -2.23067
3350.0 6050.0 -2.31419
3450.0 6050.0 -2.30688
3550.0 6050.0 -2.10111
3650.0 6050.0 -1.69339
3750.0 6050.0 -1.15014
3850.0 6050.0 -0.57224
3950.0 6050.0 -0.06554
4050.0 6050.0 0.28279
4150.0 6050.0 0.42202
4250.0 6050.0 0.34964
4350.0 6050.0 0.11741
4450.0 6050.0 -0.16932
4550.0 6050.0 -0.38694
4650.0 6050.0 -0.46575
4750.0 6050.0 -0.39523
4850.0 6050.0 -0.20810
4950.0 6050.0 0.03554
5050.0 6050.0 0.26369
5150.0 6050.0 0.40777
5250.0 6050.0 0.41758
5350.0 6050.0 0.27599
5450.0 6050.0 0.01338
5550.0 6050.0 -0.30079
5650.0 6050.0 -0.69897
5750.0 6050.0 -1.17386
5850.0 6050.0 -1.63120
5950.0 6050.0 -1.95742
6050.0 6050.0 -2.06794
6150.0 6050.0 -1.93483
6250.0 6050.0 -1.59399
6350.0 6050.0 -1.13174
50.0 6150.0 -1.29482
150.0 6150.0 -1.60179
250.0 6150.0 -1.88888
350.0 6150.0 -2.11068
450.0 6150.0 -2.22135
550.0 6150.0 -2.19572
650.0 6150.0 -2.04045
750.0 6150.0 -1.79541
850.0 6150.0 -1.52500
950.0 6150.0 -1.29974
1050.0 6150.0 -1.16787
1150.0 6150.0 -1.11712
1250.0 6150.0 -1.06595
1350.0 6150.0 -0.97615
1450.0 6150.0 -0.86207
1550.0 6150.0 -0.75992
1650.0 6150.0 -0.70724
1750.0 6150.0 -0.72906
1850.0 6150.0 -0.83061
1950.0 6150.0 -0.99680
2050.0 6150.0 -1.19817
2150.0 6150.0 -1.40361
2250.0 6150.0 -1.59921
2350.0 6150.0 -1.77626
2450.0 6150.0 -1.90249
2550.0 6150.0 -1.96187
2650.0 6150.0 -1.95721
2750.0 6150.0 -1.90649
2850.0 6150.0 -1.83808
2950.0 6150.0 -1.78478
3050.0 6150.0 -1.77671
3150.0 6150.0 -1.83307
3250.0 6150.0 -1.95273
3350.0 6150.0 -2.10103
3450.0 6150.0 -2.15019
3550.0 6150.0 -1.98034
3650.0 6150.0 -1.58673
3750.0 6150.0 -1.04166
3850.0 6150.0 -0.45587
3950.0 6150.0 0.05383
4050.0 6150.0 0.39056
4150.0 6150.0 0.49716
4250.0 6150.0 0.36969
4350.0 6150.0 0.06453
4450.0 6150.0 -0.30254
4550.0 6150.0 -0.60555
4650.0 6150.0 -0.76906
4750.0 6150.0 -0.76670
4850.0 6150.0 -0.61528
4950.0 6150.0 -0.36594
5050.0 6150.0 -0.09221
5150.0 6150.0 0.12523
5250.0 6150.0 0.21694
5350.0 6150.0 0.14627
5450.0 6150.0 -0.06581
5550.0 6150.0 -0.34030
5650.0 6150.0 -0.71329
5750.0 6150.0 -1.18946
5850.0 6150.0 -1.67782
5950.0 6150.0 -2.06050
6050.0 6150.0 -2.24280
6150.0 6150.0 -2.18314
6250.0 6150.0 -1.90309
6350.0 6150.0 -1.47733
50.0 6250.0 -0.84426
150.0 6250.0 -1.24625
250.0 6250.0 -1.61053
350.0 6250.0 -1.88046
450.0 6250.0 -2.00680
550.0 6250.0 -1.96859
650.0 6250.0 -1.78315
750.0 6250.0 -1.50528
850.0 6250.0 -1.21547
950.0 6250.0 -0.99728
1050.0 6250.0 -0.90390
1150.0 6250.0 -0.91374
1250.0 6250.0 -0.91842
1350.0 6250.0 -0.85451
1450.0 6250.0 -0.72641
1550.0 6250.0 -0.57321
1650.0 6250.0 -0.44459
1750.0 6250.0 -0.38320
1850.0 6250.0 -0.41355
1950.0 6250.0 -0.53733
2050.0 6250.0 -0.73524
2150.0 6250.0 -0.97524
2250.0 6250.0 -1.22697
2350.0 6250.0 -1.45313
2450.0 6250.0 -1.60210
2550.0 6250.0 -1.65158
2650.0 6250.0 -1.60814
2750.0 6250.0 -1.50055
2850.0 6250.0 -1.37195
2950.0 6250.0 -1.27065
3050.0 6250.0 -1.23976
3150.0 6250.0 -1.30549
3250.0 6250.0 -1.46424
3350.0 6250.0 -1.66614
3450.0 6250.0 -1.76646
3550.0 6250.0 -1.64094
3650.0 6250.0 -1.28525
3750.0 6250.0 -0.77459
3850.0 6250.0 -0.22352
3950.0 6250.0 0.24751
4050.0 6250.0 0.53903
4150.0 6250.0 0.59284
4250.0 6250.0 0.40564
4350.0 6250.0 0.03601
4450.0 6250.0 -0.39755
4550.0 6250.0 -0.77098
4650.0 6250.0 -1.00409
4750.0 6250.0 -1.05741
4850.0 6250.0 -0.93465
4950.0 6250.0 -0.67965
5050.0 6250.0 -0.36734
5150.0 6250.0 -0.08850
5250.0 6250.0 0.07142
5350.0 6250.0 0.05963
5450.0 6250.0 -0.11065
5550.0 6250.0 -0.35216
5650.0 6250.0 -0.70257
5750.0 6250.0 -1.17529
5850.0 6250.0 -1.68195
5950.0 6250.0 -2.10183
6050.0 6250.0 -2.33302
6150.0 6250.0 -2.32407
6250.0 6250.0 -2.08602
6350.0 6250.0 -1.68482
50.0 6350.0 -0.42454
150.0 6350.0 -0.89082
250.0 6350.0 -1.30620
350.0 6350.0 -1.60594
450.0 6350.0 -1.73855
550.0 6350.0 -1.68641
650.0 6350.0 -1.47478
750.0 6350.0 -1.16936
850.0 6350.0 -0.86220
950.0 6350.0 -0.64618
1050.0 6350.0 -0.57781
1150.0 6350.0 -0.62865
1250.0 6350.0 -0.67097
1350.0 6350.0 -0.62332
1450.0 6350.0 -0.48302
1550.0 6350.0 -0.29126
1650.0 6350.0 -0.10637
1750.0 6350.0 0.01640
1850.0 6350.0 0.03881
1950.0 6350.0 -0.05278
2050.0 6350.0 -0.24627
2150.0 6350.0 -0.50894
2250.0 6350.0 -0.79872
2350.0 6350.0 -1.05723
2450.0 6350.0 -1.21785
2550.0 6350.0 -1.25342
2650.0 6350.0 -1.17349
2750.0 6350.0 -1.01536
2850.0 6350.0 -0.83375
2950.0 6350.0 -0.68912
3050.0 6350.0 -0.63470
3150.0 6350.0 -0.70214
3250.0 6350.0 -0.88585
3350.0 6350.0 -1.12420
3450.0 6350.0 -1.26325
3550.0 6350.0 -1.18080
3650.0 6350.0 -0.87414
3750.0 6350.0 -0.41866
3850.0 6350.0 0.07229
3950.0 6350.0 0.48060
4050.0 6350.0 0.70987
4150.0 6350.0 0.70493
4250.0 6350.0 0.46457
4350.0 6350.0 0.04744
4450.0 6350.0 -0.43139
4550.0 6350.0 -0.85255
4650.0 6350.0 -1.13270
4750.0 6350.0 -1.22343
4850.0 6350.0 -1.11962
4950.0 6350.0 -0.86020
5050.0 6350.0 -0.52113
5150.0 6350.0 -0.20012
5250.0 6350.0 0.00646
5350.0 6350.0 0.03482
5450.0 6350.0 -0.10702
5550.0 6350.0 -0.32583
5650.0 6350.0 -0.65768
5750.0 6350.0 -1.11983
5850.0 6350.0 -1.62553
5950.0 6350.0 -2.05339
6050.0 6350.0 -2.29879
6150.0 6350.0 -2.30609
6250.0 6350.0 -2.08152
6350.0 6350.0 -1.68679
