50.0 50.0 0.00000
150.0 50.0 -0.14637
250.0 50.0 -0.25866
350.0 50.0 -0.30816
450.0 50.0 -0.28438
550.0 50.0 -0.20082
650.0 50.0 -0.09247
750.0 50.0 -0.00486
850.0 50.0 0.02535
950.0 50.0 -0.00190
1050.0 50.0 -0.02682
1150.0 50.0 0.00331
1250.0 50.0 0.08472
1350.0 50.0 0.18282
1450.0 50.0 0.25642
1550.0 50.0 0.27456
1650.0 50.0 0.22595
1750.0 50.0 0.12105
1850.0 50.0 -0.01318
1950.0 50.0 -0.19915
2050.0 50.0 -0.51732
2150.0 50.0 -0.89551
2250.0 50.0 -1.19092
2350.0 50.0 -1.28532
2450.0 50.0 -1.13812
2550.0 50.0 -0.79723
2650.0 50.0 -0.36797
2750.0 50.0 0.06022
2850.0 50.0 0.45344
2950.0 50.0 0.72117
3050.0 50.0 0.79454
3150.0 50.0 0.66763
3250.0 50.0 0.40114
3350.0 50.0 0.10632
3450.0 50.0 -0.09097
3550.0 50.0 -0.10589
3650.0 50.0 0.02990
3750.0 50.0 0.11927
3850.0 50.0 0.01666
3950.0 50.0 -0.25159
4050.0 50.0 -0.56911
4150.0 50.0 -0.80253
4250.0 50.0 -0.85279
4350.0 50.0 -0.68451
4450.0 50.0 -0.33367
4550.0 50.0 0.10695
4650.0 50.0 0.55635
4750.0 50.0 0.95202
4850.0 50.0 1.19122
4950.0 50.0 1.20106
5050.0 50.0 0.98547
5150.0 50.0 0.63307
5250.0 50.0 0.28578
5350.0 50.0 0.06822
5450.0 50.0 -0.02092
5550.0 50.0 -0.10804
5650.0 50.0 -0.21632
5750.0 50.0 -0.31606
5850.0 50.0 -0.37060
5950.0 50.0 -0.35875
6050.0 50.0 -0.28467
6150.0 50.0 -0.17528
6250.0 50.0 -0.06503
6350.0 50.0 0.03001
50.0 150.0 0.13758
150.0 150.0 -0.01210
250.0 150.0 -0.14061
350.0 150.0 -0.22351
450.0 150.0 -0.24720
550.0 150.0 -0.21729
650.0 150.0 -0.15883
750.0 150.0 -0.10850
850.0 150.0 -0.09855
950.0 150.0 -0.13276
1050.0 150.0 -0.15697
1150.0 150.0 -0.10434
1250.0 150.0 0.02853
1350.0 150.0 0.20240
1450.0 150.0 0.36319
1550.0 150.0 0.46320
1650.0 150.0 0.47582
1750.0 150.0 0.40364
1850.0 150.0 0.28001
1950.0 150.0 0.09691
2050.0 150.0 -0.23349
2150.0 150.0 -0.64381
2250.0 150.0 -0.98825
2350.0 150.0 -1.13989
2450.0 150.0 -1.04661
2550.0 150.0 -0.74565
2650.0 150.0 -0.33677
2750.0 150.0 0.08583
2850.0 150.0 0.46759
2950.0 150.0 0.69551
3050.0 150.0 0.69638
3150.0 150.0 0.47412
3250.0 150.0 0.10697
3350.0 150.0 -0.27472
3450.0 150.0 -0.53035
3550.0 150.0 -0.57054
3650.0 150.0 -0.43791
3750.0 150.0 -0.33334
3850.0 150.0 -0.37267
3950.0 150.0 -0.52403
4050.0 150.0 -0.68844
4150.0 150.0 -0.76209
4250.0 150.0 -0.67733
4350.0 150.0 -0.42229
4450.0 150.0 -0.03916
4550.0 150.0 0.39898
4650.0 150.0 0.83239
4750.0 150.0 1.18599
4850.0 150.0 1.35656
4950.0 150.0 1.28248
5050.0 150.0 0.98411
5150.0 150.0 0.56572
5250.0 150.0 0.17936
5350.0 150.0 -0.04971
5450.0 150.0 -0.13419
5550.0 150.0 -0.20111
5650.0 150.0 -0.25170
5750.0 150.0 -0.25371
5850.0 150.0 -0.18440
5950.0 150.0 -0.04514
6050.0 150.0 0.13633
6150.0 150.0 0.31593
6250.0 150.0 0.45567
6350.0 150.0 0.55594
50.0 250.0 0.24823
150.0 250.0 0.09411
250.0 250.0 -0.04579
350.0 250.0 -0.15258
450.0 250.0 -0.21446
550.0 250.0 -0.23412
650.0 250.0 -0.22966
750.0 250.0 -0.22883
850.0 250.0 -0.25690
950.0 250.0 -0.31780
1050.0 250.0 -0.36180
1150.0 250.0 -0.30550
1250.0 250.0 -0.12916
1350.0 250.0 0.13198
1450.0 250.0 0.41339
1550.0 250.0 0.64491
1650.0 250.0 0.77261
1750.0 250.0 0.77860
1850.0 250.0 0.69889
1950.0 250.0 0.54974
2050.0 250.0 0.23617
2150.0 250.0 -0.18770
2250.0 250.0 -0.58056
2350.0 250.0 -0.80844
2450.0 250.0 -0.80207
2550.0 250.0 -0.57694
2650.0 250.0 -0.21609
2750.0 250.0 0.18419
2850.0 250.0 0.54270
2950.0 250.0 0.72991
3050.0 250.0 0.67265
3150.0 250.0 0.38347
3250.0 250.0 -0.04767
3350.0 250.0 -0.48009
3450.0 250.0 -0.76740
3550.0 250.0 -0.82085
3650.0 250.0 -0.69069
3750.0 250.0 -0.57239
3850.0 250.0 -0.55424
3950.0 250.0 -0.60479
4050.0 250.0 -0.64618
4150.0 250.0 -0.60323
4250.0 250.0 -0.43391
4350.0 250.0 -0.14113
4450.0 250.0 0.23412
4550.0 250.0 0.63822
4650.0 250.0 1.02608
4750.0 250.0 1.31620
4850.0 250.0 1.41657
4950.0 250.0 1.28433
5050.0 250.0 0.95446
5150.0 250.0 0.53564
5250.0 250.0 0.17308
5350.0 250.0 -0.02151
5450.0 250.0 -0.07136
5550.0 250.0 -0.09826
5650.0 250.0 -0.09483
5750.0 250.0 -0.03054
5850.0 250.0 0.10971
5950.0 250.0 0.31540
6050.0 250.0 0.55147
6150.0 250.0 0.77056
6250.0 250.0 0.93647
6350.0 250.0 1.05590
50.0 350.0 0.30423
150.0 350.0 0.14511
250.0 350.0 0.00479
350.0 350.0 -0.10392
450.0 350.0 -0.17838
550.0 350.0 -0.22733
650.0 350.0 -0.26853
750.0 350.0 -0.32331
850.0 350.0 -0.40759
950.0 350.0 -0.51974
1050.0 350.0 -0.61205
1150.0 350.0 -0.58806
1250.0 350.0 -0.40221
1350.0 350.0 -0.07173
1450.0 350.0 0.33748
1550.0 350.0 0.73240
1650.0 350.0 1.02208
1750.0 350.0 1.15429
1850.0 350.0 1.15967
1950.0 350.0 1.08554
2050.0 350.0 0.83190
2150.0 350.0 0.42977
2250.0 350.0 0.00492
2350.0 350.0 -0.30666
2450.0 350.0 -0.41460
2550.0 350.0 -0.30107
2650.0 350.0 -0.01908
2750.0 350.0 0.33805
2850.0 350.0 0.65909
2950.0 350.0 0.80854
3050.0 350.0 0.71928
3150.0 350.0 0.41003
3250.0 350.0 -0.02698
3350.0 350.0 -0.45415
3450.0 350.0 -0.73241
3550.0 350.0 -0.78086
3650.0 350.0 -0.65198
3750.0 350.0 -0.52303
3850.0 350.0 -0.45987
3950.0 350.0 -0.43965
4050.0 350.0 -0.40907
4150.0 350.0 -0.31807
4250.0 350.0 -0.14024
4350.0 350.0 0.11985
4450.0 350.0 0.43254
4550.0 350.0 0.76184
4650.0 350.0 1.06632
4750.0 350.0 1.26577
4850.0 350.0 1.29444
4950.0 350.0 1.13760
5050.0 350.0 0.84260
5150.0 350.0 0.50788
5250.0 350.0 0.25004
5350.0 350.0 0.14897
5450.0 350.0 0.17216
5550.0 350.0 0.20922
5650.0 350.0 0.25663
5750.0 350.0 0.33745
5850.0 350.0 0.46852
5950.0 350.0 0.64969
6050.0 350.0 0.86188
6150.0 350.0 1.07409
6250.0 350.0 1.25917
6350.0 350.0 1.41550
50.0 450.0 0.29190
150.0 450.0 0.12845
250.0 450.0 0.00237
350.0 450.0 -0.07852
450.0 450.0 -0.12802
550.0 450.0 -0.17095
650.0 450.0 -0.23380
750.0 450.0 -0.33642
850.0 450.0 -0.48506
950.0 450.0 -0.66644
1050.0 450.0 -0.83208
1150.0 450.0 -0.88356
1250.0 450.0 -0.74524
1350.0 450.0 -0.40171
1450.0 450.0 0.09454
1550.0 450.0 0.63626
1650.0 450.0 1.09539
1750.0 450.0 1.37766
1850.0 450.0 1.49794
1950.0 450.0 1.53213
2050.0 450.0 1.37933
2150.0 450.0 1.04114
2250.0 450.0 0.61731
2350.0 450.0 0.23821
2450.0 450.0 0.01416
2550.0 450.0 0.00174
2650.0 450.0 0.18703
2750.0 450.0 0.48574
2850.0 450.0 0.75953
2950.0 450.0 0.87876
3050.0 450.0 0.78774
3150.0 450.0 0.50809
3250.0 450.0 0.12452
3350.0 450.0 -0.24158
3450.0 450.0 -0.47078
3550.0 450.0 -0.49644
3650.0 450.0 -0.36747
3750.0 450.0 -0.23185
3850.0 450.0 -0.13987
3950.0 450.0 -0.08428
4050.0 450.0 -0.03738
4150.0 450.0 0.03155
4250.0 450.0 0.14434
4350.0 450.0 0.30749
4450.0 450.0 0.51123
4550.0 450.0 0.73380
4650.0 450.0 0.92581
4750.0 450.0 1.01393
4850.0 450.0 0.97032
4950.0 450.0 0.81560
5050.0 450.0 0.60753
5150.0 450.0 0.42287
5250.0 450.0 0.33268
5350.0 450.0 0.37089
5450.0 450.0 0.49677
5550.0 450.0 0.61438
5650.0 450.0 0.69111
5750.0 450.0 0.73764
5850.0 450.0 0.78166
5950.0 450.0 0.85142
6050.0 450.0 0.96508
6150.0 450.0 1.12551
6250.0 450.0 1.32078
6350.0 450.0 1.52750
50.0 550.0 0.21981
150.0 550.0 0.05375
250.0 550.0 -0.04445
350.0 550.0 -0.06968
450.0 550.0 -0.05673
550.0 550.0 -0.05456
650.0 550.0 -0.10666
750.0 550.0 -0.23755
850.0 550.0 -0.44550
950.0 550.0 -0.70127
1050.0 550.0 -0.95322
1150.0 550.0 -1.11643
1250.0 550.0 -1.08765
1350.0 550.0 -0.80852
1450.0 550.0 -0.30231
1550.0 550.0 0.32470
1650.0 550.0 0.91724
1750.0 550.0 1.34026
1850.0 550.0 1.58349
1950.0 550.0 1.74011
2050.0 550.0 1.71315
2150.0 550.0 1.47418
2250.0 550.0 1.09060
2350.0 550.0 0.67939
2450.0 550.0 0.36464
2550.0 550.0 0.23905
2650.0 550.0 0.32925
2750.0 550.0 0.56515
2850.0 550.0 0.78978
2950.0 550.0 0.88859
3050.0 550.0 0.82024
3150.0 550.0 0.60624
3250.0 550.0 0.31690
3350.0 550.0 0.04889
3450.0 550.0 -0.10540
3550.0 550.0 -0.09688
3650.0 550.0 0.03327
3750.0 550.0 0.17202
3850.0 550.0 0.27816
3950.0 550.0 0.33990
4050.0 550.0 0.36128
4150.0 550.0 0.35979
4250.0 550.0 0.36113
4350.0 550.0 0.39092
4450.0 550.0 0.46344
4550.0 550.0 0.56724
4650.0 550.0 0.63644
4750.0 550.0 0.60626
4850.0 550.0 0.49097
4950.0 550.0 0.34903
5050.0 550.0 0.24768
5150.0 550.0 0.23771
5250.0 550.0 0.33838
5350.0 550.0 0.53256
5450.0 550.0 0.77175
5550.0 550.0 0.97333
5650.0 550.0 1.06476
5750.0 550.0 1.04208
5850.0 550.0 0.94948
5950.0 550.0 0.85422
6050.0 550.0 0.82358
6150.0 550.0 0.90385
6250.0 550.0 1.10125
6350.0 550.0 1.36296
50.0 650.0 0.11813
150.0 650.0 -0.04842
250.0 650.0 -0.11110
350.0 650.0 -0.06481
450.0 650.0 0.03425
550.0 650.0 0.11000
650.0 650.0 0.09726
750.0 650.0 -0.03806
850.0 650.0 -0.28935
950.0 650.0 -0.61035
1050.0 650.0 -0.94519
1150.0 650.0 -1.23640
1250.0 650.0 -1.36128
1350.0 650.0 -1.21611
1450.0 650.0 -0.78397
1550.0 650.0 -0.15417
1650.0 650.0 0.50678
1750.0 650.0 1.03255
1850.0 650.0 1.38273
1950.0 650.0 1.65212
2050.0 650.0 1.75142
2150.0 650.0 1.62733
2250.0 650.0 1.31491
2350.0 650.0 0.91265
2450.0 650.0 0.54969
2550.0 650.0 0.34526
2650.0 650.0 0.36026
2750.0 650.0 0.54110
2850.0 650.0 0.72298
2950.0 650.0 0.80981
3050.0 650.0 0.77396
3150.0 650.0 0.63525
3250.0 650.0 0.44801
3350.0 650.0 0.28335
3450.0 650.0 0.20667
3550.0 650.0 0.25037
3650.0 650.0 0.38212
3750.0 650.0 0.52215
3850.0 650.0 0.63464
3950.0 650.0 0.69004
4050.0 650.0 0.67273
4150.0 650.0 0.59128
4250.0 650.0 0.47808
4350.0 650.0 0.37842
4450.0 650.0 0.32899
4550.0 650.0 0.32559
4650.0 650.0 0.28363
4750.0 650.0 0.14400
4850.0 650.0 -0.04144
4950.0 650.0 -0.17942
5050.0 650.0 -0.19275
5150.0 650.0 -0.05247
5250.0 650.0 0.21528
5350.0 650.0 0.54781
5450.0 650.0 0.88863
5550.0 650.0 1.16357
5650.0 650.0 1.26052
5750.0 650.0 1.16188
5850.0 650.0 0.92870
5950.0 650.0 0.66663
6050.0 650.0 0.49068
6150.0 650.0 0.48879
6250.0 650.0 0.68413
6350.0 650.0 0.99512
50.0 750.0 0.02920
150.0 750.0 -0.13608
250.0 750.0 -0.16468
350.0 750.0 -0.04942
450.0 750.0 0.13623
550.0 750.0 0.29233
650.0 750.0 0.33288
750.0 750.0 0.21245
850.0 750.0 -0.06093
950.0 750.0 -0.42664
1050.0 750.0 -0.82529
1150.0 750.0 -1.23398
1250.0 750.0 -1.52155
1350.0 750.0 -1.54557
1450.0 750.0 -1.24707
1550.0 750.0 -0.68761
1650.0 750.0 -0.02873
1750.0 750.0 0.54639
1850.0 750.0 0.96871
1950.0 750.0 1.32027
2050.0 750.0 1.52067
2150.0 750.0 1.50096
2250.0 750.0 1.27036
2350.0 750.0 0.90847
2450.0 750.0 0.54143
2550.0 750.0 0.30191
2650.0 750.0 0.27301
2750.0 750.0 0.41617
2850.0 750.0 0.56791
2950.0 750.0 0.64658
3050.0 750.0 0.63428
3150.0 750.0 0.54956
3250.0 750.0 0.43532
3350.0 750.0 0.34444
3450.0 750.0 0.32310
3550.0 750.0 0.39189
3650.0 750.0 0.52479
3750.0 750.0 0.66670
3850.0 750.0 0.78778
3950.0 750.0 0.84632
4050.0 750.0 0.81179
4150.0 750.0 0.68454
4250.0 750.0 0.49963
4350.0 750.0 0.31465
4450.0 750.0 0.18163
4550.0 750.0 0.10274
4650.0 750.0 -0.02040
4750.0 750.0 -0.24761
4850.0 750.0 -0.50130
4950.0 750.0 -0.66094
5050.0 750.0 -0.63773
5150.0 750.0 -0.41319
5250.0 750.0 -0.04176
5350.0 750.0 0.38268
5450.0 750.0 0.79477
5550.0 750.0 1.12197
5650.0 750.0 1.22430
5750.0 750.0 1.07463
5850.0 750.0 0.74555
5950.0 750.0 0.36917
6050.0 750.0 0.09354
6150.0 750.0 0.03554
6250.0 750.0 0.23020
6350.0 750.0 0.57624
50.0 850.0 -0.01076
150.0 850.0 -0.17397
250.0 850.0 -0.17810
350.0 850.0 -0.01308
450.0 850.0 0.23744
550.0 850.0 0.45788
650.0 850.0 0.54728
750.0 850.0 0.45056
850.0 850.0 0.17460
950.0 850.0 -0.21103
1050.0 850.0 -0.64557
1150.0 850.0 -1.13910
1250.0 850.0 -1.56213
1350.0 850.0 -1.74672
1450.0 850.0 -1.59922
1550.0 850.0 -1.15110
1650.0 850.0 -0.54753
1750.0 850.0 0.02593
1850.0 850.0 0.47873
1950.0 850.0 0.87171
2050.0 850.0 1.13174
2150.0 850.0 1.18435
2250.0 850.0 1.02358
2350.0 850.0 0.71436
2450.0 850.0 0.37492
2550.0 850.0 0.13904
2650.0 850.0 0.09840
2750.0 850.0 0.22491
2850.0 850.0 0.36099
2950.0 850.0 0.42974
3050.0 850.0 0.41703
3150.0 850.0 0.34238
3250.0 850.0 0.24613
3350.0 850.0 0.17574
3450.0 850.0 0.17082
3550.0 850.0 0.24724
3650.0 850.0 0.38020
3750.0 850.0 0.52675
3850.0 850.0 0.66746
3950.0 850.0 0.75651
4050.0 850.0 0.75228
4150.0 850.0 0.64409
4250.0 850.0 0.46036
4350.0 850.0 0.25840
4450.0 850.0 0.09561
4550.0 850.0 -0.01805
4650.0 850.0 -0.18450
4750.0 850.0 -0.47200
4850.0 850.0 -0.79228
4950.0 850.0 -1.00702
5050.0 850.0 -1.01353
5150.0 850.0 -0.78921
5250.0 850.0 -0.39500
5350.0 850.0 0.06229
5450.0 850.0 0.50719
5550.0 850.0 0.86225
5650.0 850.0 0.97849
5750.0 850.0 0.82492
5850.0 850.0 0.47662
5950.0 850.0 0.07333
6050.0 850.0 -0.22650
6150.0 850.0 -0.29619
6250.0 850.0 -0.09599
6350.0 850.0 0.26732
50.0 950.0 0.00112
150.0 950.0 -0.16003
250.0 950.0 -0.15048
350.0 950.0 0.04254
450.0 950.0 0.33141
550.0 950.0 0.59293
650.0 950.0 0.71777
750.0 950.0 0.64435
850.0 950.0 0.37718
950.0 950.0 -0.01019
1050.0 950.0 -0.45786
1150.0 950.0 -1.00283
1250.0 950.0 -1.52322
1350.0 950.0 -1.83768
1450.0 950.0 -1.82794
1550.0 950.0 -1.49861
1650.0 950.0 -0.97422
1750.0 950.0 -0.43338
1850.0 950.0 0.01958
1950.0 950.0 0.42229
2050.0 950.0 0.70629
2150.0 950.0 0.79851
2250.0 950.0 0.68695
2350.0 950.0 0.42719
2450.0 950.0 0.12823
2550.0 950.0 -0.08232
2650.0 950.0 -0.11379
2750.0 950.0 0.01149
2850.0 950.0 0.14217
2950.0 950.0 0.19663
3050.0 950.0 0.15971
3150.0 950.0 0.05426
3250.0 950.0 -0.07375
3350.0 950.0 -0.17105
3450.0 950.0 -0.19378
3550.0 950.0 -0.12502
3650.0 950.0 0.00690
3750.0 950.0 0.16106
3850.0 950.0 0.33347
3950.0 950.0 0.48066
4050.0 950.0 0.55189
4150.0 950.0 0.52150
4250.0 950.0 0.40243
4350.0 950.0 0.24071
4450.0 950.0 0.09117
4550.0 950.0 -0.02627
4650.0 950.0 -0.20748
4750.0 950.0 -0.53485
4850.0 950.0 -0.92081
4950.0 950.0 -1.21637
5050.0 950.0 -1.30308
5150.0 950.0 -1.14315
5250.0 950.0 -0.78752
5350.0 950.0 -0.34210
5450.0 950.0 0.10659
5550.0 950.0 0.47220
5650.0 950.0 0.61272
5750.0 950.0 0.49788
5850.0 950.0 0.19739
5950.0 950.0 -0.15735
6050.0 950.0 -0.41639
6150.0 950.0 -0.45905
6250.0 950.0 -0.24657
6350.0 950.0 0.12068
50.0 1050.0 -0.00207
150.0 1050.0 -0.16031
250.0 1050.0 -0.13714
350.0 1050.0 0.08354
450.0 1050.0 0.41135
550.0 1050.0 0.71646
650.0 1050.0 0.88141
750.0 1050.0 0.83749
850.0 1050.0 0.58587
950.0 1050.0 0.20325
1050.0 1050.0 -0.24965
1150.0 1050.0 -0.83332
1250.0 1050.0 -1.43532
1350.0 1050.0 -1.86554
1450.0 1050.0 -1.98533
1550.0 1050.0 -1.77442
1650.0 1050.0 -1.33573
1750.0 1050.0 -0.83793
1850.0 1050.0 -0.39595
1950.0 1050.0 0.00544
2050.0 1050.0 0.30309
2150.0 1050.0 0.42677
2250.0 1050.0 0.35954
2350.0 1050.0 0.14761
2450.0 1050.0 -0.11039
2550.0 1050.0 -0.29508
2650.0 1050.0 -0.31867
2750.0 1050.0 -0.19801
2850.0 1050.0 -0.07646
2950.0 1050.0 -0.04010
3050.0 1050.0 -0.10568
3150.0 1050.0 -0.24746
3250.0 1050.0 -0.41401
3350.0 1050.0 -0.54589
3450.0 1050.0 -0.59430
3550.0 1050.0 -0.54061
3650.0 1050.0 -0.41652
3750.0 1050.0 -0.26213
3850.0 1050.0 -0.06602
3950.0 1050.0 0.13364
4050.0 1050.0 0.28011
4150.0 1050.0 0.33415
4250.0 1050.0 0.29193
4350.0 1050.0 0.18489
4450.0 1050.0 0.06157
4550.0 1050.0 -0.04928
4650.0 1050.0 -0.23522
4750.0 1050.0 -0.59387
4850.0 1050.0 -1.04159
4950.0 1050.0 -1.42106
5050.0 1050.0 -1.59814
5150.0 1050.0 -1.51719
5250.0 1050.0 -1.21482
5350.0 1050.0 -0.79211
5450.0 1050.0 -0.34657
5550.0 1050.0 0.02719
5650.0 1050.0 0.20034
5750.0 1050.0 0.14369
5850.0 1050.0 -0.08267
5950.0 1050.0 -0.36222
6050.0 1050.0 -0.56007
6150.0 1050.0 -0.56609
6250.0 1050.0 -0.34315
6350.0 1050.0 0.01968
50.0 1150.0 -0.09858
150.0 1150.0 -0.25063
250.0 1150.0 -0.20710
350.0 1150.0 0.05388
450.0 1150.0 0.43964
550.0 1150.0 0.81212
650.0 1150.0 1.04240
750.0 1150.0 1.05072
850.0 1150.0 0.83189
950.0 1150.0 0.46609
1050.0 1150.0 0.02223
1150.0 1150.0 -0.57456
1250.0 1150.0 -1.22434
1350.0 1150.0 -1.73769
1450.0 1150.0 -1.96487
1550.0 1150.0 -1.86593
1650.0 1150.0 -1.52169
1750.0 1150.0 -1.08558
1850.0 1150.0 -0.67651
1950.0 1150.0 -0.29640
2050.0 1150.0 0.00261
2150.0 1150.0 0.15380
2250.0 1150.0 0.13188
2350.0 1150.0 -0.03132
2450.0 1150.0 -0.25252
2550.0 1150.0 -0.42373
2650.0 1150.0 -0.46045
2750.0 1150.0 -0.37089
2850.0 1150.0 -0.28162
2950.0 1150.0 -0.27238
3050.0 1150.0 -0.35931
3150.0 1150.0 -0.51867
3250.0 1150.0 -0.70230
3350.0 1150.0 -0.85414
3450.0 1150.0 -0.92783
3550.0 1150.0 -0.90530
3650.0 1150.0 -0.81618
3750.0 1150.0 -0.69541
3850.0 1150.0 -0.52141
3950.0 1150.0 -0.32028
4050.0 1150.0 -0.14247
4150.0 1150.0 -0.03091
4250.0 1150.0 -0.00282
4350.0 1150.0 -0.04534
4450.0 1150.0 -0.12493
4550.0 1150.0 -0.21127
4650.0 1150.0 -0.38255
4750.0 1150.0 -0.75033
4850.0 1150.0 -1.23876
4950.0 1150.0 -1.68716
5050.0 1150.0 -1.94858
5150.0 1150.0 -1.94902
5250.0 1150.0 -1.70709
5350.0 1150.0 -1.31442
5450.0 1150.0 -0.87720
5550.0 1150.0 -0.49306
5650.0 1150.0 -0.26801
5750.0 1150.0 -0.23255
5850.0 1150.0 -0.34582
5950.0 1150.0 -0.51743
6050.0 1150.0 -0.63627
6150.0 1150.0 -0.60636
6250.0 1150.0 -0.38965
6350.0 1150.0 -0.05560
50.0 1250.0 -0.27129
150.0 1250.0 -0.41439
250.0 1250.0 -0.34937
350.0 1250.0 -0.04733
450.0 1250.0 0.39919
550.0 1250.0 0.84562
650.0 1250.0 1.15198
750.0 1250.0 1.22621
850.0 1250.0 1.05469
950.0 1250.0 0.71954
1050.0 1250.0 0.30396
1150.0 1250.0 -0.26652
1250.0 1250.0 -0.90668
1350.0 1250.0 -1.44140
1450.0 1250.0 -1.72534
1550.0 1250.0 -1.70979
1650.0 1250.0 -1.45650
1750.0 1250.0 -1.09863
1850.0 1250.0 -0.74871
1950.0 1250.0 -0.41480
2050.0 1250.0 -0.13030
2150.0 1250.0 0.04228
2250.0 1250.0 0.06531
2350.0 1250.0 -0.04984
2450.0 1250.0 -0.24091
2550.0 1250.0 -0.41507
2650.0 1250.0 -0.49149
2750.0 1250.0 -0.46596
2850.0 1250.0 -0.43681
2950.0 1250.0 -0.46171
3050.0 1250.0 -0.55298
3150.0 1250.0 -0.69597
3250.0 1250.0 -0.85862
3350.0 1250.0 -1.00232
3450.0 1250.0 -1.09403
3550.0 1250.0 -1.11974
3650.0 1250.0 -1.09894
3750.0 1250.0 -1.05422
3850.0 1250.0 -0.96096
3950.0 1250.0 -0.82489
4050.0 1250.0 -0.67459
4150.0 1250.0 -0.54348
4250.0 1250.0 -0.45712
4350.0 1250.0 -0.42553
4450.0 1250.0 -0.44077
4550.0 1250.0 -0.48045
4650.0 1250.0 -0.61145
4750.0 1250.0 -0.95483
4850.0 1250.0 -1.44686
4950.0 1250.0 -1.93118
5050.0 1250.0 -2.25434
5150.0 1250.0 -2.32621
5250.0 1250.0 -2.14521
5350.0 1250.0 -1.78818
5450.0 1250.0 -1.36544
5550.0 1250.0 -0.97115
5650.0 1250.0 -0.68134
5750.0 1250.0 -0.53144
5850.0 1250.0 -0.50888
5950.0 1250.0 -0.55850
6050.0 1250.0 -0.59867
6150.0 1250.0 -0.54826
6250.0 1250.0 -0.36424
6350.0 1250.0 -0.08974
50.0 1350.0 -0.45038
150.0 1350.0 -0.58412
250.0 1350.0 -0.50613
350.0 1350.0 -0.18163
450.0 1350.0 0.30093
550.0 1350.0 0.79676
650.0 1350.0 1.16075
750.0 1350.0 1.29244
850.0 1350.0 1.17027
950.0 1350.0 0.87479
1050.0 1350.0 0.50391
1150.0 1350.0 -0.00057
1250.0 1350.0 -0.56796
1350.0 1350.0 -1.05011
1450.0 1350.0 -1.32278
1550.0 1350.0 -1.34250
1650.0 1350.0 -1.15903
1750.0 1350.0 -0.88334
1850.0 1350.0 -0.61111
1950.0 1350.0 -0.34236
2050.0 1350.0 -0.08514
2150.0 1350.0 0.10267
2250.0 1350.0 0.16827
2350.0 1350.0 0.09842
2450.0 1350.0 -0.06956
2550.0 1350.0 -0.26045
2650.0 1350.0 -0.39722
2750.0 1350.0 -0.46068
2850.0 1350.0 -0.51142
2950.0 1350.0 -0.57040
3050.0 1350.0 -0.64293
3150.0 1350.0 -0.73018
3250.0 1350.0 -0.82842
3350.0 1350.0 -0.92995
3450.0 1350.0 -1.02552
3550.0 1350.0 -1.10856
3650.0 1350.0 -1.18081
3750.0 1350.0 -1.24471
3850.0 1350.0 -1.27865
3950.0 1350.0 -1.26207
4050.0 1350.0 -1.18923
4150.0 1350.0 -1.07311
4250.0 1350.0 -0.94264
4350.0 1350.0 -0.83310
4450.0 1350.0 -0.76984
4550.0 1350.0 -0.74630
4650.0 1350.0 -0.81570
4750.0 1350.0 -1.10159
4850.0 1350.0 -1.55505
4950.0 1350.0 -2.03181
5050.0 1350.0 -2.38015
5150.0 1350.0 -2.49934
5250.0 1350.0 -2.36867
5350.0 1350.0 -2.04708
5450.0 1350.0 -1.64308
5550.0 1350.0 -1.24271
5650.0 1350.0 -0.89269
5750.0 1350.0 -0.63700
5850.0 1350.0 -0.49445
5950.0 1350.0 -0.44578
6050.0 1350.0 -0.43654
6150.0 1350.0 -0.39603
6250.0 1350.0 -0.27201
6350.0 1350.0 -0.08093
50.0 1450.0 -0.56183
150.0 1450.0 -0.68834
250.0 1450.0 -0.61296
350.0 1450.0 -0.29841
450.0 1450.0 0.17538
550.0 1450.0 0.67214
650.0 1450.0 1.05138
750.0 1450.0 1.21211
850.0 1450.0 1.12783
950.0 1450.0 0.87302
1050.0 1450.0 0.55491
1150.0 1450.0 0.14313
1250.0 1450.0 -0.30342
1350.0 1450.0 -0.67113
1450.0 1450.0 -0.86921
1550.0 1450.0 -0.87200
1650.0 1450.0 -0.72609
1750.0 1450.0 -0.52224
1850.0 1450.0 -0.33212
1950.0 1450.0 -0.13505
2050.0 1450.0 0.08959
2150.0 1450.0 0.28849
2250.0 1450.0 0.39300
2350.0 1450.0 0.36445
2450.0 1450.0 0.21449
2550.0 1450.0 0.00045
2650.0 1450.0 -0.20437
2750.0 1450.0 -0.36519
2850.0 1450.0 -0.50076
2950.0 1450.0 -0.58648
3050.0 1450.0 -0.61863
3150.0 1450.0 -0.61829
3250.0 1450.0 -0.61763
3350.0 1450.0 -0.64818
3450.0 1450.0 -0.73107
3550.0 1450.0 -0.86930
3650.0 1450.0 -1.04218
3750.0 1450.0 -1.22624
3850.0 1450.0 -1.40589
3950.0 1450.0 -1.53256
4050.0 1450.0 -1.56133
4150.0 1450.0 -1.47970
4250.0 1450.0 -1.31676
4350.0 1450.0 -1.13262
4450.0 1450.0 -0.98812
4550.0 1450.0 -0.89603
4650.0 1450.0 -0.89403
4750.0 1450.0 -1.10086
4850.0 1450.0 -1.48239
4950.0 1450.0 -1.91181
5050.0 1450.0 -2.24661
5150.0 1450.0 -2.38238
5250.0 1450.0 -2.28360
5350.0 1450.0 -1.99131
5450.0 1450.0 -1.60696
5550.0 1450.0 -1.20716
5650.0 1450.0 -0.81793
5750.0 1450.0 -0.49412
5850.0 1450.0 -0.28192
5950.0 1450.0 -0.18966
6050.0 1450.0 -0.18030
6150.0 1450.0 -0.18537
6250.0 1450.0 -0.14050
6350.0 1450.0 -0.04163
50.0 1550.0 -0.55864
150.0 1550.0 -0.68174
250.0 1550.0 -0.62571
350.0 1550.0 -0.35497
450.0 1550.0 0.06225
550.0 1550.0 0.50606
650.0 1550.0 0.85058
750.0 1550.0 1.00300
850.0 1550.0 0.93625
950.0 1550.0 0.71498
1050.0 1550.0 0.44663
1150.0 1550.0 0.13182
1250.0 1550.0 -0.17820
1350.0 1550.0 -0.40411
1450.0 1550.0 -0.49222
1550.0 1550.0 -0.44113
1650.0 1550.0 -0.30158
1750.0 1550.0 -0.14917
1850.0 1550.0 -0.03025
1950.0 1550.0 0.10311
2050.0 1550.0 0.29904
2150.0 1550.0 0.50836
2250.0 1550.0 0.64826
2350.0 1550.0 0.65727
2450.0 1550.0 0.52407
2550.0 1550.0 0.28992
2650.0 1550.0 0.02479
2750.0 1550.0 -0.22263
2850.0 1550.0 -0.43169
2950.0 1550.0 -0.53243
3050.0 1550.0 -0.51192
3150.0 1550.0 -0.41120
3250.0 1550.0 -0.29854
3350.0 1550.0 -0.24500
3450.0 1550.0 -0.30240
3550.0 1550.0 -0.48358
3650.0 1550.0 -0.74524
3750.0 1550.0 -1.03634
3850.0 1550.0 -1.34619
3950.0 1550.0 -1.60140
4050.0 1550.0 -1.72200
4150.0 1550.0 -1.67257
4250.0 1550.0 -1.48204
4350.0 1550.0 -1.23239
4450.0 1550.0 -1.01598
4550.0 1550.0 -0.86292
4650.0 1550.0 -0.79453
4750.0 1550.0 -0.91984
4850.0 1550.0 -1.21694
4950.0 1550.0 -1.57749
5050.0 1550.0 -1.87216
5150.0 1550.0 -1.99870
5250.0 1550.0 -1.91255
5350.0 1550.0 -1.63990
5450.0 1550.0 -1.27251
5550.0 1550.0 -0.87998
5650.0 1550.0 -0.48075
5750.0 1550.0 -0.14084
5850.0 1550.0 0.07576
5950.0 1550.0 0.14696
6050.0 1550.0 0.10586
6150.0 1550.0 0.02752
6250.0 1550.0 -0.01088
6350.0 1550.0 0.00482
50.0 1650.0 -0.43512
150.0 1650.0 -0.55897
250.0 1650.0 -0.53393
350.0 1650.0 -0.32965
450.0 1650.0 -0.00203
550.0 1650.0 0.34961
650.0 1650.0 0.62025
750.0 1650.0 0.73179
850.0 1650.0 0.66059
950.0 1650.0 0.45999
1050.0 1650.0 0.22802
1150.0 1650.0 -0.01036
1250.0 1650.0 -0.20755
1350.0 1650.0 -0.31030
1450.0 1650.0 -0.29520
1550.0 1650.0 -0.18294
1650.0 1650.0 -0.03136
1750.0 1650.0 0.09279
1850.0 1650.0 0.16322
1950.0 1650.0 0.25285
2050.0 1650.0 0.43202
2150.0 1650.0 0.65495
2250.0 1650.0 0.82813
2350.0 1650.0 0.87264
2450.0 1650.0 0.75934
2550.0 1650.0 0.51681
2650.0 1650.0 0.21216
2750.0 1650.0 -0.09526
2850.0 1650.0 -0.35391
2950.0 1650.0 -0.45782
3050.0 1650.0 -0.38669
3150.0 1650.0 -0.19731
3250.0 1650.0 0.01344
3350.0 1650.0 0.14303
3450.0 1650.0 0.11519
3550.0 1650.0 -0.09079
3650.0 1650.0 -0.41369
3750.0 1650.0 -0.77811
3850.0 1650.0 -1.17328
3950.0 1650.0 -1.50793
4050.0 1650.0 -1.67909
4150.0 1650.0 -1.63785
4250.0 1650.0 -1.41581
4350.0 1650.0 -1.11230
4450.0 1650.0 -0.84232
4550.0 1650.0 -0.64639
4650.0 1650.0 -0.53007
4750.0 1650.0 -0.59209
4850.0 1650.0 -0.81856
4950.0 1650.0 -1.11566
5050.0 1650.0 -1.36615
5150.0 1650.0 -1.47243
5250.0 1650.0 -1.38597
5350.0 1650.0 -1.12331
5450.0 1650.0 -0.76748
5550.0 1650.0 -0.38648
5650.0 1650.0 -0.00404
5750.0 1650.0 0.30464
5850.0 1650.0 0.46936
5950.0 1650.0 0.46876
6050.0 1650.0 0.34423
6150.0 1650.0 0.18361
6250.0 1650.0 0.07490
6350.0 1650.0 0.03159
50.0 1750.0 -0.22394
150.0 1750.0 -0.35167
250.0 1750.0 -0.36079
350.0 1750.0 -0.22797
450.0 1750.0 0.00136
550.0 1750.0 0.24773
650.0 1750.0 0.42790
750.0 1750.0 0.48072
850.0 1750.0 0.38858
950.0 1750.0 0.19443
1050.0 1750.0 -0.02003
1150.0 1750.0 -0.21939
1250.0 1750.0 -0.35699
1350.0 1750.0 -0.39253
1450.0 1750.0 -0.31848
1550.0 1750.0 -0.16792
1650.0 1750.0 -0.00375
1750.0 1750.0 0.11061
1850.0 1750.0 0.15915
1950.0 1750.0 0.23002
2050.0 1750.0 0.40817
2150.0 1750.0 0.65051
2250.0 1750.0 0.85691
2350.0 1750.0 0.93708
2450.0 1750.0 0.84994
2550.0 1750.0 0.61523
2650.0 1750.0 0.29758
2750.0 1750.0 -0.03681
2850.0 1750.0 -0.31687
2950.0 1750.0 -0.41572
3050.0 1750.0 -0.30879
3150.0 1750.0 -0.06180
3250.0 1750.0 0.21206
3350.0 1750.0 0.39232
3450.0 1750.0 0.38868
3550.0 1750.0 0.17585
3650.0 1750.0 -0.17474
3750.0 1750.0 -0.56999
3850.0 1750.0 -0.99216
3950.0 1750.0 -1.34040
4050.0 1750.0 -1.50431
4150.0 1750.0 -1.43446
4250.0 1750.0 -1.16993
4350.0 1750.0 -0.82293
4450.0 1750.0 -0.52038
4550.0 1750.0 -0.30381
4650.0 1750.0 -0.16484
4750.0 1750.0 -0.19552
4850.0 1750.0 -0.38549
4950.0 1750.0 -0.64818
5050.0 1750.0 -0.87291
5150.0 1750.0 -0.96523
5250.0 1750.0 -0.87562
5350.0 1750.0 -0.61634
5450.0 1750.0 -0.26580
5550.0 1750.0 0.10306
5650.0 1750.0 0.45267
5750.0 1750.0 0.70213
5850.0 1750.0 0.78488
5950.0 1750.0 0.69087
6050.0 1750.0 0.47690
6150.0 1750.0 0.24536
6250.0 1750.0 0.09128
6350.0 1750.0 0.01968
50.0 1850.0 0.02392
150.0 1850.0 -0.10910
250.0 1850.0 -0.14972
350.0 1850.0 -0.08177
450.0 1850.0 0.05722
550.0 1850.0 0.20451
650.0 1850.0 0.29626
750.0 1850.0 0.28737
850.0 1850.0 0.16699
950.0 1850.0 -0.03030
1050.0 1850.0 -0.24202
1150.0 1850.0 -0.43491
1250.0 1850.0 -0.56230
1350.0 1850.0 -0.58598
1450.0 1850.0 -0.50114
1550.0 1850.0 -0.34307
1650.0 1850.0 -0.17577
1750.0 1850.0 -0.06229
1850.0 1850.0 -0.01692
1950.0 1850.0 0.05346
2050.0 1850.0 0.24250
2150.0 1850.0 0.50929
2250.0 1850.0 0.74995
2350.0 1850.0 0.86712
2450.0 1850.0 0.81178
2550.0 1850.0 0.59742
2650.0 1850.0 0.28645
2750.0 1850.0 -0.05079
2850.0 1850.0 -0.33234
2950.0 1850.0 -0.42299
3050.0 1850.0 -0.29654
3150.0 1850.0 -0.02192
3250.0 1850.0 0.28172
3350.0 1850.0 0.48729
3450.0 1850.0 0.49929
3550.0 1850.0 0.29068
3650.0 1850.0 -0.06336
3750.0 1850.0 -0.45821
3850.0 1850.0 -0.86365
3950.0 1850.0 -1.17524
4050.0 1850.0 -1.28679
4150.0 1850.0 -1.15835
4250.0 1850.0 -0.84062
4350.0 1850.0 -0.45586
4450.0 1850.0 -0.13531
4550.0 1850.0 0.08575
4650.0 1850.0 0.22791
4750.0 1850.0 0.20115
4850.0 1850.0 0.01525
4950.0 1850.0 -0.24411
5050.0 1850.0 -0.46687
5150.0 1850.0 -0.55873
5250.0 1850.0 -0.46970
5350.0 1850.0 -0.21136
5450.0 1850.0 0.13822
5550.0 1850.0 0.49655
5650.0 1850.0 0.80926
5750.0 1850.0 0.99266
5850.0 1850.0 0.98914
5950.0 1850.0 0.80425
6050.0 1850.0 0.51192
6150.0 1850.0 0.22777
6250.0 1850.0 0.05041
6350.0 1850.0 -0.02672
50.0 1950.0 0.26915
150.0 1950.0 0.12565
250.0 1950.0 0.04986
350.0 1950.0 0.05195
450.0 1950.0 0.10261
550.0 1950.0 0.15516
650.0 1950.0 0.16367
750.0 1950.0 0.09721
850.0 1950.0 -0.04974
950.0 1950.0 -0.25090
1050.0 1950.0 -0.46149
1150.0 1950.0 -0.65089
1250.0 1950.0 -0.77269
1350.0 1950.0 -0.79023
1450.0 1950.0 -0.70048
1550.0 1950.0 -0.54004
1650.0 1950.0 -0.37327
1750.0 1950.0 -0.26266
1850.0 1950.0 -0.22132
1950.0 1950.0 -0.15348
2050.0 1950.0 0.04057
2150.0 1950.0 0.32427
2250.0 1950.0 0.59418
2350.0 1950.0 0.74928
2450.0 1950.0 0.73380
2550.0 1950.0 0.55347
2650.0 1950.0 0.26537
2750.0 1950.0 -0.05863
2850.0 1950.0 -0.32881
2950.0 1950.0 -0.40956
3050.0 1950.0 -0.27630
3150.0 1950.0 0.00113
3250.0 1950.0 0.30400
3350.0 1950.0 0.50698
3450.0 1950.0 0.51703
3550.0 1950.0 0.30922
3650.0 1950.0 -0.04135
3750.0 1950.0 -0.42615
3850.0 1950.0 -0.80201
3950.0 1950.0 -1.06170
4050.0 1950.0 -1.10557
4150.0 1950.0 -0.90549
4250.0 1950.0 -0.52523
4350.0 1950.0 -0.09724
4450.0 1950.0 0.24402
4550.0 1950.0 0.47116
4650.0 1950.0 0.61850
4750.0 1950.0 0.59775
4850.0 1950.0 0.41555
4950.0 1950.0 0.15425
5050.0 1950.0 -0.07753
5150.0 1950.0 -0.18423
5250.0 1950.0 -0.11245
5350.0 1950.0 0.13002
5450.0 1950.0 0.46607
5550.0 1950.0 0.80218
5650.0 1950.0 1.07052
5750.0 1950.0 1.18976
5850.0 1950.0 1.11408
5950.0 1950.0 0.86339
6050.0 1950.0 0.52341
6150.0 1950.0 0.21533
6250.0 1950.0 0.03536
6350.0 1950.0 -0.03359
50.0 2050.0 0.47006
150.0 2050.0 0.29755
250.0 2050.0 0.17216
350.0 2050.0 0.10278
450.0 2050.0 0.07098
550.0 2050.0 0.04503
650.0 2050.0 -0.00797
750.0 2050.0 -0.11183
850.0 2050.0 -0.27302
950.0 2050.0 -0.47427
1050.0 2050.0 -0.67975
1150.0 2050.0 -0.85414
1250.0 2050.0 -0.95252
1350.0 2050.0 -0.94529
1450.0 2050.0 -0.83716
1550.0 2050.0 -0.66985
1650.0 2050.0 -0.50876
1750.0 2050.0 -0.41336
1850.0 2050.0 -0.39153
1950.0 2050.0 -0.34659
2050.0 2050.0 -0.17989
2150.0 2050.0 0.08444
2250.0 2050.0 0.35797
2350.0 2050.0 0.54735
2450.0 2050.0 0.59289
2550.0 2050.0 0.48632
2650.0 2050.0 0.26771
2750.0 2050.0 0.00171
2850.0 2050.0 -0.22042
2950.0 2050.0 -0.28212
3050.0 2050.0 -0.17043
3150.0 2050.0 0.04772
3250.0 2050.0 0.26914
3350.0 2050.0 0.39186
3450.0 2050.0 0.34670
3550.0 2050.0 0.12271
3650.0 2050.0 -0.21373
3750.0 2050.0 -0.57403
3850.0 2050.0 -0.90649
3950.0 2050.0 -1.10087
4050.0 2050.0 -1.06357
4150.0 2050.0 -0.77783
4250.0 2050.0 -0.32023
4350.0 2050.0 0.16654
4450.0 2050.0 0.54458
4550.0 2050.0 0.79409
4650.0 2050.0 0.96812
4750.0 2050.0 0.98337
4850.0 2050.0 0.83209
4950.0 2050.0 0.57881
5050.0 2050.0 0.32202
5150.0 2050.0 0.15974
5250.0 2050.0 0.15912
5350.0 2050.0 0.32979
5450.0 2050.0 0.60193
5550.0 2050.0 0.86913
5650.0 2050.0 1.06276
5750.0 2050.0 1.12092
5850.0 2050.0 1.01827
5950.0 2050.0 0.78361
6050.0 2050.0 0.49516
6150.0 2050.0 0.25348
6250.0 2050.0 0.13213
6350.0 2050.0 0.10812
50.0 2150.0 0.57626
150.0 2150.0 0.35350
250.0 2150.0 0.16743
350.0 2150.0 0.03282
450.0 2150.0 -0.05627
550.0 2150.0 -0.12123
650.0 2150.0 -0.19161
750.0 2150.0 -0.29592
850.0 2150.0 -0.45048
950.0 2150.0 -0.64628
1050.0 2150.0 -0.84212
1150.0 2150.0 -0.98900
1250.0 2150.0 -1.04522
1350.0 2150.0 -0.99457
1450.0 2150.0 -0.85590
1550.0 2150.0 -0.67999
1650.0 2150.0 -0.53333
1750.0 2150.0 -0.46919
1850.0 2150.0 -0.48568
1950.0 2150.0 -0.48905
2050.0 2150.0 -0.39290
2150.0 2150.0 -0.19982
2250.0 2150.0 0.03534
2350.0 2150.0 0.24256
2450.0 2150.0 0.36404
2550.0 2150.0 0.37183
2650.0 2150.0 0.27565
2750.0 2150.0 0.12113
2850.0 2150.0 -0.00707
2950.0 2150.0 -0.03125
3050.0 2150.0 0.03891
3150.0 2150.0 0.14210
3250.0 2150.0 0.20527
3350.0 2150.0 0.17200
3450.0 2150.0 0.01951
3550.0 2150.0 -0.23586
3650.0 2150.0 -0.54472
3750.0 2150.0 -0.86580
3850.0 2150.0 -1.14935
3950.0 2150.0 -1.28310
4050.0 2150.0 -1.17604
4150.0 2150.0 -0.81705
4250.0 2150.0 -0.28956
4350.0 2150.0 0.25789
4450.0 2150.0 0.68497
4550.0 2150.0 0.97573
4650.0 2150.0 1.20359
4750.0 2150.0 1.29577
4850.0 2150.0 1.21699
4950.0 2150.0 0.99523
5050.0 2150.0 0.70621
5150.0 2150.0 0.44959
5250.0 2150.0 0.31688
5350.0 2150.0 0.35110
5450.0 2150.0 0.49890
5550.0 2150.0 0.63982
5650.0 2150.0 0.71822
5750.0 2150.0 0.71194
5850.0 2150.0 0.62763
5950.0 2150.0 0.49807
6050.0 2150.0 0.37263
6150.0 2150.0 0.30098
6250.0 2150.0 0.30997
6350.0 2150.0 0.37509
50.0 2250.0 0.55973
150.0 2250.0 0.27252
250.0 2250.0 0.02569
350.0 2250.0 -0.15298
450.0 2250.0 -0.25766
550.0 2250.0 -0.30699
650.0 2250.0 -0.33928
750.0 2250.0 -0.40059
850.0 2250.0 -0.52545
950.0 2250.0 -0.71045
1050.0 2250.0 -0.89367
1150.0 2250.0 -1.00555
1250.0 2250.0 -1.00931
1350.0 2250.0 -0.90629
1450.0 2250.0 -0.73341
1550.0 2250.0 -0.55228
1650.0 2250.0 -0.42978
1750.0 2250.0 -0.41024
1850.0 2250.0 -0.47917
1950.0 2250.0 -0.55069
2050.0 2250.0 -0.56230
2150.0 2250.0 -0.48919
2250.0 2250.0 -0.33761
2350.0 2250.0 -0.14004
2450.0 2250.0 0.05486
2550.0 2250.0 0.19763
2650.0 2250.0 0.25874
2750.0 2250.0 0.25459
2850.0 2250.0 0.25631
2950.0 2250.0 0.29281
3050.0 2250.0 0.32493
3150.0 2250.0 0.29657
3250.0 2250.0 0.17104
3350.0 2250.0 -0.05127
3450.0 2250.0 -0.33409
3550.0 2250.0 -0.62533
3650.0 2250.0 -0.89588
3750.0 2250.0 -1.17032
3850.0 2250.0 -1.41523
3950.0 2250.0 -1.51847
4050.0 2250.0 -1.38542
4150.0 2250.0 -0.99982
4250.0 2250.0 -0.44027
4350.0 2250.0 0.14767
4450.0 2250.0 0.62374
4550.0 2250.0 0.96871
4650.0 2250.0 1.27199
4750.0 2250.0 1.47746
4850.0 2250.0 1.51305
4950.0 2250.0 1.35483
5050.0 2250.0 1.04370
5150.0 2250.0 0.67733
5250.0 2250.0 0.37719
5350.0 2250.0 0.23080
5450.0 2250.0 0.21000
5550.0 2250.0 0.18099
5650.0 2250.0 0.10921
5750.0 2250.0 0.02694
5850.0 2250.0 -0.01733
5950.0 2250.0 0.01171
6050.0 2250.0 0.12120
6150.0 2250.0 0.28934
6250.0 2250.0 0.47894
6350.0 2250.0 0.66560
50.0 2350.0 0.43275
150.0 2350.0 0.07877
250.0 2350.0 -0.21768
350.0 2350.0 -0.41101
450.0 2350.0 -0.48656
550.0 2350.0 -0.46834
650.0 2350.0 -0.41397
750.0 2350.0 -0.39665
850.0 2350.0 -0.47417
950.0 2350.0 -0.64503
1050.0 2350.0 -0.81517
1150.0 2350.0 -0.89221
1250.0 2350.0 -0.84524
1350.0 2350.0 -0.69381
1450.0 2350.0 -0.49289
1550.0 2350.0 -0.31407
1650.0 2350.0 -0.22321
1750.0 2350.0 -0.25439
1850.0 2350.0 -0.38035
1950.0 2350.0 -0.52761
2050.0 2350.0 -0.66568
2150.0 2350.0 -0.74182
2250.0 2350.0 -0.70723
2350.0 2350.0 -0.54894
2450.0 2350.0 -0.30016
2550.0 2350.0 -0.02903
2650.0 2350.0 0.19419
2750.0 2350.0 0.35144
2850.0 2350.0 0.49697
2950.0 2350.0 0.61439
3050.0 2350.0 0.63477
3150.0 2350.0 0.50366
3250.0 2350.0 0.21641
3350.0 2350.0 -0.17337
3450.0 2350.0 -0.57210
3550.0 2350.0 -0.89127
3650.0 2350.0 -1.11917
3750.0 2350.0 -1.34948
3850.0 2350.0 -1.57865
3950.0 2350.0 -1.69747
4050.0 2350.0 -1.60071
4150.0 2350.0 -1.25454
4250.0 2350.0 -0.71919
4350.0 2350.0 -0.12676
4450.0 2350.0 0.38571
4550.0 2350.0 0.78749
4650.0 2350.0 1.17492
4750.0 2350.0 1.51321
4850.0 2350.0 1.69144
4950.0 2350.0 1.62685
5050.0 2350.0 1.31805
5150.0 2350.0 0.85548
5250.0 2350.0 0.38916
5350.0 2350.0 0.05365
5450.0 2350.0 -0.14874
5550.0 2350.0 -0.36283
5650.0 2350.0 -0.60243
5750.0 2350.0 -0.77672
5850.0 2350.0 -0.79060
5950.0 2350.0 -0.60358
6050.0 2350.0 -0.25158
6150.0 2350.0 0.16831
6250.0 2350.0 0.55017
6350.0 2350.0 0.86799
50.0 2450.0 0.24818
150.0 2450.0 -0.16247
250.0 2450.0 -0.49055
350.0 2450.0 -0.67205
450.0 2450.0 -0.68738
550.0 2450.0 -0.57160
650.0 2450.0 -0.40669
750.0 2450.0 -0.29594
850.0 2450.0 -0.32029
950.0 2450.0 -0.47683
1050.0 2450.0 -0.63611
1150.0 2450.0 -0.68584
1250.0 2450.0 -0.60092
1350.0 2450.0 -0.41617
1450.0 2450.0 -0.20069
1550.0 2450.0 -0.03292
1650.0 2450.0 0.02381
1750.0 2450.0 -0.05496
1850.0 2450.0 -0.23157
1950.0 2450.0 -0.44738
2050.0 2450.0 -0.70570
2150.0 2450.0 -0.93060
2250.0 2450.0 -1.02258
2350.0 2450.0 -0.92430
2450.0 2450.0 -0.65045
2550.0 2450.0 -0.28164
2650.0 2450.0 0.07746
2750.0 2450.0 0.37594
2850.0 2450.0 0.65251
2950.0 2450.0 0.86078
3050.0 2450.0 0.90812
3150.0 2450.0 0.73663
3250.0 2450.0 0.36056
3350.0 2450.0 -0.12998
3450.0 2450.0 -0.59915
3550.0 2450.0 -0.92917
3650.0 2450.0 -1.11787
3750.0 2450.0 -1.31529
3850.0 2450.0 -1.55547
3950.0 2450.0 -1.73440
4050.0 2450.0 -1.73112
4150.0 2450.0 -1.48485
4250.0 2450.0 -1.02706
4350.0 2450.0 -0.46821
4450.0 2450.0 0.06053
4550.0 2450.0 0.51065
4650.0 2450.0 0.97522
4750.0 2450.0 1.44230
4850.0 2450.0 1.76769
4950.0 2450.0 1.81377
5050.0 2450.0 1.53661
5150.0 2450.0 1.01461
5250.0 2450.0 0.41854
5350.0 2450.0 -0.07678
5450.0 2450.0 -0.43850
5550.0 2450.0 -0.81949
5650.0 2450.0 -1.22112
5750.0 2450.0 -1.50190
5850.0 2450.0 -1.52197
5950.0 2450.0 -1.23005
6050.0 2450.0 -0.69339
6150.0 2450.0 -0.07049
6250.0 2450.0 0.47334
6350.0 2450.0 0.90620
50.0 2550.0 0.08227
150.0 2550.0 -0.36581
250.0 2550.0 -0.70720
350.0 2550.0 -0.86323
450.0 2550.0 -0.81299
550.0 2550.0 -0.60350
650.0 2550.0 -0.33868
750.0 2550.0 -0.14680
850.0 2550.0 -0.12659
950.0 2550.0 -0.27197
1050.0 2550.0 -0.42452
1150.0 2550.0 -0.45930
1250.0 2550.0 -0.35594
1350.0 2550.0 -0.15880
1450.0 2550.0 0.05520
1550.0 2550.0 0.20516
1650.0 2550.0 0.23130
1750.0 2550.0 0.11656
1850.0 2550.0 -0.09535
1950.0 2550.0 -0.35992
2050.0 2550.0 -0.70872
2150.0 2550.0 -1.05120
2250.0 2550.0 -1.25104
2350.0 2550.0 -1.21657
2450.0 2550.0 -0.94535
2550.0 2550.0 -0.52308
2650.0 2550.0 -0.07673
2750.0 2550.0 0.31800
2850.0 2550.0 0.69000
2950.0 2550.0 0.98459
3050.0 2550.0 1.09609
3150.0 2550.0 0.95811
3250.0 2550.0 0.58655
3350.0 2550.0 0.08389
3450.0 2550.0 -0.39498
3550.0 2550.0 -0.71564
3650.0 2550.0 -0.87539
3750.0 2550.0 -1.05603
3850.0 2550.0 -1.32797
3950.0 2550.0 -1.59335
4050.0 2550.0 -1.71417
4150.0 2550.0 -1.59998
4250.0 2550.0 -1.25020
4350.0 2550.0 -0.75095
4450.0 2550.0 -0.22641
4550.0 2550.0 0.25531
4650.0 2550.0 0.77630
4750.0 2550.0 1.34518
4850.0 2550.0 1.79596
4950.0 2550.0 1.94988
5050.0 2550.0 1.72784
5150.0 2550.0 1.19348
5250.0 2550.0 0.52698
5350.0 2550.0 -0.07054
5450.0 2550.0 -0.54111
5550.0 2550.0 -1.04299
5650.0 2550.0 -1.57878
5750.0 2550.0 -1.97353
5850.0 2550.0 -2.05062
5950.0 2550.0 -1.74147
6050.0 2550.0 -1.12428
6150.0 2550.0 -0.39186
6250.0 2550.0 0.25149
6350.0 2550.0 0.76257
50.0 2650.0 -0.00006
150.0 2650.0 -0.46393
250.0 2650.0 -0.80569
350.0 2650.0 -0.93885
450.0 2650.0 -0.84323
550.0 2650.0 -0.57413
650.0 2650.0 -0.24870
750.0 2650.0 -0.00927
850.0 2650.0 0.03621
950.0 2650.0 -0.10331
1050.0 2650.0 -0.25376
1150.0 2650.0 -0.28655
1250.0 2650.0 -0.18437
1350.0 2650.0 0.00532
1450.0 2650.0 0.20448
1550.0 2650.0 0.33385
1650.0 2650.0 0.33749
1750.0 2650.0 0.20257
1850.0 2650.0 -0.02577
1950.0 2650.0 -0.31378
2050.0 2650.0 -0.71083
2150.0 2650.0 -1.12102
2250.0 2650.0 -1.38963
2350.0 2650.0 -1.40583
2450.0 2650.0 -1.15524
2550.0 2650.0 -0.72239
2650.0 2650.0 -0.24293
2750.0 2650.0 0.19414
2850.0 2650.0 0.61589
2950.0 2650.0 0.98036
3050.0 2650.0 1.18010
3150.0 2650.0 1.13702
3250.0 2650.0 0.85294
3350.0 2650.0 0.41937
3450.0 2650.0 -0.01338
3550.0 2650.0 -0.30792
3650.0 2650.0 -0.45207
3750.0 2650.0 -0.63149
3850.0 2650.0 -0.94388
3950.0 2650.0 -1.29689
4050.0 2650.0 -1.53814
4150.0 2650.0 -1.55182
4250.0 2650.0 -1.30972
4350.0 2650.0 -0.87672
4450.0 2650.0 -0.37071
4550.0 2650.0 0.12340
4650.0 2650.0 0.67387
4750.0 2650.0 1.30473
4850.0 2650.0 1.84158
4950.0 2650.0 2.08297
5050.0 2650.0 1.92670
5150.0 2650.0 1.42188
5250.0 2650.0 0.74687
5350.0 2650.0 0.11294
5450.0 2650.0 -0.40563
5550.0 2650.0 -0.97104
5650.0 2650.0 -1.60135
5750.0 2650.0 -2.10868
5850.0 2650.0 -2.29095
5950.0 2650.0 -2.05682
6050.0 2650.0 -1.47346
6150.0 2650.0 -0.73720
6250.0 2650.0 -0.06704
6350.0 2650.0 0.47781
50.0 2750.0 0.00248
150.0 2750.0 -0.46264
250.0 2750.0 -0.79967
350.0 2750.0 -0.91997
450.0 2750.0 -0.80459
550.0 2750.0 -0.51246
650.0 2750.0 -0.16539
750.0 2750.0 0.08995
850.0 2750.0 0.14335
950.0 2750.0 0.00534
1050.0 2750.0 -0.14610
1150.0 2750.0 -0.18518
1250.0 2750.0 -0.09628
1350.0 2750.0 0.07434
1450.0 2750.0 0.25180
1550.0 2750.0 0.36088
1650.0 2750.0 0.34930
1750.0 2750.0 0.20606
1850.0 2750.0 -0.02531
1950.0 2750.0 -0.31842
2050.0 2750.0 -0.73132
2150.0 2750.0 -1.16896
2250.0 2750.0 -1.47178
2350.0 2750.0 -1.52177
2450.0 2750.0 -1.29774
2550.0 2750.0 -0.87981
2650.0 2750.0 -0.40324
2750.0 2750.0 0.03853
2850.0 2750.0 0.47686
2950.0 2750.0 0.89485
3050.0 2750.0 1.19069
3150.0 2750.0 1.27349
3250.0 2750.0 1.12220
3350.0 2750.0 0.80344
3450.0 2750.0 0.44837
3550.0 2750.0 0.18842
3650.0 2750.0 0.05009
3750.0 2750.0 -0.13733
3850.0 2750.0 -0.48914
3950.0 2750.0 -0.91734
4050.0 2750.0 -1.25888
4150.0 2750.0 -1.37887
4250.0 2750.0 -1.22814
4350.0 2750.0 -0.85537
4450.0 2750.0 -0.37347
4550.0 2750.0 0.12001
4650.0 2750.0 0.68021
4750.0 2750.0 1.34202
4850.0 2750.0 1.93172
4950.0 2750.0 2.23897
5050.0 2750.0 2.14831
5150.0 2750.0 1.69596
5250.0 2750.0 1.05167
5350.0 2750.0 0.42584
5450.0 2750.0 -0.09812
5550.0 2750.0 -0.68606
5650.0 2750.0 -1.38050
5750.0 2750.0 -1.99489
5850.0 2750.0 -2.31029
5950.0 2750.0 -2.20992
6050.0 2750.0 -1.73562
6150.0 2750.0 -1.06644
6250.0 2750.0 -0.41924
6350.0 2750.0 0.12822
50.0 2850.0 -0.02451
150.0 2850.0 -0.47611
250.0 2850.0 -0.78967
350.0 2850.0 -0.87616
450.0 2850.0 -0.72216
550.0 2850.0 -0.39391
650.0 2850.0 -0.01945
750.0 2850.0 0.25147
850.0 2850.0 0.30939
950.0 2850.0 0.16938
1050.0 2850.0 0.01082
1150.0 2850.0 -0.05122
1250.0 2850.0 -0.00289
1350.0 2850.0 0.11657
1450.0 2850.0 0.24300
1550.0 2850.0 0.31156
1650.0 2850.0 0.27678
1750.0 2850.0 0.12858
1850.0 2850.0 -0.09586
1950.0 2850.0 -0.38062
2050.0 2850.0 -0.78895
2150.0 2850.0 -1.23032
2250.0 2850.0 -1.54784
2350.0 2850.0 -1.62255
2450.0 2850.0 -1.42862
2550.0 2850.0 -1.03937
2650.0 2850.0 -0.58418
2750.0 2850.0 -0.15624
2850.0 2850.0 0.28051
2950.0 2850.0 0.73588
3050.0 2850.0 1.11741
3150.0 2850.0 1.32410
3250.0 2850.0 1.31193
3350.0 2850.0 1.11947
3450.0 2850.0 0.85348
3550.0 2850.0 0.63470
3650.0 2850.0 0.50355
3750.0 2850.0 0.31026
3850.0 2850.0 -0.07468
3950.0 2850.0 -0.56901
4050.0 2850.0 -1.00237
4150.0 2850.0 -1.22394
4250.0 2850.0 -1.16531
4350.0 2850.0 -0.85869
4450.0 2850.0 -0.41017
4550.0 2850.0 0.07228
4650.0 2850.0 0.63057
4750.0 2850.0 1.31056
4850.0 2850.0 1.94368
4950.0 2850.0 2.31529
5050.0 2850.0 2.29867
5150.0 2850.0 1.91533
5250.0 2850.0 1.32162
5350.0 2850.0 0.72171
5450.0 2850.0 0.20672
5550.0 2850.0 -0.38774
5650.0 2850.0 -1.12682
5750.0 2850.0 -1.82888
5850.0 2850.0 -2.26301
5950.0 2850.0 -2.29013
6050.0 2850.0 -1.92681
6150.0 2850.0 -1.33191
6250.0 2850.0 -0.71592
6350.0 2850.0 -0.17302
50.0 2950.0 -0.17786
150.0 2950.0 -0.57347
250.0 2950.0 -0.80594
350.0 2950.0 -0.79001
450.0 2950.0 -0.53114
550.0 2950.0 -0.11607
650.0 2950.0 0.31394
750.0 2950.0 0.60719
850.0 2950.0 0.66301
950.0 2950.0 0.51042
1050.0 2950.0 0.32651
1150.0 2950.0 0.19492
1250.0 2950.0 0.12809
1350.0 2950.0 0.10986
1450.0 2950.0 0.10740
1550.0 2950.0 0.08303
1650.0 2950.0 0.00592
1750.0 2950.0 -0.13622
1850.0 2950.0 -0.32567
1950.0 2950.0 -0.56564
2050.0 2950.0 -0.91703
2150.0 2950.0 -1.30366
2250.0 2950.0 -1.58955
2350.0 2950.0 -1.66943
2450.0 2950.0 -1.51714
2550.0 2950.0 -1.19209
2650.0 2950.0 -0.80364
2750.0 2950.0 -0.43353
2850.0 2950.0 -0.04398
2950.0 2950.0 0.39902
3050.0 2950.0 0.82088
3150.0 2950.0 1.12105
3250.0 2950.0 1.23825
3350.0 2950.0 1.18082
3450.0 2950.0 1.02208
3550.0 2950.0 0.86084
3650.0 2950.0 0.74659
3750.0 2950.0 0.56034
3850.0 2950.0 0.16594
3950.0 2950.0 -0.36538
4050.0 2950.0 -0.86612
4150.0 2950.0 -1.17822
4250.0 2950.0 -1.21751
4350.0 2950.0 -0.99711
4450.0 2950.0 -0.60954
4550.0 2950.0 -0.16691
4650.0 2950.0 0.35872
4750.0 2950.0 1.02575
4850.0 2950.0 1.68062
4950.0 2950.0 2.11405
5050.0 2950.0 2.19127
5150.0 2950.0 1.91383
5250.0 2950.0 1.41296
5350.0 2950.0 0.87456
5450.0 2950.0 0.39518
5550.0 2950.0 -0.17250
5650.0 2950.0 -0.90486
5750.0 2950.0 -1.63004
5850.0 2950.0 -2.11747
5950.0 2950.0 -2.21825
6050.0 2950.0 -1.93162
6150.0 2950.0 -1.39736
6250.0 2950.0 -0.81425
6350.0 2950.0 -0.28393
50.0 3050.0 -0.42159
150.0 3050.0 -0.71344
250.0 3050.0 -0.80854
350.0 3050.0 -0.63279
450.0 3050.0 -0.22352
550.0 3050.0 0.30245
650.0 3050.0 0.78922
750.0 3050.0 1.09033
850.0 3050.0 1.12564
950.0 3050.0 0.94637
1050.0 3050.0 0.71835
1150.0 3050.0 0.47615
1250.0 3050.0 0.23378
1350.0 3050.0 0.01375
1450.0 3050.0 -0.16819
1550.0 3050.0 -0.31078
1650.0 3050.0 -0.42746
1750.0 3050.0 -0.53903
1850.0 3050.0 -0.65889
1950.0 3050.0 -0.81144
2050.0 3050.0 -1.04490
2150.0 3050.0 -1.30890
2250.0 3050.0 -1.50974
2350.0 3050.0 -1.57278
2450.0 3050.0 -1.47643
2550.0 3050.0 -1.25770
2650.0 3050.0 -0.98935
2750.0 3050.0 -0.72862
2850.0 3050.0 -0.44150
2950.0 3050.0 -0.07718
3050.0 3050.0 0.31659
3150.0 3050.0 0.65407
3250.0 3050.0 0.86718
3350.0 3050.0 0.93581
3450.0 3050.0 0.89262
3550.0 3050.0 0.80241
3650.0 3050.0 0.71579
3750.0 3050.0 0.55383
3850.0 3050.0 0.18662
3950.0 3050.0 -0.33090
4050.0 3050.0 -0.84832
4150.0 3050.0 -1.21460
4250.0 3050.0 -1.33841
4350.0 3050.0 -1.21428
4450.0 3050.0 -0.91428
4550.0 3050.0 -0.54459
4650.0 3050.0 -0.08992
4750.0 3050.0 0.51847
4850.0 3050.0 1.15302
4950.0 3050.0 1.62342
5050.0 3050.0 1.79468
5150.0 3050.0 1.64668
5250.0 3050.0 1.27526
5350.0 3050.0 0.83482
5450.0 3050.0 0.42169
5550.0 3050.0 -0.07964
5650.0 3050.0 -0.74321
5750.0 3050.0 -1.41246
5850.0 3050.0 -1.87204
5950.0 3050.0 -1.97878
6050.0 3050.0 -1.72473
6150.0 3050.0 -1.23261
6250.0 3050.0 -0.68330
6350.0 3050.0 -0.17487
50.0 3150.0 -0.65713
150.0 3150.0 -0.81337
250.0 3150.0 -0.74480
350.0 3150.0 -0.39706
450.0 3150.0 0.15463
550.0 3150.0 0.76395
650.0 3150.0 1.26802
750.0 3150.0 1.53805
850.0 3150.0 1.52607
950.0 3150.0 1.30775
1050.0 3150.0 1.02543
1150.0 3150.0 0.66020
1250.0 3150.0 0.23316
1350.0 3150.0 -0.18755
1450.0 3150.0 -0.53381
1550.0 3150.0 -0.76691
1650.0 3150.0 -0.88916
1750.0 3150.0 -0.93777
1850.0 3150.0 -0.96092
1950.0 3150.0 -0.99544
2050.0 3150.0 -1.06744
2150.0 3150.0 -1.16069
2250.0 3150.0 -1.23903
2350.0 3150.0 -1.27051
2450.0 3150.0 -1.24137
2550.0 3150.0 -1.15997
2650.0 3150.0 -1.05045
2750.0 3150.0 -0.93629
2850.0 3150.0 -0.79367
2950.0 3150.0 -0.56599
3050.0 3150.0 -0.26909
3150.0 3150.0 0.03906
3250.0 3150.0 0.29600
3350.0 3150.0 0.45983
3450.0 3150.0 0.52160
3550.0 3150.0 0.50497
3650.0 3150.0 0.45283
3750.0 3150.0 0.33034
3850.0 3150.0 0.02806
3950.0 3150.0 -0.41788
4050.0 3150.0 -0.88737
4150.0 3150.0 -1.25188
4250.0 3150.0 -1.42489
4350.0 3150.0 -1.38710
4450.0 3150.0 -1.18661
4550.0 3150.0 -0.91296
4650.0 3150.0 -0.55986
4750.0 3150.0 -0.05462
4850.0 3150.0 0.50804
4950.0 3150.0 0.96963
5050.0 3150.0 1.20585
5150.0 3150.0 1.17931
5250.0 3150.0 0.94731
5350.0 3150.0 0.62439
5450.0 3150.0 0.29897
5550.0 3150.0 -0.10686
5650.0 3150.0 -0.65444
5750.0 3150.0 -1.20640
5850.0 3150.0 -1.57400
5950.0 3150.0 -1.63196
6050.0 3150.0 -1.37370
6150.0 3150.0 -0.90714
6250.0 3150.0 -0.39104
6350.0 3150.0 0.08891
50.0 3250.0 -0.78746
150.0 3250.0 -0.80292
250.0 3250.0 -0.58345
350.0 3250.0 -0.10145
450.0 3250.0 0.53321
550.0 3250.0 1.15522
650.0 3250.0 1.60908
750.0 3250.0 1.79729
850.0 3250.0 1.71169
950.0 3250.0 1.44784
1050.0 3250.0 1.11309
1150.0 3250.0 0.64555
1250.0 3250.0 0.07959
1350.0 3250.0 -0.47499
1450.0 3250.0 -0.90888
1550.0 3250.0 -1.16037
1650.0 3250.0 -1.23392
1750.0 3250.0 -1.18994
1850.0 3250.0 -1.10589
1950.0 3250.0 -1.01412
2050.0 3250.0 -0.91329
2150.0 3250.0 -0.82369
2250.0 3250.0 -0.77075
2350.0 3250.0 -0.76821
2450.0 3250.0 -0.81077
2550.0 3250.0 -0.87615
2650.0 3250.0 -0.93647
2750.0 3250.0 -0.97911
2850.0 3250.0 -0.99574
2950.0 3250.0 -0.93493
3050.0 3250.0 -0.78110
3150.0 3250.0 -0.55731
3250.0 3250.0 -0.31017
3350.0 3250.0 -0.09390
3450.0 3250.0 0.04670
3550.0 3250.0 0.09424
3650.0 3250.0 0.07726
3750.0 3250.0 0.00223
3850.0 3250.0 -0.20883
3950.0 3250.0 -0.53760
4050.0 3250.0 -0.90197
4150.0 3250.0 -1.20756
4250.0 3250.0 -1.38397
4350.0 3250.0 -1.40573
4450.0 3250.0 -1.29788
4550.0 3250.0 -1.12553
4650.0 3250.0 -0.88655
4750.0 3250.0 -0.51303
4850.0 3250.0 -0.06626
4950.0 3250.0 0.33486
5050.0 3250.0 0.58700
5150.0 3250.0 0.64465
5250.0 3250.0 0.53173
5350.0 3250.0 0.32231
5450.0 3250.0 0.08959
5550.0 3250.0 -0.21181
5650.0 3250.0 -0.62703
5750.0 3250.0 -1.03869
5850.0 3250.0 -1.28870
5950.0 3250.0 -1.27456
6050.0 3250.0 -0.99495
6150.0 3250.0 -0.54484
6250.0 3250.0 -0.05997
6350.0 3250.0 0.38982
50.0 3350.0 -0.75704
150.0 3350.0 -0.65455
250.0 3350.0 -0.33036
350.0 3350.0 0.21358
450.0 3350.0 0.84362
550.0 3350.0 1.39192
650.0 3350.0 1.72582
750.0 3350.0 1.78886
850.0 3350.0 1.61353
950.0 3350.0 1.30582
1050.0 3350.0 0.93160
1150.0 3350.0 0.40709
1250.0 3350.0 -0.21547
1350.0 3350.0 -0.79791
1450.0 3350.0 -1.21124
1550.0 3350.0 -1.39252
1650.0 3350.0 -1.36349
1750.0 3350.0 -1.21106
1850.0 3350.0 -1.02943
1950.0 3350.0 -0.82800
2050.0 3350.0 -0.57861
2150.0 3350.0 -0.33375
2250.0 3350.0 -0.17199
2350.0 3350.0 -0.14587
2450.0 3350.0 -0.25629
2550.0 3350.0 -0.45331
2650.0 3350.0 -0.66336
2750.0 3350.0 -0.84293
2850.0 3350.0 -1.00137
2950.0 3350.0 -1.09931
3050.0 3350.0 -1.09556
3150.0 3350.0 -0.97932
3250.0 3350.0 -0.77712
3350.0 3350.0 -0.54686
3450.0 3350.0 -0.35902
3550.0 3350.0 -0.26487
3650.0 3350.0 -0.25231
3750.0 3350.0 -0.28188
3850.0 3350.0 -0.39638
3950.0 3350.0 -0.59126
4050.0 3350.0 -0.82188
4150.0 3350.0 -1.03149
4250.0 3350.0 -1.17238
4350.0 3350.0 -1.22037
4450.0 3350.0 -1.18247
4550.0 3350.0 -1.09732
4650.0 3350.0 -0.96275
4750.0 3350.0 -0.72328
4850.0 3350.0 -0.41263
4950.0 3350.0 -0.11017
5050.0 3350.0 0.10762
5150.0 3350.0 0.19749
5250.0 3350.0 0.16133
5350.0 3350.0 0.03984
5450.0 3350.0 -0.11312
5550.0 3350.0 -0.32424
5650.0 3350.0 -0.62687
5750.0 3350.0 -0.92122
5850.0 3350.0 -1.07521
5950.0 3350.0 -1.00495
6050.0 3350.0 -0.71243
6150.0 3350.0 -0.28035
6250.0 3350.0 0.17584
6350.0 3350.0 0.59927
50.0 3450.0 -0.56781
150.0 3450.0 -0.39076
250.0 3450.0 -0.02559
350.0 3450.0 0.49884
450.0 3450.0 1.03996
550.0 3450.0 1.44381
650.0 3450.0 1.61153
750.0 3450.0 1.52976
850.0 3450.0 1.26520
950.0 3450.0 0.92314
1050.0 3450.0 0.52908
1150.0 3450.0 0.00169
1250.0 3450.0 -0.58774
1350.0 3450.0 -1.09060
1450.0 3450.0 -1.38262
1550.0 3450.0 -1.42078
1650.0 3450.0 -1.25568
1750.0 3450.0 -0.99908
1850.0 3450.0 -0.74679
1950.0 3450.0 -0.47200
2050.0 3450.0 -0.12630
2150.0 3450.0 0.21532
2250.0 3450.0 0.43936
2350.0 3450.0 0.46910
2450.0 3450.0 0.30185
2550.0 3450.0 0.00822
2650.0 3450.0 -0.30659
2750.0 3450.0 -0.57936
2850.0 3450.0 -0.83526
2950.0 3450.0 -1.04709
3050.0 3450.0 -1.15713
3150.0 3450.0 -1.13004
3250.0 3450.0 -0.97572
3350.0 3450.0 -0.75121
3450.0 3450.0 -0.54168
3550.0 3450.0 -0.42044
3650.0 3450.0 -0.38840
3750.0 3450.0 -0.38411
3850.0 3450.0 -0.42046
3950.0 3450.0 -0.50085
4050.0 3450.0 -0.60932
4150.0 3450.0 -0.72048
4250.0 3450.0 -0.80845
4350.0 3450.0 -0.85494
4450.0 3450.0 -0.85631
4550.0 3450.0 -0.82937
4650.0 3450.0 -0.77002
4750.0 3450.0 -0.63886
4850.0 3450.0 -0.45239
4950.0 3450.0 -0.25869
5050.0 3450.0 -0.10814
5150.0 3450.0 -0.03401
5250.0 3450.0 -0.04287
5350.0 3450.0 -0.11485
5450.0 3450.0 -0.21481
5550.0 3450.0 -0.36849
5650.0 3450.0 -0.60848
5750.0 3450.0 -0.84772
5850.0 3450.0 -0.96818
5950.0 3450.0 -0.89265
6050.0 3450.0 -0.61905
6150.0 3450.0 -0.21707
6250.0 3450.0 0.21266
6350.0 3450.0 0.61774
50.0 3550.0 -0.27113
150.0 3550.0 -0.06821
250.0 3550.0 0.27804
350.0 3550.0 0.71859
450.0 3550.0 1.11581
550.0 3550.0 1.34092
650.0 3550.0 1.33219
750.0 3550.0 1.11383
850.0 3550.0 0.77555
950.0 3550.0 0.41287
1050.0 3550.0 0.01861
1150.0 3550.0 -0.46644
1250.0 3550.0 -0.95424
1350.0 3550.0 -1.30234
1450.0 3550.0 -1.41051
1550.0 3550.0 -1.26983
1650.0 3550.0 -0.96429
1750.0 3550.0 -0.62490
1850.0 3550.0 -0.33634
1950.0 3550.0 -0.03114
2050.0 3550.0 0.34933
2150.0 3550.0 0.71913
2250.0 3550.0 0.95137
2350.0 3550.0 0.96232
2450.0 3550.0 0.75242
2550.0 3550.0 0.40445
2650.0 3550.0 0.03859
2750.0 3550.0 -0.27542
2850.0 3550.0 -0.57366
2950.0 3550.0 -0.83485
3050.0 3550.0 -0.99409
3150.0 3550.0 -1.00540
3250.0 3550.0 -0.87152
3350.0 3550.0 -0.64917
3450.0 3550.0 -0.42999
3550.0 3550.0 -0.29689
3650.0 3550.0 -0.25636
3750.0 3550.0 -0.23499
3850.0 3550.0 -0.22757
3950.0 3550.0 -0.23991
4050.0 3550.0 -0.27104
4150.0 3550.0 -0.31371
4250.0 3550.0 -0.35652
4350.0 3550.0 -0.38756
4450.0 3550.0 -0.39977
4550.0 3550.0 -0.39751
4650.0 3550.0 -0.37541
4750.0 3550.0 -0.30918
4850.0 3550.0 -0.20924
4950.0 3550.0 -0.10545
5050.0 3550.0 -0.02889
5150.0 3550.0 0.00018
5250.0 3550.0 -0.02193
5350.0 3550.0 -0.08262
5450.0 3550.0 -0.16061
5550.0 3550.0 -0.29656
5650.0 3550.0 -0.53591
5750.0 3550.0 -0.79872
5850.0 3550.0 -0.96611
5950.0 3550.0 -0.95222
6050.0 3550.0 -0.74086
6150.0 3550.0 -0.38690
6250.0 3550.0 0.01759
6350.0 3550.0 0.41373
50.0 3650.0 0.06455
150.0 3650.0 0.26155
250.0 3650.0 0.55493
350.0 3650.0 0.88155
450.0 3650.0 1.11650
550.0 3650.0 1.16041
650.0 3650.0 0.98696
750.0 3650.0 0.65075
850.0 3650.0 0.25551
950.0 3650.0 -0.11751
1050.0 3650.0 -0.50022
1150.0 3650.0 -0.92032
1250.0 3650.0 -1.27606
1350.0 3650.0 -1.44044
1450.0 3650.0 -1.34636
1550.0 3650.0 -1.02390
1650.0 3650.0 -0.58975
1750.0 3650.0 -0.18886
1850.0 3650.0 0.11174
1950.0 3650.0 0.41834
2050.0 3650.0 0.79214
2150.0 3650.0 1.14411
2250.0 3650.0 1.34846
2350.0 3650.0 1.32591
2450.0 3650.0 1.08336
2550.0 3650.0 0.70991
2650.0 3650.0 0.32938
2750.0 3650.0 0.00922
2850.0 3650.0 -0.29306
2950.0 3650.0 -0.55531
3050.0 3650.0 -0.71110
3150.0 3650.0 -0.71442
3250.0 3650.0 -0.56946
3350.0 3650.0 -0.33554
3450.0 3650.0 -0.10714
3550.0 3650.0 0.03092
3650.0 3650.0 0.07295
3750.0 3650.0 0.09884
3850.0 3650.0 0.12160
3950.0 3650.0 0.13618
4050.0 3650.0 0.13916
4150.0 3650.0 0.13097
4250.0 3650.0 0.11622
4350.0 3650.0 0.10210
4450.0 3650.0 0.09491
4550.0 3650.0 0.09481
4650.0 3650.0 0.10664
4750.0 3650.0 0.14259
4850.0 3650.0 0.19114
4950.0 3650.0 0.23047
5050.0 3650.0 0.24189
5150.0 3650.0 0.21755
5250.0 3650.0 0.16235
5350.0 3650.0 0.09024
5450.0 3650.0 0.01358
5550.0 3650.0 -0.13174
5650.0 3650.0 -0.41344
5750.0 3650.0 -0.75500
5850.0 3650.0 -1.02635
5950.0 3650.0 -1.12207
6050.0 3650.0 -1.00458
6150.0 3650.0 -0.71229
6250.0 3650.0 -0.33280
6350.0 3650.0 0.06069
50.0 3750.0 0.43667
150.0 3750.0 0.61200
250.0 3750.0 0.83871
350.0 3750.0 1.04289
450.0 3750.0 1.11481
550.0 3750.0 0.98441
650.0 3750.0 0.65794
750.0 3750.0 0.21564
850.0 3750.0 -0.22933
950.0 3750.0 -0.61091
1050.0 3750.0 -0.98171
1150.0 3750.0 -1.33729
1250.0 3750.0 -1.56320
1350.0 3750.0 -1.54852
1450.0 3750.0 -1.25909
1550.0 3750.0 -0.76296
1650.0 3750.0 -0.20806
1750.0 3750.0 0.24805
1850.0 3750.0 0.55612
1950.0 3750.0 0.85905
2050.0 3750.0 1.21820
2150.0 3750.0 1.54170
2250.0 3750.0 1.70663
2350.0 3750.0 1.64027
2450.0 3750.0 1.35754
2550.0 3750.0 0.95451
2650.0 3750.0 0.55814
2750.0 3750.0 0.23215
2850.0 3750.0 -0.07341
2950.0 3750.0 -0.33450
3050.0 3750.0 -0.48165
3150.0 3750.0 -0.46806
3250.0 3750.0 -0.29986
3350.0 3750.0 -0.04064
3450.0 3750.0 0.20994
3550.0 3750.0 0.36330
3650.0 3750.0 0.41466
3750.0 3750.0 0.45198
3850.0 3750.0 0.49477
3950.0 3750.0 0.53715
4050.0 3750.0 0.57085
4150.0 3750.0 0.59045
4250.0 3750.0 0.59592
4350.0 3750.0 0.59243
4450.0 3750.0 0.58743
4550.0 3750.0 0.58507
4650.0 3750.0 0.58480
4750.0 3750.0 0.58246
4850.0 3750.0 0.56594
4950.0 3750.0 0.52474
5050.0 3750.0 0.45661
5150.0 3750.0 0.36948
5250.0 3750.0 0.27851
5350.0 3750.0 0.19838
5450.0 3750.0 0.12963
5550.0 3750.0 -0.01894
5650.0 3750.0 -0.33977
5750.0 3750.0 -0.76124
5850.0 3750.0 -1.14226
5950.0 3750.0 -1.35652
6050.0 3750.0 -1.34248
6150.0 3750.0 -1.11921
6250.0 3750.0 -0.76802
6350.0 3750.0 -0.37748
50.0 3850.0 0.85547
150.0 3850.0 0.97384
250.0 3850.0 1.10965
350.0 3850.0 1.18725
450.0 3850.0 1.11526
550.0 3850.0 0.84849
650.0 3850.0 0.41448
750.0 3850.0 -0.09530
850.0 3850.0 -0.56981
950.0 3850.0 -0.95809
1050.0 3850.0 -1.32167
1150.0 3850.0 -1.62778
1250.0 3850.0 -1.75190
1350.0 3850.0 -1.59609
1450.0 3850.0 -1.15267
1550.0 3850.0 -0.52016
1650.0 3850.0 0.12860
1750.0 3850.0 0.62604
1850.0 3850.0 0.93722
1950.0 3850.0 1.23380
2050.0 3850.0 1.57480
2150.0 3850.0 1.86347
2250.0 3850.0 1.97807
2350.0 3850.0 1.85227
2450.0 3850.0 1.51057
2550.0 3850.0 1.05882
2650.0 3850.0 0.62981
2750.0 3850.0 0.28408
2850.0 3850.0 -0.03995
2950.0 3850.0 -0.31763
3050.0 3850.0 -0.46974
3150.0 3850.0 -0.44070
3250.0 3850.0 -0.23459
3350.0 3850.0 0.07866
3450.0 3850.0 0.38683
3550.0 3850.0 0.58873
3650.0 3850.0 0.67700
3750.0 3850.0 0.75312
3850.0 3850.0 0.84273
3950.0 3850.0 0.93267
4050.0 3850.0 1.00386
4150.0 3850.0 1.04335
4250.0 3850.0 1.05035
4350.0 3850.0 1.03599
4450.0 3850.0 1.01695
4550.0 3850.0 1.00286
4650.0 3850.0 0.97427
4750.0 3850.0 0.89851
4850.0 3850.0 0.76807
4950.0 3850.0 0.59718
5050.0 3850.0 0.41356
5150.0 3850.0 0.24922
5250.0 3850.0 0.13032
5350.0 3850.0 0.06605
5450.0 3850.0 0.03548
5550.0 3850.0 -0.08378
5650.0 3850.0 -0.40973
5750.0 3850.0 -0.88188
5850.0 3850.0 -1.35446
5950.0 3850.0 -1.68283
6050.0 3850.0 -1.77886
6150.0 3850.0 -1.63553
6250.0 3850.0 -1.32065
6350.0 3850.0 -0.93663
50.0 3950.0 1.21391
150.0 3950.0 1.23725
250.0 3950.0 1.26647
350.0 3950.0 1.23734
450.0 3950.0 1.07750
550.0 3950.0 0.75530
650.0 3950.0 0.29952
750.0 3950.0 -0.20978
850.0 3950.0 -0.67947
950.0 3950.0 -1.07049
1050.0 3950.0 -1.43426
1150.0 3950.0 -1.71889
1250.0 3950.0 -1.79482
1350.0 3950.0 -1.57094
1450.0 3950.0 -1.05323
1550.0 3950.0 -0.35575
1650.0 3950.0 0.33604
1750.0 3950.0 0.84965
1850.0 3950.0 1.15756
1950.0 3950.0 1.44623
2050.0 3950.0 1.77223
2150.0 3950.0 2.03269
2250.0 3950.0 2.10342
2350.0 3950.0 1.92078
2450.0 3950.0 1.51669
2550.0 3950.0 1.00677
2650.0 3950.0 0.53154
2750.0 3950.0 0.15092
2850.0 3950.0 -0.20995
2950.0 3950.0 -0.52923
3050.0 3950.0 -0.71088
3150.0 3950.0 -0.68032
3250.0 3950.0 -0.43270
3350.0 3950.0 -0.04413
3450.0 3950.0 0.35423
3550.0 3950.0 0.63920
3650.0 3950.0 0.79540
3750.0 3950.0 0.94067
3850.0 3950.0 1.10411
3950.0 3950.0 1.25764
4050.0 3950.0 1.36542
4150.0 3950.0 1.40671
4250.0 3950.0 1.38610
4350.0 3950.0 1.33112
4450.0 3950.0 1.27732
4550.0 3950.0 1.24052
4650.0 3950.0 1.16839
4750.0 3950.0 0.99196
4850.0 3950.0 0.71521
4950.0 3950.0 0.38915
5050.0 3950.0 0.08112
5150.0 3950.0 -0.14950
5250.0 3950.0 -0.26942
5350.0 3950.0 -0.28334
5450.0 3950.0 -0.24051
5550.0 3950.0 -0.29097
5650.0 3950.0 -0.57461
5750.0 3950.0 -1.04857
5850.0 3950.0 -1.57195
5950.0 3950.0 -1.98845
6050.0 3950.0 -2.18439
6150.0 3950.0 -2.12201
6250.0 3950.0 -1.84805
6350.0 3950.0 -1.47431
50.0 4050.0 1.38620
150.0 4050.0 1.29044
250.0 4050.0 1.21720
350.0 4050.0 1.12633
450.0 4050.0 0.96142
550.0 4050.0 0.68847
650.0 4050.0 0.31413
750.0 4050.0 -0.11658
850.0 4050.0 -0.54290
950.0 4050.0 -0.93151
1050.0 4050.0 -1.30335
1150.0 4050.0 -1.59987
1250.0 4050.0 -1.69272
1350.0 4050.0 -1.48990
1450.0 4050.0 -0.99513
1550.0 4050.0 -0.31956
1650.0 4050.0 0.35397
1750.0 4050.0 0.85429
1850.0 4050.0 1.15271
1950.0 4050.0 1.43426
2050.0 4050.0 1.75646
2150.0 4050.0 2.01096
2250.0 4050.0 2.06627
2350.0 4050.0 1.85444
2450.0 4050.0 1.40829
2550.0 4050.0 0.84918
2650.0 4050.0 0.32519
2750.0 4050.0 -0.10001
2850.0 4050.0 -0.51199
2950.0 4050.0 -0.89650
3050.0 4050.0 -1.13656
3150.0 4050.0 -1.12976
3250.0 4050.0 -0.85467
3350.0 4050.0 -0.39026
3450.0 4050.0 0.11141
3550.0 4050.0 0.49945
3650.0 4050.0 0.74486
3750.0 4050.0 0.97954
3850.0 4050.0 1.23144
3950.0 4050.0 1.45160
4050.0 4050.0 1.58445
4150.0 4050.0 1.60327
4250.0 4050.0 1.52461
4350.0 4050.0 1.40147
4450.0 4050.0 1.29556
4550.0 4050.0 1.22804
4650.0 4050.0 1.10583
4750.0 4050.0 0.82571
4850.0 4050.0 0.40939
4950.0 4050.0 -0.05114
5050.0 4050.0 -0.44933
5150.0 4050.0 -0.70395
5250.0 4050.0 -0.78325
5350.0 4050.0 -0.71328
5450.0 4050.0 -0.57138
5550.0 4050.0 -0.52230
5650.0 4050.0 -0.71925
5750.0 4050.0 -1.14099
5850.0 4050.0 -1.66100
5950.0 4050.0 -2.12087
6050.0 4050.0 -2.38720
6150.0 4050.0 -2.39200
6250.0 4050.0 -2.15651
6350.0 4050.0 -1.79534
50.0 4150.0 1.30809
150.0 4150.0 1.09125
250.0 4150.0 0.93817
350.0 4150.0 0.84084
450.0 4150.0 0.75284
550.0 4150.0 0.62276
650.0 4150.0 0.41618
750.0 4150.0 0.12633
850.0 4150.0 -0.22674
950.0 4150.0 -0.60834
1050.0 4150.0 -0.99394
1150.0 4150.0 -1.33000
1250.0 4150.0 -1.49470
1350.0 4150.0 -1.38851
1450.0 4150.0 -0.99909
1550.0 4150.0 -0.41885
1650.0 4150.0 0.18507
1750.0 4150.0 0.64811
1850.0 4150.0 0.93304
1950.0 4150.0 1.21034
2050.0 4150.0 1.54431
2150.0 4150.0 1.82336
2250.0 4150.0 1.90431
2350.0 4150.0 1.70689
2450.0 4150.0 1.25612
2550.0 4150.0 0.67233
2650.0 4150.0 0.10897
2750.0 4150.0 -0.36180
2850.0 4150.0 -0.83030
2950.0 4150.0 -1.29441
3050.0 4150.0 -1.61634
3150.0 4150.0 -1.66159
3250.0 4150.0 -1.38613
3350.0 4150.0 -0.86643
3450.0 4150.0 -0.27227
3550.0 4150.0 0.21759
3650.0 4150.0 0.55663
3750.0 4150.0 0.88411
3850.0 4150.0 1.22170
3950.0 4150.0 1.49750
4050.0 4150.0 1.63707
4150.0 4150.0 1.61108
4250.0 4150.0 1.45276
4350.0 4150.0 1.24531
4450.0 4150.0 1.07909
4550.0 4150.0 0.97854
4650.0 4150.0 0.81057
4750.0 4150.0 0.44912
4850.0 4150.0 -0.06301
4950.0 4150.0 -0.59781
5050.0 4150.0 -1.01994
5150.0 4150.0 -1.23887
5250.0 4150.0 -1.23496
5350.0 4150.0 -1.05977
5450.0 4150.0 -0.81127
5550.0 4150.0 -0.65092
5650.0 4150.0 -0.73471
5750.0 4150.0 -1.06300
5850.0 4150.0 -1.53010
5950.0 4150.0 -1.98465
6050.0 4150.0 -2.28224
6150.0 4150.0 -2.33018
6250.0 4150.0 -2.12445
6350.0 4150.0 -1.77586
50.0 4250.0 1.01036
150.0 4250.0 0.69284
250.0 4250.0 0.49218
350.0 4250.0 0.43304
450.0 4250.0 0.47251
550.0 4250.0 0.53302
650.0 4250.0 0.53169
750.0 4250.0 0.40614
850.0 4250.0 0.13656
950.0 4250.0 -0.23570
1050.0 4250.0 -0.63648
1150.0 4250.0 -1.02378
1250.0 4250.0 -1.28476
1350.0 4250.0 -1.30917
1450.0 4250.0 -1.06220
1550.0 4250.0 -0.61005
1650.0 4250.0 -0.09814
1750.0 4250.0 0.31799
1850.0 4250.0 0.58910
1950.0 4250.0 0.86600
2050.0 4250.0 1.22576
2150.0 4250.0 1.55655
2250.0 4250.0 1.70115
2350.0 4250.0 1.56105
2450.0 4250.0 1.14581
2550.0 4250.0 0.56789
2650.0 4250.0 -0.01728
2750.0 4250.0 -0.52574
2850.0 4250.0 -1.04544
2950.0 4250.0 -1.58906
3050.0 4250.0 -2.00232
3150.0 4250.0 -2.12023
3250.0 4250.0 -1.87415
3350.0 4250.0 -1.33262
3450.0 4250.0 -0.67618
3550.0 4250.0 -0.10607
3650.0 4250.0 0.31282
3750.0 4250.0 0.71870
3850.0 4250.0 1.12326
3950.0 4250.0 1.43406
4050.0 4250.0 1.56219
4150.0 4250.0 1.47925
4250.0 4250.0 1.23644
4350.0 4250.0 0.94571
4450.0 4250.0 0.72302
4550.0 4250.0 0.59355
4650.0 4250.0 0.39319
4750.0 4250.0 -0.01076
4850.0 4250.0 -0.55507
4950.0 4250.0 -1.08778
5050.0 4250.0 -1.46115
5150.0 4250.0 -1.58999
5250.0 4250.0 -1.47534
5350.0 4250.0 -1.19348
5450.0 4250.0 -0.85144
5550.0 4250.0 -0.59111
5650.0 4250.0 -0.56267
5750.0 4250.0 -0.78427
5850.0 4250.0 -1.17199
5950.0 4250.0 -1.58690
6050.0 4250.0 -1.88185
6150.0 4250.0 -1.94785
6250.0 4250.0 -1.76027
6350.0 4250.0 -1.42206
50.0 4350.0 0.60580
150.0 4350.0 0.22369
250.0 4350.0 0.00584
350.0 4350.0 0.00209
450.0 4350.0 0.16835
550.0 4350.0 0.40202
650.0 4350.0 0.57898
750.0 4350.0 0.59226
850.0 4350.0 0.39224
950.0 4350.0 0.02848
1050.0 4350.0 -0.38396
1150.0 4350.0 -0.81337
1250.0 4350.0 -1.15442
1350.0 4350.0 -1.28777
1450.0 4350.0 -1.15962
1550.0 4350.0 -0.81411
1650.0 4350.0 -0.37835
1750.0 4350.0 -0.00031
1850.0 4350.0 0.26056
1950.0 4350.0 0.54050
2050.0 4350.0 0.93331
2150.0 4350.0 1.32955
2250.0 4350.0 1.55870
2350.0 4350.0 1.50229
2450.0 4350.0 1.15079
2550.0 4350.0 0.60430
2650.0 4350.0 0.01691
2750.0 4350.0 -0.51506
2850.0 4350.0 -1.07147
2950.0 4350.0 -1.67958
3050.0 4350.0 -2.17557
3150.0 4350.0 -2.37123
3250.0 4350.0 -2.17605
3350.0 4350.0 -1.64725
3450.0 4350.0 -0.96774
3550.0 4350.0 -0.35213
3650.0 4350.0 0.11907
3750.0 4350.0 0.57579
3850.0 4350.0 1.01893
3950.0 4350.0 1.34170
4050.0 4350.0 1.44709
4150.0 4350.0 1.31016
4250.0 4350.0 0.99716
4350.0 4350.0 0.64165
4450.0 4350.0 0.37741
4550.0 4350.0 0.22828
4650.0 4350.0 0.01335
4750.0 4350.0 -0.39150
4850.0 4350.0 -0.90714
4950.0 4350.0 -1.37278
5050.0 4350.0 -1.64469
5150.0 4350.0 -1.65457
5250.0 4350.0 -1.42734
5350.0 4350.0 -1.05858
5450.0 4350.0 -0.65258
5550.0 4350.0 -0.32328
5650.0 4350.0 -0.21166
5750.0 4350.0 -0.34723
5850.0 4350.0 -0.66276
5950.0 4350.0 -1.03125
6050.0 4350.0 -1.30755
6150.0 4350.0 -1.37470
6250.0 4350.0 -1.19493
6350.0 4350.0 -0.86341
50.0 4450.0 0.22943
150.0 4450.0 -0.17821
250.0 4450.0 -0.39398
350.0 4450.0 -0.35529
450.0 4450.0 -0.10895
550.0 4450.0 0.22703
650.0 4450.0 0.50548
750.0 4450.0 0.59589
850.0 4450.0 0.43401
950.0 4450.0 0.07527
1050.0 4450.0 -0.34193
1150.0 4450.0 -0.78831
1250.0 4450.0 -1.16156
1350.0 4450.0 -1.33869
1450.0 4450.0 -1.25831
1550.0 4450.0 -0.95568
1650.0 4450.0 -0.55056
1750.0 4450.0 -0.18792
1850.0 4450.0 0.06874
1950.0 4450.0 0.35373
2050.0 4450.0 0.77848
2150.0 4450.0 1.23749
2250.0 4450.0 1.55011
2350.0 4450.0 1.58066
2450.0 4450.0 1.30155
2550.0 4450.0 0.79959
2650.0 4450.0 0.22529
2750.0 4450.0 -0.31469
2850.0 4450.0 -0.88959
2950.0 4450.0 -1.53830
3050.0 4450.0 -2.09481
3150.0 4450.0 -2.35769
3250.0 4450.0 -2.22085
3350.0 4450.0 -1.72958
3450.0 4450.0 -1.06215
3550.0 4450.0 -0.43685
3650.0 4450.0 0.05521
3750.0 4450.0 0.53191
3850.0 4450.0 0.98533
3950.0 4450.0 1.30201
4050.0 4450.0 1.38309
4150.0 4450.0 1.20780
4250.0 4450.0 0.85178
4350.0 4450.0 0.46000
4450.0 4450.0 0.17449
4550.0 4450.0 0.01674
4650.0 4450.0 -0.19646
4750.0 4450.0 -0.57100
4850.0 4450.0 -1.01856
4950.0 4450.0 -1.38259
5050.0 4450.0 -1.53481
5150.0 4450.0 -1.42886
5250.0 4450.0 -1.11104
5350.0 4450.0 -0.68810
5450.0 4450.0 -0.25349
5550.0 4450.0 0.10560
5650.0 4450.0 0.25503
5750.0 4450.0 0.16065
5850.0 4450.0 -0.11807
5950.0 4450.0 -0.46033
6050.0 4450.0 -0.72313
6150.0 4450.0 -0.78710
6250.0 4450.0 -0.60919
6350.0 4450.0 -0.28046
50.0 4550.0 -0.06656
150.0 4550.0 -0.47542
250.0 4550.0 -0.68303
350.0 4550.0 -0.62359
450.0 4550.0 -0.34610
550.0 4550.0 0.02571
650.0 4550.0 0.33741
750.0 4550.0 0.45195
850.0 4550.0 0.30176
950.0 4550.0 -0.05507
1050.0 4550.0 -0.47130
1150.0 4550.0 -0.91247
1250.0 4550.0 -1.27528
1350.0 4550.0 -1.43806
1450.0 4550.0 -1.34209
1550.0 4550.0 -1.02566
1650.0 4550.0 -0.61103
1750.0 4550.0 -0.24412
1850.0 4550.0 0.01299
1950.0 4550.0 0.30354
2050.0 4550.0 0.75567
2150.0 4550.0 1.26819
2250.0 4550.0 1.65339
2350.0 4550.0 1.76204
2450.0 4550.0 1.55130
2550.0 4550.0 1.09582
2650.0 4550.0 0.54168
2750.0 4550.0 0.00346
2850.0 4550.0 -0.57738
2950.0 4550.0 -1.24844
3050.0 4550.0 -1.84590
3150.0 4550.0 -2.16237
3250.0 4550.0 -2.08147
3350.0 4550.0 -1.63761
3450.0 4550.0 -1.00093
3550.0 4550.0 -0.38743
3650.0 4550.0 0.10524
3750.0 4550.0 0.58221
3850.0 4550.0 1.02924
3950.0 4550.0 1.33137
4050.0 4550.0 1.39146
4150.0 4550.0 1.19265
4250.0 4550.0 0.81532
4350.0 4550.0 0.40855
4450.0 4550.0 0.11611
4550.0 4550.0 -0.04292
4650.0 4550.0 -0.24552
4750.0 4550.0 -0.57631
4850.0 4550.0 -0.94273
4950.0 4550.0 -1.19915
5050.0 4550.0 -1.23708
5150.0 4550.0 -1.03207
5250.0 4550.0 -0.64760
5350.0 4550.0 -0.19568
5450.0 4550.0 0.24423
5550.0 4550.0 0.60641
5650.0 4550.0 0.75945
5750.0 4550.0 0.66868
5850.0 4550.0 0.39285
5950.0 4550.0 0.05226
6050.0 4550.0 -0.21007
6150.0 4550.0 -0.27436
6250.0 4550.0 -0.09694
6350.0 4550.0 0.23131
50.0 4650.0 -0.27188
150.0 4650.0 -0.66437
250.0 4650.0 -0.85710
350.0 4650.0 -0.78454
450.0 4650.0 -0.49498
550.0 4650.0 -0.11113
650.0 4650.0 0.21361
750.0 4650.0 0.34287
850.0 4650.0 0.20919
950.0 4650.0 -0.12993
1050.0 4650.0 -0.52905
1150.0 4650.0 -0.95774
1250.0 4650.0 -1.31636
1350.0 4650.0 -1.48451
1450.0 4650.0 -1.40157
1550.0 4650.0 -1.10119
1650.0 4650.0 -0.69967
1750.0 4650.0 -0.33828
1850.0 4650.0 -0.07938
1950.0 4650.0 0.21898
2050.0 4650.0 0.69724
2150.0 4650.0 1.25987
2250.0 4650.0 1.71535
2350.0 4650.0 1.90379
2450.0 4650.0 1.76851
2550.0 4650.0 1.37137
2650.0 4650.0 0.85200
2750.0 4650.0 0.33075
2850.0 4650.0 -0.23807
2950.0 4650.0 -0.90661
3050.0 4650.0 -1.51706
3150.0 4650.0 -1.86332
3250.0 4650.0 -1.82471
3350.0 4650.0 -1.42677
3450.0 4650.0 -0.82911
3550.0 4650.0 -0.24026
3650.0 4650.0 0.24006
3750.0 4650.0 0.70134
3850.0 4650.0 1.11769
3950.0 4650.0 1.37528
4050.0 4650.0 1.38513
4150.0 4650.0 1.14045
4250.0 4650.0 0.72988
4350.0 4650.0 0.30640
4450.0 4650.0 0.01219
4550.0 4650.0 -0.14057
4650.0 4650.0 -0.32385
4750.0 4650.0 -0.60038
4850.0 4650.0 -0.87511
4950.0 4650.0 -1.01594
5050.0 4650.0 -0.93581
5150.0 4650.0 -0.63229
5250.0 4650.0 -0.18452
5350.0 4650.0 0.29247
5450.0 4650.0 0.73435
5550.0 4650.0 1.09513
5650.0 4650.0 1.24358
5750.0 4650.0 1.14390
5850.0 4650.0 0.85515
5950.0 4650.0 0.49931
6050.0 4650.0 0.22191
6150.0 4650.0 0.14528
6250.0 4650.0 0.31448
6350.0 4650.0 0.63734
50.0 4750.0 -0.26746
150.0 4750.0 -0.60059
250.0 4750.0 -0.76079
350.0 4750.0 -0.68924
450.0 4750.0 -0.42559
550.0 4750.0 -0.07515
650.0 4750.0 0.22822
750.0 4750.0 0.36384
850.0 4750.0 0.27037
950.0 4750.0 -0.00361
1050.0 4750.0 -0.33964
1150.0 4750.0 -0.73860
1250.0 4750.0 -1.11889
1350.0 4750.0 -1.36035
1450.0 4750.0 -1.38542
1550.0 4750.0 -1.19850
1650.0 4750.0 -0.88359
1750.0 4750.0 -0.56004
1850.0 4750.0 -0.29661
1950.0 4750.0 0.01501
2050.0 4750.0 0.51266
2150.0 4750.0 1.10959
2250.0 4750.0 1.61998
2350.0 4750.0 1.88289
2450.0 4750.0 1.83337
2550.0 4750.0 1.52053
2650.0 4750.0 1.07259
2750.0 4750.0 0.60896
2850.0 4750.0 0.09987
2950.0 4750.0 -0.50159
3050.0 4750.0 -1.05360
3150.0 4750.0 -1.36954
3250.0 4750.0 -1.33911
3350.0 4750.0 -0.98365
3450.0 4750.0 -0.44568
3550.0 4750.0 0.08728
3650.0 4750.0 0.52431
3750.0 4750.0 0.93178
3850.0 4750.0 1.25948
3950.0 4750.0 1.40119
4050.0 4750.0 1.29174
4150.0 4750.0 0.94945
4250.0 4750.0 0.47938
4350.0 4750.0 0.03757
4450.0 4750.0 -0.24389
4550.0 4750.0 -0.37034
4650.0 4750.0 -0.51352
4750.0 4750.0 -0.71593
4850.0 4750.0 -0.88421
4950.0 4750.0 -0.90315
5050.0 4750.0 -0.70778
5150.0 4750.0 -0.31481
5250.0 4750.0 0.18616
5350.0 4750.0 0.68204
5450.0 4750.0 1.12414
5550.0 4750.0 1.48118
5650.0 4750.0 1.61811
5750.0 4750.0 1.49502
5850.0 4750.0 1.17061
5950.0 4750.0 0.77056
6050.0 4750.0 0.44729
6150.0 4750.0 0.33089
6250.0 4750.0 0.47130
6350.0 4750.0 0.77370
50.0 4850.0 -0.05797
150.0 4850.0 -0.28438
250.0 4850.0 -0.39438
350.0 4850.0 -0.34358
450.0 4850.0 -0.15353
550.0 4850.0 0.10689
650.0 4850.0 0.34516
750.0 4850.0 0.47397
850.0 4850.0 0.44513
950.0 4850.0 0.28865
1050.0 4850.0 0.06845
1150.0 4850.0 -0.27266
1250.0 4850.0 -0.68530
1350.0 4850.0 -1.05065
1450.0 4850.0 -1.26202
1550.0 4850.0 -1.27257
1650.0 4850.0 -1.10901
1750.0 4850.0 -0.85147
1850.0 4850.0 -0.57931
1950.0 4850.0 -0.25046
2050.0 4850.0 0.24921
2150.0 4850.0 0.84357
2250.0 4850.0 1.36552
2350.0 4850.0 1.66859
2450.0 4850.0 1.69128
2550.0 4850.0 1.47434
2650.0 4850.0 1.13079
2750.0 4850.0 0.76885
2850.0 4850.0 0.37189
2950.0 4850.0 -0.09331
3050.0 4850.0 -0.51224
3150.0 4850.0 -0.73741
3250.0 4850.0 -0.68401
3350.0 4850.0 -0.37301
3450.0 4850.0 0.07840
3550.0 4850.0 0.51906
3650.0 4850.0 0.87830
3750.0 4850.0 1.19299
3850.0 4850.0 1.38156
3950.0 4850.0 1.35400
4050.0 4850.0 1.08286
4150.0 4850.0 0.62177
4250.0 4850.0 0.09435
4350.0 4850.0 -0.34676
4450.0 4850.0 -0.59054
4550.0 4850.0 -0.66753
4650.0 4850.0 -0.75110
4750.0 4850.0 -0.87128
4850.0 4850.0 -0.94201
4950.0 4850.0 -0.86528
5050.0 4850.0 -0.59258
5150.0 4850.0 -0.14996
5250.0 4850.0 0.37346
5350.0 4850.0 0.87342
5450.0 4850.0 1.31305
5550.0 4850.0 1.66575
5650.0 4850.0 1.79078
5750.0 4850.0 1.64132
5850.0 4850.0 1.27296
5950.0 4850.0 0.81419
6050.0 4850.0 0.42578
6150.0 4850.0 0.24880
6250.0 4850.0 0.34139
6350.0 4850.0 0.60688
50.0 4950.0 0.25731
150.0 4950.0 0.16965
250.0 4950.0 0.11950
350.0 4950.0 0.13098
450.0 4950.0 0.20765
550.0 4950.0 0.33147
650.0 4950.0 0.46770
750.0 4950.0 0.57573
850.0 4950.0 0.62594
950.0 4950.0 0.62245
1050.0 4950.0 0.55645
1150.0 4950.0 0.30383
1250.0 4950.0 -0.12578
1350.0 4950.0 -0.61843
1450.0 4950.0 -1.03569
1550.0 4950.0 -1.27095
1650.0 4950.0 -1.28199
1750.0 4950.0 -1.09998
1850.0 4950.0 -0.81476
1950.0 4950.0 -0.46858
2050.0 4950.0 0.00873
2150.0 4950.0 0.55085
2250.0 4950.0 1.02151
2350.0 4950.0 1.30540
2450.0 4950.0 1.35945
2550.0 4950.0 1.22469
2650.0 4950.0 0.99844
2750.0 4950.0 0.76709
2850.0 4950.0 0.51749
2950.0 4950.0 0.23293
3050.0 4950.0 -0.00762
3150.0 4950.0 -0.10841
3250.0 4950.0 -0.01908
3350.0 4950.0 0.23874
3450.0 4950.0 0.58019
3550.0 4950.0 0.90146
3650.0 4950.0 1.15899
3750.0 4950.0 1.35839
3850.0 4950.0 1.39062
3950.0 4950.0 1.18973
4050.0 4950.0 0.77093
4150.0 4950.0 0.22221
4250.0 4950.0 -0.32167
4350.0 4950.0 -0.72270
4450.0 4950.0 -0.90065
4550.0 4950.0 -0.91115
4650.0 4950.0 -0.92621
4750.0 4950.0 -0.97608
4850.0 4950.0 -0.98732
4950.0 4950.0 -0.87471
5050.0 4950.0 -0.59460
5150.0 4950.0 -0.16710
5250.0 4950.0 0.33306
5350.0 4950.0 0.81691
5450.0 4950.0 1.25131
5550.0 4950.0 1.60178
5650.0 4950.0 1.72389
5750.0 4950.0 1.56254
5850.0 4950.0 1.16592
5950.0 4950.0 0.66070
6050.0 4950.0 0.21271
6150.0 4950.0 -0.02697
6250.0 4950.0 0.00951
6350.0 4950.0 0.22716
50.0 5050.0 0.54393
150.0 5050.0 0.60106
250.0 5050.0 0.60919
350.0 5050.0 0.57014
450.0 5050.0 0.51489
550.0 5050.0 0.48111
650.0 5050.0 0.49743
750.0 5050.0 0.57459
850.0 5050.0 0.70344
950.0 5050.0 0.85979
1050.0 5050.0 0.95918
1150.0 5050.0 0.81793
1250.0 5050.0 0.40759
1350.0 5050.0 -0.16755
1450.0 5050.0 -0.74512
1550.0 5050.0 -1.16660
1650.0 5050.0 -1.32629
1750.0 5050.0 -1.20759
1850.0 5050.0 -0.90632
1950.0 5050.0 -0.54656
2050.0 5050.0 -0.11485
2150.0 5050.0 0.32920
2250.0 5050.0 0.68725
2350.0 5050.0 0.88749
2450.0 5050.0 0.91850
2550.0 5050.0 0.83152
2650.0 5050.0 0.71113
2750.0 5050.0 0.61449
2850.0 5050.0 0.51860
2950.0 5050.0 0.41945
3050.0 5050.0 0.35821
3150.0 5050.0 0.37734
3250.0 5050.0 0.49306
3350.0 5050.0 0.68522
3450.0 5050.0 0.90462
3550.0 5050.0 1.09768
3650.0 5050.0 1.24817
3750.0 5050.0 1.33369
3850.0 5050.0 1.23138
3950.0 5050.0 0.90361
4050.0 5050.0 0.40283
4150.0 5050.0 -0.16054
4250.0 5050.0 -0.65499
4350.0 5050.0 -0.96946
4450.0 5050.0 -1.05960
4550.0 5050.0 -0.99838
4650.0 5050.0 -0.94960
4750.0 5050.0 -0.95710
4850.0 5050.0 -0.96325
4950.0 5050.0 -0.88809
5050.0 5050.0 -0.67900
5150.0 5050.0 -0.33466
5250.0 5050.0 0.09686
5350.0 5050.0 0.54583
5450.0 5050.0 0.97307
5550.0 5050.0 1.32539
5650.0 5050.0 1.45990
5750.0 5050.0 1.31371
5850.0 5050.0 0.92321
5950.0 5050.0 0.40643
6050.0 5050.0 -0.07266
6150.0 5050.0 -0.35783
6250.0 5050.0 -0.37223
6350.0 5050.0 -0.20420
50.0 5150.0 0.68064
150.0 5150.0 0.86079
250.0 5150.0 0.91522
350.0 5150.0 0.82585
450.0 5150.0 0.64795
550.0 5150.0 0.46857
650.0 5150.0 0.37260
750.0 5150.0 0.41641
850.0 5150.0 0.60911
950.0 5150.0 0.90141
1050.0 5150.0 1.14648
1150.0 5150.0 1.12327
1250.0 5150.0 0.77530
1350.0 5150.0 0.19298
1450.0 5150.0 -0.45249
1550.0 5150.0 -0.97159
1650.0 5150.0 -1.21543
1750.0 5150.0 -1.13106
1850.0 5150.0 -0.81314
1950.0 5150.0 -0.44598
2050.0 5150.0 -0.07325
2150.0 5150.0 0.24794
2250.0 5150.0 0.45660
2350.0 5150.0 0.52792
2450.0 5150.0 0.48863
2550.0 5150.0 0.40767
2650.0 5150.0 0.36208
2750.0 5150.0 0.37838
2850.0 5150.0 0.41177
2950.0 5150.0 0.46213
3050.0 5150.0 0.53716
3150.0 5150.0 0.63609
3250.0 5150.0 0.75014
3350.0 5150.0 0.86514
3450.0 5150.0 0.96602
3550.0 5150.0 1.04339
3650.0 5150.0 1.10177
3750.0 5150.0 1.09778
3850.0 5150.0 0.91279
3950.0 5150.0 0.53679
4050.0 5150.0 0.04573
4150.0 5150.0 -0.44569
4250.0 5150.0 -0.82505
4350.0 5150.0 -1.01698
4450.0 5150.0 -1.01166
4550.0 5150.0 -0.88704
4650.0 5150.0 -0.79066
4750.0 5150.0 -0.78895
4850.0 5150.0 -0.84001
4950.0 5150.0 -0.86134
5050.0 5150.0 -0.78060
5150.0 5150.0 -0.56509
5250.0 5150.0 -0.23017
5350.0 5150.0 0.17353
5450.0 5150.0 0.59325
5550.0 5150.0 0.95195
5650.0 5150.0 1.11464
5750.0 5150.0 1.01282
5850.0 5150.0 0.66824
5950.0 5150.0 0.18388
6050.0 5150.0 -0.28605
6150.0 5150.0 -0.58693
6250.0 5150.0 -0.63571
6350.0 5150.0 -0.50942
50.0 5250.0 0.59648
150.0 5250.0 0.85701
250.0 5250.0 0.93930
350.0 5250.0 0.81162
450.0 5250.0 0.54581
550.0 5250.0 0.26269
650.0 5250.0 0.08568
750.0 5250.0 0.10244
850.0 5250.0 0.33466
950.0 5250.0 0.71591
1050.0 5250.0 1.06209
1150.0 5250.0 1.14435
1250.0 5250.0 0.89322
1350.0 5250.0 0.38312
1450.0 5250.0 -0.22301
1550.0 5250.0 -0.73158
1650.0 5250.0 -0.97866
1750.0 5250.0 -0.89284
1850.0 5250.0 -0.56042
1950.0 5250.0 -0.19225
2050.0 5250.0 0.12325
2150.0 5250.0 0.32761
2250.0 5250.0 0.38904
2350.0 5250.0 0.32263
2450.0 5250.0 0.19045
2550.0 5250.0 0.08135
2650.0 5250.0 0.07054
2750.0 5250.0 0.15911
2850.0 5250.0 0.27437
2950.0 5250.0 0.40926
3050.0 5250.0 0.54770
3150.0 5250.0 0.66395
3250.0 5250.0 0.73935
3350.0 5250.0 0.77090
3450.0 5250.0 0.77172
3550.0 5250.0 0.76344
3650.0 5250.0 0.76015
3750.0 5250.0 0.70595
3850.0 5250.0 0.50241
3950.0 5250.0 0.16144
4050.0 5250.0 -0.23476
4150.0 5250.0 -0.58515
4250.0 5250.0 -0.80799
4350.0 5250.0 -0.86542
4450.0 5250.0 -0.77464
4550.0 5250.0 -0.60596
4650.0 5250.0 -0.48428
4750.0 5250.0 -0.49984
4850.0 5250.0 -0.62295
4950.0 5250.0 -0.76344
5050.0 5250.0 -0.82552
5150.0 5250.0 -0.74462
5250.0 5250.0 -0.50600
5350.0 5250.0 -0.14540
5450.0 5250.0 0.26817
5550.0 5250.0 0.63654
5650.0 5250.0 0.83789
5750.0 5250.0 0.80126
5850.0 5250.0 0.53348
5950.0 5250.0 0.11886
6050.0 5250.0 -0.30409
6150.0 5250.0 -0.58882
6250.0 5250.0 -0.64978
6350.0 5250.0 -0.55023
50.0 5350.0 0.29673
150.0 5350.0 0.58964
250.0 5350.0 0.68135
350.0 5350.0 0.53413
450.0 5350.0 0.22701
550.0 5350.0 -0.10442
650.0 5350.0 -0.31987
750.0 5350.0 -0.31797
850.0 5350.0 -0.07149
950.0 5350.0 0.34567
1050.0 5350.0 0.74011
1150.0 5350.0 0.90205
1250.0 5350.0 0.76387
1350.0 5350.0 0.38446
1450.0 5350.0 -0.09514
1550.0 5350.0 -0.50110
1650.0 5350.0 -0.68097
1750.0 5350.0 -0.56296
1850.0 5350.0 -0.21993
1950.0 5350.0 0.14462
2050.0 5350.0 0.41754
2150.0 5350.0 0.53669
2250.0 5350.0 0.48696
2350.0 5350.0 0.30916
2450.0 5350.0 0.09044
2550.0 5350.0 -0.06360
2650.0 5350.0 -0.07525
2750.0 5350.0 0.04071
2850.0 5350.0 0.18467
2950.0 5350.0 0.33340
3050.0 5350.0 0.45838
3150.0 5350.0 0.52896
3250.0 5350.0 0.53222
3350.0 5350.0 0.48061
3450.0 5350.0 0.40740
3550.0 5350.0 0.34977
3650.0 5350.0 0.31968
3750.0 5350.0 0.25566
3850.0 5350.0 0.08872
3950.0 5350.0 -0.15563
4050.0 5350.0 -0.40398
4150.0 5350.0 -0.58124
4250.0 5350.0 -0.64051
4350.0 5350.0 -0.57655
4450.0 5350.0 -0.42294
4550.0 5350.0 -0.23334
4650.0 5350.0 -0.10715
4750.0 5350.0 -0.15228
4850.0 5350.0 -0.34588
4950.0 5350.0 -0.58880
5050.0 5350.0 -0.76561
5150.0 5350.0 -0.78782
5250.0 5350.0 -0.62015
5350.0 5350.0 -0.29003
5450.0 5350.0 0.11990
5550.0 5350.0 0.49913
5650.0 5350.0 0.74169
5750.0 5350.0 0.77710
5850.0 5350.0 0.59949
5950.0 5350.0 0.27449
6050.0 5350.0 -0.07760
6150.0 5350.0 -0.32229
6250.0 5350.0 -0.37505
6350.0 5350.0 -0.28552
50.0 5450.0 -0.12174
150.0 5450.0 0.17373
250.0 5450.0 0.26427
350.0 5450.0 0.11116
450.0 5450.0 -0.20547
550.0 5450.0 -0.54765
650.0 5450.0 -0.77236
750.0 5450.0 -0.77592
850.0 5450.0 -0.53014
950.0 5450.0 -0.11013
1050.0 5450.0 0.29860
1150.0 5450.0 0.51942
1250.0 5450.0 0.49500
1350.0 5450.0 0.27013
1450.0 5450.0 -0.04228
1550.0 5450.0 -0.30032
1650.0 5450.0 -0.37745
1750.0 5450.0 -0.21188
1850.0 5450.0 0.13878
1950.0 5450.0 0.49792
2050.0 5450.0 0.74242
2150.0 5450.0 0.80579
2250.0 5450.0 0.68060
2350.0 5450.0 0.42202
2450.0 5450.0 0.13318
2550.0 5450.0 -0.06774
2650.0 5450.0 -0.09867
2750.0 5450.0 0.01716
2850.0 5450.0 0.15687
2950.0 5450.0 0.27644
3050.0 5450.0 0.34219
3150.0 5450.0 0.33072
3250.0 5450.0 0.24408
3350.0 5450.0 0.11224
3450.0 5450.0 -0.01695
3550.0 5450.0 -0.10049
3650.0 5450.0 -0.13558
3750.0 5450.0 -0.18592
3850.0 5450.0 -0.28874
3950.0 5450.0 -0.41087
4050.0 5450.0 -0.49536
4150.0 5450.0 -0.49752
4250.0 5450.0 -0.40445
4350.0 5450.0 -0.23778
4450.0 5450.0 -0.03994
4550.0 5450.0 0.15556
4650.0 5450.0 0.27505
4750.0 5450.0 0.19977
4850.0 5450.0 -0.05029
4950.0 5450.0 -0.36809
5050.0 5450.0 -0.62419
5150.0 5450.0 -0.71464
5250.0 5450.0 -0.59222
5350.0 5450.0 -0.28081
5450.0 5450.0 0.12717
5550.0 5450.0 0.51672
5650.0 5450.0 0.79801
5750.0 5450.0 0.90276
5850.0 5450.0 0.81479
5950.0 5450.0 0.58270
6050.0 5450.0 0.30877
6150.0 5450.0 0.11419
6250.0 5450.0 0.08048
6350.0 5450.0 0.17034
50.0 5550.0 -0.44630
150.0 5550.0 -0.16479
250.0 5550.0 -0.08304
350.0 5550.0 -0.23937
450.0 5550.0 -0.55623
550.0 5550.0 -0.89937
650.0 5550.0 -1.12908
750.0 5550.0 -1.14360
850.0 5550.0 -0.91467
950.0 5550.0 -0.51517
1050.0 5550.0 -0.11744
1150.0 5550.0 0.13670
1250.0 5550.0 0.20466
1350.0 5550.0 0.12190
1450.0 5550.0 -0.02478
1550.0 5550.0 -0.12760
1650.0 5550.0 -0.09136
1750.0 5550.0 0.12947
1850.0 5550.0 0.49027
1950.0 5550.0 0.84790
2050.0 5550.0 1.07640
2150.0 5550.0 1.10369
2250.0 5550.0 0.92425
2350.0 5550.0 0.60127
2450.0 5550.0 0.24943
2550.0 5550.0 -0.00165
2650.0 5550.0 -0.06327
2750.0 5550.0 0.03718
2850.0 5550.0 0.15462
2950.0 5550.0 0.22089
3050.0 5550.0 0.20003
3150.0 5550.0 0.08186
3250.0 5550.0 -0.11156
3350.0 5550.0 -0.33063
3450.0 5550.0 -0.51444
3550.0 5550.0 -0.61819
3650.0 5550.0 -0.65193
3750.0 5550.0 -0.68070
3850.0 5550.0 -0.70850
3950.0 5550.0 -0.69801
4050.0 5550.0 -0.61356
4150.0 5550.0 -0.44399
4250.0 5550.0 -0.21020
4350.0 5550.0 0.04245
4450.0 5550.0 0.26717
4550.0 5550.0 0.45299
4650.0 5550.0 0.55783
4750.0 5550.0 0.46556
4850.0 5550.0 0.19513
4950.0 5550.0 -0.14632
5050.0 5550.0 -0.42816
5150.0 5550.0 -0.54449
5250.0 5550.0 -0.44601
5350.0 5550.0 -0.15536
5450.0 5550.0 0.23431
5550.0 5550.0 0.61215
5650.0 5550.0 0.90174
5750.0 5550.0 1.04134
5850.0 5550.0 1.01213
5950.0 5550.0 0.85209
6050.0 5550.0 0.64802
6150.0 5550.0 0.50584
6250.0 5550.0 0.49912
6350.0 5550.0 0.59828
50.0 5650.0 -0.49438
150.0 5650.0 -0.26276
250.0 5650.0 -0.20554
350.0 5650.0 -0.35765
450.0 5650.0 -0.65299
550.0 5650.0 -0.97498
650.0 5650.0 -1.20091
750.0 5650.0 -1.24005
850.0 5650.0 -1.06560
950.0 5650.0 -0.74034
1050.0 5650.0 -0.41322
1150.0 5650.0 -0.19281
1250.0 5650.0 -0.09802
1350.0 5650.0 -0.08914
1450.0 5650.0 -0.09665
1550.0 5650.0 -0.04700
1650.0 5650.0 0.11454
1750.0 5650.0 0.40405
1850.0 5650.0 0.78212
1950.0 5650.0 1.14953
2050.0 5650.0 1.39249
2150.0 5650.0 1.43026
2250.0 5650.0 1.24604
2350.0 5650.0 0.89656
2450.0 5650.0 0.49828
2550.0 5650.0 0.19011
2650.0 5650.0 0.07268
2750.0 5650.0 0.12432
2850.0 5650.0 0.18188
2950.0 5650.0 0.15004
3050.0 5650.0 -0.00250
3150.0 5650.0 -0.26230
3250.0 5650.0 -0.58006
3350.0 5650.0 -0.88605
3450.0 5650.0 -1.11233
3550.0 5650.0 -1.22153
3650.0 5650.0 -1.24219
3750.0 5650.0 -1.23620
3850.0 5650.0 -1.17332
3950.0 5650.0 -1.02059
4050.0 5650.0 -0.77301
4150.0 5650.0 -0.45721
4250.0 5650.0 -0.12477
4350.0 5650.0 0.16466
4450.0 5650.0 0.37058
4550.0 5650.0 0.50828
4650.0 5650.0 0.57860
4750.0 5650.0 0.49916
4850.0 5650.0 0.29129
4950.0 5650.0 0.04293
5050.0 5650.0 -0.14464
5150.0 5650.0 -0.19480
5250.0 5650.0 -0.07833
5350.0 5650.0 0.17918
5450.0 5650.0 0.50527
5550.0 5650.0 0.81255
5650.0 5650.0 1.03139
5750.0 5650.0 1.11808
5850.0 5650.0 1.07061
5950.0 5650.0 0.93197
6050.0 5650.0 0.77894
6150.0 5650.0 0.69629
6250.0 5650.0 0.73649
6350.0 5650.0 0.86652
50.0 5750.0 -0.26162
150.0 5750.0 -0.11811
250.0 5750.0 -0.09868
350.0 5750.0 -0.23083
450.0 5750.0 -0.47035
550.0 5750.0 -0.73542
650.0 5750.0 -0.93742
750.0 5750.0 -1.00844
850.0 5750.0 -0.92560
950.0 5750.0 -0.73209
1050.0 5750.0 -0.54154
1150.0 5750.0 -0.43501
1250.0 5750.0 -0.39947
1350.0 5750.0 -0.37453
1450.0 5750.0 -0.29444
1550.0 5750.0 -0.11566
1650.0 5750.0 0.16988
1750.0 5750.0 0.53608
1850.0 5750.0 0.93817
1950.0 5750.0 1.32812
2050.0 5750.0 1.62125
2150.0 5750.0 1.72523
2250.0 5750.0 1.59701
2350.0 5750.0 1.26992
2450.0 5750.0 0.85009
2550.0 5750.0 0.48209
2650.0 5750.0 0.28382
2750.0 5750.0 0.25078
2850.0 5750.0 0.21118
2950.0 5750.0 0.04795
3050.0 5750.0 -0.25604
3150.0 5750.0 -0.65633
3250.0 5750.0 -1.07582
3350.0 5750.0 -1.43210
3450.0 5750.0 -1.66313
3550.0 5750.0 -1.75116
3650.0 5750.0 -1.74477
3750.0 5750.0 -1.69277
3850.0 5750.0 -1.53485
3950.0 5750.0 -1.25293
4050.0 5750.0 -0.87962
4150.0 5750.0 -0.47816
4250.0 5750.0 -0.12101
4350.0 5750.0 0.13298
4450.0 5750.0 0.26273
4550.0 5750.0 0.30986
4650.0 5750.0 0.32190
4750.0 5750.0 0.27884
4850.0 5750.0 0.20731
4950.0 5750.0 0.15747
5050.0 5750.0 0.17212
5150.0 5750.0 0.26903
5250.0 5750.0 0.43658
5350.0 5750.0 0.64256
5450.0 5750.0 0.85565
5550.0 5750.0 1.02981
5650.0 5750.0 1.09642
5750.0 5750.0 1.04253
5850.0 5750.0 0.90282
5950.0 5750.0 0.74048
6050.0 5750.0 0.62633
6150.0 5750.0 0.61625
6250.0 5750.0 0.72700
6350.0 5750.0 0.91147
50.0 5850.0 0.13593
150.0 5850.0 0.16663
250.0 5850.0 0.14412
350.0 5850.0 0.05215
450.0 5850.0 -0.09511
550.0 5850.0 -0.26447
650.0 5850.0 -0.41569
750.0 5850.0 -0.51396
850.0 5850.0 -0.54307
950.0 5850.0 -0.51901
1050.0 5850.0 -0.51095
1150.0 5850.0 -0.58142
1250.0 5850.0 -0.68180
1350.0 5850.0 -0.71766
1450.0 5850.0 -0.61319
1550.0 5850.0 -0.34646
1650.0 5850.0 0.04441
1750.0 5850.0 0.48440
1850.0 5850.0 0.91380
1950.0 5850.0 1.33555
2050.0 5850.0 1.70615
2150.0 5850.0 1.92034
2250.0 5850.0 1.89794
2350.0 5850.0 1.63583
2450.0 5850.0 1.21981
2550.0 5850.0 0.79615
2650.0 5850.0 0.50300
2750.0 5850.0 0.36168
2850.0 5850.0 0.20430
2950.0 5850.0 -0.09346
3050.0 5850.0 -0.52572
3150.0 5850.0 -1.01683
3250.0 5850.0 -1.47062
3350.0 5850.0 -1.80710
3450.0 5850.0 -1.98677
3550.0 5850.0 -2.02240
3650.0 5850.0 -1.97802
3750.0 5850.0 -1.87629
3850.0 5850.0 -1.63624
3950.0 5850.0 -1.26336
4050.0 5850.0 -0.82842
4150.0 5850.0 -0.42323
4250.0 5850.0 -0.12654
4350.0 5850.0 0.01990
4450.0 5850.0 0.02508
4550.0 5850.0 -0.04786
4650.0 5850.0 -0.11276
4750.0 5850.0 -0.11467
4850.0 5850.0 -0.02053
4950.0 5850.0 0.17242
5050.0 5850.0 0.43394
5150.0 5850.0 0.70852
5250.0 5850.0 0.93383
5350.0 5850.0 1.06970
5450.0 5850.0 1.13619
5550.0 5850.0 1.13679
5650.0 5850.0 1.00181
5750.0 5850.0 0.75778
5850.0 5850.0 0.48812
5950.0 5850.0 0.28416
6050.0 5850.0 0.21107
6150.0 5850.0 0.28892
6250.0 5850.0 0.48865
6350.0 5850.0 0.74363
50.0 5950.0 0.52793
150.0 5950.0 0.44281
250.0 5950.0 0.38465
350.0 5950.0 0.35072
450.0 5950.0 0.32207
550.0 5950.0 0.27722
650.0 5950.0 0.20128
750.0 5950.0 0.09058
850.0 5950.0 -0.04732
950.0 5950.0 -0.19812
1050.0 5950.0 -0.38323
1150.0 5950.0 -0.65576
1250.0 5950.0 -0.93368
1350.0 5950.0 -1.08270
1450.0 5950.0 -1.00740
1550.0 5950.0 -0.69778
1650.0 5950.0 -0.23126
1750.0 5950.0 0.26982
1850.0 5950.0 0.72529
1950.0 5950.0 1.18151
2050.0 5950.0 1.63942
2150.0 5950.0 1.98143
2250.0 5950.0 2.08705
2350.0 5950.0 1.91199
2450.0 5950.0 1.51711
2550.0 5950.0 1.04740
2650.0 5950.0 0.66095
2750.0 5950.0 0.40784
2850.0 5950.0 0.13548
2950.0 5950.0 -0.26904
3050.0 5950.0 -0.77152
3150.0 5950.0 -1.27234
3250.0 5950.0 -1.67117
3350.0 5950.0 -1.90807
3450.0 5950.0 -1.98088
3550.0 5950.0 -1.93882
3650.0 5950.0 -1.85217
3750.0 5950.0 -1.70572
3850.0 5950.0 -1.40922
3950.0 5950.0 -0.99573
4050.0 5950.0 -0.56826
4150.0 5950.0 -0.23496
4250.0 5950.0 -0.06648
4350.0 5950.0 -0.07543
4450.0 5950.0 -0.21808
4550.0 5950.0 -0.41781
4650.0 5950.0 -0.56704
4750.0 5950.0 -0.54322
4850.0 5950.0 -0.30804
4950.0 5950.0 0.09649
5050.0 5950.0 0.57180
5150.0 5950.0 0.99450
5250.0 5950.0 1.25585
5350.0 5950.0 1.30909
5450.0 5950.0 1.22232
5550.0 5950.0 1.04443
5650.0 5950.0 0.70686
5750.0 5950.0 0.27760
5850.0 5950.0 -0.11109
5950.0 5950.0 -0.34169
6050.0 5950.0 -0.35805
6150.0 5950.0 -0.17972
6250.0 5950.0 0.11605
6350.0 5950.0 0.44478
50.0 6050.0 0.74864
150.0 6050.0 0.56717
250.0 6050.0 0.48756
350.0 6050.0 0.52046
450.0 6050.0 0.61688
550.0 6050.0 0.70462
650.0 6050.0 0.71689
750.0 6050.0 0.61308
850.0 6050.0 0.39148
950.0 6050.0 0.09424
1050.0 6050.0 -0.25591
1150.0 6050.0 -0.70862
1250.0 6050.0 -1.15542
1350.0 6050.0 -1.42606
1450.0 6050.0 -1.40377
1550.0 6050.0 -1.08312
1650.0 6050.0 -0.57026
1750.0 6050.0 -0.02565
1850.0 6050.0 0.45064
1950.0 6050.0 0.93650
2050.0 6050.0 1.47063
2150.0 6050.0 1.92540
2250.0 6050.0 2.14568
2350.0 6050.0 2.05117
2450.0 6050.0 1.68030
2550.0 6050.0 1.17593
2650.0 6050.0 0.71252
2750.0 6050.0 0.36521
2850.0 6050.0 0.00271
2950.0 6050.0 -0.46080
3050.0 6050.0 -0.96305
3150.0 6050.0 -1.39206
3250.0 6050.0 -1.65887
3350.0 6050.0 -1.73702
3450.0 6050.0 -1.66898
3550.0 6050.0 -1.53929
3650.0 6050.0 -1.41430
3750.0 6050.0 -1.23482
3850.0 6050.0 -0.91047
3950.0 6050.0 -0.49967
4050.0 6050.0 -0.12759
4150.0 6050.0 0.09295
4250.0 6050.0 0.10821
4350.0 6050.0 -0.06200
4450.0 6050.0 -0.34218
4550.0 6050.0 -0.65046
4650.0 6050.0 -0.87750
4750.0 6050.0 -0.85748
4850.0 6050.0 -0.54970
4950.0 6050.0 -0.02744
5050.0 6050.0 0.56448
5150.0 6050.0 1.05765
5250.0 6050.0 1.31350
5350.0 6050.0 1.28229
5450.0 6050.0 1.06466
5550.0 6050.0 0.74020
5650.0 6050.0 0.24710
5750.0 6050.0 -0.31068
5850.0 6050.0 -0.76373
5950.0 6050.0 -0.97916
6050.0 6050.0 -0.91575
6150.0 6050.0 -0.63193
6250.0 6050.0 -0.24691
6350.0 6050.0 0.14496
50.0 6150.0 0.68843
150.0 6150.0 0.44637
250.0 6150.0 0.36252
350.0 6150.0 0.45849
450.0 6150.0 0.66348
550.0 6150.0 0.86747
650.0 6150.0 0.96420
750.0 6150.0 0.88420
850.0 6150.0 0.61764
950.0 6150.0 0.22719
1050.0 6150.0 -0.22992
1150.0 6150.0 -0.80021
1250.0 6150.0 -1.35831
1350.0 6150.0 -1.71044
1450.0 6150.0 -1.72553
1550.0 6150.0 -1.40050
1650.0 6150.0 -0.85957
1750.0 6150.0 -0.28770
1850.0 6150.0 0.20193
1950.0 6150.0 0.70658
2050.0 6150.0 1.28817
2150.0 6150.0 1.81228
2250.0 6150.0 2.10183
2350.0 6150.0 2.05413
2450.0 6150.0 1.69415
2550.0 6150.0 1.16414
2650.0 6150.0 0.64953
2750.0 6150.0 0.24111
2850.0 6150.0 -0.17290
2950.0 6150.0 -0.64424
3050.0 6150.0 -1.08849
3150.0 6150.0 -1.39338
3250.0 6150.0 -1.49167
3350.0 6150.0 -1.39468
3450.0 6150.0 -1.18648
3550.0 6150.0 -0.97878
3650.0 6150.0 -0.82642
3750.0 6150.0 -0.62831
3850.0 6150.0 -0.29733
3950.0 6150.0 0.09049
4050.0 6150.0 0.39857
4150.0 6150.0 0.51634
4250.0 6150.0 0.40675
4350.0 6150.0 0.11504
4450.0 6150.0 -0.26132
4550.0 6150.0 -0.64069
4650.0 6150.0 -0.92696
4750.0 6150.0 -0.94414
4850.0 6150.0 -0.65282
4950.0 6150.0 -0.13750
5050.0 6150.0 0.44267
5150.0 6150.0 0.90697
5250.0 6150.0 1.11035
5350.0 6150.0 1.00459
5450.0 6150.0 0.70050
5550.0 6150.0 0.28799
5650.0 6150.0 -0.28085
5750.0 6150.0 -0.87736
5850.0 6150.0 -1.31453
5950.0 6150.0 -1.46040
6050.0 6150.0 -1.29489
6150.0 6150.0 -0.91017
6250.0 6150.0 -0.45458
6350.0 6150.0 -0.02072
50.0 6250.0 0.33815
150.0 6250.0 0.07442
250.0 6250.0 0.00092
350.0 6250.0 0.14632
450.0 6250.0 0.42840
550.0 6250.0 0.71599
650.0 6250.0 0.87998
750.0 6250.0 0.83342
850.0 6250.0 0.56062
950.0 6250.0 0.13540
1050.0 6250.0 -0.36229
1150.0 6250.0 -0.97125
1250.0 6250.0 -1.55803
1350.0 6250.0 -1.92143
1450.0 6250.0 -1.92856
1550.0 6250.0 -1.58166
1650.0 6250.0 -1.01566
1750.0 6250.0 -0.42660
1850.0 6250.0 0.06923
1950.0 6250.0 0.57989
2050.0 6250.0 1.17361
2150.0 6250.0 1.71222
2250.0 6250.0 2.01166
2350.0 6250.0 1.96362
2450.0 6250.0 1.59142
2550.0 6250.0 1.04000
2650.0 6250.0 0.50018
2750.0 6250.0 0.06708
2850.0 6250.0 -0.35963
2950.0 6250.0 -0.80049
3050.0 6250.0 -1.15791
3150.0 6250.0 -1.32804
3250.0 6250.0 -1.26814
3350.0 6250.0 -1.02213
3450.0 6250.0 -0.70453
3550.0 6250.0 -0.44257
3650.0 6250.0 -0.27660
3750.0 6250.0 -0.07218
3850.0 6250.0 0.25721
3950.0 6250.0 0.62816
4050.0 6250.0 0.90072
4150.0 6250.0 0.96710
4250.0 6250.0 0.79895
4350.0 6250.0 0.45316
4450.0 6250.0 0.03633
4550.0 6250.0 -0.37136
4650.0 6250.0 -0.69349
4750.0 6250.0 -0.77436
4850.0 6250.0 -0.57909
4950.0 6250.0 -0.18383
5050.0 6250.0 0.26859
5150.0 6250.0 0.61639
5250.0 6250.0 0.73005
5350.0 6250.0 0.56687
5450.0 6250.0 0.22626
5550.0 6250.0 -0.21057
5650.0 6250.0 -0.77140
5750.0 6250.0 -1.31558
5850.0 6250.0 -1.65910
5950.0 6250.0 -1.68678
6050.0 6250.0 -1.40438
6150.0 6250.0 -0.93035
6250.0 6250.0 -0.42752
6350.0 6250.0 0.02453
50.0 6350.0 -0.17644
150.0 6350.0 -0.43885
250.0 6350.0 -0.49487
350.0 6350.0 -0.31145
450.0 6350.0 0.02427
550.0 6350.0 0.37083
650.0 6350.0 0.58717
750.0 6350.0 0.57647
850.0 6350.0 0.31893
950.0 6350.0 -0.10646
1050.0 6350.0 -0.60449
1150.0 6350.0 -1.20166
1250.0 6350.0 -1.76100
1350.0 6350.0 -2.08440
1450.0 6350.0 -2.04632
1550.0 6350.0 -1.65804
1650.0 6350.0 -1.06245
1750.0 6350.0 -0.45932
1850.0 6350.0 0.03885
1950.0 6350.0 0.54758
2050.0 6350.0 1.13096
2150.0 6350.0 1.64876
2250.0 6350.0 1.91926
2350.0 6350.0 1.83923
2450.0 6350.0 1.43807
2550.0 6350.0 0.86589
2650.0 6350.0 0.31574
2750.0 6350.0 -0.12013
2850.0 6350.0 -0.53770
2950.0 6350.0 -0.93215
3050.0 6350.0 -1.19909
3150.0 6350.0 -1.24647
3250.0 6350.0 -1.05422
3350.0 6350.0 -0.69201
3450.0 6350.0 -0.29503
3550.0 6350.0 0.00201
3650.0 6350.0 0.17289
3750.0 6350.0 0.37784
3850.0 6350.0 0.70679
3950.0 6350.0 1.07567
4050.0 6350.0 1.34430
4150.0 6350.0 1.40532
4250.0 6350.0 1.23131
4350.0 6350.0 0.88033
4450.0 6350.0 0.45980
4550.0 6350.0 0.04952
4650.0 6350.0 -0.29361
4750.0 6350.0 -0.44994
4850.0 6350.0 -0.39068
4950.0 6350.0 -0.17309
5050.0 6350.0 0.09276
5150.0 6350.0 0.28064
5250.0 6350.0 0.28812
5350.0 6350.0 0.07997
5450.0 6350.0 -0.26732
5550.0 6350.0 -0.69120
5650.0 6350.0 -1.19627
5750.0 6350.0 -1.63763
5850.0 6350.0 -1.84588
5950.0 6350.0 -1.73126
6050.0 6350.0 -1.32718
6150.0 6350.0 -0.77330
6250.0 6350.0 -0.23809
6350.0 6350.0 0.21789
