50.0 50.0 0.00000
150.0 50.0 0.50352
250.0 50.0 0.56927
350.0 50.0 0.20402
450.0 50.0 -0.28834
550.0 50.0 -0.52672
650.0 50.0 -0.28765
750.0 50.0 0.26702
850.0 50.0 0.91674
950.0 50.0 1.44865
1050.0 50.0 1.53941
1150.0 50.0 1.13314
1250.0 50.0 0.51372
1350.0 50.0 0.03213
1450.0 50.0 -0.33530
1550.0 50.0 -0.55469
1650.0 50.0 -0.52752
1750.0 50.0 -0.29741
1850.0 50.0 -0.04021
1950.0 50.0 0.04815
2050.0 50.0 -0.04701
2150.0 50.0 -0.37057
2250.0 50.0 -0.91947
2350.0 50.0 -1.32046
2450.0 50.0 -1.27586
2550.0 50.0 -0.79061
2650.0 50.0 -0.11352
2750.0 50.0 0.53627
2850.0 50.0 0.90135
2950.0 50.0 0.81744
3050.0 50.0 0.39284
3150.0 50.0 -0.04624
3250.0 50.0 -0.15606
3350.0 50.0 0.08447
3450.0 50.0 0.40583
3550.0 50.0 0.69765
3650.0 50.0 0.78925
3750.0 50.0 0.62133
3850.0 50.0 0.31227
3950.0 50.0 0.05013
4050.0 50.0 -0.13414
4150.0 50.0 -0.19671
4250.0 50.0 -0.10652
4350.0 50.0 0.05536
4450.0 50.0 0.16417
4550.0 50.0 0.12664
4650.0 50.0 -0.03896
4750.0 50.0 -0.22288
4850.0 50.0 -0.35736
4950.0 50.0 -0.37154
5050.0 50.0 -0.26181
5150.0 50.0 -0.10909
5250.0 50.0 -0.01482
5350.0 50.0 0.05645
5450.0 50.0 0.35131
5550.0 50.0 0.77448
5650.0 50.0 1.02040
5750.0 50.0 0.90203
5850.0 50.0 0.47162
5950.0 50.0 -0.06996
6050.0 50.0 -0.46429
6150.0 50.0 -0.39998
6250.0 50.0 0.02998
6350.0 50.0 0.48136
50.0 150.0 0.86660
150.0 150.0 1.33044
250.0 150.0 1.33377
350.0 150.0 0.88426
450.0 150.0 0.30192
550.0 150.0 -0.01261
650.0 150.0 0.17507
750.0 150.0 0.69441
850.0 150.0 1.32190
950.0 150.0 1.86934
1050.0 150.0 2.02303
1150.0 150.0 1.70755
1250.0 150.0 1.16776
1350.0 150.0 0.72838
1450.0 150.0 0.39444
1550.0 150.0 0.23144
1650.0 150.0 0.32703
1750.0 150.0 0.61380
1850.0 150.0 0.90054
1950.0 150.0 0.99301
2050.0 150.0 0.88896
2150.0 150.0 0.47198
2250.0 150.0 -0.34541
2350.0 150.0 -1.14359
2450.0 150.0 -1.49700
2550.0 150.0 -1.28075
2650.0 150.0 -0.70194
2750.0 150.0 -0.08204
2850.0 150.0 0.30126
2950.0 150.0 0.30000
3050.0 150.0 -0.00362
3150.0 150.0 -0.33360
3250.0 150.0 -0.38991
3350.0 150.0 -0.14642
3450.0 150.0 0.19081
3550.0 150.0 0.54475
3650.0 150.0 0.73629
3750.0 150.0 0.67355
3850.0 150.0 0.43868
3950.0 150.0 0.20439
4050.0 150.0 0.02394
4150.0 150.0 -0.06914
4250.0 150.0 -0.05494
4350.0 150.0 0.00655
4450.0 150.0 0.02669
4550.0 150.0 -0.05834
4650.0 150.0 -0.23315
4750.0 150.0 -0.37851
4850.0 150.0 -0.36139
4950.0 150.0 -0.13217
5050.0 150.0 0.23128
5150.0 150.0 0.56004
5250.0 150.0 0.71503
5350.0 150.0 0.78899
5450.0 150.0 1.05321
5550.0 150.0 1.40674
5650.0 150.0 1.57020
5750.0 150.0 1.39028
5850.0 150.0 0.93994
5950.0 150.0 0.41242
6050.0 150.0 0.02651
6150.0 150.0 0.06456
6250.0 150.0 0.43979
6350.0 150.0 0.83363
50.0 250.0 1.38700
150.0 250.0 1.71315
250.0 250.0 1.72614
350.0 250.0 1.42579
450.0 250.0 1.02652
550.0 250.0 0.80332
650.0 250.0 0.92198
750.0 250.0 1.26920
850.0 250.0 1.69410
950.0 250.0 2.07974
1050.0 250.0 2.21924
1150.0 250.0 2.05449
1250.0 250.0 1.73492
1350.0 250.0 1.46841
1450.0 250.0 1.27943
1550.0 250.0 1.25123
1650.0 250.0 1.41204
1750.0 250.0 1.66309
1850.0 250.0 1.84907
1950.0 250.0 1.85375
2050.0 250.0 1.70684
2150.0 250.0 1.22272
2250.0 250.0 0.24149
2350.0 250.0 -0.84214
2450.0 250.0 -1.55345
2550.0 250.0 -1.66812
2650.0 250.0 -1.32145
2750.0 250.0 -0.86802
2850.0 250.0 -0.50071
2950.0 250.0 -0.29486
3050.0 250.0 -0.23539
3150.0 250.0 -0.21270
3250.0 250.0 -0.09047
3350.0 250.0 0.15713
3450.0 250.0 0.48118
3550.0 250.0 0.84603
3650.0 250.0 1.08740
3750.0 250.0 1.10522
3850.0 250.0 0.95235
3950.0 250.0 0.77401
4050.0 250.0 0.62445
4150.0 250.0 0.48287
4250.0 250.0 0.33299
4350.0 250.0 0.15597
4450.0 250.0 -0.04914
4550.0 250.0 -0.26468
4650.0 250.0 -0.47363
4750.0 250.0 -0.61617
4850.0 250.0 -0.52851
4950.0 250.0 -0.15950
5050.0 250.0 0.37116
5150.0 250.0 0.83433
5250.0 250.0 1.05320
5350.0 250.0 1.14515
5450.0 250.0 1.35382
5550.0 250.0 1.57625
5650.0 250.0 1.60282
5750.0 250.0 1.35218
5850.0 250.0 0.92692
5950.0 250.0 0.49033
6050.0 250.0 0.20338
6150.0 250.0 0.33724
6250.0 250.0 0.81011
6350.0 250.0 1.30806
50.0 350.0 1.32476
150.0 350.0 1.41713
250.0 350.0 1.49468
350.0 350.0 1.54156
450.0 350.0 1.55847
550.0 350.0 1.56604
650.0 350.0 1.59076
750.0 350.0 1.63494
850.0 350.0 1.68240
950.0 350.0 1.72908
1050.0 350.0 1.76951
1150.0 350.0 1.80201
1250.0 350.0 1.83028
1350.0 350.0 1.85970
1450.0 350.0 1.92111
1550.0 350.0 2.09791
1650.0 350.0 2.31249
1750.0 350.0 2.43018
1850.0 350.0 2.38383
1950.0 350.0 2.20998
2050.0 350.0 1.98891
2150.0 350.0 1.51185
2250.0 350.0 0.61138
2350.0 350.0 -0.44208
2450.0 350.0 -1.27214
2550.0 350.0 -1.65164
2650.0 350.0 -1.63235
2750.0 350.0 -1.48428
2850.0 350.0 -1.22888
2950.0 350.0 -0.82181
3050.0 350.0 -0.31591
3150.0 350.0 0.17339
3250.0 350.0 0.53863
3350.0 350.0 0.78574
3450.0 350.0 1.06148
3550.0 350.0 1.36424
3650.0 350.0 1.57133
3750.0 350.0 1.61016
3850.0 350.0 1.52327
3950.0 350.0 1.42088
4050.0 350.0 1.33355
4150.0 350.0 1.17524
4250.0 350.0 0.87943
4350.0 350.0 0.45721
4450.0 350.0 0.00035
4550.0 350.0 -0.37374
4650.0 350.0 -0.63426
4750.0 350.0 -0.82139
4850.0 350.0 -0.78893
4950.0 350.0 -0.45487
5050.0 350.0 0.08283
5150.0 350.0 0.58802
5250.0 350.0 0.85685
5350.0 350.0 0.98238
5450.0 350.0 1.12647
5550.0 350.0 1.19197
5650.0 350.0 1.07124
5750.0 350.0 0.77667
5850.0 350.0 0.43791
5950.0 350.0 0.16829
6050.0 350.0 0.05139
6150.0 350.0 0.33536
6250.0 350.0 0.94940
6350.0 350.0 1.59820
50.0 450.0 0.77560
150.0 450.0 0.60642
250.0 450.0 0.74375
350.0 450.0 1.15485
450.0 450.0 1.61019
550.0 450.0 1.85640
650.0 450.0 1.77001
750.0 450.0 1.47743
850.0 450.0 1.09942
950.0 450.0 0.75158
1050.0 450.0 0.65629
1150.0 450.0 0.88343
1250.0 450.0 1.28312
1350.0 450.0 1.63745
1450.0 450.0 1.97472
1550.0 450.0 2.36809
1650.0 450.0 2.62226
1750.0 450.0 2.56911
1850.0 450.0 2.24735
1950.0 450.0 1.86782
2050.0 450.0 1.56618
2150.0 450.0 1.18107
2250.0 450.0 0.61799
2350.0 450.0 -0.04428
2450.0 450.0 -0.66235
2550.0 450.0 -1.12160
2650.0 450.0 -1.41012
2750.0 450.0 -1.61412
2850.0 450.0 -1.58003
2950.0 450.0 -1.14089
3050.0 450.0 -0.36601
3150.0 450.0 0.45943
3250.0 450.0 1.01024
3350.0 450.0 1.24805
3450.0 450.0 1.45663
3550.0 450.0 1.64633
3650.0 450.0 1.74899
3750.0 450.0 1.74527
3850.0 450.0 1.68873
3950.0 450.0 1.65815
4050.0 450.0 1.64840
4150.0 450.0 1.54729
4250.0 450.0 1.24760
4350.0 450.0 0.74675
4450.0 450.0 0.17102
4550.0 450.0 -0.29992
4650.0 450.0 -0.60785
4750.0 450.0 -0.86951
4850.0 450.0 -0.98917
4950.0 450.0 -0.83638
5050.0 450.0 -0.43663
5150.0 450.0 0.01639
5250.0 450.0 0.30884
5350.0 450.0 0.47321
5450.0 450.0 0.57028
5550.0 450.0 0.51645
5650.0 450.0 0.30162
5750.0 450.0 0.01770
5850.0 450.0 -0.19414
5950.0 450.0 -0.27395
6050.0 450.0 -0.22331
6150.0 450.0 0.14089
6250.0 450.0 0.77014
6350.0 450.0 1.43707
50.0 550.0 0.15703
150.0 550.0 -0.21637
250.0 550.0 -0.07905
350.0 550.0 0.52533
450.0 550.0 1.22080
550.0 550.0 1.57996
650.0 550.0 1.38427
750.0 550.0 0.83849
850.0 550.0 0.14267
950.0 550.0 -0.49964
1050.0 550.0 -0.69590
1150.0 550.0 -0.32288
1250.0 550.0 0.35460
1350.0 550.0 0.95179
1450.0 550.0 1.49543
1550.0 550.0 2.05202
1650.0 550.0 2.33836
1750.0 550.0 2.16053
1850.0 550.0 1.63529
1950.0 550.0 1.10305
2050.0 550.0 0.74297
2150.0 550.0 0.48862
2250.0 550.0 0.36045
2350.0 550.0 0.25435
2450.0 550.0 0.04818
2550.0 550.0 -0.31285
2650.0 550.0 -0.79064
2750.0 550.0 -1.27239
2850.0 550.0 -1.50937
2950.0 550.0 -1.25392
3050.0 550.0 -0.52382
3150.0 550.0 0.35572
3250.0 550.0 0.95398
3350.0 550.0 1.17547
3450.0 550.0 1.32644
3550.0 550.0 1.40755
3650.0 550.0 1.39592
3750.0 550.0 1.32450
3850.0 550.0 1.26728
3950.0 550.0 1.28359
4050.0 550.0 1.34098
4150.0 550.0 1.36284
4250.0 550.0 1.22764
4350.0 550.0 0.87283
4450.0 550.0 0.37818
4550.0 550.0 -0.08146
4650.0 550.0 -0.41436
4750.0 550.0 -0.74351
4850.0 550.0 -1.01957
4950.0 550.0 -1.06924
5050.0 550.0 -0.84112
5150.0 550.0 -0.47352
5250.0 550.0 -0.17836
5350.0 550.0 0.01656
5450.0 550.0 0.09840
5550.0 550.0 -0.00033
5650.0 550.0 -0.22943
5750.0 550.0 -0.45731
5850.0 550.0 -0.54924
5950.0 550.0 -0.48345
6050.0 550.0 -0.33797
6150.0 550.0 -0.03803
6250.0 550.0 0.39901
6350.0 550.0 0.86461
50.0 650.0 -0.06920
150.0 650.0 -0.53996
250.0 650.0 -0.48028
350.0 650.0 0.06472
450.0 650.0 0.70470
550.0 650.0 0.99567
650.0 650.0 0.71037
750.0 650.0 0.06036
850.0 650.0 -0.75673
950.0 650.0 -1.49994
1050.0 650.0 -1.71249
1150.0 650.0 -1.25822
1250.0 650.0 -0.45562
1350.0 650.0 0.24225
1450.0 650.0 0.87095
1550.0 650.0 1.50566
1650.0 650.0 1.82819
1750.0 650.0 1.62685
1850.0 650.0 1.04042
1950.0 650.0 0.45572
2050.0 650.0 0.07410
2150.0 650.0 -0.08107
2250.0 650.0 0.10289
2350.0 650.0 0.41858
2450.0 650.0 0.56840
2550.0 650.0 0.36536
2650.0 650.0 -0.15790
2750.0 650.0 -0.76819
2850.0 650.0 -1.23512
2950.0 650.0 -1.29131
3050.0 650.0 -0.86057
3150.0 650.0 -0.18493
3250.0 650.0 0.32798
3350.0 650.0 0.53225
3450.0 650.0 0.65769
3550.0 650.0 0.68744
3650.0 650.0 0.61829
3750.0 650.0 0.50817
3850.0 650.0 0.44322
3950.0 650.0 0.47620
4050.0 650.0 0.57092
4150.0 650.0 0.73238
4250.0 650.0 0.85136
4350.0 650.0 0.78536
4450.0 650.0 0.51418
4550.0 650.0 0.15309
4650.0 650.0 -0.17801
4750.0 650.0 -0.53493
4850.0 650.0 -0.87619
4950.0 650.0 -1.01089
5050.0 650.0 -0.85548
5150.0 650.0 -0.52473
5250.0 650.0 -0.22930
5350.0 650.0 -0.02055
5450.0 650.0 0.07228
5550.0 650.0 -0.00643
5650.0 650.0 -0.19306
5750.0 650.0 -0.35708
5850.0 650.0 -0.37923
5950.0 650.0 -0.25170
6050.0 650.0 -0.10902
6150.0 650.0 -0.00248
6250.0 650.0 0.08267
6350.0 650.0 0.17747
50.0 750.0 0.10104
150.0 750.0 -0.39594
250.0 750.0 -0.45561
350.0 750.0 -0.11982
450.0 750.0 0.28681
550.0 750.0 0.40045
650.0 750.0 0.03927
750.0 750.0 -0.62142
850.0 750.0 -1.43416
950.0 750.0 -2.15154
1050.0 750.0 -2.32186
1150.0 750.0 -1.82425
1250.0 750.0 -0.99355
1350.0 750.0 -0.28811
1450.0 750.0 0.34600
1550.0 750.0 1.00680
1650.0 750.0 1.37538
1750.0 750.0 1.22451
1850.0 750.0 0.67495
1950.0 750.0 0.10390
2050.0 750.0 -0.27804
2150.0 750.0 -0.38221
2250.0 750.0 -0.04194
2350.0 750.0 0.50083
2450.0 750.0 0.86880
2550.0 750.0 0.80053
2650.0 750.0 0.30993
2750.0 750.0 -0.32633
2850.0 750.0 -0.96171
2950.0 750.0 -1.34639
3050.0 750.0 -1.30418
3150.0 750.0 -0.94106
3250.0 750.0 -0.57480
3350.0 750.0 -0.38865
3450.0 750.0 -0.26764
3550.0 750.0 -0.24273
3650.0 750.0 -0.31460
3750.0 750.0 -0.42388
3850.0 750.0 -0.48545
3950.0 750.0 -0.44889
4050.0 750.0 -0.33656
4150.0 750.0 -0.04608
4250.0 750.0 0.33708
4350.0 750.0 0.59118
4450.0 750.0 0.58316
4550.0 750.0 0.34983
4650.0 750.0 0.03302
4750.0 750.0 -0.32221
4850.0 750.0 -0.65112
4950.0 750.0 -0.76351
5050.0 750.0 -0.58284
5150.0 750.0 -0.23289
5250.0 750.0 0.07076
5350.0 750.0 0.28363
5450.0 750.0 0.39585
5550.0 750.0 0.35807
5650.0 750.0 0.22382
5750.0 750.0 0.10654
5850.0 750.0 0.11167
5950.0 750.0 0.24758
6050.0 750.0 0.33644
6150.0 750.0 0.20650
6250.0 750.0 -0.10007
6350.0 750.0 -0.42023
50.0 850.0 0.63517
150.0 850.0 0.16921
250.0 850.0 0.01322
350.0 850.0 0.10423
450.0 850.0 0.19222
550.0 850.0 0.03531
650.0 850.0 -0.45612
750.0 850.0 -1.14292
850.0 850.0 -1.94564
950.0 850.0 -2.61993
1050.0 850.0 -2.75406
1150.0 850.0 -2.26351
1250.0 850.0 -1.49053
1350.0 850.0 -0.87206
1450.0 850.0 -0.31483
1550.0 850.0 0.34991
1650.0 850.0 0.82201
1750.0 850.0 0.82750
1850.0 850.0 0.40700
1950.0 850.0 -0.12627
2050.0 850.0 -0.54417
2150.0 850.0 -0.67238
2250.0 850.0 -0.28648
2350.0 850.0 0.39787
2450.0 850.0 0.97151
2550.0 850.0 1.09677
2650.0 850.0 0.72780
2750.0 850.0 0.15918
2850.0 850.0 -0.55142
2950.0 850.0 -1.22206
3050.0 850.0 -1.61196
3150.0 850.0 -1.66963
3250.0 850.0 -1.55877
3350.0 850.0 -1.46328
3450.0 850.0 -1.41448
3550.0 850.0 -1.44167
3650.0 850.0 -1.51063
3750.0 850.0 -1.55864
3850.0 850.0 -1.53715
3950.0 850.0 -1.44149
4050.0 850.0 -1.26995
4150.0 850.0 -0.77827
4250.0 850.0 -0.04139
4350.0 850.0 0.60228
4450.0 850.0 0.88319
4550.0 850.0 0.76443
4650.0 850.0 0.43307
4750.0 850.0 0.02711
4850.0 850.0 -0.38762
4950.0 850.0 -0.58807
5050.0 850.0 -0.45956
5150.0 850.0 -0.11245
5250.0 850.0 0.22152
5350.0 850.0 0.46974
5450.0 850.0 0.59062
5550.0 850.0 0.52504
5650.0 850.0 0.34487
5750.0 850.0 0.19292
5850.0 850.0 0.19734
5950.0 850.0 0.36429
6050.0 850.0 0.46366
6150.0 850.0 0.24972
6250.0 850.0 -0.24414
6350.0 850.0 -0.79870
50.0 950.0 1.45305
150.0 950.0 1.12360
250.0 950.0 0.97725
350.0 950.0 0.88384
450.0 950.0 0.64010
550.0 950.0 0.14782
650.0 950.0 -0.53639
750.0 950.0 -1.28467
850.0 950.0 -2.07284
950.0 950.0 -2.66465
1050.0 950.0 -2.74797
1150.0 950.0 -2.32000
1250.0 950.0 -1.72848
1350.0 950.0 -1.35035
1450.0 950.0 -1.01104
1550.0 950.0 -0.39911
1650.0 950.0 0.23405
1750.0 950.0 0.52595
1850.0 950.0 0.34873
1950.0 950.0 -0.12799
2050.0 950.0 -0.64906
2150.0 950.0 -0.94036
2250.0 950.0 -0.72099
2350.0 950.0 -0.07287
2450.0 950.0 0.65374
2550.0 950.0 1.05081
2650.0 950.0 0.94518
2750.0 950.0 0.60789
2850.0 950.0 0.04502
2950.0 950.0 -0.70764
3050.0 950.0 -1.44734
3150.0 950.0 -1.98568
3250.0 950.0 -2.26083
3350.0 950.0 -2.37904
3450.0 950.0 -2.52804
3550.0 950.0 -2.70588
3650.0 950.0 -2.78235
3750.0 950.0 -2.68035
3850.0 950.0 -2.44484
3950.0 950.0 -2.19273
4050.0 950.0 -1.89305
4150.0 950.0 -1.13273
4250.0 950.0 -0.01334
4350.0 950.0 0.98178
4450.0 950.0 1.46197
4550.0 950.0 1.36655
4650.0 950.0 0.96004
4750.0 950.0 0.41695
4850.0 950.0 -0.23041
4950.0 950.0 -0.67020
5050.0 950.0 -0.68432
5150.0 950.0 -0.34625
5250.0 950.0 0.06907
5350.0 950.0 0.41042
5450.0 950.0 0.53136
5550.0 950.0 0.33909
5650.0 950.0 -0.03046
5750.0 950.0 -0.33212
5850.0 950.0 -0.35894
5950.0 950.0 -0.11257
6050.0 950.0 0.11670
6150.0 950.0 0.09219
6250.0 950.0 -0.22497
6350.0 950.0 -0.69202
50.0 1050.0 1.99056
150.0 1050.0 1.88040
250.0 1050.0 1.89853
350.0 1050.0 1.81577
450.0 1050.0 1.40717
550.0 1050.0 0.67017
650.0 1050.0 -0.19290
750.0 1050.0 -1.02089
850.0 1050.0 -1.77907
950.0 1050.0 -2.22993
1050.0 1050.0 -2.20606
1150.0 1050.0 -1.83091
1250.0 1050.0 -1.47113
1350.0 1050.0 -1.42222
1450.0 1050.0 -1.39368
1550.0 1050.0 -0.90369
1650.0 1050.0 -0.13715
1750.0 1050.0 0.44909
1850.0 1050.0 0.52964
1950.0 1050.0 0.09680
2050.0 1050.0 -0.57141
2150.0 1050.0 -1.13042
2250.0 1050.0 -1.26363
2350.0 1050.0 -0.84095
2450.0 1050.0 -0.07014
2550.0 1050.0 0.59971
2650.0 1050.0 0.83278
2750.0 1050.0 0.84160
2850.0 1050.0 0.66156
2950.0 1050.0 0.14411
3050.0 1050.0 -0.66824
3150.0 1050.0 -1.54286
3250.0 1050.0 -2.20076
3350.0 1050.0 -2.60026
3450.0 1050.0 -3.02868
3550.0 1050.0 -3.43095
3650.0 1050.0 -3.54072
3750.0 1050.0 -3.25303
3850.0 1050.0 -2.73501
3950.0 1050.0 -2.26988
4050.0 1050.0 -1.81019
4150.0 1050.0 -0.83251
4250.0 1050.0 0.49326
4350.0 1050.0 1.57899
4450.0 1050.0 2.00622
4550.0 1050.0 1.78081
4650.0 1050.0 1.24957
4750.0 1050.0 0.53116
4850.0 1050.0 -0.38442
4950.0 1050.0 -1.07065
5050.0 1050.0 -1.19490
5150.0 1050.0 -0.80978
5250.0 1050.0 -0.26232
5350.0 1050.0 0.20976
5450.0 1050.0 0.34158
5550.0 1050.0 -0.00265
5650.0 1050.0 -0.60483
5750.0 1050.0 -1.08834
5850.0 1050.0 -1.14496
5950.0 1050.0 -0.78617
6050.0 1050.0 -0.35327
6150.0 1050.0 -0.01965
6250.0 1050.0 0.06437
6350.0 1050.0 -0.11674
50.0 1150.0 1.84751
150.0 1150.0 1.96508
250.0 1150.0 2.25647
350.0 1150.0 2.39575
450.0 1150.0 2.06889
550.0 1150.0 1.27986
650.0 1150.0 0.32096
750.0 1150.0 -0.57624
850.0 1150.0 -1.28744
950.0 1150.0 -1.55570
1050.0 1150.0 -1.36065
1150.0 1150.0 -0.96821
1250.0 1150.0 -0.78465
1350.0 1150.0 -1.03323
1450.0 1150.0 -1.30193
1550.0 1150.0 -0.97279
1650.0 1150.0 -0.17009
1750.0 1150.0 0.58933
1850.0 1150.0 0.83176
1950.0 1150.0 0.40600
2050.0 1150.0 -0.40251
2150.0 1150.0 -1.23407
2250.0 1150.0 -1.76432
2350.0 1150.0 -1.65082
2450.0 1150.0 -0.93428
2550.0 1150.0 -0.06989
2650.0 1150.0 0.46315
2750.0 1150.0 0.81213
2850.0 1150.0 1.11693
2950.0 1150.0 1.07089
3050.0 1150.0 0.48965
3150.0 1150.0 -0.45843
3250.0 1150.0 -1.36175
3350.0 1150.0 -2.01193
3450.0 1150.0 -2.70613
3550.0 1150.0 -3.33580
3650.0 1150.0 -3.50434
3750.0 1150.0 -3.07133
3850.0 1150.0 -2.30823
3950.0 1150.0 -1.64998
4050.0 1150.0 -1.05578
4150.0 1150.0 -0.00103
4250.0 1150.0 1.25561
4350.0 1150.0 2.10602
4450.0 1150.0 2.21875
4550.0 1150.0 1.74173
4650.0 1150.0 1.07807
4750.0 1150.0 0.21879
4850.0 1150.0 -0.86552
4950.0 1150.0 -1.65424
5050.0 1150.0 -1.75120
5150.0 1150.0 -1.23433
5250.0 1150.0 -0.53556
5350.0 1150.0 0.06104
5450.0 1150.0 0.22759
5550.0 1150.0 -0.20333
5650.0 1150.0 -0.95274
5750.0 1150.0 -1.54608
5850.0 1150.0 -1.59943
5950.0 1150.0 -1.13128
6050.0 1150.0 -0.51308
6150.0 1150.0 0.13653
6250.0 1150.0 0.56544
6350.0 1150.0 0.62041
50.0 1250.0 1.08282
150.0 1250.0 1.35506
250.0 1250.0 1.90695
350.0 1250.0 2.35132
450.0 1250.0 2.26499
550.0 1250.0 1.58844
650.0 1250.0 0.63021
750.0 1250.0 -0.30363
850.0 1250.0 -0.96093
950.0 1250.0 -1.05060
1050.0 1250.0 -0.65653
1150.0 1250.0 -0.16329
1250.0 1250.0 -0.03069
1350.0 1250.0 -0.44395
1450.0 1250.0 -0.89719
1550.0 1250.0 -0.71036
1650.0 1250.0 0.02705
1750.0 1250.0 0.79008
1850.0 1250.0 1.05180
1950.0 1250.0 0.59693
2050.0 1250.0 -0.29792
2150.0 1250.0 -1.30194
2250.0 1250.0 -2.09888
2350.0 1250.0 -2.21342
2450.0 1250.0 -1.57162
2550.0 1250.0 -0.61800
2650.0 1250.0 0.08657
2750.0 1250.0 0.65084
2850.0 1250.0 1.33694
2950.0 1250.0 1.75399
3050.0 1250.0 1.52647
3150.0 1250.0 0.70818
3250.0 1250.0 -0.26079
3350.0 1250.0 -1.05195
3450.0 1250.0 -1.91063
3550.0 1250.0 -2.69649
3650.0 1250.0 -2.93147
3750.0 1250.0 -2.44329
3850.0 1250.0 -1.55476
3950.0 1250.0 -0.78758
4050.0 1250.0 -0.12536
4150.0 1250.0 0.87171
4250.0 1250.0 1.87132
4350.0 1250.0 2.31763
4450.0 1250.0 2.02421
4550.0 1250.0 1.28966
4650.0 1250.0 0.53386
4750.0 1250.0 -0.38145
4850.0 1250.0 -1.46558
4950.0 1250.0 -2.15769
5050.0 1250.0 -2.07725
5150.0 1250.0 -1.37285
5250.0 1250.0 -0.54897
5350.0 1250.0 0.12556
5450.0 1250.0 0.34765
5550.0 1250.0 -0.05724
5650.0 1250.0 -0.79595
5750.0 1250.0 -1.37036
5850.0 1250.0 -1.37781
5950.0 1250.0 -0.83799
6050.0 1250.0 -0.13403
6150.0 1250.0 0.60345
6250.0 1250.0 1.07356
6350.0 1250.0 1.09590
50.0 1350.0 0.08287
150.0 1350.0 0.40883
250.0 1350.0 1.11468
350.0 1350.0 1.79576
450.0 1350.0 1.94973
550.0 1350.0 1.43748
650.0 1350.0 0.53520
750.0 1350.0 -0.40211
850.0 1350.0 -1.01069
950.0 1350.0 -0.96145
1050.0 1350.0 -0.38559
1150.0 1350.0 0.25773
1250.0 1350.0 0.45441
1350.0 1350.0 0.02095
1450.0 1350.0 -0.48318
1550.0 1350.0 -0.38258
1650.0 1350.0 0.23973
1750.0 1350.0 0.88871
1850.0 1350.0 1.06584
1950.0 1350.0 0.56588
2050.0 1350.0 -0.35163
2150.0 1350.0 -1.39538
2250.0 1350.0 -2.25463
2350.0 1350.0 -2.42351
2450.0 1350.0 -1.80116
2550.0 1350.0 -0.82885
2650.0 1350.0 -0.08577
2750.0 1350.0 0.53816
2850.0 1350.0 1.38790
2950.0 1350.0 2.06161
3050.0 1350.0 2.09375
3150.0 1350.0 1.44876
3250.0 1350.0 0.53149
3350.0 1350.0 -0.28501
3450.0 1350.0 -1.18923
3550.0 1350.0 -2.03723
3650.0 1350.0 -2.32743
3750.0 1350.0 -1.86653
3850.0 1350.0 -0.97542
3950.0 1350.0 -0.19102
4050.0 1350.0 0.47486
4150.0 1350.0 1.35724
4250.0 1350.0 2.08660
4350.0 1350.0 2.18190
4450.0 1350.0 1.58121
4550.0 1350.0 0.68228
4650.0 1350.0 -0.10751
4750.0 1350.0 -0.99833
4850.0 1350.0 -1.94755
4950.0 1350.0 -2.40632
5050.0 1350.0 -2.06939
5150.0 1350.0 -1.17592
5250.0 1350.0 -0.27650
5350.0 1350.0 0.42122
5450.0 1350.0 0.70580
5550.0 1350.0 0.41781
5650.0 1350.0 -0.17794
5750.0 1350.0 -0.62755
5850.0 1350.0 -0.56170
5950.0 1350.0 0.00385
6050.0 1350.0 0.68076
6150.0 1350.0 1.24781
6250.0 1350.0 1.41526
6350.0 1350.0 1.10088
50.0 1450.0 -0.82994
150.0 1450.0 -0.49784
250.0 1450.0 0.27790
350.0 1450.0 1.09579
450.0 1450.0 1.41176
550.0 1450.0 1.02917
650.0 1450.0 0.18676
750.0 1450.0 -0.73585
850.0 1450.0 -1.28488
950.0 1450.0 -1.09472
1050.0 1450.0 -0.33265
1150.0 1450.0 0.47741
1250.0 1450.0 0.76875
1350.0 1450.0 0.35342
1450.0 1450.0 -0.16865
1550.0 1450.0 -0.15418
1650.0 1450.0 0.31831
1750.0 1450.0 0.80639
1850.0 1450.0 0.86994
1950.0 1450.0 0.33287
2050.0 1450.0 -0.57162
2150.0 1450.0 -1.57906
2250.0 1450.0 -2.37099
2350.0 1450.0 -2.46297
2450.0 1450.0 -1.78240
2550.0 1450.0 -0.78629
2650.0 1450.0 -0.04847
2750.0 1450.0 0.57026
2850.0 1450.0 1.46725
2950.0 1450.0 2.25492
3050.0 1450.0 2.43629
3150.0 1450.0 1.92245
3250.0 1450.0 1.07531
3350.0 1450.0 0.27586
3450.0 1450.0 -0.63079
3550.0 1450.0 -1.51411
3650.0 1450.0 -1.86800
3750.0 1450.0 -1.47670
3850.0 1450.0 -0.63452
3950.0 1450.0 0.13405
4050.0 1450.0 0.78823
4150.0 1450.0 1.57902
4250.0 1450.0 2.11765
4350.0 1450.0 1.97839
4450.0 1450.0 1.18120
4550.0 1450.0 0.18287
4650.0 1450.0 -0.62280
4750.0 1450.0 -1.46803
4850.0 1450.0 -2.24854
4950.0 1450.0 -2.45460
5050.0 1450.0 -1.87754
5150.0 1450.0 -0.84394
5250.0 1450.0 0.07157
5350.0 1450.0 0.73891
5450.0 1450.0 1.06742
5550.0 1450.0 0.93138
5650.0 1450.0 0.54854
5750.0 1450.0 0.28819
5850.0 1450.0 0.44838
5950.0 1450.0 1.01392
6050.0 1450.0 1.61377
6150.0 1450.0 1.92071
6250.0 1450.0 1.67626
6350.0 1450.0 0.93242
50.0 1550.0 -1.22381
150.0 1550.0 -0.95950
250.0 1550.0 -0.29765
350.0 1550.0 0.39949
450.0 1550.0 0.64289
550.0 1550.0 0.25755
650.0 1550.0 -0.53967
750.0 1550.0 -1.40304
850.0 1550.0 -1.83582
950.0 1550.0 -1.44915
1050.0 1550.0 -0.47099
1150.0 1550.0 0.50091
1250.0 1550.0 0.86183
1350.0 1550.0 0.44242
1450.0 1550.0 -0.12886
1550.0 1550.0 -0.28331
1650.0 1550.0 -0.06346
1750.0 1550.0 0.19899
1850.0 1550.0 0.15373
1950.0 1550.0 -0.35867
2050.0 1550.0 -1.16655
2150.0 1550.0 -1.98535
2250.0 1550.0 -2.45847
2350.0 1550.0 -2.21143
2450.0 1550.0 -1.29875
2550.0 1550.0 -0.23255
2650.0 1550.0 0.45515
2750.0 1550.0 0.98448
2850.0 1550.0 1.74917
2950.0 1550.0 2.40289
3050.0 1550.0 2.51186
3150.0 1550.0 2.00853
3250.0 1550.0 1.22269
3350.0 1550.0 0.48960
3450.0 1550.0 -0.37607
3550.0 1550.0 -1.29024
3650.0 1550.0 -1.75401
3750.0 1550.0 -1.51029
3850.0 1550.0 -0.78615
3950.0 1550.0 -0.06161
4050.0 1550.0 0.58950
4150.0 1550.0 1.41026
4250.0 1550.0 2.01340
4350.0 1550.0 1.94609
4450.0 1550.0 1.19713
4550.0 1550.0 0.20699
4650.0 1550.0 -0.61918
4750.0 1550.0 -1.42127
4850.0 1550.0 -2.02456
4950.0 1550.0 -2.02327
5050.0 1550.0 -1.34385
5150.0 1550.0 -0.37555
5250.0 1550.0 0.34571
5350.0 1550.0 0.79582
5450.0 1550.0 1.05956
5550.0 1550.0 1.10307
5650.0 1550.0 1.07007
5750.0 1550.0 1.14967
5850.0 1550.0 1.46097
5950.0 1550.0 1.96427
6050.0 1550.0 2.41639
6150.0 1550.0 2.44933
6250.0 1550.0 1.84169
6350.0 1550.0 0.74628
50.0 1650.0 -0.93717
150.0 1650.0 -0.81049
250.0 1650.0 -0.41942
350.0 1650.0 -0.05103
450.0 1650.0 -0.05812
550.0 1650.0 -0.53492
650.0 1650.0 -1.28283
750.0 1650.0 -2.04108
850.0 1650.0 -2.32826
950.0 1650.0 -1.76640
1050.0 1650.0 -0.65063
1150.0 1650.0 0.37629
1250.0 1650.0 0.72037
1350.0 1650.0 0.26019
1450.0 1650.0 -0.38442
1550.0 1650.0 -0.74452
1650.0 1650.0 -0.79278
1750.0 1650.0 -0.71894
1850.0 1650.0 -0.78766
1950.0 1650.0 -1.17681
2050.0 1650.0 -1.80013
2150.0 1650.0 -2.31386
2250.0 1650.0 -2.32873
2350.0 1650.0 -1.64554
2450.0 1650.0 -0.48784
2550.0 1650.0 0.59255
2650.0 1650.0 1.15706
2750.0 1650.0 1.51378
2850.0 1650.0 1.98769
2950.0 1650.0 2.30440
3050.0 1650.0 2.17463
3150.0 1650.0 1.60736
3250.0 1650.0 0.89685
3350.0 1650.0 0.28352
3450.0 1650.0 -0.48488
3550.0 1650.0 -1.38798
3650.0 1650.0 -1.95318
3750.0 1650.0 -1.88190
3850.0 1650.0 -1.31094
3950.0 1650.0 -0.64906
4050.0 1650.0 0.00548
4150.0 1650.0 0.95974
4250.0 1650.0 1.84506
4350.0 1650.0 2.11001
4450.0 1650.0 1.61539
4550.0 1650.0 0.72156
4650.0 1650.0 -0.13280
4750.0 1650.0 -0.89572
4850.0 1650.0 -1.31841
4950.0 1650.0 -1.16498
5050.0 1650.0 -0.53396
5150.0 1650.0 0.15116
5250.0 1650.0 0.45922
5350.0 1650.0 0.49567
5450.0 1650.0 0.54406
5550.0 1650.0 0.71019
5650.0 1650.0 1.06022
5750.0 1650.0 1.54259
5850.0 1650.0 2.01520
5950.0 1650.0 2.38472
6050.0 1650.0 2.64535
6150.0 1650.0 2.50950
6250.0 1650.0 1.78487
6350.0 1650.0 0.62508
50.0 1750.0 -0.24303
150.0 1750.0 -0.26731
250.0 1750.0 -0.15251
350.0 1750.0 -0.10084
450.0 1750.0 -0.32854
550.0 1750.0 -0.86058
650.0 1750.0 -1.53212
750.0 1750.0 -2.17092
850.0 1750.0 -2.34231
950.0 1750.0 -1.71720
1050.0 1750.0 -0.63462
1150.0 1750.0 0.27768
1250.0 1750.0 0.49687
1350.0 1750.0 -0.03396
1450.0 1750.0 -0.74858
1550.0 1750.0 -1.26069
1650.0 1750.0 -1.46069
1750.0 1750.0 -1.42502
1850.0 1750.0 -1.38288
1950.0 1750.0 -1.57127
2050.0 1750.0 -1.98019
2150.0 1750.0 -2.20677
2250.0 1750.0 -1.88017
2350.0 1750.0 -0.96210
2450.0 1750.0 0.22197
2550.0 1750.0 1.16035
2650.0 1750.0 1.54292
2750.0 1750.0 1.70579
2850.0 1750.0 1.87500
2950.0 1750.0 1.86139
3050.0 1750.0 1.52408
3150.0 1750.0 0.93637
3250.0 1750.0 0.33658
3350.0 1750.0 -0.13681
3450.0 1750.0 -0.77491
3550.0 1750.0 -1.60383
3650.0 1750.0 -2.19281
3750.0 1750.0 -2.22742
3850.0 1750.0 -1.77233
3950.0 1750.0 -1.16493
4050.0 1750.0 -0.50817
4150.0 1750.0 0.58277
4250.0 1750.0 1.75746
4350.0 1750.0 2.36156
4450.0 1750.0 2.12389
4550.0 1750.0 1.32348
4650.0 1750.0 0.43464
4750.0 1750.0 -0.29234
4850.0 1750.0 -0.54049
4950.0 1750.0 -0.26347
5050.0 1750.0 0.26034
5150.0 1750.0 0.58606
5250.0 1750.0 0.40960
5350.0 1750.0 -0.03407
5450.0 1750.0 -0.29971
5550.0 1750.0 -0.14301
5650.0 1750.0 0.45589
5750.0 1750.0 1.23680
5850.0 1750.0 1.80926
5950.0 1750.0 2.01275
6050.0 1750.0 2.10717
6150.0 1750.0 1.99534
6250.0 1750.0 1.49292
6350.0 1750.0 0.63533
50.0 1850.0 0.32540
150.0 1850.0 0.20049
250.0 1850.0 0.18427
350.0 1850.0 0.13709
450.0 1850.0 -0.09905
550.0 1850.0 -0.55250
650.0 1850.0 -1.11609
750.0 1850.0 -1.66123
850.0 1850.0 -1.78452
950.0 1850.0 -1.22254
1050.0 1850.0 -0.32140
1150.0 1850.0 0.35717
1250.0 1850.0 0.39344
1350.0 1850.0 -0.21165
1450.0 1850.0 -0.96847
1550.0 1850.0 -1.52640
1650.0 1850.0 -1.71022
1750.0 1850.0 -1.55097
1850.0 1850.0 -1.30435
1950.0 1850.0 -1.28594
2050.0 1850.0 -1.52667
2150.0 1850.0 -1.60278
2250.0 1850.0 -1.22366
2350.0 1850.0 -0.42963
2450.0 1850.0 0.48094
2550.0 1850.0 1.12637
2650.0 1850.0 1.32078
2750.0 1850.0 1.34273
2850.0 1850.0 1.34294
2950.0 1850.0 1.20515
3050.0 1850.0 0.86287
3150.0 1850.0 0.38427
3250.0 1850.0 -0.07194
3350.0 1850.0 -0.43080
3450.0 1850.0 -0.94984
3550.0 1850.0 -1.66243
3650.0 1850.0 -2.18131
3750.0 1850.0 -2.21019
3850.0 1850.0 -1.78781
3950.0 1850.0 -1.20607
4050.0 1850.0 -0.55496
4150.0 1850.0 0.57626
4250.0 1850.0 1.83824
4350.0 1850.0 2.53760
4450.0 1850.0 2.36008
4550.0 1850.0 1.56362
4650.0 1850.0 0.63951
4750.0 1850.0 -0.05189
4850.0 1850.0 -0.13679
4950.0 1850.0 0.27996
5050.0 1850.0 0.76574
5150.0 1850.0 0.84358
5250.0 1850.0 0.30167
5350.0 1850.0 -0.51862
5450.0 1850.0 -1.08159
5550.0 1850.0 -1.05258
5650.0 1850.0 -0.41333
5750.0 1850.0 0.46811
5850.0 1850.0 1.04971
5950.0 1850.0 1.11431
6050.0 1850.0 1.11824
6150.0 1850.0 1.18159
6250.0 1850.0 1.10790
6350.0 1850.0 0.75526
50.0 1950.0 0.30668
150.0 1950.0 0.16402
250.0 1950.0 0.22243
350.0 1950.0 0.36432
450.0 1950.0 0.38162
550.0 1950.0 0.15429
650.0 1950.0 -0.28536
750.0 1950.0 -0.78688
850.0 1950.0 -0.92503
950.0 1950.0 -0.48656
1050.0 1950.0 0.20250
1150.0 1950.0 0.65559
1250.0 1950.0 0.53877
1350.0 1950.0 -0.11524
1450.0 1950.0 -0.87930
1550.0 1950.0 -1.39127
1650.0 1950.0 -1.44580
1750.0 1950.0 -1.09302
1850.0 1950.0 -0.64946
1950.0 1950.0 -0.49464
2050.0 1950.0 -0.66115
2150.0 1950.0 -0.75690
2250.0 1950.0 -0.60462
2350.0 1950.0 -0.22453
2450.0 1950.0 0.22159
2550.0 1950.0 0.52483
2650.0 1950.0 0.58219
2750.0 1950.0 0.55773
2850.0 1950.0 0.58999
2950.0 1950.0 0.60514
3050.0 1950.0 0.50529
3150.0 1950.0 0.27003
3250.0 1950.0 -0.03329
3350.0 1950.0 -0.33308
3450.0 1950.0 -0.78215
3550.0 1950.0 -1.38440
3650.0 1950.0 -1.78278
3750.0 1950.0 -1.71980
3850.0 1950.0 -1.25346
3950.0 1950.0 -0.66597
4050.0 1950.0 -0.03015
4150.0 1950.0 1.00530
4250.0 1950.0 2.06893
4350.0 1950.0 2.52062
4450.0 1950.0 2.12947
4550.0 1950.0 1.21668
4650.0 1950.0 0.26260
4750.0 1950.0 -0.39044
4850.0 1950.0 -0.32146
4950.0 1950.0 0.28624
5050.0 1950.0 0.88904
5150.0 1950.0 0.95009
5250.0 1950.0 0.27916
5350.0 1950.0 -0.70766
5450.0 1950.0 -1.44474
5550.0 1950.0 -1.57213
5650.0 1950.0 -1.04351
5750.0 1950.0 -0.22842
5850.0 1950.0 0.29984
5950.0 1950.0 0.29568
6050.0 1950.0 0.28775
6150.0 1950.0 0.53863
6250.0 1950.0 0.83357
6350.0 1950.0 0.89270
50.0 2050.0 -0.21598
150.0 2050.0 -0.32298
250.0 2050.0 -0.06696
350.0 2050.0 0.42902
450.0 2050.0 0.84268
550.0 2050.0 0.91443
650.0 2050.0 0.59741
750.0 2050.0 0.10395
850.0 2050.0 -0.07630
950.0 2050.0 0.24356
1050.0 2050.0 0.76609
1150.0 2050.0 1.06344
1250.0 2050.0 0.85411
1350.0 2050.0 0.17994
1450.0 2050.0 -0.56960
1550.0 2050.0 -0.99982
1650.0 2050.0 -0.90180
1750.0 2050.0 -0.37233
1850.0 2050.0 0.21087
1950.0 2050.0 0.42975
2050.0 2050.0 0.27014
2150.0 2050.0 0.06043
2250.0 2050.0 -0.13599
2350.0 2050.0 -0.26578
2450.0 2050.0 -0.31450
2550.0 2050.0 -0.32320
2650.0 2050.0 -0.34993
2750.0 2050.0 -0.35621
2850.0 2050.0 -0.16615
2950.0 2050.0 0.16607
3050.0 2050.0 0.44649
3150.0 2050.0 0.52048
3250.0 2050.0 0.36407
3350.0 2050.0 0.08389
3450.0 2050.0 -0.33614
3550.0 2050.0 -0.85555
3650.0 2050.0 -1.13372
3750.0 2050.0 -0.95398
3850.0 2050.0 -0.41293
3950.0 2050.0 0.19599
4050.0 2050.0 0.81171
4150.0 2050.0 1.66957
4250.0 2050.0 2.36272
4350.0 2050.0 2.36113
4450.0 2050.0 1.59404
4550.0 2050.0 0.49623
4650.0 2050.0 -0.48068
4750.0 2050.0 -1.09201
4850.0 2050.0 -0.87509
4950.0 2050.0 -0.04068
5050.0 2050.0 0.78738
5150.0 2050.0 0.99353
5250.0 2050.0 0.36006
5350.0 2050.0 -0.64262
5450.0 2050.0 -1.44188
5550.0 2050.0 -1.69074
5650.0 2050.0 -1.30971
5750.0 2050.0 -0.61934
5850.0 2050.0 -0.15786
5950.0 2050.0 -0.17704
6050.0 2050.0 -0.15998
6150.0 2050.0 0.21227
6250.0 2050.0 0.71127
6350.0 2050.0 0.98787
50.0 2150.0 -0.82543
150.0 2150.0 -0.92372
250.0 2150.0 -0.51319
350.0 2150.0 0.27976
450.0 2150.0 1.03096
550.0 2150.0 1.35444
650.0 2150.0 1.13019
750.0 2150.0 0.62426
850.0 2150.0 0.36667
950.0 2150.0 0.53305
1050.0 2150.0 0.89486
1150.0 2150.0 1.09880
1250.0 2150.0 0.89315
1350.0 2150.0 0.29173
1450.0 2150.0 -0.36107
1550.0 2150.0 -0.66213
1650.0 2150.0 -0.43247
1750.0 2150.0 0.18796
1850.0 2150.0 0.80626
1950.0 2150.0 1.02462
2050.0 2150.0 0.85559
2150.0 2150.0 0.53129
2250.0 2150.0 0.01464
2350.0 2150.0 -0.56541
2450.0 2150.0 -1.03528
2550.0 2150.0 -1.29510
2650.0 2150.0 -1.37429
2750.0 2150.0 -1.34179
2850.0 2150.0 -0.96359
2950.0 2150.0 -0.26929
3050.0 2150.0 0.44689
3150.0 2150.0 0.88517
3250.0 2150.0 0.91943
3350.0 2150.0 0.69093
3450.0 2150.0 0.31669
3550.0 2150.0 -0.13762
3650.0 2150.0 -0.34280
3750.0 2150.0 -0.09938
3850.0 2150.0 0.48521
3950.0 2150.0 1.11910
4050.0 2150.0 1.73170
4150.0 2150.0 2.42171
4250.0 2150.0 2.75778
4350.0 2150.0 2.33511
4450.0 2150.0 1.24580
4550.0 2150.0 0.02669
4650.0 2150.0 -0.91214
4750.0 2150.0 -1.46171
4850.0 2150.0 -1.18465
4950.0 2150.0 -0.30067
5050.0 2150.0 0.56302
5150.0 2150.0 0.79700
5250.0 2150.0 0.19394
5350.0 2150.0 -0.77605
5450.0 2150.0 -1.56405
5550.0 2150.0 -1.84178
5650.0 2150.0 -1.52421
5750.0 2150.0 -0.90459
5850.0 2150.0 -0.48813
5950.0 2150.0 -0.51726
6050.0 2150.0 -0.48815
6150.0 2150.0 -0.05407
6250.0 2150.0 0.55615
6350.0 2150.0 0.96114
50.0 2250.0 -1.30406
150.0 2250.0 -1.46272
250.0 2250.0 -1.03496
350.0 2250.0 -0.14038
450.0 2250.0 0.74775
550.0 2250.0 1.17207
650.0 2250.0 0.96353
750.0 2250.0 0.40924
850.0 2250.0 0.01113
950.0 2250.0 -0.03919
1050.0 2250.0 0.17614
1150.0 2250.0 0.40929
1250.0 2250.0 0.39549
1350.0 2250.0 0.04946
1450.0 2250.0 -0.34700
1550.0 2250.0 -0.43847
1650.0 2250.0 -0.13883
1750.0 2250.0 0.38558
1850.0 2250.0 0.82537
1950.0 2250.0 0.92023
2050.0 2250.0 0.72081
2150.0 2250.0 0.32020
2250.0 2250.0 -0.37025
2350.0 2250.0 -1.16586
2450.0 2250.0 -1.80915
2550.0 2250.0 -2.14439
2650.0 2250.0 -2.20660
2750.0 2250.0 -2.11534
2850.0 2250.0 -1.58300
2950.0 2250.0 -0.60832
3050.0 2250.0 0.46111
3150.0 2250.0 1.22642
3250.0 2250.0 1.47702
3350.0 2250.0 1.36486
3450.0 2250.0 1.07458
3550.0 2250.0 0.64651
3650.0 2250.0 0.40757
3750.0 2250.0 0.59199
3850.0 2250.0 1.14450
3950.0 2250.0 1.80542
4050.0 2250.0 2.45354
4150.0 2250.0 3.04184
4250.0 2250.0 3.14524
4350.0 2250.0 2.48459
4450.0 2250.0 1.27762
4550.0 2250.0 0.11072
4650.0 2250.0 -0.66482
4750.0 2250.0 -1.10531
4850.0 2250.0 -0.91508
4950.0 2250.0 -0.29897
5050.0 2250.0 0.24631
5150.0 2250.0 0.27545
5250.0 2250.0 -0.33036
5350.0 2250.0 -1.19723
5450.0 2250.0 -1.85737
5550.0 2250.0 -2.00952
5650.0 2250.0 -1.61223
5750.0 2250.0 -0.97238
5850.0 2250.0 -0.56925
5950.0 2250.0 -0.60963
6050.0 2250.0 -0.60094
6150.0 2250.0 -0.21372
6250.0 2250.0 0.34885
6350.0 2250.0 0.73594
50.0 2350.0 -1.37405
150.0 2350.0 -1.64886
250.0 2350.0 -1.34394
350.0 2350.0 -0.56345
450.0 2350.0 0.23313
550.0 2350.0 0.58689
650.0 2350.0 0.31416
750.0 2350.0 -0.31400
850.0 2350.0 -0.88841
950.0 2350.0 -1.18000
1050.0 2350.0 -1.07673
1150.0 2350.0 -0.70894
1250.0 2350.0 -0.39080
1350.0 2350.0 -0.35571
1450.0 2350.0 -0.39147
1550.0 2350.0 -0.23622
1650.0 2350.0 0.06063
1750.0 2350.0 0.32757
1850.0 2350.0 0.41761
1950.0 2350.0 0.29437
2050.0 2350.0 0.05056
2150.0 2350.0 -0.36194
2250.0 2350.0 -1.01378
2350.0 2350.0 -1.70269
2450.0 2350.0 -2.19489
2550.0 2350.0 -2.38910
2650.0 2350.0 -2.36228
2750.0 2350.0 -2.21473
2850.0 2350.0 -1.66485
2950.0 2350.0 -0.68822
3050.0 2350.0 0.41447
3150.0 2350.0 1.26961
3250.0 2350.0 1.65560
3350.0 2350.0 1.69313
3450.0 2350.0 1.50771
3550.0 2350.0 1.06445
3650.0 2350.0 0.69700
3750.0 2350.0 0.71718
3850.0 2350.0 1.17199
3950.0 2350.0 1.85704
4050.0 2350.0 2.57247
4150.0 2350.0 3.15491
4250.0 2350.0 3.21646
4350.0 2350.0 2.57202
4450.0 2350.0 1.49363
4550.0 2350.0 0.54907
4650.0 2350.0 0.02771
4750.0 2350.0 -0.25999
4850.0 2350.0 -0.21212
4950.0 2350.0 -0.00931
5050.0 2350.0 0.04909
5150.0 2350.0 -0.23593
5250.0 2350.0 -0.85163
5350.0 2350.0 -1.56911
5450.0 2350.0 -2.03726
5550.0 2350.0 -1.99166
5650.0 2350.0 -1.45840
5750.0 2350.0 -0.77146
5850.0 2350.0 -0.37821
5950.0 2350.0 -0.43345
6050.0 2350.0 -0.46964
6150.0 2350.0 -0.21306
6250.0 2350.0 0.17747
6350.0 2350.0 0.42973
50.0 2450.0 -0.99821
150.0 2450.0 -1.39666
250.0 2450.0 -1.27102
350.0 2450.0 -0.70834
450.0 2450.0 -0.11969
550.0 2450.0 0.07663
650.0 2450.0 -0.29382
750.0 2450.0 -0.99476
850.0 2450.0 -1.73058
950.0 2450.0 -2.23254
1050.0 2450.0 -2.20717
1150.0 2450.0 -1.68232
1250.0 2450.0 -1.02882
1350.0 2450.0 -0.62384
1450.0 2450.0 -0.31665
1550.0 2450.0 0.05438
1650.0 2450.0 0.30907
1750.0 2450.0 0.28342
1850.0 2450.0 0.00242
1950.0 2450.0 -0.34552
2050.0 2450.0 -0.63178
2150.0 2450.0 -1.00429
2250.0 2450.0 -1.46757
2350.0 2450.0 -1.83531
2450.0 2450.0 -1.97230
2550.0 2450.0 -1.90027
2650.0 2450.0 -1.75415
2750.0 2450.0 -1.57464
2850.0 2450.0 -1.16638
2950.0 2450.0 -0.49936
3050.0 2450.0 0.26673
3150.0 2450.0 0.91260
3250.0 2450.0 1.29185
3350.0 2450.0 1.45920
3450.0 2450.0 1.36865
3550.0 2450.0 0.89167
3650.0 2450.0 0.37202
3750.0 2450.0 0.20594
3850.0 2450.0 0.54836
3950.0 2450.0 1.25120
4050.0 2450.0 2.03900
4150.0 2450.0 2.68317
4250.0 2450.0 2.84503
4350.0 2450.0 2.38810
4450.0 2450.0 1.57585
4550.0 2450.0 0.91515
4650.0 2450.0 0.64696
4750.0 2450.0 0.52495
4850.0 2450.0 0.50461
4950.0 2450.0 0.41781
5050.0 2450.0 0.11837
5150.0 2450.0 -0.39400
5250.0 2450.0 -0.99525
5350.0 2450.0 -1.57078
5450.0 2450.0 -1.87714
5550.0 2450.0 -1.69194
5650.0 2450.0 -1.09186
5750.0 2450.0 -0.41437
5850.0 2450.0 -0.05917
5950.0 2450.0 -0.13304
6050.0 2450.0 -0.21508
6150.0 2450.0 -0.09521
6250.0 2450.0 0.11165
6350.0 2450.0 0.21498
50.0 2550.0 -0.44506
150.0 2550.0 -0.92063
250.0 2550.0 -0.90743
350.0 2550.0 -0.48181
450.0 2550.0 -0.02425
550.0 2550.0 0.07285
650.0 2550.0 -0.35893
750.0 2550.0 -1.10541
850.0 2550.0 -1.94677
950.0 2550.0 -2.59332
1050.0 2550.0 -2.63539
1150.0 2550.0 -2.03041
1250.0 2550.0 -1.17864
1350.0 2550.0 -0.54580
1450.0 2550.0 -0.02462
1550.0 2550.0 0.48368
1650.0 2550.0 0.71758
1750.0 2550.0 0.51607
1850.0 2550.0 0.00897
1950.0 2550.0 -0.47673
2050.0 2550.0 -0.78875
2150.0 2550.0 -1.11768
2250.0 2550.0 -1.40854
2350.0 2550.0 -1.49690
2450.0 2550.0 -1.33643
2550.0 2550.0 -1.05115
2650.0 2550.0 -0.81849
2750.0 2550.0 -0.63675
2850.0 2550.0 -0.44284
2950.0 2550.0 -0.21651
3050.0 2550.0 0.04661
3150.0 2550.0 0.32689
3250.0 2550.0 0.59304
3350.0 2550.0 0.83015
3450.0 2550.0 0.80006
3550.0 2550.0 0.30673
3650.0 2550.0 -0.30070
3750.0 2550.0 -0.57584
3850.0 2550.0 -0.29889
3950.0 2550.0 0.41633
4050.0 2550.0 1.25101
4150.0 2550.0 1.94955
4250.0 2550.0 2.20708
4350.0 2550.0 1.90752
4450.0 2550.0 1.29467
4550.0 2550.0 0.82727
4650.0 2550.0 0.71901
4750.0 2550.0 0.73561
4850.0 2550.0 0.80138
4950.0 2550.0 0.73584
5050.0 2550.0 0.41980
5150.0 2550.0 -0.09440
5250.0 2550.0 -0.64170
5350.0 2550.0 -1.13198
5450.0 2550.0 -1.38137
5550.0 2550.0 -1.20658
5650.0 2550.0 -0.68812
5750.0 2550.0 -0.12216
5850.0 2550.0 0.15424
5950.0 2550.0 0.06041
6050.0 2550.0 -0.04406
6150.0 2550.0 0.01575
6250.0 2550.0 0.14934
6350.0 2550.0 0.20328
50.0 2650.0 -0.04725
150.0 2650.0 -0.53214
250.0 2650.0 -0.49405
350.0 2650.0 -0.00861
450.0 2650.0 0.52069
550.0 2650.0 0.67107
650.0 2650.0 0.25517
750.0 2650.0 -0.50192
850.0 2650.0 -1.38818
950.0 2650.0 -2.11961
1050.0 2650.0 -2.24516
1150.0 2650.0 -1.68096
1250.0 2650.0 -0.81456
1350.0 2650.0 -0.13117
1450.0 2650.0 0.44951
1550.0 2650.0 1.01861
1650.0 2650.0 1.29431
1750.0 2650.0 1.10139
1850.0 2650.0 0.57773
1950.0 2650.0 0.07454
2050.0 2650.0 -0.24291
2150.0 2650.0 -0.56880
2250.0 2650.0 -0.83934
2350.0 2650.0 -0.89049
2450.0 2650.0 -0.68678
2550.0 2650.0 -0.36732
2650.0 2650.0 -0.11771
2750.0 2650.0 0.04832
2850.0 2650.0 0.07096
2950.0 2650.0 -0.04433
3050.0 2650.0 -0.18068
3150.0 2650.0 -0.21099
3250.0 2650.0 -0.07411
3350.0 2650.0 0.17097
3450.0 2650.0 0.16478
3550.0 2650.0 -0.30589
3650.0 2650.0 -0.89555
3750.0 2650.0 -1.15877
3850.0 2650.0 -0.87268
3950.0 2650.0 -0.14670
4050.0 2650.0 0.69690
4150.0 2650.0 1.38110
4250.0 2650.0 1.60415
4350.0 2650.0 1.27280
4450.0 2650.0 0.65136
4550.0 2650.0 0.20429
4650.0 2650.0 0.13399
4750.0 2650.0 0.24225
4850.0 2650.0 0.53277
4950.0 2650.0 0.79021
5050.0 2650.0 0.79463
5150.0 2650.0 0.49997
5250.0 2650.0 0.03741
5350.0 2650.0 -0.43580
5450.0 2650.0 -0.73999
5550.0 2650.0 -0.72252
5650.0 2650.0 -0.42093
5750.0 2650.0 -0.05167
5850.0 2650.0 0.11679
5950.0 2650.0 0.00450
6050.0 2650.0 -0.09066
6150.0 2650.0 0.01540
6250.0 2650.0 0.23130
6350.0 2650.0 0.37934
50.0 2750.0 0.19586
150.0 2750.0 -0.26534
250.0 2750.0 -0.12639
350.0 2750.0 0.53223
450.0 2750.0 1.25123
550.0 2750.0 1.54238
650.0 2750.0 1.18330
750.0 2750.0 0.42953
850.0 2750.0 -0.48184
950.0 2750.0 -1.28835
1050.0 2750.0 -1.52785
1150.0 2750.0 -1.08120
1250.0 2750.0 -0.29748
1350.0 2750.0 0.35101
1450.0 2750.0 0.91813
1550.0 2750.0 1.50625
1650.0 2750.0 1.83856
1750.0 2750.0 1.71935
1850.0 2750.0 1.25536
1950.0 2750.0 0.77513
2050.0 2750.0 0.45197
2150.0 2750.0 0.10322
2250.0 2750.0 -0.21562
2350.0 2750.0 -0.32633
2450.0 2750.0 -0.17167
2550.0 2750.0 0.12402
2650.0 2750.0 0.37399
2750.0 2750.0 0.52981
2850.0 2750.0 0.43132
2950.0 2750.0 0.06667
3050.0 2750.0 -0.37179
3150.0 2750.0 -0.64950
3250.0 2750.0 -0.63081
3350.0 2750.0 -0.40100
3450.0 2750.0 -0.39637
3550.0 2750.0 -0.82746
3650.0 2750.0 -1.36297
3750.0 2750.0 -1.58176
3850.0 2750.0 -1.27867
3950.0 2750.0 -0.56363
4050.0 2750.0 0.25401
4150.0 2750.0 0.87481
4250.0 2750.0 0.99639
4350.0 2750.0 0.55766
4450.0 2750.0 -0.14200
4550.0 2750.0 -0.62136
4650.0 2750.0 -0.69117
4750.0 2750.0 -0.50505
4850.0 2750.0 0.05427
4950.0 2750.0 0.72608
5050.0 2750.0 1.14821
5150.0 2750.0 1.13097
5250.0 2750.0 0.75195
5350.0 2750.0 0.26530
5450.0 2750.0 -0.13437
5550.0 2750.0 -0.32065
5650.0 2750.0 -0.27530
5750.0 2750.0 -0.12699
5850.0 2750.0 -0.07747
5950.0 2750.0 -0.21420
6050.0 2750.0 -0.29817
6150.0 2750.0 -0.11856
6250.0 2750.0 0.23155
6350.0 2750.0 0.53342
50.0 2850.0 0.20415
150.0 2850.0 -0.19323
250.0 2850.0 0.12830
350.0 2850.0 1.07381
450.0 2850.0 2.09401
550.0 2850.0 2.60335
650.0 2850.0 2.33371
750.0 2850.0 1.59227
850.0 2850.0 0.67182
950.0 2850.0 -0.21270
1050.0 2850.0 -0.63059
1150.0 2850.0 -0.43256
1250.0 2850.0 0.11115
1350.0 2850.0 0.58892
1450.0 2850.0 1.02077
1550.0 2850.0 1.52113
1650.0 2850.0 1.84342
1750.0 2850.0 1.77707
1850.0 2850.0 1.37299
1950.0 2850.0 0.89853
2050.0 2850.0 0.52527
2150.0 2850.0 0.12147
2250.0 2850.0 -0.22404
2350.0 2850.0 -0.30089
2450.0 2850.0 -0.05576
2550.0 2850.0 0.34421
2650.0 2850.0 0.66726
2750.0 2850.0 0.86813
2850.0 2850.0 0.74590
2950.0 2850.0 0.25415
3050.0 2850.0 -0.38506
3150.0 2850.0 -0.86051
3250.0 2850.0 -0.95998
3350.0 2850.0 -0.76698
3450.0 2850.0 -0.75594
3550.0 2850.0 -1.13325
3650.0 2850.0 -1.62550
3750.0 2850.0 -1.86722
3850.0 2850.0 -1.66374
3950.0 2850.0 -1.09092
4050.0 2850.0 -0.42513
4150.0 2850.0 0.04024
4250.0 2850.0 0.05695
4350.0 2850.0 -0.39087
4450.0 2850.0 -1.02116
4550.0 2850.0 -1.42259
4650.0 2850.0 -1.45409
4750.0 2850.0 -1.17158
4850.0 2850.0 -0.35562
4950.0 2850.0 0.66935
5050.0 2850.0 1.40921
5150.0 2850.0 1.56732
5250.0 2850.0 1.20348
5350.0 2850.0 0.66149
5450.0 2850.0 0.15568
5550.0 2850.0 -0.20407
5650.0 2850.0 -0.36555
5750.0 2850.0 -0.40303
5850.0 2850.0 -0.47640
5950.0 2850.0 -0.67728
6050.0 2850.0 -0.81311
6150.0 2850.0 -0.64864
6250.0 2850.0 -0.22619
6350.0 2850.0 0.23868
50.0 2950.0 -0.02145
150.0 2950.0 -0.32687
250.0 2950.0 0.18319
350.0 2950.0 1.39185
450.0 2950.0 2.67058
550.0 2950.0 3.35960
650.0 2950.0 3.16557
750.0 2950.0 2.44506
850.0 2950.0 1.57052
950.0 2950.0 0.70460
1050.0 2950.0 0.17492
1150.0 2950.0 0.10661
1250.0 2950.0 0.31081
1350.0 2950.0 0.48304
1450.0 2950.0 0.64563
1550.0 2950.0 0.95299
1650.0 2950.0 1.21748
1750.0 2950.0 1.21132
1850.0 2950.0 0.89115
1950.0 2950.0 0.41338
2050.0 2950.0 -0.05931
2150.0 2950.0 -0.56420
2250.0 2950.0 -0.94115
2350.0 2950.0 -0.92122
2450.0 2950.0 -0.46921
2550.0 2950.0 0.15379
2650.0 2950.0 0.62512
2750.0 2950.0 0.93734
2850.0 2950.0 0.93085
2950.0 2950.0 0.50848
3050.0 2950.0 -0.14754
3150.0 2950.0 -0.70874
3250.0 2950.0 -0.90025
3350.0 2950.0 -0.76537
3450.0 2950.0 -0.74476
3550.0 2950.0 -1.02630
3650.0 2950.0 -1.44836
3750.0 2950.0 -1.74986
3850.0 2950.0 -1.75170
3950.0 2950.0 -1.46116
4050.0 2950.0 -1.08759
4150.0 2950.0 -0.87342
4250.0 2950.0 -0.94961
4350.0 2950.0 -1.27677
4450.0 2950.0 -1.65586
4550.0 2950.0 -1.84754
4650.0 2950.0 -1.79728
4750.0 2950.0 -1.42149
4850.0 2950.0 -0.44959
4950.0 2950.0 0.72319
5050.0 2950.0 1.52874
5150.0 2950.0 1.65290
5250.0 2950.0 1.19707
5350.0 2950.0 0.55588
5450.0 2950.0 -0.02702
5550.0 2950.0 -0.43523
5650.0 2950.0 -0.63286
5750.0 2950.0 -0.71795
5850.0 2950.0 -0.86717
5950.0 2950.0 -1.16896
6050.0 2950.0 -1.43752
6150.0 2950.0 -1.42896
6250.0 2950.0 -1.07109
6350.0 2950.0 -0.50409
50.0 3050.0 -0.29539
150.0 3050.0 -0.52080
250.0 3050.0 0.06559
350.0 3050.0 1.32657
450.0 3050.0 2.62392
550.0 3050.0 3.31086
650.0 3050.0 3.11999
750.0 3050.0 2.42171
850.0 3050.0 1.66322
950.0 3050.0 0.98567
1050.0 3050.0 0.55475
1150.0 3050.0 0.38635
1250.0 3050.0 0.31667
1350.0 3050.0 0.15635
1450.0 3050.0 0.00295
1550.0 3050.0 0.09754
1650.0 3050.0 0.32264
1750.0 3050.0 0.42095
1850.0 3050.0 0.22581
1950.0 3050.0 -0.24472
2050.0 3050.0 -0.83452
2150.0 3050.0 -1.47104
2250.0 3050.0 -1.92059
2350.0 3050.0 -1.83721
2450.0 3050.0 -1.18948
2550.0 3050.0 -0.33309
2650.0 3050.0 0.30582
2750.0 3050.0 0.75980
2850.0 3050.0 0.96171
2950.0 3050.0 0.76182
3050.0 3050.0 0.25202
3150.0 3050.0 -0.27741
3250.0 3050.0 -0.51618
3350.0 3050.0 -0.44366
3450.0 3050.0 -0.40153
3550.0 3050.0 -0.53662
3650.0 3050.0 -0.82586
3750.0 3050.0 -1.14878
3850.0 3050.0 -1.36151
3950.0 3050.0 -1.39572
4050.0 3050.0 -1.36552
4150.0 3050.0 -1.42837
4250.0 3050.0 -1.57231
4350.0 3050.0 -1.70507
4450.0 3050.0 -1.74407
4550.0 3050.0 -1.66646
4650.0 3050.0 -1.51713
4750.0 3050.0 -1.08128
4850.0 3050.0 -0.10732
4950.0 3050.0 0.95436
5050.0 3050.0 1.54511
5150.0 3050.0 1.43086
5250.0 3050.0 0.80239
5350.0 3050.0 0.04984
5450.0 3050.0 -0.54471
5550.0 3050.0 -0.83321
5650.0 3050.0 -0.84943
5750.0 3050.0 -0.79862
5850.0 3050.0 -0.93730
5950.0 3050.0 -1.34328
6050.0 3050.0 -1.78815
6150.0 3050.0 -2.04290
6250.0 3050.0 -1.89060
6350.0 3050.0 -1.33909
50.0 3150.0 -0.40620
150.0 3150.0 -0.59475
250.0 3150.0 -0.08605
350.0 3150.0 0.97162
450.0 3150.0 2.01193
550.0 3150.0 2.49397
650.0 3150.0 2.22393
750.0 3150.0 1.54123
850.0 3150.0 0.93808
950.0 3150.0 0.57952
1050.0 3150.0 0.46101
1150.0 3150.0 0.42945
1250.0 3150.0 0.26923
1350.0 3150.0 -0.12848
1450.0 3150.0 -0.52960
1550.0 3150.0 -0.57179
1650.0 3150.0 -0.31532
1750.0 3150.0 -0.06114
1850.0 3150.0 -0.10017
1950.0 3150.0 -0.54075
2050.0 3150.0 -1.22313
2150.0 3150.0 -1.98698
2250.0 3150.0 -2.55888
2350.0 3150.0 -2.51720
2450.0 3150.0 -1.80145
2550.0 3150.0 -0.81326
2650.0 3150.0 -0.05426
2750.0 3150.0 0.51733
2850.0 3150.0 0.91471
2950.0 3150.0 0.94896
3050.0 3150.0 0.62235
3150.0 3150.0 0.17127
3250.0 3150.0 -0.08092
3350.0 3150.0 -0.05566
3450.0 3150.0 0.02071
3550.0 3150.0 0.05827
3650.0 3150.0 -0.04151
3750.0 3150.0 -0.29935
3850.0 3150.0 -0.62775
3950.0 3150.0 -0.90686
4050.0 3150.0 -1.15142
4150.0 3150.0 -1.43249
4250.0 3150.0 -1.62254
4350.0 3150.0 -1.58935
4450.0 3150.0 -1.34728
4550.0 3150.0 -1.04960
4650.0 3150.0 -0.82052
4750.0 3150.0 -0.36552
4850.0 3150.0 0.50491
4950.0 3150.0 1.31261
5050.0 3150.0 1.56244
5150.0 3150.0 1.14274
5250.0 3150.0 0.33905
5350.0 3150.0 -0.49841
5450.0 3150.0 -1.04628
5550.0 3150.0 -1.11415
5650.0 3150.0 -0.82706
5750.0 3150.0 -0.53194
5850.0 3150.0 -0.59157
5950.0 3150.0 -1.07038
6050.0 3150.0 -1.67068
6150.0 3150.0 -2.19404
6250.0 3150.0 -2.30078
6350.0 3150.0 -1.86109
50.0 3250.0 -0.24348
150.0 3250.0 -0.44212
250.0 3250.0 -0.10767
350.0 3250.0 0.61175
450.0 3250.0 1.26234
550.0 3250.0 1.44722
650.0 3250.0 1.05920
750.0 3250.0 0.38162
850.0 3250.0 -0.08407
950.0 3250.0 -0.11829
1050.0 3250.0 0.15324
1150.0 3250.0 0.41349
1250.0 3250.0 0.34720
1350.0 3250.0 -0.12956
1450.0 3250.0 -0.63674
1550.0 3250.0 -0.69107
1650.0 3250.0 -0.32496
1750.0 3250.0 0.11029
1850.0 3250.0 0.22788
1950.0 3250.0 -0.16233
2050.0 3250.0 -0.88550
2150.0 3250.0 -1.73947
2250.0 3250.0 -2.45987
2350.0 3250.0 -2.57010
2450.0 3250.0 -1.95027
2550.0 3250.0 -0.98039
2650.0 3250.0 -0.18628
2750.0 3250.0 0.43858
2850.0 3250.0 0.91873
2950.0 3250.0 1.04620
3050.0 3250.0 0.78648
3150.0 3250.0 0.35730
3250.0 3250.0 0.09224
3350.0 3250.0 0.09532
3450.0 3250.0 0.21115
3550.0 3250.0 0.40540
3650.0 3250.0 0.50871
3750.0 3250.0 0.39537
3850.0 3250.0 0.08780
3950.0 3250.0 -0.28310
4050.0 3250.0 -0.65575
4150.0 3250.0 -1.04781
4250.0 3250.0 -1.28004
4350.0 3250.0 -1.19556
4450.0 3250.0 -0.84456
4550.0 3250.0 -0.45545
4650.0 3250.0 -0.19085
4750.0 3250.0 0.26117
4850.0 3250.0 1.04076
4950.0 3250.0 1.66361
5050.0 3250.0 1.68682
5150.0 3250.0 1.07911
5250.0 3250.0 0.17931
5350.0 3250.0 -0.69426
5450.0 3250.0 -1.18242
5550.0 3250.0 -1.06339
5650.0 3250.0 -0.52859
5750.0 3250.0 -0.02836
5850.0 3250.0 -0.00338
5950.0 3250.0 -0.50861
6050.0 3250.0 -1.19099
6150.0 3250.0 -1.88020
6250.0 3250.0 -2.17490
6350.0 3250.0 -1.85880
50.0 3350.0 0.10781
150.0 3350.0 -0.12435
250.0 3350.0 0.02392
350.0 3350.0 0.41091
450.0 3350.0 0.69119
550.0 3350.0 0.59887
650.0 3350.0 0.09990
750.0 3350.0 -0.57903
850.0 3350.0 -0.94777
950.0 3350.0 -0.72623
1050.0 3350.0 -0.10577
1150.0 3350.0 0.47224
1250.0 3350.0 0.58721
1350.0 3350.0 0.14202
1450.0 3350.0 -0.36275
1550.0 3350.0 -0.34392
1650.0 3350.0 0.17080
1750.0 3350.0 0.78156
1850.0 3350.0 1.03669
1950.0 3350.0 0.70439
2050.0 3350.0 -0.01957
2150.0 3350.0 -0.92714
2250.0 3350.0 -1.79453
2350.0 3350.0 -2.11111
2450.0 3350.0 -1.68483
2550.0 3350.0 -0.83154
2650.0 3350.0 -0.06377
2750.0 3350.0 0.56120
2850.0 3350.0 1.01486
2950.0 3350.0 1.08382
3050.0 3350.0 0.75088
3150.0 3350.0 0.26015
3250.0 3350.0 -0.03536
3350.0 3350.0 -0.03658
3450.0 3350.0 0.11697
3550.0 3350.0 0.43570
3650.0 3350.0 0.72271
3750.0 3350.0 0.78588
3850.0 3350.0 0.58599
3950.0 3350.0 0.23695
4050.0 3350.0 -0.15014
4150.0 3350.0 -0.57475
4250.0 3350.0 -0.85681
4350.0 3350.0 -0.82354
4450.0 3350.0 -0.50880
4550.0 3350.0 -0.13405
4650.0 3350.0 0.13086
4750.0 3350.0 0.57977
4850.0 3350.0 1.34096
4950.0 3350.0 1.93105
5050.0 3350.0 1.91722
5150.0 3350.0 1.28113
5250.0 3350.0 0.36877
5350.0 3350.0 -0.50523
5450.0 3350.0 -0.95325
5550.0 3350.0 -0.73978
5650.0 3350.0 -0.08446
5750.0 3350.0 0.51825
5850.0 3350.0 0.59434
5950.0 3350.0 0.09280
6050.0 3350.0 -0.60740
6150.0 3350.0 -1.35198
6250.0 3350.0 -1.72865
6350.0 3350.0 -1.49123
50.0 3450.0 0.35700
150.0 3450.0 0.13347
250.0 3450.0 0.12671
350.0 3450.0 0.19949
450.0 3450.0 0.12122
550.0 3450.0 -0.23248
650.0 3450.0 -0.81444
750.0 3450.0 -1.45887
850.0 3450.0 -1.71540
950.0 3450.0 -1.25275
1050.0 3450.0 -0.30530
1150.0 3450.0 0.58873
1250.0 3450.0 0.91757
1350.0 3450.0 0.56403
1450.0 3450.0 0.11485
1550.0 3450.0 0.18836
1650.0 3450.0 0.74757
1750.0 3450.0 1.38725
1850.0 3450.0 1.66074
1950.0 3450.0 1.34808
2050.0 3450.0 0.64917
2150.0 3450.0 -0.27714
2250.0 3450.0 -1.26459
2350.0 3450.0 -1.78766
2450.0 3450.0 -1.58544
2550.0 3450.0 -0.89206
2650.0 3450.0 -0.18436
2750.0 3450.0 0.41575
2850.0 3450.0 0.83415
2950.0 3450.0 0.87265
3050.0 3450.0 0.53332
3150.0 3450.0 0.06335
3250.0 3450.0 -0.19879
3350.0 3450.0 -0.16890
3450.0 3450.0 0.02545
3550.0 3450.0 0.41425
3650.0 3450.0 0.80050
3750.0 3450.0 0.97385
3850.0 3450.0 0.86934
3950.0 3450.0 0.58582
4050.0 3450.0 0.24921
4150.0 3450.0 -0.14210
4250.0 3450.0 -0.43440
4350.0 3450.0 -0.46058
4450.0 3450.0 -0.22848
4550.0 3450.0 0.08257
4650.0 3450.0 0.31928
4750.0 3450.0 0.73463
4850.0 3450.0 1.43847
4950.0 3450.0 1.96523
5050.0 3450.0 1.90577
5150.0 3450.0 1.25321
5250.0 3450.0 0.34731
5350.0 3450.0 -0.51030
5450.0 3450.0 -0.91279
5550.0 3450.0 -0.62003
5650.0 3450.0 0.12354
5750.0 3450.0 0.79351
5850.0 3450.0 0.89912
5950.0 3450.0 0.39767
6050.0 3450.0 -0.30489
6150.0 3450.0 -1.03828
6250.0 3450.0 -1.38125
6350.0 3450.0 -1.09161
50.0 3550.0 0.31764
150.0 3550.0 0.21103
250.0 3550.0 0.15277
350.0 3550.0 0.00306
450.0 3550.0 -0.35482
550.0 3550.0 -0.89618
650.0 3550.0 -1.48179
750.0 3550.0 -2.00817
850.0 3550.0 -2.13604
950.0 3550.0 -1.52612
1050.0 3550.0 -0.39968
1150.0 3550.0 0.69871
1250.0 3550.0 1.23347
1350.0 3550.0 1.06680
1450.0 3550.0 0.77001
1550.0 3550.0 0.85270
1650.0 3550.0 1.24319
1750.0 3550.0 1.61808
1850.0 3550.0 1.67336
1950.0 3550.0 1.30425
2050.0 3550.0 0.68064
2150.0 3550.0 -0.17990
2250.0 3550.0 -1.18426
2350.0 3550.0 -1.83968
2450.0 3550.0 -1.84803
2550.0 3550.0 -1.35216
2650.0 3550.0 -0.75649
2750.0 3550.0 -0.22681
2850.0 3550.0 0.14851
2950.0 3550.0 0.22860
3050.0 3550.0 0.03484
3150.0 3550.0 -0.23429
3250.0 3550.0 -0.32627
3350.0 3550.0 -0.19034
3450.0 3550.0 0.04975
3550.0 3550.0 0.38400
3650.0 3550.0 0.66852
3750.0 3550.0 0.77943
3850.0 3550.0 0.71148
3950.0 3550.0 0.56161
4050.0 3550.0 0.39499
4150.0 3550.0 0.17019
4250.0 3550.0 -0.03377
4350.0 3550.0 -0.10431
4450.0 3550.0 -0.01732
4550.0 3550.0 0.14753
4650.0 3550.0 0.30032
4750.0 3550.0 0.61728
4850.0 3550.0 1.17336
4950.0 3550.0 1.55487
5050.0 3550.0 1.40905
5150.0 3550.0 0.74492
5250.0 3550.0 -0.12643
5350.0 3550.0 -0.93862
5450.0 3550.0 -1.28176
5550.0 3550.0 -0.92844
5650.0 3550.0 -0.14767
5750.0 3550.0 0.52685
5850.0 3550.0 0.61676
5950.0 3550.0 0.09862
6050.0 3550.0 -0.59987
6150.0 3550.0 -1.24902
6250.0 3550.0 -1.40403
6350.0 3550.0 -0.86185
50.0 3650.0 0.05471
150.0 3650.0 0.15533
250.0 3650.0 0.18015
350.0 3650.0 -0.02057
450.0 3650.0 -0.48446
550.0 3650.0 -1.07304
650.0 3650.0 -1.56974
750.0 3650.0 -1.91748
850.0 3650.0 -1.95659
950.0 3650.0 -1.40730
1050.0 3650.0 -0.40350
1150.0 3650.0 0.63748
1250.0 3650.0 1.26493
1350.0 3650.0 1.32992
1450.0 3650.0 1.26052
1550.0 3650.0 1.34744
1650.0 3650.0 1.46665
1750.0 3650.0 1.42327
1850.0 3650.0 1.13487
1950.0 3650.0 0.67412
2050.0 3650.0 0.16456
2150.0 3650.0 -0.54463
2250.0 3650.0 -1.41968
2350.0 3650.0 -2.05063
2450.0 3650.0 -2.16088
2550.0 3650.0 -1.82827
2650.0 3650.0 -1.36647
2750.0 3650.0 -0.94452
2850.0 3650.0 -0.64809
2950.0 3650.0 -0.53335
3050.0 3650.0 -0.54129
3150.0 3650.0 -0.53501
3250.0 3650.0 -0.38349
3350.0 3650.0 -0.08983
3450.0 3650.0 0.19424
3550.0 3650.0 0.36605
3650.0 3650.0 0.37680
3750.0 3650.0 0.27401
3850.0 3650.0 0.18307
3950.0 3650.0 0.21147
4050.0 3650.0 0.30197
4150.0 3650.0 0.34395
4250.0 3650.0 0.30724
4350.0 3650.0 0.21226
4450.0 3650.0 0.11617
4550.0 3650.0 0.07857
4650.0 3650.0 0.10750
4750.0 3650.0 0.29026
4850.0 3650.0 0.67385
4950.0 3650.0 0.91474
5050.0 3650.0 0.71860
5150.0 3650.0 0.09091
5250.0 3650.0 -0.71120
5350.0 3650.0 -1.45768
5450.0 3650.0 -1.74325
5550.0 3650.0 -1.36926
5650.0 3650.0 -0.62166
5750.0 3650.0 -0.01667
5850.0 3650.0 0.00979
5950.0 3650.0 -0.53951
6050.0 3650.0 -1.24758
6150.0 3650.0 -1.83434
6250.0 3650.0 -1.81211
6350.0 3650.0 -1.00150
50.0 3750.0 -0.22314
150.0 3750.0 0.09964
250.0 3750.0 0.29200
350.0 3750.0 0.19109
450.0 3750.0 -0.21111
550.0 3750.0 -0.72189
650.0 3750.0 -1.08037
750.0 3750.0 -1.25117
850.0 3750.0 -1.27726
950.0 3750.0 -0.99018
1050.0 3750.0 -0.38865
1150.0 3750.0 0.33410
1250.0 3750.0 0.89808
1350.0 3750.0 1.15748
1450.0 3750.0 1.32047
1550.0 3750.0 1.45340
1650.0 3750.0 1.38139
1750.0 3750.0 1.01239
1850.0 3750.0 0.45223
1950.0 3750.0 -0.06952
2050.0 3750.0 -0.46273
2150.0 3750.0 -0.98692
2250.0 3750.0 -1.63087
2350.0 3750.0 -2.08898
2450.0 3750.0 -2.15749
2550.0 3750.0 -1.89788
2650.0 3750.0 -1.54584
2750.0 3750.0 -1.23682
2850.0 3750.0 -1.06301
2950.0 3750.0 -1.00120
3050.0 3750.0 -0.92821
3150.0 3750.0 -0.73174
3250.0 3750.0 -0.37717
3350.0 3750.0 0.06885
3450.0 3750.0 0.38904
3550.0 3750.0 0.37547
3650.0 3750.0 0.07828
3750.0 3750.0 -0.27262
3850.0 3750.0 -0.40990
3950.0 3750.0 -0.21161
4050.0 3750.0 0.13427
4150.0 3750.0 0.44561
4250.0 3750.0 0.58494
4350.0 3750.0 0.47824
4450.0 3750.0 0.21106
4550.0 3750.0 -0.02213
4650.0 3750.0 -0.11523
4750.0 3750.0 -0.04902
4850.0 3750.0 0.22331
4950.0 3750.0 0.41846
5050.0 3750.0 0.26822
5150.0 3750.0 -0.25843
5250.0 3750.0 -0.97102
5350.0 3750.0 -1.65348
5450.0 3750.0 -1.89895
5550.0 3750.0 -1.54218
5650.0 3750.0 -0.87521
5750.0 3750.0 -0.38010
5850.0 3750.0 -0.43790
5950.0 3750.0 -1.02141
6050.0 3750.0 -1.76580
6150.0 3750.0 -2.40056
6250.0 3750.0 -2.38265
6350.0 3750.0 -1.49595
50.0 3850.0 -0.29652
150.0 3850.0 0.17757
250.0 3850.0 0.51378
350.0 3850.0 0.53948
450.0 3850.0 0.24580
550.0 3850.0 -0.16327
650.0 3850.0 -0.41133
750.0 3850.0 -0.46820
850.0 3850.0 -0.54103
950.0 3850.0 -0.57327
1050.0 3850.0 -0.44000
1150.0 3850.0 -0.11657
1250.0 3850.0 0.29171
1350.0 3850.0 0.65153
1450.0 3850.0 0.97833
1550.0 3850.0 1.21722
1650.0 3850.0 1.16231
1750.0 3850.0 0.74357
1850.0 3850.0 0.13218
1950.0 3850.0 -0.37498
2050.0 3850.0 -0.68760
2150.0 3850.0 -1.06831
2250.0 3850.0 -1.49362
2350.0 3850.0 -1.74064
2450.0 3850.0 -1.68718
2550.0 3850.0 -1.41597
2650.0 3850.0 -1.12005
2750.0 3850.0 -0.89345
2850.0 3850.0 -0.86394
2950.0 3850.0 -0.96347
3050.0 3850.0 -0.98807
3150.0 3850.0 -0.78841
3250.0 3850.0 -0.35757
3350.0 3850.0 0.18189
3450.0 3850.0 0.52959
3550.0 3850.0 0.40863
3650.0 3850.0 -0.06908
3750.0 3850.0 -0.56174
3850.0 3850.0 -0.71646
3950.0 3850.0 -0.40404
4050.0 3850.0 0.10758
4150.0 3850.0 0.59118
4250.0 3850.0 0.83900
4350.0 3850.0 0.71740
4450.0 3850.0 0.33294
4550.0 3850.0 -0.03037
4650.0 3850.0 -0.20305
4750.0 3850.0 -0.19426
4850.0 3850.0 0.07229
4950.0 3850.0 0.34201
5050.0 3850.0 0.32831
5150.0 3850.0 -0.06037
5250.0 3850.0 -0.69149
5350.0 3850.0 -1.33253
5450.0 3850.0 -1.55909
5550.0 3850.0 -1.22948
5650.0 3850.0 -0.63513
5750.0 3850.0 -0.22878
5850.0 3850.0 -0.35041
5950.0 3850.0 -0.95758
6050.0 3850.0 -1.75985
6150.0 3850.0 -2.56610
6250.0 3850.0 -2.78091
6350.0 3850.0 -2.08742
50.0 3950.0 -0.08189
150.0 3950.0 0.43478
250.0 3950.0 0.80618
350.0 3950.0 0.85704
450.0 3950.0 0.58203
550.0 3950.0 0.19289
650.0 3950.0 -0.02700
750.0 3950.0 -0.05291
850.0 3950.0 -0.18373
950.0 3950.0 -0.42834
1050.0 3950.0 -0.59718
1150.0 3950.0 -0.54440
1250.0 3950.0 -0.27334
1350.0 3950.0 0.09471
1450.0 3950.0 0.48871
1550.0 3950.0 0.87599
1650.0 3950.0 1.04482
1750.0 3950.0 0.86220
1850.0 3950.0 0.43001
1950.0 3950.0 0.01105
2050.0 3950.0 -0.27112
2150.0 3950.0 -0.59468
2250.0 3950.0 -0.91081
2350.0 3950.0 -1.03054
2450.0 3950.0 -0.87822
2550.0 3950.0 -0.56413
2650.0 3950.0 -0.27428
2750.0 3950.0 -0.08441
2850.0 3950.0 -0.18849
2950.0 3950.0 -0.51508
3050.0 3950.0 -0.78131
3150.0 3950.0 -0.75180
3250.0 3950.0 -0.37802
3350.0 3950.0 0.18071
3450.0 3950.0 0.55154
3550.0 3950.0 0.44868
3650.0 3950.0 -0.00736
3750.0 3950.0 -0.46775
3850.0 3950.0 -0.57983
3950.0 3950.0 -0.22049
4050.0 3950.0 0.33815
4150.0 3950.0 0.86133
4250.0 3950.0 1.11900
4350.0 3950.0 0.96662
4450.0 3950.0 0.52622
4550.0 3950.0 0.11436
4650.0 3950.0 -0.08260
4750.0 3950.0 -0.06792
4850.0 3950.0 0.27861
4950.0 3950.0 0.69797
5050.0 3950.0 0.85481
5150.0 3950.0 0.59486
5250.0 3950.0 0.01592
5350.0 3950.0 -0.61246
5450.0 3950.0 -0.83268
5550.0 3950.0 -0.50904
5650.0 3950.0 0.06666
5750.0 3950.0 0.44935
5850.0 3950.0 0.31030
5950.0 3950.0 -0.30367
6050.0 3950.0 -1.16839
6150.0 3950.0 -2.21132
6250.0 3950.0 -2.80001
6350.0 3950.0 -2.48596
50.0 4050.0 0.29840
150.0 4050.0 0.81444
250.0 4050.0 1.15672
350.0 4050.0 1.15298
450.0 4050.0 0.81918
550.0 4050.0 0.39061
650.0 4050.0 0.16220
750.0 4050.0 0.14420
850.0 4050.0 -0.02969
950.0 4050.0 -0.41113
1050.0 4050.0 -0.77694
1150.0 4050.0 -0.90985
1250.0 4050.0 -0.74819
1350.0 4050.0 -0.40079
1450.0 4050.0 0.02445
1550.0 4050.0 0.56960
1650.0 4050.0 1.02601
1750.0 4050.0 1.17045
1850.0 4050.0 0.99112
1950.0 4050.0 0.68276
2050.0 4050.0 0.41226
2150.0 4050.0 0.10484
2250.0 4050.0 -0.16963
2350.0 4050.0 -0.23134
2450.0 4050.0 -0.02428
2550.0 4050.0 0.32364
2650.0 4050.0 0.62267
2750.0 4050.0 0.79772
2850.0 4050.0 0.58165
2950.0 4050.0 0.03000
3050.0 4050.0 -0.50885
3150.0 4050.0 -0.70505
3250.0 4050.0 -0.44385
3350.0 4050.0 0.09317
3450.0 4050.0 0.47682
3550.0 4050.0 0.44463
3650.0 4050.0 0.10555
3750.0 4050.0 -0.23275
3850.0 4050.0 -0.26239
3950.0 4050.0 0.12153
4050.0 4050.0 0.67992
4150.0 4050.0 1.19903
4250.0 4050.0 1.44668
4350.0 4050.0 1.27968
4450.0 4050.0 0.82425
4550.0 4050.0 0.40158
4650.0 4050.0 0.19888
4750.0 4050.0 0.23291
4850.0 4050.0 0.66785
4950.0 4050.0 1.23793
5050.0 4050.0 1.56110
5150.0 4050.0 1.42602
5250.0 4050.0 0.90087
5350.0 4050.0 0.28948
5450.0 4050.0 0.07255
5550.0 4050.0 0.38041
5650.0 4050.0 0.92894
5750.0 4050.0 1.28775
5850.0 4050.0 1.14104
5950.0 4050.0 0.53595
6050.0 4050.0 -0.37389
6150.0 4050.0 -1.64489
6250.0 4050.0 -2.62684
6350.0 4050.0 -2.74417
50.0 4150.0 0.90925
150.0 4150.0 1.45324
250.0 4150.0 1.72896
350.0 4150.0 1.58310
450.0 4150.0 1.10777
550.0 4150.0 0.61212
650.0 4150.0 0.41866
750.0 4150.0 0.48963
850.0 4150.0 0.33416
950.0 4150.0 -0.17290
1050.0 4150.0 -0.77272
1150.0 4150.0 -1.14475
1250.0 4150.0 -1.11857
1350.0 4150.0 -0.76919
1450.0 4150.0 -0.28329
1550.0 4150.0 0.39639
1650.0 4150.0 1.05586
1750.0 4150.0 1.41459
1850.0 4150.0 1.39774
1950.0 4150.0 1.16907
2050.0 4150.0 0.92472
2150.0 4150.0 0.63276
2250.0 4150.0 0.35776
2350.0 4150.0 0.27960
2450.0 4150.0 0.46416
2550.0 4150.0 0.79771
2650.0 4150.0 1.09832
2750.0 4150.0 1.27930
2850.0 4150.0 1.04041
2950.0 4150.0 0.39757
3050.0 4150.0 -0.30619
3150.0 4150.0 -0.69841
3250.0 4150.0 -0.60036
3350.0 4150.0 -0.17427
3450.0 4150.0 0.14151
3550.0 4150.0 0.14596
3650.0 4150.0 -0.04401
3750.0 4150.0 -0.18195
3850.0 4150.0 -0.05647
3950.0 4150.0 0.37515
4050.0 4150.0 0.93766
4150.0 4150.0 1.52289
4250.0 4150.0 1.90186
4350.0 4150.0 1.87853
4450.0 4150.0 1.51981
4550.0 4150.0 1.11698
4650.0 4150.0 0.87876
4750.0 4150.0 0.85689
4850.0 4150.0 1.24285
4950.0 4150.0 1.83952
5050.0 4150.0 2.29408
5150.0 4150.0 2.35280
5250.0 4150.0 2.00741
5350.0 4150.0 1.53551
5450.0 4150.0 1.33041
5550.0 4150.0 1.46564
5650.0 4150.0 1.73386
5750.0 4150.0 1.84797
5850.0 4150.0 1.61585
5950.0 4150.0 1.08630
6050.0 4150.0 0.25416
6150.0 4150.0 -1.07721
6250.0 4150.0 -2.32882
6350.0 4150.0 -2.87380
50.0 4250.0 1.49073
150.0 4250.0 2.10277
250.0 4250.0 2.28903
350.0 4250.0 1.93399
450.0 4250.0 1.26018
550.0 4250.0 0.69690
650.0 4250.0 0.60541
750.0 4250.0 0.86689
850.0 4250.0 0.82655
950.0 4250.0 0.26429
1050.0 4250.0 -0.53643
1150.0 4250.0 -1.13985
1250.0 4250.0 -1.23730
1350.0 4250.0 -0.84769
1450.0 4250.0 -0.27164
1550.0 4250.0 0.47140
1650.0 4250.0 1.15047
1750.0 4250.0 1.49358
1850.0 4250.0 1.45734
1950.0 4250.0 1.23986
2050.0 4250.0 1.03738
2150.0 4250.0 0.76429
2250.0 4250.0 0.44882
2350.0 4250.0 0.27947
2450.0 4250.0 0.36251
2550.0 4250.0 0.63206
2650.0 4250.0 0.92719
2750.0 4250.0 1.14377
2850.0 4250.0 1.02301
2950.0 4250.0 0.51569
3050.0 4250.0 -0.14663
3150.0 4250.0 -0.63861
3250.0 4250.0 -0.73783
3350.0 4250.0 -0.52915
3450.0 4250.0 -0.39277
3550.0 4250.0 -0.43487
3650.0 4250.0 -0.49858
3750.0 4250.0 -0.40176
3850.0 4250.0 -0.07182
3950.0 4250.0 0.42477
4050.0 4250.0 0.99364
4150.0 4250.0 1.70034
4250.0 4250.0 2.31886
4350.0 4250.0 2.55317
4450.0 4250.0 2.36131
4550.0 4250.0 1.98269
4650.0 4250.0 1.66794
4750.0 4250.0 1.48924
4850.0 4250.0 1.62715
4950.0 4250.0 2.05060
5050.0 4250.0 2.54532
5150.0 4250.0 2.84981
5250.0 4250.0 2.82840
5350.0 4250.0 2.64969
5450.0 4250.0 2.50482
5550.0 4250.0 2.35901
5650.0 4250.0 2.14267
5750.0 4250.0 1.83225
5850.0 4250.0 1.46676
5950.0 4250.0 1.10175
6050.0 4250.0 0.52163
6150.0 4250.0 -0.56756
6250.0 4250.0 -1.77830
6350.0 4250.0 -2.57849
50.0 4350.0 1.64083
150.0 4350.0 2.34400
250.0 4350.0 2.46098
350.0 4350.0 1.92089
450.0 4350.0 1.08287
550.0 4350.0 0.49558
650.0 4350.0 0.55249
750.0 4350.0 1.05035
850.0 4350.0 1.19559
950.0 4350.0 0.68635
1050.0 4350.0 -0.19274
1150.0 4350.0 -0.92343
1250.0 4350.0 -1.07945
1350.0 4350.0 -0.61961
1450.0 4350.0 0.04969
1550.0 4350.0 0.76829
1650.0 4350.0 1.28177
1750.0 4350.0 1.38867
1850.0 4350.0 1.16055
1950.0 4350.0 0.88402
2050.0 4350.0 0.72706
2150.0 4350.0 0.47930
2250.0 4350.0 0.12089
2350.0 4350.0 -0.15051
2450.0 4350.0 -0.18257
2550.0 4350.0 0.01438
2650.0 4350.0 0.30427
2750.0 4350.0 0.57520
2850.0 4350.0 0.67590
2950.0 4350.0 0.48555
3050.0 4350.0 0.05279
3150.0 4350.0 -0.41784
3250.0 4350.0 -0.69205
3350.0 4350.0 -0.74299
3450.0 4350.0 -0.85080
3550.0 4350.0 -1.03001
3650.0 4350.0 -1.05971
3750.0 4350.0 -0.79507
3850.0 4350.0 -0.29260
3950.0 4350.0 0.26098
4050.0 4350.0 0.83213
4150.0 4350.0 1.64160
4250.0 4350.0 2.45761
4350.0 4350.0 2.89017
4450.0 4350.0 2.80543
4550.0 4350.0 2.40862
4650.0 4350.0 1.99409
4750.0 4350.0 1.60395
4850.0 4350.0 1.36756
4950.0 4350.0 1.46807
5050.0 4350.0 1.89841
5150.0 4350.0 2.42668
5250.0 4350.0 2.77693
5350.0 4350.0 2.96179
5450.0 4350.0 2.94902
5550.0 4350.0 2.58929
5650.0 4350.0 1.94457
5750.0 4350.0 1.25576
5850.0 4350.0 0.80069
5950.0 4350.0 0.64831
6050.0 4350.0 0.42693
6150.0 4350.0 -0.15958
6250.0 4350.0 -0.98213
6350.0 4350.0 -1.73764
50.0 4450.0 1.24468
150.0 4450.0 2.03077
250.0 4450.0 2.12760
350.0 4450.0 1.49988
450.0 4450.0 0.59868
550.0 4450.0 0.04608
650.0 4450.0 0.24803
750.0 4450.0 0.94459
850.0 4450.0 1.27522
950.0 4450.0 0.89469
1050.0 4450.0 0.06827
1150.0 4450.0 -0.65844
1250.0 4450.0 -0.79791
1350.0 4450.0 -0.26503
1450.0 4450.0 0.47293
1550.0 4450.0 1.11937
1650.0 4450.0 1.39898
1750.0 4450.0 1.19941
1850.0 4450.0 0.72651
1950.0 4450.0 0.36395
2050.0 4450.0 0.24207
2150.0 4450.0 0.02493
2250.0 4450.0 -0.34084
2350.0 4450.0 -0.65608
2450.0 4450.0 -0.74440
2550.0 4450.0 -0.58328
2650.0 4450.0 -0.29143
2750.0 4450.0 0.02997
2850.0 4450.0 0.35268
2950.0 4450.0 0.50051
3050.0 4450.0 0.34723
3150.0 4450.0 -0.03427
3250.0 4450.0 -0.42059
3350.0 4450.0 -0.68385
3450.0 4450.0 -1.01365
3550.0 4450.0 -1.36974
3650.0 4450.0 -1.46610
3750.0 4450.0 -1.15631
3850.0 4450.0 -0.57187
3950.0 4450.0 0.01125
4050.0 4450.0 0.57708
4150.0 4450.0 1.41060
4250.0 4450.0 2.26276
4350.0 4450.0 2.70355
4450.0 4450.0 2.57807
4550.0 4450.0 2.10236
4650.0 4450.0 1.59694
4750.0 4450.0 1.02081
4850.0 4450.0 0.43554
4950.0 4450.0 0.20799
5050.0 4450.0 0.52338
5150.0 4450.0 1.19561
5250.0 4450.0 1.84075
5350.0 4450.0 2.33346
5450.0 4450.0 2.50147
5550.0 4450.0 2.12266
5650.0 4450.0 1.32312
5750.0 4450.0 0.49239
5850.0 4450.0 0.05272
5950.0 4450.0 0.09043
6050.0 4450.0 0.20046
6150.0 4450.0 0.16937
6250.0 4450.0 -0.10429
6350.0 4450.0 -0.58326
50.0 4550.0 0.54624
150.0 4550.0 1.38028
250.0 4550.0 1.50330
350.0 4550.0 0.89621
450.0 4550.0 0.03464
550.0 4550.0 -0.44803
650.0 4550.0 -0.15339
750.0 4550.0 0.64318
850.0 4550.0 1.08639
950.0 4550.0 0.82660
1050.0 4550.0 0.10577
1150.0 4550.0 -0.54483
1250.0 4550.0 -0.63208
1350.0 4550.0 -0.05322
1450.0 4550.0 0.71664
1550.0 4550.0 1.31606
1650.0 4550.0 1.45915
1750.0 4550.0 1.08419
1850.0 4550.0 0.47181
1950.0 4550.0 0.05869
2050.0 4550.0 -0.04613
2150.0 4550.0 -0.23210
2250.0 4550.0 -0.55405
2350.0 4550.0 -0.82241
2450.0 4550.0 -0.87267
2550.0 4550.0 -0.68824
2650.0 4550.0 -0.38487
2750.0 4550.0 -0.03757
2850.0 4550.0 0.40152
2950.0 4550.0 0.72974
3050.0 4550.0 0.73049
3150.0 4550.0 0.40601
3250.0 4550.0 -0.02946
3350.0 4550.0 -0.39690
3450.0 4550.0 -0.85168
3550.0 4550.0 -1.34574
3650.0 4550.0 -1.55138
3750.0 4550.0 -1.29512
3850.0 4550.0 -0.71957
3950.0 4550.0 -0.13619
4050.0 4550.0 0.41813
4150.0 4550.0 1.18736
4250.0 4550.0 1.89852
4350.0 4550.0 2.14906
4450.0 4550.0 1.84233
4550.0 4550.0 1.24837
4650.0 4550.0 0.68816
4750.0 4550.0 0.01703
4850.0 4550.0 -0.75241
4950.0 4550.0 -1.16089
5050.0 4550.0 -0.92191
5150.0 4550.0 -0.19220
5250.0 4550.0 0.59386
5350.0 4550.0 1.24583
5450.0 4550.0 1.58715
5550.0 4550.0 1.38642
5650.0 4550.0 0.74801
5750.0 4550.0 0.05092
5850.0 4550.0 -0.27497
5950.0 4550.0 -0.12743
6050.0 4550.0 0.16678
6150.0 4550.0 0.49502
6250.0 4550.0 0.63227
6350.0 4550.0 0.43788
50.0 4650.0 -0.14210
150.0 4650.0 0.70600
250.0 4650.0 0.87509
350.0 4650.0 0.34659
450.0 4650.0 -0.42550
550.0 4650.0 -0.83612
650.0 4650.0 -0.50441
750.0 4650.0 0.30695
850.0 4650.0 0.78245
950.0 4650.0 0.58690
1050.0 4650.0 -0.05244
1150.0 4650.0 -0.62991
1250.0 4650.0 -0.67276
1350.0 4650.0 -0.07950
1450.0 4650.0 0.69724
1550.0 4650.0 1.30763
1650.0 4650.0 1.46492
1750.0 4650.0 1.10379
1850.0 4650.0 0.50165
1950.0 4650.0 0.09417
2050.0 4650.0 -0.00690
2150.0 4650.0 -0.16416
2250.0 4650.0 -0.40763
2350.0 4650.0 -0.56491
2450.0 4650.0 -0.50953
2550.0 4650.0 -0.25962
2650.0 4650.0 0.06107
2750.0 4650.0 0.40914
2850.0 4650.0 0.84704
2950.0 4650.0 1.16730
3050.0 4650.0 1.15132
3150.0 4650.0 0.80511
3250.0 4650.0 0.35004
3350.0 4650.0 -0.03226
3450.0 4650.0 -0.51904
3550.0 4650.0 -1.08300
3650.0 4650.0 -1.38129
3750.0 4650.0 -1.21003
3850.0 4650.0 -0.68656
3950.0 4650.0 -0.11808
4050.0 4650.0 0.42244
4150.0 4650.0 1.07924
4250.0 4650.0 1.55543
4350.0 4650.0 1.51655
4450.0 4650.0 0.96706
4550.0 4650.0 0.25015
4650.0 4650.0 -0.33027
4750.0 4650.0 -1.01162
4850.0 4650.0 -1.79893
4950.0 4650.0 -2.22220
5050.0 4650.0 -1.98488
5150.0 4650.0 -1.24268
5250.0 4650.0 -0.43726
5350.0 4650.0 0.24505
5450.0 4650.0 0.72090
5550.0 4650.0 0.79339
5650.0 4650.0 0.49281
5750.0 4650.0 0.08478
5850.0 4650.0 -0.08482
5950.0 4650.0 0.09807
6050.0 4650.0 0.43101
6150.0 4650.0 0.86855
6250.0 4650.0 1.16261
6350.0 4650.0 1.11493
50.0 4750.0 -0.95069
150.0 4750.0 -0.15582
250.0 4750.0 0.02015
350.0 4750.0 -0.42672
450.0 4750.0 -1.07482
550.0 4750.0 -1.37894
650.0 4750.0 -1.00722
750.0 4750.0 -0.20577
850.0 4750.0 0.28367
950.0 4750.0 0.15521
1050.0 4750.0 -0.37723
1150.0 4750.0 -0.84618
1250.0 4750.0 -0.81891
1350.0 4750.0 -0.20625
1450.0 4750.0 0.57856
1550.0 4750.0 1.21853
1650.0 4750.0 1.42531
1750.0 4750.0 1.11687
1850.0 4750.0 0.55225
1950.0 4750.0 0.15818
2050.0 4750.0 0.05677
2150.0 4750.0 -0.04175
2250.0 4750.0 -0.11854
2350.0 4750.0 -0.05613
2450.0 4750.0 0.18193
2550.0 4750.0 0.51191
2650.0 4750.0 0.80975
2750.0 4750.0 1.09645
2850.0 4750.0 1.43782
2950.0 4750.0 1.63338
3050.0 4750.0 1.49713
3150.0 4750.0 1.06387
3250.0 4750.0 0.56280
3350.0 4750.0 0.15796
3450.0 4750.0 -0.35881
3550.0 4750.0 -0.97747
3650.0 4750.0 -1.35251
3750.0 4750.0 -1.26351
3850.0 4750.0 -0.80749
3950.0 4750.0 -0.28151
4050.0 4750.0 0.21115
4150.0 4750.0 0.70359
4250.0 4750.0 0.89722
4350.0 4750.0 0.55856
4450.0 4750.0 -0.19865
4550.0 4750.0 -0.97980
4650.0 4750.0 -1.52409
4750.0 4750.0 -2.14560
4850.0 4750.0 -2.85742
4950.0 4750.0 -3.21458
5050.0 4750.0 -2.94261
5150.0 4750.0 -2.19770
5250.0 4750.0 -1.40333
5350.0 4750.0 -0.71708
5450.0 4750.0 -0.09159
5550.0 4750.0 0.32412
5650.0 4750.0 0.45673
5750.0 4750.0 0.41348
5850.0 4750.0 0.42312
5950.0 4750.0 0.61638
6050.0 4750.0 0.94503
6150.0 4750.0 1.42577
6250.0 4750.0 1.80270
6350.0 4750.0 1.84290
50.0 4850.0 -1.83253
150.0 4850.0 -1.25697
250.0 4850.0 -1.19026
350.0 4850.0 -1.57815
450.0 4850.0 -2.03962
550.0 4850.0 -2.15400
650.0 4850.0 -1.71622
750.0 4850.0 -0.95800
850.0 4850.0 -0.48179
950.0 4850.0 -0.53897
1050.0 4850.0 -0.92267
1150.0 4850.0 -1.22051
1250.0 4850.0 -1.07123
1350.0 4850.0 -0.41823
1450.0 4850.0 0.38480
1550.0 4850.0 1.06614
1650.0 4850.0 1.32987
1750.0 4850.0 1.07217
1850.0 4850.0 0.53497
1950.0 4850.0 0.14251
2050.0 4850.0 0.03358
2150.0 4850.0 0.05384
2250.0 4850.0 0.30394
2350.0 4850.0 0.76240
2450.0 4850.0 1.27809
2550.0 4850.0 1.65894
2650.0 4850.0 1.81216
2750.0 4850.0 1.88969
2850.0 4850.0 1.97738
2950.0 4850.0 1.91001
3050.0 4850.0 1.56160
3150.0 4850.0 0.99222
3250.0 4850.0 0.40745
3350.0 4850.0 -0.06980
3450.0 4850.0 -0.64181
3550.0 4850.0 -1.28483
3650.0 4850.0 -1.67674
3750.0 4850.0 -1.62690
3850.0 4850.0 -1.24691
3950.0 4850.0 -0.82616
4050.0 4850.0 -0.46786
4150.0 4850.0 -0.23539
4250.0 4850.0 -0.36556
4350.0 4850.0 -0.93384
4450.0 4850.0 -1.73308
4550.0 4850.0 -2.39691
4650.0 4850.0 -2.76625
4750.0 4850.0 -3.18445
4850.0 4850.0 -3.67196
4950.0 4850.0 -3.86681
5050.0 4850.0 -3.54830
5150.0 4850.0 -2.84716
5250.0 4850.0 -2.11009
5350.0 4850.0 -1.44510
5450.0 4850.0 -0.66207
5550.0 4850.0 0.14165
5650.0 4850.0 0.76044
5750.0 4850.0 1.10994
5850.0 4850.0 1.28432
5950.0 4850.0 1.44129
6050.0 4850.0 1.71215
6150.0 4850.0 2.17670
6250.0 4850.0 2.57087
6350.0 4850.0 2.63066
50.0 4950.0 -2.26849
150.0 4950.0 -2.04522
250.0 4950.0 -2.19305
350.0 4950.0 -2.56487
450.0 4950.0 -2.81846
550.0 4950.0 -2.69869
650.0 4950.0 -2.18278
750.0 4950.0 -1.49532
850.0 4950.0 -1.07500
950.0 4950.0 -1.11518
1050.0 4950.0 -1.39728
1150.0 4950.0 -1.54937
1250.0 4950.0 -1.28166
1350.0 4950.0 -0.58194
1450.0 4950.0 0.24485
1550.0 4950.0 0.96241
1650.0 4950.0 1.26223
1750.0 4950.0 1.02313
1850.0 4950.0 0.48172
1950.0 4950.0 0.07137
2050.0 4950.0 -0.05247
2150.0 4950.0 0.09831
2250.0 4950.0 0.69687
2350.0 4950.0 1.53946
2450.0 4950.0 2.26295
2550.0 4950.0 2.58197
2650.0 4950.0 2.47194
2750.0 4950.0 2.23503
2850.0 4950.0 2.02213
2950.0 4950.0 1.73338
3050.0 4950.0 1.27813
3150.0 4950.0 0.67642
3250.0 4950.0 0.04425
3350.0 4950.0 -0.53766
3450.0 4950.0 -1.17296
3550.0 4950.0 -1.77852
3650.0 4950.0 -2.08317
3750.0 4950.0 -1.98201
3850.0 4950.0 -1.64793
3950.0 4950.0 -1.37089
4050.0 4950.0 -1.20915
4150.0 4950.0 -1.26362
4250.0 4950.0 -1.64980
4350.0 4950.0 -2.27020
4450.0 4950.0 -2.87997
4550.0 4950.0 -3.23411
4650.0 4950.0 -3.31347
4750.0 4950.0 -3.42981
4850.0 4950.0 -3.62683
4950.0 4950.0 -3.66306
5050.0 4950.0 -3.36964
5150.0 4950.0 -2.80352
5250.0 4950.0 -2.17765
5350.0 4950.0 -1.56221
5450.0 4950.0 -0.70467
5550.0 4950.0 0.32367
5650.0 4950.0 1.21884
5750.0 4950.0 1.76748
5850.0 4950.0 1.98279
5950.0 4950.0 2.04981
6050.0 4950.0 2.22289
6150.0 4950.0 2.63257
6250.0 4950.0 3.00544
6350.0 4950.0 3.04496
50.0 5050.0 -1.95852
150.0 5050.0 -2.09992
250.0 5050.0 -2.48925
350.0 5050.0 -2.88356
450.0 5050.0 -2.96768
550.0 5050.0 -2.64067
650.0 5050.0 -2.05782
750.0 5050.0 -1.44483
850.0 5050.0 -1.11355
950.0 5050.0 -1.22225
1050.0 5050.0 -1.51975
1150.0 5050.0 -1.63382
1250.0 5050.0 -1.31100
1350.0 5050.0 -0.57848
1450.0 5050.0 0.26898
1550.0 5050.0 1.00195
1650.0 5050.0 1.29840
1750.0 5050.0 1.03223
1850.0 5050.0 0.45080
1950.0 5050.0 0.00670
2050.0 5050.0 -0.13504
2150.0 5050.0 0.09665
2250.0 5050.0 0.89666
2350.0 5050.0 1.90849
2450.0 5050.0 2.62964
2550.0 5050.0 2.75164
2650.0 5050.0 2.33779
2750.0 5050.0 1.79496
2850.0 5050.0 1.38726
2950.0 5050.0 1.09351
3050.0 5050.0 0.79103
3150.0 5050.0 0.36641
3250.0 5050.0 -0.21700
3350.0 5050.0 -0.89579
3450.0 5050.0 -1.57821
3550.0 5050.0 -2.08814
3650.0 5050.0 -2.21740
3750.0 5050.0 -1.97835
3850.0 5050.0 -1.63573
3950.0 5050.0 -1.48958
4050.0 5050.0 -1.52031
4150.0 5050.0 -1.79497
4250.0 5050.0 -2.29012
4350.0 5050.0 -2.77675
4450.0 5050.0 -3.03753
4550.0 5050.0 -2.99847
4650.0 5050.0 -2.77174
4750.0 5050.0 -2.59985
4850.0 5050.0 -2.57417
4950.0 5050.0 -2.56484
5050.0 5050.0 -2.41643
5150.0 5050.0 -2.06930
5250.0 5050.0 -1.58319
5350.0 5050.0 -1.03124
5450.0 5050.0 -0.23169
5550.0 5050.0 0.72787
5650.0 5050.0 1.52774
5750.0 5050.0 1.95595
5850.0 5050.0 2.04403
5950.0 5050.0 1.99330
6050.0 5050.0 2.06882
6150.0 5050.0 2.43246
6250.0 5050.0 2.80006
6350.0 5050.0 2.83626
50.0 5150.0 -1.11303
150.0 5150.0 -1.50321
250.0 5150.0 -2.06477
350.0 5150.0 -2.48952
450.0 5150.0 -2.47568
550.0 5150.0 -2.02085
650.0 5150.0 -1.39771
750.0 5150.0 -0.83673
850.0 5150.0 -0.59558
950.0 5150.0 -0.83105
1050.0 5150.0 -1.25058
1150.0 5150.0 -1.44279
1250.0 5150.0 -1.14441
1350.0 5150.0 -0.40367
1450.0 5150.0 0.45490
1550.0 5150.0 1.18105
1650.0 5150.0 1.44316
1750.0 5150.0 1.12191
1850.0 5150.0 0.48491
1950.0 5150.0 0.00564
2050.0 5150.0 -0.15057
2150.0 5150.0 0.08525
2250.0 5150.0 0.87245
2350.0 5150.0 1.78341
2450.0 5150.0 2.29591
2550.0 5150.0 2.15554
2650.0 5150.0 1.50255
2750.0 5150.0 0.76953
2850.0 5150.0 0.35248
2950.0 5150.0 0.29633
3050.0 5150.0 0.38254
3150.0 5150.0 0.30658
3250.0 5150.0 -0.13793
3350.0 5150.0 -0.87140
3450.0 5150.0 -1.57167
3550.0 5150.0 -1.97109
3650.0 5150.0 -1.91282
3750.0 5150.0 -1.51223
3850.0 5150.0 -1.11955
3950.0 5150.0 -1.04925
4050.0 5150.0 -1.20527
4150.0 5150.0 -1.58577
4250.0 5150.0 -2.06434
4350.0 5150.0 -2.34971
4450.0 5150.0 -2.28225
4550.0 5150.0 -1.93159
4650.0 5150.0 -1.49192
4750.0 5150.0 -1.14763
4850.0 5150.0 -1.05396
4950.0 5150.0 -1.14373
5050.0 5150.0 -1.22651
5150.0 5150.0 -1.11782
5250.0 5150.0 -0.75539
5350.0 5150.0 -0.25711
5450.0 5150.0 0.39314
5550.0 5150.0 1.06137
5650.0 5150.0 1.48680
5750.0 5150.0 1.56771
5850.0 5150.0 1.43095
5950.0 5150.0 1.27938
6050.0 5150.0 1.29738
6150.0 5150.0 1.66495
6250.0 5150.0 2.08658
6350.0 5150.0 2.18133
50.0 5250.0 -0.24319
150.0 5250.0 -0.71287
250.0 5250.0 -1.32708
350.0 5250.0 -1.75670
450.0 5250.0 -1.70589
550.0 5250.0 -1.20584
650.0 5250.0 -0.56810
750.0 5250.0 -0.02507
850.0 5250.0 0.15573
950.0 5250.0 -0.20505
1050.0 5250.0 -0.78121
1150.0 5250.0 -1.10781
1250.0 5250.0 -0.88226
1350.0 5250.0 -0.15361
1450.0 5250.0 0.70598
1550.0 5250.0 1.41475
1650.0 5250.0 1.63759
1750.0 5250.0 1.26629
1850.0 5250.0 0.58639
1950.0 5250.0 0.08496
2050.0 5250.0 -0.07825
2150.0 5250.0 0.10414
2250.0 5250.0 0.72588
2350.0 5250.0 1.37150
2450.0 5250.0 1.59312
2550.0 5250.0 1.22904
2650.0 5250.0 0.46315
2750.0 5250.0 -0.31074
2850.0 5250.0 -0.58484
2950.0 5250.0 -0.27768
3050.0 5250.0 0.27303
3150.0 5250.0 0.58148
3250.0 5250.0 0.30764
3350.0 5250.0 -0.43043
3450.0 5250.0 -1.12404
3550.0 5250.0 -1.44761
3650.0 5250.0 -1.26843
3750.0 5250.0 -0.75584
3850.0 5250.0 -0.30802
3950.0 5250.0 -0.25082
4050.0 5250.0 -0.44465
4150.0 5250.0 -0.83849
4250.0 5250.0 -1.26851
4350.0 5250.0 -1.43623
4450.0 5250.0 -1.21928
4550.0 5250.0 -0.74674
4650.0 5250.0 -0.23601
4750.0 5250.0 0.13610
4850.0 5250.0 0.15136
4950.0 5250.0 -0.12752
5050.0 5250.0 -0.44551
5150.0 5250.0 -0.52250
5250.0 5250.0 -0.23494
5350.0 5250.0 0.23618
5450.0 5250.0 0.73799
5550.0 5250.0 1.08912
5650.0 5250.0 1.11125
5750.0 5250.0 0.83790
5850.0 5250.0 0.50227
5950.0 5250.0 0.29902
6050.0 5250.0 0.31374
6150.0 5250.0 0.74491
6250.0 5250.0 1.28607
6350.0 5250.0 1.50748
50.0 5350.0 0.50101
150.0 5350.0 0.02681
250.0 5350.0 -0.58682
350.0 5350.0 -1.01128
450.0 5350.0 -0.95449
550.0 5350.0 -0.45190
650.0 5350.0 0.18287
750.0 5350.0 0.71798
850.0 5350.0 0.85515
950.0 5350.0 0.38987
1050.0 5350.0 -0.32546
1150.0 5350.0 -0.77782
1250.0 5350.0 -0.62483
1350.0 5350.0 0.08853
1450.0 5350.0 0.94766
1550.0 5350.0 1.64746
1650.0 5350.0 1.85088
1750.0 5350.0 1.45469
1850.0 5350.0 0.75282
1950.0 5350.0 0.23904
2050.0 5350.0 0.06936
2150.0 5350.0 0.17861
2250.0 5350.0 0.59418
2350.0 5350.0 0.94693
2450.0 5350.0 0.89086
2550.0 5350.0 0.35682
2650.0 5350.0 -0.45030
2750.0 5350.0 -1.19633
2850.0 5350.0 -1.29004
2950.0 5350.0 -0.63213
3050.0 5350.0 0.33194
3150.0 5350.0 0.97116
3250.0 5350.0 0.85050
3350.0 5350.0 0.12894
3450.0 5350.0 -0.54829
3550.0 5350.0 -0.82064
3650.0 5350.0 -0.56534
3750.0 5350.0 0.02216
3850.0 5350.0 0.51832
3950.0 5350.0 0.58932
4050.0 5350.0 0.39804
4150.0 5350.0 0.02567
4250.0 5350.0 -0.36276
4350.0 5350.0 -0.48469
4450.0 5350.0 -0.23589
4550.0 5350.0 0.24511
4650.0 5350.0 0.74708
4750.0 5350.0 1.07924
4850.0 5350.0 0.97765
4950.0 5350.0 0.52104
5050.0 5350.0 0.02059
5150.0 5350.0 -0.18455
5250.0 5350.0 0.05315
5350.0 5350.0 0.50002
5450.0 5350.0 0.87073
5550.0 5350.0 0.94949
5650.0 5350.0 0.63614
5750.0 5350.0 0.08061
5850.0 5350.0 -0.39980
5950.0 5350.0 -0.62455
6050.0 5350.0 -0.58843
6150.0 5350.0 -0.06967
6250.0 5350.0 0.61634
6350.0 5350.0 0.99254
50.0 5450.0 1.28798
150.0 5450.0 0.76843
250.0 5450.0 0.10431
350.0 5450.0 -0.38321
450.0 5450.0 -0.40297
550.0 5450.0 0.01768
650.0 5450.0 0.57657
750.0 5450.0 1.04283
850.0 5450.0 1.10071
950.0 5450.0 0.55724
1050.0 5450.0 -0.20538
1150.0 5450.0 -0.66289
1250.0 5450.0 -0.49039
1350.0 5450.0 0.23929
1450.0 5450.0 1.12062
1550.0 5450.0 1.88998
1650.0 5450.0 2.19446
1750.0 5450.0 1.88595
1850.0 5450.0 1.22362
1950.0 5450.0 0.69662
2050.0 5450.0 0.48550
2150.0 5450.0 0.49027
2250.0 5450.0 0.70128
2350.0 5450.0 0.81639
2450.0 5450.0 0.57987
2550.0 5450.0 -0.02540
2650.0 5450.0 -0.80976
2750.0 5450.0 -1.50125
2850.0 5450.0 -1.51069
2950.0 5450.0 -0.74636
3050.0 5450.0 0.31751
3150.0 5450.0 1.02626
3250.0 5450.0 0.94039
3350.0 5450.0 0.23512
3450.0 5450.0 -0.41006
3550.0 5450.0 -0.61242
3650.0 5450.0 -0.26260
3750.0 5450.0 0.41432
3850.0 5450.0 0.96857
3950.0 5450.0 1.06027
4050.0 5450.0 0.88631
4150.0 5450.0 0.59880
4250.0 5450.0 0.33551
4350.0 5450.0 0.29843
4450.0 5450.0 0.53920
4550.0 5450.0 0.92674
4650.0 5450.0 1.29989
4750.0 5450.0 1.54047
4850.0 5450.0 1.45207
4950.0 5450.0 1.09003
5050.0 5450.0 0.68826
5150.0 5450.0 0.50628
5250.0 5450.0 0.66062
5350.0 5450.0 0.96562
5450.0 5450.0 1.11756
5550.0 5450.0 0.91749
5650.0 5450.0 0.35403
5750.0 5450.0 -0.35414
5850.0 5450.0 -0.88443
5950.0 5450.0 -1.10676
6050.0 5450.0 -1.05139
6150.0 5450.0 -0.47087
6250.0 5450.0 0.32705
6350.0 5450.0 0.84203
50.0 5550.0 1.80425
150.0 5550.0 1.19000
250.0 5550.0 0.44496
350.0 5550.0 -0.12739
450.0 5550.0 -0.25595
550.0 5550.0 0.02834
650.0 5550.0 0.43690
750.0 5550.0 0.75314
850.0 5550.0 0.68399
950.0 5550.0 0.09952
1050.0 5550.0 -0.58361
1150.0 5550.0 -0.88067
1250.0 5550.0 -0.56253
1350.0 5550.0 0.22665
1450.0 5550.0 1.15632
1550.0 5550.0 2.07402
1650.0 5550.0 2.59139
1750.0 5550.0 2.46433
1850.0 5550.0 1.87939
1950.0 5550.0 1.31840
2050.0 5550.0 1.01752
2150.0 5550.0 0.89238
2250.0 5550.0 0.95030
2350.0 5550.0 0.97264
2450.0 5550.0 0.75348
2550.0 5550.0 0.25041
2650.0 5550.0 -0.41601
2750.0 5550.0 -1.01774
2850.0 5550.0 -1.06649
2950.0 5550.0 -0.51110
3050.0 5550.0 0.24738
3150.0 5550.0 0.68790
3250.0 5550.0 0.48366
3350.0 5550.0 -0.20569
3450.0 5550.0 -0.80751
3550.0 5550.0 -0.94501
3650.0 5550.0 -0.52142
3750.0 5550.0 0.21909
3850.0 5550.0 0.81460
3950.0 5550.0 0.92686
4050.0 5550.0 0.78852
4150.0 5550.0 0.66663
4250.0 5550.0 0.63348
4350.0 5550.0 0.72613
4450.0 5550.0 0.90005
4550.0 5550.0 1.05553
4650.0 5550.0 1.13931
4750.0 5550.0 1.21304
4850.0 5550.0 1.28760
4950.0 5550.0 1.34542
5050.0 5550.0 1.37741
5150.0 5550.0 1.39212
5250.0 5550.0 1.40773
5350.0 5550.0 1.41526
5450.0 5550.0 1.26854
5550.0 5550.0 0.86640
5650.0 5550.0 0.27607
5750.0 5550.0 -0.31761
5850.0 5550.0 -0.72197
5950.0 5550.0 -0.90292
6050.0 5550.0 -0.84064
6150.0 5550.0 -0.26989
6250.0 5550.0 0.53583
6350.0 5550.0 1.10501
50.0 5650.0 1.73183
150.0 5650.0 1.00978
250.0 5650.0 0.22401
350.0 5650.0 -0.34678
450.0 5650.0 -0.49223
550.0 5650.0 -0.29028
650.0 5650.0 -0.03577
750.0 5650.0 0.09319
850.0 5650.0 -0.12481
950.0 5650.0 -0.72882
1050.0 5650.0 -1.26633
1150.0 5650.0 -1.31837
1250.0 5650.0 -0.79093
1350.0 5650.0 0.07923
1450.0 5650.0 1.06369
1550.0 5650.0 2.13085
1650.0 5650.0 2.84644
1750.0 5650.0 2.86743
1850.0 5650.0 2.31721
1950.0 5650.0 1.68581
2050.0 5650.0 1.27030
2150.0 5650.0 1.02557
2250.0 5650.0 1.02191
2350.0 5650.0 1.11771
2450.0 5650.0 1.10394
2550.0 5650.0 0.84447
2650.0 5650.0 0.35687
2750.0 5650.0 -0.13669
2850.0 5650.0 -0.27500
2950.0 5650.0 -0.06235
3050.0 5650.0 0.21692
3150.0 5650.0 0.24360
3250.0 5650.0 -0.14486
3350.0 5650.0 -0.81783
3450.0 5650.0 -1.38403
3550.0 5650.0 -1.50206
3650.0 5650.0 -1.07924
3750.0 5650.0 -0.35156
3850.0 5650.0 0.23550
3950.0 5650.0 0.35619
4050.0 5650.0 0.26155
4150.0 5650.0 0.33873
4250.0 5650.0 0.57479
4350.0 5650.0 0.80453
4450.0 5650.0 0.87128
4550.0 5650.0 0.72183
4650.0 5650.0 0.43781
4750.0 5650.0 0.29819
4850.0 5650.0 0.57154
4950.0 5650.0 1.14917
5050.0 5650.0 1.71829
5150.0 5650.0 1.97387
5250.0 5650.0 1.81118
5350.0 5650.0 1.45068
5450.0 5650.0 1.02063
5550.0 5650.0 0.57357
5650.0 5650.0 0.21631
5750.0 5650.0 -0.00337
5850.0 5650.0 -0.12878
5950.0 5650.0 -0.23920
6050.0 5650.0 -0.18804
6150.0 5650.0 0.28907
6250.0 5650.0 0.97148
6350.0 5650.0 1.46868
50.0 5750.0 1.13168
150.0 5750.0 0.33255
250.0 5750.0 -0.41004
350.0 5750.0 -0.84160
450.0 5750.0 -0.84863
550.0 5750.0 -0.60303
650.0 5750.0 -0.43467
750.0 5750.0 -0.46373
850.0 5750.0 -0.81319
950.0 5750.0 -1.44425
1050.0 5750.0 -1.87122
1150.0 5750.0 -1.72648
1250.0 5750.0 -1.02750
1350.0 5750.0 -0.08970
1450.0 5750.0 0.93264
1550.0 5750.0 2.07365
1650.0 5750.0 2.85821
1750.0 5750.0 2.89048
1850.0 5750.0 2.28044
1950.0 5750.0 1.54991
2050.0 5750.0 1.03362
2150.0 5750.0 0.70810
2250.0 5750.0 0.71569
2350.0 5750.0 0.96696
2450.0 5750.0 1.21815
2550.0 5750.0 1.22286
2650.0 5750.0 0.90286
2750.0 5750.0 0.50781
2850.0 5750.0 0.33325
2950.0 5750.0 0.33172
3050.0 5750.0 0.29440
3150.0 5750.0 0.04187
3250.0 5750.0 -0.46954
3350.0 5750.0 -1.12517
3450.0 5750.0 -1.67724
3550.0 5750.0 -1.83192
3650.0 5750.0 -1.48991
3750.0 5750.0 -0.85271
3850.0 5750.0 -0.32456
3950.0 5750.0 -0.21163
4050.0 5750.0 -0.26960
4150.0 5750.0 -0.02739
4250.0 5750.0 0.42770
4350.0 5750.0 0.76054
4450.0 5750.0 0.72341
4550.0 5750.0 0.30658
4650.0 5750.0 -0.29370
4750.0 5750.0 -0.63557
4850.0 5750.0 -0.26179
4950.0 5750.0 0.65178
5050.0 5750.0 1.56918
5150.0 5750.0 1.95521
5250.0 5750.0 1.61515
5350.0 5750.0 0.94394
5450.0 5750.0 0.32940
5550.0 5750.0 -0.02610
5650.0 5750.0 -0.01880
5750.0 5750.0 0.22343
5850.0 5750.0 0.41090
5950.0 5750.0 0.37213
6050.0 5750.0 0.40003
6150.0 5750.0 0.74056
6250.0 5750.0 1.22500
6350.0 5750.0 1.56314
50.0 5850.0 0.42150
150.0 5850.0 -0.39956
250.0 5850.0 -1.02645
350.0 5850.0 -1.22087
450.0 5850.0 -0.97327
550.0 5850.0 -0.56858
650.0 5850.0 -0.39036
750.0 5850.0 -0.49931
850.0 5850.0 -0.93415
950.0 5850.0 -1.62459
1050.0 5850.0 -2.05675
1150.0 5850.0 -1.86787
1250.0 5850.0 -1.11418
1350.0 5850.0 -0.14899
1450.0 5850.0 0.88163
1550.0 5850.0 1.99265
1650.0 5850.0 2.68582
1750.0 5850.0 2.57809
1850.0 5850.0 1.82386
1950.0 5850.0 0.99272
2050.0 5850.0 0.42006
2150.0 5850.0 0.05578
2250.0 5850.0 0.07925
2350.0 5850.0 0.42608
2450.0 5850.0 0.82939
2550.0 5850.0 0.98057
2650.0 5850.0 0.75025
2750.0 5850.0 0.42159
2850.0 5850.0 0.33496
2950.0 5850.0 0.43162
3050.0 5850.0 0.47758
3150.0 5850.0 0.27861
3250.0 5850.0 -0.20474
3350.0 5850.0 -0.84216
3450.0 5850.0 -1.40132
3550.0 5850.0 -1.62207
3650.0 5850.0 -1.39279
3750.0 5850.0 -0.87274
3850.0 5850.0 -0.42080
3950.0 5850.0 -0.32510
4050.0 5850.0 -0.36427
4150.0 5850.0 -0.03770
4250.0 5850.0 0.52803
4350.0 5850.0 0.91022
4450.0 5850.0 0.81520
4550.0 5850.0 0.25706
4650.0 5850.0 -0.50868
4750.0 5850.0 -0.98986
4850.0 5850.0 -0.68612
4950.0 5850.0 0.21078
5050.0 5850.0 1.11356
5150.0 5850.0 1.43463
5250.0 5850.0 0.95922
5350.0 5850.0 0.12782
5450.0 5850.0 -0.55277
5550.0 5850.0 -0.79332
5650.0 5850.0 -0.51075
5750.0 5850.0 0.04542
5850.0 5850.0 0.43418
5950.0 5850.0 0.43857
6050.0 5850.0 0.44525
6150.0 5850.0 0.67733
6250.0 5850.0 0.99753
6350.0 5850.0 1.18834
50.0 5950.0 -0.05117
150.0 5950.0 -0.85106
250.0 5950.0 -1.33577
350.0 5950.0 -1.27422
450.0 5950.0 -0.74408
550.0 5950.0 -0.13307
650.0 5950.0 0.11981
750.0 5950.0 0.00170
850.0 5950.0 -0.47688
950.0 5950.0 -1.25913
1050.0 5950.0 -1.80701
1150.0 5950.0 -1.71840
1250.0 5950.0 -1.02003
1350.0 5950.0 -0.06514
1450.0 5950.0 0.95091
1550.0 5950.0 1.96318
1650.0 5950.0 2.46736
1750.0 5950.0 2.13784
1850.0 5950.0 1.20640
1950.0 5950.0 0.29278
2050.0 5950.0 -0.29410
2150.0 5950.0 -0.67505
2250.0 5950.0 -0.68086
2350.0 5950.0 -0.36520
2450.0 5950.0 0.01739
2550.0 5950.0 0.16362
2650.0 5950.0 -0.06001
2750.0 5950.0 -0.35291
2850.0 5950.0 -0.24368
2950.0 5950.0 0.22643
3050.0 5950.0 0.70924
3150.0 5950.0 0.85856
3250.0 5950.0 0.53691
3350.0 5950.0 -0.08194
3450.0 5950.0 -0.65797
3550.0 5950.0 -0.94022
3650.0 5950.0 -0.80545
3750.0 5950.0 -0.37997
3850.0 5950.0 0.01043
3950.0 5950.0 0.08896
4050.0 5950.0 0.05256
4150.0 5950.0 0.39295
4250.0 5950.0 0.97769
4350.0 5950.0 1.37018
4450.0 5950.0 1.26875
4550.0 5950.0 0.69039
4650.0 5950.0 -0.10061
4750.0 5950.0 -0.65529
4850.0 5950.0 -0.55213
4950.0 5950.0 0.04440
5050.0 5950.0 0.64028
5150.0 5950.0 0.74501
5250.0 5950.0 0.18260
5350.0 5950.0 -0.67323
5450.0 5950.0 -1.35024
5550.0 5950.0 -1.54304
5650.0 5950.0 -1.18032
5750.0 5950.0 -0.54361
5850.0 5950.0 -0.10714
5950.0 5950.0 -0.09363
6050.0 5950.0 -0.09741
6150.0 5950.0 0.08870
6250.0 5950.0 0.33564
6350.0 5950.0 0.45310
50.0 6050.0 -0.25662
150.0 6050.0 -1.00698
250.0 6050.0 -1.32528
350.0 6050.0 -1.00386
450.0 6050.0 -0.21450
550.0 6050.0 0.56376
650.0 6050.0 0.85773
750.0 6050.0 0.70938
850.0 6050.0 0.17989
950.0 6050.0 -0.68038
1050.0 6050.0 -1.31994
1150.0 6050.0 -1.31455
1250.0 6050.0 -0.67419
1350.0 6050.0 0.24807
1450.0 6050.0 1.21590
1550.0 6050.0 2.07096
1650.0 6050.0 2.31234
1750.0 6050.0 1.69608
1850.0 6050.0 0.54903
1950.0 6050.0 -0.45788
2050.0 6050.0 -1.05753
2150.0 6050.0 -1.48134
2250.0 6050.0 -1.58999
2350.0 6050.0 -1.39630
2450.0 6050.0 -1.10038
2550.0 6050.0 -0.97474
2650.0 6050.0 -1.16268
2750.0 6050.0 -1.37316
2850.0 6050.0 -0.99503
2950.0 6050.0 -0.05763
3050.0 6050.0 0.95187
3150.0 6050.0 1.51383
3250.0 6050.0 1.38736
3350.0 6050.0 0.80318
3450.0 6050.0 0.23086
3550.0 6050.0 -0.09028
3650.0 6050.0 -0.04496
3750.0 6050.0 0.26335
3850.0 6050.0 0.55073
3950.0 6050.0 0.57049
4050.0 6050.0 0.49527
4150.0 6050.0 0.78886
4250.0 6050.0 1.34799
4350.0 6050.0 1.76618
4450.0 6050.0 1.73822
4550.0 6050.0 1.24576
4650.0 6050.0 0.52374
4750.0 6050.0 -0.03243
4850.0 6050.0 -0.11492
4950.0 6050.0 0.13611
5050.0 6050.0 0.35431
5150.0 6050.0 0.19801
5250.0 6050.0 -0.43649
5350.0 6050.0 -1.27054
5450.0 6050.0 -1.91521
5550.0 6050.0 -2.07511
5650.0 6050.0 -1.69435
5750.0 6050.0 -1.06015
5850.0 6050.0 -0.63880
5950.0 6050.0 -0.64088
6050.0 6050.0 -0.66830
6150.0 6050.0 -0.52920
6250.0 6050.0 -0.34122
6350.0 6050.0 -0.27362
50.0 6150.0 0.05565
150.0 6150.0 -0.58381
250.0 6150.0 -0.68862
350.0 6150.0 -0.12926
450.0 6150.0 0.80551
550.0 6150.0 1.58408
650.0 6150.0 1.77114
750.0 6150.0 1.48744
850.0 6150.0 0.86513
950.0 6150.0 -0.00282
1050.0 6150.0 -0.58476
1150.0 6150.0 -0.51702
1250.0 6150.0 0.12545
1350.0 6150.0 0.96847
1450.0 6150.0 1.80477
1550.0 6150.0 2.40911
1650.0 6150.0 2.30507
1750.0 6150.0 1.35146
1850.0 6150.0 -0.03031
1950.0 6150.0 -1.13877
2050.0 6150.0 -1.76704
2150.0 6150.0 -2.31236
2250.0 6150.0 -2.68315
2350.0 6150.0 -2.75939
2450.0 6150.0 -2.59791
2550.0 6150.0 -2.41937
2650.0 6150.0 -2.42579
2750.0 6150.0 -2.40235
2850.0 6150.0 -1.66163
2950.0 6150.0 -0.26216
3050.0 6150.0 1.18653
3150.0 6150.0 2.06088
3250.0 6150.0 2.09610
3350.0 6150.0 1.59011
3450.0 6150.0 1.09688
3550.0 6150.0 0.82423
3650.0 6150.0 0.81550
3750.0 6150.0 0.95353
3850.0 6150.0 1.02030
3950.0 6150.0 0.85777
4050.0 6150.0 0.62214
4150.0 6150.0 0.70580
4250.0 6150.0 1.12193
4350.0 6150.0 1.59868
4450.0 6150.0 1.83277
4550.0 6150.0 1.67290
4650.0 6150.0 1.23229
4750.0 6150.0 0.87034
4850.0 6150.0 0.75382
4950.0 6150.0 0.72852
5050.0 6150.0 0.56472
5150.0 6150.0 0.12855
5250.0 6150.0 -0.54726
5350.0 6150.0 -1.29041
5450.0 6150.0 -1.83920
5550.0 6150.0 -1.94567
5650.0 6150.0 -1.59397
5750.0 6150.0 -1.05831
5850.0 6150.0 -0.74490
5950.0 6150.0 -0.81776
6050.0 6150.0 -0.91595
6150.0 6150.0 -0.86268
6250.0 6150.0 -0.74136
6350.0 6150.0 -0.69346
50.0 6250.0 0.64780
150.0 6250.0 0.16259
250.0 6250.0 0.26768
350.0 6250.0 0.96985
450.0 6250.0 1.86882
550.0 6250.0 2.44308
650.0 6250.0 2.37256
750.0 6250.0 1.86340
850.0 6250.0 1.11871
950.0 6250.0 0.31836
1050.0 6250.0 -0.05779
1150.0 6250.0 0.21579
1250.0 6250.0 0.92335
1350.0 6250.0 1.65047
1450.0 6250.0 2.30186
1550.0 6250.0 2.67832
1650.0 6250.0 2.34844
1750.0 6250.0 1.23164
1850.0 6250.0 -0.23299
1950.0 6250.0 -1.37728
2050.0 6250.0 -2.04128
2150.0 6250.0 -2.75606
2250.0 6250.0 -3.46902
2350.0 6250.0 -3.86142
2450.0 6250.0 -3.79899
2550.0 6250.0 -3.45827
2650.0 6250.0 -3.14770
2750.0 6250.0 -2.78099
2850.0 6250.0 -1.73246
2950.0 6250.0 -0.13859
3050.0 6250.0 1.36379
3150.0 6250.0 2.21593
3250.0 6250.0 2.26893
3350.0 6250.0 1.86637
3450.0 6250.0 1.53162
3550.0 6250.0 1.43215
3650.0 6250.0 1.47571
3750.0 6250.0 1.47432
3850.0 6250.0 1.27031
3950.0 6250.0 0.83534
4050.0 6250.0 0.33390
4150.0 6250.0 0.04596
4250.0 6250.0 0.17022
4350.0 6250.0 0.67261
4450.0 6250.0 1.27782
4550.0 6250.0 1.63428
4650.0 6250.0 1.65168
4750.0 6250.0 1.66916
4850.0 6250.0 1.71847
4950.0 6250.0 1.58770
5050.0 6250.0 1.15316
5150.0 6250.0 0.49905
5250.0 6250.0 -0.16699
5350.0 6250.0 -0.75990
5450.0 6250.0 -1.15479
5550.0 6250.0 -1.18093
5650.0 6250.0 -0.88597
5750.0 6250.0 -0.51965
5850.0 6250.0 -0.38722
5950.0 6250.0 -0.57671
6050.0 6250.0 -0.78158
6150.0 6250.0 -0.83100
6250.0 6250.0 -0.75666
6350.0 6250.0 -0.67534
50.0 6350.0 1.06121
150.0 6350.0 0.72462
250.0 6350.0 0.97896
350.0 6350.0 1.70423
450.0 6350.0 2.42386
550.0 6350.0 2.67669
650.0 6350.0 2.29179
750.0 6350.0 1.54258
850.0 6350.0 0.67941
950.0 6350.0 -0.02073
1050.0 6350.0 -0.13957
1150.0 6350.0 0.38859
1250.0 6350.0 1.18705
1350.0 6350.0 1.79688
1450.0 6350.0 2.27940
1550.0 6350.0 2.57237
1650.0 6350.0 2.29614
1750.0 6350.0 1.34151
1850.0 6350.0 0.04846
1950.0 6350.0 -1.02160
2050.0 6350.0 -1.71365
2150.0 6350.0 -2.57901
2250.0 6350.0 -3.56984
2350.0 6350.0 -4.17571
2450.0 6350.0 -4.10232
2550.0 6350.0 -3.51851
2650.0 6350.0 -2.85478
2750.0 6350.0 -2.15521
2850.0 6350.0 -0.99228
2950.0 6350.0 0.39312
3050.0 6350.0 1.46266
3150.0 6350.0 1.89882
3250.0 6350.0 1.78891
3350.0 6350.0 1.47743
3450.0 6350.0 1.33413
3550.0 6350.0 1.49604
3650.0 6350.0 1.71289
3750.0 6350.0 1.68140
3850.0 6350.0 1.26770
3950.0 6350.0 0.56724
4050.0 6350.0 -0.21861
4150.0 6350.0 -0.93412
4250.0 6350.0 -1.19168
4350.0 6350.0 -0.75247
4450.0 6350.0 0.16962
4550.0 6350.0 1.03423
4650.0 6350.0 1.53063
4750.0 6350.0 1.98131
4850.0 6350.0 2.32422
4950.0 6350.0 2.26797
5050.0 6350.0 1.73777
5150.0 6350.0 0.98244
5250.0 6350.0 0.36816
5350.0 6350.0 -0.06482
5450.0 6350.0 -0.29160
5550.0 6350.0 -0.22031
5650.0 6350.0 0.03074
5750.0 6350.0 0.23204
5850.0 6350.0 0.18060
5950.0 6350.0 -0.13088
6050.0 6350.0 -0.44216
6150.0 6350.0 -0.57452
6250.0 6350.0 -0.50810
6350.0 6350.0 -0.34750
