50.0 50.0 0.00000
150.0 50.0 -0.13035
250.0 50.0 -0.22241
350.0 50.0 -0.25641
450.0 50.0 -0.22937
550.0 50.0 -0.15124
650.0 50.0 -0.04105
750.0 50.0 0.07697
850.0 50.0 0.17736
950.0 50.0 0.23740
1050.0 50.0 0.24108
1150.0 50.0 0.18318
1250.0 50.0 0.07335
1350.0 50.0 -0.05988
1450.0 50.0 -0.17387
1550.0 50.0 -0.23799
1650.0 50.0 -0.24081
1750.0 50.0 -0.18618
1850.0 50.0 -0.08914
1950.0 50.0 0.02813
2050.0 50.0 0.14027
2150.0 50.0 0.22278
2250.0 50.0 0.25588
2350.0 50.0 0.22848
2450.0 50.0 0.14203
2550.0 50.0 0.01434
2650.0 50.0 -0.12787
2750.0 50.0 -0.29100
2850.0 50.0 -0.46914
2950.0 50.0 -0.63725
3050.0 50.0 -0.76529
3150.0 50.0 -0.82862
3250.0 50.0 -0.81478
3350.0 50.0 -0.72660
3450.0 50.0 -0.58159
3550.0 50.0 -0.40770
3650.0 50.0 -0.23534
3750.0 50.0 -0.08576
3850.0 50.0 0.04411
3950.0 50.0 0.18275
4050.0 50.0 0.34010
4150.0 50.0 0.50099
4250.0 50.0 0.63937
4350.0 50.0 0.72950
4450.0 50.0 0.75387
4550.0 50.0 0.70773
4650.0 50.0 0.60038
4750.0 50.0 0.45300
4850.0 50.0 0.29325
4950.0 50.0 0.14646
5050.0 50.0 0.02359
5150.0 50.0 -0.08612
5250.0 50.0 -0.16920
5350.0 50.0 -0.20618
5450.0 50.0 -0.19218
5550.0 50.0 -0.13379
5650.0 50.0 -0.04574
5750.0 50.0 0.05238
5850.0 50.0 0.13944
5950.0 50.0 0.19602
6050.0 50.0 0.20772
6150.0 50.0 0.16839
6250.0 50.0 0.08341
6350.0 50.0 -0.02723
50.0 150.0 -0.10404
150.0 150.0 -0.23375
250.0 150.0 -0.32318
350.0 150.0 -0.35153
450.0 150.0 -0.31561
550.0 150.0 -0.22589
650.0 150.0 -0.10235
750.0 150.0 0.02952
850.0 150.0 0.14293
950.0 150.0 0.21393
1050.0 150.0 0.22565
1150.0 150.0 0.17256
1250.0 150.0 0.06478
1350.0 150.0 -0.06771
1450.0 150.0 -0.18167
1550.0 150.0 -0.24731
1650.0 150.0 -0.25351
1750.0 150.0 -0.20396
1850.0 150.0 -0.11319
1950.0 150.0 -0.00268
2050.0 150.0 0.10300
2150.0 150.0 0.18004
2250.0 150.0 0.20925
2350.0 150.0 0.17980
2450.0 150.0 0.09307
2550.0 150.0 -0.03369
2650.0 150.0 -0.17469
2750.0 150.0 -0.33656
2850.0 150.0 -0.51354
2950.0 150.0 -0.68081
3050.0 150.0 -0.80847
3150.0 150.0 -0.87201
3250.0 150.0 -0.85899
3350.0 150.0 -0.77210
3450.0 150.0 -0.62867
3550.0 150.0 -0.45637
3650.0 150.0 -0.28535
3750.0 150.0 -0.13675
3850.0 150.0 -0.00762
3950.0 150.0 0.13035
4050.0 150.0 0.28722
4150.0 150.0 0.44795
4250.0 150.0 0.58656
4350.0 150.0 0.67734
4450.0 150.0 0.70272
4550.0 150.0 0.65786
4650.0 150.0 0.55187
4750.0 150.0 0.40575
4850.0 150.0 0.24698
4950.0 150.0 0.10081
5050.0 150.0 -0.02177
5150.0 150.0 -0.13127
5250.0 150.0 -0.21394
5350.0 150.0 -0.25012
5450.0 150.0 -0.23485
5550.0 150.0 -0.17474
5650.0 150.0 -0.08461
5750.0 150.0 0.01580
5850.0 150.0 0.10516
5950.0 150.0 0.16387
6050.0 150.0 0.17734
6150.0 150.0 0.13933
6250.0 150.0 0.05522
6350.0 150.0 -0.05481
50.0 250.0 -0.20002
150.0 250.0 -0.32804
250.0 250.0 -0.41491
350.0 250.0 -0.43918
450.0 250.0 -0.39733
550.0 250.0 -0.29980
650.0 250.0 -0.16691
750.0 250.0 -0.02470
850.0 250.0 0.09926
950.0 250.0 0.18019
1050.0 250.0 0.20050
1150.0 250.0 0.15422
1250.0 250.0 0.05154
1350.0 250.0 -0.07677
1450.0 250.0 -0.18839
1550.0 250.0 -0.25587
1650.0 250.0 -0.26878
1750.0 250.0 -0.23018
1850.0 250.0 -0.15309
1950.0 250.0 -0.05706
2050.0 250.0 0.03540
2150.0 250.0 0.10229
2250.0 250.0 0.12573
2350.0 250.0 0.09542
2450.0 250.0 0.01232
2550.0 250.0 -0.10783
2650.0 250.0 -0.24133
2750.0 250.0 -0.39494
2850.0 250.0 -0.56321
2950.0 250.0 -0.72242
3050.0 250.0 -0.84400
3150.0 250.0 -0.90442
3250.0 250.0 -0.89169
3350.0 250.0 -0.80830
3450.0 250.0 -0.67071
3550.0 250.0 -0.50530
3650.0 250.0 -0.34088
3750.0 250.0 -0.19767
3850.0 250.0 -0.07296
3950.0 250.0 0.06110
4050.0 250.0 0.21538
4150.0 250.0 0.37568
4250.0 250.0 0.51653
4350.0 250.0 0.61230
4450.0 250.0 0.64501
4550.0 250.0 0.60901
4650.0 250.0 0.51228
4750.0 250.0 0.37457
4850.0 250.0 0.22229
4950.0 250.0 0.08010
5050.0 250.0 -0.04068
5150.0 250.0 -0.14918
5250.0 250.0 -0.23172
5350.0 250.0 -0.26909
5450.0 250.0 -0.25625
5550.0 250.0 -0.19937
5650.0 250.0 -0.11266
5750.0 250.0 -0.01523
5850.0 250.0 0.07212
5950.0 250.0 0.13013
6050.0 250.0 0.14434
6150.0 250.0 0.10837
6250.0 250.0 0.02728
6350.0 250.0 -0.07928
50.0 350.0 -0.27680
150.0 350.0 -0.40158
250.0 350.0 -0.48613
350.0 350.0 -0.50904
450.0 350.0 -0.46622
550.0 350.0 -0.36731
650.0 350.0 -0.23188
750.0 350.0 -0.08545
850.0 350.0 0.04459
950.0 350.0 0.13329
1050.0 350.0 0.16259
1150.0 350.0 0.12589
1250.0 350.0 0.03284
1350.0 350.0 -0.08612
1450.0 350.0 -0.19178
1550.0 350.0 -0.26113
1650.0 350.0 -0.28495
1750.0 350.0 -0.26500
1850.0 350.0 -0.21140
1950.0 350.0 -0.13995
2050.0 350.0 -0.06937
2150.0 350.0 -0.01833
2250.0 350.0 -0.00245
2350.0 350.0 -0.03115
2450.0 350.0 -0.10438
2550.0 350.0 -0.20926
2650.0 350.0 -0.32583
2750.0 350.0 -0.46064
2850.0 350.0 -0.60898
2950.0 350.0 -0.74964
3050.0 350.0 -0.85695
3150.0 350.0 -0.90972
3250.0 350.0 -0.89704
3350.0 350.0 -0.82098
3450.0 350.0 -0.69611
3550.0 350.0 -0.54593
3650.0 350.0 -0.39621
3750.0 350.0 -0.26513
3850.0 350.0 -0.15037
3950.0 350.0 -0.02528
4050.0 350.0 0.12274
4150.0 350.0 0.28131
4250.0 350.0 0.42611
4350.0 350.0 0.53176
4450.0 350.0 0.57951
4550.0 350.0 0.56200
4650.0 350.0 0.48481
4750.0 350.0 0.36503
4850.0 350.0 0.22669
4950.0 350.0 0.09315
5050.0 350.0 -0.02362
5150.0 350.0 -0.12992
5250.0 350.0 -0.21263
5350.0 350.0 -0.25390
5450.0 350.0 -0.24857
5550.0 350.0 -0.20169
5650.0 350.0 -0.12588
5750.0 350.0 -0.03852
5850.0 350.0 0.04111
5950.0 350.0 0.09484
6050.0 350.0 0.10873
6150.0 350.0 0.07622
6250.0 350.0 0.00150
6350.0 350.0 -0.09726
50.0 450.0 -0.32393
150.0 450.0 -0.44388
250.0 450.0 -0.52659
350.0 450.0 -0.55142
450.0 450.0 -0.51353
550.0 450.0 -0.42089
650.0 450.0 -0.29113
750.0 450.0 -0.14799
850.0 450.0 -0.01756
950.0 450.0 0.07580
1050.0 450.0 0.11391
1150.0 450.0 0.08937
1250.0 450.0 0.01056
1350.0 450.0 -0.09361
1450.0 450.0 -0.18934
1550.0 450.0 -0.26000
1650.0 450.0 -0.29804
1750.0 450.0 -0.30323
1850.0 450.0 -0.28140
1950.0 450.0 -0.24300
2050.0 450.0 -0.20128
2150.0 450.0 -0.17024
2250.0 450.0 -0.16235
2350.0 450.0 -0.18593
2450.0 450.0 -0.24234
2550.0 450.0 -0.32280
2650.0 450.0 -0.41255
2750.0 450.0 -0.51767
2850.0 450.0 -0.63462
2950.0 450.0 -0.74618
3050.0 450.0 -0.83127
3150.0 450.0 -0.87237
3250.0 450.0 -0.86024
3350.0 450.0 -0.79621
3450.0 450.0 -0.69183
3550.0 450.0 -0.56605
3650.0 450.0 -0.43977
3750.0 450.0 -0.32793
3850.0 450.0 -0.22895
3950.0 450.0 -0.11828
4050.0 450.0 0.01901
4150.0 450.0 0.17324
4250.0 450.0 0.32196
4350.0 450.0 0.44034
4450.0 450.0 0.50869
4550.0 450.0 0.51727
4650.0 450.0 0.46820
4750.0 450.0 0.37458
4850.0 450.0 0.25683
4950.0 450.0 0.13625
5050.0 450.0 0.02567
5150.0 450.0 -0.07717
5250.0 450.0 -0.16020
5350.0 450.0 -0.20778
5450.0 450.0 -0.21455
5550.0 450.0 -0.18382
5650.0 450.0 -0.12563
5750.0 450.0 -0.05461
5850.0 450.0 0.01243
5950.0 450.0 0.05909
6050.0 450.0 0.07224
6150.0 450.0 0.04507
6250.0 450.0 -0.01961
6350.0 450.0 -0.10602
50.0 550.0 -0.33497
150.0 550.0 -0.44881
250.0 550.0 -0.53028
350.0 550.0 -0.56032
450.0 550.0 -0.53312
550.0 550.0 -0.45424
650.0 550.0 -0.33825
750.0 550.0 -0.20595
850.0 550.0 -0.08110
950.0 550.0 0.01334
1050.0 550.0 0.05939
1150.0 550.0 0.04874
1250.0 550.0 -0.01210
1350.0 550.0 -0.09697
1450.0 550.0 -0.17925
1550.0 550.0 -0.25006
1650.0 550.0 -0.30374
1750.0 550.0 -0.33754
1850.0 550.0 -0.35206
1950.0 550.0 -0.35121
2050.0 550.0 -0.34165
2150.0 550.0 -0.33184
2250.0 550.0 -0.33058
2350.0 550.0 -0.34502
2450.0 550.0 -0.37830
2550.0 550.0 -0.42663
2650.0 550.0 -0.48136
2750.0 550.0 -0.54787
2850.0 550.0 -0.62425
2950.0 550.0 -0.69848
3050.0 550.0 -0.75548
3150.0 550.0 -0.78242
3250.0 550.0 -0.77213
3350.0 550.0 -0.72488
3450.0 550.0 -0.64817
3550.0 550.0 -0.55489
3650.0 550.0 -0.45961
3750.0 550.0 -0.37305
3850.0 550.0 -0.29470
3950.0 550.0 -0.20320
4050.0 550.0 -0.08113
4150.0 550.0 0.06511
4250.0 550.0 0.21553
4350.0 550.0 0.34630
4450.0 550.0 0.43689
4550.0 550.0 0.47492
4650.0 550.0 0.45843
4750.0 550.0 0.39569
4850.0 550.0 0.30269
4950.0 550.0 0.19798
5050.0 550.0 0.09524
5150.0 550.0 -0.00305
5250.0 550.0 -0.08633
5350.0 550.0 -0.14172
5450.0 550.0 -0.16358
5550.0 550.0 -0.15297
5650.0 550.0 -0.11667
5750.0 550.0 -0.06578
5850.0 550.0 -0.01405
5950.0 550.0 0.02434
6050.0 550.0 0.03724
6150.0 550.0 0.01747
6250.0 550.0 -0.03394
6350.0 550.0 -0.10419
50.0 650.0 -0.30939
150.0 650.0 -0.41639
250.0 650.0 -0.49730
350.0 650.0 -0.53525
450.0 650.0 -0.52338
550.0 650.0 -0.46428
650.0 650.0 -0.36867
750.0 650.0 -0.25354
850.0 650.0 -0.13947
950.0 650.0 -0.04745
1050.0 650.0 0.00512
1150.0 650.0 0.00896
1250.0 650.0 -0.03178
1350.0 650.0 -0.09456
1450.0 650.0 -0.16093
1550.0 650.0 -0.23028
1650.0 650.0 -0.29883
1750.0 650.0 -0.36104
1850.0 650.0 -0.41184
1950.0 650.0 -0.44814
2050.0 650.0 -0.46967
2150.0 650.0 -0.47913
2250.0 650.0 -0.48152
2350.0 650.0 -0.48293
2450.0 650.0 -0.48853
2550.0 650.0 -0.49981
2650.0 650.0 -0.51448
2750.0 650.0 -0.53703
2850.0 650.0 -0.56757
2950.0 650.0 -0.60007
3050.0 650.0 -0.62626
3150.0 650.0 -0.63855
3250.0 650.0 -0.63202
3350.0 650.0 -0.60552
3450.0 650.0 -0.56179
3550.0 650.0 -0.50669
3650.0 650.0 -0.44744
3750.0 650.0 -0.39003
3850.0 650.0 -0.33533
3950.0 650.0 -0.26620
4050.0 650.0 -0.16308
4150.0 650.0 -0.02896
4250.0 650.0 0.11907
4350.0 650.0 0.25863
4450.0 650.0 0.36875
4550.0 650.0 0.43462
4650.0 650.0 0.45015
4750.0 650.0 0.41864
4850.0 650.0 0.35120
4950.0 650.0 0.26333
5050.0 650.0 0.16926
5150.0 650.0 0.07621
5250.0 650.0 -0.00703
5350.0 650.0 -0.07053
5450.0 650.0 -0.10829
5550.0 650.0 -0.11885
5650.0 650.0 -0.10539
5750.0 650.0 -0.07526
5850.0 650.0 -0.03886
5950.0 650.0 -0.00808
6050.0 650.0 0.00592
6150.0 650.0 -0.00456
6250.0 650.0 -0.04044
6350.0 650.0 -0.09216
50.0 750.0 -0.25328
150.0 750.0 -0.35333
250.0 750.0 -0.43432
350.0 750.0 -0.48183
450.0 750.0 -0.48800
550.0 750.0 -0.45221
650.0 750.0 -0.38096
750.0 750.0 -0.28698
850.0 750.0 -0.18725
950.0 750.0 -0.10039
1050.0 750.0 -0.04303
1150.0 750.0 -0.02534
1250.0 750.0 -0.04576
1350.0 750.0 -0.08580
1450.0 750.0 -0.13532
1550.0 750.0 -0.20145
1650.0 750.0 -0.28211
1750.0 750.0 -0.36897
1850.0 750.0 -0.45147
1950.0 750.0 -0.51989
2050.0 750.0 -0.56742
2150.0 750.0 -0.59138
2250.0 750.0 -0.59340
2350.0 750.0 -0.57875
2450.0 750.0 -0.55462
2550.0 750.0 -0.52756
2650.0 750.0 -0.50106
2750.0 750.0 -0.47873
2850.0 750.0 -0.46290
2950.0 750.0 -0.45376
3050.0 750.0 -0.44996
3150.0 750.0 -0.44917
3250.0 750.0 -0.44855
3350.0 750.0 -0.44533
3450.0 750.0 -0.43715
3550.0 750.0 -0.42247
3650.0 750.0 -0.40096
3750.0 750.0 -0.37377
3850.0 750.0 -0.34343
3950.0 750.0 -0.29780
4050.0 750.0 -0.21598
4150.0 750.0 -0.09780
4250.0 750.0 0.04267
4350.0 750.0 0.18492
4450.0 750.0 0.30813
4550.0 750.0 0.39566
4650.0 750.0 0.43793
4750.0 750.0 0.43362
4850.0 750.0 0.38924
4950.0 750.0 0.31710
5050.0 750.0 0.23158
5150.0 750.0 0.14398
5250.0 750.0 0.06123
5350.0 750.0 -0.00948
5450.0 750.0 -0.06167
5550.0 750.0 -0.09141
5650.0 750.0 -0.09843
5750.0 750.0 -0.08644
5850.0 750.0 -0.06278
5950.0 750.0 -0.03726
6050.0 750.0 -0.02024
6150.0 750.0 -0.02005
6250.0 750.0 -0.03954
6350.0 750.0 -0.07214
50.0 850.0 -0.17863
150.0 850.0 -0.27232
250.0 850.0 -0.35380
350.0 850.0 -0.41119
450.0 850.0 -0.43567
550.0 850.0 -0.42356
650.0 850.0 -0.37728
750.0 850.0 -0.30534
850.0 850.0 -0.22116
950.0 850.0 -0.14095
1050.0 850.0 -0.08046
1150.0 850.0 -0.05066
1250.0 850.0 -0.05245
1350.0 850.0 -0.07140
1450.0 850.0 -0.10474
1550.0 850.0 -0.16612
1650.0 850.0 -0.25472
1750.0 850.0 -0.35970
1850.0 850.0 -0.46581
1950.0 850.0 -0.55768
2050.0 850.0 -0.62310
2150.0 850.0 -0.65501
2250.0 850.0 -0.65242
2350.0 850.0 -0.62009
2450.0 850.0 -0.56709
2550.0 850.0 -0.50420
2650.0 850.0 -0.43955
2750.0 850.0 -0.37595
2850.0 850.0 -0.31802
2950.0 850.0 -0.27176
3050.0 850.0 -0.24214
3150.0 850.0 -0.23152
3250.0 850.0 -0.23881
3350.0 850.0 -0.25945
3450.0 850.0 -0.28614
3550.0 850.0 -0.31035
3650.0 850.0 -0.32465
3750.0 850.0 -0.32578
3850.0 850.0 -0.31808
3950.0 850.0 -0.29479
4050.0 850.0 -0.23476
4150.0 850.0 -0.13532
4250.0 850.0 -0.00765
4350.0 850.0 0.12991
4450.0 850.0 0.25734
4550.0 850.0 0.35712
4650.0 850.0 0.41717
4750.0 850.0 0.43255
4850.0 850.0 0.40589
4950.0 850.0 0.34655
5050.0 850.0 0.26855
5150.0 850.0 0.18606
5250.0 850.0 0.10432
5350.0 850.0 0.02834
5450.0 850.0 -0.03487
5550.0 850.0 -0.07922
5650.0 850.0 -0.10147
5750.0 850.0 -0.10238
5850.0 850.0 -0.08680
5950.0 850.0 -0.06298
6050.0 850.0 -0.04082
6150.0 850.0 -0.02933
6250.0 850.0 -0.03308
6350.0 850.0 -0.04790
50.0 950.0 -0.10141
150.0 950.0 -0.18986
250.0 950.0 -0.27201
350.0 950.0 -0.33812
450.0 950.0 -0.37863
550.0 950.0 -0.38726
650.0 950.0 -0.36295
750.0 950.0 -0.31059
850.0 950.0 -0.24054
950.0 950.0 -0.16688
1050.0 950.0 -0.10454
1150.0 950.0 -0.06514
1250.0 950.0 -0.05167
1350.0 950.0 -0.05317
1450.0 950.0 -0.07257
1550.0 950.0 -0.12818
1650.0 950.0 -0.21989
1750.0 950.0 -0.33491
1850.0 950.0 -0.45446
1950.0 950.0 -0.55911
2050.0 950.0 -0.63282
2150.0 950.0 -0.66556
2250.0 950.0 -0.65469
2350.0 950.0 -0.60485
2450.0 950.0 -0.52664
2550.0 950.0 -0.43386
2650.0 950.0 -0.33772
2750.0 950.0 -0.24046
2850.0 950.0 -0.14879
2950.0 950.0 -0.07358
3050.0 950.0 -0.02492
3150.0 950.0 -0.00885
3250.0 950.0 -0.02547
3350.0 950.0 -0.06845
3450.0 950.0 -0.12617
3550.0 950.0 -0.18411
3650.0 950.0 -0.22893
3750.0 950.0 -0.25380
3850.0 950.0 -0.26485
3950.0 950.0 -0.26065
4050.0 950.0 -0.22093
4150.0 950.0 -0.14140
4250.0 950.0 -0.03080
4350.0 950.0 0.09483
4450.0 950.0 0.21686
4550.0 950.0 0.31794
4650.0 950.0 0.38480
4750.0 950.0 0.41023
4850.0 950.0 0.39409
4950.0 950.0 0.34332
5050.0 950.0 0.27108
5150.0 950.0 0.19288
5250.0 950.0 0.11264
5350.0 950.0 0.03401
5450.0 950.0 -0.03549
5550.0 950.0 -0.08807
5650.0 950.0 -0.11843
5750.0 950.0 -0.12526
5850.0 950.0 -0.11188
5950.0 950.0 -0.08566
6050.0 950.0 -0.05646
6150.0 950.0 -0.03397
6250.0 950.0 -0.02405
6350.0 950.0 -0.02410
50.0 1050.0 -0.03824
150.0 1050.0 -0.12300
250.0 1050.0 -0.20566
350.0 1050.0 -0.27807
450.0 1050.0 -0.33012
550.0 1050.0 -0.35369
650.0 1050.0 -0.34523
750.0 1050.0 -0.30705
850.0 1050.0 -0.24726
950.0 1050.0 -0.17845
1050.0 1050.0 -0.11494
1150.0 1050.0 -0.06880
1250.0 1050.0 -0.04453
1350.0 1050.0 -0.03361
1450.0 1050.0 -0.04253
1550.0 1050.0 -0.09203
1650.0 1050.0 -0.18222
1750.0 1050.0 -0.29901
1850.0 1050.0 -0.42154
1950.0 1050.0 -0.52811
2050.0 1050.0 -0.60067
2150.0 1050.0 -0.62780
2250.0 1050.0 -0.60621
2350.0 1050.0 -0.54082
2450.0 1050.0 -0.44325
2550.0 1050.0 -0.32896
2650.0 1050.0 -0.21055
2750.0 1050.0 -0.08990
2850.0 1050.0 0.02444
2950.0 1050.0 0.11816
3050.0 1050.0 0.17760
3150.0 1050.0 0.19436
3250.0 1050.0 0.16783
3350.0 1050.0 0.10589
3450.0 1050.0 0.02356
3550.0 1050.0 -0.06021
3650.0 1050.0 -0.12776
3750.0 1050.0 -0.16988
3850.0 1050.0 -0.19428
3950.0 1050.0 -0.20434
4050.0 1050.0 -0.18167
4150.0 1050.0 -0.12140
4250.0 1050.0 -0.03041
4350.0 1050.0 0.07743
4450.0 1050.0 0.18536
4550.0 1050.0 0.27716
4650.0 1050.0 0.33974
4750.0 1050.0 0.36512
4850.0 1050.0 0.35168
4950.0 1050.0 0.30466
5050.0 1050.0 0.23598
5150.0 1050.0 0.16091
5250.0 1050.0 0.08255
5350.0 1050.0 0.00409
5450.0 1050.0 -0.06641
5550.0 1050.0 -0.12018
5650.0 1050.0 -0.15081
5750.0 1050.0 -0.15611
5850.0 1050.0 -0.13884
5950.0 1050.0 -0.10628
6050.0 1050.0 -0.06866
6150.0 1050.0 -0.03634
6250.0 1050.0 -0.01595
6350.0 1050.0 -0.00544
50.0 1150.0 -0.00186
150.0 1150.0 -0.08453
250.0 1150.0 -0.16731
350.0 1150.0 -0.24284
450.0 1150.0 -0.30072
550.0 1150.0 -0.33181
650.0 1150.0 -0.33126
750.0 1150.0 -0.30003
850.0 1150.0 -0.24509
950.0 1150.0 -0.17827
1050.0 1150.0 -0.11360
1150.0 1150.0 -0.06344
1250.0 1150.0 -0.03306
1350.0 1150.0 -0.01522
1450.0 1150.0 -0.01760
1550.0 1150.0 -0.06136
1650.0 1150.0 -0.14633
1750.0 1150.0 -0.25783
1850.0 1150.0 -0.37430
1950.0 1150.0 -0.47354
2050.0 1150.0 -0.53721
2150.0 1150.0 -0.55392
2250.0 1150.0 -0.52072
2350.0 1150.0 -0.44301
2450.0 1150.0 -0.33297
2550.0 1150.0 -0.20638
2650.0 1150.0 -0.07567
2750.0 1150.0 0.05730
2850.0 1150.0 0.18266
2950.0 1150.0 0.28407
3050.0 1150.0 0.34607
3150.0 1150.0 0.35922
3250.0 1150.0 0.32303
3350.0 1150.0 0.24665
3450.0 1150.0 0.14737
3550.0 1150.0 0.04688
3650.0 1150.0 -0.03467
3750.0 1150.0 -0.08685
3850.0 1150.0 -0.11874
3950.0 1150.0 -0.13761
4050.0 1150.0 -0.12768
4150.0 1150.0 -0.08443
4250.0 1150.0 -0.01362
4350.0 1150.0 0.07278
4450.0 1150.0 0.16017
4550.0 1150.0 0.23419
4650.0 1150.0 0.28310
4750.0 1150.0 0.29955
4850.0 1150.0 0.28171
4950.0 1150.0 0.23389
5050.0 1150.0 0.16654
5150.0 1150.0 0.09331
5250.0 1150.0 0.01704
5350.0 1150.0 -0.05867
5450.0 1150.0 -0.12529
5550.0 1150.0 -0.17374
5650.0 1150.0 -0.19749
5750.0 1150.0 -0.19453
5850.0 1150.0 -0.16808
5950.0 1150.0 -0.12605
6050.0 1150.0 -0.07936
6150.0 1150.0 -0.03899
6250.0 1150.0 -0.01178
6350.0 1150.0 0.00472
50.0 1250.0 0.00482
150.0 1250.0 -0.07709
250.0 1250.0 -0.15951
350.0 1250.0 -0.23516
450.0 1250.0 -0.29350
550.0 1250.0 -0.32518
650.0 1250.0 -0.32507
750.0 1250.0 -0.29390
850.0 1250.0 -0.23850
950.0 1250.0 -0.17061
1050.0 1250.0 -0.10436
1150.0 1250.0 -0.05220
1250.0 1250.0 -0.01959
1350.0 1250.0 0.00057
1450.0 1250.0 0.00127
1550.0 1250.0 -0.03750
1650.0 1250.0 -0.11498
1750.0 1250.0 -0.21643
1850.0 1250.0 -0.32074
1950.0 1250.0 -0.40647
2050.0 1250.0 -0.45632
2150.0 1250.0 -0.45997
2250.0 1250.0 -0.41546
2350.0 1250.0 -0.32885
2450.0 1250.0 -0.21245
2550.0 1250.0 -0.08137
2650.0 1250.0 0.05325
2750.0 1250.0 0.18936
2850.0 1250.0 0.31615
2950.0 1250.0 0.41652
3050.0 1250.0 0.47461
3150.0 1250.0 0.48108
3250.0 1250.0 0.43599
3350.0 1250.0 0.34951
3450.0 1250.0 0.24016
3550.0 1250.0 0.13093
3650.0 1250.0 0.04290
3750.0 1250.0 -0.01326
3850.0 1250.0 -0.04768
3950.0 1250.0 -0.07065
4050.0 1250.0 -0.06936
4150.0 1250.0 -0.04034
4250.0 1250.0 0.01119
4350.0 1250.0 0.07483
4450.0 1250.0 0.13813
4550.0 1250.0 0.18909
4650.0 1250.0 0.21812
4750.0 1250.0 0.21949
4850.0 1250.0 0.19215
4950.0 1250.0 0.14014
5050.0 1250.0 0.07232
5150.0 1250.0 -0.00014
5250.0 1250.0 -0.07428
5350.0 1250.0 -0.14539
5450.0 1250.0 -0.20456
5550.0 1250.0 -0.24291
5650.0 1250.0 -0.25460
5750.0 1250.0 -0.23863
5850.0 1250.0 -0.19940
5950.0 1250.0 -0.14597
6050.0 1250.0 -0.09020
6150.0 1250.0 -0.04356
6250.0 1250.0 -0.01271
6350.0 1250.0 0.00589
50.0 1350.0 -0.00536
150.0 1350.0 -0.08705
250.0 1350.0 -0.16872
350.0 1350.0 -0.24283
450.0 1350.0 -0.29881
550.0 1350.0 -0.32745
650.0 1350.0 -0.32390
750.0 1350.0 -0.28920
850.0 1350.0 -0.23053
950.0 1350.0 -0.15994
1050.0 1350.0 -0.09175
1150.0 1350.0 -0.03849
1250.0 1350.0 -0.00548
1350.0 1350.0 0.01482
1450.0 1350.0 0.01689
1550.0 1350.0 -0.01745
1650.0 1350.0 -0.08672
1750.0 1350.0 -0.17639
1850.0 1350.0 -0.26626
1950.0 1350.0 -0.33624
2050.0 1350.0 -0.37057
2150.0 1350.0 -0.36048
2250.0 1350.0 -0.30523
2350.0 1350.0 -0.21160
2450.0 1350.0 -0.09184
2550.0 1350.0 0.04004
2650.0 1350.0 0.17465
2750.0 1350.0 0.30964
2850.0 1350.0 0.43348
2950.0 1350.0 0.52891
3050.0 1350.0 0.58035
3150.0 1350.0 0.57900
3250.0 1350.0 0.52571
3350.0 1350.0 0.43144
3450.0 1350.0 0.31550
3550.0 1350.0 0.20143
3650.0 1350.0 0.11055
3750.0 1350.0 0.05328
3850.0 1350.0 0.01863
3950.0 1350.0 -0.00618
4050.0 1350.0 -0.01146
4150.0 1350.0 0.00500
4250.0 1350.0 0.03817
4350.0 1350.0 0.07906
4450.0 1350.0 0.11733
4550.0 1350.0 0.14349
4650.0 1350.0 0.15039
4750.0 1350.0 0.13431
4850.0 1350.0 0.09545
4950.0 1350.0 0.03784
5050.0 1350.0 -0.03123
5150.0 1350.0 -0.10343
5250.0 1350.0 -0.17547
5350.0 1350.0 -0.24126
5450.0 1350.0 -0.29156
5550.0 1350.0 -0.31791
5650.0 1350.0 -0.31550
5750.0 1350.0 -0.28470
5850.0 1350.0 -0.23136
5950.0 1350.0 -0.16591
6050.0 1350.0 -0.10125
6150.0 1350.0 -0.04926
6250.0 1350.0 -0.01627
6350.0 1350.0 0.00267
50.0 1450.0 -0.03234
150.0 1450.0 -0.11160
250.0 1450.0 -0.18954
350.0 1450.0 -0.25823
450.0 1450.0 -0.30740
550.0 1450.0 -0.32854
650.0 1450.0 -0.31759
750.0 1450.0 -0.27641
850.0 1450.0 -0.21276
950.0 1450.0 -0.13902
1050.0 1450.0 -0.06949
1150.0 1450.0 -0.01642
1250.0 1450.0 0.01540
1350.0 1450.0 0.03419
1450.0 1450.0 0.03600
1550.0 1450.0 0.00448
1650.0 1450.0 -0.05815
1750.0 1450.0 -0.13759
1850.0 1450.0 -0.21452
1950.0 1450.0 -0.27023
2050.0 1450.0 -0.29054
2150.0 1450.0 -0.26820
2250.0 1450.0 -0.20373
2350.0 1450.0 -0.10464
2450.0 1450.0 0.01690
2550.0 1450.0 0.14795
2650.0 1450.0 0.28099
2750.0 1450.0 0.41370
2850.0 1450.0 0.53427
2950.0 1450.0 0.62552
3050.0 1450.0 0.67219
3150.0 1450.0 0.66595
3250.0 1450.0 0.60808
3350.0 1450.0 0.50996
3450.0 1450.0 0.39114
3550.0 1450.0 0.27525
3650.0 1450.0 0.18352
3750.0 1450.0 0.12613
3850.0 1450.0 0.09163
3950.0 1450.0 0.06539
4050.0 1450.0 0.05428
4150.0 1450.0 0.05925
4250.0 1450.0 0.07548
4350.0 1450.0 0.09526
4450.0 1450.0 0.11025
4550.0 1450.0 0.11328
4650.0 1450.0 0.09952
4750.0 1450.0 0.06720
4850.0 1450.0 0.01764
4950.0 1450.0 -0.04509
5050.0 1450.0 -0.11517
5150.0 1450.0 -0.18700
5250.0 1450.0 -0.25718
5350.0 1450.0 -0.31851
5450.0 1450.0 -0.36137
5550.0 1450.0 -0.37758
5650.0 1450.0 -0.36309
5750.0 1450.0 -0.31935
5850.0 1450.0 -0.25345
5950.0 1450.0 -0.17702
6050.0 1450.0 -0.10384
6150.0 1450.0 -0.04630
6250.0 1450.0 -0.01047
6350.0 1450.0 0.00975
50.0 1550.0 -0.09078
150.0 1550.0 -0.16222
250.0 1550.0 -0.22951
350.0 1550.0 -0.28421
450.0 1550.0 -0.31714
550.0 1550.0 -0.32167
650.0 1550.0 -0.29577
750.0 1550.0 -0.24293
850.0 1550.0 -0.17192
950.0 1550.0 -0.09528
1050.0 1550.0 -0.02672
1150.0 1550.0 0.02269
1250.0 1550.0 0.04954
1350.0 1550.0 0.06311
1450.0 1550.0 0.06095
1550.0 1550.0 0.02850
1650.0 1550.0 -0.03129
1750.0 1550.0 -0.10429
1850.0 1550.0 -0.17205
1950.0 1550.0 -0.21719
2050.0 1550.0 -0.22709
2150.0 1550.0 -0.19604
2250.0 1550.0 -0.12582
2350.0 1550.0 -0.02469
2450.0 1550.0 0.09520
2550.0 1550.0 0.22203
2650.0 1550.0 0.35021
2750.0 1550.0 0.47835
2850.0 1550.0 0.59519
2950.0 1550.0 0.68415
3050.0 1550.0 0.73044
3150.0 1550.0 0.72584
3250.0 1550.0 0.67143
3350.0 1550.0 0.57801
3450.0 1550.0 0.46429
3550.0 1550.0 0.35298
3650.0 1550.0 0.26456
3750.0 1550.0 0.20890
3850.0 1550.0 0.17514
3950.0 1550.0 0.14827
4050.0 1550.0 0.13298
4150.0 1550.0 0.12919
4250.0 1550.0 0.13226
4350.0 1550.0 0.13551
4450.0 1550.0 0.13222
4550.0 1550.0 0.11711
4650.0 1550.0 0.08721
4750.0 1550.0 0.04229
4850.0 1550.0 -0.01538
4950.0 1550.0 -0.08171
5050.0 1550.0 -0.15208
5150.0 1550.0 -0.22318
5250.0 1550.0 -0.29216
5350.0 1550.0 -0.35129
5450.0 1550.0 -0.39055
5550.0 1550.0 -0.40159
5650.0 1550.0 -0.38047
5750.0 1550.0 -0.32898
5850.0 1550.0 -0.25475
5950.0 1550.0 -0.17011
6050.0 1550.0 -0.08952
6150.0 1550.0 -0.02587
6250.0 1550.0 0.01465
6350.0 1550.0 0.03866
50.0 1650.0 -0.17645
150.0 1650.0 -0.23350
250.0 1650.0 -0.28207
350.0 1650.0 -0.31323
450.0 1650.0 -0.31991
550.0 1650.0 -0.29874
650.0 1650.0 -0.25097
750.0 1650.0 -0.18261
850.0 1650.0 -0.10362
950.0 1650.0 -0.02634
1050.0 1650.0 0.03703
1150.0 1650.0 0.07775
1250.0 1650.0 0.09471
1350.0 1650.0 0.09850
1450.0 1650.0 0.08782
1550.0 1650.0 0.04988
1650.0 1650.0 -0.01160
1750.0 1650.0 -0.08261
1850.0 1650.0 -0.14557
1950.0 1650.0 -0.18441
2050.0 1650.0 -0.18807
2150.0 1650.0 -0.15241
2250.0 1650.0 -0.08051
2350.0 1650.0 0.01857
2450.0 1650.0 0.13269
2550.0 1650.0 0.25108
2650.0 1650.0 0.37035
2750.0 1650.0 0.49089
2850.0 1650.0 0.60296
2950.0 1650.0 0.69126
3050.0 1650.0 0.74157
3150.0 1650.0 0.74556
3250.0 1650.0 0.70335
3350.0 1650.0 0.62405
3450.0 1650.0 0.52435
3550.0 1650.0 0.42484
3650.0 1650.0 0.34445
3750.0 1650.0 0.29271
3850.0 1650.0 0.26042
3950.0 1650.0 0.23397
4050.0 1650.0 0.21681
4150.0 1650.0 0.20823
4250.0 1650.0 0.20370
4350.0 1650.0 0.19719
4450.0 1650.0 0.18303
4550.0 1650.0 0.15713
4650.0 1650.0 0.11773
4750.0 1650.0 0.06559
4850.0 1650.0 0.00357
4950.0 1650.0 -0.06423
5050.0 1650.0 -0.13394
5150.0 1650.0 -0.20387
5250.0 1650.0 -0.27253
5350.0 1650.0 -0.33244
5450.0 1650.0 -0.37316
5550.0 1650.0 -0.38561
5650.0 1650.0 -0.36507
5750.0 1650.0 -0.31272
5850.0 1650.0 -0.23589
5950.0 1650.0 -0.14689
6050.0 1650.0 -0.06056
6150.0 1650.0 0.00971
6250.0 1650.0 0.05712
6350.0 1650.0 0.08801
50.0 1750.0 -0.27327
150.0 1750.0 -0.30984
250.0 1750.0 -0.33266
350.0 1750.0 -0.33257
450.0 1750.0 -0.30561
550.0 1750.0 -0.25285
650.0 1750.0 -0.17977
750.0 1750.0 -0.09536
850.0 1750.0 -0.01074
950.0 1750.0 0.06266
1050.0 1750.0 0.11516
1150.0 1750.0 0.14149
1250.0 1750.0 0.14363
1350.0 1750.0 0.13331
1450.0 1750.0 0.10985
1550.0 1750.0 0.06223
1650.0 1750.0 -0.00499
1750.0 1750.0 -0.07793
1850.0 1750.0 -0.13985
1950.0 1750.0 -0.17602
2050.0 1750.0 -0.17700
2150.0 1750.0 -0.14025
2250.0 1750.0 -0.07025
2350.0 1750.0 0.02309
2450.0 1750.0 0.12761
2550.0 1750.0 0.23365
2650.0 1750.0 0.34013
2750.0 1750.0 0.44997
2850.0 1750.0 0.55576
2950.0 1750.0 0.64397
3050.0 1750.0 0.70126
3150.0 1750.0 0.71896
3250.0 1750.0 0.69566
3350.0 1750.0 0.63801
3450.0 1750.0 0.55955
3550.0 1750.0 0.47780
3650.0 1750.0 0.40941
3750.0 1750.0 0.36346
3850.0 1750.0 0.33330
3950.0 1750.0 0.30838
4050.0 1750.0 0.29195
4150.0 1750.0 0.28309
4250.0 1750.0 0.27729
4350.0 1750.0 0.26877
4450.0 1750.0 0.25222
4550.0 1750.0 0.22397
4650.0 1750.0 0.18268
4750.0 1750.0 0.12944
4850.0 1750.0 0.06732
4950.0 1750.0 0.00042
5050.0 1750.0 -0.06766
5150.0 1750.0 -0.13602
5250.0 1750.0 -0.20528
5350.0 1750.0 -0.26901
5450.0 1750.0 -0.31635
5550.0 1750.0 -0.33693
5650.0 1750.0 -0.32440
5750.0 1750.0 -0.27835
5850.0 1750.0 -0.20491
5950.0 1750.0 -0.11573
6050.0 1750.0 -0.02560
6150.0 1750.0 0.05151
6250.0 1750.0 0.10783
6350.0 1750.0 0.14849
50.0 1850.0 -0.36102
150.0 1850.0 -0.37270
250.0 1850.0 -0.36521
350.0 1850.0 -0.32969
450.0 1850.0 -0.26605
550.0 1850.0 -0.18049
650.0 1850.0 -0.08319
750.0 1850.0 0.01387
850.0 1850.0 0.09890
950.0 1850.0 0.16215
1050.0 1850.0 0.19753
1150.0 1850.0 0.20408
1250.0 1850.0 0.18735
1350.0 1850.0 0.15969
1450.0 1850.0 0.12032
1550.0 1850.0 0.06005
1650.0 1850.0 -0.01569
1750.0 1850.0 -0.09314
1850.0 1850.0 -0.15641
1950.0 1850.0 -0.19216
2050.0 1850.0 -0.19264
2150.0 1850.0 -0.15704
2250.0 1850.0 -0.09130
2350.0 1850.0 -0.00623
2450.0 1850.0 0.08594
2550.0 1850.0 0.17671
2650.0 1850.0 0.26750
2750.0 1850.0 0.36406
2850.0 1850.0 0.46174
2950.0 1850.0 0.54920
3050.0 1850.0 0.61418
3150.0 1850.0 0.64769
3250.0 1850.0 0.64656
3350.0 1850.0 0.61446
3450.0 1850.0 0.56123
3550.0 1850.0 0.50067
3650.0 1850.0 0.44665
3750.0 1850.0 0.40768
3850.0 1850.0 0.38014
3950.0 1850.0 0.35768
4050.0 1850.0 0.34438
4150.0 1850.0 0.33948
4250.0 1850.0 0.33847
4350.0 1850.0 0.33537
4450.0 1850.0 0.32458
4550.0 1850.0 0.30207
4650.0 1850.0 0.26617
4750.0 1850.0 0.21766
4850.0 1850.0 0.15944
4950.0 1850.0 0.09562
5050.0 1850.0 0.02999
5150.0 1850.0 -0.03653
5250.0 1850.0 -0.10717
5350.0 1850.0 -0.17727
5450.0 1850.0 -0.23553
5550.0 1850.0 -0.26989
5650.0 1850.0 -0.27163
5750.0 1850.0 -0.23799
5850.0 1850.0 -0.17315
5950.0 1850.0 -0.08752
6050.0 1850.0 0.00448
6150.0 1850.0 0.08834
6250.0 1850.0 0.15494
6350.0 1850.0 0.20751
50.0 1950.0 -0.42118
150.0 1950.0 -0.40596
250.0 1950.0 -0.36688
350.0 1950.0 -0.29594
450.0 1950.0 -0.19738
550.0 1950.0 -0.08272
650.0 1950.0 0.03338
750.0 1950.0 0.13642
850.0 1950.0 0.21467
950.0 1950.0 0.26088
1050.0 1950.0 0.27332
1150.0 1950.0 0.25597
1250.0 1950.0 0.21790
1350.0 1950.0 0.17130
1450.0 1950.0 0.11455
1550.0 1950.0 0.04035
1650.0 1950.0 -0.04497
1750.0 1950.0 -0.12771
1850.0 1950.0 -0.19292
1950.0 1950.0 -0.22874
2050.0 1950.0 -0.22920
2150.0 1950.0 -0.19531
2250.0 1950.0 -0.13456
2350.0 1950.0 -0.05874
2450.0 1950.0 0.01987
2550.0 1950.0 0.09397
2650.0 1950.0 0.16760
2750.0 1950.0 0.24924
2850.0 1950.0 0.33702
2950.0 1950.0 0.42193
3050.0 1950.0 0.49299
3150.0 1950.0 0.54105
3250.0 1950.0 0.56130
3350.0 1950.0 0.55445
3450.0 1950.0 0.52654
3550.0 1950.0 0.48749
3650.0 1950.0 0.44823
3750.0 1950.0 0.41654
3850.0 1950.0 0.39183
3950.0 1950.0 0.37247
4050.0 1950.0 0.36408
4150.0 1950.0 0.36644
4250.0 1950.0 0.37494
4350.0 1950.0 0.38309
4450.0 1950.0 0.38445
4550.0 1950.0 0.37405
4650.0 1950.0 0.34924
4750.0 1950.0 0.31001
4850.0 1950.0 0.25878
4950.0 1950.0 0.19964
5050.0 1950.0 0.13699
5150.0 1950.0 0.07244
5250.0 1950.0 -0.00013
5350.0 1950.0 -0.07820
5450.0 1950.0 -0.15013
5550.0 1950.0 -0.20185
5650.0 1950.0 -0.22191
5750.0 1950.0 -0.20472
5850.0 1950.0 -0.15202
5950.0 1950.0 -0.07260
6050.0 1950.0 0.01971
6150.0 1950.0 0.10991
6250.0 1950.0 0.18732
6350.0 1950.0 0.25284
50.0 2050.0 -0.44097
150.0 2050.0 -0.39958
250.0 2050.0 -0.33098
350.0 2050.0 -0.22874
450.0 2050.0 -0.10140
550.0 2050.0 0.03466
650.0 2050.0 0.16097
750.0 2050.0 0.26140
850.0 2050.0 0.32508
950.0 2050.0 0.34803
1050.0 2050.0 0.33332
1150.0 2050.0 0.28991
1250.0 2050.0 0.23002
1350.0 2050.0 0.16476
1450.0 2050.0 0.09105
1550.0 2050.0 0.00352
1650.0 2050.0 -0.09052
1750.0 2050.0 -0.17749
1850.0 2050.0 -0.24341
1950.0 2050.0 -0.27798
2050.0 2050.0 -0.27712
2150.0 2050.0 -0.24377
2250.0 2050.0 -0.18704
2350.0 2050.0 -0.11974
2450.0 2050.0 -0.05419
2550.0 2050.0 0.00360
2650.0 2050.0 0.06028
2750.0 2050.0 0.12658
2850.0 2050.0 0.20302
2950.0 2050.0 0.28283
3050.0 2050.0 0.35640
3150.0 2050.0 0.41475
3250.0 2050.0 0.45183
3350.0 2050.0 0.46587
3450.0 2050.0 0.45956
3550.0 2050.0 0.43927
3650.0 2050.0 0.41313
3750.0 2050.0 0.38811
3850.0 2050.0 0.36617
3950.0 2050.0 0.35010
4050.0 2050.0 0.34750
4150.0 2050.0 0.35883
4250.0 2050.0 0.37939
4350.0 2050.0 0.40197
4450.0 2050.0 0.41899
4550.0 2050.0 0.42418
4650.0 2050.0 0.41357
4750.0 2050.0 0.38607
4850.0 2050.0 0.34344
4950.0 2050.0 0.28973
5050.0 2050.0 0.23021
5150.0 2050.0 0.16757
5250.0 2050.0 0.09290
5350.0 2050.0 0.00643
5450.0 2050.0 -0.07984
5550.0 2050.0 -0.14986
5650.0 2050.0 -0.18939
5750.0 2050.0 -0.18989
5850.0 2050.0 -0.15056
5950.0 2050.0 -0.07848
6050.0 2050.0 0.01323
6150.0 2050.0 0.10911
6250.0 2050.0 0.19693
6350.0 2050.0 0.27516
50.0 2150.0 -0.41555
150.0 2150.0 -0.35131
250.0 2150.0 -0.25829
350.0 2150.0 -0.13214
450.0 2150.0 0.01470
550.0 2150.0 0.16189
650.0 2150.0 0.28834
750.0 2150.0 0.37731
850.0 2150.0 0.41965
950.0 2150.0 0.41502
1050.0 2150.0 0.37134
1150.0 2150.0 0.30214
1250.0 2150.0 0.22206
1350.0 2150.0 0.14028
1450.0 2150.0 0.05183
1550.0 2150.0 -0.04663
1650.0 2150.0 -0.14680
1750.0 2150.0 -0.23525
1850.0 2150.0 -0.29903
1950.0 2150.0 -0.32948
2050.0 2150.0 -0.32451
2150.0 2150.0 -0.28901
2250.0 2150.0 -0.23380
2350.0 2150.0 -0.17271
2450.0 2150.0 -0.11808
2550.0 2150.0 -0.07459
2650.0 2150.0 -0.03301
2750.0 2150.0 0.01887
2850.0 2150.0 0.08319
2950.0 2150.0 0.15507
3050.0 2150.0 0.22632
3150.0 2150.0 0.28849
3250.0 2150.0 0.33498
3350.0 2150.0 0.36234
3450.0 2150.0 0.37081
3550.0 2150.0 0.36399
3650.0 2150.0 0.34767
3750.0 2150.0 0.32790
3850.0 2150.0 0.30834
3950.0 2150.0 0.29531
4050.0 2150.0 0.29826
4150.0 2150.0 0.31838
4250.0 2150.0 0.35085
4350.0 2150.0 0.38772
4450.0 2150.0 0.42031
4550.0 2150.0 0.44097
4650.0 2150.0 0.44443
4750.0 2150.0 0.42849
4850.0 2150.0 0.39426
4950.0 2150.0 0.34575
5050.0 2150.0 0.28907
5150.0 2150.0 0.22812
5250.0 2150.0 0.15155
5350.0 2150.0 0.05757
5450.0 2150.0 -0.04151
5550.0 2150.0 -0.12791
5650.0 2150.0 -0.18488
5750.0 2150.0 -0.20126
5850.0 2150.0 -0.17400
5950.0 2150.0 -0.10860
6050.0 2150.0 -0.01757
6150.0 2150.0 0.08324
6250.0 2150.0 0.18023
6350.0 2150.0 0.26968
50.0 2250.0 -0.34838
150.0 2250.0 -0.26667
250.0 2250.0 -0.15649
350.0 2250.0 -0.01583
450.0 2250.0 0.13968
550.0 2250.0 0.28706
650.0 2250.0 0.40392
750.0 2250.0 0.47402
850.0 2250.0 0.49049
950.0 2250.0 0.45679
1050.0 2250.0 0.38515
1150.0 2250.0 0.29287
1250.0 2250.0 0.19610
1350.0 2250.0 0.10144
1450.0 2250.0 0.00194
1550.0 2250.0 -0.10367
1650.0 2250.0 -0.20607
1750.0 2250.0 -0.29205
1850.0 2250.0 -0.34971
1950.0 2250.0 -0.37212
2050.0 2250.0 -0.35917
2150.0 2250.0 -0.31780
2250.0 2250.0 -0.26050
2350.0 2250.0 -0.20211
2450.0 2250.0 -0.15499
2550.0 2250.0 -0.12242
2650.0 2250.0 -0.09274
2750.0 2250.0 -0.05318
2850.0 2250.0 -0.00093
2950.0 2250.0 0.06045
3050.0 2250.0 0.12415
3150.0 2250.0 0.18264
3250.0 2250.0 0.22951
3350.0 2250.0 0.26073
3450.0 2250.0 0.27525
3550.0 2250.0 0.27497
3650.0 2250.0 0.26402
3750.0 2250.0 0.24752
3850.0 2250.0 0.22976
3950.0 2250.0 0.21906
4050.0 2250.0 0.22624
4150.0 2250.0 0.25301
4250.0 2250.0 0.29448
4350.0 2250.0 0.34215
4450.0 2250.0 0.38647
4550.0 2250.0 0.41881
4650.0 2250.0 0.43289
4750.0 2250.0 0.42570
4850.0 2250.0 0.39782
4950.0 2250.0 0.35328
5050.0 2250.0 0.29879
5150.0 2250.0 0.23917
5250.0 2250.0 0.16127
5350.0 2250.0 0.06185
5450.0 2250.0 -0.04656
5550.0 2250.0 -0.14481
5650.0 2250.0 -0.21430
5750.0 2250.0 -0.24194
5850.0 2250.0 -0.22304
5950.0 2250.0 -0.16197
6050.0 2250.0 -0.07082
6150.0 2250.0 0.03421
6250.0 2250.0 0.13847
6350.0 2250.0 0.23666
50.0 2350.0 -0.24980
150.0 2350.0 -0.15714
250.0 2350.0 -0.03792
350.0 2350.0 0.10742
450.0 2350.0 0.26109
550.0 2350.0 0.39887
650.0 2350.0 0.49837
750.0 2350.0 0.54478
850.0 2350.0 0.53388
950.0 2350.0 0.47255
1050.0 2350.0 0.37657
1150.0 2350.0 0.26587
1250.0 2350.0 0.15717
1350.0 2350.0 0.05412
1450.0 2350.0 -0.05194
1550.0 2350.0 -0.16016
1650.0 2350.0 -0.26029
1750.0 2350.0 -0.33930
1850.0 2350.0 -0.38643
1950.0 2350.0 -0.39647
2050.0 2350.0 -0.37133
2150.0 2350.0 -0.31994
2250.0 2350.0 -0.25645
2350.0 2350.0 -0.19668
2450.0 2350.0 -0.15297
2550.0 2350.0 -0.12718
2650.0 2350.0 -0.10538
2750.0 2350.0 -0.07524
2850.0 2350.0 -0.03424
2950.0 2350.0 0.01477
3050.0 2350.0 0.06618
3150.0 2350.0 0.11369
3250.0 2350.0 0.15188
3350.0 2350.0 0.17722
3450.0 2350.0 0.18864
3550.0 2350.0 0.18750
3650.0 2350.0 0.17711
3750.0 2350.0 0.16170
3850.0 2350.0 0.14501
3950.0 2350.0 0.13564
4050.0 2350.0 0.14487
4150.0 2350.0 0.17462
4250.0 2350.0 0.21996
4350.0 2350.0 0.27219
4450.0 2350.0 0.32144
4550.0 2350.0 0.35869
4650.0 2350.0 0.37727
4750.0 2350.0 0.37387
4850.0 2350.0 0.34887
4950.0 2350.0 0.30628
5050.0 2350.0 0.25307
5150.0 2350.0 0.19435
5250.0 2350.0 0.11597
5350.0 2350.0 0.01396
5450.0 2350.0 -0.09890
5550.0 2350.0 -0.20270
5650.0 2350.0 -0.27780
5750.0 2350.0 -0.31011
5850.0 2350.0 -0.29412
5950.0 2350.0 -0.23374
6050.0 2350.0 -0.14096
6150.0 2350.0 -0.03228
6250.0 2350.0 0.07705
6350.0 2350.0 0.18092
50.0 2450.0 -0.13374
150.0 2450.0 -0.03641
250.0 2450.0 0.08439
350.0 2450.0 0.22597
450.0 2450.0 0.36938
550.0 2450.0 0.49039
650.0 2450.0 0.56772
750.0 2450.0 0.58861
850.0 2450.0 0.55152
950.0 2450.0 0.46620
1050.0 2450.0 0.35099
1150.0 2450.0 0.22734
1250.0 2450.0 0.11162
1350.0 2450.0 0.00462
1450.0 2450.0 -0.10361
1550.0 2450.0 -0.21013
1650.0 2450.0 -0.30372
1750.0 2450.0 -0.37163
1850.0 2450.0 -0.40423
1950.0 2450.0 -0.39801
2050.0 2450.0 -0.35687
2150.0 2450.0 -0.29171
2250.0 2450.0 -0.21825
2350.0 2450.0 -0.15326
2450.0 2450.0 -0.10899
2550.0 2450.0 -0.08594
2650.0 2450.0 -0.06809
2750.0 2450.0 -0.04429
2850.0 2450.0 -0.01320
2950.0 2450.0 0.02244
3050.0 2450.0 0.05803
3150.0 2450.0 0.08873
3250.0 2450.0 0.11071
3350.0 2450.0 0.12190
3450.0 2450.0 0.12231
3550.0 2450.0 0.11386
3650.0 2450.0 0.09976
3750.0 2450.0 0.08342
3850.0 2450.0 0.06713
3950.0 2450.0 0.05800
4050.0 2450.0 0.06678
4150.0 2450.0 0.09521
4250.0 2450.0 0.13838
4350.0 2450.0 0.18780
4450.0 2450.0 0.23390
4550.0 2450.0 0.26802
4650.0 2450.0 0.28387
4750.0 2450.0 0.27842
4850.0 2450.0 0.25222
4950.0 2450.0 0.20932
5050.0 2450.0 0.15642
5150.0 2450.0 0.09819
5250.0 2450.0 0.02023
5350.0 2450.0 -0.08134
5450.0 2450.0 -0.19353
5550.0 2450.0 -0.29621
5650.0 2450.0 -0.36957
5750.0 2450.0 -0.39947
5850.0 2450.0 -0.38049
5950.0 2450.0 -0.31675
6050.0 2450.0 -0.22050
6150.0 2450.0 -0.10851
6250.0 2450.0 0.00380
6350.0 2450.0 0.11039
50.0 2550.0 -0.01263
150.0 2550.0 0.08501
250.0 2550.0 0.20246
350.0 2550.0 0.33501
450.0 2550.0 0.46326
550.0 2550.0 0.56380
650.0 2550.0 0.61712
750.0 2550.0 0.61276
850.0 2550.0 0.55175
950.0 2550.0 0.44620
1050.0 2550.0 0.31619
1150.0 2550.0 0.18385
1250.0 2550.0 0.06474
1350.0 2550.0 -0.04310
1450.0 2550.0 -0.15045
1550.0 2550.0 -0.25228
1650.0 2550.0 -0.33646
1750.0 2550.0 -0.39051
1850.0 2550.0 -0.40594
1950.0 2550.0 -0.38093
2050.0 2550.0 -0.32132
2150.0 2550.0 -0.23991
2250.0 2550.0 -0.15396
2350.0 2550.0 -0.08113
2450.0 2550.0 -0.03358
2550.0 2550.0 -0.01045
2650.0 2550.0 0.00624
2750.0 2550.0 0.02598
2850.0 2550.0 0.04836
2950.0 2550.0 0.07041
3050.0 2550.0 0.08831
3150.0 2550.0 0.09881
3250.0 2550.0 0.10003
3350.0 2550.0 0.09196
3450.0 2550.0 0.07641
3550.0 2550.0 0.05653
3650.0 2550.0 0.03596
3750.0 2550.0 0.01739
3850.0 2550.0 0.00100
3950.0 2550.0 -0.00869
4050.0 2550.0 -0.00230
4150.0 2550.0 0.02142
4250.0 2550.0 0.05764
4350.0 2550.0 0.09839
4450.0 2550.0 0.13493
4550.0 2550.0 0.15955
4650.0 2550.0 0.16693
4750.0 2550.0 0.15480
4850.0 2550.0 0.12422
4950.0 2550.0 0.07922
5050.0 2550.0 0.02593
5150.0 2550.0 -0.03210
5250.0 2550.0 -0.10896
5350.0 2550.0 -0.20786
5450.0 2550.0 -0.31560
5550.0 2550.0 -0.41220
5650.0 2550.0 -0.47836
5750.0 2550.0 -0.50058
5850.0 2550.0 -0.47418
5950.0 2550.0 -0.40397
6050.0 2550.0 -0.30276
6150.0 2550.0 -0.18758
6250.0 2550.0 -0.07372
6350.0 2550.0 0.03351
50.0 2650.0 0.10542
150.0 2650.0 0.20186
250.0 2650.0 0.31432
350.0 2650.0 0.43622
450.0 2650.0 0.54799
550.0 2650.0 0.62728
650.0 2650.0 0.65652
750.0 2650.0 0.62766
850.0 2650.0 0.54413
950.0 2650.0 0.42019
1050.0 2650.0 0.27734
1150.0 2650.0 0.13810
1250.0 2650.0 0.01700
1350.0 2650.0 -0.09052
1450.0 2650.0 -0.19584
1550.0 2650.0 -0.29184
1650.0 2650.0 -0.36557
1750.0 2650.0 -0.40486
1850.0 2650.0 -0.40240
1950.0 2650.0 -0.35807
2050.0 2650.0 -0.27964
2150.0 2650.0 -0.18173
2250.0 2650.0 -0.08308
2350.0 2650.0 -0.00212
2450.0 2650.0 0.04911
2550.0 2650.0 0.07286
2650.0 2650.0 0.08894
2750.0 2650.0 0.10520
2850.0 2650.0 0.11944
2950.0 2650.0 0.12829
3050.0 2650.0 0.12868
3150.0 2650.0 0.11883
3250.0 2650.0 0.09883
3350.0 2650.0 0.07077
3450.0 2650.0 0.03835
3550.0 2650.0 0.00613
3650.0 2650.0 -0.02172
3750.0 2650.0 -0.04314
3850.0 2650.0 -0.06013
3950.0 2650.0 -0.07103
4050.0 2650.0 -0.06800
4150.0 2650.0 -0.05037
4250.0 2650.0 -0.02280
4350.0 2650.0 0.00741
4450.0 2650.0 0.03253
4550.0 2650.0 0.04598
4650.0 2650.0 0.04353
4750.0 2650.0 0.02378
4850.0 2650.0 -0.01173
4950.0 2650.0 -0.05901
5050.0 2650.0 -0.11267
5150.0 2650.0 -0.17036
5250.0 2650.0 -0.24564
5350.0 2650.0 -0.34085
5450.0 2650.0 -0.44267
5550.0 2650.0 -0.53153
5650.0 2650.0 -0.58885
5750.0 2650.0 -0.60206
5850.0 2650.0 -0.56740
5950.0 2650.0 -0.49049
6050.0 2650.0 -0.38466
6150.0 2650.0 -0.26714
6250.0 2650.0 -0.15286
6350.0 2650.0 -0.04627
50.0 2750.0 0.20226
150.0 2750.0 0.29469
250.0 2750.0 0.39932
350.0 2750.0 0.50809
450.0 2750.0 0.60179
550.0 2750.0 0.65966
650.0 2750.0 0.66631
750.0 2750.0 0.61604
850.0 2750.0 0.51437
950.0 2750.0 0.37706
1050.0 2750.0 0.22630
1150.0 2750.0 0.08434
1250.0 2750.0 -0.03558
1350.0 2750.0 -0.14022
1450.0 2750.0 -0.24098
1550.0 2750.0 -0.32873
1650.0 2750.0 -0.39002
1750.0 2750.0 -0.41338
1850.0 2750.0 -0.39291
1950.0 2750.0 -0.33025
2050.0 2750.0 -0.23494
2150.0 2750.0 -0.12312
2250.0 2750.0 -0.01449
2350.0 2750.0 0.07217
2450.0 2750.0 0.12533
2550.0 2750.0 0.14858
2650.0 2750.0 0.16330
2750.0 2750.0 0.17620
2850.0 2750.0 0.18377
2950.0 2750.0 0.18218
3050.0 2750.0 0.16871
3150.0 2750.0 0.14253
3250.0 2750.0 0.10508
3350.0 2750.0 0.05999
3450.0 2750.0 0.01249
3550.0 2750.0 -0.03167
3650.0 2750.0 -0.06775
3750.0 2750.0 -0.09402
3850.0 2750.0 -0.11408
3950.0 2750.0 -0.12883
4050.0 2750.0 -0.13205
4150.0 2750.0 -0.12337
4250.0 2750.0 -0.10688
4350.0 2750.0 -0.08883
4450.0 2750.0 -0.07571
4550.0 2750.0 -0.07291
4650.0 2750.0 -0.08377
4750.0 2750.0 -0.10916
4850.0 2750.0 -0.14750
4950.0 2750.0 -0.19525
5050.0 2750.0 -0.24789
5150.0 2750.0 -0.30391
5250.0 2750.0 -0.37560
5350.0 2750.0 -0.46434
5450.0 2750.0 -0.55718
5550.0 2750.0 -0.63568
5650.0 2750.0 -0.68271
5750.0 2750.0 -0.68710
5850.0 2750.0 -0.64618
5950.0 2750.0 -0.56617
6050.0 2750.0 -0.46047
6150.0 2750.0 -0.34581
6250.0 2750.0 -0.23625
6350.0 2750.0 -0.13516
50.0 2850.0 0.26153
150.0 2850.0 0.34544
250.0 2850.0 0.43790
350.0 2850.0 0.53006
450.0 2850.0 0.60398
550.0 2850.0 0.64120
650.0 2850.0 0.62888
750.0 2850.0 0.56346
850.0 2850.0 0.45187
950.0 2850.0 0.31025
1050.0 2850.0 0.16022
1150.0 2850.0 0.02267
1250.0 2850.0 -0.09085
1350.0 2850.0 -0.18848
1450.0 2850.0 -0.28069
1550.0 2850.0 -0.35670
1650.0 2850.0 -0.40314
1750.0 2850.0 -0.40976
1850.0 2850.0 -0.37239
1950.0 2850.0 -0.29443
2050.0 2850.0 -0.18683
2150.0 2850.0 -0.06650
2250.0 2850.0 0.04669
2350.0 2850.0 0.13452
2450.0 2850.0 0.18649
2550.0 2850.0 0.20739
2650.0 2850.0 0.21953
2750.0 2850.0 0.22948
2850.0 2850.0 0.23316
2950.0 2850.0 0.22626
3050.0 2850.0 0.20574
3150.0 2850.0 0.17074
3250.0 2850.0 0.12299
3350.0 2850.0 0.06670
3450.0 2850.0 0.00784
3550.0 2850.0 -0.04701
3650.0 2850.0 -0.09249
3750.0 2850.0 -0.12668
3850.0 2850.0 -0.15378
3950.0 2850.0 -0.17660
4050.0 2850.0 -0.19041
4150.0 2850.0 -0.19469
4250.0 2850.0 -0.19235
4350.0 2850.0 -0.18801
4450.0 2850.0 -0.18664
4550.0 2850.0 -0.19249
4650.0 2850.0 -0.20841
4750.0 2850.0 -0.23542
4850.0 2850.0 -0.27266
4950.0 2850.0 -0.31767
5050.0 2850.0 -0.36699
5150.0 2850.0 -0.41922
5250.0 2850.0 -0.48412
5350.0 2850.0 -0.56198
5450.0 2850.0 -0.64100
5550.0 2850.0 -0.70507
5650.0 2850.0 -0.73965
5750.0 2850.0 -0.73574
5850.0 2850.0 -0.69198
5950.0 2850.0 -0.61488
6050.0 2850.0 -0.51706
6150.0 2850.0 -0.41374
6250.0 2850.0 -0.31720
6350.0 2850.0 -0.22946
50.0 2950.0 0.27570
150.0 2950.0 0.34631
250.0 2950.0 0.42224
350.0 2950.0 0.49476
450.0 2950.0 0.54818
550.0 2950.0 0.56709
650.0 2950.0 0.54140
750.0 2950.0 0.46935
850.0 2950.0 0.35831
950.0 2950.0 0.22347
1050.0 2950.0 0.08441
1150.0 2950.0 -0.04051
1250.0 2950.0 -0.14182
1350.0 2950.0 -0.22801
1450.0 2950.0 -0.30757
1550.0 2950.0 -0.36863
1650.0 2950.0 -0.39867
1750.0 2950.0 -0.38919
1850.0 2950.0 -0.33800
1950.0 2950.0 -0.25004
2050.0 2950.0 -0.13705
2150.0 2950.0 -0.01581
2250.0 2950.0 0.09477
2350.0 2950.0 0.17800
2450.0 2950.0 0.22499
2550.0 2950.0 0.24149
2650.0 2950.0 0.24978
2750.0 2950.0 0.25743
2850.0 2950.0 0.26081
2950.0 2950.0 0.25507
3050.0 2950.0 0.23609
3150.0 2950.0 0.20182
3250.0 2950.0 0.15299
3350.0 2950.0 0.09317
3450.0 2950.0 0.02817
3550.0 2950.0 -0.03517
3650.0 2950.0 -0.09081
3750.0 2950.0 -0.13605
3850.0 2950.0 -0.17446
3950.0 2950.0 -0.20974
4050.0 2950.0 -0.23839
4150.0 2950.0 -0.25915
4250.0 2950.0 -0.27304
4350.0 2950.0 -0.28259
4450.0 2950.0 -0.29104
4550.0 2950.0 -0.30177
4650.0 2950.0 -0.31769
4750.0 2950.0 -0.34082
4850.0 2950.0 -0.37197
4950.0 2950.0 -0.41043
5050.0 2950.0 -0.45386
5150.0 2950.0 -0.50002
5250.0 2950.0 -0.55474
5350.0 2950.0 -0.61705
5450.0 2950.0 -0.67722
5550.0 2950.0 -0.72273
5650.0 2950.0 -0.74281
5750.0 2950.0 -0.73144
5850.0 2950.0 -0.68879
5950.0 2950.0 -0.62126
6050.0 2950.0 -0.53984
6150.0 2950.0 -0.45710
6250.0 2950.0 -0.38254
6350.0 2950.0 -0.31658
50.0 3050.0 0.24580
150.0 3050.0 0.29909
250.0 3050.0 0.35516
350.0 3050.0 0.40633
450.0 3050.0 0.44004
550.0 3050.0 0.44443
650.0 3050.0 0.41220
750.0 3050.0 0.34288
850.0 3050.0 0.24328
950.0 3050.0 0.12631
1050.0 3050.0 0.00811
1150.0 3050.0 -0.09654
1250.0 3050.0 -0.18049
1350.0 3050.0 -0.25145
1450.0 3050.0 -0.31507
1550.0 3050.0 -0.35916
1650.0 3050.0 -0.37273
1750.0 3050.0 -0.34954
1850.0 3050.0 -0.28938
1950.0 3050.0 -0.19838
2050.0 3050.0 -0.08828
2150.0 3050.0 0.02527
2250.0 3050.0 0.12548
2350.0 3050.0 0.19814
2450.0 3050.0 0.23644
2550.0 3050.0 0.24667
2650.0 3050.0 0.25007
2750.0 3050.0 0.25628
2850.0 3050.0 0.26313
2950.0 3050.0 0.26519
3050.0 3050.0 0.25657
3150.0 3050.0 0.23293
3250.0 3050.0 0.19271
3350.0 3050.0 0.13763
3450.0 3050.0 0.07236
3550.0 3050.0 0.00347
3650.0 3050.0 -0.06239
3750.0 3050.0 -0.12113
3850.0 3050.0 -0.17446
3950.0 3050.0 -0.22581
4050.0 3050.0 -0.27242
4150.0 3050.0 -0.31165
4250.0 3050.0 -0.34211
4350.0 3050.0 -0.36389
4450.0 3050.0 -0.37855
4550.0 3050.0 -0.38895
4650.0 3050.0 -0.39879
4750.0 3050.0 -0.41198
4850.0 3050.0 -0.43186
4950.0 3050.0 -0.46007
5050.0 3050.0 -0.49532
5150.0 3050.0 -0.53348
5250.0 3050.0 -0.57517
5350.0 3050.0 -0.61810
5450.0 3050.0 -0.65534
5550.0 3050.0 -0.67903
5650.0 3050.0 -0.68319
5750.0 3050.0 -0.66540
5850.0 3050.0 -0.62756
5950.0 3050.0 -0.57556
6050.0 3050.0 -0.51800
6150.0 3050.0 -0.46380
6250.0 3050.0 -0.41891
6350.0 3050.0 -0.38192
50.0 3150.0 0.18049
150.0 3150.0 0.21395
250.0 3150.0 0.24848
350.0 3150.0 0.27827
450.0 3150.0 0.29448
550.0 3150.0 0.28900
650.0 3150.0 0.25720
750.0 3150.0 0.19927
850.0 3150.0 0.12056
950.0 3150.0 0.03062
1050.0 3150.0 -0.05891
1150.0 3150.0 -0.13757
1250.0 3150.0 -0.20057
1350.0 3150.0 -0.25386
1450.0 3150.0 -0.29966
1550.0 3150.0 -0.32629
1650.0 3150.0 -0.32494
1750.0 3150.0 -0.29183
1850.0 3150.0 -0.22860
1950.0 3150.0 -0.14205
2050.0 3150.0 -0.04316
2150.0 3150.0 0.05455
2250.0 3150.0 0.13734
2350.0 3150.0 0.19426
2450.0 3150.0 0.22085
2550.0 3150.0 0.22351
2650.0 3150.0 0.22138
2750.0 3150.0 0.22707
2850.0 3150.0 0.24068
2950.0 3150.0 0.25625
3050.0 3150.0 0.26557
3150.0 3150.0 0.26112
3250.0 3150.0 0.23802
3350.0 3150.0 0.19513
3450.0 3150.0 0.13515
3550.0 3150.0 0.06389
3650.0 3150.0 -0.01149
3750.0 3150.0 -0.08506
3850.0 3150.0 -0.15561
3950.0 3150.0 -0.22520
4050.0 3150.0 -0.29114
4150.0 3150.0 -0.34891
4250.0 3150.0 -0.39436
4350.0 3150.0 -0.42509
4450.0 3150.0 -0.44118
4550.0 3150.0 -0.44547
4650.0 3150.0 -0.44312
4750.0 3150.0 -0.44076
4850.0 3150.0 -0.44489
4950.0 3150.0 -0.45990
5050.0 3150.0 -0.48538
5150.0 3150.0 -0.51428
5250.0 3150.0 -0.54116
5350.0 3150.0 -0.56238
5450.0 3150.0 -0.57430
5550.0 3150.0 -0.57443
5650.0 3150.0 -0.56214
5750.0 3150.0 -0.53904
5850.0 3150.0 -0.50878
5950.0 3150.0 -0.47650
6050.0 3150.0 -0.44785
6150.0 3150.0 -0.42749
6250.0 3150.0 -0.41729
6350.0 3150.0 -0.41393
50.0 3250.0 0.09447
150.0 3250.0 0.10749
250.0 3250.0 0.12072
350.0 3250.0 0.13075
450.0 3250.0 0.13263
550.0 3250.0 0.12199
650.0 3250.0 0.09644
750.0 3250.0 0.05634
850.0 3250.0 0.00491
950.0 3250.0 -0.05235
1050.0 3250.0 -0.10881
1150.0 3250.0 -0.15863
1250.0 3250.0 -0.19926
1350.0 3250.0 -0.23415
1450.0 3250.0 -0.26198
1550.0 3250.0 -0.27229
1650.0 3250.0 -0.25882
1750.0 3250.0 -0.22027
1850.0 3250.0 -0.15984
1950.0 3250.0 -0.08444
2050.0 3250.0 -0.00360
2150.0 3250.0 0.07198
2250.0 3250.0 0.13226
2350.0 3250.0 0.16996
2450.0 3250.0 0.18305
2550.0 3250.0 0.17757
2650.0 3250.0 0.16982
2750.0 3250.0 0.17580
2850.0 3250.0 0.19843
2950.0 3250.0 0.23127
3050.0 3250.0 0.26354
3150.0 3250.0 0.28402
3250.0 3250.0 0.28390
3350.0 3250.0 0.25854
3450.0 3250.0 0.20813
3550.0 3250.0 0.13734
3650.0 3250.0 0.05376
3750.0 3250.0 -0.03461
3850.0 3250.0 -0.12303
3950.0 3250.0 -0.21122
4050.0 3250.0 -0.29595
4150.0 3250.0 -0.37045
4250.0 3250.0 -0.42775
4350.0 3250.0 -0.46313
4450.0 3250.0 -0.47559
4550.0 3250.0 -0.46844
4650.0 3250.0 -0.44889
4750.0 3250.0 -0.42675
4850.0 3250.0 -0.41213
4950.0 3250.0 -0.41226
5050.0 3250.0 -0.42732
5150.0 3250.0 -0.44661
5250.0 3250.0 -0.45825
5350.0 3250.0 -0.45732
5450.0 3250.0 -0.44362
5550.0 3250.0 -0.42018
5650.0 3250.0 -0.39190
5750.0 3250.0 -0.36444
5850.0 3250.0 -0.34315
5950.0 3250.0 -0.33231
6050.0 3250.0 -0.33440
6150.0 3250.0 -0.34964
6250.0 3250.0 -0.37565
6350.0 3250.0 -0.40728
50.0 3350.0 0.00626
150.0 3350.0 0.00022
250.0 3350.0 -0.00579
350.0 3350.0 -0.01263
450.0 3350.0 -0.02152
550.0 3350.0 -0.03353
650.0 3350.0 -0.04923
750.0 3350.0 -0.06851
850.0 3350.0 -0.09056
950.0 3350.0 -0.11400
1050.0 3350.0 -0.13721
1150.0 3350.0 -0.15874
1250.0 3350.0 -0.17796
1350.0 3350.0 -0.19560
1450.0 3350.0 -0.20701
1550.0 3350.0 -0.20348
1650.0 3350.0 -0.18140
1750.0 3350.0 -0.14171
1850.0 3350.0 -0.08875
1950.0 3350.0 -0.02909
2050.0 3350.0 0.02961
2150.0 3350.0 0.07984
2250.0 3350.0 0.11543
2350.0 3350.0 0.13279
2450.0 3350.0 0.13214
2550.0 3350.0 0.11881
2650.0 3350.0 0.10586
2750.0 3350.0 0.11267
2850.0 3350.0 0.14511
2950.0 3350.0 0.19636
3050.0 3350.0 0.25309
3150.0 3350.0 0.30034
3250.0 3350.0 0.32530
3350.0 3350.0 0.31968
3450.0 3350.0 0.28103
3550.0 3350.0 0.21268
3650.0 3350.0 0.12255
3750.0 3350.0 0.02070
3850.0 3350.0 -0.08443
3950.0 3350.0 -0.18976
4050.0 3350.0 -0.29094
4150.0 3350.0 -0.37886
4250.0 3350.0 -0.44394
4350.0 3350.0 -0.47954
4450.0 3350.0 -0.48401
4550.0 3350.0 -0.46158
4650.0 3350.0 -0.42183
4750.0 3350.0 -0.37793
4850.0 3350.0 -0.34361
4950.0 3350.0 -0.32874
5050.0 3350.0 -0.33377
5150.0 3350.0 -0.34406
5250.0 3350.0 -0.34145
5350.0 3350.0 -0.31986
5450.0 3350.0 -0.28233
5550.0 3350.0 -0.23705
5650.0 3350.0 -0.19410
5750.0 3350.0 -0.16289
5850.0 3350.0 -0.15035
5950.0 3350.0 -0.15989
6050.0 3350.0 -0.19103
6150.0 3350.0 -0.23979
6250.0 3350.0 -0.29982
6350.0 3350.0 -0.36429
50.0 3450.0 -0.06474
150.0 3450.0 -0.08667
250.0 3450.0 -0.10839
350.0 3450.0 -0.12844
450.0 3450.0 -0.14490
550.0 3450.0 -0.15615
650.0 3450.0 -0.16141
750.0 3450.0 -0.16099
850.0 3450.0 -0.15634
950.0 3450.0 -0.14973
1050.0 3450.0 -0.14386
1150.0 3450.0 -0.14100
1250.0 3450.0 -0.14208
1350.0 3450.0 -0.14525
1450.0 3450.0 -0.14325
1550.0 3450.0 -0.12927
1650.0 3450.0 -0.10211
1750.0 3450.0 -0.06453
1850.0 3450.0 -0.02159
1950.0 3450.0 0.02077
2050.0 3450.0 0.05689
2150.0 3450.0 0.08233
2250.0 3450.0 0.09447
2350.0 3450.0 0.09300
2450.0 3450.0 0.08001
2550.0 3450.0 0.05993
2650.0 3450.0 0.04267
2750.0 3450.0 0.05049
2850.0 3450.0 0.09188
2950.0 3450.0 0.15974
3050.0 3450.0 0.23853
3150.0 3450.0 0.31005
3250.0 3450.0 0.35792
3350.0 3450.0 0.37063
3450.0 3450.0 0.34332
3550.0 3450.0 0.27810
3650.0 3450.0 0.18312
3750.0 3450.0 0.07019
3850.0 3450.0 -0.04892
3950.0 3450.0 -0.16833
4050.0 3450.0 -0.28225
4150.0 3450.0 -0.37939
4250.0 3450.0 -0.44802
4350.0 3450.0 -0.48011
4450.0 3450.0 -0.47384
4550.0 3450.0 -0.43458
4650.0 3450.0 -0.37430
4750.0 3450.0 -0.30933
4850.0 3450.0 -0.25660
4950.0 3450.0 -0.22825
5050.0 3450.0 -0.22468
5150.0 3450.0 -0.22741
5250.0 3450.0 -0.21281
5350.0 3450.0 -0.17374
5450.0 3450.0 -0.11597
5550.0 3450.0 -0.05203
5650.0 3450.0 0.00365
5750.0 3450.0 0.03846
5850.0 3450.0 0.04410
5950.0 3450.0 0.01785
6050.0 3450.0 -0.03736
6150.0 3450.0 -0.11404
6250.0 3450.0 -0.20251
6350.0 3450.0 -0.29448
50.0 3550.0 -0.10179
150.0 3550.0 -0.13520
250.0 3550.0 -0.16823
350.0 3550.0 -0.19771
450.0 3550.0 -0.21944
550.0 3550.0 -0.22987
650.0 3550.0 -0.22727
750.0 3550.0 -0.21229
850.0 3550.0 -0.18802
950.0 3550.0 -0.15943
1050.0 3550.0 -0.13235
1150.0 3550.0 -0.11175
1250.0 3550.0 -0.09967
1350.0 3550.0 -0.09239
1450.0 3550.0 -0.08093
1550.0 3550.0 -0.06021
1650.0 3550.0 -0.03091
1750.0 3550.0 0.00294
1850.0 3550.0 0.03594
1950.0 3550.0 0.06285
2050.0 3550.0 0.07976
2150.0 3550.0 0.08470
2250.0 3550.0 0.07790
2350.0 3550.0 0.06152
2450.0 3550.0 0.03900
2550.0 3550.0 0.01393
2650.0 3550.0 -0.00645
2750.0 3550.0 0.00213
2850.0 3550.0 0.05008
2950.0 3550.0 0.13009
3050.0 3550.0 0.22501
3150.0 3550.0 0.31429
3250.0 3550.0 0.37894
3350.0 3550.0 0.40511
3450.0 3550.0 0.38617
3550.0 3550.0 0.32334
3650.0 3550.0 0.22491
3750.0 3550.0 0.10400
3850.0 3550.0 -0.02522
3950.0 3550.0 -0.15457
4050.0 3550.0 -0.27677
4150.0 3550.0 -0.37877
4250.0 3550.0 -0.44733
4350.0 3550.0 -0.47359
4450.0 3550.0 -0.45591
4550.0 3550.0 -0.40087
4650.0 3550.0 -0.32252
4750.0 3550.0 -0.23976
4850.0 3550.0 -0.17204
4950.0 3550.0 -0.13311
5050.0 3550.0 -0.12312
5150.0 3550.0 -0.12036
5250.0 3550.0 -0.09689
5350.0 3550.0 -0.04470
5450.0 3550.0 0.02852
5550.0 3550.0 0.10704
5650.0 3550.0 0.17320
5750.0 3550.0 0.21196
5850.0 3550.0 0.21389
5950.0 3550.0 0.17662
6050.0 3550.0 0.10480
6150.0 3550.0 0.00840
6250.0 3550.0 -0.10047
6350.0 3550.0 -0.21231
50.0 3650.0 -0.09502
150.0 3650.0 -0.13509
250.0 3650.0 -0.17494
350.0 3650.0 -0.21057
450.0 3650.0 -0.23647
550.0 3650.0 -0.24795
650.0 3650.0 -0.24256
750.0 3650.0 -0.22099
850.0 3650.0 -0.18710
950.0 3650.0 -0.14725
1050.0 3650.0 -0.10895
1150.0 3650.0 -0.07870
1250.0 3650.0 -0.05923
1350.0 3650.0 -0.04596
1450.0 3650.0 -0.02922
1550.0 3650.0 -0.00517
1650.0 3650.0 0.02437
1750.0 3650.0 0.05465
1850.0 3650.0 0.08018
1950.0 3650.0 0.09630
2050.0 3650.0 0.10029
2150.0 3650.0 0.09181
2250.0 3650.0 0.07283
2350.0 3650.0 0.04705
2450.0 3650.0 0.01866
2550.0 3650.0 -0.00935
2650.0 3650.0 -0.03156
2750.0 3650.0 -0.02281
2850.0 3650.0 0.02828
2950.0 3650.0 0.11425
3050.0 3650.0 0.21709
3150.0 3650.0 0.31500
3250.0 3650.0 0.38766
3350.0 3650.0 0.42004
3450.0 3650.0 0.40462
3550.0 3650.0 0.34223
3650.0 3650.0 0.24128
3750.0 3650.0 0.11559
3850.0 3650.0 -0.01944
3950.0 3650.0 -0.15426
4050.0 3650.0 -0.28033
4150.0 3650.0 -0.38341
4250.0 3650.0 -0.44939
4350.0 3650.0 -0.46916
4450.0 3650.0 -0.44146
4550.0 3650.0 -0.37392
4650.0 3650.0 -0.28210
4750.0 3650.0 -0.18670
4850.0 3650.0 -0.10875
4950.0 3650.0 -0.06295
5050.0 3650.0 -0.04910
5150.0 3650.0 -0.04315
5250.0 3650.0 -0.01424
5350.0 3650.0 0.04636
5450.0 3650.0 0.12991
5550.0 3650.0 0.21879
5650.0 3650.0 0.29328
5750.0 3650.0 0.33674
5850.0 3650.0 0.33883
5950.0 3650.0 0.29720
6050.0 3650.0 0.21727
6150.0 3650.0 0.11038
6250.0 3650.0 -0.00988
6350.0 3650.0 -0.13312
50.0 3750.0 -0.04635
150.0 3750.0 -0.08892
250.0 3750.0 -0.13196
350.0 3750.0 -0.17148
450.0 3750.0 -0.20157
550.0 3750.0 -0.21692
650.0 3750.0 -0.21456
750.0 3750.0 -0.19478
850.0 3750.0 -0.16129
950.0 3750.0 -0.12059
1050.0 3750.0 -0.08052
1150.0 3750.0 -0.04809
1250.0 3750.0 -0.02639
1350.0 3750.0 -0.01100
1450.0 3750.0 0.00752
1550.0 3750.0 0.03242
1650.0 3750.0 0.06141
1750.0 3750.0 0.08950
1850.0 3750.0 0.11123
1950.0 3750.0 0.12228
2050.0 3750.0 0.12046
2150.0 3750.0 0.10611
2250.0 3750.0 0.08196
2350.0 3750.0 0.05228
2450.0 3750.0 0.02155
2550.0 3750.0 -0.00756
2650.0 3750.0 -0.03051
2750.0 3750.0 -0.02229
2850.0 3750.0 0.02850
2950.0 3750.0 0.11428
3050.0 3750.0 0.21686
3150.0 3750.0 0.31427
3250.0 3750.0 0.38609
3350.0 3750.0 0.41719
3450.0 3750.0 0.40011
3550.0 3750.0 0.33576
3650.0 3750.0 0.23270
3750.0 3750.0 0.10487
3850.0 3750.0 -0.03227
3950.0 3750.0 -0.16877
4050.0 3750.0 -0.29522
4150.0 3750.0 -0.39675
4250.0 3750.0 -0.45899
4350.0 3750.0 -0.47292
4450.0 3750.0 -0.43776
4550.0 3750.0 -0.36189
4650.0 3750.0 -0.26182
4750.0 3750.0 -0.15918
4850.0 3750.0 -0.07577
4950.0 3750.0 -0.02664
5050.0 3750.0 -0.01121
5150.0 3750.0 -0.00406
5250.0 3750.0 0.02734
5350.0 3750.0 0.09235
5450.0 3750.0 0.18193
5550.0 3750.0 0.27766
5650.0 3750.0 0.35885
5750.0 3750.0 0.40788
5850.0 3750.0 0.41374
5950.0 3750.0 0.37368
6050.0 3750.0 0.29317
6150.0 3750.0 0.18391
6250.0 3750.0 0.06011
6350.0 3750.0 -0.06716
50.0 3850.0 0.02561
150.0 3850.0 -0.01734
250.0 3850.0 -0.06180
350.0 3850.0 -0.10430
450.0 3850.0 -0.13896
550.0 3850.0 -0.16019
650.0 3850.0 -0.16445
750.0 3850.0 -0.15138
850.0 3850.0 -0.12404
950.0 3850.0 -0.08834
1050.0 3850.0 -0.05174
1150.0 3850.0 -0.02115
1250.0 3850.0 0.00005
1350.0 3850.0 0.01554
1450.0 3850.0 0.03409
1550.0 3850.0 0.05874
1650.0 3850.0 0.08712
1750.0 3850.0 0.11423
1850.0 3850.0 0.13469
1950.0 3850.0 0.14430
2050.0 3850.0 0.14099
2150.0 3850.0 0.12530
2250.0 3850.0 0.10005
2350.0 3850.0 0.06964
2450.0 3850.0 0.03853
2550.0 3850.0 0.00930
2650.0 3850.0 -0.01381
2750.0 3850.0 -0.00657
2850.0 3850.0 0.04193
2950.0 3850.0 0.12401
3050.0 3850.0 0.22169
3150.0 3850.0 0.31341
3250.0 3850.0 0.37928
3350.0 3850.0 0.40480
3450.0 3850.0 0.38301
3550.0 3850.0 0.31521
3650.0 3850.0 0.21012
3750.0 3850.0 0.08150
3850.0 3850.0 -0.05579
3950.0 3850.0 -0.19203
4050.0 3850.0 -0.31718
4150.0 3850.0 -0.41606
4250.0 3850.0 -0.47435
4350.0 3850.0 -0.48329
4450.0 3850.0 -0.44257
4550.0 3850.0 -0.36112
4650.0 3850.0 -0.25600
4750.0 3850.0 -0.14933
4850.0 3850.0 -0.06319
4950.0 3850.0 -0.01267
5050.0 3850.0 0.00316
5150.0 3850.0 0.01051
5250.0 3850.0 0.04291
5350.0 3850.0 0.11030
5450.0 3850.0 0.20376
5550.0 3850.0 0.30462
5650.0 3850.0 0.39173
5750.0 3850.0 0.44688
5850.0 3850.0 0.45843
5950.0 3850.0 0.42309
6050.0 3850.0 0.34594
6150.0 3850.0 0.23854
6250.0 3850.0 0.11529
6350.0 3850.0 -0.01217
50.0 3950.0 0.11290
150.0 3950.0 0.07023
250.0 3950.0 0.02455
350.0 3950.0 -0.02154
450.0 3950.0 -0.06241
550.0 3950.0 -0.09218
650.0 3950.0 -0.10665
750.0 3950.0 -0.10449
850.0 3950.0 -0.08766
950.0 3950.0 -0.06104
1050.0 3950.0 -0.03129
1150.0 3950.0 -0.00494
1250.0 3950.0 0.01430
1350.0 3950.0 0.02893
1450.0 3950.0 0.04674
1550.0 3950.0 0.07086
1650.0 3950.0 0.09908
1750.0 3950.0 0.12656
1850.0 3950.0 0.14797
1950.0 3950.0 0.15906
2050.0 3950.0 0.15764
2150.0 3950.0 0.14401
2250.0 3950.0 0.12076
2350.0 3950.0 0.09200
2450.0 3950.0 0.06209
2550.0 3950.0 0.03365
2650.0 3950.0 0.01094
2750.0 3950.0 0.01696
2850.0 3950.0 0.06177
2950.0 3950.0 0.13772
3050.0 3950.0 0.22743
3150.0 3950.0 0.31031
3250.0 3950.0 0.36758
3350.0 3950.0 0.38572
3450.0 3950.0 0.35862
3550.0 3950.0 0.28803
3650.0 3950.0 0.18268
3750.0 3950.0 0.05581
3850.0 3950.0 -0.07875
3950.0 3950.0 -0.21209
4050.0 3950.0 -0.33420
4150.0 3950.0 -0.43001
4250.0 3950.0 -0.48537
4350.0 3950.0 -0.49174
4450.0 3950.0 -0.44891
4550.0 3950.0 -0.36587
4650.0 3950.0 -0.25961
4750.0 3950.0 -0.15209
4850.0 3950.0 -0.06522
4950.0 3950.0 -0.01388
5050.0 3950.0 0.00294
5150.0 3950.0 0.01139
5250.0 3950.0 0.04532
5350.0 3950.0 0.11502
5450.0 3950.0 0.21182
5550.0 3950.0 0.31707
5650.0 3950.0 0.40948
5750.0 3950.0 0.47054
5850.0 3950.0 0.48817
5950.0 3950.0 0.45865
6050.0 3950.0 0.38661
6150.0 3950.0 0.28335
6250.0 3950.0 0.16323
6350.0 3950.0 0.03829
50.0 4050.0 0.22767
150.0 4050.0 0.18668
250.0 4050.0 0.14031
350.0 4050.0 0.08957
450.0 4050.0 0.03938
550.0 4050.0 -0.00420
650.0 4050.0 -0.03603
750.0 4050.0 -0.05323
850.0 4050.0 -0.05583
950.0 4050.0 -0.04671
1050.0 4050.0 -0.03086
1150.0 4050.0 -0.01387
1250.0 4050.0 0.00021
1350.0 4050.0 0.01177
1450.0 4050.0 0.02700
1550.0 4050.0 0.04972
1650.0 4050.0 0.07846
1750.0 4050.0 0.10888
1850.0 4050.0 0.13575
1950.0 4050.0 0.15448
2050.0 4050.0 0.16215
2150.0 4050.0 0.15804
2250.0 4050.0 0.14358
2350.0 4050.0 0.12192
2450.0 4050.0 0.09687
2550.0 4050.0 0.07143
2650.0 4050.0 0.05062
2750.0 4050.0 0.05499
2850.0 4050.0 0.09296
2950.0 4050.0 0.15728
3050.0 4050.0 0.23222
3150.0 4050.0 0.29947
3250.0 4050.0 0.34260
3350.0 4050.0 0.35014
3450.0 4050.0 0.31735
3550.0 4050.0 0.24654
3650.0 4050.0 0.14605
3750.0 4050.0 0.02780
3850.0 4050.0 -0.09646
3950.0 4050.0 -0.22005
4050.0 4050.0 -0.33454
4150.0 4050.0 -0.42604
4250.0 4050.0 -0.48097
4350.0 4050.0 -0.49072
4450.0 4050.0 -0.45436
4550.0 4050.0 -0.37959
4650.0 4050.0 -0.28177
4750.0 4050.0 -0.18114
4850.0 4050.0 -0.09814
4950.0 4050.0 -0.04698
5050.0 4050.0 -0.02723
5150.0 4050.0 -0.01495
5250.0 4050.0 0.02212
5350.0 4050.0 0.09412
5450.0 4050.0 0.19276
5550.0 4050.0 0.30008
5650.0 4050.0 0.39544
5750.0 4050.0 0.46082
5850.0 4050.0 0.48438
5950.0 4050.0 0.46228
6050.0 4050.0 0.39881
6150.0 4050.0 0.30472
6250.0 4050.0 0.19388
6350.0 4050.0 0.07809
50.0 4150.0 0.36047
150.0 4150.0 0.32307
250.0 4150.0 0.27733
350.0 4150.0 0.22202
450.0 4150.0 0.16083
550.0 4150.0 0.09970
650.0 4150.0 0.04479
750.0 4150.0 0.00094
850.0 4150.0 -0.02923
950.0 4150.0 -0.04571
1050.0 4150.0 -0.05088
1150.0 4150.0 -0.04874
1250.0 4150.0 -0.04357
1350.0 4150.0 -0.03790
1450.0 4150.0 -0.02776
1550.0 4150.0 -0.00811
1650.0 4150.0 0.02102
1750.0 4150.0 0.05622
1850.0 4150.0 0.09254
1950.0 4150.0 0.12486
2050.0 4150.0 0.14895
2150.0 4150.0 0.16222
2250.0 4150.0 0.16399
2350.0 4150.0 0.15554
2450.0 4150.0 0.13966
2550.0 4150.0 0.12000
2650.0 4150.0 0.10304
2750.0 4150.0 0.10539
2850.0 4150.0 0.13296
2950.0 4150.0 0.17938
3050.0 4150.0 0.23185
3150.0 4150.0 0.27594
3250.0 4150.0 0.29909
3350.0 4150.0 0.29304
3450.0 4150.0 0.25507
3550.0 4150.0 0.18805
3650.0 4150.0 0.09938
3750.0 4150.0 -0.00129
3850.0 4150.0 -0.10555
3950.0 4150.0 -0.21051
4050.0 4150.0 -0.31128
4150.0 4150.0 -0.39643
4250.0 4150.0 -0.45345
4350.0 4150.0 -0.47339
4450.0 4150.0 -0.45357
4550.0 4150.0 -0.39881
4650.0 4150.0 -0.32091
4750.0 4150.0 -0.23643
4850.0 4150.0 -0.16283
4950.0 4150.0 -0.11293
5050.0 4150.0 -0.08770
5150.0 4150.0 -0.06811
5250.0 4150.0 -0.02602
5350.0 4150.0 0.04770
5450.0 4150.0 0.14536
5550.0 4150.0 0.25052
5650.0 4150.0 0.34437
5750.0 4150.0 0.41053
5850.0 4150.0 0.43836
5950.0 4150.0 0.42454
6050.0 4150.0 0.37316
6150.0 4150.0 0.29417
6250.0 4150.0 0.20029
6350.0 4150.0 0.10212
50.0 4250.0 0.48882
150.0 4250.0 0.45698
250.0 4250.0 0.41395
350.0 4250.0 0.35600
450.0 4250.0 0.28510
550.0 4250.0 0.20665
650.0 4250.0 0.12751
750.0 4250.0 0.05447
850.0 4250.0 -0.00696
950.0 4250.0 -0.05338
1050.0 4250.0 -0.08399
1150.0 4250.0 -0.10062
1250.0 4250.0 -0.10755
1350.0 4250.0 -0.11047
1450.0 4250.0 -0.10806
1550.0 4250.0 -0.09375
1650.0 4250.0 -0.06566
1750.0 4250.0 -0.02573
1850.0 4250.0 0.02163
1950.0 4250.0 0.07080
2050.0 4250.0 0.11596
2150.0 4250.0 0.15205
2250.0 4250.0 0.17556
2350.0 4250.0 0.18513
2450.0 4250.0 0.18208
2550.0 4250.0 0.17076
2650.0 4250.0 0.15957
2750.0 4250.0 0.15981
2850.0 4250.0 0.17415
2950.0 4250.0 0.19760
3050.0 4250.0 0.22150
3150.0 4250.0 0.23668
3250.0 4250.0 0.23581
3350.0 4250.0 0.21476
3450.0 4250.0 0.17333
3550.0 4250.0 0.11487
3650.0 4250.0 0.04527
3750.0 4250.0 -0.02903
3850.0 4250.0 -0.10390
3950.0 4250.0 -0.18160
4050.0 4250.0 -0.26247
4150.0 4250.0 -0.33870
4250.0 4250.0 -0.39942
4350.0 4250.0 -0.43506
4450.0 4250.0 -0.44033
4550.0 4250.0 -0.41576
4650.0 4250.0 -0.36781
4750.0 4250.0 -0.30760
4850.0 4250.0 -0.24815
4950.0 4250.0 -0.20029
5050.0 4250.0 -0.16708
5150.0 4250.0 -0.13687
5250.0 4250.0 -0.08820
5350.0 4250.0 -0.01402
5450.0 4250.0 0.07878
5550.0 4250.0 0.17615
5650.0 4250.0 0.26233
5750.0 4250.0 0.32394
5850.0 4250.0 0.35261
5950.0 4250.0 0.34633
6050.0 4250.0 0.30930
6150.0 4250.0 0.25046
6250.0 4250.0 0.18066
6350.0 4250.0 0.10828
50.0 4350.0 0.58763
150.0 4350.0 0.56301
250.0 4350.0 0.52528
350.0 4350.0 0.46837
450.0 4350.0 0.39226
550.0 4350.0 0.30120
650.0 4350.0 0.20218
750.0 4350.0 0.10339
850.0 4350.0 0.01289
950.0 4350.0 -0.06268
1050.0 4350.0 -0.11917
1150.0 4350.0 -0.15596
1250.0 4350.0 -0.17687
1350.0 4350.0 -0.19043
1450.0 4350.0 -0.19801
1550.0 4350.0 -0.19161
1650.0 4350.0 -0.16718
1750.0 4350.0 -0.12480
1850.0 4350.0 -0.06787
1950.0 4350.0 -0.00230
2050.0 4350.0 0.06458
2150.0 4350.0 0.12510
2250.0 4350.0 0.17256
2350.0 4350.0 0.20256
2450.0 4350.0 0.21453
2550.0 4350.0 0.21340
2650.0 4350.0 0.20948
2750.0 4350.0 0.20784
2850.0 4350.0 0.20751
2950.0 4350.0 0.20530
3050.0 4350.0 0.19751
3150.0 4350.0 0.18122
3250.0 4350.0 0.15511
3350.0 4350.0 0.11978
3450.0 4350.0 0.07767
3550.0 4350.0 0.03249
3650.0 4350.0 -0.01189
3750.0 4350.0 -0.05285
3850.0 4350.0 -0.09114
3950.0 4350.0 -0.13488
4050.0 4350.0 -0.19076
4150.0 4350.0 -0.25544
4250.0 4350.0 -0.32004
4350.0 4350.0 -0.37434
4450.0 4350.0 -0.40986
4550.0 4350.0 -0.42187
4650.0 4350.0 -0.41032
4750.0 4350.0 -0.37962
4850.0 4350.0 -0.33733
4950.0 4350.0 -0.29179
5050.0 4350.0 -0.24860
5150.0 4350.0 -0.20526
5250.0 4350.0 -0.14917
5350.0 4350.0 -0.07629
5450.0 4350.0 0.00729
5550.0 4350.0 0.09068
5650.0 4350.0 0.16231
5750.0 4350.0 0.21296
5850.0 4350.0 0.23768
5950.0 4350.0 0.23651
6050.0 4350.0 0.21419
6150.0 4350.0 0.17855
6250.0 4350.0 0.13798
6350.0 4350.0 0.09758
50.0 4450.0 0.63685
150.0 4450.0 0.62054
250.0 4450.0 0.59072
350.0 4450.0 0.53966
450.0 4450.0 0.46524
550.0 4450.0 0.37002
650.0 4450.0 0.26024
750.0 4450.0 0.14453
850.0 4450.0 0.03261
950.0 4450.0 -0.06628
1050.0 4450.0 -0.14505
1150.0 4450.0 -0.20059
1250.0 4450.0 -0.23576
1350.0 4450.0 -0.26101
1450.0 4450.0 -0.28008
1550.0 4450.0 -0.28402
1650.0 4450.0 -0.26663
1750.0 4450.0 -0.22585
1850.0 4450.0 -0.16368
1950.0 4450.0 -0.08579
2050.0 4450.0 -0.00064
2150.0 4450.0 0.08180
2250.0 4450.0 0.15176
2350.0 4450.0 0.20175
2450.0 4450.0 0.22911
2550.0 4450.0 0.23898
2650.0 4450.0 0.24317
2750.0 4450.0 0.24015
2850.0 4450.0 0.22536
2950.0 4450.0 0.19763
3050.0 4450.0 0.15858
3150.0 4450.0 0.11185
3250.0 4450.0 0.06233
3350.0 4450.0 0.01539
3450.0 4450.0 -0.02397
3550.0 4450.0 -0.05202
3650.0 4450.0 -0.06716
3750.0 4450.0 -0.07086
3850.0 4450.0 -0.06880
3950.0 4450.0 -0.07496
4050.0 4450.0 -0.10272
4150.0 4450.0 -0.15356
4250.0 4450.0 -0.22084
4350.0 4450.0 -0.29369
4450.0 4450.0 -0.36032
4550.0 4450.0 -0.41045
4650.0 4450.0 -0.43704
4750.0 4450.0 -0.43730
4850.0 4450.0 -0.41289
4950.0 4450.0 -0.36940
5050.0 4450.0 -0.31510
5150.0 4450.0 -0.25737
5250.0 4450.0 -0.19383
5350.0 4450.0 -0.12429
5450.0 4450.0 -0.05400
5550.0 4450.0 0.00974
5650.0 4450.0 0.06035
5750.0 4450.0 0.09369
5850.0 4450.0 0.10907
5950.0 4450.0 0.10933
6050.0 4450.0 0.10010
6150.0 4450.0 0.08819
6250.0 4450.0 0.07914
6350.0 4450.0 0.07392
50.0 4550.0 0.62627
150.0 4550.0 0.61858
250.0 4550.0 0.59886
350.0 4550.0 0.55865
450.0 4550.0 0.49390
550.0 4550.0 0.40499
650.0 4550.0 0.29646
750.0 4550.0 0.17625
850.0 4550.0 0.05448
950.0 4550.0 -0.05815
1050.0 4550.0 -0.15235
1150.0 4550.0 -0.22279
1250.0 4550.0 -0.27090
1350.0 4550.0 -0.30770
1450.0 4550.0 -0.33876
1550.0 4550.0 -0.35485
1650.0 4550.0 -0.34799
1750.0 4550.0 -0.31386
1850.0 4550.0 -0.25270
1950.0 4550.0 -0.16936
2050.0 4550.0 -0.07272
2150.0 4550.0 0.02561
2250.0 4550.0 0.11334
2350.0 4550.0 0.18022
2450.0 4550.0 0.22148
2550.0 4550.0 0.24200
2650.0 4550.0 0.25434
2750.0 4550.0 0.25065
2850.0 4550.0 0.22313
2950.0 4550.0 0.17274
3050.0 4550.0 0.10621
3150.0 4550.0 0.03336
3250.0 4550.0 -0.03510
3350.0 4550.0 -0.08955
3450.0 4550.0 -0.12283
3550.0 4550.0 -0.13142
3650.0 4550.0 -0.11611
3750.0 4550.0 -0.08231
3850.0 4550.0 -0.04014
3950.0 4550.0 -0.00876
4050.0 4550.0 -0.00775
4150.0 4550.0 -0.04326
4250.0 4550.0 -0.11082
4350.0 4550.0 -0.19918
4450.0 4550.0 -0.29348
4550.0 4550.0 -0.37825
4650.0 4550.0 -0.43986
4750.0 4550.0 -0.46861
4850.0 4550.0 -0.46045
4950.0 4550.0 -0.41827
5050.0 4550.0 -0.35277
5150.0 4550.0 -0.28083
5250.0 4550.0 -0.21064
5350.0 4550.0 -0.14628
5450.0 4550.0 -0.09236
5550.0 4550.0 -0.05239
5650.0 4550.0 -0.02766
5750.0 4550.0 -0.01676
5850.0 4550.0 -0.01563
5950.0 4550.0 -0.01818
6050.0 4550.0 -0.01751
6150.0 4550.0 -0.00771
6250.0 4550.0 0.01383
6350.0 4550.0 0.04347
50.0 4650.0 0.55755
150.0 4650.0 0.55797
250.0 4650.0 0.54964
350.0 4650.0 0.52449
450.0 4650.0 0.47686
550.0 4650.0 0.40467
650.0 4650.0 0.30997
750.0 4650.0 0.19879
850.0 4650.0 0.08032
950.0 4650.0 -0.03456
1050.0 4650.0 -0.13545
1150.0 4650.0 -0.21524
1250.0 4650.0 -0.27363
1350.0 4650.0 -0.32071
1450.0 4650.0 -0.36312
1550.0 4650.0 -0.39224
1650.0 4650.0 -0.39878
1750.0 4650.0 -0.37637
1850.0 4650.0 -0.32317
1950.0 4650.0 -0.24265
2050.0 4650.0 -0.14330
2150.0 4650.0 -0.03745
2250.0 4650.0 0.06098
2350.0 4650.0 0.13960
2450.0 4650.0 0.19172
2550.0 4650.0 0.22146
2650.0 4650.0 0.24116
2750.0 4650.0 0.23755
2850.0 4650.0 0.20026
2950.0 4650.0 0.13222
3050.0 4650.0 0.04457
3150.0 4650.0 -0.04760
3250.0 4650.0 -0.12883
3350.0 4650.0 -0.18607
3450.0 4650.0 -0.21063
3550.0 4650.0 -0.19946
3650.0 4650.0 -0.15557
3750.0 4650.0 -0.08776
3850.0 4650.0 -0.00968
3950.0 4650.0 0.05555
4050.0 4650.0 0.08332
4150.0 4650.0 0.06360
4250.0 4650.0 -0.00121
4350.0 4650.0 -0.09965
4450.0 4650.0 -0.21454
4550.0 4650.0 -0.32617
4650.0 4650.0 -0.41539
4750.0 4650.0 -0.46671
4850.0 4650.0 -0.47116
4950.0 4650.0 -0.42921
5050.0 4650.0 -0.35347
5150.0 4650.0 -0.26892
5250.0 4650.0 -0.19351
5350.0 4650.0 -0.13568
5450.0 4650.0 -0.09955
5550.0 4650.0 -0.08510
5650.0 4650.0 -0.08852
5750.0 4650.0 -0.10295
5850.0 4650.0 -0.11956
5950.0 4650.0 -0.12887
6050.0 4650.0 -0.12248
6150.0 4650.0 -0.09511
6250.0 4650.0 -0.04694
6350.0 4650.0 0.01379
50.0 4750.0 0.44344
150.0 4750.0 0.45068
250.0 4750.0 0.45388
350.0 4750.0 0.44637
450.0 4750.0 0.42138
550.0 4750.0 0.37429
650.0 4750.0 0.30415
750.0 4750.0 0.21413
850.0 4750.0 0.11129
950.0 4750.0 0.00539
1050.0 4750.0 -0.09313
1150.0 4750.0 -0.17606
1250.0 4750.0 -0.24115
1350.0 4750.0 -0.29630
1450.0 4750.0 -0.34841
1550.0 4750.0 -0.39024
1650.0 4750.0 -0.41194
1750.0 4750.0 -0.40532
1850.0 4750.0 -0.36644
1950.0 4750.0 -0.29690
2050.0 4750.0 -0.20402
2150.0 4750.0 -0.09983
2250.0 4750.0 0.00113
2350.0 4750.0 0.08519
2450.0 4750.0 0.14410
2550.0 4750.0 0.18076
2650.0 4750.0 0.20637
2750.0 4750.0 0.20348
2850.0 4750.0 0.16006
2950.0 4750.0 0.08065
3050.0 4750.0 -0.02025
3150.0 4750.0 -0.12371
3250.0 4750.0 -0.21091
3350.0 4750.0 -0.26650
3450.0 4750.0 -0.28094
3550.0 4750.0 -0.25183
3650.0 4750.0 -0.18404
3750.0 4750.0 -0.08891
3850.0 4750.0 0.01755
3950.0 4750.0 0.10985
4050.0 4750.0 0.16008
4150.0 4750.0 0.15538
4250.0 4750.0 0.09652
4350.0 4750.0 -0.00521
4450.0 4750.0 -0.13119
4550.0 4750.0 -0.25889
4650.0 4750.0 -0.36533
4750.0 4750.0 -0.43084
4850.0 4750.0 -0.44285
4950.0 4750.0 -0.39991
5050.0 4750.0 -0.31583
5150.0 4750.0 -0.22139
5250.0 4750.0 -0.14263
5350.0 4750.0 -0.09187
5450.0 4750.0 -0.07300
5550.0 4750.0 -0.08304
5650.0 4750.0 -0.11377
5750.0 4750.0 -0.15356
5850.0 4750.0 -0.18925
5950.0 4750.0 -0.20820
6050.0 4750.0 -0.20047
6150.0 4750.0 -0.16113
6250.0 4750.0 -0.09266
6350.0 4750.0 -0.00747
50.0 4850.0 0.30413
150.0 4850.0 0.31637
250.0 4850.0 0.33009
350.0 4850.0 0.34077
450.0 4850.0 0.34106
550.0 4850.0 0.32407
650.0 4850.0 0.28559
750.0 4850.0 0.22543
850.0 4850.0 0.14765
950.0 4850.0 0.05986
1050.0 4850.0 -0.02846
1150.0 4850.0 -0.10867
1250.0 4850.0 -0.17663
1350.0 4850.0 -0.23707
1450.0 4850.0 -0.29647
1550.0 4850.0 -0.34964
1650.0 4850.0 -0.38679
1750.0 4850.0 -0.39842
1850.0 4850.0 -0.37855
1950.0 4850.0 -0.32667
2050.0 4850.0 -0.24828
2150.0 4850.0 -0.15422
2250.0 4850.0 -0.05859
2350.0 4850.0 0.02454
2450.0 4850.0 0.08584
2550.0 4850.0 0.12666
2650.0 4850.0 0.15628
2750.0 4850.0 0.15455
2850.0 4850.0 0.10870
2950.0 4850.0 0.02443
3050.0 4850.0 -0.08171
3150.0 4850.0 -0.18857
3250.0 4850.0 -0.27546
3350.0 4850.0 -0.32595
3450.0 4850.0 -0.33035
3550.0 4850.0 -0.28692
3650.0 4850.0 -0.20191
3750.0 4850.0 -0.08817
3850.0 4850.0 0.03715
3950.0 4850.0 0.14784
4050.0 4850.0 0.21463
4150.0 4850.0 0.22314
4250.0 4850.0 0.17300
4350.0 4850.0 0.07504
4450.0 4850.0 -0.05175
4550.0 4850.0 -0.18359
4650.0 4850.0 -0.29563
4750.0 4850.0 -0.36596
4850.0 4850.0 -0.37994
4950.0 4850.0 -0.33486
5050.0 4850.0 -0.24491
5150.0 4850.0 -0.14401
5250.0 4850.0 -0.06383
5350.0 4850.0 -0.01982
5450.0 4850.0 -0.01583
5550.0 4850.0 -0.04674
5650.0 4850.0 -0.10103
5750.0 4850.0 -0.16337
5850.0 4850.0 -0.21714
5950.0 4850.0 -0.24710
6050.0 4850.0 -0.24189
6150.0 4850.0 -0.19662
6250.0 4850.0 -0.11548
6350.0 4850.0 -0.01416
50.0 4950.0 0.16091
150.0 4950.0 0.17617
250.0 4950.0 0.19860
350.0 4950.0 0.22621
450.0 4950.0 0.25160
550.0 4950.0 0.26594
650.0 4950.0 0.26201
750.0 4950.0 0.23606
850.0 4950.0 0.18872
950.0 4950.0 0.12483
1050.0 4950.0 0.05218
1150.0 4950.0 -0.02077
1250.0 4950.0 -0.08817
1350.0 4950.0 -0.15113
1450.0 4950.0 -0.21521
1550.0 4950.0 -0.27764
1650.0 4950.0 -0.32929
1750.0 4950.0 -0.35981
1850.0 4950.0 -0.36147
1950.0 4950.0 -0.33156
2050.0 4950.0 -0.27335
2150.0 4950.0 -0.19580
2250.0 4950.0 -0.11178
2350.0 4950.0 -0.03493
2450.0 4950.0 0.02481
2550.0 4950.0 0.06714
2650.0 4950.0 0.09882
2750.0 4950.0 0.09845
2850.0 4950.0 0.05330
2950.0 4950.0 -0.03029
3050.0 4950.0 -0.13491
3150.0 4950.0 -0.23869
3250.0 4950.0 -0.32052
3350.0 4950.0 -0.36391
3450.0 4950.0 -0.35953
3550.0 4950.0 -0.30632
3650.0 4950.0 -0.21128
3750.0 4950.0 -0.08789
3850.0 4950.0 0.04670
3950.0 4950.0 0.16698
4050.0 4950.0 0.24411
4150.0 4950.0 0.26346
4250.0 4950.0 0.22399
4350.0 4950.0 0.13584
4450.0 4950.0 0.01745
4550.0 4950.0 -0.10768
4650.0 4950.0 -0.21465
4750.0 4950.0 -0.28117
4850.0 4950.0 -0.29203
4950.0 4950.0 -0.24391
5050.0 4950.0 -0.15064
5150.0 4950.0 -0.04668
5250.0 4950.0 0.03323
5350.0 4950.0 0.07150
5450.0 4950.0 0.06414
5550.0 4950.0 0.01751
5650.0 4950.0 -0.05478
5750.0 4950.0 -0.13493
5850.0 4950.0 -0.20400
5950.0 4950.0 -0.24482
6050.0 4950.0 -0.24487
6150.0 4950.0 -0.19911
6250.0 4950.0 -0.11270
6350.0 4950.0 -0.00360
50.0 5050.0 0.02688
150.0 5050.0 0.04366
250.0 5050.0 0.07299
350.0 5050.0 0.11559
450.0 5050.0 0.16431
550.0 5050.0 0.20882
650.0 5050.0 0.23913
750.0 5050.0 0.24809
850.0 5050.0 0.23286
950.0 5050.0 0.19521
1050.0 5050.0 0.14090
1150.0 5050.0 0.07782
1250.0 5050.0 0.01324
1350.0 5050.0 -0.05020
1450.0 5050.0 -0.11692
1550.0 5050.0 -0.18671
1650.0 5050.0 -0.25144
1750.0 5050.0 -0.30031
1850.0 5050.0 -0.32410
1950.0 5050.0 -0.31795
2050.0 5050.0 -0.28278
2150.0 5050.0 -0.22528
2250.0 5050.0 -0.15656
2350.0 5050.0 -0.08934
2450.0 5050.0 -0.03377
2550.0 5050.0 0.00815
2650.0 5050.0 0.04045
2750.0 5050.0 0.04143
2850.0 5050.0 -0.00104
2950.0 5050.0 -0.08039
3050.0 5050.0 -0.17924
3150.0 5050.0 -0.27603
3250.0 5050.0 -0.35016
3350.0 5050.0 -0.38579
3450.0 5050.0 -0.37427
3550.0 5050.0 -0.31510
3650.0 5050.0 -0.21564
3750.0 5050.0 -0.08927
3850.0 5050.0 0.04750
3950.0 5050.0 0.17085
4050.0 5050.0 0.25359
4150.0 5050.0 0.28169
4250.0 5050.0 0.25386
4350.0 5050.0 0.17941
4450.0 5050.0 0.07555
4550.0 5050.0 -0.03553
4650.0 5050.0 -0.13014
4750.0 5050.0 -0.18695
4850.0 5050.0 -0.19124
4950.0 5050.0 -0.13956
5050.0 5050.0 -0.04488
5150.0 5050.0 0.05964
5250.0 5050.0 0.13819
5350.0 5050.0 0.17185
5450.0 5050.0 0.15637
5550.0 5050.0 0.09869
5650.0 5050.0 0.01353
5750.0 5050.0 -0.07990
5850.0 5050.0 -0.16120
5950.0 5050.0 -0.21191
6050.0 5050.0 -0.21862
6150.0 5050.0 -0.17597
6250.0 5050.0 -0.08960
6350.0 5050.0 0.02115
50.0 5150.0 -0.10054
150.0 5150.0 -0.08264
250.0 5150.0 -0.04705
350.0 5150.0 0.00958
450.0 5150.0 0.08051
550.0 5150.0 0.15406
650.0 5150.0 0.21769
750.0 5150.0 0.26103
850.0 5150.0 0.27781
950.0 5150.0 0.26678
1050.0 5150.0 0.23153
1150.0 5150.0 0.17928
1250.0 5150.0 0.11857
1350.0 5150.0 0.05569
1450.0 5150.0 -0.01255
1550.0 5150.0 -0.08853
1650.0 5150.0 -0.16525
1750.0 5150.0 -0.23167
1850.0 5150.0 -0.27723
1950.0 5150.0 -0.29501
2050.0 5150.0 -0.28356
2150.0 5150.0 -0.24719
2250.0 5150.0 -0.19505
2350.0 5150.0 -0.13871
2450.0 5150.0 -0.08835
2550.0 5150.0 -0.04765
2650.0 5150.0 -0.01538
2750.0 5150.0 -0.01321
2850.0 5150.0 -0.05256
2950.0 5150.0 -0.12670
3050.0 5150.0 -0.21862
3150.0 5150.0 -0.30739
3250.0 5150.0 -0.37324
3350.0 5150.0 -0.40119
3450.0 5150.0 -0.38334
3550.0 5150.0 -0.31975
3650.0 5150.0 -0.21795
3750.0 5150.0 -0.09105
3850.0 5150.0 0.04538
3950.0 5150.0 0.16944
4050.0 5150.0 0.25607
4150.0 5150.0 0.29212
4250.0 5150.0 0.27618
4350.0 5150.0 0.21660
4450.0 5150.0 0.12917
4550.0 5150.0 0.03441
4650.0 5150.0 -0.04568
4750.0 5150.0 -0.09113
4850.0 5150.0 -0.08804
4950.0 5150.0 -0.03301
5050.0 5150.0 0.06208
5150.0 5150.0 0.16596
5250.0 5150.0 0.24250
5350.0 5150.0 0.27177
5450.0 5150.0 0.24929
5550.0 5150.0 0.18239
5650.0 5150.0 0.08655
5750.0 5150.0 -0.01801
5850.0 5150.0 -0.10980
5950.0 5150.0 -0.16939
6050.0 5150.0 -0.18266
6150.0 5150.0 -0.14395
6250.0 5150.0 -0.05921
6350.0 5150.0 0.05118
50.0 5250.0 -0.21405
150.0 5250.0 -0.19436
250.0 5250.0 -0.15291
350.0 5250.0 -0.08405
450.0 5250.0 0.00612
550.0 5250.0 0.10512
650.0 5250.0 0.19855
750.0 5250.0 0.27341
850.0 5250.0 0.32053
950.0 5250.0 0.33589
1050.0 5250.0 0.32099
1150.0 5250.0 0.28212
1250.0 5250.0 0.22870
1350.0 5250.0 0.17014
1450.0 5250.0 0.10443
1550.0 5250.0 0.02676
1650.0 5250.0 -0.05744
1750.0 5250.0 -0.13746
1850.0 5250.0 -0.20201
1950.0 5250.0 -0.24252
2050.0 5250.0 -0.25520
2150.0 5250.0 -0.24179
2250.0 5250.0 -0.20893
2350.0 5250.0 -0.16640
2450.0 5250.0 -0.12385
2550.0 5250.0 -0.08641
2650.0 5250.0 -0.05594
2750.0 5250.0 -0.05380
2850.0 5250.0 -0.09046
2950.0 5250.0 -0.15922
3050.0 5250.0 -0.24372
3150.0 5250.0 -0.32406
3250.0 5250.0 -0.38166
3350.0 5250.0 -0.40269
3450.0 5250.0 -0.38014
3550.0 5250.0 -0.31461
3650.0 5250.0 -0.21365
3750.0 5250.0 -0.08983
3850.0 5250.0 0.04246
3950.0 5250.0 0.16382
4050.0 5250.0 0.25194
4150.0 5250.0 0.29487
4250.0 5250.0 0.29096
4350.0 5250.0 0.24736
4450.0 5250.0 0.17795
4550.0 5250.0 0.10101
4650.0 5250.0 0.03636
4750.0 5250.0 0.00216
4850.0 5250.0 0.01122
4950.0 5250.0 0.06692
5050.0 5250.0 0.15879
5150.0 5250.0 0.25823
5250.0 5250.0 0.32974
5350.0 5250.0 0.35313
5450.0 5250.0 0.32408
5550.0 5250.0 0.25027
5650.0 5250.0 0.14766
5750.0 5250.0 0.03690
5850.0 5250.0 -0.06023
5950.0 5250.0 -0.12415
6050.0 5250.0 -0.14078
6150.0 5250.0 -0.10465
6250.0 5250.0 -0.02201
6350.0 5250.0 0.08646
50.0 5350.0 -0.29794
150.0 5350.0 -0.27537
250.0 5350.0 -0.22919
350.0 5350.0 -0.15218
450.0 5350.0 -0.04945
550.0 5350.0 0.06675
650.0 5350.0 0.18149
750.0 5350.0 0.28051
850.0 5350.0 0.35285
950.0 5350.0 0.39242
1050.0 5350.0 0.39879
1150.0 5350.0 0.37702
1250.0 5350.0 0.33657
1350.0 5350.0 0.28883
1450.0 5350.0 0.23283
1550.0 5350.0 0.16165
1650.0 5350.0 0.07857
1750.0 5350.0 -0.00714
1850.0 5350.0 -0.08458
1950.0 5350.0 -0.14429
2050.0 5350.0 -0.18048
2150.0 5350.0 -0.19195
2250.0 5350.0 -0.18212
2350.0 5350.0 -0.15788
2450.0 5350.0 -0.12735
2550.0 5350.0 -0.09667
2650.0 5350.0 -0.07107
2750.0 5350.0 -0.07104
2850.0 5350.0 -0.10573
2950.0 5350.0 -0.16870
3050.0 5350.0 -0.24478
3150.0 5350.0 -0.31584
3250.0 5350.0 -0.36512
3350.0 5350.0 -0.38040
3450.0 5350.0 -0.35585
3550.0 5350.0 -0.29257
3650.0 5350.0 -0.19789
3750.0 5350.0 -0.08341
3850.0 5350.0 0.03819
3950.0 5350.0 0.15086
4050.0 5350.0 0.23615
4150.0 5350.0 0.28370
4250.0 5350.0 0.29160
4350.0 5350.0 0.26524
4450.0 5350.0 0.21587
4550.0 5350.0 0.15866
4650.0 5350.0 0.11041
4750.0 5350.0 0.08675
4850.0 5350.0 0.09900
4950.0 5350.0 0.15055
5050.0 5350.0 0.23287
5150.0 5350.0 0.32125
5250.0 5350.0 0.38250
5350.0 5350.0 0.39745
5450.0 5350.0 0.36257
5550.0 5350.0 0.28596
5650.0 5350.0 0.18347
5750.0 5350.0 0.07513
5850.0 5350.0 -0.01830
5950.0 5350.0 -0.07858
6050.0 5350.0 -0.09296
6150.0 5350.0 -0.05701
6250.0 5350.0 0.02276
6350.0 5350.0 0.12660
50.0 5450.0 -0.34103
150.0 5450.0 -0.31450
250.0 5450.0 -0.26546
350.0 5450.0 -0.18624
450.0 5450.0 -0.08062
550.0 5450.0 0.04072
650.0 5450.0 0.16402
750.0 5450.0 0.27561
850.0 5450.0 0.36426
950.0 5450.0 0.42294
1050.0 5450.0 0.44972
1150.0 5450.0 0.44812
1250.0 5450.0 0.42659
1350.0 5450.0 0.39685
1450.0 5450.0 0.35867
1550.0 5450.0 0.30362
1650.0 5450.0 0.23224
1750.0 5450.0 0.15110
1850.0 5450.0 0.06941
1950.0 5450.0 -0.00359
2050.0 5450.0 -0.06057
2150.0 5450.0 -0.09731
2250.0 5450.0 -0.11327
2350.0 5450.0 -0.11138
2450.0 5450.0 -0.09713
2550.0 5450.0 -0.07701
2650.0 5450.0 -0.05967
2750.0 5450.0 -0.06400
2850.0 5450.0 -0.09743
2950.0 5450.0 -0.15399
3050.0 5450.0 -0.22038
3150.0 5450.0 -0.28097
3250.0 5450.0 -0.32160
3350.0 5450.0 -0.33223
3450.0 5450.0 -0.30847
3550.0 5450.0 -0.25195
3650.0 5450.0 -0.16950
3750.0 5450.0 -0.07125
3850.0 5450.0 0.03240
3950.0 5450.0 0.12970
4050.0 5450.0 0.20708
4150.0 5450.0 0.25628
4250.0 5450.0 0.27497
4350.0 5450.0 0.26633
4450.0 5450.0 0.23821
4550.0 5450.0 0.20183
4650.0 5450.0 0.17011
4750.0 5450.0 0.15548
4850.0 5450.0 0.16738
4950.0 5450.0 0.20921
5050.0 5450.0 0.27492
5150.0 5450.0 0.34493
5250.0 5450.0 0.39015
5350.0 5450.0 0.39386
5450.0 5450.0 0.35407
5550.0 5450.0 0.27929
5650.0 5450.0 0.18465
5750.0 5450.0 0.08842
5850.0 5450.0 0.00879
5950.0 5450.0 -0.03892
6050.0 5450.0 -0.04476
6150.0 5450.0 -0.00626
6250.0 5450.0 0.06978
6350.0 5450.0 0.16598
50.0 5550.0 -0.33885
150.0 5550.0 -0.30753
250.0 5550.0 -0.25802
350.0 5550.0 -0.18350
450.0 5550.0 -0.08613
550.0 5550.0 0.02623
650.0 5550.0 0.14290
750.0 5550.0 0.25273
850.0 5550.0 0.34605
950.0 5550.0 0.41616
1050.0 5550.0 0.46031
1150.0 5550.0 0.48028
1250.0 5550.0 0.48245
1350.0 5550.0 0.47696
1450.0 5550.0 0.46386
1550.0 5550.0 0.43403
1650.0 5550.0 0.38487
1750.0 5550.0 0.31911
1850.0 5550.0 0.24294
1950.0 5550.0 0.16429
2050.0 5550.0 0.09132
2150.0 5550.0 0.03112
2250.0 5550.0 -0.01139
2350.0 5550.0 -0.03432
2450.0 5550.0 -0.03955
2550.0 5550.0 -0.03319
2650.0 5550.0 -0.02706
2750.0 5550.0 -0.03768
2850.0 5550.0 -0.07035
2950.0 5550.0 -0.11980
3050.0 5550.0 -0.17514
3150.0 5550.0 -0.22397
3250.0 5550.0 -0.25537
3350.0 5550.0 -0.26201
3450.0 5550.0 -0.24126
3550.0 5550.0 -0.19527
3650.0 5550.0 -0.13015
3750.0 5550.0 -0.05411
3850.0 5550.0 0.02526
3950.0 5550.0 0.10127
4050.0 5550.0 0.16602
4150.0 5550.0 0.21364
4250.0 5550.0 0.24133
4350.0 5550.0 0.24969
4450.0 5550.0 0.24263
4550.0 5550.0 0.22680
4650.0 5550.0 0.21062
4750.0 5550.0 0.20284
4850.0 5550.0 0.21072
4950.0 5550.0 0.23767
5050.0 5550.0 0.28055
5150.0 5550.0 0.32582
5250.0 5550.0 0.35000
5350.0 5550.0 0.34011
5450.0 5550.0 0.29629
5550.0 5550.0 0.22750
5650.0 5550.0 0.14761
5750.0 5550.0 0.07208
5850.0 5550.0 0.01524
5950.0 5550.0 -0.01199
6050.0 5550.0 -0.00372
6150.0 5550.0 0.03974
6250.0 5550.0 0.11134
6350.0 5550.0 0.19729
50.0 5650.0 -0.29450
150.0 5650.0 -0.25798
250.0 5650.0 -0.21055
350.0 5650.0 -0.14746
450.0 5650.0 -0.06915
550.0 5650.0 0.02044
650.0 5650.0 0.11530
750.0 5650.0 0.20864
850.0 5650.0 0.29406
950.0 5650.0 0.36654
1050.0 5650.0 0.42323
1150.0 5650.0 0.46415
1250.0 5650.0 0.49270
1350.0 5650.0 0.51562
1450.0 5650.0 0.53274
1550.0 5650.0 0.53507
1650.0 5650.0 0.51672
1750.0 5650.0 0.47584
1850.0 5650.0 0.41452
1950.0 5650.0 0.33835
2050.0 5650.0 0.25555
2150.0 5650.0 0.17572
2250.0 5650.0 0.10820
2350.0 5650.0 0.06011
2450.0 5650.0 0.03386
2550.0 5650.0 0.02444
2650.0 5650.0 0.01739
2750.0 5650.0 -0.00076
2850.0 5650.0 -0.03288
2950.0 5650.0 -0.07451
3050.0 5650.0 -0.11761
3150.0 5650.0 -0.15346
3250.0 5650.0 -0.17491
3350.0 5650.0 -0.17770
3450.0 5650.0 -0.16116
3550.0 5650.0 -0.12803
3650.0 5650.0 -0.08353
3750.0 5650.0 -0.03367
3850.0 5650.0 0.01719
3950.0 5650.0 0.06784
4050.0 5650.0 0.11639
4150.0 5650.0 0.15951
4250.0 5650.0 0.19389
4350.0 5650.0 0.21739
4450.0 5650.0 0.22975
4550.0 5650.0 0.23277
4650.0 5650.0 0.23012
4750.0 5650.0 0.22668
4850.0 5650.0 0.22737
4950.0 5650.0 0.23565
5050.0 5650.0 0.25146
5150.0 5650.0 0.26771
5250.0 5650.0 0.26753
5350.0 5650.0 0.24249
5450.0 5650.0 0.19536
5550.0 5650.0 0.13552
5650.0 5650.0 0.07517
5750.0 5650.0 0.02630
5850.0 5650.0 -0.00157
5950.0 5650.0 -0.00286
6050.0 5650.0 0.02336
6150.0 5650.0 0.07347
6250.0 5650.0 0.14017
6350.0 5650.0 0.21412
50.0 5750.0 -0.21842
150.0 5750.0 -0.17680
250.0 5750.0 -0.13366
350.0 5750.0 -0.08739
450.0 5750.0 -0.03670
550.0 5750.0 0.01905
650.0 5750.0 0.07962
750.0 5750.0 0.14394
850.0 5750.0 0.21021
950.0 5750.0 0.27620
1050.0 5750.0 0.33970
1150.0 5750.0 0.39910
1250.0 5750.0 0.45421
1350.0 5750.0 0.50695
1450.0 5750.0 0.55642
1550.0 5750.0 0.59452
1650.0 5750.0 0.61224
1750.0 5750.0 0.60278
1850.0 5750.0 0.56353
1950.0 5750.0 0.49702
2050.0 5750.0 0.41082
2150.0 5750.0 0.31647
2250.0 5750.0 0.22744
2350.0 5750.0 0.15599
2450.0 5750.0 0.10909
2550.0 5750.0 0.08335
2650.0 5750.0 0.06246
2750.0 5750.0 0.03644
2850.0 5750.0 0.00501
2950.0 5750.0 -0.02827
3050.0 5750.0 -0.05828
3150.0 5750.0 -0.08026
3250.0 5750.0 -0.09099
3350.0 5750.0 -0.08949
3450.0 5750.0 -0.07718
3550.0 5750.0 -0.05742
3650.0 5750.0 -0.03451
3750.0 5750.0 -0.01214
3850.0 5750.0 0.00875
3950.0 5750.0 0.03248
4050.0 5750.0 0.06306
4150.0 5750.0 0.09957
4250.0 5750.0 0.13823
4350.0 5750.0 0.17423
4450.0 5750.0 0.20323
4550.0 5750.0 0.22232
4650.0 5750.0 0.23056
4750.0 5750.0 0.22902
4850.0 5750.0 0.22041
4950.0 5750.0 0.20822
5050.0 5750.0 0.19538
5150.0 5750.0 0.18115
5250.0 5750.0 0.15550
5350.0 5750.0 0.11490
5450.0 5750.0 0.06486
5550.0 5750.0 0.01520
5650.0 5750.0 -0.02369
5750.0 5750.0 -0.04358
5850.0 5750.0 -0.04008
5950.0 5750.0 -0.01335
6050.0 5750.0 0.03231
6150.0 5750.0 0.08975
6250.0 5750.0 0.15144
6350.0 5750.0 0.21279
50.0 5850.0 -0.12699
150.0 5850.0 -0.08082
250.0 5850.0 -0.04347
350.0 5850.0 -0.01702
450.0 5850.0 0.00135
550.0 5850.0 0.01696
650.0 5850.0 0.03583
750.0 5850.0 0.06319
850.0 5850.0 0.10254
950.0 5850.0 0.15514
1050.0 5850.0 0.21994
1150.0 5850.0 0.29402
1250.0 5850.0 0.37338
1350.0 5850.0 0.45437
1450.0 5850.0 0.53496
1550.0 5850.0 0.60848
1650.0 5850.0 0.66319
1750.0 5850.0 0.68754
1850.0 5850.0 0.67415
1950.0 5850.0 0.62215
2050.0 5850.0 0.53799
2150.0 5850.0 0.43453
2250.0 5850.0 0.32870
2350.0 5850.0 0.23743
2450.0 5850.0 0.17204
2550.0 5850.0 0.13104
2650.0 5850.0 0.09705
2750.0 5850.0 0.06376
2850.0 5850.0 0.03342
2950.0 5850.0 0.00883
3050.0 5850.0 -0.00779
3150.0 5850.0 -0.01547
3250.0 5850.0 -0.01484
3350.0 5850.0 -0.00815
3450.0 5850.0 0.00108
3550.0 5850.0 0.00884
3650.0 5850.0 0.01166
3750.0 5850.0 0.00810
3850.0 5850.0 0.00057
3950.0 5850.0 -0.00139
4050.0 5850.0 0.01149
4150.0 5850.0 0.04050
4250.0 5850.0 0.08140
4350.0 5850.0 0.12700
4450.0 5850.0 0.16930
4550.0 5850.0 0.20116
4650.0 5850.0 0.21750
4750.0 5850.0 0.21603
4850.0 5850.0 0.19745
4950.0 5850.0 0.16528
5050.0 5850.0 0.12514
5150.0 5850.0 0.08199
5250.0 5850.0 0.03215
5350.0 5850.0 -0.02327
5450.0 5850.0 -0.07618
5550.0 5850.0 -0.11634
5650.0 5850.0 -0.13505
5750.0 5850.0 -0.12765
5850.0 5850.0 -0.09458
5950.0 5850.0 -0.04141
6050.0 5850.0 0.02257
6150.0 5850.0 0.08690
6250.0 5850.0 0.14380
6350.0 5850.0 0.19321
50.0 5950.0 -0.03999
150.0 5950.0 0.00982
250.0 5950.0 0.04093
350.0 5950.0 0.04758
450.0 5950.0 0.03377
550.0 5950.0 0.00915
650.0 5950.0 -0.01446
750.0 5950.0 -0.02576
850.0 5950.0 -0.01602
950.0 5950.0 0.01961
1050.0 5950.0 0.08156
1150.0 5950.0 0.16587
1250.0 5950.0 0.26509
1350.0 5950.0 0.37002
1450.0 5950.0 0.47733
1550.0 5950.0 0.58196
1650.0 5950.0 0.67000
1750.0 5950.0 0.72583
1850.0 5950.0 0.73779
1950.0 5950.0 0.70183
2050.0 5950.0 0.62305
2150.0 5950.0 0.51509
2250.0 5950.0 0.39752
2350.0 5950.0 0.29106
2450.0 5950.0 0.21073
2550.0 5950.0 0.15694
2650.0 5950.0 0.11187
2750.0 5950.0 0.07275
2850.0 5950.0 0.04416
2950.0 5950.0 0.02824
3050.0 5950.0 0.02474
3150.0 5950.0 0.03124
3250.0 5950.0 0.04361
3350.0 5950.0 0.05668
3450.0 5950.0 0.06495
3550.0 5950.0 0.06372
3650.0 5950.0 0.05019
3750.0 5950.0 0.02487
3850.0 5950.0 -0.00675
3950.0 5950.0 -0.03061
4050.0 5950.0 -0.03307
4150.0 5950.0 -0.01105
4250.0 5950.0 0.03085
4350.0 5950.0 0.08345
4450.0 5950.0 0.13577
4550.0 5950.0 0.17722
4650.0 5950.0 0.19934
4750.0 5950.0 0.19704
4850.0 5950.0 0.16941
4950.0 5950.0 0.12000
5050.0 5950.0 0.05663
5150.0 5950.0 -0.01108
5250.0 5950.0 -0.08162
5350.0 5950.0 -0.15010
5450.0 5950.0 -0.20623
5550.0 5950.0 -0.23938
5650.0 5950.0 -0.24223
5750.0 5950.0 -0.21296
5850.0 5950.0 -0.15605
5950.0 5950.0 -0.08150
6050.0 5950.0 -0.00274
6150.0 5950.0 0.06697
6250.0 5950.0 0.11964
6350.0 5950.0 0.15889
50.0 6050.0 0.02311
150.0 6050.0 0.07546
250.0 6050.0 0.10104
350.0 6050.0 0.09097
450.0 6050.0 0.05011
550.0 6050.0 -0.00854
650.0 6050.0 -0.06845
750.0 6050.0 -0.11340
850.0 6050.0 -0.13028
950.0 6050.0 -0.11110
1050.0 6050.0 -0.05408
1150.0 6050.0 0.03622
1250.0 6050.0 0.14954
1350.0 6050.0 0.27208
1450.0 6050.0 0.39925
1550.0 6050.0 0.52736
1650.0 6050.0 0.64102
1750.0 6050.0 0.72157
1850.0 6050.0 0.75410
1950.0 6050.0 0.73202
2050.0 6050.0 0.65923
2150.0 6050.0 0.54975
2250.0 6050.0 0.42493
2350.0 6050.0 0.30817
2450.0 6050.0 0.21726
2550.0 6050.0 0.15413
2650.0 6050.0 0.10098
2750.0 6050.0 0.05807
2850.0 6050.0 0.03198
2950.0 6050.0 0.02443
3050.0 6050.0 0.03320
3150.0 6050.0 0.05317
3250.0 6050.0 0.07736
3350.0 6050.0 0.09809
3450.0 6050.0 0.10815
3550.0 6050.0 0.10210
3650.0 6050.0 0.07755
3750.0 6050.0 0.03657
3850.0 6050.0 -0.01277
3950.0 6050.0 -0.05275
4050.0 6050.0 -0.06650
4150.0 6050.0 -0.04960
4250.0 6050.0 -0.00695
4350.0 6050.0 0.05085
4450.0 6050.0 0.11060
4550.0 6050.0 0.15915
4650.0 6050.0 0.18555
4750.0 6050.0 0.18267
4850.0 6050.0 0.14840
4950.0 6050.0 0.08631
5050.0 6050.0 0.00583
5150.0 6050.0 -0.08001
5250.0 6050.0 -0.16616
5350.0 6050.0 -0.24517
5450.0 6050.0 -0.30521
5550.0 6050.0 -0.33527
5650.0 6050.0 -0.32886
5750.0 6050.0 -0.28606
5850.0 6050.0 -0.21400
5950.0 6050.0 -0.12576
6050.0 6050.0 -0.03764
6150.0 6050.0 0.03514
6250.0 6050.0 0.08434
6350.0 6050.0 0.11608
50.0 6150.0 0.04804
150.0 6150.0 0.10179
250.0 6150.0 0.12350
350.0 6150.0 0.10220
450.0 6150.0 0.04320
550.0 6150.0 -0.03836
650.0 6150.0 -0.12294
750.0 6150.0 -0.19106
850.0 6150.0 -0.22671
950.0 6150.0 -0.21977
1050.0 6150.0 -0.16742
1150.0 6150.0 -0.07457
1250.0 6150.0 0.04679
1350.0 6150.0 0.17975
1450.0 6150.0 0.31872
1550.0 6150.0 0.46085
1650.0 6150.0 0.58991
1750.0 6150.0 0.68541
1850.0 6150.0 0.73049
1950.0 6150.0 0.71703
2050.0 6150.0 0.64818
2150.0 6150.0 0.53813
2250.0 6150.0 0.40927
2350.0 6150.0 0.28660
2450.0 6150.0 0.18950
2550.0 6150.0 0.12084
2650.0 6150.0 0.06300
2750.0 6150.0 0.01857
2850.0 6150.0 -0.00428
2950.0 6150.0 -0.00402
3050.0 6150.0 0.01581
3150.0 6150.0 0.04816
3250.0 6150.0 0.08390
3350.0 6150.0 0.11345
3450.0 6150.0 0.12815
3550.0 6150.0 0.12183
3650.0 6150.0 0.09224
3750.0 6150.0 0.04252
3850.0 6150.0 -0.01728
3950.0 6150.0 -0.06671
4050.0 6150.0 -0.08677
4150.0 6150.0 -0.07218
4250.0 6150.0 -0.02800
4350.0 6150.0 0.03421
4450.0 6150.0 0.09984
4550.0 6150.0 0.15407
4650.0 6150.0 0.18432
4750.0 6150.0 0.18213
4850.0 6150.0 0.14461
4950.0 6150.0 0.07533
5050.0 6150.0 -0.01522
5150.0 6150.0 -0.11186
5250.0 6150.0 -0.20784
5350.0 6150.0 -0.29458
5450.0 6150.0 -0.35941
5550.0 6150.0 -0.39099
5650.0 6150.0 -0.38302
5750.0 6150.0 -0.33633
5850.0 6150.0 -0.25921
5950.0 6150.0 -0.16619
6050.0 6150.0 -0.07496
6150.0 6150.0 -0.00181
6250.0 6150.0 0.04477
6350.0 6150.0 0.07201
50.0 6250.0 0.03165
150.0 6250.0 0.08588
250.0 6250.0 0.10578
350.0 6250.0 0.07942
450.0 6250.0 0.01228
550.0 6250.0 -0.07962
650.0 6250.0 -0.17544
750.0 6250.0 -0.25428
850.0 6250.0 -0.29882
950.0 6250.0 -0.29797
1050.0 6250.0 -0.24841
1150.0 6250.0 -0.15512
1250.0 6250.0 -0.03085
1350.0 6250.0 0.10611
1450.0 6250.0 0.24951
1550.0 6250.0 0.39669
1650.0 6250.0 0.53103
1750.0 6250.0 0.63137
1850.0 6250.0 0.68015
1950.0 6250.0 0.66879
2050.0 6250.0 0.60026
2150.0 6250.0 0.48895
2250.0 6250.0 0.35772
2350.0 6250.0 0.23224
2450.0 6250.0 0.13251
2550.0 6250.0 0.06169
2650.0 6250.0 0.00218
2750.0 6250.0 -0.04175
2850.0 6250.0 -0.06079
2950.0 6250.0 -0.05336
3050.0 6250.0 -0.02373
3150.0 6250.0 0.01979
3250.0 6250.0 0.06667
3350.0 6250.0 0.10587
3450.0 6250.0 0.12761
3550.0 6250.0 0.12499
3650.0 6250.0 0.09565
3750.0 6250.0 0.04335
3850.0 6250.0 -0.02041
3950.0 6250.0 -0.07326
4050.0 6250.0 -0.09494
4150.0 6250.0 -0.07967
4250.0 6250.0 -0.03261
4350.0 6250.0 0.03415
4450.0 6250.0 0.10517
4550.0 6250.0 0.16470
4650.0 6250.0 0.19921
4750.0 6250.0 0.19949
4850.0 6250.0 0.16217
4950.0 6250.0 0.09085
5050.0 6250.0 -0.00340
5150.0 6250.0 -0.10429
5250.0 6250.0 -0.20495
5350.0 6250.0 -0.29693
5450.0 6250.0 -0.36742
5550.0 6250.0 -0.40473
5650.0 6250.0 -0.40222
5750.0 6250.0 -0.36038
5850.0 6250.0 -0.28735
5950.0 6250.0 -0.19760
6050.0 6250.0 -0.10895
6150.0 6250.0 -0.03790
6250.0 6250.0 0.00682
6350.0 6250.0 0.03225
50.0 6350.0 -0.01085
150.0 6350.0 0.04340
250.0 6350.0 0.06287
350.0 6350.0 0.03546
450.0 6350.0 -0.03337
550.0 6350.0 -0.12743
650.0 6350.0 -0.22568
750.0 6350.0 -0.30693
850.0 6350.0 -0.35361
950.0 6350.0 -0.35439
1050.0 6350.0 -0.30584
1150.0 6350.0 -0.21291
1250.0 6350.0 -0.08849
1350.0 6350.0 0.04886
1450.0 6350.0 0.19249
1550.0 6350.0 0.33947
1650.0 6350.0 0.47302
1750.0 6350.0 0.57194
1850.0 6350.0 0.61876
1950.0 6350.0 0.60507
2050.0 6350.0 0.53407
2150.0 6350.0 0.42042
2250.0 6350.0 0.28724
2350.0 6350.0 0.16036
2450.0 6350.0 0.05985
2550.0 6350.0 -0.01129
2650.0 6350.0 -0.07075
2750.0 6350.0 -0.11308
2850.0 6350.0 -0.12802
2950.0 6350.0 -0.11383
3050.0 6350.0 -0.07519
3150.0 6350.0 -0.02124
3250.0 6350.0 0.03642
3350.0 6350.0 0.08567
3450.0 6350.0 0.11571
3550.0 6350.0 0.11896
3650.0 6350.0 0.09281
3750.0 6350.0 0.04138
3850.0 6350.0 -0.02268
3950.0 6350.0 -0.07553
4050.0 6350.0 -0.09610
4150.0 6350.0 -0.07829
4250.0 6350.0 -0.02733
4350.0 6350.0 0.04438
4450.0 6350.0 0.12090
4550.0 6350.0 0.18589
4650.0 6350.0 0.22523
4750.0 6350.0 0.22924
4850.0 6350.0 0.19425
4950.0 6350.0 0.12384
5050.0 6350.0 0.02948
5150.0 6350.0 -0.07198
5250.0 6350.0 -0.17441
5350.0 6350.0 -0.27027
5450.0 6350.0 -0.34692
5550.0 6350.0 -0.39238
5650.0 6350.0 -0.39930
5750.0 6350.0 -0.36729
5850.0 6350.0 -0.30353
5950.0 6350.0 -0.22163
6050.0 6350.0 -0.13878
6150.0 6350.0 -0.07122
6250.0 6350.0 -0.02795
6350.0 6350.0 -0.00284
