50.0 50.0 0.00000
150.0 50.0 0.32310
250.0 50.0 0.65166
350.0 50.0 0.82584
450.0 50.0 0.73922
550.0 50.0 0.45255
650.0 50.0 0.15063
750.0 50.0 -0.05410
850.0 50.0 -0.13273
950.0 50.0 0.00706
1050.0 50.0 0.25626
1150.0 50.0 0.43067
1250.0 50.0 0.39601
1350.0 50.0 0.14153
1450.0 50.0 -0.20427
1550.0 50.0 -0.49130
1650.0 50.0 -0.59951
1750.0 50.0 -0.48511
1850.0 50.0 -0.23640
1950.0 50.0 -0.03161
2050.0 50.0 0.00398
2150.0 50.0 -0.03116
2250.0 50.0 -0.06122
2350.0 50.0 -0.07268
2450.0 50.0 -0.05974
2550.0 50.0 -0.03187
2650.0 50.0 -0.00820
2750.0 50.0 0.00093
2850.0 50.0 -0.02739
2950.0 50.0 -0.12517
3050.0 50.0 -0.23149
3150.0 50.0 -0.27049
3250.0 50.0 -0.21105
3350.0 50.0 -0.07986
3450.0 50.0 0.08250
3550.0 50.0 0.42201
3650.0 50.0 0.89720
3750.0 50.0 1.20097
3850.0 50.0 1.11954
3950.0 50.0 0.68939
4050.0 50.0 0.12943
4150.0 50.0 -0.42534
4250.0 50.0 -0.91247
4350.0 50.0 -1.12687
4450.0 50.0 -0.95951
4550.0 50.0 -0.53572
4650.0 50.0 -0.14963
4750.0 50.0 0.00527
4850.0 50.0 0.01161
4950.0 50.0 -0.20975
5050.0 50.0 -0.52483
5150.0 50.0 -0.70579
5250.0 50.0 -0.61591
5350.0 50.0 -0.28030
5450.0 50.0 0.16085
5550.0 50.0 0.67502
5650.0 50.0 1.14918
5750.0 50.0 1.31435
5850.0 50.0 1.06642
5950.0 50.0 0.57166
6050.0 50.0 0.12237
6150.0 50.0 -0.22782
6250.0 50.0 -0.59821
6350.0 50.0 -0.85526
50.0 150.0 0.07286
150.0 150.0 0.38061
250.0 150.0 0.64273
350.0 150.0 0.69982
450.0 150.0 0.47989
550.0 150.0 0.08735
650.0 150.0 -0.26531
750.0 150.0 -0.47849
850.0 150.0 -0.53327
950.0 150.0 -0.30009
1050.0 150.0 0.10433
1150.0 150.0 0.45063
1250.0 150.0 0.54878
1350.0 150.0 0.35664
1450.0 150.0 0.03342
1550.0 150.0 -0.23575
1650.0 150.0 -0.33698
1750.0 150.0 -0.23003
1850.0 150.0 0.00180
1950.0 150.0 0.19157
2050.0 150.0 0.22242
2150.0 150.0 0.18887
2250.0 150.0 0.17194
2350.0 150.0 0.18873
2450.0 150.0 0.23910
2550.0 150.0 0.30216
2650.0 150.0 0.34841
2750.0 150.0 0.36735
2850.0 150.0 0.35679
2950.0 150.0 0.30113
3050.0 150.0 0.24957
3150.0 150.0 0.25663
3250.0 150.0 0.33810
3350.0 150.0 0.46614
3450.0 150.0 0.61325
3550.0 150.0 0.93064
3650.0 150.0 1.38089
3750.0 150.0 1.67002
3850.0 150.0 1.59164
3950.0 150.0 1.17811
4050.0 150.0 0.63739
4150.0 150.0 0.09582
4250.0 150.0 -0.41279
4350.0 150.0 -0.69600
4450.0 150.0 -0.62548
4550.0 150.0 -0.29074
4650.0 150.0 0.04602
4750.0 150.0 0.19423
4850.0 150.0 0.18833
4950.0 150.0 -0.09976
5050.0 150.0 -0.53321
5150.0 150.0 -0.84743
5250.0 150.0 -0.86041
5350.0 150.0 -0.56981
5450.0 150.0 -0.13229
5550.0 150.0 0.38871
5650.0 150.0 0.88858
5750.0 150.0 1.10073
5850.0 150.0 0.91105
5950.0 150.0 0.46842
6050.0 150.0 0.05224
6150.0 150.0 -0.27992
6250.0 150.0 -0.67517
6350.0 150.0 -1.02326
50.0 250.0 0.40569
150.0 250.0 0.68318
250.0 250.0 0.85361
350.0 250.0 0.75669
450.0 250.0 0.36092
550.0 250.0 -0.17624
650.0 250.0 -0.60730
750.0 250.0 -0.84789
850.0 250.0 -0.93385
950.0 250.0 -0.72538
1050.0 250.0 -0.29474
1150.0 250.0 0.14704
1250.0 250.0 0.38296
1350.0 250.0 0.32125
1450.0 250.0 0.10809
1550.0 250.0 -0.06599
1650.0 250.0 -0.12335
1750.0 250.0 -0.04403
1850.0 250.0 0.11083
1950.0 250.0 0.22926
2050.0 250.0 0.23713
2150.0 250.0 0.19927
2250.0 250.0 0.16883
2350.0 250.0 0.17461
2450.0 250.0 0.23170
2550.0 250.0 0.32304
2650.0 250.0 0.40948
2750.0 250.0 0.46848
2850.0 250.0 0.53556
2950.0 250.0 0.64403
3050.0 250.0 0.78892
3150.0 250.0 0.94222
3250.0 250.0 1.07099
3350.0 250.0 1.15694
3450.0 250.0 1.22321
3550.0 250.0 1.40464
3650.0 250.0 1.66665
3750.0 250.0 1.79605
3850.0 250.0 1.65244
3950.0 250.0 1.27293
4050.0 250.0 0.81666
4150.0 250.0 0.36507
4250.0 250.0 -0.06560
4350.0 250.0 -0.30840
4450.0 250.0 -0.24537
4550.0 250.0 0.05290
4650.0 250.0 0.36239
4750.0 250.0 0.51543
4850.0 250.0 0.50401
4950.0 250.0 0.13762
5050.0 250.0 -0.44641
5150.0 250.0 -0.93646
5250.0 250.0 -1.08865
5350.0 250.0 -0.86010
5450.0 250.0 -0.42821
5550.0 250.0 0.07611
5650.0 250.0 0.55021
5750.0 250.0 0.76947
5850.0 250.0 0.64506
5950.0 250.0 0.31308
6050.0 250.0 0.01586
6150.0 250.0 -0.20855
6250.0 250.0 -0.54161
6350.0 250.0 -0.92226
50.0 350.0 0.81603
150.0 350.0 1.05774
250.0 350.0 1.15879
350.0 350.0 0.95611
450.0 350.0 0.43883
550.0 350.0 -0.20561
650.0 350.0 -0.70786
750.0 350.0 -0.99121
850.0 350.0 -1.17097
950.0 350.0 -1.13127
1050.0 350.0 -0.84392
1150.0 350.0 -0.42532
1250.0 350.0 -0.07675
1350.0 350.0 0.04850
1450.0 350.0 0.03115
1550.0 350.0 0.02794
1650.0 350.0 0.05023
1750.0 350.0 0.08135
1850.0 350.0 0.09945
1950.0 350.0 0.09070
2050.0 350.0 0.05756
2150.0 350.0 0.00892
2250.0 350.0 -0.06532
2350.0 350.0 -0.11714
2450.0 350.0 -0.09299
2550.0 350.0 0.01208
2650.0 350.0 0.15221
2750.0 350.0 0.28047
2850.0 350.0 0.47213
2950.0 350.0 0.81866
3050.0 350.0 1.22461
3150.0 350.0 1.54301
3250.0 350.0 1.68588
3350.0 350.0 1.66867
3450.0 350.0 1.58904
3550.0 350.0 1.53989
3650.0 350.0 1.49987
3750.0 350.0 1.39276
3850.0 350.0 1.17994
3950.0 350.0 0.89173
4050.0 350.0 0.59538
4150.0 350.0 0.30836
4250.0 350.0 0.04427
4350.0 350.0 -0.06986
4450.0 350.0 0.04965
4550.0 350.0 0.34264
4650.0 350.0 0.63551
4750.0 350.0 0.80281
4850.0 350.0 0.80194
4950.0 350.0 0.38960
5050.0 350.0 -0.30113
5150.0 350.0 -0.92485
5250.0 350.0 -1.18769
5350.0 350.0 -1.01003
5450.0 350.0 -0.58359
5550.0 350.0 -0.12776
5650.0 350.0 0.24345
5750.0 350.0 0.39130
5850.0 350.0 0.29982
5950.0 350.0 0.10972
6050.0 350.0 0.00737
6150.0 350.0 -0.01996
6250.0 350.0 -0.19091
6350.0 350.0 -0.51400
50.0 450.0 1.01278
150.0 450.0 1.22924
250.0 450.0 1.33070
350.0 450.0 1.14990
450.0 450.0 0.65614
550.0 450.0 0.01656
650.0 450.0 -0.50876
750.0 450.0 -0.83518
850.0 450.0 -1.13949
950.0 450.0 -1.35040
1050.0 450.0 -1.31567
1150.0 450.0 -1.01499
1250.0 450.0 -0.60159
1350.0 450.0 -0.28576
1450.0 450.0 -0.08114
1550.0 450.0 0.10978
1650.0 450.0 0.22213
1750.0 450.0 0.19771
1850.0 450.0 0.05960
1950.0 450.0 -0.09419
2050.0 450.0 -0.17407
2150.0 450.0 -0.23634
2250.0 450.0 -0.36929
2350.0 450.0 -0.50373
2450.0 450.0 -0.53740
2550.0 450.0 -0.43342
2650.0 450.0 -0.24055
2750.0 450.0 -0.03471
2850.0 450.0 0.28009
2950.0 450.0 0.82619
3050.0 450.0 1.41357
3150.0 450.0 1.79669
3250.0 450.0 1.86598
3350.0 450.0 1.69630
3450.0 450.0 1.44990
3550.0 450.0 1.16401
3650.0 450.0 0.84913
3750.0 450.0 0.56963
3850.0 450.0 0.37063
3950.0 450.0 0.24495
4050.0 450.0 0.14702
4150.0 450.0 0.04643
4250.0 450.0 -0.03579
4350.0 450.0 -0.01950
4450.0 450.0 0.14448
4550.0 450.0 0.41445
4650.0 450.0 0.67928
4750.0 450.0 0.86123
4850.0 450.0 0.88853
4950.0 450.0 0.49852
5050.0 450.0 -0.18455
5150.0 450.0 -0.81687
5250.0 450.0 -1.09580
5350.0 450.0 -0.92831
5450.0 450.0 -0.50442
5550.0 450.0 -0.11852
5650.0 450.0 0.09060
5750.0 450.0 0.09030
5850.0 450.0 -0.03056
5950.0 450.0 -0.10420
6050.0 450.0 0.00045
6150.0 450.0 0.19932
6250.0 450.0 0.24047
6350.0 450.0 0.04633
50.0 550.0 0.84769
150.0 550.0 1.05835
250.0 550.0 1.23218
350.0 550.0 1.19771
450.0 550.0 0.86932
550.0 550.0 0.34882
650.0 550.0 -0.14200
750.0 550.0 -0.49703
850.0 550.0 -0.90634
950.0 550.0 -1.33775
1050.0 550.0 -1.53773
1150.0 550.0 -1.36688
1250.0 550.0 -0.92841
1350.0 550.0 -0.47205
1450.0 550.0 -0.09362
1550.0 550.0 0.24904
1650.0 550.0 0.43066
1750.0 550.0 0.36083
1850.0 550.0 0.09848
1950.0 550.0 -0.17010
2050.0 550.0 -0.28689
2150.0 550.0 -0.36034
2250.0 550.0 -0.54255
2350.0 550.0 -0.74797
2450.0 550.0 -0.83432
2550.0 550.0 -0.73723
2650.0 550.0 -0.50598
2750.0 550.0 -0.23977
2850.0 550.0 0.15069
2950.0 550.0 0.77292
3050.0 550.0 1.37212
3150.0 550.0 1.66697
3250.0 550.0 1.57727
3350.0 550.0 1.24826
3450.0 550.0 0.87025
3550.0 550.0 0.43122
3650.0 550.0 -0.01155
3750.0 550.0 -0.30284
3850.0 550.0 -0.37276
3950.0 550.0 -0.29590
4050.0 550.0 -0.21707
4150.0 550.0 -0.17433
4250.0 550.0 -0.14027
4350.0 550.0 -0.07687
4450.0 550.0 0.05329
4550.0 550.0 0.24618
4650.0 550.0 0.45731
4750.0 550.0 0.64525
4850.0 550.0 0.70875
4950.0 550.0 0.40128
5050.0 550.0 -0.16330
5150.0 550.0 -0.67730
5250.0 550.0 -0.87316
5350.0 550.0 -0.67208
5450.0 550.0 -0.24698
5550.0 550.0 0.07110
5650.0 550.0 0.11356
5750.0 550.0 -0.06158
5850.0 550.0 -0.26406
5950.0 550.0 -0.28567
6050.0 550.0 -0.03144
6150.0 550.0 0.34594
6250.0 550.0 0.56925
6350.0 550.0 0.51235
50.0 650.0 0.39145
150.0 650.0 0.61296
250.0 650.0 0.88919
350.0 650.0 1.04587
450.0 650.0 0.93440
550.0 650.0 0.57921
650.0 650.0 0.15479
750.0 650.0 -0.20818
850.0 650.0 -0.66357
950.0 650.0 -1.18960
1050.0 650.0 -1.48751
1150.0 650.0 -1.36651
1250.0 650.0 -0.91010
1350.0 650.0 -0.38734
1450.0 650.0 0.07042
1550.0 650.0 0.48142
1650.0 650.0 0.69246
1750.0 650.0 0.59896
1850.0 650.0 0.27721
1950.0 650.0 -0.04537
2050.0 650.0 -0.17939
2150.0 650.0 -0.25768
2250.0 650.0 -0.46064
2350.0 650.0 -0.69511
2450.0 650.0 -0.80153
2550.0 650.0 -0.70432
2650.0 650.0 -0.45392
2750.0 650.0 -0.16005
2850.0 650.0 0.24072
2950.0 650.0 0.80464
3050.0 650.0 1.25830
3150.0 650.0 1.35206
3250.0 650.0 1.07269
3350.0 650.0 0.62504
3450.0 650.0 0.18619
3550.0 650.0 -0.28203
3650.0 650.0 -0.67363
3750.0 650.0 -0.81618
3850.0 650.0 -0.67958
3950.0 650.0 -0.41664
4050.0 650.0 -0.23077
4150.0 650.0 -0.12768
4250.0 650.0 -0.08521
4350.0 650.0 -0.09376
4450.0 650.0 -0.09528
4550.0 650.0 -0.03745
4650.0 650.0 0.09552
4750.0 650.0 0.27690
4850.0 650.0 0.36990
4950.0 650.0 0.16001
5050.0 650.0 -0.24687
5150.0 650.0 -0.59166
5250.0 650.0 -0.66145
5350.0 650.0 -0.40673
5450.0 650.0 0.02186
5550.0 650.0 0.29699
5650.0 650.0 0.22681
5750.0 650.0 -0.08242
5850.0 650.0 -0.37640
5950.0 650.0 -0.41071
6050.0 650.0 -0.10008
6150.0 650.0 0.35901
6250.0 650.0 0.67130
6350.0 650.0 0.69043
50.0 750.0 -0.16464
150.0 750.0 0.07411
250.0 750.0 0.44366
350.0 750.0 0.76847
450.0 750.0 0.84827
550.0 750.0 0.64277
650.0 750.0 0.28589
750.0 750.0 -0.07144
850.0 750.0 -0.52255
950.0 750.0 -1.02933
1050.0 750.0 -1.29331
1150.0 750.0 -1.13274
1250.0 750.0 -0.64380
1350.0 750.0 -0.10369
1450.0 750.0 0.36227
1550.0 750.0 0.77871
1650.0 750.0 0.98933
1750.0 750.0 0.88895
1850.0 750.0 0.55711
1950.0 750.0 0.22665
2050.0 750.0 0.09031
2150.0 750.0 0.01242
2250.0 750.0 -0.18688
2350.0 750.0 -0.41327
2450.0 750.0 -0.50871
2550.0 750.0 -0.40092
2650.0 750.0 -0.14347
2750.0 750.0 0.15355
2850.0 750.0 0.52309
2950.0 750.0 0.95783
3050.0 750.0 1.19708
3150.0 750.0 1.05801
3250.0 750.0 0.60489
3350.0 750.0 0.08482
3450.0 750.0 -0.36089
3550.0 750.0 -0.77590
3650.0 750.0 -1.01175
3750.0 750.0 -0.92781
3850.0 750.0 -0.56821
3950.0 750.0 -0.15862
4050.0 750.0 0.07361
4150.0 750.0 0.17456
4250.0 750.0 0.14967
4350.0 750.0 -0.00811
4450.0 750.0 -0.19912
4550.0 750.0 -0.30613
4650.0 750.0 -0.26221
4750.0 750.0 -0.09556
4850.0 750.0 0.01556
4950.0 750.0 -0.11455
5050.0 750.0 -0.38468
5150.0 750.0 -0.57825
5250.0 750.0 -0.53292
5350.0 750.0 -0.22859
5450.0 750.0 0.20332
5550.0 750.0 0.45989
5650.0 750.0 0.33577
5750.0 750.0 -0.05000
5850.0 750.0 -0.41621
5950.0 750.0 -0.49434
6050.0 750.0 -0.19224
6150.0 750.0 0.27426
6250.0 750.0 0.59523
6350.0 750.0 0.62226
50.0 850.0 -0.65990
150.0 850.0 -0.40724
250.0 850.0 0.03625
350.0 850.0 0.49834
450.0 850.0 0.74076
550.0 850.0 0.67037
650.0 850.0 0.38405
750.0 850.0 0.04584
850.0 850.0 -0.38196
950.0 850.0 -0.84544
1050.0 850.0 -1.05648
1150.0 850.0 -0.85035
1250.0 850.0 -0.33536
1350.0 850.0 0.21068
1450.0 850.0 0.67390
1550.0 850.0 1.08462
1650.0 850.0 1.28603
1750.0 850.0 1.17534
1850.0 850.0 0.83514
1950.0 850.0 0.50010
2050.0 850.0 0.36252
2150.0 850.0 0.28679
2250.0 850.0 0.10155
2350.0 850.0 -0.10173
2450.0 850.0 -0.17590
2550.0 850.0 -0.05805
2650.0 850.0 0.19562
2750.0 850.0 0.48023
2850.0 850.0 0.80129
2950.0 850.0 1.09267
3050.0 850.0 1.11740
3150.0 850.0 0.76363
3250.0 850.0 0.16551
3350.0 850.0 -0.40143
3450.0 850.0 -0.83476
3550.0 850.0 -1.16218
3650.0 850.0 -1.19447
3750.0 850.0 -0.84874
3850.0 850.0 -0.26253
3950.0 850.0 0.26699
4050.0 850.0 0.50598
4150.0 850.0 0.56512
4250.0 850.0 0.43979
4350.0 850.0 0.11878
4450.0 850.0 -0.25217
4550.0 850.0 -0.50078
4650.0 850.0 -0.52800
4750.0 850.0 -0.37455
4850.0 850.0 -0.24684
4950.0 850.0 -0.29767
5050.0 850.0 -0.43904
5150.0 850.0 -0.50272
5250.0 850.0 -0.37418
5350.0 850.0 -0.05353
5450.0 850.0 0.35291
5550.0 850.0 0.58025
5650.0 850.0 0.42545
5750.0 850.0 0.00620
5850.0 850.0 -0.39604
5950.0 850.0 -0.51086
6050.0 850.0 -0.24395
6150.0 850.0 0.18857
6250.0 850.0 0.48004
6350.0 850.0 0.49636
50.0 950.0 -0.90257
150.0 950.0 -0.64802
250.0 950.0 -0.18688
350.0 950.0 0.32236
450.0 950.0 0.63968
550.0 950.0 0.65278
650.0 950.0 0.43372
750.0 950.0 0.14136
850.0 950.0 -0.23580
950.0 950.0 -0.64204
1050.0 950.0 -0.80909
1150.0 950.0 -0.58600
1250.0 950.0 -0.07715
1350.0 950.0 0.45642
1450.0 950.0 0.90996
1550.0 950.0 1.30731
1650.0 950.0 1.49152
1750.0 950.0 1.36446
1850.0 950.0 1.01282
1950.0 950.0 0.67230
2050.0 950.0 0.53291
2150.0 950.0 0.46170
2250.0 950.0 0.30589
2350.0 950.0 0.14619
2450.0 950.0 0.10355
2550.0 950.0 0.22292
2650.0 950.0 0.44852
2750.0 950.0 0.69067
2850.0 950.0 0.94090
2950.0 950.0 1.10080
3050.0 950.0 0.97148
3150.0 950.0 0.49905
3250.0 950.0 -0.14823
3350.0 950.0 -0.70163
3450.0 950.0 -1.09202
3550.0 950.0 -1.29097
3650.0 950.0 -1.08315
3750.0 950.0 -0.48033
3850.0 950.0 0.27290
3950.0 950.0 0.83018
4050.0 950.0 0.98838
4150.0 950.0 0.93199
4250.0 950.0 0.66821
4350.0 950.0 0.21147
4450.0 950.0 -0.25247
4550.0 950.0 -0.53828
4650.0 950.0 -0.56930
4750.0 950.0 -0.41938
4850.0 950.0 -0.27703
4950.0 950.0 -0.25127
5050.0 950.0 -0.28769
5150.0 950.0 -0.27826
5250.0 950.0 -0.14686
5350.0 950.0 0.10990
5450.0 950.0 0.42374
5550.0 950.0 0.59243
5650.0 950.0 0.45063
5750.0 950.0 0.09032
5850.0 950.0 -0.26155
5950.0 950.0 -0.38348
6050.0 950.0 -0.19519
6150.0 950.0 0.12646
6250.0 950.0 0.31849
6350.0 950.0 0.29379
50.0 1050.0 -0.79057
150.0 1050.0 -0.54886
250.0 1050.0 -0.14144
350.0 1050.0 0.29515
450.0 1050.0 0.56237
550.0 1050.0 0.57398
650.0 1050.0 0.39883
750.0 1050.0 0.17046
850.0 1050.0 -0.14015
950.0 1050.0 -0.49457
1050.0 1050.0 -0.64889
1150.0 1050.0 -0.45556
1250.0 1050.0 0.00539
1350.0 1050.0 0.50644
1450.0 1050.0 0.94508
1550.0 1050.0 1.32638
1650.0 1050.0 1.49491
1750.0 1050.0 1.35699
1850.0 1050.0 1.00091
1950.0 1050.0 0.65976
2050.0 1050.0 0.51945
2150.0 1050.0 0.45404
2250.0 1050.0 0.33599
2350.0 1050.0 0.22893
2450.0 1050.0 0.21789
2550.0 1050.0 0.32594
2650.0 1050.0 0.50185
2750.0 1050.0 0.67831
2850.0 1050.0 0.85347
2950.0 1050.0 0.93992
3050.0 1050.0 0.78204
3150.0 1050.0 0.34867
3250.0 1050.0 -0.21319
3350.0 1050.0 -0.68293
3450.0 1050.0 -1.00712
3550.0 1050.0 -1.07724
3650.0 1050.0 -0.68417
3750.0 1050.0 0.05581
3850.0 1050.0 0.81934
3950.0 1050.0 1.26358
4050.0 1050.0 1.25451
4150.0 1050.0 1.03015
4250.0 1050.0 0.63108
4350.0 1050.0 0.12663
4450.0 1050.0 -0.28072
4550.0 1050.0 -0.45261
4650.0 1050.0 -0.39769
4750.0 1050.0 -0.23728
4850.0 1050.0 -0.08525
4950.0 1050.0 -0.00106
5050.0 1050.0 0.02155
5150.0 1050.0 0.02999
5250.0 1050.0 0.07946
5350.0 1050.0 0.20105
5450.0 1050.0 0.37047
5550.0 1050.0 0.46196
5650.0 1050.0 0.37809
5750.0 1050.0 0.16437
5850.0 1050.0 -0.05407
5950.0 1050.0 -0.14896
6050.0 1050.0 -0.06852
6150.0 1050.0 0.08339
6250.0 1050.0 0.11743
6350.0 1050.0 0.01629
50.0 1150.0 -0.42323
150.0 1150.0 -0.20326
250.0 1150.0 0.10498
350.0 1150.0 0.38796
450.0 1150.0 0.51366
550.0 1150.0 0.45287
650.0 1150.0 0.29020
750.0 1150.0 0.12382
850.0 1150.0 -0.12626
950.0 1150.0 -0.45218
1050.0 1150.0 -0.63085
1150.0 1150.0 -0.50606
1250.0 1150.0 -0.12040
1350.0 1150.0 0.33826
1450.0 1150.0 0.76170
1550.0 1150.0 1.13130
1650.0 1150.0 1.29515
1750.0 1150.0 1.16129
1850.0 1150.0 0.81457
1950.0 1150.0 0.48109
2050.0 1150.0 0.34181
2150.0 1150.0 0.28152
2250.0 1150.0 0.19690
2350.0 1150.0 0.13372
2450.0 1150.0 0.14317
2550.0 1150.0 0.23000
2650.0 1150.0 0.35035
2750.0 1150.0 0.45916
2850.0 1150.0 0.57733
2950.0 1150.0 0.66430
3050.0 1150.0 0.59978
3150.0 1150.0 0.33684
3250.0 1150.0 -0.04270
3350.0 1150.0 -0.38972
3450.0 1150.0 -0.64630
3550.0 1150.0 -0.63170
3650.0 1150.0 -0.17553
3750.0 1150.0 0.52712
3850.0 1150.0 1.13123
3950.0 1150.0 1.35223
4050.0 1150.0 1.14200
4150.0 1150.0 0.75164
4250.0 1150.0 0.26355
4350.0 1150.0 -0.18681
4450.0 1150.0 -0.40847
4550.0 1150.0 -0.35413
4650.0 1150.0 -0.15240
4750.0 1150.0 0.02895
4850.0 1150.0 0.18535
4950.0 1150.0 0.30374
5050.0 1150.0 0.34259
5150.0 1150.0 0.30105
5250.0 1150.0 0.22937
5350.0 1150.0 0.19663
5450.0 1150.0 0.21732
5550.0 1150.0 0.23599
5650.0 1150.0 0.22962
5750.0 1150.0 0.19283
5850.0 1150.0 0.13786
5950.0 1150.0 0.08884
6050.0 1150.0 0.06510
6150.0 1150.0 0.04312
6250.0 1150.0 -0.09219
6350.0 1150.0 -0.28968
50.0 1250.0 -0.06576
150.0 1250.0 0.13517
250.0 1250.0 0.35419
350.0 1250.0 0.49394
450.0 1250.0 0.47970
550.0 1250.0 0.33581
650.0 1250.0 0.16670
750.0 1250.0 0.04157
850.0 1250.0 -0.17188
950.0 1250.0 -0.49523
1050.0 1250.0 -0.71691
1150.0 1250.0 -0.66623
1250.0 1250.0 -0.35111
1350.0 1250.0 0.07180
1450.0 1250.0 0.48487
1550.0 1250.0 0.85127
1650.0 1250.0 1.02367
1750.0 1250.0 0.90841
1850.0 1250.0 0.58265
1950.0 1250.0 0.26310
2050.0 1250.0 0.12658
2150.0 1250.0 0.06925
2250.0 1250.0 0.00398
2350.0 1250.0 -0.03611
2450.0 1250.0 -0.02112
2550.0 1250.0 0.04395
2650.0 1250.0 0.12237
2750.0 1250.0 0.18399
2850.0 1250.0 0.27361
2950.0 1250.0 0.40268
3050.0 1250.0 0.47041
3150.0 1250.0 0.39742
3250.0 1250.0 0.19645
3350.0 1250.0 -0.04514
3450.0 1250.0 -0.25529
3550.0 1250.0 -0.21554
3650.0 1250.0 0.19436
3750.0 1250.0 0.74470
3850.0 1250.0 1.11747
3950.0 1250.0 1.10728
4050.0 1250.0 0.73634
4150.0 1250.0 0.23476
4250.0 1250.0 -0.28342
4350.0 1250.0 -0.63055
4450.0 1250.0 -0.64197
4550.0 1250.0 -0.36087
4650.0 1250.0 -0.01986
4750.0 1250.0 0.18253
4850.0 1250.0 0.34109
4950.0 1250.0 0.47922
5050.0 1250.0 0.52253
5150.0 1250.0 0.43892
5250.0 1250.0 0.27774
5350.0 1250.0 0.13581
5450.0 1250.0 0.05350
5550.0 1250.0 0.02365
5650.0 1250.0 0.07639
5750.0 1250.0 0.17013
5850.0 1250.0 0.23636
5950.0 1250.0 0.22458
6050.0 1250.0 0.13061
6150.0 1250.0 -0.01235
6250.0 1250.0 -0.27402
6350.0 1250.0 -0.55939
50.0 1350.0 0.03341
150.0 1350.0 0.22756
250.0 1350.0 0.41479
350.0 1350.0 0.50335
450.0 1350.0 0.43889
550.0 1350.0 0.26493
650.0 1350.0 0.09306
750.0 1350.0 -0.01779
850.0 1350.0 -0.22216
950.0 1350.0 -0.55672
1050.0 1350.0 -0.81194
1150.0 1350.0 -0.80602
1250.0 1350.0 -0.52857
1350.0 1350.0 -0.12270
1450.0 1350.0 0.28700
1550.0 1350.0 0.65788
1650.0 1350.0 0.84678
1750.0 1350.0 0.75607
1850.0 1350.0 0.45420
1950.0 1350.0 0.14940
2050.0 1350.0 0.01619
2150.0 1350.0 -0.04054
2250.0 1350.0 -0.10194
2350.0 1350.0 -0.13955
2450.0 1350.0 -0.12922
2550.0 1350.0 -0.07717
2650.0 1350.0 -0.01608
2750.0 1350.0 0.02874
2850.0 1350.0 0.11219
2950.0 1350.0 0.27047
3050.0 1350.0 0.40788
3150.0 1350.0 0.42624
3250.0 1350.0 0.30583
3350.0 1350.0 0.10818
3450.0 1350.0 -0.08647
3550.0 1350.0 -0.06232
3650.0 1350.0 0.26581
3750.0 1350.0 0.67071
3850.0 1350.0 0.87436
3950.0 1350.0 0.72745
4050.0 1350.0 0.28468
4150.0 1350.0 -0.25368
4250.0 1350.0 -0.76408
4350.0 1350.0 -1.03700
4450.0 1350.0 -0.92757
4550.0 1350.0 -0.52656
4650.0 1350.0 -0.11504
4750.0 1350.0 0.09848
4850.0 1350.0 0.26124
4950.0 1350.0 0.42214
5050.0 1350.0 0.49448
5150.0 1350.0 0.42675
5250.0 1350.0 0.25773
5350.0 1350.0 0.08788
5450.0 1350.0 -0.02953
5550.0 1350.0 -0.07824
5650.0 1350.0 -0.01077
5750.0 1350.0 0.11976
5850.0 1350.0 0.21954
5950.0 1350.0 0.21487
6050.0 1350.0 0.09450
6150.0 1350.0 -0.09167
6250.0 1350.0 -0.40892
6350.0 1350.0 -0.75128
50.0 1450.0 -0.04878
150.0 1450.0 0.14791
250.0 1450.0 0.34308
350.0 1450.0 0.44520
450.0 1450.0 0.39639
550.0 1450.0 0.23545
650.0 1450.0 0.07078
750.0 1450.0 -0.03755
850.0 1450.0 -0.24497
950.0 1450.0 -0.59518
1050.0 1450.0 -0.87700
1150.0 1450.0 -0.90036
1250.0 1450.0 -0.64485
1350.0 1450.0 -0.24816
1450.0 1450.0 0.15985
1550.0 1450.0 0.53531
1650.0 1450.0 0.73941
1750.0 1450.0 0.67212
1850.0 1450.0 0.39462
1950.0 1450.0 0.10709
2050.0 1450.0 -0.01896
2150.0 1450.0 -0.07216
2250.0 1450.0 -0.13154
2350.0 1450.0 -0.17011
2450.0 1450.0 -0.16370
2550.0 1450.0 -0.11664
2650.0 1450.0 -0.05902
2750.0 1450.0 -0.01526
2850.0 1450.0 0.06878
2950.0 1450.0 0.23169
3050.0 1450.0 0.37831
3150.0 1450.0 0.40829
3250.0 1450.0 0.29821
3350.0 1450.0 0.10672
3450.0 1450.0 -0.08613
3550.0 1450.0 -0.08782
3650.0 1450.0 0.16617
3750.0 1450.0 0.46599
3850.0 1450.0 0.56960
3950.0 1450.0 0.36083
4050.0 1450.0 -0.09658
4150.0 1450.0 -0.62909
4250.0 1450.0 -1.11778
4350.0 1450.0 -1.35150
4450.0 1450.0 -1.19737
4550.0 1450.0 -0.76116
4650.0 1450.0 -0.33333
4750.0 1450.0 -0.11958
4850.0 1450.0 0.04597
4950.0 1450.0 0.23128
5050.0 1450.0 0.35007
5150.0 1450.0 0.33716
5250.0 1450.0 0.21272
5350.0 1450.0 0.06453
5450.0 1450.0 -0.04856
5550.0 1450.0 -0.09887
5650.0 1450.0 -0.04253
5750.0 1450.0 0.06922
5850.0 1450.0 0.14907
5950.0 1450.0 0.13058
6050.0 1450.0 0.00592
6150.0 1450.0 -0.18119
6250.0 1450.0 -0.51420
6350.0 1450.0 -0.89410
50.0 1550.0 -0.02279
150.0 1550.0 0.18971
250.0 1550.0 0.39246
350.0 1550.0 0.49542
450.0 1550.0 0.44719
550.0 1550.0 0.29300
650.0 1550.0 0.14405
750.0 1550.0 0.05709
850.0 1550.0 -0.14419
950.0 1550.0 -0.53518
1050.0 1550.0 -0.90998
1150.0 1550.0 -1.05324
1250.0 1550.0 -0.90189
1350.0 1550.0 -0.56162
1450.0 1550.0 -0.18058
1550.0 1550.0 0.16128
1650.0 1550.0 0.34091
1750.0 1550.0 0.28378
1850.0 1550.0 0.05597
1950.0 1550.0 -0.16324
2050.0 1550.0 -0.22934
2150.0 1550.0 -0.22694
2250.0 1550.0 -0.22344
2350.0 1550.0 -0.20786
2450.0 1550.0 -0.17289
2550.0 1550.0 -0.12345
2650.0 1550.0 -0.07370
2750.0 1550.0 -0.03267
2850.0 1550.0 0.04705
2950.0 1550.0 0.20256
3050.0 1550.0 0.35108
3150.0 1550.0 0.40091
3250.0 1550.0 0.32558
3350.0 1550.0 0.17199
3450.0 1550.0 0.01083
3550.0 1550.0 -0.01323
3650.0 1550.0 0.13328
3750.0 1550.0 0.28501
3850.0 1550.0 0.26944
3950.0 1550.0 0.02176
4050.0 1550.0 -0.39153
4150.0 1550.0 -0.84671
4250.0 1550.0 -1.24032
4350.0 1550.0 -1.39102
4450.0 1550.0 -1.20481
4550.0 1550.0 -0.79446
4650.0 1550.0 -0.42038
4750.0 1550.0 -0.25240
4850.0 1550.0 -0.13302
4950.0 1550.0 0.00266
5050.0 1550.0 0.10064
5150.0 1550.0 0.11764
5250.0 1550.0 0.06292
5350.0 1550.0 -0.01082
5450.0 1550.0 -0.06545
5550.0 1550.0 -0.07410
5650.0 1550.0 -0.01320
5750.0 1550.0 0.06602
5850.0 1550.0 0.09817
5950.0 1550.0 0.04864
6050.0 1550.0 -0.06979
6150.0 1550.0 -0.23116
6250.0 1550.0 -0.55701
6350.0 1550.0 -0.97370
50.0 1650.0 0.13504
150.0 1650.0 0.38251
250.0 1650.0 0.58727
350.0 1650.0 0.66309
450.0 1650.0 0.58305
550.0 1650.0 0.41910
650.0 1650.0 0.29618
750.0 1650.0 0.25986
850.0 1650.0 0.09185
950.0 1650.0 -0.33704
1050.0 1650.0 -0.84368
1150.0 1650.0 -1.18177
1250.0 1650.0 -1.21642
1350.0 1650.0 -0.98949
1450.0 1650.0 -0.67384
1550.0 1650.0 -0.42810
1650.0 1650.0 -0.34382
1750.0 1650.0 -0.42500
1850.0 1650.0 -0.57753
1950.0 1650.0 -0.65848
2050.0 1650.0 -0.58625
2150.0 1650.0 -0.45143
2250.0 1650.0 -0.30743
2350.0 1650.0 -0.18272
2450.0 1650.0 -0.10448
2550.0 1650.0 -0.07032
2650.0 1650.0 -0.05004
2750.0 1650.0 -0.01704
2850.0 1650.0 0.04836
2950.0 1650.0 0.17106
3050.0 1650.0 0.29987
3150.0 1650.0 0.37172
3250.0 1650.0 0.36135
3350.0 1650.0 0.29179
3450.0 1650.0 0.20873
3550.0 1650.0 0.17687
3650.0 1650.0 0.18837
3750.0 1650.0 0.15769
3850.0 1650.0 0.02203
3950.0 1650.0 -0.21328
4050.0 1650.0 -0.49021
4150.0 1650.0 -0.76191
4250.0 1650.0 -0.95457
4350.0 1650.0 -0.96447
4450.0 1650.0 -0.77487
4550.0 1650.0 -0.49049
4650.0 1650.0 -0.28025
4750.0 1650.0 -0.22865
4850.0 1650.0 -0.22994
4950.0 1650.0 -0.25699
5050.0 1650.0 -0.28353
5150.0 1650.0 -0.27703
5250.0 1650.0 -0.22680
5350.0 1650.0 -0.14840
5450.0 1650.0 -0.06414
5550.0 1650.0 0.03380
5650.0 1650.0 0.12429
5750.0 1650.0 0.15261
5850.0 1650.0 0.09720
5950.0 1650.0 -0.00871
6050.0 1650.0 -0.10607
6150.0 1650.0 -0.20194
6250.0 1650.0 -0.47247
6350.0 1650.0 -0.89068
50.0 1750.0 0.30733
150.0 1750.0 0.60009
250.0 1750.0 0.79988
350.0 1750.0 0.82565
450.0 1750.0 0.68745
550.0 1750.0 0.49821
650.0 1750.0 0.40452
750.0 1750.0 0.43570
850.0 1750.0 0.33417
950.0 1750.0 -0.07325
1050.0 1750.0 -0.64592
1150.0 1750.0 -1.13197
1250.0 1750.0 -1.33752
1350.0 1750.0 -1.23503
1450.0 1750.0 -1.00663
1550.0 1750.0 -0.89924
1650.0 1750.0 -0.96605
1750.0 1750.0 -1.11090
1850.0 1750.0 -1.19167
1950.0 1750.0 -1.10493
2050.0 1750.0 -0.85177
2150.0 1750.0 -0.54353
2250.0 1750.0 -0.23545
2350.0 1750.0 -0.01082
2450.0 1750.0 0.07060
2550.0 1750.0 0.03935
2650.0 1750.0 -0.00214
2750.0 1750.0 0.01709
2850.0 1750.0 0.05916
2950.0 1750.0 0.12195
3050.0 1750.0 0.19842
3150.0 1750.0 0.27204
3250.0 1750.0 0.32841
3350.0 1750.0 0.36335
3450.0 1750.0 0.38536
3550.0 1750.0 0.36683
3650.0 1750.0 0.26172
3750.0 1750.0 0.07710
3850.0 1750.0 -0.13296
3950.0 1750.0 -0.29702
4050.0 1750.0 -0.37618
4150.0 1750.0 -0.40402
4250.0 1750.0 -0.34234
4350.0 1750.0 -0.19414
4450.0 1750.0 -0.03762
4550.0 1750.0 0.04596
4650.0 1750.0 0.01971
4750.0 1750.0 -0.08737
4850.0 1750.0 -0.25232
4950.0 1750.0 -0.50742
5050.0 1750.0 -0.71847
5150.0 1750.0 -0.74598
5250.0 1750.0 -0.57063
5350.0 1750.0 -0.29537
5450.0 1750.0 -0.02586
5550.0 1750.0 0.21596
5650.0 1750.0 0.35001
5750.0 1750.0 0.31619
5850.0 1750.0 0.14961
5950.0 1750.0 -0.02774
6050.0 1750.0 -0.09561
6150.0 1750.0 -0.10122
6250.0 1750.0 -0.26705
6350.0 1750.0 -0.61699
50.0 1850.0 0.36846
150.0 1850.0 0.70190
250.0 1850.0 0.89247
350.0 1850.0 0.86398
450.0 1850.0 0.66291
550.0 1850.0 0.44300
650.0 1850.0 0.37276
750.0 1850.0 0.46594
850.0 1850.0 0.45048
950.0 1850.0 0.14500
1050.0 1850.0 -0.36258
1150.0 1850.0 -0.85604
1250.0 1850.0 -1.12971
1350.0 1850.0 -1.11050
1450.0 1850.0 -0.96176
1550.0 1850.0 -0.98965
1650.0 1850.0 -1.21515
1750.0 1850.0 -1.44522
1850.0 1850.0 -1.48468
1950.0 1850.0 -1.25867
2050.0 1850.0 -0.84291
2150.0 1850.0 -0.38025
2250.0 1850.0 0.04761
2350.0 1850.0 0.30446
2450.0 1850.0 0.31806
2550.0 1850.0 0.16866
2650.0 1850.0 0.04157
2750.0 1850.0 0.04423
2850.0 1850.0 0.06029
2950.0 1850.0 0.05048
3050.0 1850.0 0.05033
3150.0 1850.0 0.09515
3250.0 1850.0 0.19062
3350.0 1850.0 0.31279
3450.0 1850.0 0.43147
3550.0 1850.0 0.44145
3650.0 1850.0 0.27302
3750.0 1850.0 0.00863
3850.0 1850.0 -0.21079
3950.0 1850.0 -0.27206
4050.0 1850.0 -0.15915
4150.0 1850.0 0.03580
4250.0 1850.0 0.32122
4350.0 1850.0 0.59421
4450.0 1850.0 0.69506
4550.0 1850.0 0.57259
4650.0 1850.0 0.31756
4750.0 1850.0 0.06281
4850.0 1850.0 -0.25187
4950.0 1850.0 -0.71396
5050.0 1850.0 -1.09035
5150.0 1850.0 -1.14459
5250.0 1850.0 -0.85096
5350.0 1850.0 -0.39350
5450.0 1850.0 0.04616
5550.0 1850.0 0.41950
5650.0 1850.0 0.59180
5750.0 1850.0 0.49837
5850.0 1850.0 0.22716
5950.0 1850.0 -0.01749
6050.0 1850.0 -0.05885
6150.0 1850.0 0.02094
6250.0 1850.0 -0.01890
6350.0 1850.0 -0.23773
50.0 1950.0 0.26274
150.0 1950.0 0.61997
250.0 1950.0 0.80266
350.0 1950.0 0.73752
450.0 1950.0 0.49409
550.0 1950.0 0.25208
650.0 1950.0 0.19407
750.0 1950.0 0.32448
850.0 1950.0 0.38794
950.0 1950.0 0.23379
1050.0 1950.0 -0.09656
1150.0 1950.0 -0.45311
1250.0 1950.0 -0.66969
1350.0 1950.0 -0.66608
1450.0 1950.0 -0.56425
1550.0 1950.0 -0.68005
1650.0 1950.0 -1.01764
1750.0 1950.0 -1.32185
1850.0 1950.0 -1.35808
1950.0 1950.0 -1.06177
2050.0 1950.0 -0.55205
2150.0 1950.0 -0.00294
2250.0 1950.0 0.45996
2350.0 1950.0 0.66579
2450.0 1950.0 0.55547
2550.0 1950.0 0.26700
2650.0 1950.0 0.05474
2750.0 1950.0 0.04288
2850.0 1950.0 0.03851
2950.0 1950.0 -0.03356
3050.0 1950.0 -0.11016
3150.0 1950.0 -0.11530
3250.0 1950.0 -0.02037
3350.0 1950.0 0.14447
3450.0 1950.0 0.32076
3550.0 1950.0 0.35835
3650.0 1950.0 0.18073
3750.0 1950.0 -0.09105
3850.0 1950.0 -0.27756
3950.0 1950.0 -0.25310
4050.0 1950.0 -0.01876
4150.0 1950.0 0.30840
4250.0 1950.0 0.72109
4350.0 1950.0 1.05559
4450.0 1950.0 1.10717
4550.0 1950.0 0.84798
4650.0 1950.0 0.44908
4750.0 1950.0 0.10496
4850.0 1950.0 -0.29640
4950.0 1950.0 -0.86989
5050.0 1950.0 -1.32401
5150.0 1950.0 -1.37098
5250.0 1950.0 -0.98903
5350.0 1950.0 -0.41519
5450.0 1950.0 0.12657
5550.0 1950.0 0.57633
5650.0 1950.0 0.76532
5750.0 1950.0 0.62725
5850.0 1950.0 0.28455
5950.0 1950.0 -0.00635
6050.0 1950.0 -0.03389
6150.0 1950.0 0.09931
6250.0 1950.0 0.16409
6350.0 1950.0 0.09098
50.0 2050.0 0.03055
150.0 2050.0 0.39329
250.0 2050.0 0.57337
350.0 2050.0 0.49821
450.0 2050.0 0.24321
550.0 2050.0 -0.00522
650.0 2050.0 -0.06087
750.0 2050.0 0.07886
850.0 2050.0 0.19557
950.0 2050.0 0.19065
1050.0 2050.0 0.07561
1150.0 2050.0 -0.07151
1250.0 2050.0 -0.15223
1350.0 2050.0 -0.10966
1450.0 2050.0 -0.01810
1550.0 2050.0 -0.16225
1650.0 2050.0 -0.54449
1750.0 2050.0 -0.89045
1850.0 2050.0 -0.94807
1950.0 2050.0 -0.64829
2050.0 2050.0 -0.11941
2150.0 2050.0 0.44286
2250.0 2050.0 0.86648
2350.0 2050.0 0.96841
2450.0 2050.0 0.71956
2550.0 2050.0 0.30842
2650.0 2050.0 0.03136
2750.0 2050.0 0.01001
2850.0 2050.0 -0.00531
2950.0 2050.0 -0.11553
3050.0 2050.0 -0.24820
3150.0 2050.0 -0.30559
3250.0 2050.0 -0.24022
3350.0 2050.0 -0.07678
3450.0 2050.0 0.11286
3550.0 2050.0 0.16430
3650.0 2050.0 0.00415
3750.0 2050.0 -0.24173
3850.0 2050.0 -0.39394
3950.0 2050.0 -0.33233
4050.0 2050.0 -0.06444
4150.0 2050.0 0.29366
4250.0 2050.0 0.73255
4350.0 2050.0 1.07326
4450.0 2050.0 1.10270
4550.0 2050.0 0.80209
4650.0 2050.0 0.36422
4750.0 2050.0 -0.00194
4850.0 2050.0 -0.41890
4950.0 2050.0 -0.99591
5050.0 2050.0 -1.42883
5150.0 2050.0 -1.42999
5250.0 2050.0 -0.99335
5350.0 2050.0 -0.37722
5450.0 2050.0 0.18991
5550.0 2050.0 0.65416
5650.0 2050.0 0.83598
5750.0 2050.0 0.67077
5850.0 2050.0 0.29458
5950.0 2050.0 -0.01839
6050.0 2050.0 -0.04627
6150.0 2050.0 0.10245
6250.0 2050.0 0.22614
6350.0 2050.0 0.26567
50.0 2150.0 -0.27325
150.0 2150.0 0.08384
250.0 2150.0 0.26542
350.0 2150.0 0.19935
450.0 2150.0 -0.04350
550.0 2150.0 -0.28304
650.0 2150.0 -0.33749
750.0 2150.0 -0.20209
850.0 2150.0 -0.04914
950.0 2150.0 0.07816
1050.0 2150.0 0.16881
1150.0 2150.0 0.23257
1250.0 2150.0 0.29668
1350.0 2150.0 0.38705
1450.0 2150.0 0.47591
1550.0 2150.0 0.32554
1650.0 2150.0 -0.06814
1750.0 2150.0 -0.43203
1850.0 2150.0 -0.51154
1950.0 2150.0 -0.23237
2050.0 2150.0 0.28085
2150.0 2150.0 0.82082
2250.0 2150.0 1.17730
2350.0 2150.0 1.16896
2450.0 2150.0 0.80113
2550.0 2150.0 0.30106
2650.0 2150.0 -0.01390
2750.0 2150.0 -0.03468
2850.0 2150.0 -0.05066
2950.0 2150.0 -0.18329
3050.0 2150.0 -0.36036
3150.0 2150.0 -0.47103
3250.0 2150.0 -0.44918
3350.0 2150.0 -0.30678
3450.0 2150.0 -0.12234
3550.0 2150.0 -0.06555
3650.0 2150.0 -0.20117
3750.0 2150.0 -0.40692
3850.0 2150.0 -0.51619
3950.0 2150.0 -0.42367
4050.0 2150.0 -0.14364
4150.0 2150.0 0.21597
4250.0 2150.0 0.63746
4350.0 2150.0 0.93968
4450.0 2150.0 0.92380
4550.0 2150.0 0.58906
4650.0 2150.0 0.13967
4750.0 2150.0 -0.21864
4850.0 2150.0 -0.61477
4950.0 2150.0 -1.13983
5050.0 2150.0 -1.49573
5150.0 2150.0 -1.41844
5250.0 2150.0 -0.92587
5350.0 2150.0 -0.28697
5450.0 2150.0 0.28184
5550.0 2150.0 0.74371
5650.0 2150.0 0.91708
5750.0 2150.0 0.73694
5850.0 2150.0 0.34274
5950.0 2150.0 0.01407
6050.0 2150.0 -0.02341
6150.0 2150.0 0.12219
6250.0 2150.0 0.27567
6350.0 2150.0 0.39465
50.0 2250.0 -0.70928
150.0 2250.0 -0.38922
250.0 2250.0 -0.20026
350.0 2250.0 -0.21182
450.0 2250.0 -0.38095
550.0 2250.0 -0.56677
650.0 2250.0 -0.61524
750.0 2250.0 -0.51171
850.0 2250.0 -0.36125
950.0 2250.0 -0.15624
1050.0 2250.0 0.07624
1150.0 2250.0 0.29024
1250.0 2250.0 0.45216
1350.0 2250.0 0.55917
1450.0 2250.0 0.62452
1550.0 2250.0 0.48333
1650.0 2250.0 0.13448
1750.0 2250.0 -0.18677
1850.0 2250.0 -0.26225
1950.0 2250.0 -0.02966
2050.0 2250.0 0.40271
2150.0 2250.0 0.84865
2250.0 2250.0 1.09635
2350.0 2250.0 1.00293
2450.0 2250.0 0.61231
2550.0 2250.0 0.15069
2650.0 2250.0 -0.10428
2750.0 2250.0 -0.07991
2850.0 2250.0 -0.05788
2950.0 2250.0 -0.17267
3050.0 2250.0 -0.37297
3150.0 2250.0 -0.54704
3250.0 2250.0 -0.60200
3350.0 2250.0 -0.51547
3450.0 2250.0 -0.36241
3550.0 2250.0 -0.31837
3650.0 2250.0 -0.42281
3750.0 2250.0 -0.54820
3850.0 2250.0 -0.55156
3950.0 2250.0 -0.36825
4050.0 2250.0 -0.04062
4150.0 2250.0 0.33252
4250.0 2250.0 0.67790
4350.0 2250.0 0.80789
4450.0 2250.0 0.59459
4550.0 2250.0 0.12158
4650.0 2250.0 -0.35794
4750.0 2250.0 -0.65767
4850.0 2250.0 -0.95939
4950.0 2250.0 -1.33536
5050.0 2250.0 -1.51650
5150.0 2250.0 -1.29159
5250.0 2250.0 -0.71272
5350.0 2250.0 -0.04645
5450.0 2250.0 0.52358
5550.0 2250.0 0.99588
5650.0 2250.0 1.19396
5750.0 2250.0 1.03524
5850.0 2250.0 0.64240
5950.0 2250.0 0.29140
6050.0 2250.0 0.21758
6150.0 2250.0 0.32396
6250.0 2250.0 0.44189
6350.0 2250.0 0.55213
50.0 2350.0 -1.07704
150.0 2350.0 -0.83050
250.0 2350.0 -0.63796
350.0 2350.0 -0.56346
450.0 2350.0 -0.61210
550.0 2350.0 -0.71134
650.0 2350.0 -0.75608
750.0 2350.0 -0.71554
850.0 2350.0 -0.61885
950.0 2350.0 -0.42453
1050.0 2350.0 -0.16402
1150.0 2350.0 0.08902
1250.0 2350.0 0.26622
1350.0 2350.0 0.34488
1450.0 2350.0 0.36360
1550.0 2350.0 0.24985
1650.0 2350.0 0.01103
1750.0 2350.0 -0.19646
1850.0 2350.0 -0.23526
1950.0 2350.0 -0.07528
2050.0 2350.0 0.20519
2150.0 2350.0 0.47901
2250.0 2350.0 0.57673
2350.0 2350.0 0.43468
2450.0 2350.0 0.13741
2550.0 2350.0 -0.13722
2650.0 2350.0 -0.22033
2750.0 2350.0 -0.10126
2850.0 2350.0 0.00446
2950.0 2350.0 -0.03629
3050.0 2350.0 -0.21710
3150.0 2350.0 -0.44499
3250.0 2350.0 -0.59824
3350.0 2350.0 -0.59993
3450.0 2350.0 -0.50722
3550.0 2350.0 -0.50822
3650.0 2350.0 -0.60743
3750.0 2350.0 -0.65514
3850.0 2350.0 -0.52824
3950.0 2350.0 -0.21677
4050.0 2350.0 0.18947
4150.0 2350.0 0.59310
4250.0 2350.0 0.82987
4350.0 2350.0 0.70759
4450.0 2350.0 0.21288
4550.0 2350.0 -0.44140
4650.0 2350.0 -0.93312
4750.0 2350.0 -1.11190
4850.0 2350.0 -1.24939
4950.0 2350.0 -1.42032
5050.0 2350.0 -1.40719
5150.0 2350.0 -1.05632
5250.0 2350.0 -0.43253
5350.0 2350.0 0.23375
5450.0 2350.0 0.80177
5550.0 2350.0 1.29857
5650.0 2350.0 1.55766
5750.0 2350.0 1.46007
5850.0 2350.0 1.08964
5950.0 2350.0 0.70884
6050.0 2350.0 0.56924
6150.0 2350.0 0.59643
6250.0 2350.0 0.60335
6350.0 2350.0 0.59953
50.0 2450.0 -1.13437
150.0 2450.0 -0.97830
250.0 2450.0 -0.79729
350.0 2450.0 -0.64879
450.0 2450.0 -0.58639
550.0 2450.0 -0.60795
650.0 2450.0 -0.65977
750.0 2450.0 -0.69559
850.0 2450.0 -0.68428
950.0 2450.0 -0.57320
1050.0 2450.0 -0.38715
1150.0 2450.0 -0.19780
1250.0 2450.0 -0.07854
1350.0 2450.0 -0.06012
1450.0 2450.0 -0.09743
1550.0 2450.0 -0.17470
1650.0 2450.0 -0.27346
1750.0 2450.0 -0.33331
1850.0 2450.0 -0.31711
1950.0 2450.0 -0.23665
2050.0 2450.0 -0.13511
2150.0 2450.0 -0.06307
2250.0 2450.0 -0.12544
2350.0 2450.0 -0.29020
2450.0 2450.0 -0.43480
2550.0 2450.0 -0.45291
2650.0 2450.0 -0.31470
2750.0 2450.0 -0.08072
2850.0 2450.0 0.13070
2950.0 2450.0 0.20195
3050.0 2450.0 0.08320
3150.0 2450.0 -0.16722
3250.0 2450.0 -0.40710
3350.0 2450.0 -0.50182
3450.0 2450.0 -0.48109
3550.0 2450.0 -0.55622
3650.0 2450.0 -0.70464
3750.0 2450.0 -0.73797
3850.0 2450.0 -0.53092
3950.0 2450.0 -0.11447
4050.0 2450.0 0.37186
4150.0 2450.0 0.81757
4250.0 2450.0 0.97550
4350.0 2450.0 0.65849
4450.0 2450.0 -0.03994
4550.0 2450.0 -0.79734
4650.0 2450.0 -1.24320
4750.0 2450.0 -1.26775
4850.0 2450.0 -1.22830
4950.0 2450.0 -1.23976
5050.0 2450.0 -1.14142
5150.0 2450.0 -0.80287
5250.0 2450.0 -0.24964
5350.0 2450.0 0.36276
5450.0 2450.0 0.92390
5550.0 2450.0 1.45064
5650.0 2450.0 1.78473
5750.0 2450.0 1.76351
5850.0 2450.0 1.42343
5950.0 2450.0 1.00969
6050.0 2450.0 0.79273
6150.0 2450.0 0.72465
6250.0 2450.0 0.58613
6350.0 2450.0 0.41583
50.0 2550.0 -0.83829
150.0 2550.0 -0.76020
250.0 2550.0 -0.60746
350.0 2550.0 -0.43183
450.0 2550.0 -0.31650
550.0 2550.0 -0.30429
650.0 2550.0 -0.37565
750.0 2550.0 -0.47573
850.0 2550.0 -0.54285
950.0 2550.0 -0.52731
1050.0 2550.0 -0.44396
1150.0 2550.0 -0.34934
1250.0 2550.0 -0.30699
1350.0 2550.0 -0.34830
1450.0 2550.0 -0.43191
1550.0 2550.0 -0.47823
1650.0 2550.0 -0.45953
1750.0 2550.0 -0.39490
1850.0 2550.0 -0.33060
1950.0 2550.0 -0.31374
2050.0 2550.0 -0.35881
2150.0 2550.0 -0.45291
2250.0 2550.0 -0.64908
2350.0 2550.0 -0.83686
2450.0 2550.0 -0.86122
2550.0 2550.0 -0.67281
2650.0 2550.0 -0.35487
2750.0 2550.0 -0.02673
2850.0 2550.0 0.27591
2950.0 2550.0 0.45595
3050.0 2550.0 0.41541
3150.0 2550.0 0.17547
3250.0 2550.0 -0.11450
3350.0 2550.0 -0.27738
3450.0 2550.0 -0.31627
3550.0 2550.0 -0.47354
3650.0 2550.0 -0.71955
3750.0 2550.0 -0.82150
3850.0 2550.0 -0.62561
3950.0 2550.0 -0.17178
4050.0 2550.0 0.36660
4150.0 2550.0 0.85359
4250.0 2550.0 1.00441
4350.0 2550.0 0.64806
4450.0 2550.0 -0.06768
4550.0 2550.0 -0.78083
4650.0 2550.0 -1.11972
4750.0 2550.0 -1.00555
4850.0 2550.0 -0.83965
4950.0 2550.0 -0.80749
5050.0 2550.0 -0.79029
5150.0 2550.0 -0.62993
5250.0 2550.0 -0.26328
5350.0 2550.0 0.24897
5450.0 2550.0 0.79973
5550.0 2550.0 1.35012
5650.0 2550.0 1.74298
5750.0 2550.0 1.78022
5850.0 2550.0 1.46081
5950.0 2550.0 1.01714
6050.0 2550.0 0.73566
6150.0 2550.0 0.58934
6250.0 2550.0 0.33200
6350.0 2550.0 0.02647
50.0 2650.0 -0.36718
150.0 2650.0 -0.33216
250.0 2650.0 -0.21555
350.0 2650.0 -0.06600
450.0 2650.0 0.03065
550.0 2650.0 0.02434
650.0 2650.0 -0.07285
750.0 2650.0 -0.20646
850.0 2650.0 -0.30971
950.0 2650.0 -0.33226
1050.0 2650.0 -0.28558
1150.0 2650.0 -0.22335
1250.0 2650.0 -0.20908
1350.0 2650.0 -0.27654
1450.0 2650.0 -0.38316
1550.0 2650.0 -0.41556
1650.0 2650.0 -0.34198
1750.0 2650.0 -0.22016
1850.0 2650.0 -0.13628
1950.0 2650.0 -0.15363
2050.0 2650.0 -0.27222
2150.0 2650.0 -0.45206
2250.0 2650.0 -0.73483
2350.0 2650.0 -0.97276
2450.0 2650.0 -0.98331
2550.0 2650.0 -0.73001
2650.0 2650.0 -0.34149
2750.0 2650.0 0.03094
2850.0 2650.0 0.38185
2950.0 2650.0 0.62712
3050.0 2650.0 0.64353
3150.0 2650.0 0.42804
3250.0 2650.0 0.12718
3350.0 2650.0 -0.06411
3450.0 2650.0 -0.13334
3550.0 2650.0 -0.35402
3650.0 2650.0 -0.70931
3750.0 2650.0 -0.93084
3850.0 2650.0 -0.82236
3950.0 2650.0 -0.40187
4050.0 2650.0 0.14779
4150.0 2650.0 0.66300
4250.0 2650.0 0.87648
4350.0 2650.0 0.63904
4450.0 2650.0 0.08696
4550.0 2650.0 -0.45618
4650.0 2650.0 -0.66237
4750.0 2650.0 -0.46544
4850.0 2650.0 -0.25687
4950.0 2650.0 -0.29629
5050.0 2650.0 -0.48078
5150.0 2650.0 -0.58842
5250.0 2650.0 -0.45181
5350.0 2650.0 -0.04901
5450.0 2650.0 0.49151
5550.0 2650.0 1.05116
5650.0 2650.0 1.46559
5750.0 2650.0 1.52056
5850.0 2650.0 1.20008
5950.0 2650.0 0.73391
6050.0 2650.0 0.41787
6150.0 2650.0 0.23370
6250.0 2650.0 -0.06974
6350.0 2650.0 -0.41278
50.0 2750.0 0.07560
150.0 2750.0 0.09912
250.0 2750.0 0.18144
350.0 2750.0 0.27466
450.0 2750.0 0.30870
550.0 2750.0 0.25275
650.0 2750.0 0.13056
750.0 2750.0 -0.00954
850.0 2750.0 -0.10549
950.0 2750.0 -0.09323
1050.0 2750.0 0.00960
1150.0 2750.0 0.12990
1250.0 2750.0 0.18360
1350.0 2750.0 0.12774
1450.0 2750.0 0.01833
1550.0 2750.0 -0.01580
1650.0 2750.0 0.05633
1750.0 2750.0 0.17397
1850.0 2750.0 0.24956
1950.0 2750.0 0.22107
2050.0 2750.0 0.09103
2150.0 2750.0 -0.10628
2250.0 2750.0 -0.43906
2350.0 2750.0 -0.75776
2450.0 2750.0 -0.85447
2550.0 2750.0 -0.66477
2650.0 2750.0 -0.30275
2750.0 2750.0 0.07074
2850.0 2750.0 0.43051
2950.0 2750.0 0.69374
3050.0 2750.0 0.73274
3150.0 2750.0 0.53646
3250.0 2750.0 0.24573
3350.0 2750.0 0.05516
3450.0 2750.0 -0.01917
3550.0 2750.0 -0.27687
3650.0 2750.0 -0.72350
3750.0 2750.0 -1.06899
3850.0 2750.0 -1.07564
3950.0 2750.0 -0.72529
4050.0 2750.0 -0.19268
4150.0 2750.0 0.33636
4250.0 2750.0 0.64545
4350.0 2750.0 0.60657
4450.0 2750.0 0.30364
4550.0 2750.0 -0.02146
4650.0 2750.0 -0.10496
4750.0 2750.0 0.12121
4850.0 2750.0 0.30985
4950.0 2750.0 0.14270
5050.0 2750.0 -0.27317
5150.0 2750.0 -0.64391
5250.0 2750.0 -0.71200
5350.0 2750.0 -0.39944
5450.0 2750.0 0.13321
5550.0 2750.0 0.68978
5650.0 2750.0 1.09403
5750.0 2750.0 1.13200
5850.0 2750.0 0.79203
5950.0 2750.0 0.30983
6050.0 2750.0 -0.01510
6150.0 2750.0 -0.20230
6250.0 2750.0 -0.48652
6350.0 2750.0 -0.77633
50.0 2850.0 0.50657
150.0 2850.0 0.53492
250.0 2850.0 0.58656
350.0 2850.0 0.61145
450.0 2850.0 0.56184
550.0 2850.0 0.43823
650.0 2850.0 0.28655
750.0 2850.0 0.14769
850.0 2850.0 0.06374
950.0 2850.0 0.10827
1050.0 2850.0 0.26445
1150.0 2850.0 0.44749
1250.0 2850.0 0.55563
1350.0 2850.0 0.53362
1450.0 2850.0 0.44489
1550.0 2850.0 0.42317
1650.0 2850.0 0.49324
1750.0 2850.0 0.59673
1850.0 2850.0 0.65567
1950.0 2850.0 0.61944
2050.0 2850.0 0.49545
2150.0 2850.0 0.30146
2250.0 2850.0 -0.07298
2350.0 2850.0 -0.49072
2450.0 2850.0 -0.71951
2550.0 2850.0 -0.65092
2650.0 2850.0 -0.36063
2750.0 2850.0 -0.00994
2850.0 2850.0 0.34050
2950.0 2850.0 0.61228
3050.0 2850.0 0.67951
3150.0 2850.0 0.52123
3250.0 2850.0 0.26220
3350.0 2850.0 0.08482
3450.0 2850.0 0.00961
3550.0 2850.0 -0.26631
3650.0 2850.0 -0.76803
3750.0 2850.0 -1.20382
3850.0 2850.0 -1.31353
3950.0 2850.0 -1.04792
4050.0 2850.0 -0.56387
4150.0 2850.0 -0.05309
4250.0 2850.0 0.34138
4350.0 2850.0 0.51783
4450.0 2850.0 0.49333
4550.0 2850.0 0.40635
4650.0 2850.0 0.43992
4750.0 2850.0 0.66514
4850.0 2850.0 0.80544
4950.0 2850.0 0.51144
5050.0 2850.0 -0.09922
5150.0 2850.0 -0.67581
5250.0 2850.0 -0.89837
5350.0 2850.0 -0.65671
5450.0 2850.0 -0.13941
5550.0 2850.0 0.39972
5650.0 2850.0 0.77436
5750.0 2850.0 0.77817
5850.0 2850.0 0.41026
5950.0 2850.0 -0.08694
6050.0 2850.0 -0.41481
6150.0 2850.0 -0.59747
6250.0 2850.0 -0.84424
6350.0 2850.0 -1.04969
50.0 2950.0 0.84890
150.0 2950.0 0.91640
250.0 2950.0 0.95620
350.0 2950.0 0.90860
450.0 2950.0 0.75371
550.0 2950.0 0.53973
650.0 2950.0 0.35214
750.0 2950.0 0.22517
850.0 2950.0 0.14325
950.0 2950.0 0.16703
1050.0 2950.0 0.30683
1150.0 2950.0 0.50496
1250.0 2950.0 0.66602
1350.0 2950.0 0.71957
1450.0 2950.0 0.70917
1550.0 2950.0 0.74543
1650.0 2950.0 0.83235
1750.0 2950.0 0.91471
1850.0 2950.0 0.94016
1950.0 2950.0 0.89241
2050.0 2950.0 0.79596
2150.0 2950.0 0.63775
2250.0 2950.0 0.25246
2350.0 2950.0 -0.25799
2450.0 2950.0 -0.65212
2550.0 2950.0 -0.76771
2650.0 2950.0 -0.61316
2750.0 2950.0 -0.33123
2850.0 2950.0 -0.02610
2950.0 2950.0 0.24212
3050.0 2950.0 0.35876
3150.0 2950.0 0.28349
3250.0 2950.0 0.10041
3350.0 2950.0 -0.04423
3450.0 2950.0 -0.11957
3550.0 2950.0 -0.36920
3650.0 2950.0 -0.82348
3750.0 2950.0 -1.24159
3850.0 2950.0 -1.39807
3950.0 2950.0 -1.23643
4050.0 2950.0 -0.87657
4150.0 2950.0 -0.47122
4250.0 2950.0 -0.05206
4350.0 2950.0 0.31705
4450.0 2950.0 0.57286
4550.0 2950.0 0.72244
4650.0 2950.0 0.84140
4750.0 2950.0 0.99988
4850.0 2950.0 1.04017
4950.0 2950.0 0.65409
5050.0 2950.0 -0.02132
5150.0 2950.0 -0.62869
5250.0 2950.0 -0.86313
5350.0 2950.0 -0.64114
5450.0 2950.0 -0.16112
5550.0 2950.0 0.32852
5650.0 2950.0 0.64291
5750.0 2950.0 0.59483
5850.0 2950.0 0.19885
5950.0 2950.0 -0.30274
6050.0 2950.0 -0.62454
6150.0 2950.0 -0.79778
6250.0 2950.0 -0.99908
6350.0 2950.0 -1.10582
50.0 3050.0 0.93074
150.0 3050.0 1.07004
250.0 3050.0 1.13327
350.0 3050.0 1.04451
450.0 3050.0 0.80578
550.0 3050.0 0.51343
650.0 3050.0 0.29869
750.0 3050.0 0.19394
850.0 3050.0 0.10139
950.0 3050.0 0.04585
1050.0 3050.0 0.08930
1150.0 3050.0 0.24060
1250.0 3050.0 0.43824
1350.0 3050.0 0.59717
1450.0 3050.0 0.71319
1550.0 3050.0 0.84211
1650.0 3050.0 0.95305
1750.0 3050.0 0.99667
1850.0 3050.0 0.96372
1950.0 3050.0 0.89484
2050.0 3050.0 0.84248
2150.0 3050.0 0.75343
2250.0 3050.0 0.42223
2350.0 3050.0 -0.10027
2450.0 3050.0 -0.59820
2550.0 3050.0 -0.87747
2650.0 3050.0 -0.87593
2750.0 3050.0 -0.69650
2850.0 3050.0 -0.47081
2950.0 3050.0 -0.23119
3050.0 3050.0 -0.07143
3150.0 3050.0 -0.05147
3250.0 3050.0 -0.14007
3350.0 3050.0 -0.24288
3450.0 3050.0 -0.31773
3550.0 3050.0 -0.49511
3650.0 3050.0 -0.79276
3750.0 3050.0 -1.07011
3850.0 3050.0 -1.19509
3950.0 3050.0 -1.13401
4050.0 3050.0 -0.95644
4150.0 3050.0 -0.73450
4250.0 3050.0 -0.38110
4350.0 3050.0 0.07917
4450.0 3050.0 0.51432
4550.0 3050.0 0.81103
4650.0 3050.0 0.94139
4750.0 3050.0 0.96959
4850.0 3050.0 0.87260
4950.0 3050.0 0.45240
5050.0 3050.0 -0.12872
5150.0 3050.0 -0.56438
5250.0 3050.0 -0.64849
5350.0 3050.0 -0.38474
5450.0 3050.0 0.04125
5550.0 3050.0 0.46054
5650.0 3050.0 0.70744
5750.0 3050.0 0.62012
5850.0 3050.0 0.22349
5950.0 3050.0 -0.25505
6050.0 3050.0 -0.55719
6150.0 3050.0 -0.71888
6250.0 3050.0 -0.89271
6350.0 3050.0 -0.94531
50.0 3150.0 0.71199
150.0 3150.0 0.93387
250.0 3150.0 1.05331
350.0 3150.0 0.97673
450.0 3150.0 0.71243
550.0 3150.0 0.38657
650.0 3150.0 0.16574
750.0 3150.0 0.08684
850.0 3150.0 -0.02436
950.0 3150.0 -0.18843
1050.0 3150.0 -0.28438
1150.0 3150.0 -0.22050
1250.0 3150.0 -0.00985
1350.0 3150.0 0.25230
1450.0 3150.0 0.50235
1550.0 3150.0 0.72485
1650.0 3150.0 0.84894
1750.0 3150.0 0.83466
1850.0 3150.0 0.72423
1950.0 3150.0 0.62374
2050.0 3150.0 0.61620
2150.0 3150.0 0.61030
2250.0 3150.0 0.39807
2350.0 3150.0 -0.01894
2450.0 3150.0 -0.48681
2550.0 3150.0 -0.82488
2650.0 3150.0 -0.92889
2750.0 3150.0 -0.85092
2850.0 3150.0 -0.71580
2950.0 3150.0 -0.52952
3050.0 3150.0 -0.36092
3150.0 3150.0 -0.27901
3250.0 3150.0 -0.29573
3350.0 3150.0 -0.36526
3450.0 3150.0 -0.43958
3550.0 3150.0 -0.52514
3650.0 3150.0 -0.61596
3750.0 3150.0 -0.68713
3850.0 3150.0 -0.72471
3950.0 3150.0 -0.73661
4050.0 3150.0 -0.74362
4150.0 3150.0 -0.72472
4250.0 3150.0 -0.50679
4350.0 3150.0 -0.08628
4450.0 3150.0 0.36972
4550.0 3150.0 0.67689
4650.0 3150.0 0.74082
4750.0 3150.0 0.61661
4850.0 3150.0 0.38456
4950.0 3150.0 -0.02034
5050.0 3150.0 -0.41167
5150.0 3150.0 -0.56505
5250.0 3150.0 -0.41302
5350.0 3150.0 -0.07173
5450.0 3150.0 0.29968
5550.0 3150.0 0.65345
5650.0 3150.0 0.85722
5750.0 3150.0 0.77079
5850.0 3150.0 0.41613
5950.0 3150.0 -0.00921
6050.0 3150.0 -0.28106
6150.0 3150.0 -0.43357
6250.0 3150.0 -0.61707
6350.0 3150.0 -0.70121
50.0 3250.0 0.34705
150.0 3250.0 0.63383
250.0 3250.0 0.81869
350.0 3250.0 0.79489
450.0 3250.0 0.56188
550.0 3250.0 0.25079
650.0 3250.0 0.04339
750.0 3250.0 -0.01493
850.0 3250.0 -0.14307
950.0 3250.0 -0.39723
1050.0 3250.0 -0.61157
1150.0 3250.0 -0.62858
1250.0 3250.0 -0.42038
1350.0 3250.0 -0.08720
1450.0 3250.0 0.25980
1550.0 3250.0 0.54299
1650.0 3250.0 0.65867
1750.0 3250.0 0.57816
1850.0 3250.0 0.38921
1950.0 3250.0 0.25254
2050.0 3250.0 0.27451
2150.0 3250.0 0.33771
2250.0 3250.0 0.26742
2350.0 3250.0 0.03390
2450.0 3250.0 -0.28529
2550.0 3250.0 -0.56201
2650.0 3250.0 -0.69107
2750.0 3250.0 -0.68002
2850.0 3250.0 -0.61686
2950.0 3250.0 -0.49239
3050.0 3250.0 -0.35462
3150.0 3250.0 -0.26732
3250.0 3250.0 -0.26061
3350.0 3250.0 -0.31724
3450.0 3250.0 -0.39154
3550.0 3250.0 -0.40426
3650.0 3250.0 -0.32839
3750.0 3250.0 -0.22682
3850.0 3250.0 -0.17910
3950.0 3250.0 -0.23043
4050.0 3250.0 -0.36801
4150.0 3250.0 -0.50181
4250.0 3250.0 -0.42373
4350.0 3250.0 -0.11835
4450.0 3250.0 0.24562
4550.0 3250.0 0.46831
4650.0 3250.0 0.43437
4750.0 3250.0 0.19060
4850.0 3250.0 -0.13693
4950.0 3250.0 -0.51735
5050.0 3250.0 -0.74741
5150.0 3250.0 -0.66957
5250.0 3250.0 -0.32594
5350.0 3250.0 0.08035
5450.0 3250.0 0.41295
5550.0 3250.0 0.72816
5650.0 3250.0 0.92848
5750.0 3250.0 0.88421
5850.0 3250.0 0.60158
5950.0 3250.0 0.24285
6050.0 3250.0 0.00212
6150.0 3250.0 -0.14646
6250.0 3250.0 -0.37167
6350.0 3250.0 -0.55817
50.0 3350.0 0.07418
150.0 3350.0 0.39035
250.0 3350.0 0.62113
350.0 3350.0 0.65433
450.0 3350.0 0.47489
550.0 3350.0 0.20200
650.0 3350.0 0.01466
750.0 3350.0 -0.03410
850.0 3350.0 -0.16886
950.0 3350.0 -0.45822
1050.0 3350.0 -0.71881
1150.0 3350.0 -0.76736
1250.0 3350.0 -0.55999
1350.0 3350.0 -0.19892
1450.0 3350.0 0.18538
1550.0 3350.0 0.48214
1650.0 3350.0 0.56985
1750.0 3350.0 0.43037
1850.0 3350.0 0.18034
1950.0 3350.0 0.01140
2050.0 3350.0 0.04065
2150.0 3350.0 0.13936
2250.0 3350.0 0.17906
2350.0 3350.0 0.12232
2450.0 3350.0 -0.01395
2550.0 3350.0 -0.16422
2650.0 3350.0 -0.25220
2750.0 3350.0 -0.26053
2850.0 3350.0 -0.23209
2950.0 3350.0 -0.15689
3050.0 3350.0 -0.07180
3150.0 3350.0 -0.02563
3250.0 3350.0 -0.04123
3350.0 3350.0 -0.10515
3450.0 3350.0 -0.18021
3550.0 3350.0 -0.16615
3650.0 3350.0 -0.02972
3750.0 3350.0 0.13284
3850.0 3350.0 0.20754
3950.0 3350.0 0.13665
4050.0 3350.0 -0.05328
4150.0 3350.0 -0.24959
4250.0 3350.0 -0.24851
4350.0 3350.0 -0.03464
4450.0 3350.0 0.23558
4550.0 3350.0 0.37559
4650.0 3350.0 0.27666
4750.0 3350.0 -0.01862
4850.0 3350.0 -0.38817
4950.0 3350.0 -0.78014
5050.0 3350.0 -0.98355
5150.0 3350.0 -0.85574
5250.0 3350.0 -0.46810
5350.0 3350.0 -0.04986
5450.0 3350.0 0.26661
5550.0 3350.0 0.57641
5650.0 3350.0 0.80495
5750.0 3350.0 0.82112
5850.0 3350.0 0.61060
5950.0 3350.0 0.30746
6050.0 3350.0 0.08853
6150.0 3350.0 -0.06117
6250.0 3350.0 -0.33633
6350.0 3350.0 -0.63992
50.0 3450.0 -0.04524
150.0 3450.0 0.27700
250.0 3450.0 0.53184
350.0 3450.0 0.60631
450.0 3450.0 0.47285
550.0 3450.0 0.23554
650.0 3450.0 0.06433
750.0 3450.0 0.01735
850.0 3450.0 -0.11590
950.0 3450.0 -0.40054
1050.0 3450.0 -0.65356
1150.0 3450.0 -0.69384
1250.0 3450.0 -0.48006
1350.0 3450.0 -0.11586
1450.0 3450.0 0.26861
1550.0 3450.0 0.55083
1650.0 3450.0 0.60208
1750.0 3450.0 0.41400
1850.0 3450.0 0.12016
1950.0 3450.0 -0.07358
2050.0 3450.0 -0.04821
2150.0 3450.0 0.06436
2250.0 3450.0 0.17914
2350.0 3450.0 0.26307
2450.0 3450.0 0.29093
2550.0 3450.0 0.27292
2650.0 3450.0 0.24842
2750.0 3450.0 0.24609
2850.0 3450.0 0.26271
2950.0 3450.0 0.30144
3050.0 3450.0 0.33073
3150.0 3450.0 0.31977
3250.0 3450.0 0.26424
3350.0 3450.0 0.18590
3450.0 3450.0 0.11102
3550.0 3450.0 0.11971
3650.0 3450.0 0.23885
3750.0 3450.0 0.37556
3850.0 3450.0 0.42428
3950.0 3450.0 0.33596
4050.0 3450.0 0.14024
4150.0 3450.0 -0.05927
4250.0 3450.0 -0.07723
4350.0 3450.0 0.09790
4450.0 3450.0 0.32012
4550.0 3450.0 0.41867
4650.0 3450.0 0.29692
4750.0 3450.0 -0.00326
4850.0 3450.0 -0.38293
4950.0 3450.0 -0.81795
5050.0 3450.0 -1.09595
5150.0 3450.0 -1.05231
5250.0 3450.0 -0.73092
5350.0 3450.0 -0.34399
5450.0 3450.0 -0.03341
5550.0 3450.0 0.28511
5650.0 3450.0 0.54923
5750.0 3450.0 0.62193
5850.0 3450.0 0.47028
5950.0 3450.0 0.20816
6050.0 3450.0 0.00339
6150.0 3450.0 -0.14893
6250.0 3450.0 -0.46575
6350.0 3450.0 -0.86610
50.0 3550.0 0.05648
150.0 3550.0 0.38532
250.0 3550.0 0.64508
350.0 3550.0 0.71843
450.0 3550.0 0.57609
550.0 3550.0 0.32537
650.0 3550.0 0.14229
750.0 3550.0 0.08767
850.0 3550.0 -0.04664
950.0 3550.0 -0.32170
1050.0 3550.0 -0.56224
1150.0 3550.0 -0.59727
1250.0 3550.0 -0.39085
1350.0 3550.0 -0.04467
1450.0 3550.0 0.31650
1550.0 3550.0 0.55880
1650.0 3550.0 0.55938
1750.0 3550.0 0.33460
1850.0 3550.0 0.03436
1950.0 3550.0 -0.13862
2050.0 3550.0 -0.08202
2150.0 3550.0 0.07702
2250.0 3550.0 0.31190
2350.0 3550.0 0.57810
2450.0 3550.0 0.78762
2550.0 3550.0 0.89015
2650.0 3550.0 0.90130
2750.0 3550.0 0.87759
2850.0 3550.0 0.85131
2950.0 3550.0 0.81971
3050.0 3550.0 0.77660
3150.0 3550.0 0.72184
3250.0 3550.0 0.66281
3350.0 3550.0 0.60928
3450.0 3550.0 0.56488
3550.0 3550.0 0.56566
3650.0 3550.0 0.61388
3750.0 3550.0 0.64644
3850.0 3550.0 0.60792
3950.0 3550.0 0.48886
4050.0 3550.0 0.32393
4150.0 3550.0 0.17323
4250.0 3550.0 0.17102
4350.0 3550.0 0.31563
4450.0 3550.0 0.47895
4550.0 3550.0 0.52482
4650.0 3550.0 0.38830
4750.0 3550.0 0.11497
4850.0 3550.0 -0.22492
4950.0 3550.0 -0.62393
5050.0 3550.0 -0.90212
5150.0 3550.0 -0.91214
5250.0 3550.0 -0.68076
5350.0 3550.0 -0.38089
5450.0 3550.0 -0.13593
5550.0 3550.0 0.12369
5650.0 3550.0 0.35411
5750.0 3550.0 0.43784
5850.0 3550.0 0.33629
5950.0 3550.0 0.13216
6050.0 3550.0 -0.04033
6150.0 3550.0 -0.18125
6250.0 3550.0 -0.49877
6350.0 3550.0 -0.92730
50.0 3650.0 0.41793
150.0 3650.0 0.75897
250.0 3650.0 1.00358
350.0 3650.0 1.02297
450.0 3650.0 0.79881
550.0 3650.0 0.46656
650.0 3650.0 0.23080
750.0 3650.0 0.15347
850.0 3650.0 0.01376
950.0 3650.0 -0.24395
1050.0 3650.0 -0.46374
1150.0 3650.0 -0.49778
1250.0 3650.0 -0.32025
1350.0 3650.0 -0.02570
1450.0 3650.0 0.27440
1550.0 3650.0 0.43455
1650.0 3650.0 0.35986
1750.0 3650.0 0.11796
1850.0 3650.0 -0.12457
1950.0 3650.0 -0.19694
2050.0 3650.0 -0.04566
2150.0 3650.0 0.21550
2250.0 3650.0 0.62541
2350.0 3650.0 1.09623
2450.0 3650.0 1.45476
2550.0 3650.0 1.60246
2650.0 3650.0 1.57067
2750.0 3650.0 1.47074
2850.0 3650.0 1.34618
2950.0 3650.0 1.19134
3050.0 3650.0 1.06054
3150.0 3650.0 1.00204
3250.0 3650.0 1.01668
3350.0 3650.0 1.06255
3450.0 3650.0 1.10296
3550.0 3650.0 1.10410
3650.0 3650.0 1.01975
3750.0 3650.0 0.85411
3850.0 3650.0 0.65937
3950.0 3650.0 0.50745
4050.0 3650.0 0.43938
4150.0 3650.0 0.42347
4250.0 3650.0 0.49148
4350.0 3650.0 0.61225
4450.0 3650.0 0.68950
4550.0 3650.0 0.65583
4650.0 3650.0 0.51303
4750.0 3650.0 0.31774
4850.0 3650.0 0.10329
4950.0 3650.0 -0.11402
5050.0 3650.0 -0.24608
5150.0 3650.0 -0.23748
5250.0 3650.0 -0.12358
5350.0 3650.0 -0.00379
5450.0 3650.0 0.06866
5550.0 3650.0 0.15103
5650.0 3650.0 0.23362
5750.0 3650.0 0.26214
5850.0 3650.0 0.21067
5950.0 3650.0 0.10565
6050.0 3650.0 0.00147
6150.0 3650.0 -0.10294
6250.0 3650.0 -0.34931
6350.0 3650.0 -0.68638
50.0 3750.0 0.78333
150.0 3750.0 1.14339
250.0 3750.0 1.37610
350.0 3750.0 1.33648
450.0 3750.0 1.01644
550.0 3750.0 0.58456
650.0 3750.0 0.28158
750.0 3750.0 0.17301
850.0 3750.0 0.02675
950.0 3750.0 -0.20309
1050.0 3750.0 -0.38839
1150.0 3750.0 -0.41561
1250.0 3750.0 -0.27499
1350.0 3750.0 -0.05180
1450.0 3750.0 0.16285
1550.0 3750.0 0.21346
1650.0 3750.0 0.04739
1750.0 3750.0 -0.19915
1850.0 3750.0 -0.34263
1950.0 3750.0 -0.26281
2050.0 3750.0 0.02421
2150.0 3750.0 0.41681
2250.0 3750.0 0.99384
2350.0 3750.0 1.59983
2450.0 3750.0 1.98648
2550.0 3750.0 2.04855
2650.0 3750.0 1.88217
2750.0 3750.0 1.66501
2850.0 3750.0 1.40971
2950.0 3750.0 1.11041
3050.0 3750.0 0.90315
3150.0 3750.0 0.88941
3250.0 3750.0 1.04414
3350.0 3750.0 1.24412
3450.0 3750.0 1.40550
3550.0 3750.0 1.42590
3650.0 3750.0 1.20544
3750.0 3750.0 0.83190
3850.0 3750.0 0.48531
3950.0 3750.0 0.33027
4050.0 3750.0 0.41064
4150.0 3750.0 0.58523
4250.0 3750.0 0.75850
4350.0 3750.0 0.85925
4450.0 3750.0 0.83221
4550.0 3750.0 0.70108
4650.0 3750.0 0.55720
4750.0 3750.0 0.47306
4850.0 3750.0 0.43997
4950.0 3750.0 0.50074
5050.0 3750.0 0.61312
5150.0 3750.0 0.69109
5250.0 3750.0 0.67271
5350.0 3750.0 0.55346
5450.0 3750.0 0.38440
5550.0 3750.0 0.21722
5650.0 3750.0 0.09134
5750.0 3750.0 0.04150
5850.0 3750.0 0.05981
5950.0 3750.0 0.09377
6050.0 3750.0 0.08555
6150.0 3750.0 0.03411
6250.0 3750.0 -0.09363
6350.0 3750.0 -0.25954
50.0 3850.0 0.88827
150.0 3850.0 1.27137
250.0 3850.0 1.51746
350.0 3850.0 1.46571
450.0 3850.0 1.10432
550.0 3850.0 0.61664
650.0 3850.0 0.26735
750.0 3850.0 0.13071
850.0 3850.0 -0.01927
950.0 3850.0 -0.21409
1050.0 3850.0 -0.35362
1150.0 3850.0 -0.36131
1250.0 3850.0 -0.24705
1350.0 3850.0 -0.08906
1450.0 3850.0 0.04379
1550.0 3850.0 -0.01124
1650.0 3850.0 -0.26660
1750.0 3850.0 -0.51993
1850.0 3850.0 -0.57071
1950.0 3850.0 -0.34641
2050.0 3850.0 0.07032
2150.0 3850.0 0.57943
2250.0 3850.0 1.25590
2350.0 3850.0 1.87444
2450.0 3850.0 2.14905
2550.0 3850.0 2.01493
2650.0 3850.0 1.66285
2750.0 3850.0 1.32576
2850.0 3850.0 0.94983
2950.0 3850.0 0.52981
3050.0 3850.0 0.27794
3150.0 3850.0 0.33754
3250.0 3850.0 0.64863
3350.0 3850.0 1.00492
3450.0 3850.0 1.28349
3550.0 3850.0 1.34179
3650.0 3850.0 1.04334
3750.0 3850.0 0.54432
3850.0 3850.0 0.12286
3950.0 3850.0 0.00958
4050.0 3850.0 0.24471
4150.0 3850.0 0.60175
4250.0 3850.0 0.87478
4350.0 3850.0 0.95414
4450.0 3850.0 0.82449
4550.0 3850.0 0.59767
4650.0 3850.0 0.45148
4750.0 3850.0 0.47359
4850.0 3850.0 0.61439
4950.0 3850.0 0.94240
5050.0 3850.0 1.29044
5150.0 3850.0 1.43656
5250.0 3850.0 1.29282
5350.0 3850.0 0.94521
5450.0 3850.0 0.54504
5550.0 3850.0 0.14577
5650.0 3850.0 -0.15869
5750.0 3850.0 -0.25229
5850.0 3850.0 -0.13589
5950.0 3850.0 0.05218
6050.0 3850.0 0.14272
6150.0 3850.0 0.14212
6250.0 3850.0 0.12762
6350.0 3850.0 0.12471
50.0 3950.0 0.63610
150.0 3950.0 1.04078
250.0 3950.0 1.33119
350.0 3950.0 1.33600
450.0 3950.0 1.02145
550.0 3950.0 0.55570
650.0 3950.0 0.20320
750.0 3950.0 0.05145
850.0 3950.0 -0.09729
950.0 3950.0 -0.25806
1050.0 3950.0 -0.35044
1150.0 3950.0 -0.32726
1250.0 3950.0 -0.21694
1350.0 3950.0 -0.09586
1450.0 3950.0 -0.01514
1550.0 3950.0 -0.14279
1650.0 3950.0 -0.46827
1750.0 3950.0 -0.74395
1850.0 3950.0 -0.75248
1950.0 3950.0 -0.44640
2050.0 3950.0 0.05027
2150.0 3950.0 0.62597
2250.0 3950.0 1.31817
2350.0 3950.0 1.85330
2450.0 3950.0 1.94823
2550.0 3950.0 1.60041
2650.0 3950.0 1.08616
2750.0 3950.0 0.66699
2850.0 3950.0 0.21702
2950.0 3950.0 -0.27006
3050.0 3950.0 -0.53477
3150.0 3950.0 -0.41216
3250.0 3950.0 0.01013
3350.0 3950.0 0.47029
3450.0 3950.0 0.82436
3550.0 3950.0 0.92671
3650.0 3950.0 0.63260
3750.0 3950.0 0.12972
3850.0 3950.0 -0.26671
3950.0 3950.0 -0.30748
4050.0 3950.0 0.03879
4150.0 3950.0 0.51093
4250.0 3950.0 0.84079
4350.0 3950.0 0.89307
4450.0 3950.0 0.68152
4550.0 3950.0 0.37954
4650.0 3950.0 0.22414
4750.0 3950.0 0.31230
4850.0 3950.0 0.56026
4950.0 3950.0 1.04320
5050.0 3950.0 1.51548
5150.0 3950.0 1.67677
5250.0 3950.0 1.43200
5350.0 3950.0 0.93018
5450.0 3950.0 0.38290
5550.0 3950.0 -0.15161
5650.0 3950.0 -0.53275
5750.0 3950.0 -0.59975
5850.0 3950.0 -0.36682
5950.0 3950.0 -0.04448
6050.0 3950.0 0.12058
6150.0 3950.0 0.15131
6250.0 3950.0 0.19462
6350.0 3950.0 0.26301
50.0 4050.0 0.13182
150.0 4050.0 0.55256
250.0 4050.0 0.90675
350.0 4050.0 1.01945
450.0 4050.0 0.82269
550.0 4050.0 0.44518
650.0 4050.0 0.12923
750.0 4050.0 -0.02293
850.0 4050.0 -0.16620
950.0 4050.0 -0.30056
1050.0 4050.0 -0.35398
1150.0 4050.0 -0.29585
1250.0 4050.0 -0.16849
1350.0 4050.0 -0.05147
1450.0 4050.0 0.01402
1550.0 4050.0 -0.14498
1650.0 4050.0 -0.51652
1750.0 4050.0 -0.83369
1850.0 4050.0 -0.86265
1950.0 4050.0 -0.55282
2050.0 4050.0 -0.03823
2150.0 4050.0 0.54972
2250.0 4050.0 1.20443
2350.0 4050.0 1.63522
2450.0 4050.0 1.58346
2550.0 4050.0 1.09652
2650.0 4050.0 0.49735
2750.0 4050.0 0.04978
2850.0 4050.0 -0.42015
2950.0 4050.0 -0.92270
3050.0 4050.0 -1.18552
3150.0 4050.0 -1.03931
3250.0 4050.0 -0.58145
3350.0 4050.0 -0.09038
3450.0 4050.0 0.28607
3550.0 4050.0 0.42421
3650.0 4050.0 0.19431
3750.0 4050.0 -0.22103
3850.0 4050.0 -0.52554
3950.0 4050.0 -0.49205
4050.0 4050.0 -0.09935
4150.0 4050.0 0.40385
4250.0 4050.0 0.73729
4350.0 4050.0 0.75599
4450.0 4050.0 0.48909
4550.0 4050.0 0.13821
4650.0 4050.0 -0.03470
4750.0 4050.0 0.06947
4850.0 4050.0 0.34084
4950.0 4050.0 0.83629
5050.0 4050.0 1.28974
5150.0 4050.0 1.39548
5250.0 4050.0 1.07651
5350.0 4050.0 0.51140
5450.0 4050.0 -0.07852
5550.0 4050.0 -0.63262
5650.0 4050.0 -0.97899
5750.0 4050.0 -0.95487
5850.0 4050.0 -0.60559
5950.0 4050.0 -0.18934
6050.0 4050.0 0.01498
6150.0 4050.0 0.05249
6250.0 4050.0 0.08337
6350.0 4050.0 0.10608
50.0 4150.0 -0.38641
150.0 4150.0 0.04076
250.0 4150.0 0.45054
350.0 4150.0 0.67093
450.0 4150.0 0.60298
550.0 4150.0 0.33203
650.0 4150.0 0.06978
750.0 4150.0 -0.07096
850.0 4150.0 -0.20126
950.0 4150.0 -0.30942
1050.0 4150.0 -0.32921
1150.0 4150.0 -0.24081
1250.0 4150.0 -0.09507
1350.0 4150.0 0.02700
1450.0 4150.0 0.09083
1550.0 4150.0 -0.08086
1650.0 4150.0 -0.48488
1750.0 4150.0 -0.85063
1850.0 4150.0 -0.93101
1950.0 4150.0 -0.66004
2050.0 4150.0 -0.16549
2150.0 4150.0 0.40242
2250.0 4150.0 1.00337
2350.0 4150.0 1.34813
2450.0 4150.0 1.20409
2550.0 4150.0 0.64771
2650.0 4150.0 0.01750
2750.0 4150.0 -0.43225
2850.0 4150.0 -0.89922
2950.0 4150.0 -1.39773
3050.0 4150.0 -1.65841
3150.0 4150.0 -1.51425
3250.0 4150.0 -1.06218
3350.0 4150.0 -0.57803
3450.0 4150.0 -0.20630
3550.0 4150.0 -0.03934
3650.0 4150.0 -0.18238
3750.0 4150.0 -0.47502
3850.0 4150.0 -0.66482
3950.0 4150.0 -0.56375
4050.0 4150.0 -0.16019
4150.0 4150.0 0.32971
4250.0 4150.0 0.63233
4350.0 4150.0 0.60254
4450.0 4150.0 0.28401
4550.0 4150.0 -0.10558
4650.0 4150.0 -0.29603
4750.0 4150.0 -0.19300
4850.0 4150.0 0.07045
4950.0 4150.0 0.52255
5050.0 4150.0 0.89976
5150.0 4150.0 0.92067
5250.0 4150.0 0.53744
5350.0 4150.0 -0.05430
5450.0 4150.0 -0.64376
5550.0 4150.0 -1.16808
5650.0 4150.0 -1.42976
5750.0 4150.0 -1.28376
5850.0 4150.0 -0.81626
5950.0 4150.0 -0.32390
6050.0 4150.0 -0.09832
6150.0 4150.0 -0.06797
6250.0 4150.0 -0.07923
6350.0 4150.0 -0.14635
50.0 4250.0 -0.54789
150.0 4250.0 -0.16522
250.0 4250.0 0.20779
350.0 4250.0 0.43060
450.0 4250.0 0.41929
550.0 4250.0 0.23969
650.0 4250.0 0.06226
750.0 4250.0 -0.01958
850.0 4250.0 -0.09134
950.0 4250.0 -0.14611
1050.0 4250.0 -0.13863
1150.0 4250.0 -0.05647
1250.0 4250.0 0.06402
1350.0 4250.0 0.16645
1450.0 4250.0 0.22353
1550.0 4250.0 0.06458
1650.0 4250.0 -0.32674
1750.0 4250.0 -0.72028
1850.0 4250.0 -0.88526
1950.0 4250.0 -0.73524
2050.0 4250.0 -0.36206
2150.0 4250.0 0.09064
2250.0 4250.0 0.59585
2350.0 4250.0 0.90788
2450.0 4250.0 0.81103
2550.0 4250.0 0.34880
2650.0 4250.0 -0.20383
2750.0 4250.0 -0.62486
2850.0 4250.0 -1.06760
2950.0 4250.0 -1.53949
3050.0 4250.0 -1.79628
3150.0 4250.0 -1.68623
3250.0 4250.0 -1.29674
3350.0 4250.0 -0.87759
3450.0 4250.0 -0.55758
3550.0 4250.0 -0.37309
3650.0 4250.0 -0.38808
3750.0 4250.0 -0.49619
3850.0 4250.0 -0.53363
3950.0 4250.0 -0.38098
4050.0 4250.0 -0.03373
4150.0 4250.0 0.35620
4250.0 4250.0 0.53355
4350.0 4250.0 0.37998
4450.0 4250.0 -0.01809
4550.0 4250.0 -0.42815
4650.0 4250.0 -0.60269
4750.0 4250.0 -0.48224
4850.0 4250.0 -0.21639
4950.0 4250.0 0.19632
5050.0 4250.0 0.49770
5150.0 4250.0 0.43644
5250.0 4250.0 -0.00196
5350.0 4250.0 -0.60440
5450.0 4250.0 -1.17362
5550.0 4250.0 -1.63331
5650.0 4250.0 -1.75658
5750.0 4250.0 -1.44053
5850.0 4250.0 -0.83488
5950.0 4250.0 -0.27898
6050.0 4250.0 -0.06316
6150.0 4250.0 -0.07237
6250.0 4250.0 -0.13904
6350.0 4250.0 -0.27502
50.0 4350.0 -0.26899
150.0 4350.0 0.00534
250.0 4350.0 0.22326
350.0 4350.0 0.31097
450.0 4350.0 0.25875
550.0 4350.0 0.14519
650.0 4350.0 0.08816
750.0 4350.0 0.12366
850.0 4350.0 0.16501
950.0 4350.0 0.19119
1050.0 4350.0 0.20868
1150.0 4350.0 0.22973
1250.0 4350.0 0.26418
1350.0 4350.0 0.31392
1450.0 4350.0 0.35874
1550.0 4350.0 0.25821
1650.0 4350.0 -0.02990
1750.0 4350.0 -0.37908
1850.0 4350.0 -0.62700
1950.0 4350.0 -0.67389
2050.0 4350.0 -0.54132
2150.0 4350.0 -0.32295
2250.0 4350.0 0.02540
2350.0 4350.0 0.35272
2450.0 4350.0 0.45420
2550.0 4350.0 0.27077
2650.0 4350.0 -0.07887
2750.0 4350.0 -0.43431
2850.0 4350.0 -0.82346
2950.0 4350.0 -1.22851
3050.0 4350.0 -1.45913
3150.0 4350.0 -1.40120
3250.0 4350.0 -1.12863
3350.0 4350.0 -0.84000
3450.0 4350.0 -0.62991
3550.0 4350.0 -0.45467
3650.0 4350.0 -0.32527
3750.0 4350.0 -0.22113
3850.0 4350.0 -0.10629
3950.0 4350.0 0.04865
4050.0 4350.0 0.24836
4150.0 4350.0 0.43374
4250.0 4350.0 0.39038
4350.0 4350.0 0.06440
4450.0 4350.0 -0.39240
4550.0 4350.0 -0.75278
4650.0 4350.0 -0.84435
4750.0 4350.0 -0.67883
4850.0 4350.0 -0.39458
4950.0 4350.0 -0.00260
5050.0 4350.0 0.24679
5150.0 4350.0 0.13219
5250.0 4350.0 -0.33089
5350.0 4350.0 -0.91627
5450.0 4350.0 -1.44086
5550.0 4350.0 -1.80799
5650.0 4350.0 -1.77184
5750.0 4350.0 -1.29320
5850.0 4350.0 -0.59154
5950.0 4350.0 -0.03235
6050.0 4350.0 0.12079
6150.0 4350.0 0.03243
6250.0 4350.0 -0.09664
6350.0 4350.0 -0.25412
50.0 4450.0 0.21292
150.0 4450.0 0.34808
250.0 4450.0 0.35038
350.0 4450.0 0.22935
450.0 4450.0 0.07993
550.0 4450.0 0.01218
650.0 4450.0 0.08832
750.0 4450.0 0.26805
850.0 4450.0 0.44547
950.0 4450.0 0.55716
1050.0 4450.0 0.56391
1150.0 4450.0 0.48526
1250.0 4450.0 0.39631
1350.0 4450.0 0.37481
1450.0 4450.0 0.40605
1550.0 4450.0 0.40456
1650.0 4450.0 0.30846
1750.0 4450.0 0.09957
1850.0 4450.0 -0.17338
1950.0 4450.0 -0.41860
2050.0 4450.0 -0.57425
2150.0 4450.0 -0.64774
2250.0 4450.0 -0.49719
2350.0 4450.0 -0.15602
2450.0 4450.0 0.18598
2550.0 4450.0 0.34429
2650.0 4450.0 0.24462
2750.0 4450.0 -0.02954
2850.0 4450.0 -0.34704
2950.0 4450.0 -0.64982
3050.0 4450.0 -0.81681
3150.0 4450.0 -0.79062
3250.0 4450.0 -0.63939
3350.0 4450.0 -0.50365
3450.0 4450.0 -0.43097
3550.0 4450.0 -0.29475
3650.0 4450.0 -0.05983
3750.0 4450.0 0.20409
3850.0 4450.0 0.40856
3950.0 4450.0 0.50303
4050.0 4450.0 0.50140
4150.0 4450.0 0.43668
4250.0 4450.0 0.15666
4350.0 4450.0 -0.30452
4450.0 4450.0 -0.73578
4550.0 4450.0 -0.94966
4650.0 4450.0 -0.89252
4750.0 4450.0 -0.66306
4850.0 4450.0 -0.34913
4950.0 4450.0 0.04849
5050.0 4450.0 0.28752
5150.0 4450.0 0.16698
5250.0 4450.0 -0.28058
5350.0 4450.0 -0.82467
5450.0 4450.0 -1.29274
5550.0 4450.0 -1.57413
5650.0 4450.0 -1.42932
5750.0 4450.0 -0.88151
5850.0 4450.0 -0.19334
5950.0 4450.0 0.28061
6050.0 4450.0 0.32671
6150.0 4450.0 0.14131
6250.0 4450.0 -0.04119
6350.0 4450.0 -0.17000
50.0 4550.0 0.54349
150.0 4550.0 0.55950
250.0 4550.0 0.37866
350.0 4550.0 0.08211
450.0 4550.0 -0.14645
550.0 4550.0 -0.17140
650.0 4550.0 0.02075
750.0 4550.0 0.32452
850.0 4550.0 0.61625
950.0 4550.0 0.79286
1050.0 4550.0 0.77729
1150.0 4550.0 0.59962
1250.0 4550.0 0.39541
1350.0 4550.0 0.30946
1450.0 4550.0 0.33069
1550.0 4550.0 0.43928
1650.0 4550.0 0.56848
1750.0 4550.0 0.56080
1850.0 4550.0 0.34039
1950.0 4550.0 -0.03108
2050.0 4550.0 -0.42390
2150.0 4550.0 -0.75191
2250.0 4550.0 -0.79559
2350.0 4550.0 -0.48933
2450.0 4550.0 0.00369
2550.0 4550.0 0.40991
2650.0 4550.0 0.50229
2750.0 4550.0 0.29493
2850.0 4550.0 0.04516
2950.0 4550.0 -0.14604
3050.0 4550.0 -0.21991
3150.0 4550.0 -0.18003
3250.0 4550.0 -0.10323
3350.0 4550.0 -0.08716
3450.0 4550.0 -0.13279
3550.0 4550.0 -0.05023
3650.0 4550.0 0.22116
3750.0 4550.0 0.54614
3850.0 4550.0 0.75459
3950.0 4550.0 0.75077
4050.0 4550.0 0.56310
4150.0 4550.0 0.28785
4250.0 4550.0 -0.15764
4350.0 4550.0 -0.65575
4450.0 4550.0 -0.96652
4550.0 4550.0 -0.96983
4650.0 4550.0 -0.73941
4750.0 4550.0 -0.44713
4850.0 4550.0 -0.10364
4950.0 4550.0 0.31747
5050.0 4550.0 0.57988
5150.0 4550.0 0.49012
5250.0 4550.0 0.08336
5350.0 4550.0 -0.41333
5450.0 4550.0 -0.83241
5550.0 4550.0 -1.06458
5650.0 4550.0 -0.90101
5750.0 4550.0 -0.40453
5850.0 4550.0 0.16141
5950.0 4550.0 0.48780
6050.0 4550.0 0.41772
6150.0 4550.0 0.14936
6250.0 4550.0 -0.06746
6350.0 4550.0 -0.14515
50.0 4650.0 0.45452
150.0 4650.0 0.41094
250.0 4650.0 0.15453
350.0 4650.0 -0.19542
450.0 4650.0 -0.41999
550.0 4650.0 -0.38547
650.0 4650.0 -0.11436
750.0 4650.0 0.25771
850.0 4650.0 0.60986
950.0 4650.0 0.81808
1050.0 4650.0 0.78555
1150.0 4650.0 0.54958
1250.0 4650.0 0.27993
1350.0 4650.0 0.15814
1450.0 4650.0 0.17565
1550.0 4650.0 0.36779
1650.0 4650.0 0.67690
1750.0 4650.0 0.85607
1850.0 4650.0 0.73619
1950.0 4650.0 0.34001
2050.0 4650.0 -0.17000
2150.0 4650.0 -0.64133
2250.0 4650.0 -0.83205
2350.0 4650.0 -0.62693
2450.0 4650.0 -0.15069
2550.0 4650.0 0.30826
2650.0 4650.0 0.46381
2750.0 4650.0 0.28695
2850.0 4650.0 0.08087
2950.0 4650.0 -0.02239
3050.0 4650.0 -0.00082
3150.0 4650.0 0.09481
3250.0 4650.0 0.16687
3350.0 4650.0 0.13247
3450.0 4650.0 0.02341
3550.0 4650.0 0.06268
3650.0 4650.0 0.31476
3750.0 4650.0 0.61780
3850.0 4650.0 0.77595
3950.0 4650.0 0.68606
4050.0 4650.0 0.38909
4150.0 4650.0 0.00523
4250.0 4650.0 -0.49045
4350.0 4650.0 -0.92743
4450.0 4650.0 -1.07274
4550.0 4650.0 -0.87637
4650.0 4650.0 -0.50637
4750.0 4650.0 -0.17228
4850.0 4650.0 0.18893
4950.0 4650.0 0.63116
5050.0 4650.0 0.92084
5150.0 4650.0 0.86396
5250.0 4650.0 0.49162
5350.0 4650.0 0.02584
5450.0 4650.0 -0.36696
5550.0 4650.0 -0.59361
5650.0 4650.0 -0.48375
5750.0 4650.0 -0.10953
5850.0 4650.0 0.29614
5950.0 4650.0 0.47970
6050.0 4650.0 0.32649
6150.0 4650.0 0.01322
6250.0 4650.0 -0.22068
6350.0 4650.0 -0.26776
50.0 4750.0 -0.03504
150.0 4750.0 -0.08023
250.0 4750.0 -0.30496
350.0 4750.0 -0.58390
450.0 4750.0 -0.71648
550.0 4750.0 -0.60003
650.0 4750.0 -0.28255
750.0 4750.0 0.10465
850.0 4750.0 0.46742
950.0 4750.0 0.68166
1050.0 4750.0 0.64700
1150.0 4750.0 0.40177
1250.0 4750.0 0.12136
1350.0 4750.0 -0.00644
1450.0 4750.0 0.01246
1550.0 4750.0 0.24788
1650.0 4750.0 0.65767
1750.0 4750.0 0.96219
1850.0 4750.0 0.94507
1950.0 4750.0 0.59551
2050.0 4750.0 0.07729
2150.0 4750.0 -0.42919
2250.0 4750.0 -0.71217
2350.0 4750.0 -0.65342
2450.0 4750.0 -0.33325
2550.0 4750.0 0.00898
2650.0 4750.0 0.11288
2750.0 4750.0 -0.06710
2850.0 4750.0 -0.25593
2950.0 4750.0 -0.30670
3050.0 4750.0 -0.20818
3150.0 4750.0 -0.03852
3250.0 4750.0 0.07960
3350.0 4750.0 0.05483
3450.0 4750.0 -0.06474
3550.0 4750.0 -0.04556
3650.0 4750.0 0.16929
3750.0 4750.0 0.42086
3850.0 4750.0 0.52464
3950.0 4750.0 0.39089
4050.0 4750.0 0.06683
4150.0 4750.0 -0.33033
4250.0 4750.0 -0.78751
4350.0 4750.0 -1.11516
4450.0 4750.0 -1.10901
4550.0 4750.0 -0.77253
4650.0 4750.0 -0.32166
4750.0 4750.0 0.02949
4850.0 4750.0 0.39412
4950.0 4750.0 0.84167
5050.0 4750.0 1.13895
5150.0 4750.0 1.09097
5250.0 4750.0 0.72704
5350.0 4750.0 0.26769
5450.0 4750.0 -0.12099
5550.0 4750.0 -0.36881
5650.0 4750.0 -0.33577
5750.0 4750.0 -0.08296
5850.0 4750.0 0.19482
5950.0 4750.0 0.28636
6050.0 4750.0 0.09685
6150.0 4750.0 -0.22529
6250.0 4750.0 -0.46909
6350.0 4750.0 -0.52678
50.0 4850.0 -0.52740
150.0 4850.0 -0.56350
250.0 4850.0 -0.73027
350.0 4850.0 -0.90343
450.0 4850.0 -0.91577
550.0 4850.0 -0.70609
650.0 4850.0 -0.34818
750.0 4850.0 0.03972
850.0 4850.0 0.39610
950.0 4850.0 0.59953
1050.0 4850.0 0.55365
1150.0 4850.0 0.30139
1250.0 4850.0 0.01999
1350.0 4850.0 -0.10441
1450.0 4850.0 -0.08032
1550.0 4850.0 0.16943
1650.0 4850.0 0.61274
1750.0 4850.0 0.96944
1850.0 4850.0 1.01153
1950.0 4850.0 0.71174
2050.0 4850.0 0.22503
2150.0 4850.0 -0.26728
2250.0 4850.0 -0.59717
2350.0 4850.0 -0.66032
2450.0 4850.0 -0.50184
2550.0 4850.0 -0.30238
2650.0 4850.0 -0.27381
2750.0 4850.0 -0.46485
2850.0 4850.0 -0.64677
2950.0 4850.0 -0.66896
3050.0 4850.0 -0.52266
3150.0 4850.0 -0.30061
3250.0 4850.0 -0.14282
3350.0 4850.0 -0.15033
3450.0 4850.0 -0.26781
3550.0 4850.0 -0.26817
3650.0 4850.0 -0.10380
3750.0 4850.0 0.08586
3850.0 4850.0 0.14300
3950.0 4850.0 -0.00510
4050.0 4850.0 -0.31335
4150.0 4850.0 -0.67652
4250.0 4850.0 -1.04316
4350.0 4850.0 -1.22495
4450.0 4850.0 -1.06678
4550.0 4850.0 -0.62376
4650.0 4850.0 -0.13584
4750.0 4850.0 0.20076
4850.0 4850.0 0.53723
4950.0 4850.0 0.94843
5050.0 4850.0 1.21619
5150.0 4850.0 1.15991
5250.0 4850.0 0.80943
5350.0 4850.0 0.37267
5450.0 4850.0 0.00388
5550.0 4850.0 -0.24899
5650.0 4850.0 -0.27077
5750.0 4850.0 -0.10651
5850.0 4850.0 0.08595
5950.0 4850.0 0.13029
6050.0 4850.0 -0.05672
6150.0 4850.0 -0.35390
6250.0 4850.0 -0.57964
6350.0 4850.0 -0.64031
50.0 4950.0 -0.68988
150.0 4950.0 -0.72522
250.0 4950.0 -0.83605
350.0 4950.0 -0.90033
450.0 4950.0 -0.78915
550.0 4950.0 -0.48772
650.0 4950.0 -0.09771
750.0 4950.0 0.27796
850.0 4950.0 0.60534
950.0 4950.0 0.76071
1050.0 4950.0 0.66579
1150.0 4950.0 0.38389
1250.0 4950.0 0.09982
1350.0 4950.0 -0.00818
1450.0 4950.0 0.03186
1550.0 4950.0 0.23278
1650.0 4950.0 0.55366
1750.0 4950.0 0.78044
1850.0 4950.0 0.75548
1950.0 4950.0 0.48233
2050.0 4950.0 0.09287
2150.0 4950.0 -0.28912
2250.0 4950.0 -0.54450
2350.0 4950.0 -0.60869
2450.0 4950.0 -0.52895
2550.0 4950.0 -0.43997
2650.0 4950.0 -0.48631
2750.0 4950.0 -0.69165
2850.0 4950.0 -0.88179
2950.0 4950.0 -0.92597
3050.0 4950.0 -0.80877
3150.0 4950.0 -0.61089
3250.0 4950.0 -0.46368
3350.0 4950.0 -0.46754
3450.0 4950.0 -0.57731
3550.0 4950.0 -0.61662
3650.0 4950.0 -0.54724
3750.0 4950.0 -0.44918
3850.0 4950.0 -0.42133
3950.0 4950.0 -0.51769
4050.0 4950.0 -0.71985
4150.0 4950.0 -0.95104
4250.0 4950.0 -1.11230
4350.0 4950.0 -1.06546
4450.0 4950.0 -0.75865
4550.0 4950.0 -0.29899
4650.0 4950.0 0.10474
4750.0 4950.0 0.33003
4850.0 4950.0 0.53782
4950.0 4950.0 0.78723
5050.0 4950.0 0.92903
5150.0 4950.0 0.84578
5250.0 4950.0 0.56602
5350.0 4950.0 0.23730
5450.0 4950.0 -0.03740
5550.0 4950.0 -0.22710
5650.0 4950.0 -0.23797
5750.0 4950.0 -0.09069
5850.0 4950.0 0.09936
5950.0 4950.0 0.18875
6050.0 4950.0 0.09883
6150.0 4950.0 -0.07819
6250.0 4950.0 -0.18509
6350.0 4950.0 -0.17815
50.0 5050.0 -0.47378
150.0 5050.0 -0.52144
250.0 5050.0 -0.60559
350.0 5050.0 -0.60716
450.0 5050.0 -0.42519
550.0 5050.0 -0.07715
650.0 5050.0 0.31724
750.0 5050.0 0.66665
850.0 5050.0 0.94779
950.0 5050.0 1.03280
1050.0 5050.0 0.87262
1150.0 5050.0 0.55941
1250.0 5050.0 0.28455
1350.0 5050.0 0.20970
1450.0 5050.0 0.27661
1550.0 5050.0 0.38063
1650.0 5050.0 0.45970
1750.0 5050.0 0.42156
1850.0 5050.0 0.24374
1950.0 5050.0 -0.00534
2050.0 5050.0 -0.23181
2150.0 5050.0 -0.41317
2250.0 5050.0 -0.47608
2350.0 5050.0 -0.41945
2450.0 5050.0 -0.33012
2550.0 5050.0 -0.31245
2650.0 5050.0 -0.42880
2750.0 5050.0 -0.65085
2850.0 5050.0 -0.86119
2950.0 5050.0 -0.96635
3050.0 5050.0 -0.93671
3150.0 5050.0 -0.82031
3250.0 5050.0 -0.72028
3350.0 5050.0 -0.72916
3450.0 5050.0 -0.82568
3550.0 5050.0 -0.91984
3650.0 5050.0 -0.98111
3750.0 5050.0 -0.99416
3850.0 5050.0 -0.97165
3950.0 5050.0 -0.94976
4050.0 5050.0 -0.96032
4150.0 5050.0 -0.97146
4250.0 5050.0 -0.84761
4350.0 5050.0 -0.55207
4450.0 5050.0 -0.17066
4550.0 5050.0 0.16095
4650.0 5050.0 0.33483
4750.0 5050.0 0.35298
4850.0 5050.0 0.34185
4950.0 5050.0 0.32825
5050.0 5050.0 0.28129
5150.0 5050.0 0.18378
5250.0 5050.0 0.05108
5350.0 5050.0 -0.08000
5450.0 5050.0 -0.19084
5550.0 5050.0 -0.26271
5650.0 5050.0 -0.22852
5750.0 5050.0 -0.07172
5850.0 5050.0 0.15298
5950.0 5050.0 0.34638
6050.0 5050.0 0.43290
6150.0 5050.0 0.46478
6250.0 5050.0 0.57385
6350.0 5050.0 0.72155
50.0 5150.0 -0.06161
150.0 5150.0 -0.13220
250.0 5150.0 -0.23416
350.0 5150.0 -0.25110
450.0 5150.0 -0.08723
550.0 5150.0 0.23671
650.0 5150.0 0.60130
750.0 5150.0 0.91811
850.0 5150.0 1.15352
950.0 5150.0 1.17895
1050.0 5150.0 0.97470
1150.0 5150.0 0.65578
1250.0 5150.0 0.41127
1350.0 5150.0 0.38030
1450.0 5150.0 0.47820
1550.0 5150.0 0.48697
1650.0 5150.0 0.32734
1750.0 5150.0 0.03502
1850.0 5150.0 -0.27573
1950.0 5150.0 -0.47596
2050.0 5150.0 -0.51596
2150.0 5150.0 -0.47173
2250.0 5150.0 -0.30443
2350.0 5150.0 -0.08218
2450.0 5150.0 0.05501
2550.0 5150.0 0.02395
2650.0 5150.0 -0.15504
2750.0 5150.0 -0.39361
2850.0 5150.0 -0.62450
2950.0 5150.0 -0.79008
3050.0 5150.0 -0.84586
3150.0 5150.0 -0.80731
3250.0 5150.0 -0.75046
3350.0 5150.0 -0.76127
3450.0 5150.0 -0.84265
3550.0 5150.0 -0.99299
3650.0 5150.0 -1.18660
3750.0 5150.0 -1.30498
3850.0 5150.0 -1.27097
3950.0 5150.0 -1.10655
4050.0 5150.0 -0.90096
4150.0 5150.0 -0.67301
4250.0 5150.0 -0.27948
4350.0 5150.0 0.19354
4450.0 5150.0 0.53472
4550.0 5150.0 0.61811
4650.0 5150.0 0.47956
4750.0 5150.0 0.25754
4850.0 5150.0 0.00811
4950.0 5150.0 -0.27434
5050.0 5150.0 -0.49041
5150.0 5150.0 -0.55845
5250.0 5150.0 -0.49294
5350.0 5150.0 -0.38921
5450.0 5150.0 -0.31684
5550.0 5150.0 -0.26828
5650.0 5150.0 -0.21634
5750.0 5150.0 -0.09694
5850.0 5150.0 0.11834
5950.0 5150.0 0.39518
6050.0 5150.0 0.66737
6150.0 5150.0 0.93181
6250.0 5150.0 1.28691
6350.0 5150.0 1.60468
50.0 5250.0 0.24437
150.0 5250.0 0.14938
250.0 5250.0 -0.00146
350.0 5250.0 -0.09338
450.0 5250.0 -0.01524
550.0 5250.0 0.23384
650.0 5250.0 0.54990
750.0 5250.0 0.83928
850.0 5250.0 1.04643
950.0 5250.0 1.04841
1050.0 5250.0 0.84428
1150.0 5250.0 0.55556
1250.0 5250.0 0.35817
1350.0 5250.0 0.36911
1450.0 5250.0 0.49286
1550.0 5250.0 0.45545
1650.0 5250.0 0.17758
1750.0 5250.0 -0.22312
1850.0 5250.0 -0.55651
1950.0 5250.0 -0.67220
2050.0 5250.0 -0.55833
2150.0 5250.0 -0.34306
2250.0 5250.0 -0.00988
2350.0 5250.0 0.31929
2450.0 5250.0 0.46953
2550.0 5250.0 0.38182
2650.0 5250.0 0.14526
2750.0 5250.0 -0.10722
2850.0 5250.0 -0.34744
2950.0 5250.0 -0.53474
3050.0 5250.0 -0.61608
3150.0 5250.0 -0.59471
3250.0 5250.0 -0.54004
3350.0 5250.0 -0.54023
3450.0 5250.0 -0.60932
3550.0 5250.0 -0.80213
3650.0 5250.0 -1.09559
3750.0 5250.0 -1.29256
3850.0 5250.0 -1.24786
3950.0 5250.0 -0.97316
4050.0 5250.0 -0.60184
4150.0 5250.0 -0.19507
4250.0 5250.0 0.36979
4350.0 5250.0 0.90539
4450.0 5250.0 1.12468
4550.0 5250.0 0.93987
4650.0 5250.0 0.52021
4750.0 5250.0 0.10714
4850.0 5250.0 -0.31864
4950.0 5250.0 -0.77919
5050.0 5250.0 -1.07688
5150.0 5250.0 -1.06925
5250.0 5250.0 -0.81143
5350.0 5250.0 -0.51036
5450.0 5250.0 -0.29684
5550.0 5250.0 -0.17765
5650.0 5250.0 -0.17775
5750.0 5250.0 -0.18440
5850.0 5250.0 -0.07365
5950.0 5250.0 0.20164
6050.0 5250.0 0.59462
6150.0 5250.0 1.03680
6250.0 5250.0 1.58363
6350.0 5250.0 2.03947
50.0 5350.0 0.20221
150.0 5350.0 0.09149
250.0 5350.0 -0.10696
350.0 5350.0 -0.27872
450.0 5350.0 -0.29160
550.0 5350.0 -0.11722
650.0 5350.0 0.15850
750.0 5350.0 0.43414
850.0 5350.0 0.63716
950.0 5350.0 0.65567
1050.0 5350.0 0.49245
1150.0 5350.0 0.25857
1250.0 5350.0 0.11050
1350.0 5350.0 0.14971
1450.0 5350.0 0.28792
1550.0 5350.0 0.27175
1650.0 5350.0 0.04214
1750.0 5350.0 -0.27235
1850.0 5350.0 -0.49323
1950.0 5350.0 -0.49920
2050.0 5350.0 -0.30114
2150.0 5350.0 -0.01694
2250.0 5350.0 0.35327
2350.0 5350.0 0.66126
2450.0 5350.0 0.73679
2550.0 5350.0 0.55842
2650.0 5350.0 0.26400
2750.0 5350.0 0.00108
2850.0 5350.0 -0.23233
2950.0 5350.0 -0.38737
3050.0 5350.0 -0.41218
3150.0 5350.0 -0.32621
3250.0 5350.0 -0.21999
3350.0 5350.0 -0.19499
3450.0 5350.0 -0.25773
3550.0 5350.0 -0.47234
3650.0 5350.0 -0.81817
3750.0 5350.0 -1.06195
3850.0 5350.0 -1.02471
3950.0 5350.0 -0.70977
4050.0 5350.0 -0.26860
4150.0 5350.0 0.21278
4250.0 5350.0 0.82611
4350.0 5350.0 1.33452
4450.0 5350.0 1.43320
4550.0 5350.0 1.07373
4650.0 5350.0 0.50069
4750.0 5350.0 -0.00081
4850.0 5350.0 -0.49606
4950.0 5350.0 -1.00094
5050.0 5350.0 -1.27691
5150.0 5350.0 -1.17282
5250.0 5350.0 -0.78279
5350.0 5350.0 -0.37483
5450.0 5350.0 -0.09896
5550.0 5350.0 0.01810
5650.0 5350.0 -0.10473
5750.0 5350.0 -0.31477
5850.0 5350.0 -0.39792
5950.0 5350.0 -0.22304
6050.0 5350.0 0.18993
6150.0 5350.0 0.70874
6250.0 5350.0 1.34034
6350.0 5350.0 1.85949
50.0 5450.0 -0.12195
150.0 5450.0 -0.23974
250.0 5450.0 -0.46945
350.0 5450.0 -0.69634
450.0 5450.0 -0.77184
550.0 5450.0 -0.64692
650.0 5450.0 -0.39455
750.0 5450.0 -0.12231
850.0 5450.0 0.09110
950.0 5450.0 0.14743
1050.0 5450.0 0.04378
1150.0 5450.0 -0.12788
1250.0 5450.0 -0.23183
1350.0 5450.0 -0.17624
1450.0 5450.0 -0.03214
1550.0 5450.0 0.01328
1650.0 5450.0 -0.06791
1750.0 5450.0 -0.18190
1850.0 5450.0 -0.21572
1950.0 5450.0 -0.10627
2050.0 5450.0 0.12440
2150.0 5450.0 0.40549
2250.0 5450.0 0.71878
2350.0 5450.0 0.90900
2450.0 5450.0 0.84060
2550.0 5450.0 0.54195
2650.0 5450.0 0.18730
2750.0 5450.0 -0.08297
2850.0 5450.0 -0.29817
2950.0 5450.0 -0.38606
3050.0 5450.0 -0.30284
3150.0 5450.0 -0.10225
3250.0 5450.0 0.08723
3350.0 5450.0 0.14489
3450.0 5450.0 0.08369
3550.0 5450.0 -0.13971
3650.0 5450.0 -0.50788
3750.0 5450.0 -0.78046
3850.0 5450.0 -0.76743
3950.0 5450.0 -0.46395
4050.0 5450.0 -0.02102
4150.0 5450.0 0.46348
4250.0 5450.0 1.05438
4350.0 5450.0 1.50533
4450.0 5450.0 1.52568
4550.0 5450.0 1.09347
4650.0 5450.0 0.47698
4750.0 5450.0 -0.03639
4850.0 5450.0 -0.52700
4950.0 5450.0 -0.99095
5050.0 5450.0 -1.18881
5150.0 5450.0 -0.99220
5250.0 5450.0 -0.52660
5350.0 5450.0 -0.08152
5450.0 5450.0 0.20114
5550.0 5450.0 0.27044
5650.0 5450.0 -0.00883
5750.0 5450.0 -0.45339
5850.0 5450.0 -0.77049
5950.0 5450.0 -0.75067
6050.0 5450.0 -0.38417
6150.0 5450.0 0.13947
6250.0 5450.0 0.77743
6350.0 5450.0 1.30133
50.0 5550.0 -0.27024
150.0 5550.0 -0.41693
250.0 5550.0 -0.70085
350.0 5550.0 -1.00584
450.0 5550.0 -1.16550
550.0 5550.0 -1.10969
650.0 5550.0 -0.89905
750.0 5550.0 -0.64825
850.0 5550.0 -0.43382
950.0 5550.0 -0.32498
1050.0 5550.0 -0.32956
1150.0 5550.0 -0.38871
1250.0 5550.0 -0.40836
1350.0 5550.0 -0.32068
1450.0 5550.0 -0.17192
1550.0 5550.0 -0.09198
1650.0 5550.0 -0.08726
1750.0 5550.0 -0.07950
1850.0 5550.0 0.00755
1950.0 5550.0 0.19996
2050.0 5550.0 0.46466
2150.0 5550.0 0.74830
2250.0 5550.0 0.98422
2350.0 5550.0 1.01787
2450.0 5550.0 0.77332
2550.0 5550.0 0.34881
2650.0 5550.0 -0.04109
2750.0 5550.0 -0.27615
2850.0 5550.0 -0.42043
2950.0 5550.0 -0.37778
3050.0 5550.0 -0.13546
3150.0 5550.0 0.19927
3250.0 5550.0 0.46146
3350.0 5550.0 0.53016
3450.0 5550.0 0.45233
3550.0 5550.0 0.20924
3650.0 5550.0 -0.17682
3750.0 5550.0 -0.45905
3850.0 5550.0 -0.44567
3950.0 5550.0 -0.13662
4050.0 5550.0 0.31006
4150.0 5550.0 0.78959
4250.0 5550.0 1.33201
4350.0 5550.0 1.69264
4450.0 5550.0 1.61926
4550.0 5550.0 1.12943
4650.0 5550.0 0.50897
4750.0 5550.0 0.03073
4850.0 5550.0 -0.41262
4950.0 5550.0 -0.81518
5050.0 5550.0 -0.94736
5150.0 5550.0 -0.69584
5250.0 5550.0 -0.19392
5350.0 5550.0 0.27219
5450.0 5550.0 0.56925
5550.0 5550.0 0.60410
5650.0 5550.0 0.18011
5750.0 5550.0 -0.50153
5850.0 5550.0 -1.07442
5950.0 5550.0 -1.24323
6050.0 5550.0 -0.95486
6150.0 5550.0 -0.45649
6250.0 5550.0 0.13189
6350.0 5550.0 0.59254
50.0 5650.0 -0.04147
150.0 5650.0 -0.26029
250.0 5650.0 -0.62707
350.0 5650.0 -1.02237
450.0 5650.0 -1.27053
550.0 5650.0 -1.29353
650.0 5650.0 -1.14992
750.0 5650.0 -0.95897
850.0 5650.0 -0.77506
950.0 5650.0 -0.61627
1050.0 5650.0 -0.48726
1150.0 5650.0 -0.37538
1250.0 5650.0 -0.25691
1350.0 5650.0 -0.11285
1450.0 5650.0 0.03928
1550.0 5650.0 0.08899
1650.0 5650.0 0.02878
1750.0 5650.0 -0.02941
1850.0 5650.0 0.02485
1950.0 5650.0 0.23089
2050.0 5650.0 0.54253
2150.0 5650.0 0.85752
2250.0 5650.0 1.01043
2350.0 5650.0 0.86158
2450.0 5650.0 0.43044
2550.0 5650.0 -0.08974
2650.0 5650.0 -0.44383
2750.0 5650.0 -0.55233
2850.0 5650.0 -0.52635
2950.0 5650.0 -0.26218
3050.0 5650.0 0.17874
3150.0 5650.0 0.61721
3250.0 5650.0 0.87873
3350.0 5650.0 0.89389
3450.0 5650.0 0.76108
3550.0 5650.0 0.47213
3650.0 5650.0 0.06956
3750.0 5650.0 -0.18853
3850.0 5650.0 -0.12276
3950.0 5650.0 0.23586
4050.0 5650.0 0.70316
4150.0 5650.0 1.17529
4250.0 5650.0 1.63496
4350.0 5650.0 1.85634
4450.0 5650.0 1.66656
4550.0 5650.0 1.14661
4650.0 5650.0 0.59227
4750.0 5650.0 0.23477
4850.0 5650.0 -0.08788
4950.0 5650.0 -0.41146
5050.0 5650.0 -0.53055
5150.0 5650.0 -0.31974
5250.0 5650.0 0.13364
5350.0 5650.0 0.59465
5450.0 5650.0 0.93272
5550.0 5650.0 0.98665
5650.0 5650.0 0.49989
5750.0 5650.0 -0.34276
5850.0 5650.0 -1.13434
5950.0 5650.0 -1.50120
6050.0 5650.0 -1.32832
6150.0 5650.0 -0.90394
6250.0 5650.0 -0.46381
6350.0 5650.0 -0.18927
50.0 5750.0 0.37859
150.0 5750.0 0.06387
250.0 5750.0 -0.36848
350.0 5750.0 -0.79490
450.0 5750.0 -1.05732
550.0 5750.0 -1.10545
650.0 5750.0 -1.01944
750.0 5750.0 -0.91344
850.0 5750.0 -0.79703
950.0 5750.0 -0.63702
1050.0 5750.0 -0.42115
1150.0 5750.0 -0.16921
1250.0 5750.0 0.07558
1350.0 5750.0 0.27589
1450.0 5750.0 0.42982
1550.0 5750.0 0.40172
1650.0 5750.0 0.16566
1750.0 5750.0 -0.09672
1850.0 5750.0 -0.18871
1950.0 5750.0 -0.02064
2050.0 5750.0 0.34688
2150.0 5750.0 0.71854
2250.0 5750.0 0.81378
2350.0 5750.0 0.52052
2450.0 5750.0 -0.03723
2550.0 5750.0 -0.57587
2650.0 5750.0 -0.81536
2750.0 5750.0 -0.72780
2850.0 5750.0 -0.47460
2950.0 5750.0 0.02028
3050.0 5750.0 0.59689
3150.0 5750.0 1.01983
3250.0 5750.0 1.15688
3350.0 5750.0 1.04414
3450.0 5750.0 0.82711
3550.0 5750.0 0.47197
3650.0 5750.0 0.05006
3750.0 5750.0 -0.16496
3850.0 5750.0 -0.01447
3950.0 5750.0 0.42212
4050.0 5750.0 0.92127
4150.0 5750.0 1.38581
4250.0 5750.0 1.75115
4350.0 5750.0 1.82551
4450.0 5750.0 1.53717
4550.0 5750.0 1.03629
4650.0 5750.0 0.61437
4750.0 5750.0 0.44204
4850.0 5750.0 0.28968
4950.0 5750.0 0.04241
5050.0 5750.0 -0.12808
5150.0 5750.0 -0.05643
5250.0 5750.0 0.26467
5350.0 5750.0 0.69193
5450.0 5750.0 1.09001
5550.0 5750.0 1.22829
5650.0 5750.0 0.81924
5750.0 5750.0 -0.00871
5850.0 5750.0 -0.87147
5950.0 5750.0 -1.36206
6050.0 5750.0 -1.30514
6150.0 5750.0 -0.98878
6250.0 5750.0 -0.76221
6350.0 5750.0 -0.74904
50.0 5850.0 0.67916
150.0 5850.0 0.27953
250.0 5850.0 -0.16239
350.0 5850.0 -0.51961
450.0 5850.0 -0.68223
550.0 5850.0 -0.66597
650.0 5850.0 -0.59666
750.0 5850.0 -0.57174
850.0 5850.0 -0.54382
950.0 5850.0 -0.45168
1050.0 5850.0 -0.25466
1150.0 5850.0 0.02931
1250.0 5850.0 0.32573
1350.0 5850.0 0.55622
1450.0 5850.0 0.71100
1550.0 5850.0 0.60389
1650.0 5850.0 0.18906
1750.0 5850.0 -0.28146
1850.0 5850.0 -0.52336
1950.0 5850.0 -0.39549
2050.0 5850.0 0.02731
2150.0 5850.0 0.46229
2250.0 5850.0 0.54329
2350.0 5850.0 0.18943
2450.0 5850.0 -0.39537
2550.0 5850.0 -0.87075
2650.0 5850.0 -0.95513
2750.0 5850.0 -0.66631
2850.0 5850.0 -0.20776
2950.0 5850.0 0.43455
3050.0 5850.0 1.01195
3150.0 5850.0 1.27582
3250.0 5850.0 1.18398
3350.0 5850.0 0.90249
3450.0 5850.0 0.59892
3550.0 5850.0 0.17555
3650.0 5850.0 -0.27139
3750.0 5850.0 -0.45141
3850.0 5850.0 -0.22399
3950.0 5850.0 0.28563
4050.0 5850.0 0.81521
4150.0 5850.0 1.27444
4250.0 5850.0 1.56492
4350.0 5850.0 1.53289
4450.0 5850.0 1.19647
4550.0 5850.0 0.75792
4650.0 5850.0 0.49152
4750.0 5850.0 0.50821
4850.0 5850.0 0.52107
4950.0 5850.0 0.32741
5050.0 5850.0 0.06647
5150.0 5850.0 -0.04438
5250.0 5850.0 0.11129
5350.0 5850.0 0.49039
5450.0 5850.0 0.94812
5550.0 5850.0 1.21001
5650.0 5850.0 0.99860
5750.0 5850.0 0.36347
5850.0 5850.0 -0.39246
5950.0 5850.0 -0.88710
6050.0 5850.0 -0.90708
6150.0 5850.0 -0.69702
6250.0 5850.0 -0.67523
6350.0 5850.0 -0.90356
50.0 5950.0 0.62759
150.0 5950.0 0.18160
250.0 5950.0 -0.21181
350.0 5950.0 -0.42406
450.0 5950.0 -0.40760
550.0 5950.0 -0.26021
650.0 5950.0 -0.16201
750.0 5950.0 -0.18783
850.0 5950.0 -0.23962
950.0 5950.0 -0.25961
1050.0 5950.0 -0.17696
1150.0 5950.0 0.02467
1250.0 5950.0 0.28396
1350.0 5950.0 0.50969
1450.0 5950.0 0.66563
1550.0 5950.0 0.52548
1650.0 5950.0 0.03889
1750.0 5950.0 -0.50678
1850.0 5950.0 -0.79002
1950.0 5950.0 -0.65374
2050.0 5950.0 -0.18540
2150.0 5950.0 0.29653
2250.0 5950.0 0.39635
2350.0 5950.0 0.05656
2450.0 5950.0 -0.48130
2550.0 5950.0 -0.86067
2650.0 5950.0 -0.81423
2750.0 5950.0 -0.38668
2850.0 5950.0 0.19085
2950.0 5950.0 0.85927
3050.0 5950.0 1.31889
3150.0 5950.0 1.34983
3250.0 5950.0 1.01241
3350.0 5950.0 0.58154
3450.0 5950.0 0.21760
3550.0 5950.0 -0.25644
3650.0 5950.0 -0.73321
3750.0 5950.0 -0.90804
3850.0 5950.0 -0.64647
3950.0 5950.0 -0.09893
4050.0 5950.0 0.44797
4150.0 5950.0 0.90517
4250.0 5950.0 1.15852
4350.0 5950.0 1.08259
4450.0 5950.0 0.74814
4550.0 5950.0 0.38093
4650.0 5950.0 0.23486
4750.0 5950.0 0.38127
4850.0 5950.0 0.50291
4950.0 5950.0 0.33501
5050.0 5950.0 -0.00445
5150.0 5950.0 -0.25764
5250.0 5950.0 -0.22822
5350.0 5950.0 0.11196
5450.0 5950.0 0.60988
5550.0 5950.0 0.98291
5650.0 5950.0 0.98998
5750.0 5950.0 0.61160
5850.0 5950.0 0.05453
5950.0 5950.0 -0.35745
6050.0 5950.0 -0.40129
6150.0 5950.0 -0.26115
6250.0 5950.0 -0.36701
6350.0 5950.0 -0.73481
50.0 6050.0 0.20074
150.0 6050.0 -0.24856
250.0 6050.0 -0.56557
350.0 6050.0 -0.62196
450.0 6050.0 -0.42362
550.0 6050.0 -0.13657
650.0 6050.0 0.01528
750.0 6050.0 -0.02295
850.0 6050.0 -0.12268
950.0 6050.0 -0.25128
1050.0 6050.0 -0.31613
1150.0 6050.0 -0.25390
1250.0 6050.0 -0.08453
1350.0 6050.0 0.11250
1450.0 6050.0 0.27090
1550.0 6050.0 0.16244
1650.0 6050.0 -0.24509
1750.0 6050.0 -0.67825
1850.0 6050.0 -0.84920
1950.0 6050.0 -0.63518
2050.0 6050.0 -0.13420
2150.0 6050.0 0.36579
2250.0 6050.0 0.48952
2350.0 6050.0 0.18859
2450.0 6050.0 -0.29322
2550.0 6050.0 -0.60783
2650.0 6050.0 -0.50213
2750.0 6050.0 -0.02723
2850.0 6050.0 0.57025
2950.0 6050.0 1.17498
3050.0 6050.0 1.47912
3150.0 6050.0 1.30941
3250.0 6050.0 0.80113
3350.0 6050.0 0.28598
3450.0 6050.0 -0.09996
3550.0 6050.0 -0.59848
3650.0 6050.0 -1.10640
3750.0 6050.0 -1.30971
3850.0 6050.0 -1.06591
3950.0 6050.0 -0.52434
4050.0 6050.0 0.02305
4150.0 6050.0 0.48059
4250.0 6050.0 0.73082
4350.0 6050.0 0.65934
4450.0 6050.0 0.34886
4550.0 6050.0 0.02493
4650.0 6050.0 -0.07118
4750.0 6050.0 0.11935
4850.0 6050.0 0.27643
4950.0 6050.0 0.11701
5050.0 6050.0 -0.24787
5150.0 6050.0 -0.54727
5250.0 6050.0 -0.55883
5350.0 6050.0 -0.23128
5450.0 6050.0 0.28023
5550.0 6050.0 0.71038
5650.0 6050.0 0.85244
5750.0 6050.0 0.65242
5850.0 6050.0 0.25476
5950.0 6050.0 -0.06670
6050.0 6050.0 -0.09760
6150.0 6050.0 0.02129
6250.0 6050.0 -0.11370
6350.0 6050.0 -0.49845
50.0 6150.0 -0.39058
150.0 6150.0 -0.81766
250.0 6150.0 -1.05273
350.0 6150.0 -0.97025
450.0 6150.0 -0.61782
550.0 6150.0 -0.21152
650.0 6150.0 -0.00500
750.0 6150.0 -0.03652
850.0 6150.0 -0.16206
950.0 6150.0 -0.37947
1050.0 6150.0 -0.58073
1150.0 6150.0 -0.65737
1250.0 6150.0 -0.58287
1350.0 6150.0 -0.41702
1450.0 6150.0 -0.25254
1550.0 6150.0 -0.29635
1650.0 6150.0 -0.55390
1750.0 6150.0 -0.79063
1850.0 6150.0 -0.78501
1950.0 6150.0 -0.46910
2050.0 6150.0 0.05234
2150.0 6150.0 0.55170
2250.0 6150.0 0.69529
2350.0 6150.0 0.43618
2450.0 6150.0 0.00398
2550.0 6150.0 -0.27179
2650.0 6150.0 -0.15032
2750.0 6150.0 0.32101
2850.0 6150.0 0.88723
2950.0 6150.0 1.39268
3050.0 6150.0 1.54468
3150.0 6150.0 1.21983
3250.0 6150.0 0.60435
3350.0 6150.0 0.05236
3450.0 6150.0 -0.33000
3550.0 6150.0 -0.83170
3650.0 6150.0 -1.36047
3750.0 6150.0 -1.59833
3850.0 6150.0 -1.39069
3950.0 6150.0 -0.87353
4050.0 6150.0 -0.33327
4150.0 6150.0 0.12568
4250.0 6150.0 0.38657
4350.0 6150.0 0.33555
4450.0 6150.0 0.04802
4550.0 6150.0 -0.25912
4650.0 6150.0 -0.34957
4750.0 6150.0 -0.16243
4850.0 6150.0 -0.00886
4950.0 6150.0 -0.16630
5050.0 6150.0 -0.52462
5150.0 6150.0 -0.81699
5250.0 6150.0 -0.82535
5350.0 6150.0 -0.50045
5450.0 6150.0 0.00522
5550.0 6150.0 0.45498
5650.0 6150.0 0.67115
5750.0 6150.0 0.58511
5850.0 6150.0 0.30215
5950.0 6150.0 0.05649
6050.0 6150.0 0.04691
6150.0 6150.0 0.16265
6250.0 6150.0 0.03952
6350.0 6150.0 -0.31034
50.0 6250.0 -1.02116
150.0 6250.0 -1.34763
250.0 6250.0 -1.46745
350.0 6250.0 -1.27711
450.0 6250.0 -0.84818
550.0 6250.0 -0.40030
650.0 6250.0 -0.16928
750.0 6250.0 -0.17496
850.0 6250.0 -0.29570
950.0 6250.0 -0.55830
1050.0 6250.0 -0.84092
1150.0 6250.0 -0.99853
1250.0 6250.0 -0.96850
1350.0 6250.0 -0.79662
1450.0 6250.0 -0.59628
1550.0 6250.0 -0.55407
1650.0 6250.0 -0.67477
1750.0 6250.0 -0.77912
1850.0 6250.0 -0.69807
1950.0 6250.0 -0.38010
2050.0 6250.0 0.09454
2150.0 6250.0 0.55265
2250.0 6250.0 0.73618
2350.0 6250.0 0.59686
2450.0 6250.0 0.30326
2550.0 6250.0 0.11409
2650.0 6250.0 0.22998
2750.0 6250.0 0.62452
2850.0 6250.0 1.06657
2950.0 6250.0 1.37517
3050.0 6250.0 1.32582
3150.0 6250.0 0.87697
3250.0 6250.0 0.24534
3350.0 6250.0 -0.24772
3450.0 6250.0 -0.55119
3550.0 6250.0 -0.96902
3650.0 6250.0 -1.42512
3750.0 6250.0 -1.62594
3850.0 6250.0 -1.42097
3950.0 6250.0 -0.92427
4050.0 6250.0 -0.39323
4150.0 6250.0 0.07162
4250.0 6250.0 0.36377
4350.0 6250.0 0.35386
4450.0 6250.0 0.08324
4550.0 6250.0 -0.24967
4650.0 6250.0 -0.40018
4750.0 6250.0 -0.28396
4850.0 6250.0 -0.19055
4950.0 6250.0 -0.37135
5050.0 6250.0 -0.72289
5150.0 6250.0 -1.00598
5250.0 6250.0 -1.03114
5350.0 6250.0 -0.76227
5450.0 6250.0 -0.33652
5550.0 6250.0 0.08495
5650.0 6250.0 0.39240
5750.0 6250.0 0.49390
5850.0 6250.0 0.41312
5950.0 6250.0 0.29306
6050.0 6250.0 0.28938
6150.0 6250.0 0.35374
6250.0 6250.0 0.20404
6350.0 6250.0 -0.12969
50.0 6350.0 -1.45372
150.0 6350.0 -1.57369
250.0 6350.0 -1.55261
350.0 6350.0 -1.33593
450.0 6350.0 -0.98282
550.0 6350.0 -0.63661
650.0 6350.0 -0.43935
750.0 6350.0 -0.39432
850.0 6350.0 -0.46740
950.0 6350.0 -0.71313
1050.0 6350.0 -0.99808
1150.0 6350.0 -1.15320
1250.0 6350.0 -1.09509
1350.0 6350.0 -0.86410
1450.0 6350.0 -0.58629
1550.0 6350.0 -0.43477
1650.0 6350.0 -0.45366
1750.0 6350.0 -0.53789
1850.0 6350.0 -0.54396
1950.0 6350.0 -0.37625
2050.0 6350.0 -0.04560
2150.0 6350.0 0.31181
2250.0 6350.0 0.54713
2350.0 6350.0 0.60568
2450.0 6350.0 0.53856
2550.0 6350.0 0.47297
2650.0 6350.0 0.53890
2750.0 6350.0 0.75269
2850.0 6350.0 0.94970
2950.0 6350.0 0.95856
3050.0 6350.0 0.69329
3150.0 6350.0 0.22167
3250.0 6350.0 -0.25666
3350.0 6350.0 -0.54011
3450.0 6350.0 -0.65860
3550.0 6350.0 -0.88152
3650.0 6350.0 -1.16352
3750.0 6350.0 -1.26879
3850.0 6350.0 -1.05972
3950.0 6350.0 -0.60337
4050.0 6350.0 -0.09161
4150.0 6350.0 0.38608
4250.0 6350.0 0.74415
4350.0 6350.0 0.81649
4450.0 6350.0 0.56981
4550.0 6350.0 0.16516
4650.0 6350.0 -0.12977
4750.0 6350.0 -0.17717
4850.0 6350.0 -0.21881
4950.0 6350.0 -0.44044
5050.0 6350.0 -0.75447
5150.0 6350.0 -0.99195
5250.0 6350.0 -1.03692
5350.0 6350.0 -0.88824
5450.0 6350.0 -0.64591
5550.0 6350.0 -0.33292
5650.0 6350.0 0.05030
5750.0 6350.0 0.38355
5850.0 6350.0 0.56826
5950.0 6350.0 0.60308
6050.0 6350.0 0.56968
6150.0 6350.0 0.51365
6250.0 6350.0 0.28324
6350.0 6350.0 -0.05900
