50.0 50.0 0.00000
150.0 50.0 0.28703
250.0 50.0 0.73003
350.0 50.0 1.12922
450.0 50.0 1.23980
550.0 50.0 0.98785
650.0 50.0 0.50944
750.0 50.0 0.01292
850.0 50.0 -0.37871
950.0 50.0 -0.40866
1050.0 50.0 -0.08060
1150.0 50.0 0.36476
1250.0 50.0 0.62848
1350.0 50.0 0.50849
1450.0 50.0 0.03094
1550.0 50.0 -0.51014
1650.0 50.0 -0.86045
1750.0 50.0 -0.88021
1850.0 50.0 -0.59232
1950.0 50.0 -0.19115
2050.0 50.0 0.05556
2150.0 50.0 0.01176
2250.0 50.0 -0.17774
2350.0 50.0 -0.52218
2450.0 50.0 -0.87744
2550.0 50.0 -1.02396
2650.0 50.0 -0.86518
2750.0 50.0 -0.48239
2850.0 50.0 -0.04621
2950.0 50.0 0.41029
3050.0 50.0 0.94224
3150.0 50.0 1.33528
3250.0 50.0 1.36478
3350.0 50.0 1.01431
3450.0 50.0 0.49293
3550.0 50.0 0.05110
3650.0 50.0 -0.26293
3750.0 50.0 -0.24913
3850.0 50.0 0.09063
3950.0 50.0 0.51248
4050.0 50.0 0.73372
4150.0 50.0 0.58277
4250.0 50.0 0.09550
4350.0 50.0 -0.52178
4450.0 50.0 -1.21212
4550.0 50.0 -1.70960
4650.0 50.0 -1.73652
4750.0 50.0 -1.28115
4850.0 50.0 -0.61981
4950.0 50.0 -0.08258
5050.0 50.0 0.32223
5150.0 50.0 0.53472
5250.0 50.0 0.46568
5350.0 50.0 0.19034
5450.0 50.0 -0.10453
5550.0 50.0 -0.21542
5650.0 50.0 -0.05755
5750.0 50.0 0.20447
5850.0 50.0 0.40302
5950.0 50.0 0.45883
6050.0 50.0 0.35613
6150.0 50.0 0.16612
6250.0 50.0 0.01420
6350.0 50.0 -0.00968
50.0 150.0 0.12232
150.0 150.0 0.41015
250.0 150.0 0.82907
350.0 150.0 1.17667
450.0 150.0 1.22224
550.0 150.0 0.91306
650.0 150.0 0.40257
750.0 150.0 -0.09973
850.0 150.0 -0.49595
950.0 150.0 -0.55448
1050.0 150.0 -0.27768
1150.0 150.0 0.11049
1250.0 150.0 0.33063
1350.0 150.0 0.19286
1450.0 150.0 -0.27949
1550.0 150.0 -0.80202
1650.0 150.0 -1.09850
1750.0 150.0 -1.02861
1850.0 150.0 -0.63867
1950.0 150.0 -0.15269
2050.0 150.0 0.14116
2150.0 150.0 0.10867
2250.0 150.0 -0.08032
2350.0 150.0 -0.42974
2450.0 150.0 -0.79570
2550.0 150.0 -0.95511
2650.0 150.0 -0.80671
2750.0 150.0 -0.42845
2850.0 150.0 0.00896
2950.0 150.0 0.46919
3050.0 150.0 1.00933
3150.0 150.0 1.41506
3250.0 150.0 1.45856
3350.0 150.0 1.11962
3450.0 150.0 0.60484
3550.0 150.0 0.16502
3650.0 150.0 -0.14737
3750.0 150.0 -0.12418
3850.0 150.0 0.23909
3950.0 150.0 0.69804
4050.0 150.0 0.96193
4150.0 150.0 0.84761
4250.0 150.0 0.38424
4350.0 150.0 -0.21857
4450.0 150.0 -0.92414
4550.0 150.0 -1.48094
4650.0 150.0 -1.60057
4750.0 150.0 -1.24248
4850.0 150.0 -0.65060
4950.0 150.0 -0.14121
5050.0 150.0 0.25414
5150.0 150.0 0.47072
5250.0 150.0 0.42348
5350.0 150.0 0.18062
5450.0 150.0 -0.08384
5550.0 150.0 -0.17825
5650.0 150.0 -0.02120
5750.0 150.0 0.22949
5850.0 150.0 0.38995
5950.0 150.0 0.37727
6050.0 150.0 0.19462
6150.0 150.0 -0.06202
6250.0 150.0 -0.24981
6350.0 150.0 -0.27862
50.0 250.0 0.42321
150.0 250.0 0.72931
250.0 250.0 1.09585
350.0 250.0 1.30913
450.0 250.0 1.17567
550.0 250.0 0.70399
650.0 250.0 0.10115
750.0 250.0 -0.41618
850.0 250.0 -0.81516
950.0 250.0 -0.90626
1050.0 250.0 -0.67877
1150.0 250.0 -0.32732
1250.0 250.0 -0.11002
1350.0 250.0 -0.21467
1450.0 250.0 -0.63329
1550.0 250.0 -1.09057
1650.0 250.0 -1.28937
1750.0 250.0 -1.10048
1850.0 250.0 -0.60051
1950.0 250.0 -0.03782
2050.0 250.0 0.29395
2150.0 250.0 0.27463
2250.0 250.0 0.09098
2350.0 250.0 -0.26764
2450.0 250.0 -0.65716
2550.0 250.0 -0.84424
2650.0 250.0 -0.71540
2750.0 250.0 -0.34077
2850.0 250.0 0.10762
2950.0 250.0 0.58681
3050.0 250.0 1.16600
3150.0 250.0 1.63058
3250.0 250.0 1.73811
3350.0 250.0 1.45131
3450.0 250.0 0.96625
3550.0 250.0 0.53582
3650.0 250.0 0.21915
3750.0 250.0 0.20328
3850.0 250.0 0.51281
3950.0 250.0 0.94538
4050.0 250.0 1.23609
4150.0 250.0 1.19663
4250.0 250.0 0.82906
4350.0 250.0 0.32345
4450.0 250.0 -0.30409
4550.0 250.0 -0.84917
4650.0 250.0 -1.04811
4750.0 250.0 -0.83432
4850.0 250.0 -0.38612
4950.0 250.0 0.03494
5050.0 250.0 0.37139
5150.0 250.0 0.53377
5250.0 250.0 0.44337
5350.0 250.0 0.17037
5450.0 250.0 -0.11642
5550.0 250.0 -0.23537
5650.0 250.0 -0.11255
5750.0 250.0 0.09827
5850.0 250.0 0.22107
5950.0 250.0 0.19282
6050.0 250.0 0.03220
6150.0 250.0 -0.17010
6250.0 250.0 -0.29608
6350.0 250.0 -0.28069
50.0 350.0 0.76287
150.0 350.0 1.11240
250.0 350.0 1.43358
350.0 350.0 1.49364
450.0 350.0 1.14230
550.0 350.0 0.46638
650.0 350.0 -0.25409
750.0 350.0 -0.78857
850.0 350.0 -1.18843
950.0 350.0 -1.31639
1050.0 350.0 -1.13639
1150.0 350.0 -0.80062
1250.0 350.0 -0.54398
1350.0 350.0 -0.56267
1450.0 350.0 -0.87708
1550.0 350.0 -1.22511
1650.0 350.0 -1.30729
1750.0 350.0 -1.01960
1850.0 350.0 -0.46278
1950.0 350.0 0.11493
2050.0 350.0 0.44473
2150.0 350.0 0.43385
2250.0 350.0 0.26114
2350.0 350.0 -0.10764
2450.0 350.0 -0.52742
2550.0 350.0 -0.74942
2650.0 350.0 -0.64256
2750.0 350.0 -0.26652
2850.0 350.0 0.20395
2950.0 350.0 0.71565
3050.0 350.0 1.35116
3150.0 350.0 1.89339
3250.0 350.0 2.08092
3350.0 350.0 1.85668
3450.0 350.0 1.40674
3550.0 350.0 0.98890
3650.0 350.0 0.66130
3750.0 350.0 0.55282
3850.0 350.0 0.72187
3950.0 350.0 1.05416
4050.0 350.0 1.34820
4150.0 350.0 1.41927
4250.0 350.0 1.22129
4350.0 350.0 0.90071
4450.0 350.0 0.46071
4550.0 350.0 0.02667
4650.0 350.0 -0.20565
4750.0 350.0 -0.15640
4850.0 350.0 0.08820
4950.0 350.0 0.36245
5050.0 350.0 0.59045
5150.0 350.0 0.65272
5250.0 350.0 0.48220
5350.0 350.0 0.15288
5450.0 350.0 -0.17577
5550.0 350.0 -0.34037
5650.0 350.0 -0.28072
5750.0 350.0 -0.14043
5850.0 350.0 -0.06300
5950.0 350.0 -0.06910
6050.0 350.0 -0.12379
6150.0 350.0 -0.16621
6250.0 350.0 -0.14134
6350.0 350.0 -0.03418
50.0 450.0 0.92540
150.0 450.0 1.33786
250.0 450.0 1.66447
350.0 450.0 1.65175
450.0 450.0 1.17133
550.0 450.0 0.36307
650.0 450.0 -0.43632
750.0 450.0 -0.97897
850.0 450.0 -1.37896
950.0 450.0 -1.54570
1050.0 450.0 -1.41274
1150.0 450.0 -1.08436
1250.0 450.0 -0.77134
1350.0 450.0 -0.68251
1450.0 450.0 -0.87198
1550.0 450.0 -1.09872
1650.0 450.0 -1.09149
1750.0 450.0 -0.77997
1850.0 450.0 -0.26888
1950.0 450.0 0.22859
2050.0 450.0 0.50027
2150.0 450.0 0.48711
2250.0 450.0 0.32838
2350.0 450.0 -0.04643
2450.0 450.0 -0.49048
2550.0 450.0 -0.73966
2650.0 450.0 -0.64645
2750.0 450.0 -0.26152
2850.0 450.0 0.23685
2950.0 450.0 0.78361
3050.0 450.0 1.46304
3150.0 450.0 2.05228
3250.0 450.0 2.27896
3350.0 450.0 2.07976
3450.0 450.0 1.64267
3550.0 450.0 1.23285
3650.0 450.0 0.89097
3750.0 450.0 0.66373
3850.0 450.0 0.64838
3950.0 450.0 0.83966
4050.0 450.0 1.11821
4150.0 450.0 1.30902
4250.0 450.0 1.30962
4350.0 450.0 1.21244
4450.0 450.0 1.02134
4550.0 450.0 0.77252
4650.0 450.0 0.56766
4750.0 450.0 0.48177
4850.0 450.0 0.52085
4950.0 450.0 0.63013
5050.0 450.0 0.73185
5150.0 450.0 0.69445
5250.0 450.0 0.46884
5350.0 450.0 0.12362
5450.0 450.0 -0.20850
5550.0 450.0 -0.39908
5650.0 450.0 -0.40684
5750.0 450.0 -0.35094
5850.0 450.0 -0.33277
5950.0 450.0 -0.32396
6050.0 450.0 -0.26745
6150.0 450.0 -0.13333
6250.0 450.0 0.06245
6350.0 450.0 0.27631
50.0 550.0 0.80190
150.0 550.0 1.28033
250.0 550.0 1.67682
350.0 550.0 1.72244
450.0 550.0 1.27515
550.0 550.0 0.47577
650.0 550.0 -0.32374
750.0 550.0 -0.85989
850.0 550.0 -1.26079
950.0 550.0 -1.46486
1050.0 550.0 -1.38008
1150.0 550.0 -1.06780
1250.0 550.0 -0.71531
1350.0 550.0 -0.53984
1450.0 550.0 -0.62413
1550.0 550.0 -0.75524
1650.0 550.0 -0.71514
1750.0 550.0 -0.46540
1850.0 550.0 -0.09252
1950.0 550.0 0.25076
2050.0 550.0 0.42412
2150.0 550.0 0.39825
2250.0 550.0 0.25234
2350.0 550.0 -0.12178
2450.0 550.0 -0.57520
2550.0 550.0 -0.83374
2650.0 550.0 -0.74009
2750.0 550.0 -0.34067
2850.0 550.0 0.18301
2950.0 550.0 0.75531
3050.0 550.0 1.44457
3150.0 550.0 2.01961
3250.0 550.0 2.21270
3350.0 550.0 1.97580
3450.0 550.0 1.51509
3550.0 550.0 1.10379
3650.0 550.0 0.74936
3750.0 550.0 0.41848
3850.0 550.0 0.24100
3950.0 550.0 0.30569
4050.0 550.0 0.56504
4150.0 550.0 0.85402
4250.0 550.0 1.02247
4350.0 550.0 1.11754
4450.0 550.0 1.15549
4550.0 550.0 1.09984
4650.0 550.0 0.96340
4750.0 550.0 0.80316
4850.0 550.0 0.69198
4950.0 550.0 0.66744
5050.0 550.0 0.66576
5150.0 550.0 0.57377
5250.0 550.0 0.36395
5350.0 550.0 0.08487
5450.0 550.0 -0.17798
5550.0 550.0 -0.34653
5650.0 550.0 -0.39964
5750.0 550.0 -0.41790
5850.0 550.0 -0.47105
5950.0 550.0 -0.49398
6050.0 550.0 -0.40004
6150.0 550.0 -0.16814
6250.0 550.0 0.14054
6350.0 550.0 0.43601
50.0 650.0 0.44745
150.0 650.0 0.97606
250.0 650.0 1.48324
350.0 650.0 1.69390
450.0 650.0 1.42270
550.0 650.0 0.76234
650.0 650.0 0.03675
750.0 650.0 -0.48095
850.0 650.0 -0.88466
950.0 650.0 -1.12198
1050.0 650.0 -1.08747
1150.0 650.0 -0.81250
1250.0 650.0 -0.46261
1350.0 650.0 -0.25300
1450.0 650.0 -0.28215
1550.0 650.0 -0.36724
1650.0 650.0 -0.34798
1750.0 650.0 -0.20645
1850.0 650.0 0.00041
1950.0 650.0 0.18088
2050.0 650.0 0.25579
2150.0 650.0 0.21317
2250.0 650.0 0.07527
2350.0 650.0 -0.29271
2450.0 650.0 -0.74013
2550.0 650.0 -0.99018
2650.0 650.0 -0.88436
2750.0 650.0 -0.47005
2850.0 650.0 0.06917
2950.0 650.0 0.65058
3050.0 650.0 1.31314
3150.0 650.0 1.81707
3250.0 650.0 1.91349
3350.0 650.0 1.58686
3450.0 650.0 1.07274
3550.0 650.0 0.65092
3650.0 650.0 0.28991
3750.0 650.0 -0.09567
3850.0 650.0 -0.35763
3950.0 650.0 -0.35659
4050.0 650.0 -0.10233
4150.0 650.0 0.24406
4250.0 650.0 0.50592
4350.0 650.0 0.70848
4450.0 650.0 0.88330
4550.0 650.0 0.95567
4650.0 650.0 0.88401
4750.0 650.0 0.70706
4850.0 650.0 0.52763
4950.0 650.0 0.43308
5050.0 650.0 0.37959
5150.0 650.0 0.29779
5250.0 650.0 0.18049
5350.0 650.0 0.04452
5450.0 650.0 -0.08343
5550.0 650.0 -0.18075
5650.0 650.0 -0.24291
5750.0 650.0 -0.30621
5850.0 650.0 -0.43374
5950.0 650.0 -0.54846
6050.0 650.0 -0.52935
6150.0 650.0 -0.33087
6250.0 650.0 -0.01401
6350.0 650.0 0.31131
50.0 750.0 0.01189
150.0 750.0 0.56826
250.0 750.0 1.19003
350.0 750.0 1.60394
450.0 750.0 1.57019
550.0 750.0 1.10949
650.0 750.0 0.49346
750.0 750.0 -0.00150
850.0 750.0 -0.40986
950.0 750.0 -0.67630
1050.0 750.0 -0.69388
1150.0 750.0 -0.47679
1250.0 750.0 -0.17065
1350.0 750.0 0.02161
1450.0 750.0 -0.00156
1550.0 750.0 -0.08483
1650.0 750.0 -0.11271
1750.0 750.0 -0.07468
1850.0 750.0 -0.00019
1950.0 750.0 0.06184
2050.0 750.0 0.06821
2150.0 750.0 0.01147
2250.0 750.0 -0.12370
2350.0 750.0 -0.48358
2450.0 750.0 -0.91652
2550.0 750.0 -1.14862
2650.0 750.0 -1.02616
2750.0 750.0 -0.60067
2850.0 750.0 -0.05644
2950.0 750.0 0.52023
3050.0 750.0 1.13488
3150.0 750.0 1.54076
3250.0 750.0 1.51434
3350.0 750.0 1.07844
3450.0 750.0 0.50015
3550.0 750.0 0.06338
3650.0 750.0 -0.29788
3750.0 750.0 -0.68693
3850.0 750.0 -0.95079
3950.0 750.0 -0.94375
4050.0 750.0 -0.67378
4150.0 750.0 -0.30591
4250.0 750.0 -0.02280
4350.0 750.0 0.20224
4450.0 750.0 0.41096
4550.0 750.0 0.52212
4650.0 750.0 0.47995
4750.0 750.0 0.31444
4850.0 750.0 0.13022
4950.0 750.0 0.02393
5050.0 750.0 -0.03256
5150.0 750.0 -0.05511
5250.0 750.0 -0.03487
5350.0 750.0 0.00925
5450.0 750.0 0.04564
5550.0 750.0 0.04647
5650.0 750.0 0.00515
5750.0 750.0 -0.07361
5850.0 750.0 -0.27043
5950.0 750.0 -0.51878
6050.0 750.0 -0.66275
6150.0 750.0 -0.60646
6250.0 750.0 -0.37184
6350.0 750.0 -0.06404
50.0 850.0 -0.35149
150.0 850.0 0.22218
250.0 850.0 0.95014
350.0 850.0 1.56309
450.0 850.0 1.76699
550.0 850.0 1.50830
650.0 850.0 1.00276
750.0 850.0 0.52798
850.0 850.0 0.11172
950.0 850.0 -0.18686
1050.0 850.0 -0.26278
1150.0 850.0 -0.11571
1250.0 850.0 0.12934
1350.0 850.0 0.28546
1450.0 850.0 0.25164
1550.0 850.0 0.15511
1650.0 850.0 0.07054
1750.0 850.0 0.00870
1850.0 850.0 -0.03034
1950.0 850.0 -0.05931
2050.0 850.0 -0.09727
2150.0 850.0 -0.15486
2250.0 850.0 -0.27748
2350.0 850.0 -0.61959
2450.0 850.0 -1.03751
2550.0 850.0 -1.26715
2650.0 850.0 -1.15732
2750.0 850.0 -0.75319
2850.0 850.0 -0.22988
2950.0 850.0 0.32013
3050.0 850.0 0.87088
3150.0 850.0 1.17648
3250.0 850.0 1.04079
3350.0 850.0 0.51824
3450.0 850.0 -0.10496
3550.0 850.0 -0.54919
3650.0 850.0 -0.90546
3750.0 850.0 -1.27943
3850.0 850.0 -1.51782
3950.0 850.0 -1.48218
4050.0 850.0 -1.18924
4150.0 850.0 -0.80971
4250.0 850.0 -0.52555
4350.0 850.0 -0.30282
4450.0 850.0 -0.09701
4550.0 850.0 0.01175
4650.0 850.0 -0.03106
4750.0 850.0 -0.19512
4850.0 850.0 -0.37675
4950.0 850.0 -0.48067
5050.0 850.0 -0.52534
5150.0 850.0 -0.46949
5250.0 850.0 -0.28660
5350.0 850.0 -0.03340
5450.0 850.0 0.19605
5550.0 850.0 0.31938
5650.0 850.0 0.31750
5750.0 850.0 0.23876
5850.0 850.0 -0.02011
5950.0 850.0 -0.41063
6050.0 850.0 -0.74176
6150.0 850.0 -0.85857
6250.0 850.0 -0.73091
6350.0 850.0 -0.45089
50.0 950.0 -0.39147
150.0 950.0 0.17922
250.0 950.0 0.97791
350.0 950.0 1.74014
450.0 950.0 2.12801
550.0 950.0 2.02595
650.0 950.0 1.60162
750.0 950.0 1.13210
850.0 950.0 0.69701
950.0 950.0 0.35712
1050.0 950.0 0.21396
1150.0 950.0 0.28008
1250.0 950.0 0.44998
1350.0 950.0 0.55356
1450.0 950.0 0.49196
1550.0 950.0 0.36251
1650.0 950.0 0.19823
1750.0 950.0 0.02869
1850.0 950.0 -0.10017
1950.0 950.0 -0.16661
2050.0 950.0 -0.18505
2150.0 950.0 -0.18939
2250.0 950.0 -0.24758
2350.0 950.0 -0.52000
2450.0 950.0 -0.90956
2550.0 950.0 -1.19200
2650.0 950.0 -1.20950
2750.0 950.0 -0.95624
2850.0 950.0 -0.55562
2950.0 950.0 -0.11583
3050.0 950.0 0.31825
3150.0 950.0 0.53469
3250.0 950.0 0.36898
3350.0 950.0 -0.12655
3450.0 950.0 -0.70175
3550.0 950.0 -1.11621
3650.0 950.0 -1.45184
3750.0 950.0 -1.79027
3850.0 950.0 -1.98379
3950.0 950.0 -1.90950
4050.0 950.0 -1.59586
4150.0 950.0 -1.21494
4250.0 950.0 -0.94064
4350.0 950.0 -0.73391
4450.0 950.0 -0.56699
4550.0 950.0 -0.51839
4650.0 950.0 -0.62369
4750.0 950.0 -0.83285
4850.0 950.0 -1.03227
4950.0 950.0 -1.13144
5050.0 950.0 -1.15468
5150.0 950.0 -1.00457
5250.0 950.0 -0.62786
5350.0 950.0 -0.11625
5450.0 950.0 0.36660
5550.0 950.0 0.66981
5650.0 950.0 0.75134
5750.0 950.0 0.70958
5850.0 950.0 0.42165
5950.0 950.0 -0.08881
6050.0 950.0 -0.59852
6150.0 950.0 -0.88886
6250.0 950.0 -0.86740
6350.0 950.0 -0.60501
50.0 1050.0 -0.10572
150.0 1050.0 0.43472
250.0 1050.0 1.23684
350.0 1050.0 2.04097
450.0 1050.0 2.49102
550.0 1050.0 2.44236
650.0 1050.0 2.03778
750.0 1050.0 1.55155
850.0 1050.0 1.08948
950.0 1050.0 0.71779
1050.0 1050.0 0.53396
1150.0 1050.0 0.55071
1250.0 1050.0 0.66761
1350.0 1050.0 0.72191
1450.0 1050.0 0.61865
1550.0 1050.0 0.43730
1650.0 1050.0 0.17988
1750.0 1050.0 -0.08457
1850.0 1050.0 -0.25232
1950.0 1050.0 -0.27702
2050.0 1050.0 -0.19529
2150.0 1050.0 -0.08591
2250.0 1050.0 -0.02141
2350.0 1050.0 -0.15068
2450.0 1050.0 -0.46255
2550.0 1050.0 -0.81370
2650.0 1050.0 -1.04325
2750.0 1050.0 -1.05718
2850.0 1050.0 -0.88271
2950.0 1050.0 -0.64097
3050.0 1050.0 -0.37187
3150.0 1050.0 -0.21719
3250.0 1050.0 -0.30926
3350.0 1050.0 -0.63967
3450.0 1050.0 -1.05795
3550.0 1050.0 -1.40056
3650.0 1050.0 -1.69989
3750.0 1050.0 -1.98804
3850.0 1050.0 -2.13004
3950.0 1050.0 -2.02391
4050.0 1050.0 -1.70759
4150.0 1050.0 -1.34552
4250.0 1050.0 -1.09503
4350.0 1050.0 -0.91714
4450.0 1050.0 -0.81487
4550.0 1050.0 -0.86222
4650.0 1050.0 -1.06354
4750.0 1050.0 -1.33826
4850.0 1050.0 -1.55964
4950.0 1050.0 -1.64697
5050.0 1050.0 -1.64480
5150.0 1050.0 -1.43233
5250.0 1050.0 -0.93006
5350.0 1050.0 -0.23653
5450.0 1050.0 0.44697
5550.0 1050.0 0.91972
5650.0 1050.0 1.11217
5750.0 1050.0 1.14939
5850.0 1050.0 0.89058
5950.0 1050.0 0.33258
6050.0 1050.0 -0.28395
6150.0 1050.0 -0.69095
6250.0 1050.0 -0.73942
6350.0 1050.0 -0.47390
50.0 1150.0 0.29466
150.0 1150.0 0.78575
250.0 1150.0 1.52377
350.0 1150.0 2.25248
450.0 1150.0 2.62781
550.0 1150.0 2.51632
650.0 1150.0 2.06544
750.0 1150.0 1.54512
850.0 1150.0 1.05718
950.0 1150.0 0.68304
1050.0 1150.0 0.51725
1150.0 1150.0 0.55493
1250.0 1150.0 0.67701
1350.0 1150.0 0.71073
1450.0 1150.0 0.56561
1550.0 1150.0 0.32674
1650.0 1150.0 -0.01498
1750.0 1150.0 -0.34108
1850.0 1150.0 -0.49230
1950.0 1150.0 -0.41222
2050.0 1150.0 -0.17923
2150.0 1150.0 0.07341
2250.0 1150.0 0.28944
2350.0 1150.0 0.35860
2450.0 1150.0 0.19167
2550.0 1150.0 -0.17863
2650.0 1150.0 -0.60720
2750.0 1150.0 -0.90969
2850.0 1150.0 -0.99911
2950.0 1150.0 -0.99141
3050.0 1150.0 -0.89760
3150.0 1150.0 -0.77252
3250.0 1150.0 -0.72137
3350.0 1150.0 -0.80528
3450.0 1150.0 -1.00699
3550.0 1150.0 -1.25661
3650.0 1150.0 -1.51427
3750.0 1150.0 -1.75501
3850.0 1150.0 -1.86110
3950.0 1150.0 -1.74908
4050.0 1150.0 -1.45828
4150.0 1150.0 -1.13589
4250.0 1150.0 -0.91825
4350.0 1150.0 -0.77242
4450.0 1150.0 -0.72927
4550.0 1150.0 -0.85412
4650.0 1150.0 -1.12324
4750.0 1150.0 -1.43406
4850.0 1150.0 -1.65613
4950.0 1150.0 -1.72259
5050.0 1150.0 -1.70157
5150.0 1150.0 -1.50443
5250.0 1150.0 -1.03900
5350.0 1150.0 -0.36574
5450.0 1150.0 0.34219
5550.0 1150.0 0.88617
5650.0 1150.0 1.17596
5750.0 1150.0 1.31362
5850.0 1150.0 1.13899
5950.0 1150.0 0.62842
6050.0 1150.0 0.01799
6150.0 1150.0 -0.40612
6250.0 1150.0 -0.46239
6350.0 1150.0 -0.17180
50.0 1250.0 0.54090
150.0 1250.0 0.98220
250.0 1250.0 1.62629
350.0 1250.0 2.21859
450.0 1250.0 2.44461
550.0 1250.0 2.20684
650.0 1250.0 1.67630
750.0 1250.0 1.11870
850.0 1250.0 0.61435
950.0 1250.0 0.26984
1050.0 1250.0 0.17890
1150.0 1250.0 0.30577
1250.0 1250.0 0.49339
1350.0 1250.0 0.54369
1450.0 1250.0 0.36986
1550.0 1250.0 0.08396
1650.0 1250.0 -0.31661
1750.0 1250.0 -0.67001
1850.0 1250.0 -0.77605
1950.0 1250.0 -0.57925
2050.0 1250.0 -0.20123
2150.0 1250.0 0.17765
2250.0 1250.0 0.52937
2350.0 1250.0 0.80356
2450.0 1250.0 0.82832
2550.0 1250.0 0.52397
2650.0 1250.0 -0.00332
2750.0 1250.0 -0.51178
2850.0 1250.0 -0.81800
2950.0 1250.0 -1.00992
3050.0 1250.0 -1.05913
3150.0 1250.0 -0.94498
3250.0 1250.0 -0.75310
3350.0 1250.0 -0.60981
3450.0 1250.0 -0.61650
3550.0 1250.0 -0.78413
3650.0 1250.0 -1.00773
3750.0 1250.0 -1.21942
3850.0 1250.0 -1.31797
3950.0 1250.0 -1.22990
4050.0 1250.0 -0.98684
4150.0 1250.0 -0.71383
4250.0 1250.0 -0.52820
4350.0 1250.0 -0.40655
4450.0 1250.0 -0.38984
4550.0 1250.0 -0.53157
4650.0 1250.0 -0.79641
4750.0 1250.0 -1.08208
4850.0 1250.0 -1.27093
4950.0 1250.0 -1.31068
5050.0 1250.0 -1.28386
5150.0 1250.0 -1.18041
5250.0 1250.0 -0.91406
5350.0 1250.0 -0.47127
5450.0 1250.0 0.06439
5550.0 1250.0 0.55144
5650.0 1250.0 0.89283
5750.0 1250.0 1.12043
5850.0 1250.0 1.05111
5950.0 1250.0 0.65137
6050.0 1250.0 0.13633
6150.0 1250.0 -0.21995
6250.0 1250.0 -0.23184
6350.0 1250.0 0.09459
50.0 1350.0 0.44590
150.0 1350.0 0.85653
250.0 1350.0 1.43340
350.0 1350.0 1.92241
450.0 1350.0 2.03287
550.0 1350.0 1.69721
650.0 1350.0 1.10708
750.0 1350.0 0.52560
850.0 1350.0 0.01732
950.0 1350.0 -0.28155
1050.0 1350.0 -0.27621
1150.0 1350.0 -0.03419
1250.0 1350.0 0.24606
1350.0 1350.0 0.33697
1450.0 1350.0 0.15366
1550.0 1350.0 -0.15828
1650.0 1350.0 -0.59011
1750.0 1350.0 -0.95552
1850.0 1350.0 -1.03228
1950.0 1350.0 -0.76667
2050.0 1350.0 -0.30545
2150.0 1350.0 0.14460
2250.0 1350.0 0.57929
2350.0 1350.0 1.01092
2450.0 1350.0 1.22545
2550.0 1350.0 1.05880
2650.0 1350.0 0.56425
2750.0 1350.0 -0.00877
2850.0 1350.0 -0.42475
2950.0 1350.0 -0.72935
3050.0 1350.0 -0.86430
3150.0 1350.0 -0.76732
3250.0 1350.0 -0.51025
3350.0 1350.0 -0.25172
3450.0 1350.0 -0.15620
3550.0 1350.0 -0.27959
3650.0 1350.0 -0.48570
3750.0 1350.0 -0.69185
3850.0 1350.0 -0.80773
3950.0 1350.0 -0.75996
4050.0 1350.0 -0.56756
4150.0 1350.0 -0.33644
4250.0 1350.0 -0.17230
4350.0 1350.0 -0.06010
4450.0 1350.0 -0.02827
4550.0 1350.0 -0.11841
4650.0 1350.0 -0.30393
4750.0 1350.0 -0.50641
4850.0 1350.0 -0.63501
4950.0 1350.0 -0.64897
5050.0 1350.0 -0.62842
5150.0 1350.0 -0.65158
5250.0 1350.0 -0.65091
5350.0 1350.0 -0.53336
5450.0 1350.0 -0.27205
5550.0 1350.0 0.07446
5650.0 1350.0 0.41539
5750.0 1350.0 0.69558
5850.0 1350.0 0.70518
5950.0 1350.0 0.40975
6050.0 1350.0 0.00241
6150.0 1350.0 -0.26621
6250.0 1350.0 -0.22249
6350.0 1350.0 0.13263
50.0 1450.0 0.02731
150.0 1450.0 0.43230
250.0 1450.0 0.99932
350.0 1450.0 1.47452
450.0 1450.0 1.57008
550.0 1450.0 1.22183
650.0 1450.0 0.62357
750.0 1450.0 0.03794
850.0 1450.0 -0.46529
950.0 1450.0 -0.72235
1050.0 1450.0 -0.63645
1150.0 1450.0 -0.29788
1250.0 1450.0 0.06390
1350.0 1450.0 0.19811
1450.0 1450.0 0.02012
1550.0 1450.0 -0.29875
1650.0 1450.0 -0.74556
1750.0 1450.0 -1.12949
1850.0 1450.0 -1.21945
1950.0 1450.0 -0.95611
2050.0 1450.0 -0.48691
2150.0 1450.0 -0.02399
2250.0 1450.0 0.43762
2350.0 1450.0 0.96004
2450.0 1450.0 1.32612
2550.0 1450.0 1.32490
2650.0 1450.0 0.95650
2750.0 1450.0 0.43874
2850.0 1450.0 0.01550
2950.0 1450.0 -0.31564
3050.0 1450.0 -0.48687
3150.0 1450.0 -0.42943
3250.0 1450.0 -0.20299
3350.0 1450.0 0.04068
3450.0 1450.0 0.13480
3550.0 1450.0 0.01521
3650.0 1450.0 -0.18898
3750.0 1450.0 -0.40602
3850.0 1450.0 -0.54970
3950.0 1450.0 -0.54053
4050.0 1450.0 -0.38563
4150.0 1450.0 -0.17926
4250.0 1450.0 -0.02363
4350.0 1450.0 0.09217
4450.0 1450.0 0.16784
4550.0 1450.0 0.17158
4650.0 1450.0 0.10730
4750.0 1450.0 0.01629
4850.0 1450.0 -0.04302
4950.0 1450.0 -0.03681
5050.0 1450.0 -0.02819
5150.0 1450.0 -0.16064
5250.0 1450.0 -0.38777
5350.0 1450.0 -0.55735
5450.0 1450.0 -0.55207
5550.0 1450.0 -0.35626
5650.0 1450.0 -0.04816
5750.0 1450.0 0.24431
5850.0 1450.0 0.28252
5950.0 1450.0 0.03449
6050.0 1450.0 -0.31748
6150.0 1450.0 -0.53774
6250.0 1450.0 -0.46379
6350.0 1450.0 -0.09743
50.0 1550.0 -0.46037
150.0 1550.0 -0.05630
250.0 1550.0 0.52094
350.0 1550.0 1.02125
450.0 1550.0 1.15233
550.0 1550.0 0.83983
650.0 1550.0 0.26687
750.0 1550.0 -0.30697
850.0 1550.0 -0.79831
950.0 1550.0 -1.02559
1050.0 1550.0 -0.89033
1150.0 1550.0 -0.49340
1250.0 1550.0 -0.07951
1350.0 1550.0 0.08844
1450.0 1550.0 -0.07477
1550.0 1550.0 -0.38409
1650.0 1550.0 -0.82456
1750.0 1550.0 -1.21163
1850.0 1550.0 -1.31677
1950.0 1550.0 -1.07642
2050.0 1550.0 -0.62901
2150.0 1550.0 -0.18022
2250.0 1550.0 0.27977
2350.0 1550.0 0.85132
2450.0 1550.0 1.32877
2550.0 1550.0 1.47483
2650.0 1550.0 1.24410
2750.0 1550.0 0.81306
2850.0 1550.0 0.41683
2950.0 1550.0 0.09064
3050.0 1550.0 -0.09518
3150.0 1550.0 -0.07811
3250.0 1550.0 0.09116
3350.0 1550.0 0.27890
3450.0 1550.0 0.33621
3550.0 1550.0 0.20434
3650.0 1550.0 -0.00432
3750.0 1550.0 -0.22909
3850.0 1550.0 -0.38420
3950.0 1550.0 -0.38808
4050.0 1550.0 -0.24493
4150.0 1550.0 -0.04679
4250.0 1550.0 0.10429
4350.0 1550.0 0.22400
4450.0 1550.0 0.34888
4550.0 1550.0 0.45604
4650.0 1550.0 0.52212
4750.0 1550.0 0.54695
4850.0 1550.0 0.55503
4950.0 1550.0 0.57491
5050.0 1550.0 0.56651
5150.0 1550.0 0.33567
5250.0 1550.0 -0.09160
5350.0 1550.0 -0.51602
5450.0 1550.0 -0.74426
5550.0 1550.0 -0.69533
5650.0 1550.0 -0.43354
5750.0 1550.0 -0.14832
5850.0 1550.0 -0.10322
5950.0 1550.0 -0.32514
6050.0 1550.0 -0.63858
6150.0 1550.0 -0.82131
6250.0 1550.0 -0.72402
6350.0 1550.0 -0.35304
50.0 1650.0 -0.81687
150.0 1650.0 -0.42886
250.0 1650.0 0.15164
350.0 1650.0 0.69428
450.0 1650.0 0.90869
550.0 1650.0 0.69921
650.0 1650.0 0.21541
750.0 1650.0 -0.30175
850.0 1650.0 -0.75672
950.0 1650.0 -0.99013
1050.0 1650.0 -0.90348
1150.0 1650.0 -0.56961
1250.0 1650.0 -0.19800
1350.0 1650.0 -0.02736
1450.0 1650.0 -0.14561
1550.0 1650.0 -0.39016
1650.0 1650.0 -0.73921
1750.0 1650.0 -1.04031
1850.0 1650.0 -1.10732
1950.0 1650.0 -0.89091
2050.0 1650.0 -0.50758
2150.0 1650.0 -0.12697
2250.0 1650.0 0.26818
2350.0 1650.0 0.78494
2450.0 1650.0 1.25067
2550.0 1650.0 1.44677
2650.0 1650.0 1.31149
2750.0 1650.0 0.97757
2850.0 1650.0 0.64452
2950.0 1650.0 0.36519
3050.0 1650.0 0.21339
3150.0 1650.0 0.22999
3250.0 1650.0 0.35625
3350.0 1650.0 0.47423
3450.0 1650.0 0.46721
3550.0 1650.0 0.29996
3650.0 1650.0 0.07449
3750.0 1650.0 -0.13317
3850.0 1650.0 -0.23047
3950.0 1650.0 -0.15529
4050.0 1650.0 0.05744
4150.0 1650.0 0.28970
4250.0 1650.0 0.43492
4350.0 1650.0 0.54356
4450.0 1650.0 0.70798
4550.0 1650.0 0.91300
4650.0 1650.0 1.10283
4750.0 1650.0 1.23145
4850.0 1650.0 1.28810
4950.0 1650.0 1.29820
5050.0 1650.0 1.25341
5150.0 1650.0 0.93764
5250.0 1650.0 0.35957
5350.0 1650.0 -0.25794
5450.0 1650.0 -0.67529
5550.0 1650.0 -0.76638
5650.0 1650.0 -0.58071
5750.0 1650.0 -0.34334
5850.0 1650.0 -0.31822
5950.0 1650.0 -0.51597
6050.0 1650.0 -0.76943
6150.0 1650.0 -0.88420
6250.0 1650.0 -0.74424
6350.0 1650.0 -0.37242
50.0 1750.0 -0.89787
150.0 1750.0 -0.54656
250.0 1750.0 0.00809
350.0 1750.0 0.57229
450.0 1750.0 0.87517
550.0 1750.0 0.80216
650.0 1750.0 0.45515
750.0 1750.0 0.03927
850.0 1750.0 -0.35110
950.0 1750.0 -0.62150
1050.0 1750.0 -0.67471
1150.0 1750.0 -0.51766
1250.0 1750.0 -0.27526
1350.0 1750.0 -0.12682
1450.0 1750.0 -0.16523
1550.0 1750.0 -0.28614
1650.0 1750.0 -0.45895
1750.0 1750.0 -0.59216
1850.0 1750.0 -0.58135
1950.0 1750.0 -0.40597
2050.0 1750.0 -0.14203
2150.0 1750.0 0.10940
2250.0 1750.0 0.37014
2350.0 1750.0 0.71531
2450.0 1750.0 1.02844
2550.0 1750.0 1.16039
2650.0 1750.0 1.06750
2750.0 1750.0 0.83800
2850.0 1750.0 0.60666
2950.0 1750.0 0.42076
3050.0 1750.0 0.36136
3150.0 1750.0 0.43155
3250.0 1750.0 0.54324
3350.0 1750.0 0.58780
3450.0 1750.0 0.49314
3550.0 1750.0 0.26691
3650.0 1750.0 0.00911
3750.0 1750.0 -0.16850
3850.0 1750.0 -0.16074
3950.0 1750.0 0.05867
4050.0 1750.0 0.39827
4150.0 1750.0 0.69218
4250.0 1750.0 0.82543
4350.0 1750.0 0.90453
4450.0 1750.0 1.08254
4550.0 1750.0 1.34791
4650.0 1750.0 1.61473
4750.0 1750.0 1.79842
4850.0 1750.0 1.86167
4950.0 1750.0 1.83083
5050.0 1750.0 1.73295
5150.0 1750.0 1.38154
5250.0 1750.0 0.77847
5350.0 1750.0 0.12681
5450.0 1750.0 -0.34822
5550.0 1750.0 -0.52115
5650.0 1750.0 -0.43040
5750.0 1750.0 -0.28576
5850.0 1750.0 -0.31540
5950.0 1750.0 -0.50257
6050.0 1750.0 -0.68746
6150.0 1750.0 -0.71457
6250.0 1750.0 -0.51922
6350.0 1750.0 -0.15303
50.0 1850.0 -0.68259
150.0 1850.0 -0.38255
250.0 1850.0 0.10508
350.0 1850.0 0.62961
450.0 1850.0 0.96147
550.0 1850.0 0.98731
650.0 1850.0 0.76931
750.0 1850.0 0.46872
850.0 1850.0 0.15751
950.0 1850.0 -0.15261
1050.0 1850.0 -0.36571
1150.0 1850.0 -0.41142
1250.0 1850.0 -0.31573
1350.0 1850.0 -0.18872
1450.0 1850.0 -0.12929
1550.0 1850.0 -0.10221
1650.0 1850.0 -0.07163
1750.0 1850.0 -0.02061
1850.0 1850.0 0.06129
1950.0 1850.0 0.16694
2050.0 1850.0 0.27492
2150.0 1850.0 0.36741
2250.0 1850.0 0.46208
2350.0 1850.0 0.57926
2450.0 1850.0 0.66853
2550.0 1850.0 0.67503
2650.0 1850.0 0.59172
2750.0 1850.0 0.46456
2850.0 1850.0 0.35085
2950.0 1850.0 0.28017
3050.0 1850.0 0.34614
3150.0 1850.0 0.50776
3250.0 1850.0 0.63455
3350.0 1850.0 0.61910
3450.0 1850.0 0.43523
3550.0 1850.0 0.14165
3650.0 1850.0 -0.15809
3750.0 1850.0 -0.31846
3850.0 1850.0 -0.22188
3950.0 1850.0 0.12429
4050.0 1850.0 0.57491
4150.0 1850.0 0.91814
4250.0 1850.0 1.03056
4350.0 1850.0 1.06910
4450.0 1850.0 1.22893
4550.0 1850.0 1.49671
4650.0 1850.0 1.76775
4750.0 1850.0 1.93814
4850.0 1850.0 1.96118
4950.0 1850.0 1.86822
5050.0 1850.0 1.71567
5150.0 1850.0 1.39597
5250.0 1850.0 0.91836
5350.0 1850.0 0.42345
5450.0 1850.0 0.05823
5550.0 1850.0 -0.10405
5650.0 1850.0 -0.09861
5750.0 1850.0 -0.06737
5850.0 1850.0 -0.17437
5950.0 1850.0 -0.37212
6050.0 1850.0 -0.50405
6150.0 1850.0 -0.45253
6250.0 1850.0 -0.20713
6350.0 1850.0 0.14745
50.0 1950.0 -0.31670
150.0 1950.0 -0.06848
250.0 1950.0 0.32230
350.0 1950.0 0.74099
450.0 1950.0 1.01303
550.0 1950.0 1.05230
650.0 1950.0 0.90622
750.0 1950.0 0.69745
850.0 1950.0 0.45856
950.0 1950.0 0.13474
1050.0 1950.0 -0.17805
1150.0 1950.0 -0.35285
1250.0 1950.0 -0.34433
1350.0 1950.0 -0.21353
1450.0 1950.0 -0.06468
1550.0 1950.0 0.08768
1650.0 1950.0 0.27774
1750.0 1950.0 0.45659
1850.0 1950.0 0.56171
1950.0 1950.0 0.57377
2050.0 1950.0 0.52780
2150.0 1950.0 0.47849
2250.0 1950.0 0.42986
2350.0 1950.0 0.35277
2450.0 1950.0 0.25424
2550.0 1950.0 0.15952
2650.0 1950.0 0.09098
2750.0 1950.0 0.05618
2850.0 1950.0 0.04518
2950.0 1950.0 0.07532
3050.0 1950.0 0.25656
3150.0 1950.0 0.51055
3250.0 1950.0 0.66672
3350.0 1950.0 0.61369
3450.0 1950.0 0.36101
3550.0 1950.0 0.01112
3650.0 1950.0 -0.32907
3750.0 1950.0 -0.50281
3850.0 1950.0 -0.38604
3950.0 1950.0 -0.00083
4050.0 1950.0 0.48293
4150.0 1950.0 0.83146
4250.0 1950.0 0.91646
4350.0 1950.0 0.91682
4450.0 1950.0 1.03887
4550.0 1950.0 1.26375
4650.0 1950.0 1.48177
4750.0 1950.0 1.58972
4850.0 1950.0 1.54726
4950.0 1950.0 1.39252
5050.0 1950.0 1.19922
5150.0 1950.0 0.95841
5250.0 1950.0 0.69637
5350.0 1950.0 0.47325
5450.0 1950.0 0.32648
5550.0 1950.0 0.24879
5650.0 1950.0 0.20075
5750.0 1950.0 0.13289
5850.0 1950.0 -0.04962
5950.0 1950.0 -0.27460
6050.0 1950.0 -0.38388
6150.0 1950.0 -0.28552
6250.0 1950.0 -0.00994
6350.0 1950.0 0.33091
50.0 2050.0 -0.03970
150.0 2050.0 0.17096
250.0 2050.0 0.46442
350.0 2050.0 0.74512
450.0 2050.0 0.89071
550.0 2050.0 0.85909
650.0 2050.0 0.71059
750.0 2050.0 0.54535
850.0 2050.0 0.35386
950.0 2050.0 0.05671
1050.0 2050.0 -0.24827
1150.0 2050.0 -0.41912
1250.0 2050.0 -0.39380
1350.0 2050.0 -0.22365
1450.0 2050.0 -0.01612
1550.0 2050.0 0.20360
1650.0 2050.0 0.46174
1750.0 2050.0 0.67026
1850.0 2050.0 0.73644
1950.0 2050.0 0.65013
2050.0 2050.0 0.49092
2150.0 2050.0 0.35531
2250.0 2050.0 0.22895
2350.0 2050.0 0.06444
2450.0 2050.0 -0.09622
2550.0 2050.0 -0.19388
2650.0 2050.0 -0.20627
2750.0 2050.0 -0.16097
2850.0 2050.0 -0.10720
2950.0 2050.0 -0.01955
3050.0 2050.0 0.22832
3150.0 2050.0 0.53695
3250.0 2050.0 0.71243
3350.0 2050.0 0.64032
3450.0 2050.0 0.34984
3550.0 2050.0 -0.03175
3650.0 2050.0 -0.40030
3750.0 2050.0 -0.61832
3850.0 2050.0 -0.56358
3950.0 2050.0 -0.24784
4050.0 2050.0 0.17315
4150.0 2050.0 0.47619
4250.0 2050.0 0.53348
4350.0 2050.0 0.51046
4450.0 2050.0 0.59926
4550.0 2050.0 0.77573
4650.0 2050.0 0.93335
4750.0 2050.0 0.97863
4850.0 2050.0 0.88254
4950.0 2050.0 0.68841
5050.0 2050.0 0.47611
5150.0 2050.0 0.31262
5250.0 2050.0 0.24070
5350.0 2050.0 0.25805
5450.0 2050.0 0.31342
5550.0 2050.0 0.33140
5650.0 2050.0 0.26580
5750.0 2050.0 0.14088
5850.0 2050.0 -0.09112
5950.0 2050.0 -0.34549
6050.0 2050.0 -0.45973
6150.0 2050.0 -0.35106
6250.0 2050.0 -0.06843
6350.0 2050.0 0.26177
50.0 2150.0 0.00349
150.0 2150.0 0.19569
250.0 2150.0 0.41447
350.0 2150.0 0.56672
450.0 2150.0 0.56797
550.0 2150.0 0.42174
650.0 2150.0 0.21811
750.0 2150.0 0.05150
850.0 2150.0 -0.11985
950.0 2150.0 -0.35779
1050.0 2150.0 -0.56126
1150.0 2150.0 -0.61154
1250.0 2150.0 -0.47983
1350.0 2150.0 -0.24349
1450.0 2150.0 -0.01092
1550.0 2150.0 0.21807
1650.0 2150.0 0.45898
1750.0 2150.0 0.61269
1850.0 2150.0 0.59599
1950.0 2150.0 0.42367
2050.0 2150.0 0.20292
2150.0 2150.0 0.04023
2250.0 2150.0 -0.09584
2350.0 2150.0 -0.23423
2450.0 2150.0 -0.32075
2550.0 2150.0 -0.31165
2650.0 2150.0 -0.21779
2750.0 2150.0 -0.10065
2850.0 2150.0 -0.02013
2950.0 2150.0 0.07962
3050.0 2150.0 0.33836
3150.0 2150.0 0.65153
3250.0 2150.0 0.82201
3350.0 2150.0 0.73752
3450.0 2150.0 0.43392
3550.0 2150.0 0.04420
3650.0 2150.0 -0.33807
3750.0 2150.0 -0.61692
3850.0 2150.0 -0.67825
3950.0 2150.0 -0.50551
4050.0 2150.0 -0.21204
4150.0 2150.0 0.01343
4250.0 2150.0 0.04770
4350.0 2150.0 0.01883
4450.0 2150.0 0.09561
4550.0 2150.0 0.25183
4650.0 2150.0 0.38408
4750.0 2150.0 0.40470
4850.0 2150.0 0.29026
4950.0 2150.0 0.08574
5050.0 2150.0 -0.12798
5150.0 2150.0 -0.25298
5250.0 2150.0 -0.23840
5350.0 2150.0 -0.11132
5450.0 2150.0 0.04005
5550.0 2150.0 0.11056
5650.0 2150.0 0.04958
5750.0 2150.0 -0.08858
5850.0 2150.0 -0.33749
5950.0 2150.0 -0.61104
6050.0 2150.0 -0.74273
6150.0 2150.0 -0.64675
6250.0 2150.0 -0.37184
6350.0 2150.0 -0.04658
50.0 2250.0 -0.09392
150.0 2250.0 0.07963
250.0 2250.0 0.24116
350.0 2250.0 0.29782
450.0 2250.0 0.19014
550.0 2250.0 -0.04666
650.0 2250.0 -0.30049
750.0 2250.0 -0.47942
850.0 2250.0 -0.64188
950.0 2250.0 -0.81733
1050.0 2250.0 -0.90106
1150.0 2250.0 -0.80699
1250.0 2250.0 -0.55171
1350.0 2250.0 -0.24728
1450.0 2250.0 -0.00250
1550.0 2250.0 0.21714
1650.0 2250.0 0.41805
1750.0 2250.0 0.50073
1850.0 2250.0 0.40240
1950.0 2250.0 0.16356
2050.0 2250.0 -0.09096
2150.0 2250.0 -0.25634
2250.0 2250.0 -0.37644
2350.0 2250.0 -0.44847
2450.0 2250.0 -0.41667
2550.0 2250.0 -0.27112
2650.0 2250.0 -0.06560
2750.0 2250.0 0.10881
2850.0 2250.0 0.19438
2950.0 2250.0 0.28321
3050.0 2250.0 0.52641
3150.0 2250.0 0.82232
3250.0 2250.0 0.97943
3350.0 2250.0 0.88878
3450.0 2250.0 0.58531
3550.0 2250.0 0.19831
3650.0 2250.0 -0.19072
3750.0 2250.0 -0.53317
3850.0 2250.0 -0.72603
3950.0 2250.0 -0.71979
4050.0 2250.0 -0.57633
4150.0 2250.0 -0.44123
4250.0 2250.0 -0.43053
4350.0 2250.0 -0.46188
4450.0 2250.0 -0.39548
4550.0 2250.0 -0.25830
4650.0 2250.0 -0.14819
4750.0 2250.0 -0.14569
4850.0 2250.0 -0.26930
4950.0 2250.0 -0.47419
5050.0 2250.0 -0.68196
5150.0 2250.0 -0.77820
5250.0 2250.0 -0.70820
5350.0 2250.0 -0.51385
5450.0 2250.0 -0.30434
5550.0 2250.0 -0.20088
5650.0 2250.0 -0.25569
5750.0 2250.0 -0.39742
5850.0 2250.0 -0.65265
5950.0 2250.0 -0.93761
6050.0 2250.0 -1.08561
6150.0 2250.0 -1.00803
6250.0 2250.0 -0.74944
6350.0 2250.0 -0.43585
50.0 2350.0 -0.39832
150.0 2350.0 -0.27618
250.0 2350.0 -0.13773
350.0 2350.0 -0.06342
450.0 2350.0 -0.12195
550.0 2350.0 -0.30480
650.0 2350.0 -0.53028
750.0 2350.0 -0.71722
850.0 2350.0 -0.88881
950.0 2350.0 -1.03066
1050.0 2350.0 -1.03471
1150.0 2350.0 -0.84049
1250.0 2350.0 -0.50090
1350.0 2350.0 -0.15619
1450.0 2350.0 0.08400
1550.0 2350.0 0.28181
1650.0 2350.0 0.44288
1750.0 2350.0 0.48097
1850.0 2350.0 0.35548
1950.0 2350.0 0.11863
2050.0 2350.0 -0.10982
2150.0 2350.0 -0.24041
2250.0 2350.0 -0.31303
2350.0 2350.0 -0.28580
2450.0 2350.0 -0.12392
2550.0 2350.0 0.13029
2650.0 2350.0 0.38432
2750.0 2350.0 0.54279
2850.0 2350.0 0.57500
2950.0 2350.0 0.60174
3050.0 2350.0 0.78067
3150.0 2350.0 1.03172
3250.0 2350.0 1.18208
3350.0 2350.0 1.11979
3450.0 2350.0 0.85585
3550.0 2350.0 0.49484
3650.0 2350.0 0.11368
3750.0 2350.0 -0.28071
3850.0 2350.0 -0.60255
3950.0 2350.0 -0.77214
4050.0 2350.0 -0.79607
4150.0 2350.0 -0.76803
4250.0 2350.0 -0.78998
4350.0 2350.0 -0.83268
4450.0 2350.0 -0.80518
4550.0 2350.0 -0.73429
4650.0 2350.0 -0.69645
4750.0 2350.0 -0.74804
4850.0 2350.0 -0.89356
4950.0 2350.0 -1.09185
5050.0 2350.0 -1.27864
5150.0 2350.0 -1.31909
5250.0 2350.0 -1.15990
5350.0 2350.0 -0.87181
5450.0 2350.0 -0.59474
5550.0 2350.0 -0.46575
5650.0 2350.0 -0.53034
5750.0 2350.0 -0.68960
5850.0 2350.0 -0.94584
5950.0 2350.0 -1.22064
6050.0 2350.0 -1.36581
6150.0 2350.0 -1.30687
6250.0 2350.0 -1.09000
6350.0 2350.0 -0.83142
50.0 2450.0 -0.78097
150.0 2450.0 -0.74909
250.0 2450.0 -0.60705
350.0 2450.0 -0.40970
450.0 2450.0 -0.26750
550.0 2450.0 -0.25619
650.0 2450.0 -0.37733
750.0 2450.0 -0.56982
850.0 2450.0 -0.77287
950.0 2450.0 -0.92553
1050.0 2450.0 -0.91731
1150.0 2450.0 -0.69951
1250.0 2450.0 -0.34279
1350.0 2450.0 -0.00195
1450.0 2450.0 0.21212
1550.0 2450.0 0.37403
1650.0 2450.0 0.49488
1750.0 2450.0 0.51680
1850.0 2450.0 0.42366
1950.0 2450.0 0.26421
2050.0 2450.0 0.12802
2150.0 2450.0 0.07399
2250.0 2450.0 0.08185
2350.0 2450.0 0.23128
2450.0 2450.0 0.50964
2550.0 2450.0 0.80875
2650.0 2450.0 1.01213
2750.0 2450.0 1.05627
2850.0 2450.0 0.96598
2950.0 2450.0 0.87394
3050.0 2450.0 0.93769
3150.0 2450.0 1.12004
3250.0 2450.0 1.27972
3350.0 2450.0 1.29209
3450.0 2450.0 1.11623
3550.0 2450.0 0.80828
3650.0 2450.0 0.45555
3750.0 2450.0 0.05099
3850.0 2450.0 -0.33936
3950.0 2450.0 -0.62338
4050.0 2450.0 -0.77020
4150.0 2450.0 -0.82987
4250.0 2450.0 -0.88513
4350.0 2450.0 -0.94728
4450.0 2450.0 -0.97755
4550.0 2450.0 -0.99918
4650.0 2450.0 -1.05617
4750.0 2450.0 -1.17196
4850.0 2450.0 -1.33550
4950.0 2450.0 -1.51468
5050.0 2450.0 -1.66557
5150.0 2450.0 -1.63468
5250.0 2450.0 -1.37909
5350.0 2450.0 -1.00658
5450.0 2450.0 -0.68669
5550.0 2450.0 -0.56200
5650.0 2450.0 -0.66004
5750.0 2450.0 -0.85181
5850.0 2450.0 -1.09740
5950.0 2450.0 -1.32582
6050.0 2450.0 -1.43118
6150.0 2450.0 -1.37689
6250.0 2450.0 -1.22128
6350.0 2450.0 -1.06373
50.0 2550.0 -0.99814
150.0 2550.0 -1.07733
250.0 2550.0 -0.93459
350.0 2550.0 -0.59358
450.0 2550.0 -0.21400
550.0 2550.0 0.02789
650.0 2550.0 0.03055
750.0 2550.0 -0.16948
850.0 2550.0 -0.41717
950.0 2550.0 -0.61700
1050.0 2550.0 -0.65732
1150.0 2550.0 -0.48691
1250.0 2550.0 -0.17462
1350.0 2550.0 0.12486
1450.0 2550.0 0.29928
1550.0 2550.0 0.41868
1650.0 2550.0 0.49831
1750.0 2550.0 0.51563
1850.0 2550.0 0.48041
1950.0 2550.0 0.43153
2050.0 2550.0 0.41721
2150.0 2550.0 0.45879
2250.0 2550.0 0.55935
2350.0 2550.0 0.82342
2450.0 2550.0 1.17685
2550.0 2550.0 1.44848
2650.0 2550.0 1.51790
2750.0 2550.0 1.38068
2850.0 2550.0 1.13102
2950.0 2550.0 0.89479
3050.0 2550.0 0.82459
3150.0 2550.0 0.93649
3250.0 2550.0 1.12429
3350.0 2550.0 1.24272
3450.0 2550.0 1.18321
3550.0 2550.0 0.94222
3650.0 2550.0 0.63293
3750.0 2550.0 0.27525
3850.0 2550.0 -0.07996
3950.0 2550.0 -0.35561
4050.0 2550.0 -0.52068
4150.0 2550.0 -0.60915
4250.0 2550.0 -0.68551
4350.0 2550.0 -0.76845
4450.0 2550.0 -0.84802
4550.0 2550.0 -0.93926
4650.0 2550.0 -1.05738
4750.0 2550.0 -1.20240
4850.0 2550.0 -1.35827
4950.0 2550.0 -1.50636
5050.0 2550.0 -1.61695
5150.0 2550.0 -1.52690
5250.0 2550.0 -1.21186
5350.0 2550.0 -0.81043
5450.0 2550.0 -0.50557
5550.0 2550.0 -0.42731
5650.0 2550.0 -0.57737
5750.0 2550.0 -0.80772
5850.0 2550.0 -1.02976
5950.0 2550.0 -1.17915
6050.0 2550.0 -1.20715
6150.0 2550.0 -1.13230
6250.0 2550.0 -1.03536
6350.0 2550.0 -0.99679
50.0 2650.0 -0.90566
150.0 2650.0 -1.08765
250.0 2650.0 -0.97415
350.0 2650.0 -0.56257
450.0 2650.0 -0.04082
550.0 2650.0 0.34708
650.0 2650.0 0.42733
750.0 2650.0 0.21455
850.0 2650.0 -0.07474
950.0 2650.0 -0.33003
1050.0 2650.0 -0.43941
1150.0 2650.0 -0.34235
1250.0 2650.0 -0.09629
1350.0 2650.0 0.15168
1450.0 2650.0 0.28823
1550.0 2650.0 0.36940
1650.0 2650.0 0.40679
1750.0 2650.0 0.40828
1850.0 2650.0 0.40941
1950.0 2650.0 0.44479
2050.0 2650.0 0.52995
2150.0 2650.0 0.65354
2250.0 2650.0 0.83210
2350.0 2650.0 1.17782
2450.0 2650.0 1.56100
2550.0 2650.0 1.76477
2650.0 2650.0 1.67878
2750.0 2650.0 1.36092
2850.0 2650.0 0.96687
2950.0 2650.0 0.60553
3050.0 2650.0 0.42424
3150.0 2650.0 0.48633
3250.0 2650.0 0.71325
3350.0 2650.0 0.93720
3450.0 2650.0 0.98688
3550.0 2650.0 0.80623
3650.0 2650.0 0.54163
3750.0 2650.0 0.27092
3850.0 2650.0 0.03860
3950.0 2650.0 -0.11479
4050.0 2650.0 -0.19346
4150.0 2650.0 -0.24628
4250.0 2650.0 -0.32588
4350.0 2650.0 -0.42361
4450.0 2650.0 -0.52226
4550.0 2650.0 -0.62528
4650.0 2650.0 -0.73502
4750.0 2650.0 -0.85007
4850.0 2650.0 -0.96580
4950.0 2650.0 -1.07799
5050.0 2650.0 -1.15653
5150.0 2650.0 -1.03963
5250.0 2650.0 -0.72429
5350.0 2650.0 -0.36332
5450.0 2650.0 -0.13122
5550.0 2650.0 -0.12995
5650.0 2650.0 -0.33533
5750.0 2650.0 -0.59826
5850.0 2650.0 -0.78984
5950.0 2650.0 -0.84922
6050.0 2650.0 -0.78269
6150.0 2650.0 -0.66525
6250.0 2650.0 -0.60435
6350.0 2650.0 -0.66549
50.0 2750.0 -0.53830
150.0 2750.0 -0.78967
250.0 2750.0 -0.74554
350.0 2750.0 -0.38988
450.0 2750.0 0.09910
550.0 2750.0 0.47370
650.0 2750.0 0.54492
750.0 2750.0 0.31396
850.0 2750.0 0.00105
950.0 2750.0 -0.28408
1050.0 2750.0 -0.42927
1150.0 2750.0 -0.36968
1250.0 2750.0 -0.15769
1350.0 2750.0 0.06290
1450.0 2750.0 0.17806
1550.0 2750.0 0.23400
1650.0 2750.0 0.22874
1750.0 2750.0 0.18631
1850.0 2750.0 0.16629
1950.0 2750.0 0.21383
2050.0 2750.0 0.33567
2150.0 2750.0 0.50203
2250.0 2750.0 0.72478
2350.0 2750.0 1.11253
2450.0 2750.0 1.50297
2550.0 2750.0 1.65545
2650.0 2750.0 1.46917
2750.0 2750.0 1.04091
2850.0 2750.0 0.56211
2950.0 2750.0 0.12937
3050.0 2750.0 -0.11074
3150.0 2750.0 -0.06693
3250.0 2750.0 0.19551
3350.0 2750.0 0.49178
3450.0 2750.0 0.61119
3550.0 2750.0 0.46697
3650.0 2750.0 0.23337
3750.0 2750.0 0.04841
3850.0 2750.0 -0.04169
3950.0 2750.0 -0.03562
4050.0 2750.0 0.01472
4150.0 2750.0 0.02949
4250.0 2750.0 -0.04021
4350.0 2750.0 -0.14277
4450.0 2750.0 -0.22567
4550.0 2750.0 -0.28089
4650.0 2750.0 -0.31703
4750.0 2750.0 -0.35299
4850.0 2750.0 -0.40830
4950.0 2750.0 -0.49009
5050.0 2750.0 -0.55298
5150.0 2750.0 -0.44314
5250.0 2750.0 -0.17453
5350.0 2750.0 0.10340
5450.0 2750.0 0.23939
5550.0 2750.0 0.16316
5650.0 2750.0 -0.08309
5750.0 2750.0 -0.36375
5850.0 2750.0 -0.52823
5950.0 2750.0 -0.51550
6050.0 2750.0 -0.36850
6150.0 2750.0 -0.20278
6250.0 2750.0 -0.14800
6350.0 2750.0 -0.26259
50.0 2850.0 -0.05370
150.0 2850.0 -0.33685
250.0 2850.0 -0.39134
350.0 2850.0 -0.20075
450.0 2850.0 0.09987
550.0 2850.0 0.31775
650.0 2850.0 0.30213
750.0 2850.0 0.04996
850.0 2850.0 -0.26520
950.0 2850.0 -0.53973
1050.0 2850.0 -0.66043
1150.0 2850.0 -0.57022
1250.0 2850.0 -0.33240
1350.0 2850.0 -0.09926
1450.0 2850.0 0.01496
1550.0 2850.0 0.05946
1650.0 2850.0 0.01177
1750.0 2850.0 -0.10281
1850.0 2850.0 -0.20283
1950.0 2850.0 -0.21755
2050.0 2850.0 -0.12427
2150.0 2850.0 0.04379
2250.0 2850.0 0.27771
2350.0 2850.0 0.68129
2450.0 2850.0 1.08533
2550.0 2850.0 1.24057
2650.0 2850.0 1.04393
2750.0 2850.0 0.59760
2850.0 2850.0 0.10097
2950.0 2850.0 -0.34731
3050.0 2850.0 -0.59528
3150.0 2850.0 -0.54447
3250.0 2850.0 -0.26003
3350.0 2850.0 0.06511
3450.0 2850.0 0.20772
3550.0 2850.0 0.07361
3650.0 2850.0 -0.14811
3750.0 2850.0 -0.28078
3850.0 2850.0 -0.27291
3950.0 2850.0 -0.14879
4050.0 2850.0 0.00367
4150.0 2850.0 0.07703
4250.0 2850.0 0.02038
4350.0 2850.0 -0.07856
4450.0 2850.0 -0.12375
4550.0 2850.0 -0.09838
4650.0 2850.0 -0.02992
4750.0 2850.0 0.03109
4850.0 2850.0 0.03714
4950.0 2850.0 -0.02530
5050.0 2850.0 -0.08770
5150.0 2850.0 -0.00406
5250.0 2850.0 0.20268
5350.0 2850.0 0.39646
5450.0 2850.0 0.45136
5550.0 2850.0 0.32126
5650.0 2850.0 0.05587
5750.0 2850.0 -0.22763
5850.0 2850.0 -0.37497
5950.0 2850.0 -0.32252
6050.0 2850.0 -0.12730
6150.0 2850.0 0.07672
6250.0 2850.0 0.14691
6350.0 2850.0 0.02473
50.0 2950.0 0.47027
150.0 2950.0 0.16865
250.0 2950.0 0.01296
350.0 2950.0 0.01584
450.0 2950.0 0.09268
550.0 2950.0 0.11987
650.0 2950.0 -0.00127
750.0 2950.0 -0.27485
850.0 2950.0 -0.58749
950.0 2950.0 -0.84786
1050.0 2950.0 -0.94356
1150.0 2950.0 -0.82569
1250.0 2950.0 -0.56699
1350.0 2950.0 -0.32552
1450.0 2950.0 -0.21403
1550.0 2950.0 -0.18224
1650.0 2950.0 -0.27636
1750.0 2950.0 -0.47171
1850.0 2950.0 -0.66458
1950.0 2950.0 -0.75587
2050.0 2950.0 -0.70323
2150.0 2950.0 -0.54149
2250.0 2950.0 -0.30289
2350.0 2950.0 0.11406
2450.0 2950.0 0.54146
2550.0 2950.0 0.72503
2650.0 2950.0 0.55406
2750.0 2950.0 0.12443
2850.0 2950.0 -0.36526
2950.0 2950.0 -0.80965
3050.0 2950.0 -1.05308
3150.0 2950.0 -0.99439
3250.0 2950.0 -0.69705
3350.0 2950.0 -0.35515
3450.0 2950.0 -0.19540
3550.0 2950.0 -0.31501
3650.0 2950.0 -0.51904
3750.0 2950.0 -0.60920
3850.0 2950.0 -0.53299
3950.0 2950.0 -0.33225
4050.0 2950.0 -0.11653
4150.0 2950.0 -0.00764
4250.0 2950.0 -0.05508
4350.0 2950.0 -0.14669
4450.0 2950.0 -0.14571
4550.0 2950.0 -0.02727
4650.0 2950.0 0.15816
4750.0 2950.0 0.32444
4850.0 2950.0 0.39441
4950.0 2950.0 0.34950
5050.0 2950.0 0.28323
5150.0 2950.0 0.32918
5250.0 2950.0 0.45887
5350.0 2950.0 0.55827
5450.0 2950.0 0.53249
5550.0 2950.0 0.35910
5650.0 2950.0 0.08996
5750.0 2950.0 -0.18118
5850.0 2950.0 -0.30165
5950.0 2950.0 -0.20728
6050.0 2950.0 0.03356
6150.0 2950.0 0.27372
6250.0 2950.0 0.36278
6350.0 2950.0 0.24380
50.0 3050.0 1.05313
150.0 3050.0 0.74450
250.0 3050.0 0.52150
350.0 3050.0 0.39181
450.0 3050.0 0.30602
550.0 3050.0 0.19152
650.0 3050.0 -0.00990
750.0 3050.0 -0.30094
850.0 3050.0 -0.61947
950.0 3050.0 -0.91067
1050.0 3050.0 -1.07362
1150.0 3050.0 -1.05151
1250.0 3050.0 -0.89341
1350.0 3050.0 -0.73004
1450.0 3050.0 -0.66384
1550.0 3050.0 -0.67368
1650.0 3050.0 -0.83296
1750.0 3050.0 -1.10346
1850.0 3050.0 -1.35528
1950.0 3050.0 -1.47300
2050.0 3050.0 -1.41663
2150.0 3050.0 -1.23709
2250.0 3050.0 -0.97838
2350.0 3050.0 -0.53667
2450.0 3050.0 -0.07741
2550.0 3050.0 0.14372
2650.0 3050.0 0.01150
2750.0 3050.0 -0.38355
2850.0 3050.0 -0.84513
2950.0 3050.0 -1.27048
3050.0 3050.0 -1.52460
3150.0 3050.0 -1.49400
3250.0 3050.0 -1.21095
3350.0 3050.0 -0.84694
3450.0 3050.0 -0.62700
3550.0 3050.0 -0.66505
3650.0 3050.0 -0.78464
3750.0 3050.0 -0.80396
3850.0 3050.0 -0.69467
3950.0 3050.0 -0.50821
4050.0 3050.0 -0.33732
4150.0 3050.0 -0.26826
4250.0 3050.0 -0.32360
4350.0 3050.0 -0.40106
4450.0 3050.0 -0.34219
4550.0 3050.0 -0.11296
4650.0 3050.0 0.21033
4750.0 3050.0 0.50148
4850.0 3050.0 0.64987
4950.0 3050.0 0.63110
5050.0 3050.0 0.56128
5150.0 3050.0 0.53345
5250.0 3050.0 0.51845
5350.0 3050.0 0.45733
5450.0 3050.0 0.31778
5550.0 3050.0 0.11358
5650.0 3050.0 -0.11243
5750.0 3050.0 -0.31277
5850.0 3050.0 -0.33875
5950.0 3050.0 -0.14128
6050.0 3050.0 0.17869
6150.0 3050.0 0.45515
6250.0 3050.0 0.54405
6350.0 3050.0 0.41158
50.0 3150.0 1.46007
150.0 3150.0 1.16238
250.0 3150.0 0.93603
350.0 3150.0 0.78329
450.0 3150.0 0.66000
550.0 3150.0 0.50678
650.0 3150.0 0.27982
750.0 3150.0 -0.01901
850.0 3150.0 -0.34773
950.0 3150.0 -0.69204
1050.0 3150.0 -0.97319
1150.0 3150.0 -1.12261
1250.0 3150.0 -1.14796
1350.0 3150.0 -1.13018
1450.0 3150.0 -1.15146
1550.0 3150.0 -1.23448
1650.0 3150.0 -1.47125
1750.0 3150.0 -1.79302
1850.0 3150.0 -2.04376
1950.0 3150.0 -2.11208
2050.0 3150.0 -1.99067
2150.0 3150.0 -1.76335
2250.0 3150.0 -1.46869
2350.0 3150.0 -1.00045
2450.0 3150.0 -0.52155
2550.0 3150.0 -0.27914
2650.0 3150.0 -0.38111
2750.0 3150.0 -0.73466
2850.0 3150.0 -1.14702
2950.0 3150.0 -1.53703
3050.0 3150.0 -1.82636
3150.0 3150.0 -1.87885
3250.0 3150.0 -1.65828
3350.0 3150.0 -1.28102
3450.0 3150.0 -0.96030
3550.0 3150.0 -0.84200
3650.0 3150.0 -0.80048
3750.0 3150.0 -0.71563
3850.0 3150.0 -0.61200
3950.0 3150.0 -0.54199
4050.0 3150.0 -0.53804
4150.0 3150.0 -0.59413
4250.0 3150.0 -0.67673
4350.0 3150.0 -0.73555
4450.0 3150.0 -0.62943
4550.0 3150.0 -0.31834
4650.0 3150.0 0.10477
4750.0 3150.0 0.48755
4850.0 3150.0 0.69742
4950.0 3150.0 0.70596
5050.0 3150.0 0.63559
5150.0 3150.0 0.51333
5250.0 3150.0 0.31915
5350.0 3150.0 0.07649
5450.0 3150.0 -0.16513
5550.0 3150.0 -0.35545
5650.0 3150.0 -0.47638
5750.0 3150.0 -0.54080
5850.0 3150.0 -0.41081
5950.0 3150.0 -0.07411
6050.0 3150.0 0.31968
6150.0 3150.0 0.59257
6250.0 3150.0 0.63469
6350.0 3150.0 0.46265
50.0 3250.0 1.46210
150.0 3250.0 1.19024
250.0 3250.0 1.02418
350.0 3250.0 0.96165
450.0 3250.0 0.93300
550.0 3250.0 0.85175
650.0 3250.0 0.65933
750.0 3250.0 0.36415
850.0 3250.0 0.03021
950.0 3250.0 -0.33917
1050.0 3250.0 -0.69049
1150.0 3250.0 -0.96079
1250.0 3250.0 -1.13468
1350.0 3250.0 -1.25299
1450.0 3250.0 -1.37310
1550.0 3250.0 -1.54225
1650.0 3250.0 -1.85032
1750.0 3250.0 -2.18894
1850.0 3250.0 -2.38211
1950.0 3250.0 -2.34073
2050.0 3250.0 -2.11132
2150.0 3250.0 -1.81889
2250.0 3250.0 -1.48317
2350.0 3250.0 -1.00252
2450.0 3250.0 -0.53873
2550.0 3250.0 -0.31818
2650.0 3250.0 -0.42486
2750.0 3250.0 -0.75145
2850.0 3250.0 -1.10861
2950.0 3250.0 -1.45697
3050.0 3250.0 -1.80240
3150.0 3250.0 -1.98242
3250.0 3250.0 -1.86975
3350.0 3250.0 -1.50326
3450.0 3250.0 -1.07396
3550.0 3250.0 -0.76642
3650.0 3250.0 -0.52707
3750.0 3250.0 -0.32108
3850.0 3250.0 -0.23944
3950.0 3250.0 -0.33195
4050.0 3250.0 -0.55078
4150.0 3250.0 -0.77132
4250.0 3250.0 -0.89005
4350.0 3250.0 -0.93247
4450.0 3250.0 -0.81598
4550.0 3250.0 -0.50173
4650.0 3250.0 -0.07869
4750.0 3250.0 0.30643
4850.0 3250.0 0.52543
4950.0 3250.0 0.55032
5050.0 3250.0 0.48429
5150.0 3250.0 0.28507
5250.0 3250.0 -0.04793
5350.0 3250.0 -0.40989
5450.0 3250.0 -0.68243
5550.0 3250.0 -0.79752
5650.0 3250.0 -0.77299
5750.0 3250.0 -0.67292
5850.0 3250.0 -0.37881
5950.0 3250.0 0.06948
6050.0 3250.0 0.47687
6150.0 3250.0 0.67438
6250.0 3250.0 0.61479
6350.0 3250.0 0.38155
50.0 3350.0 1.06155
150.0 3350.0 0.81919
250.0 3350.0 0.74142
350.0 3350.0 0.82307
450.0 3350.0 0.95469
550.0 3350.0 1.00218
650.0 3350.0 0.87620
750.0 3350.0 0.59149
850.0 3350.0 0.26356
950.0 3350.0 -0.06957
1050.0 3350.0 -0.37352
1150.0 3350.0 -0.61940
1250.0 3350.0 -0.81190
1350.0 3350.0 -0.98727
1450.0 3350.0 -1.18130
1550.0 3350.0 -1.42431
1650.0 3350.0 -1.78291
1750.0 3350.0 -2.11287
1850.0 3350.0 -2.22676
1950.0 3350.0 -2.06393
2050.0 3350.0 -1.72522
2150.0 3350.0 -1.37226
2250.0 3350.0 -1.00362
2350.0 3350.0 -0.53224
2450.0 3350.0 -0.12092
2550.0 3350.0 0.03248
2650.0 3350.0 -0.12018
2750.0 3350.0 -0.44714
2850.0 3350.0 -0.76117
2950.0 3350.0 -1.07471
3050.0 3350.0 -1.48208
3150.0 3350.0 -1.79907
3250.0 3350.0 -1.81184
3350.0 3350.0 -1.48151
3450.0 3350.0 -0.97207
3550.0 3350.0 -0.50134
3650.0 3350.0 -0.08660
3750.0 3350.0 0.23220
3850.0 3350.0 0.30633
3950.0 3350.0 0.08532
4050.0 3350.0 -0.31682
4150.0 3350.0 -0.67457
4250.0 3350.0 -0.82321
4350.0 3350.0 -0.85674
4450.0 3350.0 -0.77175
4550.0 3350.0 -0.53770
4650.0 3350.0 -0.21927
4750.0 3350.0 0.07400
4850.0 3350.0 0.24446
4950.0 3350.0 0.26904
5050.0 3350.0 0.21140
5150.0 3350.0 -0.01999
5250.0 3350.0 -0.40116
5350.0 3350.0 -0.77385
5450.0 3350.0 -0.98794
5550.0 3350.0 -0.98432
5650.0 3350.0 -0.81731
5750.0 3350.0 -0.57552
5850.0 3350.0 -0.16545
5950.0 3350.0 0.32016
6050.0 3350.0 0.66101
6150.0 3350.0 0.72016
6250.0 3350.0 0.52634
6350.0 3350.0 0.22664
50.0 3450.0 0.50026
150.0 3450.0 0.27731
250.0 3450.0 0.26238
350.0 3450.0 0.44900
450.0 3450.0 0.69887
550.0 3450.0 0.84247
650.0 3450.0 0.76684
750.0 3450.0 0.49054
850.0 3450.0 0.17963
950.0 3450.0 -0.05804
1050.0 3450.0 -0.19530
1150.0 3450.0 -0.26025
1250.0 3450.0 -0.32070
1350.0 3450.0 -0.44942
1450.0 3450.0 -0.66989
1550.0 3450.0 -0.95572
1650.0 3450.0 -1.34142
1750.0 3450.0 -1.66155
1850.0 3450.0 -1.72325
1950.0 3450.0 -1.48430
2050.0 3450.0 -1.07872
2150.0 3450.0 -0.68968
2250.0 3450.0 -0.30510
2350.0 3450.0 0.14041
2450.0 3450.0 0.48143
2550.0 3450.0 0.54713
2650.0 3450.0 0.32525
2750.0 3450.0 -0.02633
2850.0 3450.0 -0.32072
2950.0 3450.0 -0.61579
3050.0 3450.0 -1.07190
3150.0 3450.0 -1.49366
3250.0 3450.0 -1.61018
3350.0 3450.0 -1.32776
3450.0 3450.0 -0.78703
3550.0 3450.0 -0.22446
3650.0 3450.0 0.29552
3750.0 3450.0 0.69765
3850.0 3450.0 0.80198
3950.0 3450.0 0.54882
4050.0 3450.0 0.07771
4150.0 3450.0 -0.33760
4250.0 3450.0 -0.49804
4350.0 3450.0 -0.53119
4450.0 3450.0 -0.49984
4550.0 3450.0 -0.38459
4650.0 3450.0 -0.21788
4750.0 3450.0 -0.05969
4850.0 3450.0 0.03336
4950.0 3450.0 0.04501
5050.0 3450.0 -0.00352
5150.0 3450.0 -0.22074
5250.0 3450.0 -0.56145
5350.0 3450.0 -0.85307
5450.0 3450.0 -0.95372
5550.0 3450.0 -0.83217
5650.0 3450.0 -0.56862
5750.0 3450.0 -0.24731
5850.0 3450.0 0.20111
5950.0 3450.0 0.64587
6050.0 3450.0 0.86717
6150.0 3450.0 0.77153
6250.0 3450.0 0.45343
6350.0 3450.0 0.10200
50.0 3550.0 0.05039
150.0 3550.0 -0.16959
250.0 3550.0 -0.17831
350.0 3550.0 0.01715
450.0 3550.0 0.27598
550.0 3550.0 0.42613
650.0 3550.0 0.35348
750.0 3550.0 0.07738
850.0 3550.0 -0.21090
950.0 3550.0 -0.32372
1050.0 3550.0 -0.23017
1150.0 3550.0 -0.02284
1250.0 3550.0 0.14471
1350.0 3550.0 0.13716
1450.0 3550.0 -0.06651
1550.0 3550.0 -0.36368
1650.0 3550.0 -0.76200
1750.0 3550.0 -1.09142
1850.0 3550.0 -1.15467
1950.0 3550.0 -0.90964
2050.0 3550.0 -0.49494
2150.0 3550.0 -0.09877
2250.0 3550.0 0.28567
2350.0 3550.0 0.70071
2450.0 3550.0 0.97789
2550.0 3550.0 0.96510
2650.0 3550.0 0.67642
2750.0 3550.0 0.28996
2850.0 3550.0 -0.00639
2950.0 3550.0 -0.29930
3050.0 3550.0 -0.78179
3150.0 3550.0 -1.25762
3250.0 3550.0 -1.43476
3350.0 3550.0 -1.19533
3450.0 3550.0 -0.66553
3550.0 3550.0 -0.08533
3650.0 3550.0 0.46440
3750.0 3550.0 0.91724
3850.0 3550.0 1.09035
3950.0 3550.0 0.90620
4050.0 3550.0 0.48684
4150.0 3550.0 0.09829
4250.0 3550.0 -0.05483
4350.0 3550.0 -0.09286
4450.0 3550.0 -0.11078
4550.0 3550.0 -0.09834
4650.0 3550.0 -0.06163
4750.0 3550.0 -0.01995
4850.0 3550.0 0.00385
4950.0 3550.0 -0.00078
5050.0 3550.0 -0.04249
5150.0 3550.0 -0.21993
5250.0 3550.0 -0.47528
5350.0 3550.0 -0.65118
5450.0 3550.0 -0.63731
5550.0 3550.0 -0.43412
5650.0 3550.0 -0.13297
5750.0 3550.0 0.20325
5850.0 3550.0 0.62537
5950.0 3550.0 0.98505
6050.0 3550.0 1.08090
6150.0 3550.0 0.85957
6250.0 3550.0 0.45680
6350.0 3550.0 0.07758
50.0 3650.0 -0.27968
150.0 3650.0 -0.50542
250.0 3650.0 -0.53105
350.0 3650.0 -0.36316
450.0 3650.0 -0.13508
550.0 3650.0 -0.00978
650.0 3650.0 -0.09549
750.0 3650.0 -0.37398
850.0 3650.0 -0.64070
950.0 3650.0 -0.63578
1050.0 3650.0 -0.32193
1150.0 3650.0 0.14972
1250.0 3650.0 0.54417
1350.0 3650.0 0.66397
1450.0 3650.0 0.48747
1550.0 3650.0 0.19087
1650.0 3650.0 -0.20711
1750.0 3650.0 -0.53833
1850.0 3650.0 -0.60682
1950.0 3650.0 -0.36980
2050.0 3650.0 0.03646
2150.0 3650.0 0.42577
2250.0 3650.0 0.79853
2350.0 3650.0 1.17569
2450.0 3650.0 1.39054
2550.0 3650.0 1.31047
2650.0 3650.0 0.97129
2750.0 3650.0 0.56356
2850.0 3650.0 0.27127
2950.0 3650.0 -0.01355
3050.0 3650.0 -0.50596
3150.0 3650.0 -1.01992
3250.0 3650.0 -1.25858
3350.0 3650.0 -1.08639
3450.0 3650.0 -0.60792
3550.0 3650.0 -0.05319
3650.0 3650.0 0.48649
3750.0 3650.0 0.96534
3850.0 3650.0 1.21116
3950.0 3650.0 1.12847
4050.0 3650.0 0.80596
4150.0 3650.0 0.47802
4250.0 3650.0 0.34045
4350.0 3650.0 0.29663
4450.0 3650.0 0.23910
4550.0 3650.0 0.17276
4650.0 3650.0 0.11287
4750.0 3650.0 0.07075
4850.0 3650.0 0.04742
4950.0 3650.0 0.03476
5050.0 3650.0 0.00362
5150.0 3650.0 -0.12833
5250.0 3650.0 -0.29665
5350.0 3650.0 -0.36594
5450.0 3650.0 -0.25810
5550.0 3650.0 0.00092
5650.0 3650.0 0.31635
5750.0 3650.0 0.64788
5850.0 3650.0 1.03508
5950.0 3650.0 1.32086
6050.0 3650.0 1.32093
6150.0 3650.0 1.01069
6250.0 3650.0 0.55124
6350.0 3650.0 0.15387
50.0 3750.0 -0.38065
150.0 3750.0 -0.62751
250.0 3750.0 -0.67327
350.0 3750.0 -0.51807
450.0 3750.0 -0.29120
550.0 3750.0 -0.15819
650.0 3750.0 -0.23516
750.0 3750.0 -0.51027
850.0 3750.0 -0.76692
950.0 3750.0 -0.71185
1050.0 3750.0 -0.30457
1150.0 3750.0 0.27975
1250.0 3750.0 0.77206
1350.0 3750.0 0.94841
1450.0 3750.0 0.78634
1550.0 3750.0 0.50249
1650.0 3750.0 0.15727
1750.0 3750.0 -0.09052
1850.0 3750.0 -0.07903
1950.0 3750.0 0.20340
2050.0 3750.0 0.60876
2150.0 3750.0 0.96357
2250.0 3750.0 1.28498
2350.0 3750.0 1.57791
2450.0 3750.0 1.70478
2550.0 3750.0 1.57851
2650.0 3750.0 1.25572
2750.0 3750.0 0.91139
2850.0 3750.0 0.69488
2950.0 3750.0 0.48392
3050.0 3750.0 0.04269
3150.0 3750.0 -0.49770
3250.0 3750.0 -0.86788
3350.0 3750.0 -0.90065
3450.0 3750.0 -0.62425
3550.0 3750.0 -0.20825
3650.0 3750.0 0.22756
3750.0 3750.0 0.64591
3850.0 3750.0 0.91187
3950.0 3750.0 0.92837
4050.0 3750.0 0.73887
4150.0 3750.0 0.51099
4250.0 3750.0 0.40117
4350.0 3750.0 0.35186
4450.0 3750.0 0.27401
4550.0 3750.0 0.18042
4650.0 3750.0 0.10413
4750.0 3750.0 0.06785
4850.0 3750.0 0.07100
4950.0 3750.0 0.09423
5050.0 3750.0 0.10248
5150.0 3750.0 0.02289
5250.0 3750.0 -0.08835
5350.0 3750.0 -0.11325
5450.0 3750.0 0.01622
5550.0 3750.0 0.27741
5650.0 3750.0 0.58772
5750.0 3750.0 0.91653
5850.0 3750.0 1.31589
5950.0 3750.0 1.62869
6050.0 3750.0 1.65828
6150.0 3750.0 1.36661
6250.0 3750.0 0.90752
6350.0 3750.0 0.49487
50.0 3850.0 -0.21023
150.0 3850.0 -0.49627
250.0 3850.0 -0.56593
350.0 3850.0 -0.40586
450.0 3850.0 -0.14538
550.0 3850.0 0.03369
650.0 3850.0 -0.00889
750.0 3850.0 -0.27384
850.0 3850.0 -0.53559
950.0 3850.0 -0.51901
1050.0 3850.0 -0.18470
1150.0 3850.0 0.31336
1250.0 3850.0 0.73408
1350.0 3850.0 0.87379
1450.0 3850.0 0.70908
1550.0 3850.0 0.44957
1650.0 3850.0 0.20316
1750.0 3850.0 0.10939
1850.0 3850.0 0.26520
1950.0 3850.0 0.62480
2050.0 3850.0 1.02049
2150.0 3850.0 1.30440
2250.0 3850.0 1.52811
2350.0 3850.0 1.68416
2450.0 3850.0 1.69657
2550.0 3850.0 1.55334
2650.0 3850.0 1.32954
2750.0 3850.0 1.15049
2850.0 3850.0 1.09466
2950.0 3850.0 1.03987
3050.0 3850.0 0.75363
3150.0 3850.0 0.26343
3250.0 3850.0 -0.24296
3350.0 3850.0 -0.57415
3450.0 3850.0 -0.63697
3550.0 3850.0 -0.48326
3650.0 3850.0 -0.26265
3750.0 3850.0 -0.01376
3850.0 3850.0 0.19599
3950.0 3850.0 0.29092
4050.0 3850.0 0.26083
4150.0 3850.0 0.16979
4250.0 3850.0 0.09966
4350.0 3850.0 0.04435
4450.0 3850.0 -0.03753
4550.0 3850.0 -0.11081
4650.0 3850.0 -0.12557
4750.0 3850.0 -0.06534
4850.0 3850.0 0.04198
4950.0 3850.0 0.15048
5050.0 3850.0 0.23138
5150.0 3850.0 0.20768
5250.0 3850.0 0.10882
5350.0 3850.0 0.04308
5450.0 3850.0 0.09819
5550.0 3850.0 0.29183
5650.0 3850.0 0.57244
5750.0 3850.0 0.89973
5850.0 3850.0 1.35726
5950.0 3850.0 1.79580
6050.0 3850.0 1.97659
6150.0 3850.0 1.80632
6250.0 3850.0 1.40010
6350.0 3850.0 0.97144
50.0 3950.0 0.09687
150.0 3950.0 -0.23728
250.0 3950.0 -0.33274
350.0 3950.0 -0.15921
450.0 3950.0 0.15192
550.0 3950.0 0.39586
650.0 3950.0 0.40027
750.0 3950.0 0.14883
850.0 3950.0 -0.12770
950.0 3950.0 -0.20541
1050.0 3950.0 -0.04874
1150.0 3950.0 0.23782
1250.0 3950.0 0.48013
1350.0 3950.0 0.52421
1450.0 3950.0 0.34569
1550.0 3950.0 0.11267
1650.0 3950.0 -0.03286
1750.0 3950.0 0.02292
1850.0 3950.0 0.30722
1950.0 3950.0 0.71846
2050.0 3950.0 1.07673
2150.0 3950.0 1.26664
2250.0 3950.0 1.37021
2350.0 3950.0 1.36593
2450.0 3950.0 1.25569
2550.0 3950.0 1.11586
2650.0 3950.0 1.03699
2750.0 3950.0 1.07642
2850.0 3950.0 1.22383
2950.0 3950.0 1.37233
3050.0 3950.0 1.33451
3150.0 3950.0 1.01548
3250.0 3950.0 0.47329
3350.0 3950.0 -0.11181
3450.0 3950.0 -0.52838
3550.0 3950.0 -0.68512
3650.0 3950.0 -0.73596
3750.0 3950.0 -0.71978
3850.0 3950.0 -0.62299
3950.0 3950.0 -0.48374
4050.0 3950.0 -0.36264
4150.0 3950.0 -0.31130
4250.0 3950.0 -0.33902
4350.0 3950.0 -0.40176
4450.0 3950.0 -0.48805
4550.0 3950.0 -0.53475
4650.0 3950.0 -0.47120
4750.0 3950.0 -0.28920
4850.0 3950.0 -0.05112
4950.0 3950.0 0.16393
5050.0 3950.0 0.33310
5150.0 3950.0 0.36101
5250.0 3950.0 0.23996
5350.0 3950.0 0.07542
5450.0 3950.0 -0.00561
5550.0 3950.0 0.07726
5650.0 3950.0 0.31366
5750.0 3950.0 0.63851
5850.0 3950.0 1.16441
5950.0 3950.0 1.75094
6050.0 3950.0 2.10894
6150.0 3950.0 2.07969
6250.0 3950.0 1.73297
6350.0 3950.0 1.28254
50.0 4050.0 0.33398
150.0 4050.0 -0.04334
250.0 4050.0 -0.16365
350.0 4050.0 0.01841
450.0 4050.0 0.37055
550.0 4050.0 0.66877
650.0 4050.0 0.71310
750.0 4050.0 0.47329
850.0 4050.0 0.18300
950.0 4050.0 0.01801
1050.0 4050.0 0.01031
1150.0 4050.0 0.10111
1250.0 4050.0 0.17816
1350.0 4050.0 0.13351
1450.0 4050.0 -0.05806
1550.0 4050.0 -0.27282
1650.0 4050.0 -0.35935
1750.0 4050.0 -0.22905
1850.0 4050.0 0.09862
1950.0 4050.0 0.49435
2050.0 4050.0 0.78433
2150.0 4050.0 0.88283
2250.0 4050.0 0.87950
2350.0 4050.0 0.73283
2450.0 4050.0 0.51408
2550.0 4050.0 0.37811
2650.0 4050.0 0.42900
2750.0 4050.0 0.66339
2850.0 4050.0 0.99184
2950.0 4050.0 1.33046
3050.0 4050.0 1.57272
3150.0 4050.0 1.52210
3250.0 4050.0 1.09130
3350.0 4050.0 0.40652
3450.0 4050.0 -0.25098
3550.0 4050.0 -0.66634
3650.0 4050.0 -0.96019
3750.0 4050.0 -1.16054
3850.0 4050.0 -1.18304
3950.0 4050.0 -1.02767
4050.0 4050.0 -0.79273
4150.0 4050.0 -0.62696
4250.0 4050.0 -0.62002
4350.0 4050.0 -0.69170
4450.0 4050.0 -0.79880
4550.0 4050.0 -0.85631
4650.0 4050.0 -0.76647
4750.0 4050.0 -0.51505
4850.0 4050.0 -0.18406
4950.0 4050.0 0.11973
5050.0 4050.0 0.36696
5150.0 4050.0 0.43696
5250.0 4050.0 0.28812
5350.0 4050.0 0.02540
5450.0 4050.0 -0.18609
5550.0 4050.0 -0.20750
5650.0 4050.0 -0.01198
5750.0 4050.0 0.30792
5850.0 4050.0 0.87193
5950.0 4050.0 1.54195
6050.0 4050.0 1.99570
6150.0 4050.0 2.03524
6250.0 4050.0 1.70636
6350.0 4050.0 1.22669
50.0 4150.0 0.32997
150.0 4150.0 -0.07431
250.0 4150.0 -0.21612
350.0 4150.0 -0.04141
450.0 4150.0 0.32033
550.0 4150.0 0.63826
650.0 4150.0 0.69939
750.0 4150.0 0.46510
850.0 4150.0 0.17248
950.0 4150.0 -0.01224
1050.0 4150.0 -0.05748
1150.0 4150.0 -0.01088
1250.0 4150.0 0.02984
1350.0 4150.0 -0.03287
1450.0 4150.0 -0.22490
1550.0 4150.0 -0.43541
1650.0 4150.0 -0.52511
1750.0 4150.0 -0.42329
1850.0 4150.0 -0.15794
1950.0 4150.0 0.15228
2050.0 4150.0 0.35829
2150.0 4150.0 0.39293
2250.0 4150.0 0.32476
2350.0 4150.0 0.08557
2450.0 4150.0 -0.21298
2550.0 4150.0 -0.36538
2650.0 4150.0 -0.25378
2750.0 4150.0 0.08700
2850.0 4150.0 0.52084
2950.0 4150.0 0.98214
3050.0 4150.0 1.45365
3150.0 4150.0 1.68624
3250.0 4150.0 1.47439
3350.0 4150.0 0.86517
3450.0 4150.0 0.14346
3550.0 4150.0 -0.40660
3650.0 4150.0 -0.84473
3750.0 4150.0 -1.17324
3850.0 4150.0 -1.26563
3950.0 4150.0 -1.09943
4050.0 4150.0 -0.79576
4150.0 4150.0 -0.56135
4250.0 4150.0 -0.53365
4350.0 4150.0 -0.61499
4450.0 4150.0 -0.76602
4550.0 4150.0 -0.89440
4650.0 4150.0 -0.87009
4750.0 4150.0 -0.65036
4850.0 4150.0 -0.30811
4950.0 4150.0 0.03698
5050.0 4150.0 0.33154
5150.0 4150.0 0.43439
5250.0 4150.0 0.28537
5350.0 4150.0 -0.01493
5450.0 4150.0 -0.28513
5550.0 4150.0 -0.35699
5650.0 4150.0 -0.18267
5750.0 4150.0 0.12966
5850.0 4150.0 0.67788
5950.0 4150.0 1.31602
6050.0 4150.0 1.72193
6150.0 4150.0 1.70651
6250.0 4150.0 1.32888
6350.0 4150.0 0.81520
50.0 4250.0 0.05860
150.0 4250.0 -0.35479
250.0 4250.0 -0.51440
350.0 4250.0 -0.36441
450.0 4250.0 -0.02743
550.0 4250.0 0.27233
650.0 4250.0 0.32494
750.0 4250.0 0.08947
850.0 4250.0 -0.19092
950.0 4250.0 -0.31011
1050.0 4250.0 -0.23286
1150.0 4250.0 -0.03913
1250.0 4250.0 0.12820
1350.0 4250.0 0.13699
1450.0 4250.0 -0.03915
1550.0 4250.0 -0.25751
1650.0 4250.0 -0.39967
1750.0 4250.0 -0.40330
1850.0 4250.0 -0.27261
1950.0 4250.0 -0.08688
2050.0 4250.0 0.03949
2150.0 4250.0 0.04522
2250.0 4250.0 -0.04194
2350.0 4250.0 -0.32122
2450.0 4250.0 -0.67253
2550.0 4250.0 -0.86914
2650.0 4250.0 -0.77738
2750.0 4250.0 -0.43022
2850.0 4250.0 0.02533
2950.0 4250.0 0.52928
3050.0 4250.0 1.13541
3150.0 4250.0 1.59100
3250.0 4250.0 1.62181
3350.0 4250.0 1.19723
3450.0 4250.0 0.55653
3550.0 4250.0 -0.00392
3650.0 4250.0 -0.47668
3750.0 4250.0 -0.82758
3850.0 4250.0 -0.91805
3950.0 4250.0 -0.72494
4050.0 4250.0 -0.38252
4150.0 4250.0 -0.11814
4250.0 4250.0 -0.08204
4350.0 4250.0 -0.17274
4450.0 4250.0 -0.38536
4550.0 4250.0 -0.63473
4650.0 4250.0 -0.75690
4750.0 4250.0 -0.66197
4850.0 4250.0 -0.38732
4950.0 4250.0 -0.05023
5050.0 4250.0 0.25867
5150.0 4250.0 0.38977
5250.0 4250.0 0.28235
5350.0 4250.0 0.02565
5450.0 4250.0 -0.21118
5550.0 4250.0 -0.26631
5650.0 4250.0 -0.08935
5750.0 4250.0 0.21393
5850.0 4250.0 0.69862
5950.0 4250.0 1.20253
6050.0 4250.0 1.43419
6150.0 4250.0 1.25652
6250.0 4250.0 0.77475
6350.0 4250.0 0.22678
50.0 4350.0 -0.27359
150.0 4350.0 -0.68268
250.0 4350.0 -0.86296
350.0 4350.0 -0.75887
450.0 4350.0 -0.47721
550.0 4350.0 -0.22155
650.0 4350.0 -0.18707
750.0 4350.0 -0.41586
850.0 4350.0 -0.66764
950.0 4350.0 -0.68846
1050.0 4350.0 -0.44109
1150.0 4350.0 -0.04992
1250.0 4350.0 0.28379
1350.0 4350.0 0.38585
1450.0 4350.0 0.23214
1550.0 4350.0 0.00722
1650.0 4350.0 -0.19126
1750.0 4350.0 -0.30471
1850.0 4350.0 -0.30660
1950.0 4350.0 -0.23365
2050.0 4350.0 -0.16802
2150.0 4350.0 -0.17037
2250.0 4350.0 -0.25376
2350.0 4350.0 -0.54670
2450.0 4350.0 -0.93693
2550.0 4350.0 -1.19166
2650.0 4350.0 -1.16066
2750.0 4350.0 -0.85822
2850.0 4350.0 -0.42408
2950.0 4350.0 0.08048
3050.0 4350.0 0.76635
3150.0 4350.0 1.39746
3250.0 4350.0 1.65608
3350.0 4350.0 1.44037
3450.0 4350.0 0.92739
3550.0 4350.0 0.40162
3650.0 4350.0 -0.06566
3750.0 4350.0 -0.40454
3850.0 4350.0 -0.47492
3950.0 4350.0 -0.25738
4050.0 4350.0 0.10783
4150.0 4350.0 0.38814
4250.0 4350.0 0.43228
4350.0 4350.0 0.33926
4450.0 4350.0 0.07543
4550.0 4350.0 -0.28587
4650.0 4350.0 -0.55316
4750.0 4350.0 -0.59141
4850.0 4350.0 -0.39869
4950.0 4350.0 -0.08388
5050.0 4350.0 0.22636
5150.0 4350.0 0.37535
5250.0 4350.0 0.30756
5350.0 4350.0 0.10370
5450.0 4350.0 -0.08266
5550.0 4350.0 -0.10430
5650.0 4350.0 0.08493
5750.0 4350.0 0.38325
5850.0 4350.0 0.79706
5950.0 4350.0 1.14627
6050.0 4350.0 1.17813
6150.0 4350.0 0.81820
6250.0 4350.0 0.22539
6350.0 4350.0 -0.35046
50.0 4450.0 -0.41785
150.0 4450.0 -0.77419
250.0 4450.0 -0.99302
350.0 4450.0 -1.01721
450.0 4450.0 -0.89371
550.0 4450.0 -0.75134
650.0 4450.0 -0.73431
750.0 4450.0 -0.89163
850.0 4450.0 -1.04582
950.0 4450.0 -0.95806
1050.0 4450.0 -0.60926
1150.0 4450.0 -0.14449
1250.0 4450.0 0.23062
1350.0 4450.0 0.35632
1450.0 4450.0 0.22789
1550.0 4450.0 0.02546
1650.0 4450.0 -0.17585
1750.0 4450.0 -0.31385
1850.0 4450.0 -0.34214
1950.0 4450.0 -0.27719
2050.0 4450.0 -0.19110
2150.0 4450.0 -0.15010
2250.0 4450.0 -0.18086
2350.0 4450.0 -0.42124
2450.0 4450.0 -0.80104
2550.0 4450.0 -1.12012
2650.0 4450.0 -1.21820
2750.0 4450.0 -1.06085
2850.0 4450.0 -0.74148
2950.0 4450.0 -0.32791
3050.0 4450.0 0.32457
3150.0 4450.0 1.02520
3250.0 4450.0 1.45111
3350.0 4450.0 1.44119
3450.0 4450.0 1.08847
3550.0 4450.0 0.63097
3650.0 4450.0 0.19120
3750.0 4450.0 -0.14760
3850.0 4450.0 -0.24822
3950.0 4450.0 -0.07340
4050.0 4450.0 0.26085
4150.0 4450.0 0.53993
4250.0 4450.0 0.61323
4350.0 4450.0 0.55962
4450.0 4450.0 0.33336
4550.0 4450.0 -0.00530
4650.0 4450.0 -0.27431
4750.0 4450.0 -0.33445
4850.0 4450.0 -0.16740
4950.0 4450.0 0.13350
5050.0 4450.0 0.43229
5150.0 4450.0 0.54358
5250.0 4450.0 0.41548
5350.0 4450.0 0.15270
5450.0 4450.0 -0.06844
5550.0 4450.0 -0.09183
5650.0 4450.0 0.12034
5750.0 4450.0 0.44137
5850.0 4450.0 0.82828
5950.0 4450.0 1.08824
6050.0 4450.0 0.99835
6150.0 4450.0 0.53121
6250.0 4450.0 -0.11476
6350.0 4450.0 -0.68172
50.0 4550.0 -0.31249
150.0 4550.0 -0.55401
250.0 4550.0 -0.81431
350.0 4550.0 -1.03174
450.0 4550.0 -1.14961
550.0 4550.0 -1.16927
650.0 4550.0 -1.14968
750.0 4550.0 -1.15342
850.0 4550.0 -1.12948
950.0 4550.0 -0.93591
1050.0 4550.0 -0.59688
1150.0 4550.0 -0.24192
1250.0 4550.0 -0.00538
1350.0 4550.0 0.04360
1450.0 4550.0 -0.05957
1550.0 4550.0 -0.20644
1650.0 4550.0 -0.35760
1750.0 4550.0 -0.43927
1850.0 4550.0 -0.39260
1950.0 4550.0 -0.23241
2050.0 4550.0 -0.04109
2150.0 4550.0 0.10240
2250.0 4550.0 0.18604
2350.0 4550.0 0.09559
2450.0 4550.0 -0.18040
2550.0 4550.0 -0.52990
2650.0 4550.0 -0.80328
2750.0 4550.0 -0.89119
2850.0 4550.0 -0.79437
2950.0 4550.0 -0.58499
3050.0 4550.0 -0.12019
3150.0 4550.0 0.48701
3250.0 4550.0 0.96382
3350.0 4550.0 1.11762
3450.0 4550.0 0.94188
3550.0 4550.0 0.58766
3650.0 4550.0 0.20254
3750.0 4550.0 -0.14597
3850.0 4550.0 -0.32806
3950.0 4550.0 -0.26506
4050.0 4550.0 -0.01592
4150.0 4550.0 0.24764
4250.0 4550.0 0.37718
4350.0 4550.0 0.41179
4450.0 4550.0 0.31863
4550.0 4550.0 0.14136
4650.0 4550.0 0.01390
4750.0 4550.0 0.03943
4850.0 4550.0 0.23263
4950.0 4550.0 0.52557
5050.0 4550.0 0.79923
5150.0 4550.0 0.81917
5250.0 4550.0 0.53795
5350.0 4550.0 0.11677
5450.0 4550.0 -0.20995
5550.0 4550.0 -0.25806
5650.0 4550.0 -0.00476
5750.0 4550.0 0.37323
5850.0 4550.0 0.79338
5950.0 4550.0 1.05797
6050.0 4550.0 0.95964
6150.0 4550.0 0.49337
6250.0 4550.0 -0.12508
6350.0 4550.0 -0.63573
50.0 4650.0 -0.05048
150.0 4650.0 -0.14085
250.0 4650.0 -0.41929
350.0 4650.0 -0.81733
450.0 4650.0 -1.16462
550.0 4650.0 -1.32497
650.0 4650.0 -1.26717
750.0 4650.0 -1.07047
850.0 4650.0 -0.83103
950.0 4650.0 -0.55292
1050.0 4650.0 -0.31741
1150.0 4650.0 -0.21017
1250.0 4650.0 -0.24201
1350.0 4650.0 -0.34226
1450.0 4650.0 -0.42467
1550.0 4650.0 -0.50182
1650.0 4650.0 -0.59135
1750.0 4650.0 -0.60499
1850.0 4650.0 -0.46743
1950.0 4650.0 -0.19033
2050.0 4650.0 0.13181
2150.0 4650.0 0.40401
2250.0 4650.0 0.63727
2350.0 4650.0 0.76950
2450.0 4650.0 0.68973
2550.0 4650.0 0.38196
2650.0 4650.0 -0.04224
2750.0 4650.0 -0.39867
2850.0 4650.0 -0.57286
2950.0 4650.0 -0.62893
3050.0 4650.0 -0.45399
3150.0 4650.0 -0.06975
3250.0 4650.0 0.34112
3350.0 4650.0 0.58643
3450.0 4650.0 0.56642
3550.0 4650.0 0.32616
3650.0 4650.0 0.01039
3750.0 4650.0 -0.34639
3850.0 4650.0 -0.62321
3950.0 4650.0 -0.69124
4050.0 4650.0 -0.54054
4150.0 4650.0 -0.29133
4250.0 4650.0 -0.08964
4350.0 4650.0 0.05589
4450.0 4650.0 0.12898
4550.0 4650.0 0.15215
4650.0 4650.0 0.19938
4750.0 4650.0 0.32960
4850.0 4650.0 0.55380
4950.0 4650.0 0.83622
5050.0 4650.0 1.08006
5150.0 4650.0 0.99918
5250.0 4650.0 0.55474
5350.0 4650.0 -0.02827
5450.0 4650.0 -0.45379
5550.0 4650.0 -0.51217
5650.0 4650.0 -0.20141
5750.0 4650.0 0.25214
5850.0 4650.0 0.74535
5950.0 4650.0 1.08191
6050.0 4650.0 1.05793
6150.0 4650.0 0.67052
6250.0 4650.0 0.13491
6350.0 4650.0 -0.29133
50.0 4750.0 0.19126
150.0 4750.0 0.24325
250.0 4750.0 -0.01725
350.0 4750.0 -0.51453
450.0 4750.0 -0.99305
550.0 4750.0 -1.21615
650.0 4750.0 -1.08892
750.0 4750.0 -0.70505
850.0 4750.0 -0.27544
950.0 4750.0 0.05961
1050.0 4750.0 0.16648
1150.0 4750.0 0.00842
1250.0 4750.0 -0.30122
1350.0 4750.0 -0.55607
1450.0 4750.0 -0.62415
1550.0 4750.0 -0.64368
1650.0 4750.0 -0.70689
1750.0 4750.0 -0.71468
1850.0 4750.0 -0.56240
1950.0 4750.0 -0.23822
2050.0 4750.0 0.16848
2150.0 4750.0 0.54906
2250.0 4750.0 0.92188
2350.0 4750.0 1.28544
2450.0 4750.0 1.44247
2550.0 4750.0 1.24616
2650.0 4750.0 0.75108
2750.0 4750.0 0.19070
2850.0 4750.0 -0.21841
2950.0 4750.0 -0.51680
3050.0 4750.0 -0.62680
3150.0 4750.0 -0.49116
3250.0 4750.0 -0.19910
3350.0 4750.0 0.07588
3450.0 4750.0 0.16501
3550.0 4750.0 0.01974
3650.0 4750.0 -0.23215
3750.0 4750.0 -0.58567
3850.0 4750.0 -0.92615
3950.0 4750.0 -1.08514
4050.0 4750.0 -0.99906
4150.0 4750.0 -0.74860
4250.0 4750.0 -0.47853
4350.0 4750.0 -0.23732
4450.0 4750.0 -0.04393
4550.0 4750.0 0.09996
4650.0 4750.0 0.22939
4750.0 4750.0 0.38648
4850.0 4750.0 0.59805
4950.0 4750.0 0.86048
5050.0 4750.0 1.08116
5150.0 4750.0 0.93832
5250.0 4750.0 0.40676
5350.0 4750.0 -0.24591
5450.0 4750.0 -0.69153
5550.0 4750.0 -0.71716
5650.0 4750.0 -0.34345
5750.0 4750.0 0.17874
5850.0 4750.0 0.74311
5950.0 4750.0 1.15599
6050.0 4750.0 1.21381
6150.0 4750.0 0.91098
6250.0 4750.0 0.45828
6350.0 4750.0 0.11027
50.0 4850.0 0.24283
150.0 4850.0 0.38724
250.0 4850.0 0.17229
350.0 4850.0 -0.32079
450.0 4850.0 -0.80235
550.0 4850.0 -0.99867
650.0 4850.0 -0.79395
750.0 4850.0 -0.29015
850.0 4850.0 0.25496
950.0 4850.0 0.62933
1050.0 4850.0 0.66809
1150.0 4850.0 0.36144
1250.0 4850.0 -0.10592
1350.0 4850.0 -0.44852
1450.0 4850.0 -0.50682
1550.0 4850.0 -0.50058
1650.0 4850.0 -0.59979
1750.0 4850.0 -0.70277
1850.0 4850.0 -0.66113
1950.0 4850.0 -0.41208
2050.0 4850.0 -0.01328
2150.0 4850.0 0.41963
2250.0 4850.0 0.88136
2350.0 4850.0 1.41381
2450.0 4850.0 1.77062
2550.0 4850.0 1.71130
2650.0 4850.0 1.23454
2750.0 4850.0 0.58650
2850.0 4850.0 0.04395
2950.0 4850.0 -0.40060
3050.0 4850.0 -0.68342
3150.0 4850.0 -0.69978
3250.0 4850.0 -0.48205
3350.0 4850.0 -0.19160
3450.0 4850.0 -0.03812
3550.0 4850.0 -0.12648
3650.0 4850.0 -0.33749
3750.0 4850.0 -0.67269
3850.0 4850.0 -1.01872
3950.0 4850.0 -1.19162
4050.0 4850.0 -1.10807
4150.0 4850.0 -0.83520
4250.0 4850.0 -0.51851
4350.0 4850.0 -0.22680
4450.0 4850.0 -0.01297
4550.0 4850.0 0.09745
4650.0 4850.0 0.14262
4750.0 4850.0 0.19569
4850.0 4850.0 0.32721
4950.0 4850.0 0.55874
5050.0 4850.0 0.77063
5150.0 4850.0 0.63116
5250.0 4850.0 0.13175
5350.0 4850.0 -0.45520
5450.0 4850.0 -0.81527
5550.0 4850.0 -0.76151
5650.0 4850.0 -0.33373
5750.0 4850.0 0.22807
5850.0 4850.0 0.81989
5950.0 4850.0 1.24606
6050.0 4850.0 1.31115
6150.0 4850.0 1.02083
6250.0 4850.0 0.59428
6350.0 4850.0 0.28673
50.0 4950.0 0.05284
150.0 4950.0 0.22915
250.0 4950.0 0.06707
350.0 4950.0 -0.34938
450.0 4950.0 -0.74200
550.0 4950.0 -0.85508
650.0 4950.0 -0.58814
750.0 4950.0 -0.04468
850.0 4950.0 0.53563
950.0 4950.0 0.94852
1050.0 4950.0 1.02249
1150.0 4950.0 0.74066
1250.0 4950.0 0.28672
1350.0 4950.0 -0.04821
1450.0 4950.0 -0.09754
1550.0 4950.0 -0.09872
1650.0 4950.0 -0.28908
1750.0 4950.0 -0.57246
1850.0 4950.0 -0.74809
1950.0 4950.0 -0.68180
2050.0 4950.0 -0.37789
2150.0 4950.0 0.04818
2250.0 4950.0 0.53841
2350.0 4950.0 1.14761
2450.0 4950.0 1.61989
2550.0 4950.0 1.67383
2650.0 4950.0 1.26969
2750.0 4950.0 0.63799
2850.0 4950.0 0.06973
2950.0 4950.0 -0.40967
3050.0 4950.0 -0.71697
3150.0 4950.0 -0.73253
3250.0 4950.0 -0.48431
3350.0 4950.0 -0.14588
3450.0 4950.0 0.05010
3550.0 4950.0 -0.01727
3650.0 4950.0 -0.21407
3750.0 4950.0 -0.52013
3850.0 4950.0 -0.81876
3950.0 4950.0 -0.93437
4050.0 4950.0 -0.79725
4150.0 4950.0 -0.48633
4250.0 4950.0 -0.14945
4350.0 4950.0 0.14414
4450.0 4950.0 0.28118
4550.0 4950.0 0.21526
4650.0 4950.0 0.02736
4750.0 4950.0 -0.13634
4850.0 4950.0 -0.13996
4950.0 4950.0 0.05378
5050.0 4950.0 0.27083
5150.0 4950.0 0.19099
5250.0 4950.0 -0.17787
5350.0 4950.0 -0.59227
5450.0 4950.0 -0.78912
5550.0 4950.0 -0.62859
5650.0 4950.0 -0.16347
5750.0 4950.0 0.40427
5850.0 4950.0 0.96572
5950.0 4950.0 1.31584
6050.0 4950.0 1.28064
6150.0 4950.0 0.90006
6250.0 4950.0 0.42242
6350.0 4950.0 0.10917
50.0 5050.0 -0.21667
150.0 5050.0 -0.03544
250.0 5050.0 -0.15001
350.0 5050.0 -0.47404
450.0 5050.0 -0.75497
550.0 5050.0 -0.77280
650.0 5050.0 -0.45431
750.0 5050.0 0.09714
850.0 5050.0 0.68244
950.0 5050.0 1.13614
1050.0 5050.0 1.28853
1150.0 5050.0 1.10052
1250.0 5050.0 0.72560
1350.0 5050.0 0.43242
1450.0 5050.0 0.38792
1550.0 5050.0 0.36537
1650.0 5050.0 0.07397
1750.0 5050.0 -0.39921
1850.0 5050.0 -0.80654
1950.0 5050.0 -0.94495
2050.0 5050.0 -0.76356
2150.0 5050.0 -0.37350
2250.0 5050.0 0.11134
2350.0 5050.0 0.74772
2450.0 5050.0 1.28866
2550.0 5050.0 1.43711
2650.0 5050.0 1.12371
2750.0 5050.0 0.55067
2850.0 5050.0 0.00164
2950.0 5050.0 -0.46663
3050.0 5050.0 -0.73865
3150.0 5050.0 -0.69295
3250.0 5050.0 -0.37332
3350.0 5050.0 0.02565
3450.0 5050.0 0.25607
3550.0 5050.0 0.19711
3650.0 5050.0 0.00631
3750.0 5050.0 -0.26262
3850.0 5050.0 -0.48964
3950.0 5050.0 -0.51947
4050.0 5050.0 -0.31001
4150.0 5050.0 0.03937
4250.0 5050.0 0.38015
4350.0 5050.0 0.65193
4450.0 5050.0 0.67627
4550.0 5050.0 0.39042
4650.0 5050.0 -0.06869
4750.0 5050.0 -0.47209
4850.0 5050.0 -0.61755
4950.0 5050.0 -0.45902
5050.0 5050.0 -0.23040
5150.0 5050.0 -0.23269
5250.0 5050.0 -0.44678
5350.0 5050.0 -0.67171
5450.0 5050.0 -0.70500
5550.0 5050.0 -0.45355
5650.0 5050.0 0.02501
5750.0 5050.0 0.57245
5850.0 5050.0 1.06964
5950.0 5050.0 1.30469
6050.0 5050.0 1.13355
6150.0 5050.0 0.63700
6250.0 5050.0 0.09319
6350.0 5050.0 -0.23470
50.0 5150.0 -0.39770
150.0 5150.0 -0.24605
250.0 5150.0 -0.34221
350.0 5150.0 -0.59327
450.0 5150.0 -0.77280
550.0 5150.0 -0.70211
650.0 5150.0 -0.34313
750.0 5150.0 0.19704
850.0 5150.0 0.76816
950.0 5150.0 1.25383
1050.0 5150.0 1.48339
1150.0 5150.0 1.38666
1250.0 5150.0 1.07910
1350.0 5150.0 0.80416
1450.0 5150.0 0.73261
1550.0 5150.0 0.67107
1650.0 5150.0 0.33207
1750.0 5150.0 -0.21239
1850.0 5150.0 -0.72026
1950.0 5150.0 -0.97755
2050.0 5150.0 -0.91120
2150.0 5150.0 -0.61689
2250.0 5150.0 -0.21965
2350.0 5150.0 0.34971
2450.0 5150.0 0.88668
2550.0 5150.0 1.11287
2650.0 5150.0 0.93149
2750.0 5150.0 0.48426
2850.0 5150.0 0.00962
2950.0 5150.0 -0.40444
3050.0 5150.0 -0.61745
3150.0 5150.0 -0.52096
3250.0 5150.0 -0.17262
3350.0 5150.0 0.23177
3450.0 5150.0 0.45693
3550.0 5150.0 0.39732
3650.0 5150.0 0.22026
3750.0 5150.0 0.01855
3850.0 5150.0 -0.09503
3950.0 5150.0 -0.01063
4050.0 5150.0 0.26919
4150.0 5150.0 0.62522
4250.0 5150.0 0.92293
4350.0 5150.0 1.12691
4450.0 5150.0 1.01866
4550.0 5150.0 0.54130
4650.0 5150.0 -0.11376
4750.0 5150.0 -0.66194
4850.0 5150.0 -0.87445
4950.0 5150.0 -0.72011
5050.0 5150.0 -0.46678
5150.0 5150.0 -0.38232
5250.0 5150.0 -0.46659
5350.0 5150.0 -0.58409
5450.0 5150.0 -0.58409
5550.0 5150.0 -0.38218
5650.0 5150.0 -0.00361
5750.0 5150.0 0.42801
5850.0 5150.0 0.78382
5950.0 5150.0 0.88304
6050.0 5150.0 0.63009
6150.0 5150.0 0.12372
6250.0 5150.0 -0.38269
6350.0 5150.0 -0.67018
50.0 5250.0 -0.41666
150.0 5250.0 -0.33912
250.0 5250.0 -0.46269
350.0 5250.0 -0.68304
450.0 5250.0 -0.79549
550.0 5250.0 -0.66289
650.0 5250.0 -0.28712
750.0 5250.0 0.21606
850.0 5250.0 0.74786
950.0 5250.0 1.24594
1050.0 5250.0 1.53476
1150.0 5250.0 1.50644
1250.0 5250.0 1.23483
1350.0 5250.0 0.93946
1450.0 5250.0 0.79936
1550.0 5250.0 0.68033
1650.0 5250.0 0.37892
1750.0 5250.0 -0.05386
1850.0 5250.0 -0.45610
1950.0 5250.0 -0.68806
2050.0 5250.0 -0.70595
2150.0 5250.0 -0.57659
2250.0 5250.0 -0.37027
2350.0 5250.0 0.00631
2450.0 5250.0 0.43164
2550.0 5250.0 0.69311
2650.0 5250.0 0.67581
2750.0 5250.0 0.42642
2850.0 5250.0 0.09181
2950.0 5250.0 -0.21578
3050.0 5250.0 -0.34640
3150.0 5250.0 -0.22374
3250.0 5250.0 0.08618
3350.0 5250.0 0.41529
3450.0 5250.0 0.57883
3550.0 5250.0 0.50567
3650.0 5250.0 0.35004
3750.0 5250.0 0.23915
3850.0 5250.0 0.26338
3950.0 5250.0 0.46298
4050.0 5250.0 0.78018
4150.0 5250.0 1.08531
4250.0 5250.0 1.27725
4350.0 5250.0 1.36007
4450.0 5250.0 1.12058
4550.0 5250.0 0.53989
4650.0 5250.0 -0.15117
4750.0 5250.0 -0.66666
4850.0 5250.0 -0.81744
4950.0 5250.0 -0.61947
5050.0 5250.0 -0.32492
5150.0 5250.0 -0.14078
5250.0 5250.0 -0.12297
5350.0 5250.0 -0.23067
5450.0 5250.0 -0.35513
5550.0 5250.0 -0.37459
5650.0 5250.0 -0.23591
5750.0 5250.0 -0.03716
5850.0 5250.0 0.09260
5950.0 5250.0 0.05346
6050.0 5250.0 -0.18443
6150.0 5250.0 -0.54174
6250.0 5250.0 -0.86541
6350.0 5250.0 -1.03949
50.0 5350.0 -0.28165
150.0 5350.0 -0.30406
250.0 5350.0 -0.49213
350.0 5350.0 -0.72800
450.0 5350.0 -0.81993
550.0 5350.0 -0.66367
650.0 5350.0 -0.29692
750.0 5350.0 0.15309
850.0 5350.0 0.63030
950.0 5350.0 1.11912
1050.0 5350.0 1.43642
1150.0 5350.0 1.43887
1250.0 5350.0 1.16474
1350.0 5350.0 0.81635
1450.0 5350.0 0.58335
1550.0 5350.0 0.40146
1650.0 5350.0 0.20740
1750.0 5350.0 0.03000
1850.0 5350.0 -0.10064
1950.0 5350.0 -0.18156
2050.0 5350.0 -0.23904
2150.0 5350.0 -0.30467
2250.0 5350.0 -0.34543
2350.0 5350.0 -0.23989
2450.0 5350.0 -0.00645
2550.0 5350.0 0.23891
2650.0 5350.0 0.37707
2750.0 5350.0 0.34861
2850.0 5350.0 0.18506
2950.0 5350.0 0.01018
3050.0 5350.0 -0.03339
3150.0 5350.0 0.08760
3250.0 5350.0 0.30549
3350.0 5350.0 0.50075
3450.0 5350.0 0.56357
3550.0 5350.0 0.46783
3650.0 5350.0 0.33498
3750.0 5350.0 0.30908
3850.0 5350.0 0.44738
3950.0 5350.0 0.71715
4050.0 5350.0 1.01389
4150.0 5350.0 1.21385
4250.0 5350.0 1.26112
4350.0 5350.0 1.19949
4450.0 5350.0 0.86387
4550.0 5350.0 0.29630
4650.0 5350.0 -0.25844
4750.0 5350.0 -0.56870
4850.0 5350.0 -0.54235
4950.0 5350.0 -0.26323
5050.0 5350.0 0.08155
5150.0 5350.0 0.37429
5250.0 5350.0 0.48411
5350.0 5350.0 0.34068
5450.0 5350.0 0.01419
5550.0 5350.0 -0.31360
5650.0 5350.0 -0.48734
5750.0 5350.0 -0.58108
5850.0 5350.0 -0.70735
5950.0 5350.0 -0.85559
6050.0 5350.0 -0.98833
6150.0 5350.0 -1.07729
6250.0 5350.0 -1.11976
6350.0 5350.0 -1.13587
50.0 5450.0 -0.08506
150.0 5450.0 -0.20082
250.0 5450.0 -0.46159
350.0 5450.0 -0.73770
450.0 5450.0 -0.84212
550.0 5450.0 -0.69083
650.0 5450.0 -0.34685
750.0 5450.0 0.05203
850.0 5450.0 0.47742
950.0 5450.0 0.94512
1050.0 5450.0 1.26442
1150.0 5450.0 1.26622
1250.0 5450.0 0.96529
1350.0 5450.0 0.55508
1450.0 5450.0 0.23495
1550.0 5450.0 0.00062
1650.0 5450.0 -0.06965
1750.0 5450.0 0.03482
1850.0 5450.0 0.21135
1950.0 5450.0 0.32012
2050.0 5450.0 0.25673
2150.0 5450.0 0.02091
2250.0 5450.0 -0.24621
2350.0 5450.0 -0.40056
2450.0 5450.0 -0.36845
2550.0 5450.0 -0.17110
2650.0 5450.0 0.07884
2750.0 5450.0 0.23387
2850.0 5450.0 0.22156
2950.0 5450.0 0.16576
3050.0 5450.0 0.19307
3150.0 5450.0 0.29670
3250.0 5450.0 0.41153
3350.0 5450.0 0.46813
3450.0 5450.0 0.42950
3550.0 5450.0 0.31086
3650.0 5450.0 0.19521
3750.0 5450.0 0.22289
3850.0 5450.0 0.41748
3950.0 5450.0 0.69212
4050.0 5450.0 0.91799
4150.0 5450.0 0.99149
4250.0 5450.0 0.89981
4350.0 5450.0 0.71265
4450.0 5450.0 0.32975
4550.0 5450.0 -0.14448
4650.0 5450.0 -0.47306
4750.0 5450.0 -0.50506
4850.0 5450.0 -0.26257
4950.0 5450.0 0.10460
5050.0 5450.0 0.49633
5150.0 5450.0 0.89779
5250.0 5450.0 1.11232
5350.0 5450.0 0.96359
5450.0 5450.0 0.47845
5550.0 5450.0 -0.11392
5650.0 5450.0 -0.56690
5750.0 5450.0 -0.92389
5850.0 5450.0 -1.26623
5950.0 5450.0 -1.47929
6050.0 5450.0 -1.47283
6150.0 5450.0 -1.27833
6250.0 5450.0 -1.04096
6350.0 5450.0 -0.90687
50.0 5550.0 0.04133
150.0 5550.0 -0.13182
250.0 5550.0 -0.43891
350.0 5550.0 -0.74310
450.0 5550.0 -0.85931
550.0 5550.0 -0.71460
650.0 5550.0 -0.38647
750.0 5550.0 -0.01922
850.0 5550.0 0.37399
950.0 5550.0 0.82589
1050.0 5550.0 1.14102
1150.0 5550.0 1.13593
1250.0 5550.0 0.81307
1350.0 5550.0 0.36199
1450.0 5550.0 -0.01203
1550.0 5550.0 -0.27840
1650.0 5550.0 -0.27312
1750.0 5550.0 0.00345
1850.0 5550.0 0.36751
1950.0 5550.0 0.59206
2050.0 5550.0 0.52500
2150.0 5550.0 0.18520
2250.0 5550.0 -0.22100
2350.0 5550.0 -0.53895
2450.0 5550.0 -0.63920
2550.0 5550.0 -0.48263
2650.0 5550.0 -0.17443
2750.0 5550.0 0.08690
2850.0 5550.0 0.16566
2950.0 5550.0 0.18255
3050.0 5550.0 0.25287
3150.0 5550.0 0.34527
3250.0 5550.0 0.39641
3350.0 5550.0 0.36764
3450.0 5550.0 0.26665
3550.0 5550.0 0.13393
3650.0 5550.0 0.02616
3750.0 5550.0 0.06851
3850.0 5550.0 0.26134
3950.0 5550.0 0.49384
4050.0 5550.0 0.63626
4150.0 5550.0 0.60865
4250.0 5550.0 0.42610
4350.0 5550.0 0.16434
4450.0 5550.0 -0.23214
4550.0 5550.0 -0.61812
4650.0 5550.0 -0.76919
4750.0 5550.0 -0.59585
4850.0 5550.0 -0.20001
4950.0 5550.0 0.22648
5050.0 5550.0 0.65122
5150.0 5550.0 1.15240
5250.0 5550.0 1.50015
5350.0 5550.0 1.43629
5450.0 5550.0 0.93414
5550.0 5550.0 0.22894
5650.0 5550.0 -0.38143
5750.0 5550.0 -0.89869
5850.0 5550.0 -1.36927
5950.0 5550.0 -1.61396
6050.0 5550.0 -1.51223
6150.0 5550.0 -1.13520
6250.0 5550.0 -0.72108
6350.0 5550.0 -0.49361
50.0 5650.0 0.01908
150.0 5650.0 -0.16779
250.0 5650.0 -0.47805
350.0 5650.0 -0.77261
450.0 5650.0 -0.87156
550.0 5650.0 -0.71124
650.0 5650.0 -0.37780
750.0 5650.0 -0.01718
850.0 5650.0 0.36840
950.0 5650.0 0.82191
1050.0 5650.0 1.14691
1150.0 5650.0 1.15316
1250.0 5650.0 0.83569
1350.0 5650.0 0.37990
1450.0 5650.0 -0.00735
1550.0 5650.0 -0.28668
1650.0 5650.0 -0.28589
1750.0 5650.0 -0.01022
1850.0 5650.0 0.34712
1950.0 5650.0 0.55325
2050.0 5650.0 0.45692
2150.0 5650.0 0.08279
2250.0 5650.0 -0.36051
2350.0 5650.0 -0.71960
2450.0 5650.0 -0.84967
2550.0 5650.0 -0.69684
2650.0 5650.0 -0.36652
2750.0 5650.0 -0.07277
2850.0 5650.0 0.03144
2950.0 5650.0 0.06906
3050.0 5650.0 0.15792
3150.0 5650.0 0.26091
3250.0 5650.0 0.31166
3350.0 5650.0 0.27466
3450.0 5650.0 0.16551
3550.0 5650.0 0.03107
3650.0 5650.0 -0.07687
3750.0 5650.0 -0.04639
3850.0 5650.0 0.11423
3950.0 5650.0 0.29578
4050.0 5650.0 0.38041
4150.0 5650.0 0.30454
4250.0 5650.0 0.09219
4350.0 5650.0 -0.19047
4450.0 5650.0 -0.59594
4550.0 5650.0 -0.96890
4650.0 5650.0 -1.08565
4750.0 5650.0 -0.86908
4850.0 5650.0 -0.43918
4950.0 5650.0 0.00143
5050.0 5650.0 0.44287
5150.0 5650.0 1.03133
5250.0 5650.0 1.54055
5350.0 5650.0 1.65925
5450.0 5650.0 1.29724
5550.0 5650.0 0.64996
5650.0 5650.0 0.02095
5750.0 5650.0 -0.54034
5850.0 5650.0 -1.05279
5950.0 5650.0 -1.32133
6050.0 5650.0 -1.21350
6150.0 5650.0 -0.80513
6250.0 5650.0 -0.35437
6350.0 5650.0 -0.10478
50.0 5750.0 -0.05138
150.0 5750.0 -0.23220
250.0 5750.0 -0.52402
350.0 5750.0 -0.78895
450.0 5750.0 -0.85585
550.0 5750.0 -0.67095
650.0 5750.0 -0.32625
750.0 5750.0 0.03425
850.0 5750.0 0.41785
950.0 5750.0 0.87432
1050.0 5750.0 1.21015
1150.0 5750.0 1.23406
1250.0 5750.0 0.93622
1350.0 5750.0 0.49583
1450.0 5750.0 0.11705
1550.0 5750.0 -0.16413
1650.0 5750.0 -0.20322
1750.0 5750.0 -0.00750
1850.0 5750.0 0.25399
1950.0 5750.0 0.38067
2050.0 5750.0 0.24498
2150.0 5750.0 -0.12886
2250.0 5750.0 -0.56069
2350.0 5750.0 -0.90860
2450.0 5750.0 -1.03057
2550.0 5750.0 -0.87464
2650.0 5750.0 -0.54533
2750.0 5750.0 -0.25333
2850.0 5750.0 -0.14858
2950.0 5750.0 -0.10737
3050.0 5750.0 -0.00531
3150.0 5750.0 0.12025
3250.0 5750.0 0.19586
3350.0 5750.0 0.17787
3450.0 5750.0 0.07696
3550.0 5750.0 -0.05889
3650.0 5750.0 -0.17334
3750.0 5750.0 -0.16200
3850.0 5750.0 -0.03267
3950.0 5750.0 0.11521
4050.0 5750.0 0.17463
4150.0 5750.0 0.08809
4250.0 5750.0 -0.12227
4350.0 5750.0 -0.40138
4450.0 5750.0 -0.81726
4550.0 5750.0 -1.21989
4650.0 5750.0 -1.37926
4750.0 5750.0 -1.20498
4850.0 5750.0 -0.80358
4950.0 5750.0 -0.37298
5050.0 5750.0 0.07594
5150.0 5750.0 0.74294
5250.0 5750.0 1.41968
5350.0 5750.0 1.75379
5450.0 5750.0 1.58861
5550.0 5750.0 1.06247
5650.0 5750.0 0.46665
5750.0 5750.0 -0.09436
5850.0 5750.0 -0.61041
5950.0 5750.0 -0.88946
6050.0 5750.0 -0.79898
6150.0 5750.0 -0.41098
6250.0 5750.0 0.02211
6350.0 5750.0 0.26039
50.0 5850.0 -0.00063
150.0 5850.0 -0.15188
250.0 5850.0 -0.40211
350.0 5850.0 -0.62693
450.0 5850.0 -0.67269
550.0 5850.0 -0.49182
650.0 5850.0 -0.16798
750.0 5850.0 0.16897
850.0 5850.0 0.52360
950.0 5850.0 0.93212
1050.0 5850.0 1.22157
1150.0 5850.0 1.22838
1250.0 5850.0 0.95310
1350.0 5850.0 0.56230
1450.0 5850.0 0.23774
1550.0 5850.0 -0.00893
1650.0 5850.0 -0.09356
1750.0 5850.0 -0.01840
1850.0 5850.0 0.10540
1950.0 5850.0 0.14294
2050.0 5850.0 0.00580
2150.0 5850.0 -0.29258
2250.0 5850.0 -0.63456
2350.0 5850.0 -0.93091
2450.0 5850.0 -1.06767
2550.0 5850.0 -0.98811
2650.0 5850.0 -0.75775
2750.0 5850.0 -0.53366
2850.0 5850.0 -0.43780
2950.0 5850.0 -0.38027
3050.0 5850.0 -0.24828
3150.0 5850.0 -0.09049
3250.0 5850.0 0.00089
3350.0 5850.0 -0.02682
3450.0 5850.0 -0.15715
3550.0 5850.0 -0.32805
3650.0 5850.0 -0.47786
3750.0 5850.0 -0.49807
3850.0 5850.0 -0.37282
3950.0 5850.0 -0.18511
4050.0 5850.0 -0.05025
4150.0 5850.0 -0.05548
4250.0 5850.0 -0.20600
4350.0 5850.0 -0.43995
4450.0 5850.0 -0.83683
4550.0 5850.0 -1.27205
4650.0 5850.0 -1.51690
4750.0 5850.0 -1.45315
4850.0 5850.0 -1.14369
4950.0 5850.0 -0.75878
5050.0 5850.0 -0.32654
5150.0 5850.0 0.38309
5250.0 5850.0 1.18426
5350.0 5850.0 1.69686
5450.0 5850.0 1.70747
5550.0 5850.0 1.29773
5650.0 5850.0 0.73921
5750.0 5850.0 0.19164
5850.0 5850.0 -0.26624
5950.0 5850.0 -0.44989
6050.0 5850.0 -0.27076
6150.0 5850.0 0.15970
6250.0 5850.0 0.57636
6350.0 5850.0 0.75679
50.0 5950.0 0.16120
150.0 5950.0 0.06883
250.0 5950.0 -0.11326
350.0 5950.0 -0.28993
450.0 5950.0 -0.33467
550.0 5950.0 -0.19956
650.0 5950.0 0.05952
750.0 5950.0 0.34245
850.0 5950.0 0.63407
950.0 5950.0 0.93219
1050.0 5950.0 1.10695
1150.0 5950.0 1.05789
1250.0 5950.0 0.81357
1350.0 5950.0 0.51843
1450.0 5950.0 0.30685
1550.0 5950.0 0.14278
1650.0 5950.0 0.01628
1750.0 5950.0 -0.06008
1850.0 5950.0 -0.10215
1950.0 5950.0 -0.14449
2050.0 5950.0 -0.22263
2150.0 5950.0 -0.34741
2250.0 5950.0 -0.49851
2350.0 5950.0 -0.68307
2450.0 5950.0 -0.84642
2550.0 5950.0 -0.92286
2650.0 5950.0 -0.89714
2750.0 5950.0 -0.81405
2850.0 5950.0 -0.73636
2950.0 5950.0 -0.64595
3050.0 5950.0 -0.46151
3150.0 5950.0 -0.25710
3250.0 5950.0 -0.15905
3350.0 5950.0 -0.23100
3450.0 5950.0 -0.43752
3550.0 5950.0 -0.68604
3650.0 5950.0 -0.91011
3750.0 5950.0 -0.99228
3850.0 5950.0 -0.86586
3950.0 5950.0 -0.58149
4050.0 5950.0 -0.27579
4150.0 5950.0 -0.10219
4250.0 5950.0 -0.12425
4350.0 5950.0 -0.25816
4450.0 5950.0 -0.58333
4550.0 5950.0 -1.02351
4650.0 5950.0 -1.36881
4750.0 5950.0 -1.46678
4850.0 5950.0 -1.30848
4950.0 5950.0 -1.00902
5050.0 5950.0 -0.62694
5150.0 5950.0 0.05834
5250.0 5950.0 0.88467
5350.0 5950.0 1.47210
5450.0 5950.0 1.58008
5550.0 5950.0 1.24892
5650.0 5950.0 0.72402
5750.0 5950.0 0.20465
5850.0 5950.0 -0.12971
5950.0 5950.0 -0.11067
6050.0 5950.0 0.25699
6150.0 5950.0 0.77803
6250.0 5950.0 1.16019
6350.0 5950.0 1.21810
50.0 6050.0 0.32408
150.0 6050.0 0.30568
250.0 6050.0 0.20237
350.0 6050.0 0.07136
450.0 6050.0 0.00867
550.0 6050.0 0.06860
650.0 6050.0 0.23543
750.0 6050.0 0.44710
850.0 6050.0 0.65795
950.0 6050.0 0.81532
1050.0 6050.0 0.84479
1150.0 6050.0 0.72644
1250.0 6050.0 0.52409
1350.0 6050.0 0.35312
1450.0 6050.0 0.28699
1550.0 6050.0 0.23391
1650.0 6050.0 0.08165
1750.0 6050.0 -0.13608
1850.0 6050.0 -0.32671
1950.0 6050.0 -0.41576
2050.0 6050.0 -0.38625
2150.0 6050.0 -0.28089
2250.0 6050.0 -0.18455
2350.0 6050.0 -0.21248
2450.0 6050.0 -0.38492
2550.0 6050.0 -0.63120
2650.0 6050.0 -0.84167
2750.0 6050.0 -0.92431
2850.0 6050.0 -0.86642
2950.0 6050.0 -0.73394
3050.0 6050.0 -0.48340
3150.0 6050.0 -0.22164
3250.0 6050.0 -0.11817
3350.0 6050.0 -0.24978
3450.0 6050.0 -0.55585
3550.0 6050.0 -0.90451
3650.0 6050.0 -1.22672
3750.0 6050.0 -1.40692
3850.0 6050.0 -1.31588
3950.0 6050.0 -0.95331
4050.0 6050.0 -0.46900
4150.0 6050.0 -0.08991
4250.0 6050.0 0.04704
4350.0 6050.0 0.04558
4450.0 6050.0 -0.15917
4550.0 6050.0 -0.54801
4650.0 6050.0 -0.94972
4750.0 6050.0 -1.19022
4850.0 6050.0 -1.18684
4950.0 6050.0 -0.98697
5050.0 6050.0 -0.67675
5150.0 6050.0 -0.08052
5250.0 6050.0 0.65810
5350.0 6050.0 1.18894
5450.0 6050.0 1.28357
5550.0 6050.0 0.96879
5650.0 6050.0 0.46422
5750.0 6050.0 -0.02119
5850.0 6050.0 -0.21423
5950.0 6050.0 0.02834
6050.0 6050.0 0.59081
6150.0 6050.0 1.18477
6250.0 6050.0 1.49569
6350.0 6050.0 1.38858
50.0 6150.0 0.37947
150.0 6150.0 0.42799
250.0 6150.0 0.39264
350.0 6150.0 0.29585
450.0 6150.0 0.20773
550.0 6150.0 0.19121
650.0 6150.0 0.26939
750.0 6150.0 0.41501
850.0 6150.0 0.55300
950.0 6150.0 0.58733
1050.0 6150.0 0.49464
1150.0 6150.0 0.32583
1250.0 6150.0 0.17298
1350.0 6150.0 0.12185
1450.0 6150.0 0.19013
1550.0 6150.0 0.24160
1650.0 6150.0 0.08307
1750.0 6150.0 -0.23111
1850.0 6150.0 -0.51782
1950.0 6150.0 -0.61508
2050.0 6150.0 -0.46743
2150.0 6150.0 -0.14715
2250.0 6150.0 0.17864
2350.0 6150.0 0.31258
2450.0 6150.0 0.16772
2550.0 6150.0 -0.19011
2650.0 6150.0 -0.57835
2750.0 6150.0 -0.79052
2850.0 6150.0 -0.74564
2950.0 6150.0 -0.57418
3050.0 6150.0 -0.26003
3150.0 6150.0 0.06036
3250.0 6150.0 0.17637
3350.0 6150.0 -0.00314
3450.0 6150.0 -0.39639
3550.0 6150.0 -0.83575
3650.0 6150.0 -1.25217
3750.0 6150.0 -1.55230
3850.0 6150.0 -1.55425
3950.0 6150.0 -1.19566
4050.0 6150.0 -0.61520
4150.0 6150.0 -0.08803
4250.0 6150.0 0.18442
4350.0 6150.0 0.30804
4450.0 6150.0 0.24189
4550.0 6150.0 -0.04197
4650.0 6150.0 -0.42225
4750.0 6150.0 -0.72755
4850.0 6150.0 -0.82638
4950.0 6150.0 -0.70735
5050.0 6150.0 -0.46731
5150.0 6150.0 0.01284
5250.0 6150.0 0.59920
5350.0 6150.0 0.98668
5450.0 6150.0 0.98605
5550.0 6150.0 0.63552
5650.0 6150.0 0.13586
5750.0 6150.0 -0.32179
5850.0 6150.0 -0.41212
5950.0 6150.0 -0.02137
6050.0 6150.0 0.64691
6150.0 6150.0 1.24132
6250.0 6150.0 1.44599
6350.0 6150.0 1.17638
50.0 6250.0 0.28066
150.0 6250.0 0.37053
250.0 6250.0 0.37686
350.0 6250.0 0.30051
450.0 6250.0 0.19576
550.0 6250.0 0.13116
650.0 6250.0 0.15403
750.0 6250.0 0.25867
850.0 6250.0 0.35328
950.0 6250.0 0.32093
1050.0 6250.0 0.17038
1150.0 6250.0 -0.00834
1250.0 6250.0 -0.11223
1350.0 6250.0 -0.07890
1450.0 6250.0 0.07476
1550.0 6250.0 0.19251
1650.0 6250.0 0.03895
1750.0 6250.0 -0.31806
1850.0 6250.0 -0.64384
1950.0 6250.0 -0.72848
2050.0 6250.0 -0.49762
2150.0 6250.0 -0.04205
2250.0 6250.0 0.42962
2350.0 6250.0 0.68693
2450.0 6250.0 0.60393
2550.0 6250.0 0.23180
2650.0 6250.0 -0.21866
2750.0 6250.0 -0.48340
2850.0 6250.0 -0.44021
2950.0 6250.0 -0.24358
3050.0 6250.0 0.11663
3150.0 6250.0 0.48646
3250.0 6250.0 0.62645
3350.0 6250.0 0.43160
3450.0 6250.0 -0.00726
3550.0 6250.0 -0.50076
3650.0 6250.0 -0.98134
3750.0 6250.0 -1.39564
3850.0 6250.0 -1.53513
3950.0 6250.0 -1.27875
4050.0 6250.0 -0.72755
4150.0 6250.0 -0.16145
4250.0 6250.0 0.18171
4350.0 6250.0 0.38667
4450.0 6250.0 0.43510
4550.0 6250.0 0.27492
4650.0 6250.0 -0.01817
4750.0 6250.0 -0.29717
4850.0 6250.0 -0.41928
4950.0 6250.0 -0.33988
5050.0 6250.0 -0.14538
5150.0 6250.0 0.24645
5250.0 6250.0 0.70433
5350.0 6250.0 0.95954
5450.0 6250.0 0.86047
5550.0 6250.0 0.46371
5650.0 6250.0 -0.03945
5750.0 6250.0 -0.48409
5850.0 6250.0 -0.54492
5950.0 6250.0 -0.13471
6050.0 6250.0 0.50617
6150.0 6250.0 1.01583
6250.0 6250.0 1.10206
6350.0 6250.0 0.71706
50.0 6350.0 0.06181
150.0 6350.0 0.16386
250.0 6350.0 0.18491
350.0 6350.0 0.11988
450.0 6350.0 0.01711
550.0 6350.0 -0.05534
650.0 6350.0 -0.04485
750.0 6350.0 0.04892
850.0 6350.0 0.13401
950.0 6350.0 0.09748
1050.0 6350.0 -0.04211
1150.0 6350.0 -0.19100
1250.0 6350.0 -0.25320
1350.0 6350.0 -0.18052
1450.0 6350.0 0.00038
1550.0 6350.0 0.13710
1650.0 6350.0 -0.01276
1750.0 6350.0 -0.37743
1850.0 6350.0 -0.70887
1950.0 6350.0 -0.78541
2050.0 6350.0 -0.52861
2150.0 6350.0 -0.03453
2250.0 6350.0 0.48312
2350.0 6350.0 0.80611
2450.0 6350.0 0.80063
2550.0 6350.0 0.49809
2650.0 6350.0 0.09451
2750.0 6350.0 -0.14783
2850.0 6350.0 -0.09657
2950.0 6350.0 0.10884
3050.0 6350.0 0.49303
3150.0 6350.0 0.89851
3250.0 6350.0 1.07213
3350.0 6350.0 0.89670
3450.0 6350.0 0.45896
3550.0 6350.0 -0.04638
3650.0 6350.0 -0.55301
3750.0 6350.0 -1.05457
3850.0 6350.0 -1.34339
3950.0 6350.0 -1.25380
4050.0 6350.0 -0.83378
4150.0 6350.0 -0.32984
4250.0 6350.0 0.01486
4350.0 6350.0 0.24718
4450.0 6350.0 0.36129
4550.0 6350.0 0.30429
4650.0 6350.0 0.12191
4750.0 6350.0 -0.07220
4850.0 6350.0 -0.15412
4950.0 6350.0 -0.07368
5050.0 6350.0 0.10789
5150.0 6350.0 0.47309
5250.0 6350.0 0.89108
5350.0 6350.0 1.10428
5450.0 6350.0 0.97314
5550.0 6350.0 0.56069
5650.0 6350.0 0.05582
5750.0 6350.0 -0.39081
5850.0 6350.0 -0.48990
5950.0 6350.0 -0.17287
6050.0 6350.0 0.33358
6150.0 6350.0 0.70349
6250.0 6350.0 0.68470
6350.0 6350.0 0.24721
