50.0 50.0 0.00000
150.0 50.0 -0.45958
250.0 50.0 -1.04825
350.0 50.0 -1.70801
450.0 50.0 -2.28650
550.0 50.0 -2.62942
650.0 50.0 -2.64189
750.0 50.0 -2.31893
850.0 50.0 -1.74483
950.0 50.0 -1.06163
1050.0 50.0 -0.40657
1150.0 50.0 0.18111
1250.0 50.0 0.80062
1350.0 50.0 1.46716
1450.0 50.0 2.07045
1550.0 50.0 2.46953
1650.0 50.0 2.56242
1750.0 50.0 2.32617
1850.0 50.0 1.82721
1950.0 50.0 1.20202
2050.0 50.0 0.60813
2150.0 50.0 0.14543
2250.0 50.0 -0.23877
2350.0 50.0 -0.62459
2450.0 50.0 -0.97526
2550.0 50.0 -1.22388
2650.0 50.0 -1.31478
2750.0 50.0 -1.22837
2850.0 50.0 -0.99115
2950.0 50.0 -0.67111
3050.0 50.0 -0.35831
3150.0 50.0 -0.13086
3250.0 50.0 -0.00606
3350.0 50.0 0.10205
3450.0 50.0 0.26978
3550.0 50.0 0.48883
3650.0 50.0 0.70770
3750.0 50.0 0.86618
3850.0 50.0 0.91934
3950.0 50.0 0.85120
4050.0 50.0 0.67780
4150.0 50.0 0.43985
4250.0 50.0 0.18501
4350.0 50.0 -0.06014
4450.0 50.0 -0.28517
4550.0 50.0 -0.44745
4650.0 50.0 -0.51602
4750.0 50.0 -0.48304
4850.0 50.0 -0.36443
4950.0 50.0 -0.19662
5050.0 50.0 -0.02916
5150.0 50.0 0.08675
5250.0 50.0 0.11369
5350.0 50.0 0.04761
5450.0 50.0 -0.05766
5550.0 50.0 -0.08648
5650.0 50.0 0.02086
5750.0 50.0 0.24131
5850.0 50.0 0.50759
5950.0 50.0 0.74002
6050.0 50.0 0.87020
6150.0 50.0 0.85671
6250.0 50.0 0.69270
6350.0 50.0 0.40541
50.0 150.0 0.60998
150.0 150.0 0.15071
250.0 150.0 -0.45939
350.0 150.0 -1.17248
450.0 150.0 -1.83576
550.0 150.0 -2.28635
650.0 150.0 -2.41552
750.0 150.0 -2.20228
850.0 150.0 -1.71628
950.0 150.0 -1.09005
1050.0 150.0 -0.46058
1150.0 150.0 0.11951
1250.0 150.0 0.72836
1350.0 150.0 1.37163
1450.0 150.0 1.93768
1550.0 150.0 2.28911
1650.0 150.0 2.33024
1750.0 150.0 2.04525
1850.0 150.0 1.50682
1950.0 150.0 0.85556
2050.0 150.0 0.24987
2150.0 150.0 -0.21345
2250.0 150.0 -0.59270
2350.0 150.0 -0.95481
2450.0 150.0 -1.24655
2550.0 150.0 -1.39935
2650.0 150.0 -1.36670
2750.0 150.0 -1.14481
2850.0 150.0 -0.77851
2950.0 150.0 -0.35270
3050.0 150.0 0.03097
3150.0 150.0 0.29191
3250.0 150.0 0.42304
3350.0 150.0 0.52630
3450.0 150.0 0.66217
3550.0 150.0 0.80953
3650.0 150.0 0.91853
3750.0 150.0 0.94086
3850.0 150.0 0.84961
3950.0 150.0 0.64853
4050.0 150.0 0.37095
4150.0 150.0 0.06813
4250.0 150.0 -0.21284
4350.0 150.0 -0.46109
4450.0 150.0 -0.67578
4550.0 150.0 -0.79449
4650.0 150.0 -0.77817
4750.0 150.0 -0.62416
4850.0 150.0 -0.36275
4950.0 150.0 -0.04960
5050.0 150.0 0.24596
5150.0 150.0 0.45666
5250.0 150.0 0.53727
5350.0 150.0 0.48855
5450.0 150.0 0.38483
5550.0 150.0 0.35415
5650.0 150.0 0.45383
5750.0 150.0 0.66035
5850.0 150.0 0.90779
5950.0 150.0 1.11900
6050.0 150.0 1.22867
6150.0 150.0 1.19830
6250.0 150.0 1.02314
6350.0 150.0 0.73102
50.0 250.0 1.32960
150.0 250.0 0.89540
250.0 250.0 0.29596
350.0 250.0 -0.43368
450.0 250.0 -1.14807
550.0 250.0 -1.68392
650.0 250.0 -1.92399
750.0 250.0 -1.83206
850.0 250.0 -1.45932
950.0 250.0 -0.92184
1050.0 250.0 -0.34935
1150.0 250.0 0.19454
1250.0 250.0 0.75886
1350.0 250.0 1.33247
1450.0 250.0 1.80550
1550.0 250.0 2.05271
1650.0 250.0 1.99409
1750.0 250.0 1.62781
1850.0 250.0 1.03559
1950.0 250.0 0.36022
2050.0 250.0 -0.24444
2150.0 250.0 -0.69121
2250.0 250.0 -1.04776
2350.0 250.0 -1.36608
2450.0 250.0 -1.57605
2550.0 250.0 -1.60960
2650.0 250.0 -1.43248
2750.0 250.0 -1.05922
2850.0 250.0 -0.55418
2950.0 250.0 -0.01863
3050.0 250.0 0.43612
3150.0 250.0 0.72951
3250.0 250.0 0.86650
3350.0 250.0 0.96550
3450.0 250.0 1.07392
3550.0 250.0 1.15931
3650.0 250.0 1.17282
3750.0 250.0 1.07609
3850.0 250.0 0.85760
3950.0 250.0 0.53831
4050.0 250.0 0.16687
4150.0 250.0 -0.19587
4250.0 250.0 -0.50287
4350.0 250.0 -0.75689
4450.0 250.0 -0.96678
4550.0 250.0 -1.05481
4650.0 250.0 -0.97449
4750.0 250.0 -0.72597
4850.0 250.0 -0.34994
4950.0 250.0 0.08295
5050.0 250.0 0.48706
5150.0 250.0 0.78117
5250.0 250.0 0.91234
5350.0 250.0 0.88415
5450.0 250.0 0.78736
5550.0 250.0 0.75681
5650.0 250.0 0.84383
5750.0 250.0 1.02385
5850.0 250.0 1.23403
5950.0 250.0 1.40291
6050.0 250.0 1.47193
6150.0 250.0 1.40899
6250.0 250.0 1.21392
6350.0 250.0 0.91585
50.0 350.0 2.07840
150.0 350.0 1.70486
250.0 350.0 1.16486
350.0 350.0 0.47810
450.0 350.0 -0.22862
550.0 350.0 -0.80443
650.0 350.0 -1.13286
750.0 350.0 -1.16560
850.0 350.0 -0.93162
950.0 350.0 -0.52169
1050.0 350.0 -0.04825
1150.0 350.0 0.41923
1250.0 350.0 0.89317
1350.0 350.0 1.33902
1450.0 350.0 1.65434
1550.0 350.0 1.73714
1650.0 350.0 1.53385
1750.0 350.0 1.06340
1850.0 350.0 0.41715
1950.0 350.0 -0.26499
2050.0 350.0 -0.84250
2150.0 350.0 -1.24617
2250.0 350.0 -1.55513
2350.0 350.0 -1.80535
2450.0 350.0 -1.91242
2550.0 350.0 -1.81238
2650.0 350.0 -1.48582
2750.0 350.0 -0.96603
2850.0 350.0 -0.33480
2950.0 350.0 0.29444
3050.0 350.0 0.80592
3150.0 350.0 1.12333
3250.0 350.0 1.26421
3350.0 350.0 1.36029
3450.0 350.0 1.45078
3550.0 350.0 1.49533
3650.0 350.0 1.44499
3750.0 350.0 1.26735
3850.0 350.0 0.96074
3950.0 350.0 0.55772
4050.0 350.0 0.11767
4150.0 350.0 -0.29136
4250.0 350.0 -0.62168
4350.0 350.0 -0.88497
4450.0 350.0 -1.09879
4550.0 350.0 -1.17785
4650.0 350.0 -1.06986
4750.0 350.0 -0.77394
4850.0 350.0 -0.33445
4950.0 350.0 0.17050
5050.0 350.0 0.64550
5150.0 350.0 0.99953
5250.0 350.0 1.17272
5350.0 350.0 1.16829
5450.0 350.0 1.08605
5550.0 350.0 1.05958
5650.0 350.0 1.13023
5750.0 350.0 1.27178
5850.0 350.0 1.42638
5950.0 350.0 1.53164
6050.0 350.0 1.53985
6150.0 350.0 1.42913
6250.0 350.0 1.20654
6350.0 350.0 0.90326
50.0 450.0 2.68755
150.0 450.0 2.40879
250.0 450.0 1.97847
350.0 450.0 1.40011
450.0 450.0 0.77095
550.0 450.0 0.21576
650.0 450.0 -0.16092
750.0 450.0 -0.30415
850.0 450.0 -0.21945
950.0 450.0 0.03468
1050.0 450.0 0.37275
1150.0 450.0 0.72643
1250.0 450.0 1.06968
1350.0 450.0 1.34334
1450.0 450.0 1.45908
1550.0 450.0 1.34726
1650.0 450.0 0.98778
1750.0 450.0 0.42234
1850.0 450.0 -0.25152
1950.0 450.0 -0.90486
2050.0 450.0 -1.42023
2150.0 450.0 -1.75285
2250.0 450.0 -1.99122
2350.0 450.0 -2.15593
2450.0 450.0 -2.15514
2550.0 450.0 -1.93300
2650.0 450.0 -1.48500
2750.0 450.0 -0.85945
2850.0 450.0 -0.14861
2950.0 450.0 0.53053
3050.0 450.0 1.06588
3150.0 450.0 1.39019
3250.0 450.0 1.53133
3350.0 450.0 1.62642
3450.0 450.0 1.71227
3550.0 450.0 1.74558
3650.0 450.0 1.67608
3750.0 450.0 1.47186
3850.0 450.0 1.13351
3950.0 450.0 0.69716
4050.0 450.0 0.22632
4150.0 450.0 -0.20748
4250.0 450.0 -0.55507
4350.0 450.0 -0.83058
4450.0 450.0 -1.05765
4550.0 450.0 -1.15278
4650.0 450.0 -1.06017
4750.0 450.0 -0.77379
4850.0 450.0 -0.33379
4950.0 450.0 0.18332
5050.0 450.0 0.68056
5150.0 450.0 1.06267
5250.0 450.0 1.26442
5350.0 450.0 1.28507
5450.0 450.0 1.22455
5550.0 450.0 1.20744
5650.0 450.0 1.26270
5750.0 450.0 1.36226
5850.0 450.0 1.45427
5950.0 450.0 1.48739
6050.0 450.0 1.42698
6150.0 450.0 1.26344
6250.0 450.0 1.01254
6350.0 450.0 0.70786
50.0 550.0 2.99872
150.0 550.0 2.83848
250.0 550.0 2.55690
350.0 550.0 2.14268
450.0 550.0 1.65584
550.0 550.0 1.18390
650.0 550.0 0.80906
750.0 550.0 0.58603
850.0 550.0 0.53081
950.0 550.0 0.62027
1050.0 550.0 0.80250
1150.0 550.0 1.01783
1250.0 550.0 1.20680
1350.0 550.0 1.29087
1450.0 550.0 1.20212
1550.0 550.0 0.90774
1650.0 550.0 0.42177
1750.0 550.0 -0.19493
1850.0 550.0 -0.84611
1950.0 550.0 -1.42325
2050.0 550.0 -1.84019
2150.0 550.0 -2.07941
2250.0 550.0 -2.23222
2350.0 550.0 -2.30638
2450.0 550.0 -2.21265
2550.0 550.0 -1.90663
2650.0 550.0 -1.39593
2750.0 550.0 -0.73622
2850.0 550.0 -0.01955
2950.0 550.0 0.64502
3050.0 550.0 1.15853
3150.0 550.0 1.46697
3250.0 550.0 1.60381
3350.0 550.0 1.70000
3450.0 550.0 1.79541
3550.0 550.0 1.84927
3650.0 550.0 1.80884
3750.0 550.0 1.63708
3850.0 550.0 1.32874
3950.0 550.0 0.91489
4050.0 550.0 0.45582
4150.0 550.0 0.02240
4250.0 550.0 -0.33417
4350.0 550.0 -0.62345
4450.0 550.0 -0.87142
4550.0 550.0 -1.00504
4650.0 550.0 -0.96759
4750.0 550.0 -0.74439
4850.0 550.0 -0.36427
4950.0 550.0 0.10638
5050.0 550.0 0.57704
5150.0 550.0 0.95396
5250.0 550.0 1.16854
5350.0 550.0 1.21310
5450.0 550.0 1.17913
5550.0 550.0 1.17675
5650.0 550.0 1.22280
5750.0 550.0 1.28741
5850.0 550.0 1.32468
5950.0 550.0 1.29396
6050.0 550.0 1.17328
6150.0 550.0 0.96490
6250.0 550.0 0.69295
6350.0 550.0 0.39322
50.0 650.0 2.92805
150.0 650.0 2.89416
250.0 650.0 2.78011
350.0 650.0 2.56293
450.0 650.0 2.26267
550.0 650.0 1.92366
650.0 650.0 1.59852
750.0 650.0 1.33521
850.0 650.0 1.16672
950.0 650.0 1.10373
1050.0 650.0 1.13010
1150.0 650.0 1.20093
1250.0 650.0 1.23403
1350.0 650.0 1.14175
1450.0 650.0 0.88097
1550.0 650.0 0.45456
1650.0 650.0 -0.09485
1750.0 650.0 -0.69570
1850.0 650.0 -1.26257
1950.0 650.0 -1.71581
2050.0 650.0 -2.00548
2150.0 650.0 -2.13974
2250.0 650.0 -2.20345
2350.0 650.0 -2.19535
2450.0 650.0 -2.03948
2550.0 650.0 -1.70488
2650.0 650.0 -1.20630
2750.0 650.0 -0.59715
2850.0 650.0 0.04257
2950.0 650.0 0.62323
3050.0 650.0 1.06751
3150.0 650.0 1.33727
3250.0 650.0 1.46539
3350.0 650.0 1.56443
3450.0 650.0 1.68113
3550.0 650.0 1.78186
3650.0 650.0 1.81068
3750.0 650.0 1.72093
3850.0 650.0 1.49489
3950.0 650.0 1.15133
4050.0 650.0 0.74110
4150.0 650.0 0.33068
4250.0 650.0 -0.02633
4350.0 650.0 -0.32919
4450.0 650.0 -0.60223
4550.0 650.0 -0.78885
4650.0 650.0 -0.83362
4750.0 650.0 -0.71121
4850.0 650.0 -0.43446
4950.0 650.0 -0.05363
5050.0 650.0 0.35313
5150.0 650.0 0.69814
5250.0 650.0 0.91139
5350.0 650.0 0.97650
5450.0 650.0 0.97044
5550.0 650.0 0.98704
5650.0 650.0 1.03363
5750.0 650.0 1.07905
5850.0 650.0 1.08205
5950.0 650.0 1.01030
6050.0 650.0 0.85156
6150.0 650.0 0.61714
6250.0 650.0 0.33750
6350.0 650.0 0.05005
50.0 750.0 2.49499
150.0 750.0 2.57767
250.0 750.0 2.62503
350.0 750.0 2.60657
450.0 750.0 2.50531
550.0 750.0 2.32294
650.0 750.0 2.08047
750.0 750.0 1.81455
850.0 750.0 1.56923
950.0 750.0 1.38344
1050.0 750.0 1.27398
1150.0 750.0 1.21387
1250.0 750.0 1.11149
1350.0 750.0 0.88264
1450.0 750.0 0.51029
1550.0 750.0 0.02666
1650.0 750.0 -0.50727
1750.0 750.0 -1.02011
1850.0 750.0 -1.44633
1950.0 750.0 -1.74042
2050.0 750.0 -1.88891
2150.0 750.0 -1.92031
2250.0 750.0 -1.90357
2350.0 750.0 -1.83236
2450.0 750.0 -1.65252
2550.0 750.0 -1.34664
2650.0 750.0 -0.93083
2750.0 750.0 -0.44725
2850.0 750.0 0.04596
2950.0 750.0 0.48709
3050.0 750.0 0.82572
3150.0 750.0 1.03999
3250.0 750.0 1.15630
3350.0 750.0 1.25918
3450.0 750.0 1.40332
3550.0 750.0 1.56487
3650.0 750.0 1.68452
3750.0 750.0 1.70383
3850.0 750.0 1.58914
3950.0 750.0 1.34305
4050.0 750.0 1.00347
4150.0 750.0 0.63022
4250.0 750.0 0.27924
4350.0 750.0 -0.03534
4450.0 750.0 -0.33311
4550.0 750.0 -0.57562
4650.0 750.0 -0.70998
4750.0 750.0 -0.70025
4850.0 750.0 -0.54216
4950.0 750.0 -0.26799
5050.0 750.0 0.05876
5150.0 750.0 0.35866
5250.0 750.0 0.56172
5350.0 750.0 0.64279
5450.0 750.0 0.66226
5550.0 750.0 0.69981
5650.0 750.0 0.75759
5750.0 750.0 0.80390
5850.0 750.0 0.80008
5950.0 750.0 0.71825
6050.0 750.0 0.55131
6150.0 750.0 0.31528
6250.0 750.0 0.04378
6350.0 750.0 -0.22506
50.0 850.0 1.81629
150.0 850.0 1.99013
250.0 850.0 2.16875
350.0 850.0 2.31804
450.0 850.0 2.39194
550.0 850.0 2.35684
650.0 850.0 2.20581
750.0 850.0 1.96297
850.0 850.0 1.67769
950.0 850.0 1.40884
1050.0 850.0 1.19893
1150.0 850.0 1.03818
1250.0 850.0 0.83797
1350.0 850.0 0.52909
1450.0 850.0 0.11843
1550.0 850.0 -0.34251
1650.0 850.0 -0.78668
1750.0 850.0 -1.15339
1850.0 850.0 -1.40309
1950.0 850.0 -1.52500
2050.0 850.0 -1.53757
2150.0 850.0 -1.48179
2250.0 850.0 -1.40348
2350.0 850.0 -1.29441
2450.0 850.0 -1.12623
2550.0 850.0 -0.89314
2650.0 850.0 -0.60760
2750.0 850.0 -0.29458
2850.0 850.0 0.01477
2950.0 850.0 0.28974
3050.0 850.0 0.50735
3150.0 850.0 0.65999
3250.0 850.0 0.76362
3350.0 850.0 0.87022
3450.0 850.0 1.04058
3550.0 850.0 1.26040
3650.0 850.0 1.46751
3750.0 850.0 1.59246
3850.0 850.0 1.58647
3950.0 850.0 1.43653
4050.0 850.0 1.16781
4150.0 850.0 0.83337
4250.0 850.0 0.49105
4350.0 850.0 0.16782
4450.0 850.0 -0.14976
4550.0 850.0 -0.43828
4650.0 850.0 -0.64733
4750.0 850.0 -0.73240
4850.0 850.0 -0.67510
4950.0 850.0 -0.49258
5050.0 850.0 -0.23574
5150.0 850.0 0.02335
5250.0 850.0 0.21520
5350.0 850.0 0.30756
5450.0 850.0 0.34694
5550.0 850.0 0.40455
5650.0 850.0 0.48229
5750.0 850.0 0.54869
5850.0 850.0 0.56534
5950.0 850.0 0.50454
6050.0 850.0 0.35922
6150.0 850.0 0.14526
6250.0 850.0 -0.10394
6350.0 850.0 -0.35056
50.0 950.0 1.06491
150.0 950.0 1.29493
250.0 950.0 1.55777
350.0 950.0 1.81864
450.0 950.0 2.01350
550.0 950.0 2.08561
650.0 950.0 2.00874
750.0 950.0 1.79684
850.0 950.0 1.50033
950.0 950.0 1.18892
1050.0 950.0 0.92094
1150.0 950.0 0.69937
1250.0 950.0 0.44739
1350.0 950.0 0.11851
1450.0 950.0 -0.26158
1550.0 950.0 -0.63343
1650.0 950.0 -0.93544
1750.0 950.0 -1.12533
1850.0 950.0 -1.19131
1950.0 950.0 -1.15311
2050.0 950.0 -1.05280
2150.0 950.0 -0.93529
2250.0 950.0 -0.82009
2350.0 950.0 -0.69862
2450.0 950.0 -0.56686
2550.0 950.0 -0.42729
2650.0 950.0 -0.28551
2750.0 950.0 -0.14776
2850.0 950.0 -0.01901
2950.0 950.0 0.09811
3050.0 950.0 0.20379
3150.0 950.0 0.30072
3250.0 950.0 0.39316
3350.0 950.0 0.50232
3450.0 950.0 0.69064
3550.0 950.0 0.95042
3650.0 950.0 1.21764
3750.0 950.0 1.41542
3850.0 950.0 1.48461
3950.0 950.0 1.40147
4050.0 950.0 1.18238
4150.0 950.0 0.87559
4250.0 950.0 0.54014
4350.0 950.0 0.21181
4450.0 950.0 -0.11726
4550.0 950.0 -0.43153
4650.0 950.0 -0.68173
4750.0 950.0 -0.81837
4850.0 950.0 -0.81524
4950.0 950.0 -0.68122
5050.0 950.0 -0.46058
5150.0 950.0 -0.22165
5250.0 950.0 -0.03400
5350.0 950.0 0.06602
5450.0 950.0 0.11778
5550.0 950.0 0.19194
5650.0 950.0 0.29449
5750.0 950.0 0.39482
5850.0 950.0 0.45274
5950.0 950.0 0.43700
6050.0 950.0 0.33613
6150.0 950.0 0.16172
6250.0 950.0 -0.05603
6350.0 950.0 -0.28034
50.0 1050.0 0.39393
150.0 1050.0 0.64576
250.0 1050.0 0.94345
350.0 1050.0 1.25299
450.0 1050.0 1.50327
550.0 1050.0 1.62774
650.0 1050.0 1.59127
750.0 1050.0 1.40228
850.0 1050.0 1.11015
950.0 1050.0 0.78784
1050.0 1050.0 0.49984
1150.0 1050.0 0.25553
1250.0 1050.0 -0.00632
1350.0 1050.0 -0.30638
1450.0 1050.0 -0.60647
1550.0 1050.0 -0.84892
1650.0 1050.0 -0.98583
1750.0 1050.0 -0.99696
1850.0 1050.0 -0.89625
1950.0 1050.0 -0.72696
2050.0 1050.0 -0.54543
2150.0 1050.0 -0.39345
2250.0 1050.0 -0.26484
2350.0 1050.0 -0.15062
2450.0 1050.0 -0.06578
2550.0 1050.0 -0.01724
2650.0 1050.0 -0.00279
2750.0 1050.0 -0.01224
2850.0 1050.0 -0.02959
2950.0 1050.0 -0.03641
3050.0 1050.0 -0.01644
3150.0 1050.0 0.03879
3250.0 1050.0 0.12305
3350.0 1050.0 0.23308
3450.0 1050.0 0.42747
3550.0 1050.0 0.70075
3650.0 1050.0 0.98822
3750.0 1050.0 1.21047
3850.0 1050.0 1.30484
3950.0 1050.0 1.24398
4050.0 1050.0 1.04131
4150.0 1050.0 0.74353
4250.0 1050.0 0.41009
4350.0 1050.0 0.07979
4450.0 1050.0 -0.25172
4550.0 1050.0 -0.56805
4650.0 1050.0 -0.81897
4750.0 1050.0 -0.95408
4850.0 1050.0 -0.94671
4950.0 1050.0 -0.80596
5050.0 1050.0 -0.57699
5150.0 1050.0 -0.32951
5250.0 1050.0 -0.13440
5350.0 1050.0 -0.02868
5450.0 1050.0 0.02817
5550.0 1050.0 0.11411
5650.0 1050.0 0.24210
5750.0 1050.0 0.38278
5850.0 1050.0 0.49283
5950.0 1050.0 0.53500
6050.0 1050.0 0.49059
6150.0 1050.0 0.36423
6250.0 1050.0 0.18108
6350.0 1050.0 -0.02365
50.0 1150.0 -0.17141
150.0 1150.0 0.08269
250.0 1150.0 0.38594
350.0 1150.0 0.70528
450.0 1150.0 0.96882
550.0 1150.0 1.10819
650.0 1150.0 1.08612
750.0 1150.0 0.90905
850.0 1150.0 0.62497
950.0 1150.0 0.30637
1050.0 1150.0 0.01837
1150.0 1150.0 -0.22757
1250.0 1150.0 -0.47689
1350.0 1150.0 -0.72452
1450.0 1150.0 -0.92379
1550.0 1150.0 -1.02377
1650.0 1150.0 -0.99368
1750.0 1150.0 -0.83591
1850.0 1150.0 -0.58750
1950.0 1150.0 -0.31015
2050.0 1150.0 -0.06878
2150.0 1150.0 0.10144
2250.0 1150.0 0.23054
2350.0 1150.0 0.32854
2450.0 1150.0 0.36608
2550.0 1150.0 0.33415
2650.0 1150.0 0.24242
2750.0 1150.0 0.11474
2850.0 1150.0 -0.01661
2950.0 1150.0 -0.11785
3050.0 1150.0 -0.16173
3150.0 1150.0 -0.13690
3250.0 1150.0 -0.05835
3350.0 1150.0 0.05145
3450.0 1150.0 0.24371
3550.0 1150.0 0.51206
3650.0 1150.0 0.79191
3750.0 1150.0 1.00467
3850.0 1150.0 1.08896
3950.0 1150.0 1.01881
4050.0 1150.0 0.80886
4150.0 1150.0 0.50656
4250.0 1150.0 0.17134
4350.0 1150.0 -0.15910
4450.0 1150.0 -0.48735
4550.0 1150.0 -0.79062
4650.0 1150.0 -1.01626
4750.0 1150.0 -1.11545
4850.0 1150.0 -1.06577
4950.0 1150.0 -0.88198
5050.0 1150.0 -0.61512
5150.0 1150.0 -0.33957
5250.0 1150.0 -0.12855
5350.0 1150.0 -0.01762
5450.0 1150.0 0.04029
5550.0 1150.0 0.13475
5650.0 1150.0 0.28675
5750.0 1150.0 0.46829
5850.0 1150.0 0.63245
5950.0 1150.0 0.73517
6050.0 1150.0 0.74955
6150.0 1150.0 0.67239
6250.0 1150.0 0.52315
6350.0 1150.0 0.33536
50.0 1250.0 -0.63828
150.0 1250.0 -0.38707
250.0 1250.0 -0.08798
350.0 1250.0 0.22530
450.0 1250.0 0.48088
550.0 1250.0 0.61089
650.0 1250.0 0.57884
750.0 1250.0 0.39213
850.0 1250.0 0.09966
950.0 1250.0 -0.22549
1050.0 1250.0 -0.51815
1150.0 1250.0 -0.76745
1250.0 1250.0 -1.00670
1350.0 1250.0 -1.20680
1450.0 1250.0 -1.31251
1550.0 1250.0 -1.27856
1650.0 1250.0 -1.08983
1750.0 1250.0 -0.76999
1850.0 1250.0 -0.37820
1950.0 1250.0 0.00571
2050.0 1250.0 0.30794
2150.0 1250.0 0.49907
2250.0 1250.0 0.63203
2350.0 1250.0 0.72011
2450.0 1250.0 0.72252
2550.0 1250.0 0.62910
2650.0 1250.0 0.45613
2750.0 1250.0 0.23878
2850.0 1250.0 0.02246
2950.0 1250.0 -0.14697
3050.0 1250.0 -0.23405
3150.0 1250.0 -0.22568
3250.0 1250.0 -0.14421
3350.0 1250.0 -0.02863
3450.0 1250.0 0.16041
3550.0 1250.0 0.41301
3650.0 1250.0 0.66611
3750.0 1250.0 0.84579
3850.0 1250.0 0.89678
3950.0 1250.0 0.79912
4050.0 1250.0 0.57211
4150.0 1250.0 0.26541
4250.0 1250.0 -0.06270
4350.0 1250.0 -0.37958
4450.0 1250.0 -0.68988
4550.0 1250.0 -0.96466
4650.0 1250.0 -1.15022
4750.0 1250.0 -1.20110
4850.0 1250.0 -1.10051
4950.0 1250.0 -0.86930
5050.0 1250.0 -0.56360
5150.0 1250.0 -0.26088
5250.0 1250.0 -0.03463
5350.0 1250.0 0.08239
5450.0 1250.0 0.14303
5550.0 1250.0 0.24316
5650.0 1250.0 0.40747
5750.0 1250.0 0.60927
5850.0 1250.0 0.80077
5950.0 1250.0 0.93541
6050.0 1250.0 0.98267
6150.0 1250.0 0.93544
6250.0 1250.0 0.80992
6350.0 1250.0 0.63802
50.0 1350.0 -0.86742
150.0 1350.0 -0.62784
250.0 1350.0 -0.34935
350.0 1350.0 -0.06971
450.0 1350.0 0.13955
550.0 1350.0 0.21422
650.0 1350.0 0.12355
750.0 1350.0 -0.11856
850.0 1350.0 -0.45736
950.0 1350.0 -0.81608
1050.0 1350.0 -1.12960
1150.0 1350.0 -1.39235
1250.0 1350.0 -1.63489
1350.0 1350.0 -1.80996
1450.0 1350.0 -1.85292
1550.0 1350.0 -1.71946
1650.0 1350.0 -1.40434
1750.0 1350.0 -0.94735
1850.0 1350.0 -0.42672
1950.0 1350.0 0.06017
2050.0 1350.0 0.42867
2150.0 1350.0 0.65145
2250.0 1350.0 0.80092
2350.0 1350.0 0.89765
2450.0 1350.0 0.89549
2550.0 1350.0 0.78492
2650.0 1350.0 0.58700
2750.0 1350.0 0.34355
2850.0 1350.0 0.10671
2950.0 1350.0 -0.07233
3050.0 1350.0 -0.15534
3150.0 1350.0 -0.12981
3250.0 1350.0 -0.02249
3350.0 1350.0 0.11609
3450.0 1350.0 0.30266
3550.0 1350.0 0.51799
3650.0 1350.0 0.70421
3750.0 1350.0 0.80123
3850.0 1350.0 0.77113
3950.0 1350.0 0.61051
4050.0 1350.0 0.35086
4150.0 1350.0 0.04688
4250.0 1350.0 -0.24715
4350.0 1350.0 -0.51286
4450.0 1350.0 -0.76661
4550.0 1350.0 -0.97688
4650.0 1350.0 -1.09348
4750.0 1350.0 -1.07832
4850.0 1350.0 -0.92192
4950.0 1350.0 -0.64972
5050.0 1350.0 -0.31837
5150.0 1350.0 -0.00188
5250.0 1350.0 0.23219
5350.0 1350.0 0.35683
5450.0 1350.0 0.42591
5550.0 1350.0 0.52569
5650.0 1350.0 0.67334
5750.0 1350.0 0.84337
5850.0 1350.0 0.99446
5950.0 1350.0 1.08871
6050.0 1350.0 1.10398
6150.0 1350.0 1.03933
6250.0 1350.0 0.91369
6350.0 1350.0 0.75761
50.0 1450.0 -0.80896
150.0 1450.0 -0.59070
250.0 1450.0 -0.34779
350.0 1450.0 -0.12454
450.0 1450.0 0.00797
550.0 1450.0 -0.00877
650.0 1450.0 -0.19638
750.0 1450.0 -0.53056
850.0 1450.0 -0.94714
950.0 1450.0 -1.36328
1050.0 1450.0 -1.71386
1150.0 1450.0 -2.00196
1250.0 1450.0 -2.26545
1350.0 1450.0 -2.44856
1450.0 1450.0 -2.47703
1550.0 1450.0 -2.30120
1650.0 1450.0 -1.91674
1750.0 1450.0 -1.37097
1850.0 1450.0 -0.75492
1950.0 1450.0 -0.18095
2050.0 1450.0 0.25401
2150.0 1450.0 0.51952
2250.0 1450.0 0.70055
2350.0 1450.0 0.82663
2450.0 1450.0 0.85206
2550.0 1450.0 0.77004
2650.0 1450.0 0.60486
2750.0 1450.0 0.40066
2850.0 1450.0 0.21013
2950.0 1450.0 0.08312
3050.0 1450.0 0.05506
3150.0 1450.0 0.13536
3250.0 1450.0 0.29556
3350.0 1450.0 0.47822
3450.0 1450.0 0.66576
3550.0 1450.0 0.82366
3650.0 1450.0 0.90353
3750.0 1450.0 0.86914
3850.0 1450.0 0.71201
3950.0 1450.0 0.45636
4050.0 1450.0 0.15355
4150.0 1450.0 -0.13399
4250.0 1450.0 -0.35950
4350.0 1450.0 -0.52862
4450.0 1450.0 -0.68058
4550.0 1450.0 -0.78767
4650.0 1450.0 -0.80946
4750.0 1450.0 -0.71956
4850.0 1450.0 -0.51631
4950.0 1450.0 -0.22586
5050.0 1450.0 0.10214
5150.0 1450.0 0.40655
5250.0 1450.0 0.63414
5350.0 1450.0 0.76657
5450.0 1450.0 0.85100
5550.0 1450.0 0.94495
5650.0 1450.0 1.04619
5750.0 1450.0 1.13061
5850.0 1450.0 1.17138
5950.0 1450.0 1.15127
6050.0 1450.0 1.06909
6150.0 1450.0 0.94057
6250.0 1450.0 0.79338
6350.0 1450.0 0.65655
50.0 1550.0 -0.50373
150.0 1550.0 -0.31400
250.0 1550.0 -0.11338
350.0 1550.0 0.04722
450.0 1550.0 0.09678
550.0 1550.0 -0.01790
650.0 1550.0 -0.30973
750.0 1550.0 -0.74413
850.0 1550.0 -1.24742
950.0 1550.0 -1.73045
1050.0 1550.0 -2.12777
1150.0 1550.0 -2.45098
1250.0 1550.0 -2.75248
1350.0 1550.0 -2.97923
1450.0 1550.0 -3.04840
1550.0 1550.0 -2.89854
1650.0 1550.0 -2.51622
1750.0 1550.0 -1.94588
1850.0 1550.0 -1.28289
1950.0 1550.0 -0.64990
2050.0 1550.0 -0.15627
2150.0 1550.0 0.15912
2250.0 1550.0 0.38429
2350.0 1550.0 0.55525
2450.0 1550.0 0.62992
2550.0 1550.0 0.60572
2650.0 1550.0 0.50979
2750.0 1550.0 0.38647
2850.0 1550.0 0.28569
2950.0 1550.0 0.25207
3050.0 1550.0 0.31479
3150.0 1550.0 0.47827
3250.0 1550.0 0.71365
3350.0 1550.0 0.95878
3450.0 1550.0 1.15341
3550.0 1550.0 1.24396
3650.0 1550.0 1.19492
3750.0 1550.0 1.00130
3850.0 1550.0 0.69250
3950.0 1550.0 0.32782
4050.0 1550.0 -0.01668
4150.0 1550.0 -0.26973
4250.0 1550.0 -0.39489
4350.0 1550.0 -0.42856
4450.0 1550.0 -0.44171
4550.0 1550.0 -0.41852
4650.0 1550.0 -0.33473
4750.0 1550.0 -0.17854
4850.0 1550.0 0.04536
4950.0 1550.0 0.31584
5050.0 1550.0 0.59928
5150.0 1550.0 0.85750
5250.0 1550.0 1.05961
5350.0 1550.0 1.19791
5450.0 1550.0 1.30361
5550.0 1550.0 1.38925
5650.0 1550.0 1.42517
5750.0 1550.0 1.38915
5850.0 1550.0 1.27471
5950.0 1550.0 1.09359
6050.0 1550.0 0.87410
6150.0 1550.0 0.65535
6250.0 1550.0 0.47740
6350.0 1550.0 0.36718
50.0 1650.0 -0.05426
150.0 1650.0 0.10412
250.0 1650.0 0.26618
350.0 1650.0 0.37698
450.0 1650.0 0.36482
550.0 1650.0 0.17872
650.0 1650.0 -0.18966
750.0 1650.0 -0.69999
850.0 1650.0 -1.27272
950.0 1650.0 -1.81447
1050.0 1650.0 -2.25889
1150.0 1650.0 -2.62242
1250.0 1650.0 -2.97422
1350.0 1650.0 -3.27449
1450.0 1650.0 -3.43377
1550.0 1650.0 -3.37388
1650.0 1650.0 -3.06358
1750.0 1650.0 -2.53448
1850.0 1650.0 -1.87756
1950.0 1650.0 -1.21992
2050.0 1650.0 -0.68207
2150.0 1650.0 -0.31559
2250.0 1650.0 -0.03932
2350.0 1650.0 0.18283
2450.0 1650.0 0.31198
2550.0 1650.0 0.35034
2650.0 1650.0 0.32879
2750.0 1650.0 0.29273
2850.0 1650.0 0.28980
2950.0 1650.0 0.35938
3050.0 1650.0 0.52401
3150.0 1650.0 0.78250
3250.0 1650.0 1.10499
3350.0 1650.0 1.42375
3450.0 1650.0 1.63299
3550.0 1650.0 1.65952
3650.0 1650.0 1.48250
3750.0 1650.0 1.13083
3850.0 1650.0 0.67442
3950.0 1650.0 0.20937
4050.0 1650.0 -0.16297
4150.0 1650.0 -0.36309
4250.0 1650.0 -0.36645
4350.0 1650.0 -0.24212
4450.0 1650.0 -0.09705
4550.0 1650.0 0.06465
4650.0 1650.0 0.24615
4750.0 1650.0 0.44386
4850.0 1650.0 0.64997
4950.0 1650.0 0.85487
5050.0 1650.0 1.04933
5150.0 1650.0 1.22649
5250.0 1650.0 1.38371
5350.0 1650.0 1.52413
5450.0 1650.0 1.65456
5550.0 1650.0 1.73324
5650.0 1650.0 1.70101
5750.0 1650.0 1.53836
5850.0 1650.0 1.26123
5950.0 1650.0 0.91282
6050.0 1650.0 0.55299
6150.0 1650.0 0.24547
6250.0 1650.0 0.04282
6350.0 1650.0 -0.03102
50.0 1750.0 0.40473
150.0 1750.0 0.53383
250.0 1750.0 0.67022
350.0 1750.0 0.75939
450.0 1750.0 0.72797
550.0 1750.0 0.52247
650.0 1750.0 0.13210
750.0 1750.0 -0.40447
850.0 1750.0 -1.00834
950.0 1750.0 -1.58557
1050.0 1750.0 -2.06840
1150.0 1750.0 -2.47175
1250.0 1750.0 -2.87854
1350.0 1750.0 -3.26926
1450.0 1750.0 -3.55024
1550.0 1750.0 -3.62434
1650.0 1750.0 -3.43708
1750.0 1750.0 -3.00037
1850.0 1750.0 -2.39378
1950.0 1750.0 -1.74347
2050.0 1750.0 -1.17872
2150.0 1750.0 -0.76596
2250.0 1750.0 -0.43880
2350.0 1750.0 -0.16963
2450.0 1750.0 0.00206
2550.0 1750.0 0.08283
2650.0 1750.0 0.10922
2750.0 1750.0 0.13112
2850.0 1750.0 0.19793
2950.0 1750.0 0.34761
3050.0 1750.0 0.59870
3150.0 1750.0 0.94506
3250.0 1750.0 1.35360
3350.0 1750.0 1.74739
3450.0 1750.0 1.97826
3550.0 1750.0 1.95614
3650.0 1750.0 1.67452
3750.0 1750.0 1.19374
3850.0 1750.0 0.62046
3950.0 1750.0 0.08347
4050.0 1750.0 -0.29426
4150.0 1750.0 -0.42721
4250.0 1750.0 -0.30268
4350.0 1750.0 -0.01910
4450.0 1750.0 0.28176
4550.0 1750.0 0.56995
4650.0 1750.0 0.82519
4750.0 1750.0 1.02999
4850.0 1750.0 1.17757
4950.0 1750.0 1.27537
5050.0 1750.0 1.34429
5150.0 1750.0 1.41346
5250.0 1750.0 1.51072
5350.0 1750.0 1.64871
5450.0 1750.0 1.80409
5550.0 1750.0 1.88048
5650.0 1750.0 1.79357
5750.0 1750.0 1.52729
5850.0 1750.0 1.11804
5950.0 1750.0 0.63661
6050.0 1750.0 0.16978
6150.0 1750.0 -0.19854
6250.0 1750.0 -0.40656
6350.0 1750.0 -0.43431
50.0 1850.0 0.73614
150.0 1850.0 0.84242
250.0 1850.0 0.97170
350.0 1850.0 1.07503
450.0 1850.0 1.07649
550.0 1850.0 0.91487
650.0 1850.0 0.56918
750.0 1850.0 0.06786
850.0 1850.0 -0.51820
950.0 1850.0 -1.09899
1050.0 1850.0 -1.60484
1150.0 1850.0 -2.04193
1250.0 1850.0 -2.49951
1350.0 1850.0 -2.98011
1450.0 1850.0 -3.38805
1550.0 1850.0 -3.60825
1650.0 1850.0 -3.56244
1750.0 1850.0 -3.24070
1850.0 1850.0 -2.70798
1950.0 1850.0 -2.08594
2050.0 1850.0 -1.50975
2150.0 1850.0 -1.06025
2250.0 1850.0 -0.68949
2350.0 1850.0 -0.38679
2450.0 1850.0 -0.19837
2550.0 1850.0 -0.11473
2650.0 1850.0 -0.09119
2750.0 1850.0 -0.06828
2850.0 1850.0 0.01167
2950.0 1850.0 0.19176
3050.0 1850.0 0.49151
3150.0 1850.0 0.90160
3250.0 1850.0 1.38248
3350.0 1850.0 1.84255
3450.0 1850.0 2.09968
3550.0 1850.0 2.05209
3650.0 1850.0 1.70533
3750.0 1850.0 1.14423
3850.0 1850.0 0.50316
3950.0 1850.0 -0.06535
4050.0 1850.0 -0.42355
4150.0 1850.0 -0.48315
4250.0 1850.0 -0.24160
4350.0 1850.0 0.18087
4450.0 1850.0 0.61396
4550.0 1850.0 0.99966
4650.0 1850.0 1.29511
4750.0 1850.0 1.47229
4850.0 1850.0 1.52934
4950.0 1850.0 1.49390
5050.0 1850.0 1.41850
5150.0 1850.0 1.36793
5250.0 1850.0 1.39861
5350.0 1850.0 1.53002
5450.0 1850.0 1.70728
5550.0 1850.0 1.78816
5650.0 1850.0 1.67258
5750.0 1850.0 1.34860
5850.0 1850.0 0.86745
5950.0 1850.0 0.31846
6050.0 1850.0 -0.19476
6150.0 1850.0 -0.57705
6250.0 1850.0 -0.76311
6350.0 1850.0 -0.73777
50.0 1950.0 0.83096
150.0 1950.0 0.92371
250.0 1950.0 1.06548
350.0 1950.0 1.21745
450.0 1950.0 1.30054
550.0 1950.0 1.24146
650.0 1950.0 1.00241
750.0 1950.0 0.59425
850.0 1950.0 0.07331
950.0 1950.0 -0.47832
1050.0 1950.0 -0.98884
1150.0 1950.0 -1.44940
1250.0 1950.0 -1.94547
1350.0 1950.0 -2.49738
1450.0 1950.0 -3.00893
1550.0 1950.0 -3.35118
1650.0 1950.0 -3.42668
1750.0 1950.0 -3.20712
1850.0 1950.0 -2.74431
1950.0 1950.0 -2.15459
2050.0 1950.0 -1.57657
2150.0 1950.0 -1.10227
2250.0 1950.0 -0.70067
2350.0 1950.0 -0.38411
2450.0 1950.0 -0.21252
2550.0 1950.0 -0.17540
2650.0 1950.0 -0.21762
2750.0 1950.0 -0.26462
2850.0 1950.0 -0.24302
2950.0 1950.0 -0.09693
3050.0 1950.0 0.20027
3150.0 1950.0 0.63860
3250.0 1950.0 1.16853
3350.0 1950.0 1.67792
3450.0 1950.0 1.96224
3550.0 1950.0 1.91448
3650.0 1950.0 1.54852
3750.0 1950.0 0.96387
3850.0 1950.0 0.31039
3950.0 1950.0 -0.24718
4050.0 1950.0 -0.56479
4150.0 1950.0 -0.55481
4250.0 1950.0 -0.22186
4350.0 1950.0 0.30199
4450.0 1950.0 0.82795
4550.0 1950.0 1.27208
4650.0 1950.0 1.57296
4750.0 1950.0 1.69645
4850.0 1950.0 1.64827
4950.0 1950.0 1.47609
5050.0 1950.0 1.26084
5150.0 1950.0 1.09755
5250.0 1950.0 1.06548
5350.0 1950.0 1.18767
5450.0 1950.0 1.38113
5550.0 1950.0 1.47366
5650.0 1950.0 1.36176
5750.0 1950.0 1.03788
5850.0 1950.0 0.56024
5950.0 1950.0 0.02458
6050.0 1950.0 -0.46185
6150.0 1950.0 -0.80382
6250.0 1950.0 -0.93934
6350.0 1950.0 -0.85851
50.0 2050.0 0.63901
150.0 2050.0 0.72811
250.0 2050.0 0.89861
350.0 2050.0 1.12472
450.0 2050.0 1.32400
550.0 2050.0 1.40859
650.0 2050.0 1.31982
750.0 2050.0 1.04634
850.0 2050.0 0.62569
950.0 2050.0 0.12935
1050.0 2050.0 -0.36878
1150.0 2050.0 -0.84088
1250.0 2050.0 -1.35822
1350.0 2050.0 -1.95002
1450.0 2050.0 -2.51996
1550.0 2050.0 -2.93139
1650.0 2050.0 -3.07608
1750.0 2050.0 -2.91528
1850.0 2050.0 -2.49323
1950.0 2050.0 -1.92305
2050.0 2050.0 -1.34507
2150.0 2050.0 -0.85753
2250.0 2050.0 -0.44015
2350.0 2050.0 -0.13084
2450.0 2050.0 -0.00942
2550.0 2050.0 -0.06648
2650.0 2050.0 -0.23475
2750.0 2050.0 -0.41986
2850.0 2050.0 -0.52619
2950.0 2050.0 -0.47802
3050.0 2050.0 -0.23576
3150.0 2050.0 0.19248
3250.0 2050.0 0.74432
3350.0 2050.0 1.28209
3450.0 2050.0 1.59083
3550.0 2050.0 1.56456
3650.0 2050.0 1.22115
3750.0 2050.0 0.66453
3850.0 2050.0 0.04760
3950.0 2050.0 -0.46419
4050.0 2050.0 -0.72853
4150.0 2050.0 -0.66129
4250.0 2050.0 -0.27081
4350.0 2050.0 0.30911
4450.0 2050.0 0.88244
4550.0 2050.0 1.34515
4650.0 2050.0 1.62329
4750.0 2050.0 1.68103
4850.0 2050.0 1.53262
4950.0 2050.0 1.24241
5050.0 2050.0 0.91278
5150.0 2050.0 0.65999
5250.0 2050.0 0.57803
5350.0 2050.0 0.69038
5450.0 2050.0 0.89316
5550.0 2050.0 1.00327
5650.0 2050.0 0.92613
5750.0 2050.0 0.65843
5850.0 2050.0 0.25720
5950.0 2050.0 -0.18780
6050.0 2050.0 -0.57873
6150.0 2050.0 -0.83118
6250.0 2050.0 -0.89285
6350.0 2050.0 -0.75901
50.0 2150.0 0.20023
150.0 2150.0 0.29344
250.0 2150.0 0.50237
350.0 2150.0 0.81533
450.0 2150.0 1.14671
550.0 2150.0 1.39341
650.0 2150.0 1.47468
750.0 2150.0 1.35538
850.0 2150.0 1.05276
950.0 2150.0 0.62654
1050.0 2150.0 0.15253
1150.0 2150.0 -0.32112
1250.0 2150.0 -0.84360
1350.0 2150.0 -1.44321
1450.0 2150.0 -2.02303
1550.0 2150.0 -2.44471
1650.0 2150.0 -2.59807
1750.0 2150.0 -2.44288
1850.0 2150.0 -2.02274
1950.0 2150.0 -1.45105
2050.0 2150.0 -0.86919
2150.0 2150.0 -0.37672
2250.0 2150.0 0.04370
2350.0 2150.0 0.32914
2450.0 2150.0 0.37583
2550.0 2150.0 0.19047
2650.0 2150.0 -0.14670
2750.0 2150.0 -0.51860
2850.0 2150.0 -0.80309
2950.0 2150.0 -0.89982
3050.0 2150.0 -0.75217
3150.0 2150.0 -0.36430
3250.0 2150.0 0.18671
3350.0 2150.0 0.73460
3450.0 2150.0 1.06319
3550.0 2150.0 1.07193
3650.0 2150.0 0.77914
3750.0 2150.0 0.28521
3850.0 2150.0 -0.26333
3950.0 2150.0 -0.70876
4050.0 2150.0 -0.91618
4150.0 2150.0 -0.80667
4250.0 2150.0 -0.38939
4350.0 2150.0 0.20768
4450.0 2150.0 0.79048
4550.0 2150.0 1.24169
4650.0 2150.0 1.48077
4750.0 2150.0 1.47346
4850.0 2150.0 1.24199
4950.0 2150.0 0.86288
5050.0 2150.0 0.45213
5150.0 2150.0 0.13814
5250.0 2150.0 0.02201
5350.0 2150.0 0.12543
5450.0 2150.0 0.33161
5550.0 2150.0 0.46287
5650.0 2150.0 0.44262
5750.0 2150.0 0.27148
5850.0 2150.0 -0.00108
5950.0 2150.0 -0.30057
6050.0 2150.0 -0.54817
6150.0 2150.0 -0.67818
6250.0 2150.0 -0.65229
6350.0 2150.0 -0.47066
50.0 2250.0 -0.32473
150.0 2250.0 -0.22444
250.0 2250.0 0.02525
350.0 2250.0 0.42674
450.0 2250.0 0.89159
550.0 2250.0 1.30194
650.0 2250.0 1.55539
750.0 2250.0 1.59331
850.0 2250.0 1.41264
950.0 2250.0 1.06122
1050.0 2250.0 0.61642
1150.0 2250.0 0.14649
1250.0 2250.0 -0.37295
1350.0 2250.0 -0.96497
1450.0 2250.0 -1.53197
1550.0 2250.0 -1.93671
1650.0 2250.0 -2.07117
1750.0 2250.0 -1.89772
1850.0 2250.0 -1.46234
1950.0 2250.0 -0.88016
2050.0 2250.0 -0.29309
2150.0 2250.0 0.20029
2250.0 2250.0 0.61786
2350.0 2250.0 0.87251
2450.0 2250.0 0.83536
2550.0 2250.0 0.50987
2650.0 2250.0 -0.01064
2750.0 2250.0 -0.58565
2850.0 2250.0 -1.06529
2950.0 2250.0 -1.32318
3050.0 2250.0 -1.28442
3150.0 2250.0 -0.94857
3250.0 2250.0 -0.40785
3350.0 2250.0 0.14226
3450.0 2250.0 0.48794
3550.0 2250.0 0.53552
3650.0 2250.0 0.30218
3750.0 2250.0 -0.11844
3850.0 2250.0 -0.58971
3950.0 2250.0 -0.96466
4050.0 2250.0 -1.11765
4150.0 2250.0 -0.97523
4250.0 2250.0 -0.54604
4350.0 2250.0 0.05057
4450.0 2250.0 0.62613
4550.0 2250.0 1.05380
4650.0 2250.0 1.24927
4750.0 2250.0 1.18115
4850.0 2250.0 0.87891
4950.0 2250.0 0.42848
5050.0 2250.0 -0.04457
5150.0 2250.0 -0.40432
5250.0 2250.0 -0.54620
5350.0 2250.0 -0.45108
5450.0 2250.0 -0.24449
5550.0 2250.0 -0.09145
5650.0 2250.0 -0.04698
5750.0 2250.0 -0.10664
5850.0 2250.0 -0.23087
5950.0 2250.0 -0.36402
6050.0 2250.0 -0.45003
6150.0 2250.0 -0.44497
6250.0 2250.0 -0.32631
6350.0 2250.0 -0.09901
50.0 2350.0 -0.69981
150.0 2350.0 -0.59124
250.0 2350.0 -0.30677
350.0 2350.0 0.16882
450.0 2350.0 0.74712
550.0 2350.0 1.30022
650.0 2350.0 1.70888
750.0 2350.0 1.89462
850.0 2350.0 1.83590
950.0 2350.0 1.56819
1050.0 2350.0 1.16806
1150.0 2350.0 0.72016
1250.0 2350.0 0.22270
1350.0 2350.0 -0.34367
1450.0 2350.0 -0.88467
1550.0 2350.0 -1.26818
1650.0 2350.0 -1.39055
1750.0 2350.0 -1.21608
1850.0 2350.0 -0.78971
1950.0 2350.0 -0.22287
2050.0 2350.0 0.34742
2150.0 2350.0 0.82632
2250.0 2350.0 1.22933
2350.0 2350.0 1.44421
2450.0 2350.0 1.31953
2550.0 2350.0 0.85621
2650.0 2350.0 0.15978
2750.0 2350.0 -0.60792
2850.0 2350.0 -1.27212
2950.0 2350.0 -1.68330
3050.0 2350.0 -1.75058
3150.0 2350.0 -1.46987
3250.0 2350.0 -0.94715
3350.0 2350.0 -0.40290
3450.0 2350.0 -0.04475
3550.0 2350.0 0.03995
3650.0 2350.0 -0.13587
3750.0 2350.0 -0.48886
3850.0 2350.0 -0.89496
3950.0 2350.0 -1.21878
4050.0 2350.0 -1.34290
4150.0 2350.0 -1.19683
4250.0 2350.0 -0.78581
4350.0 2350.0 -0.21903
4450.0 2350.0 0.32288
4550.0 2350.0 0.71037
4650.0 2350.0 0.86025
4750.0 2350.0 0.74518
4850.0 2350.0 0.39938
4950.0 2350.0 -0.08747
5050.0 2350.0 -0.58800
5150.0 2350.0 -0.96675
5250.0 2350.0 -1.12150
5350.0 2350.0 -1.03633
5450.0 2350.0 -0.83775
5550.0 2350.0 -0.66876
5650.0 2350.0 -0.55905
5750.0 2350.0 -0.49869
5850.0 2350.0 -0.45850
5950.0 2350.0 -0.40385
6050.0 2350.0 -0.30496
6150.0 2350.0 -0.14370
6250.0 2350.0 0.08302
6350.0 2350.0 0.36350
50.0 2450.0 -0.79132
150.0 2450.0 -0.67291
250.0 2450.0 -0.36873
350.0 2450.0 0.14572
450.0 2450.0 0.78770
550.0 2450.0 1.42948
650.0 2450.0 1.94601
750.0 2450.0 2.24801
850.0 2450.0 2.30056
950.0 2450.0 2.12699
1050.0 2450.0 1.79832
1150.0 2450.0 1.40684
1250.0 2450.0 0.96725
1350.0 2450.0 0.46086
1450.0 2450.0 -0.02885
1550.0 2450.0 -0.38251
1650.0 2450.0 -0.50502
1750.0 2450.0 -0.36150
1850.0 2450.0 0.01062
1950.0 2450.0 0.51372
2050.0 2450.0 1.02596
2150.0 2450.0 1.46145
2250.0 2450.0 1.82810
2350.0 2450.0 1.98955
2450.0 2450.0 1.77932
2550.0 2450.0 1.19756
2650.0 2450.0 0.35892
2750.0 2450.0 -0.55993
2850.0 2450.0 -1.36754
2950.0 2450.0 -1.89961
3050.0 2450.0 -2.05560
3150.0 2450.0 -1.83005
3250.0 2450.0 -1.33861
3350.0 2450.0 -0.81509
3450.0 2450.0 -0.45238
3550.0 2450.0 -0.33235
3650.0 2450.0 -0.45217
3750.0 2450.0 -0.74574
3850.0 2450.0 -1.10678
3950.0 2450.0 -1.41347
4050.0 2450.0 -1.55490
4150.0 2450.0 -1.45897
4250.0 2450.0 -1.12214
4350.0 2450.0 -0.64023
4450.0 2450.0 -0.18147
4550.0 2450.0 0.13509
4650.0 2450.0 0.23647
4750.0 2450.0 0.10163
4850.0 2450.0 -0.23531
4950.0 2450.0 -0.69178
5050.0 2450.0 -1.15331
5150.0 2450.0 -1.50005
5250.0 2450.0 -1.64313
5350.0 2450.0 -1.57096
5450.0 2450.0 -1.39643
5550.0 2450.0 -1.22609
5650.0 2450.0 -1.06037
5750.0 2450.0 -0.88138
5850.0 2450.0 -0.66951
5950.0 2450.0 -0.41234
6050.0 2450.0 -0.10940
6150.0 2450.0 0.22729
6250.0 2450.0 0.57702
6350.0 2450.0 0.91825
50.0 2550.0 -0.59078
150.0 2550.0 -0.46181
250.0 2550.0 -0.15933
350.0 2550.0 0.34480
450.0 2550.0 0.97992
550.0 2550.0 1.63130
650.0 2550.0 2.18271
750.0 2550.0 2.54677
850.0 2550.0 2.68327
950.0 2550.0 2.60520
1050.0 2550.0 2.37278
1150.0 2550.0 2.07394
1250.0 2550.0 1.73066
1350.0 2550.0 1.32175
1450.0 2550.0 0.91219
1550.0 2550.0 0.60029
1650.0 2550.0 0.46789
1750.0 2550.0 0.54974
1850.0 2550.0 0.82239
1950.0 2550.0 1.21238
2050.0 2550.0 1.62386
2150.0 2550.0 1.98551
2250.0 2550.0 2.29299
2350.0 2550.0 2.39121
2450.0 2550.0 2.11058
2550.0 2550.0 1.45286
2650.0 2550.0 0.53651
2750.0 2550.0 -0.45750
2850.0 2550.0 -1.33425
2950.0 2550.0 -1.92751
3050.0 2550.0 -2.13676
3150.0 2550.0 -1.95829
3250.0 2550.0 -1.51066
3350.0 2550.0 -1.02354
3450.0 2550.0 -0.66358
3550.0 2550.0 -0.50764
3650.0 2550.0 -0.56931
3750.0 2550.0 -0.80750
3850.0 2550.0 -1.13989
3950.0 2550.0 -1.46102
4050.0 2550.0 -1.66525
4150.0 2550.0 -1.67443
4250.0 2550.0 -1.47039
4350.0 2550.0 -1.13176
4450.0 2550.0 -0.80855
4550.0 2550.0 -0.59502
4650.0 2550.0 -0.54411
4750.0 2550.0 -0.66825
4850.0 2550.0 -0.93878
4950.0 2550.0 -1.29202
5050.0 2550.0 -1.64228
5150.0 2550.0 -1.90159
5250.0 2550.0 -2.00623
5350.0 2550.0 -1.95009
5450.0 2550.0 -1.81697
5550.0 2550.0 -1.66590
5650.0 2550.0 -1.46898
5750.0 2550.0 -1.19857
5850.0 2550.0 -0.84144
5950.0 2550.0 -0.40432
6050.0 2550.0 0.08592
6150.0 2550.0 0.58758
6250.0 2550.0 1.05497
6350.0 2550.0 1.45459
50.0 2650.0 -0.17715
150.0 2650.0 -0.03821
250.0 2650.0 0.23951
350.0 2650.0 0.68115
450.0 2650.0 1.23356
550.0 2650.0 1.80730
650.0 2650.0 2.30968
750.0 2650.0 2.66881
850.0 2650.0 2.84870
950.0 2650.0 2.85529
1050.0 2650.0 2.73363
1150.0 2650.0 2.55490
1250.0 2650.0 2.33777
1350.0 2650.0 2.05648
1450.0 2650.0 1.75165
1550.0 2650.0 1.49410
1650.0 2650.0 1.34826
1750.0 2650.0 1.34884
1850.0 2650.0 1.49071
1950.0 2650.0 1.73219
2050.0 2650.0 2.01144
2150.0 2650.0 2.27629
2250.0 2650.0 2.50748
2350.0 2650.0 2.54073
2450.0 2650.0 2.21733
2550.0 2650.0 1.54312
2650.0 2650.0 0.63379
2750.0 2650.0 -0.33803
2850.0 2650.0 -1.18937
2950.0 2650.0 -1.76702
3050.0 2650.0 -1.98140
3150.0 2650.0 -1.83386
3250.0 2650.0 -1.43778
3350.0 2650.0 -0.99887
3450.0 2650.0 -0.64594
3550.0 2650.0 -0.45064
3650.0 2650.0 -0.44786
3750.0 2650.0 -0.62806
3850.0 2650.0 -0.93835
3950.0 2650.0 -1.29259
4050.0 2650.0 -1.59021
4150.0 2650.0 -1.74400
4250.0 2650.0 -1.71673
4350.0 2650.0 -1.56611
4450.0 2650.0 -1.41855
4550.0 2650.0 -1.33199
4650.0 2650.0 -1.33167
4750.0 2650.0 -1.41979
4850.0 2650.0 -1.57739
4950.0 2650.0 -1.76910
5050.0 2650.0 -1.95052
5150.0 2650.0 -2.07834
5250.0 2650.0 -2.12316
5350.0 2650.0 -2.08511
5450.0 2650.0 -2.00709
5550.0 2650.0 -1.89743
5650.0 2650.0 -1.70676
5750.0 2650.0 -1.39736
5850.0 2650.0 -0.95710
5950.0 2650.0 -0.40419
6050.0 2650.0 0.21507
6150.0 2650.0 0.83574
6250.0 2650.0 1.39068
6350.0 2650.0 1.83412
50.0 2750.0 0.31942
150.0 2750.0 0.46659
250.0 2750.0 0.70019
350.0 2750.0 1.03636
450.0 2750.0 1.44258
550.0 2750.0 1.86353
650.0 2750.0 2.24154
750.0 2750.0 2.53148
850.0 2750.0 2.71025
950.0 2750.0 2.78077
1050.0 2750.0 2.77057
1150.0 2750.0 2.72405
1250.0 2750.0 2.64725
1350.0 2750.0 2.50913
1450.0 2750.0 2.32355
1550.0 2750.0 2.13062
1650.0 2750.0 1.97497
1750.0 2750.0 1.89052
1850.0 2750.0 1.89182
1950.0 2750.0 1.97183
2050.0 2750.0 2.10623
2150.0 2750.0 2.26424
2250.0 2750.0 2.41184
2350.0 2750.0 2.38695
2450.0 2750.0 2.05461
2550.0 2750.0 1.42672
2650.0 2750.0 0.60984
2750.0 2750.0 -0.24351
2850.0 2750.0 -0.97644
2950.0 2750.0 -1.46227
3050.0 2750.0 -1.63203
3150.0 2750.0 -1.49485
3250.0 2750.0 -1.15138
3350.0 2750.0 -0.76584
3450.0 2750.0 -0.42012
3550.0 2750.0 -0.17987
3650.0 2750.0 -0.10366
3750.0 2750.0 -0.21707
3850.0 2750.0 -0.50025
3950.0 2750.0 -0.88880
4050.0 2750.0 -1.28810
4150.0 2750.0 -1.60108
4250.0 2750.0 -1.76935
4350.0 2750.0 -1.82715
4450.0 2750.0 -1.87342
4550.0 2750.0 -1.92387
4650.0 2750.0 -1.97240
4750.0 2750.0 -2.01025
4850.0 2750.0 -2.03054
4950.0 2750.0 -2.03089
5050.0 2750.0 -2.01434
5150.0 2750.0 -1.98844
5250.0 2750.0 -1.96251
5350.0 2750.0 -1.94316
5450.0 2750.0 -1.92698
5550.0 2750.0 -1.87726
5650.0 2750.0 -1.73436
5750.0 2750.0 -1.45173
5850.0 2750.0 -1.01219
5950.0 2750.0 -0.43491
6050.0 2750.0 0.22654
6150.0 2750.0 0.89496
6250.0 2750.0 1.48925
6350.0 2750.0 1.95296
50.0 2850.0 0.75180
150.0 2850.0 0.90473
250.0 2850.0 1.08343
350.0 2850.0 1.29106
450.0 2850.0 1.51585
550.0 2850.0 1.73988
650.0 2850.0 1.94578
750.0 2850.0 2.12135
850.0 2850.0 2.26207
950.0 2850.0 2.37157
1050.0 2850.0 2.45999
1150.0 2850.0 2.53983
1250.0 2850.0 2.59873
1350.0 2850.0 2.60124
1450.0 2850.0 2.53596
1550.0 2850.0 2.41308
1650.0 2850.0 2.25721
1750.0 2850.0 2.10030
1850.0 2850.0 1.97453
1950.0 2850.0 1.90518
2050.0 2850.0 1.90353
2150.0 2850.0 1.95976
2250.0 2850.0 2.02783
2350.0 2850.0 1.95819
2450.0 2850.0 1.64807
2550.0 2850.0 1.11642
2650.0 2850.0 0.45617
2750.0 2850.0 -0.20814
2850.0 2850.0 -0.75502
2950.0 2850.0 -1.09294
3050.0 2850.0 -1.17954
3150.0 2850.0 -1.03317
3250.0 2850.0 -0.73660
3350.0 2850.0 -0.40183
3450.0 2850.0 -0.05951
3550.0 2850.0 0.23190
3650.0 2850.0 0.39088
3750.0 2850.0 0.35672
3850.0 2850.0 0.11557
3950.0 2850.0 -0.29128
4050.0 2850.0 -0.77684
4150.0 2850.0 -1.23572
4250.0 2850.0 -1.58913
4350.0 2850.0 -1.84697
4450.0 2850.0 -2.07939
4550.0 2850.0 -2.26091
4650.0 2850.0 -2.35514
4750.0 2850.0 -2.34292
4850.0 2850.0 -2.22916
4950.0 2850.0 -2.04347
5050.0 2850.0 -1.83480
5150.0 2850.0 -1.65979
5250.0 2850.0 -1.56509
5350.0 2850.0 -1.56349
5450.0 2850.0 -1.60745
5550.0 2850.0 -1.62793
5650.0 2850.0 -1.56761
5750.0 2850.0 -1.37355
5850.0 2850.0 -1.01811
5950.0 2850.0 -0.51075
6050.0 2850.0 0.10069
6150.0 2850.0 0.73944
6250.0 2850.0 1.31973
6350.0 2850.0 1.77747
50.0 2950.0 0.98792
150.0 2950.0 1.14412
250.0 2950.0 1.26874
350.0 2950.0 1.35127
450.0 2950.0 1.39770
550.0 2950.0 1.42418
650.0 2950.0 1.45127
750.0 2950.0 1.49900
850.0 2950.0 1.58251
950.0 2950.0 1.70853
1050.0 2950.0 1.87244
1150.0 2950.0 2.05615
1250.0 2950.0 2.22825
1350.0 2950.0 2.35116
1450.0 2950.0 2.39326
1550.0 2950.0 2.33944
1650.0 2950.0 2.19643
1750.0 2950.0 1.99279
1850.0 2950.0 1.77346
1950.0 2950.0 1.58901
2050.0 2950.0 1.47951
2150.0 2950.0 1.45300
2250.0 2950.0 1.45601
2350.0 2950.0 1.35804
2450.0 2950.0 1.09010
2550.0 2950.0 0.67794
2650.0 2950.0 0.19947
2750.0 2950.0 -0.25060
2850.0 2950.0 -0.58796
2950.0 2950.0 -0.75758
3050.0 2950.0 -0.74437
3150.0 2950.0 -0.57558
3250.0 2950.0 -0.31492
3350.0 2950.0 -0.02113
3450.0 2950.0 0.32464
3550.0 2950.0 0.67236
3650.0 2950.0 0.92123
3750.0 2950.0 0.97918
3850.0 2950.0 0.80097
3950.0 2950.0 0.40495
4050.0 2950.0 -0.13157
4150.0 2950.0 -0.69837
4250.0 2950.0 -1.19968
4350.0 2950.0 -1.62222
4450.0 2950.0 -2.00892
4550.0 2950.0 -2.30088
4650.0 2950.0 -2.43713
4750.0 2950.0 -2.38964
4850.0 2950.0 -2.17229
4950.0 2950.0 -1.84019
5050.0 2950.0 -1.47919
5150.0 2950.0 -1.18570
5250.0 2950.0 -1.03682
5350.0 2950.0 -1.05067
5450.0 2950.0 -1.14497
5550.0 2950.0 -1.23470
5650.0 2950.0 -1.27547
5750.0 2950.0 -1.21096
5850.0 2950.0 -0.99979
5950.0 2950.0 -0.63395
6050.0 2950.0 -0.14506
6150.0 2950.0 0.40135
6250.0 2950.0 0.92359
6350.0 2950.0 1.35358
50.0 3050.0 0.94074
150.0 3050.0 1.09828
250.0 3050.0 1.18139
350.0 3050.0 1.16858
450.0 3050.0 1.07821
550.0 3050.0 0.95125
650.0 3050.0 0.83657
750.0 3050.0 0.77880
850.0 3050.0 0.80887
950.0 3050.0 0.93701
1050.0 3050.0 1.14846
1150.0 3050.0 1.40201
1250.0 3050.0 1.65208
1350.0 3050.0 1.86202
1450.0 3050.0 1.98742
1550.0 3050.0 1.99535
1650.0 3050.0 1.87863
1750.0 3050.0 1.66112
1850.0 3050.0 1.39399
1950.0 3050.0 1.14299
2050.0 3050.0 0.96678
2150.0 3050.0 0.88616
2250.0 3050.0 0.84576
2350.0 3050.0 0.73490
2450.0 3050.0 0.51272
2550.0 3050.0 0.21021
2650.0 3050.0 -0.10755
2750.0 3050.0 -0.37086
2850.0 3050.0 -0.52628
2950.0 3050.0 -0.54884
3050.0 3050.0 -0.44567
3150.0 3050.0 -0.25101
3250.0 3050.0 -0.01255
3350.0 3050.0 0.25502
3450.0 3050.0 0.61250
3550.0 3050.0 1.01933
3650.0 3050.0 1.36118
3750.0 3050.0 1.52129
3850.0 3050.0 1.42794
3950.0 3050.0 1.07818
4050.0 3050.0 0.53771
4150.0 3050.0 -0.08306
4250.0 3050.0 -0.67672
4350.0 3050.0 -1.20968
4450.0 3050.0 -1.70185
4550.0 3050.0 -2.07371
4650.0 3050.0 -2.24864
4750.0 3050.0 -2.19197
4850.0 3050.0 -1.92190
4950.0 3050.0 -1.50840
5050.0 3050.0 -1.05986
5150.0 3050.0 -0.69765
5250.0 3050.0 -0.51847
5350.0 3050.0 -0.54469
5450.0 3050.0 -0.67362
5550.0 3050.0 -0.82042
5650.0 3050.0 -0.95954
5750.0 3050.0 -1.03407
5850.0 3050.0 -0.98879
5950.0 3050.0 -0.79515
6050.0 3050.0 -0.46335
6150.0 3050.0 -0.04133
6250.0 3050.0 0.39916
6350.0 3050.0 0.78954
50.0 3150.0 0.59614
150.0 3150.0 0.75404
250.0 3150.0 0.81578
350.0 3150.0 0.75407
450.0 3150.0 0.59330
550.0 3150.0 0.38683
650.0 3150.0 0.19786
750.0 3150.0 0.08369
850.0 3150.0 0.08352
950.0 3150.0 0.20975
1050.0 3150.0 0.44271
1150.0 3150.0 0.72942
1250.0 3150.0 1.01874
1350.0 3150.0 1.27811
1450.0 3150.0 1.45823
1550.0 3150.0 1.51662
1650.0 3150.0 1.43693
1750.0 3150.0 1.23746
1850.0 3150.0 0.96898
1950.0 3150.0 0.70184
2050.0 3150.0 0.50235
2150.0 3150.0 0.39844
2250.0 3150.0 0.33774
2350.0 3150.0 0.22518
2450.0 3150.0 0.03704
2550.0 3150.0 -0.19272
2650.0 3150.0 -0.40705
2750.0 3150.0 -0.55162
2850.0 3150.0 -0.59173
2950.0 3150.0 -0.52059
3050.0 3150.0 -0.35861
3150.0 3150.0 -0.14402
3250.0 3150.0 0.08534
3350.0 3150.0 0.34253
3450.0 3150.0 0.71940
3550.0 3150.0 1.18545
3650.0 3150.0 1.61914
3750.0 3150.0 1.88677
3850.0 3150.0 1.89621
3950.0 3150.0 1.62582
4050.0 3150.0 1.12831
4150.0 3150.0 0.50966
4250.0 3150.0 -0.11690
4350.0 3150.0 -0.70131
4450.0 3150.0 -1.24597
4550.0 3150.0 -1.66517
4650.0 3150.0 -1.87650
4750.0 3150.0 -1.84096
4850.0 3150.0 -1.57577
4950.0 3150.0 -1.15392
5050.0 3150.0 -0.69038
5150.0 3150.0 -0.31505
5250.0 3150.0 -0.13242
5350.0 3150.0 -0.16789
5450.0 3150.0 -0.31401
5550.0 3150.0 -0.49846
5650.0 3150.0 -0.71497
5750.0 3150.0 -0.90812
5850.0 3150.0 -1.01138
5950.0 3150.0 -0.97761
6050.0 3150.0 -0.79614
6150.0 3150.0 -0.49640
6250.0 3150.0 -0.13806
6350.0 3150.0 0.21223
50.0 3250.0 0.03874
150.0 3250.0 0.19685
250.0 3250.0 0.25534
350.0 3250.0 0.18611
450.0 3250.0 0.01461
550.0 3250.0 -0.20370
650.0 3250.0 -0.40336
750.0 3250.0 -0.52513
850.0 3250.0 -0.52861
950.0 3250.0 -0.40126
1050.0 3250.0 -0.16364
1150.0 3250.0 0.12949
1250.0 3250.0 0.42944
1350.0 3250.0 0.70998
1450.0 3250.0 0.92259
1550.0 3250.0 1.02144
1650.0 3250.0 0.98467
1750.0 3250.0 0.82466
1850.0 3250.0 0.58721
1950.0 3250.0 0.33969
2050.0 3250.0 0.14815
2150.0 3250.0 0.04337
2250.0 3250.0 -0.02083
2350.0 3250.0 -0.12979
2450.0 3250.0 -0.30057
2550.0 3250.0 -0.49822
2650.0 3250.0 -0.66892
2750.0 3250.0 -0.76433
2850.0 3250.0 -0.75698
2950.0 3250.0 -0.64693
3050.0 3250.0 -0.45952
3150.0 3250.0 -0.23437
3250.0 3250.0 -0.00546
3350.0 3250.0 0.25289
3450.0 3250.0 0.65412
3550.0 3250.0 1.17792
3650.0 3250.0 1.70029
3750.0 3250.0 2.07649
3850.0 3250.0 2.19884
3950.0 3250.0 2.02934
4050.0 3250.0 1.60705
4150.0 3250.0 1.03037
4250.0 3250.0 0.41402
4350.0 3250.0 -0.17855
4450.0 3250.0 -0.73689
4550.0 3250.0 -1.17985
4650.0 3250.0 -1.42659
4750.0 3250.0 -1.43544
4850.0 3250.0 -1.21862
4950.0 3250.0 -0.84324
5050.0 3250.0 -0.41900
5150.0 3250.0 -0.07218
5250.0 3250.0 0.09378
5350.0 3250.0 0.05122
5450.0 3250.0 -0.09910
5550.0 3250.0 -0.30376
5650.0 3250.0 -0.57301
5750.0 3250.0 -0.85389
5850.0 3250.0 -1.07188
5950.0 3250.0 -1.16531
6050.0 3250.0 -1.10633
6150.0 3250.0 -0.90822
6250.0 3250.0 -0.61924
6350.0 3250.0 -0.30294
50.0 3350.0 -0.58221
150.0 3350.0 -0.42650
250.0 3350.0 -0.36631
350.0 3350.0 -0.42817
450.0 3350.0 -0.58713
550.0 3350.0 -0.78969
650.0 3350.0 -0.97302
750.0 3350.0 -1.08065
850.0 3350.0 -1.07445
950.0 3350.0 -0.94306
1050.0 3350.0 -0.70671
1150.0 3350.0 -0.41767
1250.0 3350.0 -0.11836
1350.0 3350.0 0.17210
1450.0 3350.0 0.40771
1550.0 3350.0 0.54116
1650.0 3350.0 0.54625
1750.0 3350.0 0.42936
1850.0 3350.0 0.22996
1950.0 3350.0 0.01019
2050.0 3350.0 -0.16656
2150.0 3350.0 -0.26798
2250.0 3350.0 -0.33303
2350.0 3350.0 -0.43811
2450.0 3350.0 -0.59595
2550.0 3350.0 -0.77123
2650.0 3350.0 -0.91258
2750.0 3350.0 -0.97576
2850.0 3350.0 -0.93804
2950.0 3350.0 -0.80376
3050.0 3350.0 -0.60116
3150.0 3350.0 -0.37038
3250.0 3350.0 -0.14275
3350.0 3350.0 0.11641
3450.0 3350.0 0.53925
3550.0 3350.0 1.11572
3650.0 3350.0 1.72102
3750.0 3350.0 2.20154
3850.0 3350.0 2.43583
3950.0 3350.0 2.37038
4050.0 3350.0 2.03040
4150.0 3350.0 1.50553
4250.0 3350.0 0.91044
4350.0 3350.0 0.32084
4450.0 3350.0 -0.24128
4550.0 3350.0 -0.70208
4650.0 3350.0 -0.98365
4750.0 3350.0 -1.04163
4850.0 3350.0 -0.88180
4950.0 3350.0 -0.56317
5050.0 3350.0 -0.18742
5150.0 3350.0 0.12534
5250.0 3350.0 0.27429
5350.0 3350.0 0.22934
5450.0 3350.0 0.08190
5550.0 3350.0 -0.13467
5650.0 3350.0 -0.44697
5750.0 3350.0 -0.80578
5850.0 3350.0 -1.13031
5950.0 3350.0 -1.34582
6050.0 3350.0 -1.40779
6150.0 3350.0 -1.31300
6250.0 3350.0 -1.09709
6350.0 3350.0 -0.81899
50.0 3450.0 -1.24218
150.0 3450.0 -1.10398
250.0 3450.0 -1.04236
350.0 3450.0 -1.07685
450.0 3450.0 -1.18527
550.0 3450.0 -1.32322
650.0 3450.0 -1.44014
750.0 3450.0 -1.49206
850.0 3450.0 -1.45094
950.0 3450.0 -1.31057
1050.0 3450.0 -1.08918
1150.0 3450.0 -0.82803
1250.0 3450.0 -0.55439
1350.0 3450.0 -0.27871
1450.0 3450.0 -0.04227
1550.0 3450.0 0.10848
1650.0 3450.0 0.14432
1750.0 3450.0 0.06537
1850.0 3450.0 -0.09707
1950.0 3450.0 -0.28908
2050.0 3450.0 -0.45300
2150.0 3450.0 -0.55656
2250.0 3450.0 -0.62959
2350.0 3450.0 -0.73414
2450.0 3450.0 -0.87586
2550.0 3450.0 -1.01984
2650.0 3450.0 -1.11994
2750.0 3450.0 -1.13954
2850.0 3450.0 -1.06388
2950.0 3450.0 -0.90388
3050.0 3450.0 -0.69149
3150.0 3450.0 -0.46663
3250.0 3450.0 -0.25560
3350.0 3450.0 -0.01274
3450.0 3450.0 0.40983
3550.0 3450.0 1.01239
3650.0 3450.0 1.67263
3750.0 3450.0 2.23238
3850.0 3450.0 2.55985
3950.0 3450.0 2.58777
4050.0 3450.0 2.32711
4150.0 3450.0 1.85659
4250.0 3450.0 1.28781
4350.0 3450.0 0.70643
4450.0 3450.0 0.14475
4550.0 3450.0 -0.33155
4650.0 3450.0 -0.64588
4750.0 3450.0 -0.74846
4850.0 3450.0 -0.63635
4950.0 3450.0 -0.35935
5050.0 3450.0 -0.01164
5150.0 3450.0 0.29092
5250.0 3450.0 0.44753
5350.0 3450.0 0.42365
5450.0 3450.0 0.30151
5550.0 3450.0 0.09524
5650.0 3450.0 -0.24184
5750.0 3450.0 -0.67028
5850.0 3450.0 -1.10789
5950.0 3450.0 -1.46830
6050.0 3450.0 -1.68766
6150.0 3450.0 -1.73977
6250.0 3450.0 -1.63925
6350.0 3450.0 -1.43313
50.0 3550.0 -1.86075
150.0 3550.0 -1.76286
250.0 3550.0 -1.70340
350.0 3550.0 -1.68803
450.0 3550.0 -1.70039
550.0 3550.0 -1.71455
650.0 3550.0 -1.70473
750.0 3550.0 -1.65198
850.0 3550.0 -1.54823
950.0 3550.0 -1.39733
1050.0 3550.0 -1.21327
1150.0 3550.0 -1.01524
1250.0 3550.0 -0.80394
1350.0 3550.0 -0.57868
1450.0 3550.0 -0.37263
1550.0 3550.0 -0.22807
1650.0 3550.0 -0.17554
1750.0 3550.0 -0.22183
1850.0 3550.0 -0.34689
1950.0 3550.0 -0.50968
2050.0 3550.0 -0.66285
2150.0 3550.0 -0.77646
2250.0 3550.0 -0.86799
2350.0 3550.0 -0.97757
2450.0 3550.0 -1.10027
2550.0 3550.0 -1.20281
2650.0 3550.0 -1.24804
2750.0 3550.0 -1.21165
2850.0 3550.0 -1.09107
2950.0 3550.0 -0.90658
3050.0 3550.0 -0.69472
3150.0 3550.0 -0.49389
3250.0 3550.0 -0.32223
3350.0 3550.0 -0.12112
3450.0 3550.0 0.26756
3550.0 3550.0 0.85389
3650.0 3550.0 1.52308
3750.0 3550.0 2.11909
3850.0 3550.0 2.50579
3950.0 3550.0 2.60555
4050.0 3550.0 2.41531
4150.0 3550.0 2.00008
4250.0 3550.0 1.46389
4350.0 3550.0 0.89836
4450.0 3550.0 0.34322
4550.0 3550.0 -0.14557
4650.0 3550.0 -0.49042
4750.0 3550.0 -0.63208
4850.0 3550.0 -0.55538
4950.0 3550.0 -0.29913
5050.0 3550.0 0.04947
5150.0 3550.0 0.37609
5250.0 3550.0 0.57625
5350.0 3550.0 0.60785
5450.0 3550.0 0.54421
5550.0 3550.0 0.38450
5650.0 3550.0 0.05985
5750.0 3550.0 -0.40835
5850.0 3550.0 -0.94522
5950.0 3550.0 -1.45793
6050.0 3550.0 -1.86292
6150.0 3550.0 -2.10490
6250.0 3550.0 -2.16758
6350.0 3550.0 -2.07606
50.0 3650.0 -2.30627
150.0 3650.0 -2.27122
250.0 3650.0 -2.22168
350.0 3650.0 -2.14433
450.0 3650.0 -2.03120
550.0 3650.0 -1.88231
650.0 3650.0 -1.70618
750.0 3650.0 -1.51845
850.0 3650.0 -1.33835
950.0 3650.0 -1.18319
1050.0 3650.0 -1.06079
1150.0 3650.0 -0.95984
1250.0 3650.0 -0.84567
1350.0 3650.0 -0.70391
1450.0 3650.0 -0.55619
1550.0 3650.0 -0.43759
1650.0 3650.0 -0.37867
1750.0 3650.0 -0.39421
1850.0 3650.0 -0.47877
1950.0 3650.0 -0.60893
2050.0 3650.0 -0.75227
2150.0 3650.0 -0.88317
2250.0 3650.0 -1.00333
2350.0 3650.0 -1.12413
2450.0 3650.0 -1.22745
2550.0 3650.0 -1.28286
2650.0 3650.0 -1.26549
2750.0 3650.0 -1.16713
2850.0 3650.0 -1.00059
2950.0 3650.0 -0.79746
3050.0 3650.0 -0.59913
3150.0 3650.0 -0.44115
3250.0 3650.0 -0.33093
3350.0 3650.0 -0.19618
3450.0 3650.0 0.12456
3550.0 3650.0 0.64998
3650.0 3650.0 1.27761
3750.0 3650.0 1.86076
3850.0 3650.0 2.26569
3950.0 3650.0 2.40888
4050.0 3650.0 2.27441
4150.0 3650.0 1.91157
4250.0 3650.0 1.41249
4350.0 3650.0 0.86995
4450.0 3650.0 0.32706
4550.0 3650.0 -0.17193
4650.0 3650.0 -0.54623
4750.0 3650.0 -0.72329
4850.0 3650.0 -0.67205
4950.0 3650.0 -0.41841
5050.0 3650.0 -0.04291
5150.0 3650.0 0.33937
5250.0 3650.0 0.61671
5350.0 3650.0 0.73647
5450.0 3650.0 0.76338
5550.0 3650.0 0.68968
5650.0 3650.0 0.42695
5750.0 3650.0 -0.02861
5850.0 3650.0 -0.61991
5950.0 3650.0 -1.25662
6050.0 3650.0 -1.83990
6150.0 3650.0 -2.28420
6250.0 3650.0 -2.53611
6350.0 3650.0 -2.59032
50.0 3750.0 -2.46999
150.0 3750.0 -2.51412
250.0 3750.0 -2.48509
350.0 3750.0 -2.34893
450.0 3750.0 -2.10747
550.0 3750.0 -1.78976
650.0 3750.0 -1.44245
750.0 3750.0 -1.11920
850.0 3750.0 -0.86897
950.0 3750.0 -0.72336
1050.0 3750.0 -0.68289
1150.0 3750.0 -0.70256
1250.0 3750.0 -0.70903
1350.0 3750.0 -0.67215
1450.0 3750.0 -0.59954
1550.0 3750.0 -0.51716
1650.0 3750.0 -0.45507
1750.0 3750.0 -0.43732
1850.0 3750.0 -0.47590
1950.0 3750.0 -0.56868
2050.0 3750.0 -0.70150
2150.0 3750.0 -0.85428
2250.0 3750.0 -1.01006
2350.0 3750.0 -1.14738
2450.0 3750.0 -1.23402
2550.0 3750.0 -1.24336
2650.0 3750.0 -1.16456
2750.0 3750.0 -1.00729
2850.0 3750.0 -0.80097
2950.0 3750.0 -0.58890
3050.0 3750.0 -0.41685
3150.0 3750.0 -0.31644
3250.0 3750.0 -0.28313
3350.0 3750.0 -0.23195
3450.0 3750.0 -0.00478
3550.0 3750.0 0.42393
3650.0 3750.0 0.96746
3750.0 3750.0 1.49428
3850.0 3750.0 1.87896
3950.0 3750.0 2.03653
4050.0 3750.0 1.94032
4150.0 3750.0 1.62324
4250.0 3750.0 1.16253
4350.0 3750.0 0.64768
4450.0 3750.0 0.12076
4550.0 3750.0 -0.38754
4650.0 3750.0 -0.79193
4750.0 3750.0 -1.00375
4850.0 3750.0 -0.97341
4950.0 3750.0 -0.71224
5050.0 3750.0 -0.29401
5150.0 3750.0 0.16408
5250.0 3750.0 0.54082
5350.0 3750.0 0.77090
5450.0 3750.0 0.91060
5550.0 3750.0 0.95577
5650.0 3750.0 0.80587
5750.0 3750.0 0.42799
5850.0 3750.0 -0.14833
5950.0 3750.0 -0.84633
6050.0 3750.0 -1.56086
6150.0 3750.0 -2.18094
6250.0 3750.0 -2.61591
6350.0 3750.0 -2.82536
50.0 3850.0 -2.31185
150.0 3850.0 -2.44153
250.0 3850.0 -2.44390
350.0 3850.0 -2.26640
450.0 3850.0 -1.92054
550.0 3850.0 -1.46261
650.0 3850.0 -0.97453
750.0 3850.0 -0.54464
850.0 3850.0 -0.24865
950.0 3850.0 -0.13050
1050.0 3850.0 -0.18342
1150.0 3850.0 -0.33145
1250.0 3850.0 -0.46535
1350.0 3850.0 -0.53818
1450.0 3850.0 -0.54250
1550.0 3850.0 -0.49478
1650.0 3850.0 -0.42501
1750.0 3850.0 -0.36767
1850.0 3850.0 -0.35376
1950.0 3850.0 -0.40421
2050.0 3850.0 -0.52440
2150.0 3850.0 -0.69992
2250.0 3850.0 -0.89358
2350.0 3850.0 -1.05061
2450.0 3850.0 -1.12561
2550.0 3850.0 -1.09630
2650.0 3850.0 -0.96574
2750.0 3850.0 -0.76081
2850.0 3850.0 -0.52655
2950.0 3850.0 -0.31673
3050.0 3850.0 -0.18043
3150.0 3850.0 -0.14477
3250.0 3850.0 -0.19366
3350.0 3850.0 -0.23189
3450.0 3850.0 -0.10955
3550.0 3850.0 0.20389
3650.0 3850.0 0.63874
3750.0 3850.0 1.08164
3850.0 3850.0 1.41917
3950.0 3850.0 1.56837
4050.0 3850.0 1.49424
4150.0 3850.0 1.21421
4250.0 3850.0 0.78960
4350.0 3850.0 0.30364
4450.0 3850.0 -0.20641
4550.0 3850.0 -0.72475
4650.0 3850.0 -1.16135
4750.0 3850.0 -1.41049
4850.0 3850.0 -1.40286
4950.0 3850.0 -1.13430
5050.0 3850.0 -0.67130
5150.0 3850.0 -0.13325
5250.0 3850.0 0.34860
5350.0 3850.0 0.69549
5450.0 3850.0 0.95536
5550.0 3850.0 1.13795
5650.0 3850.0 1.14108
5750.0 3850.0 0.90293
5850.0 3850.0 0.41867
5950.0 3850.0 -0.25898
6050.0 3850.0 -1.02985
6150.0 3850.0 -1.76710
6250.0 3850.0 -2.34867
6350.0 3850.0 -2.69938
50.0 3950.0 -1.87798
150.0 3950.0 -2.08813
250.0 3950.0 -2.13015
350.0 3950.0 -1.93814
450.0 3950.0 -1.53168
550.0 3950.0 -0.98817
650.0 3950.0 -0.41613
750.0 3950.0 0.07040
850.0 3950.0 0.37651
950.0 3950.0 0.44999
1050.0 3950.0 0.30388
1150.0 3950.0 0.03728
1250.0 3950.0 -0.21273
1350.0 3950.0 -0.38262
1450.0 3950.0 -0.45057
1550.0 3950.0 -0.42482
1650.0 3950.0 -0.33653
1750.0 3950.0 -0.23125
1850.0 3950.0 -0.15909
1950.0 3950.0 -0.16337
2050.0 3950.0 -0.26797
2150.0 3950.0 -0.46325
2250.0 3950.0 -0.69184
2350.0 3950.0 -0.86880
2450.0 3950.0 -0.93822
2550.0 3950.0 -0.88193
2650.0 3950.0 -0.71501
2750.0 3950.0 -0.47871
2850.0 3950.0 -0.23071
2950.0 3950.0 -0.03281
3050.0 3950.0 0.06397
3150.0 3950.0 0.03696
3250.0 3950.0 -0.08808
3350.0 3950.0 -0.20889
3450.0 3950.0 -0.18559
3550.0 3950.0 0.01582
3650.0 3950.0 0.34144
3750.0 3950.0 0.69566
3850.0 3950.0 0.97762
3950.0 3950.0 1.10788
4050.0 3950.0 1.04524
4150.0 3950.0 0.79380
4250.0 3950.0 0.40021
4350.0 3950.0 -0.05943
4450.0 3950.0 -0.55469
4550.0 3950.0 -1.08519
4650.0 3950.0 -1.55704
4750.0 3950.0 -1.84848
4850.0 3950.0 -1.87113
4950.0 3950.0 -1.60529
5050.0 3950.0 -1.10951
5150.0 3950.0 -0.50413
5250.0 3950.0 0.07088
5350.0 3950.0 0.52407
5450.0 3950.0 0.89494
5550.0 3950.0 1.21463
5650.0 3950.0 1.38989
5750.0 3950.0 1.33411
5850.0 3950.0 1.00608
5950.0 3950.0 0.42731
6050.0 3950.0 -0.31755
6150.0 3950.0 -1.09758
6250.0 3950.0 -1.76938
6350.0 3950.0 -2.22804
50.0 4050.0 -1.28982
150.0 4050.0 -1.56493
250.0 4050.0 -1.64996
350.0 4050.0 -1.47270
450.0 4050.0 -1.05818
550.0 4050.0 -0.49586
650.0 4050.0 0.09131
750.0 4050.0 0.57614
850.0 4050.0 0.85465
950.0 4050.0 0.87161
1050.0 4050.0 0.64447
1150.0 4050.0 0.28450
1250.0 4050.0 -0.05465
1350.0 4050.0 -0.29434
1450.0 4050.0 -0.40062
1550.0 4050.0 -0.37610
1650.0 4050.0 -0.25476
1750.0 4050.0 -0.09337
1850.0 4050.0 0.04051
1950.0 4050.0 0.08407
2050.0 4050.0 -0.00194
2150.0 4050.0 -0.21082
2250.0 4050.0 -0.46677
2350.0 4050.0 -0.66084
2450.0 4050.0 -0.73009
2550.0 4050.0 -0.65976
2650.0 4050.0 -0.47366
2750.0 4050.0 -0.22308
2850.0 4050.0 0.02582
2950.0 4050.0 0.20626
3050.0 4050.0 0.26666
3150.0 4050.0 0.18804
3250.0 4050.0 0.00297
3350.0 4050.0 -0.18236
3450.0 4050.0 -0.23633
3550.0 4050.0 -0.12213
3650.0 4050.0 0.11866
3750.0 4050.0 0.40424
3850.0 4050.0 0.64349
3950.0 4050.0 0.75961
4050.0 4050.0 0.70648
4150.0 4050.0 0.47772
4250.0 4050.0 0.10851
4350.0 4050.0 -0.33056
4450.0 4050.0 -0.81566
4550.0 4050.0 -1.36128
4650.0 4050.0 -1.87153
4750.0 4050.0 -2.21142
4850.0 4050.0 -2.27580
4950.0 4050.0 -2.03042
5050.0 4050.0 -1.52507
5150.0 4050.0 -0.87887
5250.0 4050.0 -0.23764
5350.0 4050.0 0.29662
5450.0 4050.0 0.75477
5550.0 4050.0 1.19186
5650.0 4050.0 1.53145
5750.0 4050.0 1.66931
5850.0 4050.0 1.53116
5950.0 4050.0 1.10555
6050.0 4050.0 0.45457
6150.0 4050.0 -0.29749
6250.0 4050.0 -0.99771
6350.0 4050.0 -1.52011
50.0 4150.0 -0.70495
150.0 4150.0 -1.02273
250.0 4150.0 -1.14845
350.0 4150.0 -1.01078
450.0 4150.0 -0.63709
550.0 4150.0 -0.11923
650.0 4150.0 0.41840
750.0 4150.0 0.84854
850.0 4150.0 1.06850
950.0 4150.0 1.02524
1050.0 4150.0 0.73831
1150.0 4150.0 0.31968
1250.0 4150.0 -0.07233
1350.0 4150.0 -0.34636
1450.0 4150.0 -0.45961
1550.0 4150.0 -0.41236
1650.0 4150.0 -0.24323
1750.0 4150.0 -0.01964
1850.0 4150.0 0.17634
1950.0 4150.0 0.26683
2050.0 4150.0 0.20178
2150.0 4150.0 -0.01282
2250.0 4150.0 -0.28575
2350.0 4150.0 -0.49169
2450.0 4150.0 -0.56430
2550.0 4150.0 -0.49109
2650.0 4150.0 -0.30073
2750.0 4150.0 -0.04977
2850.0 4150.0 0.19154
2950.0 4150.0 0.35444
3050.0 4150.0 0.38775
3150.0 4150.0 0.27498
3250.0 4150.0 0.05229
3350.0 4150.0 -0.17255
3450.0 4150.0 -0.27112
3550.0 4150.0 -0.20358
3650.0 4150.0 -0.00403
3750.0 4150.0 0.25304
3850.0 4150.0 0.48070
3950.0 4150.0 0.60174
4050.0 4150.0 0.56519
4150.0 4150.0 0.35711
4250.0 4150.0 0.00565
4350.0 4150.0 -0.42042
4450.0 4150.0 -0.90143
4550.0 4150.0 -1.46530
4650.0 4150.0 -2.01649
4750.0 4150.0 -2.41070
4850.0 4150.0 -2.52948
4950.0 4150.0 -2.32570
5050.0 4150.0 -1.83979
5150.0 4150.0 -1.18694
5250.0 4150.0 -0.51508
5350.0 4150.0 0.06623
5450.0 4150.0 0.57897
5550.0 4150.0 1.09900
5650.0 4150.0 1.57011
5750.0 4150.0 1.87883
5850.0 4150.0 1.92583
5950.0 4150.0 1.67066
6050.0 4150.0 1.15111
6150.0 4150.0 0.47750
6250.0 4150.0 -0.19843
6350.0 4150.0 -0.73978
50.0 4250.0 -0.24959
150.0 4250.0 -0.58739
250.0 4250.0 -0.74742
350.0 4250.0 -0.66491
450.0 4250.0 -0.36683
550.0 4250.0 0.06067
650.0 4250.0 0.50230
750.0 4250.0 0.84125
850.0 4250.0 0.98429
950.0 4250.0 0.88450
1050.0 4250.0 0.56146
1150.0 4250.0 0.11856
1250.0 4250.0 -0.29086
1350.0 4250.0 -0.56529
1450.0 4250.0 -0.65646
1550.0 4250.0 -0.56549
1650.0 4250.0 -0.33701
1750.0 4250.0 -0.04817
1850.0 4250.0 0.20766
1950.0 4250.0 0.34233
2050.0 4250.0 0.29954
2150.0 4250.0 0.08669
2250.0 4250.0 -0.19297
2350.0 4250.0 -0.40477
2450.0 4250.0 -0.48195
2550.0 4250.0 -0.41304
2650.0 4250.0 -0.22811
2750.0 4250.0 0.01511
2850.0 4250.0 0.24583
2950.0 4250.0 0.39551
3050.0 4250.0 0.41385
3150.0 4250.0 0.28552
3250.0 4250.0 0.04752
3350.0 4250.0 -0.19192
3450.0 4250.0 -0.30117
3550.0 4250.0 -0.23635
3650.0 4250.0 -0.02900
3750.0 4250.0 0.24666
3850.0 4250.0 0.50140
3950.0 4250.0 0.65350
4050.0 4250.0 0.64630
4150.0 4250.0 0.46053
4250.0 4250.0 0.12171
4350.0 4250.0 -0.29867
4450.0 4250.0 -0.78142
4550.0 4250.0 -1.36608
4650.0 4250.0 -1.95965
4750.0 4250.0 -2.41248
4850.0 4250.0 -2.59641
4950.0 4250.0 -2.45328
5050.0 4250.0 -2.01381
5150.0 4250.0 -1.38679
5250.0 4250.0 -0.71870
5350.0 4250.0 -0.12363
5450.0 4250.0 0.41126
5550.0 4250.0 0.97582
5650.0 4250.0 1.53301
5750.0 4250.0 1.96762
5850.0 4250.0 2.16520
5950.0 4250.0 2.06397
6050.0 4250.0 1.68032
6150.0 4250.0 1.10773
6250.0 4250.0 0.48935
6350.0 4250.0 -0.03599
50.0 4350.0 0.07635
150.0 4350.0 -0.26782
250.0 4350.0 -0.45664
350.0 4350.0 -0.43472
450.0 4350.0 -0.22713
550.0 4350.0 0.08983
650.0 4350.0 0.41529
750.0 4350.0 0.64807
850.0 4350.0 0.70845
950.0 4350.0 0.55740
1050.0 4350.0 0.21343
1150.0 4350.0 -0.23334
1250.0 4350.0 -0.63938
1350.0 4350.0 -0.89460
1450.0 4350.0 -0.94732
1550.0 4350.0 -0.80128
1650.0 4350.0 -0.50789
1750.0 4350.0 -0.15325
1850.0 4350.0 0.16008
1950.0 4350.0 0.33656
2050.0 4350.0 0.31642
2150.0 4350.0 0.10966
2250.0 4350.0 -0.17059
2350.0 4350.0 -0.38436
2450.0 4350.0 -0.46586
2550.0 4350.0 -0.40389
2650.0 4350.0 -0.22803
2750.0 4350.0 0.00496
2850.0 4350.0 0.22555
2950.0 4350.0 0.36642
3050.0 4350.0 0.37824
3150.0 4350.0 0.24600
3250.0 4350.0 0.00608
3350.0 4350.0 -0.23307
3450.0 4350.0 -0.33219
3550.0 4350.0 -0.24252
3650.0 4350.0 0.00404
3750.0 4350.0 0.32913
3850.0 4350.0 0.63697
3950.0 4350.0 0.83852
4050.0 4350.0 0.87051
4150.0 4350.0 0.70950
4250.0 4350.0 0.38094
4350.0 4350.0 -0.03790
4450.0 4350.0 -0.52566
4550.0 4350.0 -1.13223
4650.0 4350.0 -1.76843
4750.0 4350.0 -2.28165
4850.0 4350.0 -2.53623
4950.0 4350.0 -2.46424
5050.0 4350.0 -2.08654
5150.0 4350.0 -1.50417
5250.0 4350.0 -0.86003
5350.0 4350.0 -0.27089
5450.0 4350.0 0.26676
5550.0 4350.0 0.85116
5650.0 4350.0 1.46194
5750.0 4350.0 1.98633
5850.0 4350.0 2.30145
5950.0 4350.0 2.33038
6050.0 4350.0 2.07166
6150.0 4350.0 1.60214
6250.0 4350.0 1.05328
6350.0 4350.0 0.56085
50.0 4450.0 0.37432
150.0 4450.0 0.02599
250.0 4450.0 -0.18811
350.0 4450.0 -0.22152
450.0 4450.0 -0.09768
550.0 4450.0 0.11624
650.0 4450.0 0.33295
750.0 4450.0 0.46608
850.0 4450.0 0.44877
950.0 4450.0 0.24968
1050.0 4450.0 -0.11356
1150.0 4450.0 -0.56335
1250.0 4450.0 -0.96580
1350.0 4450.0 -1.20287
1450.0 4450.0 -1.21913
1550.0 4450.0 -1.02002
1650.0 4450.0 -0.66275
1750.0 4450.0 -0.24170
1850.0 4450.0 0.13161
1950.0 4450.0 0.35405
2050.0 4450.0 0.36180
2150.0 4450.0 0.16674
2250.0 4450.0 -0.10863
2350.0 4450.0 -0.32074
2450.0 4450.0 -0.40599
2550.0 4450.0 -0.35289
2650.0 4450.0 -0.18908
2750.0 4450.0 0.03142
2850.0 4450.0 0.24182
2950.0 4450.0 0.37698
3050.0 4450.0 0.38868
3150.0 4450.0 0.26166
3250.0 4450.0 0.03050
3350.0 4450.0 -0.19830
3450.0 4450.0 -0.28247
3550.0 4450.0 -0.17091
3650.0 4450.0 0.10446
3750.0 4450.0 0.46337
3850.0 4450.0 0.80702
3950.0 4450.0 1.04288
4050.0 4450.0 1.10446
4150.0 4450.0 0.96626
4250.0 4450.0 0.65358
4350.0 4450.0 0.24641
4450.0 4450.0 -0.23381
4550.0 4450.0 -0.84548
4650.0 4450.0 -1.50530
4750.0 4450.0 -2.06182
4850.0 4450.0 -2.37592
4950.0 4450.0 -2.37231
5050.0 4450.0 -2.06218
5150.0 4450.0 -1.53672
5250.0 4450.0 -0.93182
5350.0 4450.0 -0.36375
5450.0 4450.0 0.16228
5550.0 4450.0 0.75026
5650.0 4450.0 1.39627
5750.0 4450.0 1.99256
5850.0 4450.0 2.41113
5950.0 4450.0 2.56242
6050.0 4450.0 2.42793
6150.0 4450.0 2.06675
6250.0 4450.0 1.59605
6350.0 4450.0 1.14543
50.0 4550.0 0.62462
150.0 4550.0 0.27424
250.0 4550.0 0.04436
350.0 4550.0 -0.02506
450.0 4550.0 0.04280
550.0 4550.0 0.18611
650.0 4550.0 0.32633
750.0 4550.0 0.38725
850.0 4550.0 0.31135
950.0 4550.0 0.07336
1050.0 4550.0 -0.30885
1150.0 4550.0 -0.76608
1250.0 4550.0 -1.17196
1350.0 4550.0 -1.40258
1450.0 4550.0 -1.39719
1550.0 4550.0 -1.15940
1650.0 4550.0 -0.74849
1750.0 4550.0 -0.26455
1850.0 4550.0 0.17272
1950.0 4550.0 0.45141
2050.0 4550.0 0.50111
2150.0 4550.0 0.33292
2250.0 4550.0 0.07702
2350.0 4550.0 -0.12402
2450.0 4550.0 -0.21220
2550.0 4550.0 -0.17437
2650.0 4550.0 -0.03224
2750.0 4550.0 0.16769
2850.0 4550.0 0.36564
2950.0 4550.0 0.50138
3050.0 4550.0 0.52850
3150.0 4550.0 0.43006
3250.0 4550.0 0.23559
3350.0 4550.0 0.04276
3450.0 4550.0 -0.01864
3550.0 4550.0 0.09699
3650.0 4550.0 0.35952
3750.0 4550.0 0.69522
3850.0 4550.0 1.01420
3950.0 4550.0 1.23297
4050.0 4550.0 1.29240
4150.0 4550.0 1.17079
4250.0 4550.0 0.89220
4350.0 4550.0 0.52910
4450.0 4550.0 0.09605
4550.0 4550.0 -0.46849
4650.0 4550.0 -1.09277
4750.0 4550.0 -1.63841
4850.0 4550.0 -1.97449
4950.0 4550.0 -2.02562
5050.0 4550.0 -1.79399
5150.0 4550.0 -1.35535
5250.0 4550.0 -0.82889
5350.0 4550.0 -0.32116
5450.0 4550.0 0.15597
5550.0 4550.0 0.70593
5650.0 4550.0 1.34093
5750.0 4550.0 1.96461
5850.0 4550.0 2.45186
5950.0 4550.0 2.70637
6050.0 4550.0 2.69435
6150.0 4550.0 2.45415
6250.0 4550.0 2.08199
6350.0 4550.0 1.69361
50.0 4650.0 0.78299
150.0 4650.0 0.43348
250.0 4650.0 0.20139
350.0 4650.0 0.12388
450.0 4650.0 0.17610
550.0 4650.0 0.29626
650.0 4650.0 0.40764
750.0 4650.0 0.43734
850.0 4650.0 0.33187
950.0 4650.0 0.06961
1050.0 4650.0 -0.32997
1150.0 4650.0 -0.80001
1250.0 4650.0 -1.21889
1350.0 4650.0 -1.46081
1450.0 4650.0 -1.45834
1550.0 4650.0 -1.20834
1650.0 4650.0 -0.76652
1750.0 4650.0 -0.23411
1850.0 4650.0 0.26324
1950.0 4650.0 0.60452
2050.0 4650.0 0.71011
2150.0 4650.0 0.58655
2250.0 4650.0 0.36813
2350.0 4650.0 0.18937
2450.0 4650.0 0.09809
2550.0 4650.0 0.11072
2650.0 4650.0 0.21658
2750.0 4650.0 0.38302
2850.0 4650.0 0.56292
2950.0 4650.0 0.70470
3050.0 4650.0 0.76492
3150.0 4650.0 0.72322
3250.0 4650.0 0.59989
3350.0 4650.0 0.47484
3450.0 4650.0 0.44673
3550.0 4650.0 0.54625
3650.0 4650.0 0.74730
3750.0 4650.0 0.99280
3850.0 4650.0 1.21601
3950.0 4650.0 1.35759
4050.0 4650.0 1.37829
4150.0 4650.0 1.26726
4250.0 4650.0 1.04597
4350.0 4650.0 0.76713
4450.0 4650.0 0.43056
4550.0 4650.0 -0.02120
4650.0 4650.0 -0.53476
4750.0 4650.0 -0.99964
4850.0 4650.0 -1.30794
4950.0 4650.0 -1.39355
5050.0 4650.0 -1.25106
5150.0 4650.0 -0.93409
5250.0 4650.0 -0.53335
5350.0 4650.0 -0.13422
5450.0 4650.0 0.24778
5550.0 4650.0 0.70665
5650.0 4650.0 1.26874
5750.0 4650.0 1.85677
5850.0 4650.0 2.35909
5950.0 4650.0 2.68131
6050.0 4650.0 2.77811
6150.0 4650.0 2.66495
6250.0 4650.0 2.40997
6350.0 4650.0 2.10588
50.0 4750.0 0.81991
150.0 4750.0 0.47421
250.0 4750.0 0.25400
350.0 4750.0 0.19764
450.0 4750.0 0.27680
550.0 4750.0 0.42426
650.0 4750.0 0.55788
750.0 4750.0 0.60077
850.0 4750.0 0.49777
950.0 4750.0 0.22808
1050.0 4750.0 -0.18589
1150.0 4750.0 -0.67327
1250.0 4750.0 -1.11458
1350.0 4750.0 -1.38739
1450.0 4750.0 -1.41696
1550.0 4750.0 -1.18866
1650.0 4750.0 -0.74839
1750.0 4750.0 -0.19286
1850.0 4750.0 0.35010
1950.0 4750.0 0.75141
2050.0 4750.0 0.92058
2150.0 4750.0 0.85579
2250.0 4750.0 0.69039
2350.0 4750.0 0.54307
2450.0 4750.0 0.44704
2550.0 4750.0 0.42329
2650.0 4750.0 0.47691
2750.0 4750.0 0.59496
2850.0 4750.0 0.74836
2950.0 4750.0 0.89799
3050.0 4750.0 1.00464
3150.0 4750.0 1.04316
3250.0 4750.0 1.02065
3350.0 4750.0 0.99116
3450.0 4750.0 1.00653
3550.0 4750.0 1.07481
3650.0 4750.0 1.17587
3750.0 4750.0 1.27758
3850.0 4750.0 1.34818
3950.0 4750.0 1.36486
4050.0 4750.0 1.31856
4150.0 4750.0 1.21503
4250.0 4750.0 1.07202
4350.0 4750.0 0.91238
4450.0 4750.0 0.71535
4550.0 4750.0 0.43463
4650.0 4750.0 0.09951
4750.0 4750.0 -0.22047
4850.0 4750.0 -0.45365
4950.0 4750.0 -0.55196
5050.0 4750.0 -0.50407
5150.0 4750.0 -0.33627
5250.0 4750.0 -0.10076
5350.0 4750.0 0.14842
5450.0 4750.0 0.39511
5550.0 4750.0 0.71483
5650.0 4750.0 1.14446
5750.0 4750.0 1.63206
5850.0 4750.0 2.08956
5950.0 4750.0 2.43371
6050.0 4750.0 2.61294
6150.0 4750.0 2.61992
6250.0 4750.0 2.48998
6350.0 4750.0 2.28524
50.0 4850.0 0.73266
150.0 4850.0 0.39302
250.0 4850.0 0.19596
350.0 4850.0 0.18437
450.0 4850.0 0.32523
550.0 4850.0 0.54153
650.0 4850.0 0.73986
750.0 4850.0 0.83339
850.0 4850.0 0.76044
950.0 4850.0 0.49851
1050.0 4850.0 0.07390
1150.0 4850.0 -0.43337
1250.0 4850.0 -0.90410
1350.0 4850.0 -1.22462
1450.0 4850.0 -1.31331
1550.0 4850.0 -1.14053
1650.0 4850.0 -0.73699
1750.0 4850.0 -0.18936
1850.0 4850.0 0.37673
1950.0 4850.0 0.82646
2050.0 4850.0 1.05829
2150.0 4850.0 1.05906
2250.0 4850.0 0.95581
2350.0 4850.0 0.84471
2450.0 4850.0 0.74102
2550.0 4850.0 0.67110
2650.0 4850.0 0.65882
2750.0 4850.0 0.71499
2850.0 4850.0 0.83246
2950.0 4850.0 0.98732
3050.0 4850.0 1.14584
3150.0 4850.0 1.27735
3250.0 4850.0 1.37304
3350.0 4850.0 1.45577
3450.0 4850.0 1.52200
3550.0 4850.0 1.55306
3650.0 4850.0 1.53584
3750.0 4850.0 1.46763
3850.0 4850.0 1.35789
3950.0 4850.0 1.22684
4050.0 4850.0 1.10108
4150.0 4850.0 1.00590
4250.0 4850.0 0.95468
4350.0 4850.0 0.93507
4450.0 4850.0 0.90356
4550.0 4850.0 0.83005
4650.0 4850.0 0.71669
4750.0 4850.0 0.58413
4850.0 4850.0 0.45936
4950.0 4850.0 0.36659
5050.0 4850.0 0.32125
5150.0 4850.0 0.32697
5250.0 4850.0 0.37574
5350.0 4850.0 0.45101
5450.0 4850.0 0.53841
5550.0 4850.0 0.68796
5650.0 4850.0 0.94243
5750.0 4850.0 1.27858
5850.0 4850.0 1.63901
5950.0 4850.0 1.95919
6050.0 4850.0 2.18704
6150.0 4850.0 2.29492
6250.0 4850.0 2.28428
6350.0 4850.0 2.18270
50.0 4950.0 0.54908
150.0 4950.0 0.21649
250.0 4950.0 0.04833
350.0 4950.0 0.09396
450.0 4950.0 0.31515
550.0 4950.0 0.62301
650.0 4950.0 0.90980
750.0 4950.0 1.07548
850.0 4950.0 1.04906
950.0 4950.0 0.80479
1050.0 4950.0 0.37311
1150.0 4950.0 -0.15405
1250.0 4950.0 -0.65711
1350.0 4950.0 -1.03539
1450.0 4950.0 -1.20165
1550.0 4950.0 -1.10982
1650.0 4950.0 -0.77219
1750.0 4950.0 -0.26139
1850.0 4950.0 0.30311
1950.0 4950.0 0.78378
2050.0 4950.0 1.06919
2150.0 4950.0 1.13356
2250.0 4950.0 1.09316
2350.0 4950.0 1.01759
2450.0 4950.0 0.90289
2550.0 4950.0 0.78069
2650.0 4950.0 0.69447
2750.0 4950.0 0.67997
2850.0 4950.0 0.75340
2950.0 4950.0 0.90726
3050.0 4950.0 1.11409
3150.0 4950.0 1.33782
3250.0 4950.0 1.55294
3350.0 4950.0 1.74976
3450.0 4950.0 1.86968
3550.0 4950.0 1.86785
3650.0 4950.0 1.73813
3750.0 4950.0 1.50685
3850.0 4950.0 1.22400
3950.0 4950.0 0.95215
4050.0 4950.0 0.75280
4150.0 4950.0 0.67040
4250.0 4950.0 0.71393
4350.0 4950.0 0.83644
4450.0 4950.0 0.97347
4550.0 4950.0 1.11313
4650.0 4950.0 1.23060
4750.0 4950.0 1.29659
4850.0 4950.0 1.29179
4950.0 4950.0 1.21486
5050.0 4950.0 1.08399
5150.0 4950.0 0.93203
5250.0 4950.0 0.79520
5350.0 4950.0 0.69533
5450.0 4950.0 0.62106
5550.0 4950.0 0.59349
5650.0 4950.0 0.65690
5750.0 4950.0 0.81637
5850.0 4950.0 1.04767
5950.0 4950.0 1.30915
6050.0 4950.0 1.55289
6150.0 4950.0 1.73519
6250.0 4950.0 1.82637
6350.0 4950.0 1.81999
50.0 5050.0 0.32289
150.0 5050.0 -0.00312
250.0 5050.0 -0.14365
350.0 5050.0 -0.04289
450.0 5050.0 0.25619
550.0 5050.0 0.65347
650.0 5050.0 1.02743
750.0 5050.0 1.26511
850.0 5050.0 1.28623
950.0 5050.0 1.06154
1050.0 5050.0 0.62520
1150.0 5050.0 0.08070
1250.0 5050.0 -0.45279
1350.0 5050.0 -0.88938
1450.0 5050.0 -1.13810
1550.0 5050.0 -1.13741
1650.0 5050.0 -0.88104
1750.0 5050.0 -0.42607
1850.0 5050.0 0.11660
1950.0 5050.0 0.60957
2050.0 5050.0 0.93388
2150.0 5050.0 1.05171
2250.0 5050.0 1.06627
2350.0 5050.0 1.02031
2450.0 5050.0 0.89169
2550.0 5050.0 0.71647
2650.0 5050.0 0.55598
2750.0 5050.0 0.46910
2850.0 5050.0 0.49387
2950.0 5050.0 0.63858
3050.0 5050.0 0.88221
3150.0 5050.0 1.18417
3250.0 5050.0 1.50353
3350.0 5050.0 1.80104
3450.0 5050.0 1.97222
3550.0 5050.0 1.95090
3650.0 5050.0 1.73685
3750.0 5050.0 1.38027
3850.0 5050.0 0.96439
3950.0 5050.0 0.58630
4050.0 5050.0 0.33592
4150.0 5050.0 0.27311
4250.0 5050.0 0.40305
4350.0 5050.0 0.65056
4450.0 5050.0 0.93554
4550.0 5050.0 1.26265
4650.0 5050.0 1.58351
4750.0 5050.0 1.82497
4850.0 5050.0 1.92695
4950.0 5050.0 1.86549
5050.0 5050.0 1.66098
5150.0 5050.0 1.37173
5250.0 5050.0 1.07269
5350.0 5050.0 0.81937
5450.0 5050.0 0.60315
5550.0 5050.0 0.41733
5650.0 5050.0 0.30474
5750.0 5050.0 0.29479
5850.0 5050.0 0.39367
5950.0 5050.0 0.58221
6050.0 5050.0 0.81908
6150.0 5050.0 1.04926
6250.0 5050.0 1.21784
6350.0 5050.0 1.28911
50.0 5150.0 0.12082
150.0 5150.0 -0.20050
250.0 5150.0 -0.32164
350.0 5150.0 -0.18233
450.0 5150.0 0.17105
550.0 5150.0 0.63042
650.0 5150.0 1.06463
750.0 5150.0 1.35174
850.0 5150.0 1.40513
950.0 5150.0 1.19319
1050.0 5150.0 0.75280
1150.0 5150.0 0.19547
1250.0 5150.0 -0.36201
1350.0 5150.0 -0.84755
1450.0 5150.0 -1.16828
1550.0 5150.0 -1.25051
1650.0 5150.0 -1.07237
1750.0 5150.0 -0.67705
1850.0 5150.0 -0.16657
1950.0 5150.0 0.32373
2050.0 5150.0 0.67027
2150.0 5150.0 0.82556
2250.0 5150.0 0.88035
2350.0 5150.0 0.85422
2450.0 5150.0 0.70996
2550.0 5150.0 0.48671
2650.0 5150.0 0.25976
2750.0 5150.0 0.10649
2850.0 5150.0 0.08284
2950.0 5150.0 0.21040
3050.0 5150.0 0.47404
3150.0 5150.0 0.83017
3250.0 5150.0 1.22554
3350.0 5150.0 1.59804
3450.0 5150.0 1.81321
3550.0 5150.0 1.79172
3650.0 5150.0 1.53735
3750.0 5150.0 1.11548
3850.0 5150.0 0.63023
3950.0 5150.0 0.20016
4050.0 5150.0 -0.06732
4150.0 5150.0 -0.10307
4250.0 5150.0 0.09545
4350.0 5150.0 0.43537
4450.0 5150.0 0.82859
4550.0 5150.0 1.29131
4650.0 5150.0 1.75744
4750.0 5150.0 2.12186
4850.0 5150.0 2.29523
4950.0 5150.0 2.23790
5050.0 5150.0 1.97291
5150.0 5150.0 1.57805
5250.0 5150.0 1.15712
5350.0 5150.0 0.79017
5450.0 5150.0 0.46947
5550.0 5150.0 0.16613
5650.0 5150.0 -0.07926
5750.0 5150.0 -0.21959
5850.0 5150.0 -0.22580
5950.0 5150.0 -0.09952
6050.0 5150.0 0.12393
6150.0 5150.0 0.38234
6250.0 5150.0 0.60304
6350.0 5150.0 0.72905
50.0 5250.0 0.00131
150.0 5250.0 -0.31816
250.0 5250.0 -0.43292
350.0 5250.0 -0.28177
450.0 5250.0 0.08733
550.0 5250.0 0.56352
650.0 5250.0 1.01261
750.0 5250.0 1.31026
850.0 5250.0 1.36846
950.0 5250.0 1.15561
1050.0 5250.0 0.70991
1150.0 5250.0 0.14513
1250.0 5250.0 -0.42704
1350.0 5250.0 -0.94473
1450.0 5250.0 -1.31470
1550.0 5250.0 -1.45586
1650.0 5250.0 -1.33608
1750.0 5250.0 -0.98878
1850.0 5250.0 -0.50906
1950.0 5250.0 -0.02949
2050.0 5250.0 0.32442
2150.0 5250.0 0.49920
2250.0 5250.0 0.57626
2350.0 5250.0 0.55868
2450.0 5250.0 0.39862
2550.0 5250.0 0.13668
2650.0 5250.0 -0.14293
2750.0 5250.0 -0.35051
2850.0 5250.0 -0.41776
2950.0 5250.0 -0.31345
3050.0 5250.0 -0.04783
3150.0 5250.0 0.33420
3250.0 5250.0 0.77122
3350.0 5250.0 1.18704
3450.0 5250.0 1.43594
3550.0 5250.0 1.43492
3650.0 5250.0 1.18948
3750.0 5250.0 0.77008
3850.0 5250.0 0.28732
3950.0 5250.0 -0.13387
4050.0 5250.0 -0.38126
4150.0 5250.0 -0.38348
4250.0 5250.0 -0.13934
4350.0 5250.0 0.25297
4450.0 5250.0 0.70537
4550.0 5250.0 1.23856
4650.0 5250.0 1.77558
4750.0 5250.0 2.19410
4850.0 5250.0 2.39018
4950.0 5250.0 2.31774
5050.0 5250.0 2.00364
5150.0 5250.0 1.53850
5250.0 5250.0 1.04313
5350.0 5250.0 0.61073
5450.0 5250.0 0.23160
5550.0 5250.0 -0.13682
5650.0 5250.0 -0.45461
5750.0 5250.0 -0.66468
5850.0 5250.0 -0.72546
5950.0 5250.0 -0.62932
6050.0 5250.0 -0.40883
6150.0 5250.0 -0.13085
6250.0 5250.0 0.12158
6350.0 5250.0 0.27947
50.0 5350.0 -0.01506
150.0 5350.0 -0.33545
250.0 5350.0 -0.45698
350.0 5350.0 -0.32115
450.0 5350.0 0.02425
550.0 5350.0 0.47067
650.0 5350.0 0.88766
750.0 5350.0 1.15515
850.0 5350.0 1.18905
950.0 5350.0 0.96023
1050.0 5350.0 0.50695
1150.0 5350.0 -0.06065
1250.0 5350.0 -0.63854
1350.0 5350.0 -1.17056
1450.0 5350.0 -1.56404
1550.0 5350.0 -1.73500
1650.0 5350.0 -1.64675
1750.0 5350.0 -1.32787
1850.0 5350.0 -0.86945
1950.0 5350.0 -0.40179
2050.0 5350.0 -0.05030
2150.0 5350.0 0.12912
2250.0 5350.0 0.21274
2350.0 5350.0 0.19419
2450.0 5350.0 0.01932
2550.0 5350.0 -0.27123
2650.0 5350.0 -0.58895
2750.0 5350.0 -0.83751
2850.0 5350.0 -0.94151
2950.0 5350.0 -0.86363
3050.0 5350.0 -0.61042
3150.0 5350.0 -0.22661
3250.0 5350.0 0.22204
3350.0 5350.0 0.65325
3450.0 5350.0 0.92609
3550.0 5350.0 0.96189
3650.0 5350.0 0.76596
3750.0 5350.0 0.40517
3850.0 5350.0 -0.01553
3950.0 5350.0 -0.37765
4050.0 5350.0 -0.57482
4150.0 5350.0 -0.53944
4250.0 5350.0 -0.27043
4350.0 5350.0 0.13907
4450.0 5350.0 0.60734
4550.0 5350.0 1.15285
4650.0 5350.0 1.69361
4750.0 5350.0 2.10316
4850.0 5350.0 2.27615
4950.0 5350.0 2.16857
5050.0 5350.0 1.81263
5150.0 5350.0 1.30622
5250.0 5350.0 0.77697
5350.0 5350.0 0.32106
5450.0 5350.0 -0.07602
5550.0 5350.0 -0.46197
5650.0 5350.0 -0.79482
5750.0 5350.0 -1.01398
5850.0 5350.0 -1.07514
5950.0 5350.0 -0.96990
6050.0 5350.0 -0.73252
6150.0 5350.0 -0.43366
6250.0 5350.0 -0.16128
6350.0 5350.0 0.01142
50.0 5450.0 0.02551
150.0 5450.0 -0.29652
250.0 5450.0 -0.43070
350.0 5450.0 -0.32309
450.0 5450.0 -0.02047
550.0 5450.0 0.37349
650.0 5450.0 0.73544
750.0 5450.0 0.95295
850.0 5450.0 0.94846
950.0 5450.0 0.69666
1050.0 5450.0 0.23519
1150.0 5450.0 -0.33237
1250.0 5450.0 -0.91091
1350.0 5450.0 -1.44778
1450.0 5450.0 -1.85134
1550.0 5450.0 -2.03707
1650.0 5450.0 -1.96658
1750.0 5450.0 -1.66606
1850.0 5450.0 -1.22407
1950.0 5450.0 -0.76876
2050.0 5450.0 -0.42446
2150.0 5450.0 -0.24763
2250.0 5450.0 -0.16508
2350.0 5450.0 -0.18900
2450.0 5450.0 -0.37751
2550.0 5450.0 -0.69052
2650.0 5450.0 -1.03749
2750.0 5450.0 -1.31847
2850.0 5450.0 -1.45372
2950.0 5450.0 -1.40183
3050.0 5450.0 -1.16647
3150.0 5450.0 -0.79162
3250.0 5450.0 -0.34538
3350.0 5450.0 0.08793
3450.0 5450.0 0.37938
3550.0 5450.0 0.45818
3650.0 5450.0 0.32866
3750.0 5450.0 0.05040
3850.0 5450.0 -0.28262
3950.0 5450.0 -0.56404
4050.0 5450.0 -0.69809
4150.0 5450.0 -0.62364
4250.0 5450.0 -0.33931
4350.0 5450.0 0.07142
4450.0 5450.0 0.53605
4550.0 5450.0 1.06783
4650.0 5450.0 1.58234
4750.0 5450.0 1.95470
4850.0 5450.0 2.08391
4950.0 5450.0 1.93180
5050.0 5450.0 1.53659
5150.0 5450.0 1.00100
5250.0 5450.0 0.45506
5350.0 5450.0 -0.00655
5450.0 5450.0 -0.40438
5550.0 5450.0 -0.78733
5650.0 5450.0 -1.10983
5750.0 5450.0 -1.31057
5850.0 5450.0 -1.34686
5950.0 5450.0 -1.21348
6050.0 5450.0 -0.94858
6150.0 5450.0 -0.62661
6250.0 5450.0 -0.33832
6350.0 5450.0 -0.15781
50.0 5550.0 0.12143
150.0 5550.0 -0.19284
250.0 5550.0 -0.33546
350.0 5550.0 -0.25863
450.0 5550.0 -0.00698
550.0 5550.0 0.32343
650.0 5550.0 0.61975
750.0 5550.0 0.78036
850.0 5550.0 0.73656
950.0 5550.0 0.46772
1050.0 5550.0 0.00999
1150.0 5550.0 -0.54248
1250.0 5550.0 -1.10546
1350.0 5550.0 -1.63065
1450.0 5550.0 -2.03127
1550.0 5550.0 -2.22661
1650.0 5550.0 -2.17936
1750.0 5550.0 -1.91339
1850.0 5550.0 -1.51187
1950.0 5550.0 -1.09586
2050.0 5550.0 -0.78320
2150.0 5550.0 -0.62793
2250.0 5550.0 -0.56172
2350.0 5550.0 -0.59846
2450.0 5550.0 -0.79395
2550.0 5550.0 -1.10871
2650.0 5550.0 -1.45458
2750.0 5550.0 -1.73470
2850.0 5550.0 -1.87226
2950.0 5550.0 -1.82797
3050.0 5550.0 -1.60635
3150.0 5550.0 -1.25079
3250.0 5550.0 -0.82732
3350.0 5550.0 -0.41357
3450.0 5550.0 -0.11930
3550.0 5550.0 -0.00385
3650.0 5550.0 -0.06321
3750.0 5550.0 -0.24691
3850.0 5550.0 -0.47579
3950.0 5550.0 -0.66046
4050.0 5550.0 -0.72067
4150.0 5550.0 -0.60545
4250.0 5550.0 -0.31399
4350.0 5550.0 0.08350
4450.0 5550.0 0.52940
4550.0 5550.0 1.03360
4650.0 5550.0 1.51104
4750.0 5550.0 1.84000
4850.0 5550.0 1.92443
4950.0 5550.0 1.73128
5050.0 5550.0 1.30283
5150.0 5550.0 0.74401
5250.0 5550.0 0.18469
5350.0 5550.0 -0.28303
5450.0 5550.0 -0.68412
5550.0 5550.0 -1.06776
5650.0 5550.0 -1.38613
5750.0 5550.0 -1.57784
5850.0 5550.0 -1.60167
5950.0 5550.0 -1.45469
6050.0 5550.0 -1.17758
6150.0 5550.0 -0.84695
6250.0 5550.0 -0.55491
6350.0 5550.0 -0.37569
50.0 5650.0 0.29842
150.0 5650.0 0.01127
250.0 5650.0 -0.12952
350.0 5650.0 -0.08501
450.0 5650.0 0.10447
550.0 5650.0 0.35544
650.0 5650.0 0.57149
750.0 5650.0 0.66733
850.0 5650.0 0.58702
950.0 5650.0 0.31599
1050.0 5650.0 -0.11281
1150.0 5650.0 -0.61970
1250.0 5650.0 -1.13391
1350.0 5650.0 -1.61227
1450.0 5650.0 -1.98030
1550.0 5650.0 -2.17008
1650.0 5650.0 -2.15155
1750.0 5650.0 -1.94707
1850.0 5650.0 -1.62947
1950.0 5650.0 -1.30328
2050.0 5650.0 -1.06939
2150.0 5650.0 -0.97306
2250.0 5650.0 -0.95375
2350.0 5650.0 -1.01867
2450.0 5650.0 -1.20917
2550.0 5650.0 -1.48649
2650.0 5650.0 -1.77341
2750.0 5650.0 -1.98922
2850.0 5650.0 -2.07411
2950.0 5650.0 -2.00288
3050.0 5650.0 -1.78819
3150.0 5650.0 -1.47309
3250.0 5650.0 -1.11298
3350.0 5650.0 -0.76217
3450.0 5650.0 -0.49874
3550.0 5650.0 -0.36433
3650.0 5650.0 -0.35370
3750.0 5650.0 -0.42831
3850.0 5650.0 -0.53003
3950.0 5650.0 -0.59480
4050.0 5650.0 -0.56654
4150.0 5650.0 -0.41105
4250.0 5650.0 -0.12998
4350.0 5650.0 0.22585
4450.0 5650.0 0.62427
4550.0 5650.0 1.07666
4650.0 5650.0 1.50130
4750.0 5650.0 1.78209
4850.0 5650.0 1.82800
4950.0 5650.0 1.60846
5050.0 5650.0 1.16493
5150.0 5650.0 0.59855
5250.0 5650.0 0.03388
5350.0 5650.0 -0.44133
5450.0 5650.0 -0.85196
5550.0 5650.0 -1.24460
5650.0 5650.0 -1.57132
5750.0 5650.0 -1.77163
5850.0 5650.0 -1.80544
5950.0 5650.0 -1.67070
6050.0 5650.0 -1.40829
6150.0 5650.0 -1.09443
6250.0 5650.0 -0.82025
6350.0 5650.0 -0.65890
50.0 5750.0 0.52139
150.0 5750.0 0.28275
250.0 5750.0 0.15686
350.0 5750.0 0.17155
450.0 5750.0 0.29296
550.0 5750.0 0.45488
650.0 5750.0 0.58279
750.0 5750.0 0.61267
850.0 5750.0 0.50457
950.0 5750.0 0.25095
1050.0 5750.0 -0.12026
1150.0 5750.0 -0.54829
1250.0 5750.0 -0.97667
1350.0 5750.0 -1.36652
1450.0 5750.0 -1.66320
1550.0 5750.0 -1.82181
1650.0 5750.0 -1.82731
1750.0 5750.0 -1.70297
1850.0 5750.0 -1.50727
1950.0 5750.0 -1.31912
2050.0 5750.0 -1.21156
2150.0 5750.0 -1.21378
2250.0 5750.0 -1.27461
2350.0 5750.0 -1.38525
2450.0 5750.0 -1.56003
2550.0 5750.0 -1.76115
2650.0 5750.0 -1.93126
2750.0 5750.0 -2.01937
2850.0 5750.0 -1.99716
2950.0 5750.0 -1.86590
3050.0 5750.0 -1.65374
3150.0 5750.0 -1.40354
3250.0 5750.0 -1.15122
3350.0 5750.0 -0.91097
3450.0 5750.0 -0.71798
3550.0 5750.0 -0.59059
3650.0 5750.0 -0.52051
3750.0 5750.0 -0.48304
3850.0 5750.0 -0.44613
3950.0 5750.0 -0.37831
4050.0 5750.0 -0.25542
4150.0 5750.0 -0.06626
4250.0 5750.0 0.18300
4350.0 5750.0 0.46600
4450.0 5750.0 0.78652
4550.0 5750.0 1.16406
4650.0 5750.0 1.52510
4750.0 5750.0 1.76154
4850.0 5750.0 1.78631
4950.0 5750.0 1.56702
5050.0 5750.0 1.13754
5150.0 5750.0 0.58755
5250.0 5750.0 0.03009
5350.0 5750.0 -0.45290
5450.0 5750.0 -0.87979
5550.0 5750.0 -1.28937
5650.0 5750.0 -1.63476
5750.0 5750.0 -1.85729
5850.0 5750.0 -1.91817
5950.0 5750.0 -1.81550
6050.0 5750.0 -1.58910
6150.0 5750.0 -1.31298
6250.0 5750.0 -1.07561
6350.0 5750.0 -0.94793
50.0 5850.0 0.72861
150.0 5850.0 0.55567
250.0 5850.0 0.45731
350.0 5850.0 0.44924
450.0 5850.0 0.50566
550.0 5850.0 0.58042
650.0 5850.0 0.62394
750.0 5850.0 0.59593
850.0 5850.0 0.47386
950.0 5850.0 0.25726
1050.0 5850.0 -0.03224
1150.0 5850.0 -0.35513
1250.0 5850.0 -0.66745
1350.0 5850.0 -0.93179
1450.0 5850.0 -1.11867
1550.0 5850.0 -1.21478
1650.0 5850.0 -1.22761
1750.0 5850.0 -1.18492
1850.0 5850.0 -1.12953
1950.0 5850.0 -1.10902
2050.0 5850.0 -1.16062
2150.0 5850.0 -1.29116
2250.0 5850.0 -1.45829
2350.0 5850.0 -1.62943
2450.0 5850.0 -1.78290
2550.0 5850.0 -1.88214
2650.0 5850.0 -1.89624
2750.0 5850.0 -1.81375
2850.0 5850.0 -1.64836
2950.0 5850.0 -1.43655
3050.0 5850.0 -1.22714
3150.0 5850.0 -1.06278
3250.0 5850.0 -0.95343
3350.0 5850.0 -0.86170
3450.0 5850.0 -0.77393
3550.0 5850.0 -0.68227
3650.0 5850.0 -0.57373
3750.0 5850.0 -0.43756
3850.0 5850.0 -0.26972
3950.0 5850.0 -0.07467
4050.0 5850.0 0.13571
4150.0 5850.0 0.34595
4250.0 5850.0 0.54361
4350.0 5850.0 0.72904
4450.0 5850.0 0.94877
4550.0 5850.0 1.23742
4650.0 5850.0 1.53421
4750.0 5850.0 1.74032
4850.0 5850.0 1.77057
4950.0 5850.0 1.58563
5050.0 5850.0 1.20462
5150.0 5850.0 0.69829
5250.0 5850.0 0.16266
5350.0 5850.0 -0.32689
5450.0 5850.0 -0.77519
5550.0 5850.0 -1.20657
5650.0 5850.0 -1.57476
5750.0 5850.0 -1.82341
5850.0 5850.0 -1.91571
5950.0 5850.0 -1.85060
6050.0 5850.0 -1.66712
6150.0 5850.0 -1.43702
6250.0 5850.0 -1.24570
6350.0 5850.0 -1.16133
50.0 5950.0 0.86049
150.0 5950.0 0.76211
250.0 5950.0 0.70048
350.0 5950.0 0.67976
450.0 5950.0 0.68275
550.0 5950.0 0.68360
650.0 5950.0 0.65749
750.0 5950.0 0.58729
850.0 5950.0 0.46704
950.0 5950.0 0.30251
1050.0 5950.0 0.10851
1150.0 5950.0 -0.09631
1250.0 5950.0 -0.27641
1350.0 5950.0 -0.39174
1450.0 5950.0 -0.43968
1550.0 5950.0 -0.44347
1650.0 5950.0 -0.43847
1750.0 5950.0 -0.46106
1850.0 5950.0 -0.54005
1950.0 5950.0 -0.69074
2050.0 5950.0 -0.91152
2150.0 5950.0 -1.18313
2250.0 5950.0 -1.46927
2350.0 5950.0 -1.70942
2450.0 5950.0 -1.84255
2550.0 5950.0 -1.83363
2650.0 5950.0 -1.68081
2750.0 5950.0 -1.41592
2850.0 5950.0 -1.09849
2950.0 5950.0 -0.80332
3050.0 5950.0 -0.60158
3150.0 5950.0 -0.53552
3250.0 5950.0 -0.58664
3350.0 5950.0 -0.66254
3450.0 5950.0 -0.70167
3550.0 5950.0 -0.67051
3650.0 5950.0 -0.55031
3750.0 5950.0 -0.34249
3850.0 5950.0 -0.06923
3950.0 5950.0 0.23043
4050.0 5950.0 0.50919
4150.0 5950.0 0.72470
4250.0 5950.0 0.85733
4350.0 5950.0 0.93282
4450.0 5950.0 1.04196
4550.0 5950.0 1.24019
4650.0 5950.0 1.48259
4750.0 5950.0 1.67962
4850.0 5950.0 1.74523
4950.0 5950.0 1.62834
5050.0 5950.0 1.32756
5150.0 5950.0 0.88921
5250.0 5950.0 0.38870
5350.0 5950.0 -0.10491
5450.0 5950.0 -0.57696
5550.0 5950.0 -1.03072
5650.0 5950.0 -1.41853
5750.0 5950.0 -1.68628
5850.0 5950.0 -1.80034
5950.0 5950.0 -1.76224
6050.0 5950.0 -1.61220
6150.0 5950.0 -1.42145
6250.0 5950.0 -1.27334
6350.0 5950.0 -1.23336
50.0 6050.0 0.87863
150.0 6050.0 0.85337
250.0 6050.0 0.83201
350.0 6050.0 0.80914
450.0 6050.0 0.77552
550.0 6050.0 0.72329
650.0 6050.0 0.64919
750.0 6050.0 0.55586
850.0 6050.0 0.45114
950.0 6050.0 0.34546
1050.0 6050.0 0.24726
1150.0 6050.0 0.15728
1250.0 6050.0 0.10783
1350.0 6050.0 0.14601
1450.0 6050.0 0.24969
1550.0 6050.0 0.35904
1650.0 6050.0 0.40875
1750.0 6050.0 0.35039
1850.0 6050.0 0.16498
1950.0 6050.0 -0.13439
2050.0 6050.0 -0.50980
2150.0 6050.0 -0.91551
2250.0 6050.0 -1.31720
2350.0 6050.0 -1.62661
2450.0 6050.0 -1.74647
2550.0 6050.0 -1.64348
2650.0 6050.0 -1.34296
2750.0 6050.0 -0.91692
2850.0 6050.0 -0.46716
2950.0 6050.0 -0.10363
3050.0 6050.0 0.08223
3150.0 6050.0 0.04894
3250.0 6050.0 -0.15860
3350.0 6050.0 -0.39820
3450.0 6050.0 -0.56776
3550.0 6050.0 -0.61173
3650.0 6050.0 -0.50545
3750.0 6050.0 -0.25934
3850.0 6050.0 0.08310
3950.0 6050.0 0.45383
4050.0 6050.0 0.77516
4150.0 6050.0 0.98104
4250.0 6050.0 1.04475
4350.0 6050.0 1.01304
4450.0 6050.0 1.01697
4550.0 6050.0 1.13571
4650.0 6050.0 1.34124
4750.0 6050.0 1.55199
4850.0 6050.0 1.67836
4950.0 6050.0 1.65430
5050.0 6050.0 1.45485
5150.0 6050.0 1.09974
5250.0 6050.0 0.64297
5350.0 6050.0 0.14839
5450.0 6050.0 -0.34642
5550.0 6050.0 -0.81884
5650.0 6050.0 -1.21684
5750.0 6050.0 -1.48796
5850.0 6050.0 -1.60297
5950.0 6050.0 -1.56853
6050.0 6050.0 -1.42908
6150.0 6050.0 -1.25825
6250.0 6050.0 -1.13954
6350.0 6050.0 -1.13646
50.0 6150.0 0.77513
150.0 6150.0 0.81149
250.0 6150.0 0.82726
350.0 6150.0 0.81023
450.0 6150.0 0.75757
550.0 6150.0 0.67512
650.0 6150.0 0.57575
750.0 6150.0 0.47658
850.0 6150.0 0.39521
950.0 6150.0 0.34498
1050.0 6150.0 0.32914
1150.0 6150.0 0.33525
1250.0 6150.0 0.39738
1350.0 6150.0 0.57308
1450.0 6150.0 0.82098
1550.0 6150.0 1.04946
1650.0 6150.0 1.16521
1750.0 6150.0 1.10586
1850.0 6150.0 0.85669
1950.0 6150.0 0.45138
2050.0 6150.0 -0.04317
2150.0 6150.0 -0.55795
2250.0 6150.0 -1.05623
2350.0 6150.0 -1.42676
2450.0 6150.0 -1.54466
2550.0 6150.0 -1.37848
2650.0 6150.0 -0.97477
2750.0 6150.0 -0.43647
2850.0 6150.0 0.10234
2950.0 6150.0 0.50526
3050.0 6150.0 0.66593
3150.0 6150.0 0.54404
3250.0 6150.0 0.20487
3350.0 6150.0 -0.17225
3450.0 6150.0 -0.45636
3550.0 6150.0 -0.57591
3650.0 6150.0 -0.50090
3750.0 6150.0 -0.24719
3850.0 6150.0 0.12720
3950.0 6150.0 0.53355
4050.0 6150.0 0.87188
4150.0 6150.0 1.05823
4250.0 6150.0 1.05987
4350.0 6150.0 0.93822
4450.0 6150.0 0.85619
4550.0 6150.0 0.91606
4650.0 6150.0 1.10522
4750.0 6150.0 1.34784
4850.0 6150.0 1.54893
4950.0 6150.0 1.62667
5050.0 6150.0 1.53315
5150.0 6150.0 1.26321
5250.0 6150.0 0.85170
5350.0 6150.0 0.35902
5450.0 6150.0 -0.15448
5550.0 6150.0 -0.63852
5650.0 6150.0 -1.03350
5750.0 6150.0 -1.28767
5850.0 6150.0 -1.37727
5950.0 6150.0 -1.31653
6050.0 6150.0 -1.15745
6150.0 6150.0 -0.97948
6250.0 6150.0 -0.86902
6350.0 6150.0 -0.88876
50.0 6250.0 0.57210
150.0 6250.0 0.65113
250.0 6250.0 0.69480
350.0 6250.0 0.68706
450.0 6250.0 0.62930
550.0 6250.0 0.53588
650.0 6250.0 0.42942
750.0 6250.0 0.33556
850.0 6250.0 0.27739
950.0 6250.0 0.26956
1050.0 6250.0 0.31185
1150.0 6250.0 0.38403
1250.0 6250.0 0.52539
1350.0 6250.0 0.80555
1450.0 6250.0 1.17146
1550.0 6250.0 1.50834
1650.0 6250.0 1.70044
1750.0 6250.0 1.67161
1850.0 6250.0 1.40583
1950.0 6250.0 0.94755
2050.0 6250.0 0.38205
2150.0 6250.0 -0.20442
2250.0 6250.0 -0.76918
2350.0 6250.0 -1.18603
2450.0 6250.0 -1.31487
2550.0 6250.0 -1.12594
2650.0 6250.0 -0.67845
2750.0 6250.0 -0.09309
2850.0 6250.0 0.47803
2950.0 6250.0 0.88420
3050.0 6250.0 1.01158
3150.0 6250.0 0.82132
3250.0 6250.0 0.39044
3350.0 6250.0 -0.08159
3450.0 6250.0 -0.44845
3550.0 6250.0 -0.62925
3650.0 6250.0 -0.59014
3750.0 6250.0 -0.34910
3850.0 6250.0 0.02824
3950.0 6250.0 0.44159
4050.0 6250.0 0.77796
4150.0 6250.0 0.94249
4250.0 6250.0 0.89822
4350.0 6250.0 0.71459
4450.0 6250.0 0.57534
4550.0 6250.0 0.60174
4650.0 6250.0 0.79301
4750.0 6250.0 1.07638
4850.0 6250.0 1.35088
4950.0 6250.0 1.52094
5050.0 6250.0 1.51978
5150.0 6250.0 1.32273
5250.0 6250.0 0.95038
5350.0 6250.0 0.46149
5450.0 6250.0 -0.06444
5550.0 6250.0 -0.55139
5650.0 6250.0 -0.92955
5750.0 6250.0 -1.14682
5850.0 6250.0 -1.18545
5950.0 6250.0 -1.06912
6050.0 6250.0 -0.86015
6150.0 6250.0 -0.64689
6250.0 6250.0 -0.52124
6350.0 6250.0 -0.54639
50.0 6350.0 0.31151
150.0 6350.0 0.41175
250.0 6350.0 0.47064
350.0 6350.0 0.47080
450.0 6350.0 0.41555
550.0 6350.0 0.32290
650.0 6350.0 0.21941
750.0 6350.0 0.13403
850.0 6350.0 0.09179
950.0 6350.0 0.10752
1050.0 6350.0 0.17939
1150.0 6350.0 0.28414
1250.0 6350.0 0.46763
1350.0 6350.0 0.81118
1450.0 6350.0 1.25775
1550.0 6350.0 1.67964
1650.0 6350.0 1.94621
1750.0 6350.0 1.96953
1850.0 6350.0 1.72787
1950.0 6350.0 1.26701
2050.0 6350.0 0.67946
2150.0 6350.0 0.06149
2250.0 6350.0 -0.53623
2350.0 6350.0 -0.98197
2450.0 6350.0 -1.13314
2550.0 6350.0 -0.96156
2650.0 6350.0 -0.52994
2750.0 6350.0 0.03710
2850.0 6350.0 0.58426
2950.0 6350.0 0.95916
3050.0 6350.0 1.04800
3150.0 6350.0 0.81362
3250.0 6350.0 0.33572
3350.0 6350.0 -0.18336
3450.0 6350.0 -0.59386
3550.0 6350.0 -0.81151
3650.0 6350.0 -0.80044
3750.0 6350.0 -0.57850
3850.0 6350.0 -0.21336
3950.0 6350.0 0.19088
4050.0 6350.0 0.51648
4150.0 6350.0 0.66422
4250.0 6350.0 0.59500
4350.0 6350.0 0.38072
4450.0 6350.0 0.21514
4550.0 6350.0 0.23218
4650.0 6350.0 0.43809
4750.0 6350.0 0.76078
4850.0 6350.0 1.09401
4950.0 6350.0 1.33236
5050.0 6350.0 1.39670
5150.0 6350.0 1.25027
5250.0 6350.0 0.90543
5350.0 6350.0 0.42095
5450.0 6350.0 -0.11061
5550.0 6350.0 -0.59219
5650.0 6350.0 -0.94226
5750.0 6350.0 -1.10742
5850.0 6350.0 -1.07592
5950.0 6350.0 -0.88181
6050.0 6350.0 -0.59937
6150.0 6350.0 -0.32789
6250.0 6350.0 -0.16675
6350.0 6350.0 -0.18080
