50.0 50.0 0.00000
150.0 50.0 0.04744
250.0 50.0 0.13975
350.0 50.0 0.24117
450.0 50.0 0.29480
550.0 50.0 0.26912
650.0 50.0 0.17480
750.0 50.0 0.05201
850.0 50.0 -0.06613
950.0 50.0 -0.12564
1050.0 50.0 -0.09082
1150.0 50.0 0.00899
1250.0 50.0 0.11169
1350.0 50.0 0.15441
1450.0 50.0 0.10310
1550.0 50.0 -0.02047
1650.0 50.0 -0.13347
1750.0 50.0 -0.17123
1850.0 50.0 -0.12433
1950.0 50.0 -0.02715
2050.0 50.0 0.06156
2150.0 50.0 0.08557
2250.0 50.0 0.02563
2350.0 50.0 -0.07252
2450.0 50.0 -0.18085
2550.0 50.0 -0.26676
2650.0 50.0 -0.28882
2750.0 50.0 -0.23609
2850.0 50.0 -0.13825
2950.0 50.0 -0.04594
3050.0 50.0 0.01856
3150.0 50.0 0.09542
3250.0 50.0 0.18797
3350.0 50.0 0.25379
3450.0 50.0 0.25687
3550.0 50.0 0.19497
3650.0 50.0 0.09978
3750.0 50.0 0.00988
3850.0 50.0 -0.06510
3950.0 50.0 -0.09709
4050.0 50.0 -0.07336
4150.0 50.0 -0.01323
4250.0 50.0 0.04653
4350.0 50.0 0.06873
4450.0 50.0 0.03544
4550.0 50.0 -0.03339
4650.0 50.0 -0.13874
4750.0 50.0 -0.27105
4850.0 50.0 -0.36486
4950.0 50.0 -0.36748
5050.0 50.0 -0.27582
5150.0 50.0 -0.13460
5250.0 50.0 0.00428
5350.0 50.0 0.15200
5450.0 50.0 0.32453
5550.0 50.0 0.45502
5650.0 50.0 0.47546
5750.0 50.0 0.37485
5850.0 50.0 0.20742
5950.0 50.0 0.05100
6050.0 50.0 -0.07419
6150.0 50.0 -0.15560
6250.0 50.0 -0.15895
6350.0 50.0 -0.09273
50.0 150.0 -0.13397
150.0 150.0 -0.08814
250.0 150.0 0.00717
350.0 150.0 0.11747
450.0 150.0 0.18404
550.0 150.0 0.17157
650.0 150.0 0.08671
750.0 150.0 -0.03237
850.0 150.0 -0.14986
950.0 150.0 -0.20777
1050.0 150.0 -0.16889
1150.0 150.0 -0.06222
1250.0 150.0 0.04911
1350.0 150.0 0.10029
1450.0 150.0 0.05538
1550.0 150.0 -0.06409
1650.0 150.0 -0.17745
1750.0 150.0 -0.22817
1850.0 150.0 -0.20623
1950.0 150.0 -0.13870
2050.0 150.0 -0.07489
2150.0 150.0 -0.06377
2250.0 150.0 -0.12373
2350.0 150.0 -0.21547
2450.0 150.0 -0.30499
2550.0 150.0 -0.35567
2650.0 150.0 -0.33308
2750.0 150.0 -0.23787
2850.0 150.0 -0.11017
2950.0 150.0 -0.00492
3050.0 150.0 0.06154
3150.0 150.0 0.13724
3250.0 150.0 0.22433
3350.0 150.0 0.28171
3450.0 150.0 0.27648
3550.0 150.0 0.20933
3650.0 150.0 0.11337
3750.0 150.0 0.02634
3850.0 150.0 -0.04404
3950.0 150.0 -0.06714
4050.0 150.0 -0.02939
4150.0 150.0 0.04760
4250.0 150.0 0.12341
4350.0 150.0 0.15758
4450.0 150.0 0.13096
4550.0 150.0 0.06562
4650.0 150.0 -0.04064
4750.0 150.0 -0.18324
4850.0 150.0 -0.29664
4950.0 150.0 -0.32350
5050.0 150.0 -0.25374
5150.0 150.0 -0.12608
5250.0 150.0 0.00803
5350.0 150.0 0.14896
5450.0 150.0 0.29921
5550.0 150.0 0.39258
5650.0 150.0 0.37096
5750.0 150.0 0.23537
5850.0 150.0 0.04857
5950.0 150.0 -0.11088
6050.0 150.0 -0.23060
6150.0 150.0 -0.28853
6250.0 150.0 -0.24014
6350.0 150.0 -0.10232
50.0 250.0 -0.19743
150.0 250.0 -0.16605
250.0 250.0 -0.08606
350.0 250.0 0.01225
450.0 250.0 0.07407
550.0 250.0 0.06431
650.0 250.0 -0.01423
750.0 250.0 -0.12843
850.0 250.0 -0.24362
950.0 250.0 -0.30302
1050.0 250.0 -0.26809
1150.0 250.0 -0.16196
1250.0 250.0 -0.04320
1350.0 250.0 0.02355
1450.0 250.0 -0.00148
1550.0 250.0 -0.10101
1650.0 250.0 -0.20449
1750.0 250.0 -0.27514
1850.0 250.0 -0.30054
1950.0 250.0 -0.28962
2050.0 250.0 -0.26947
2150.0 250.0 -0.27304
2250.0 250.0 -0.31777
2350.0 250.0 -0.38178
2450.0 250.0 -0.43493
2550.0 250.0 -0.44234
2650.0 250.0 -0.37891
2750.0 250.0 -0.25355
2850.0 250.0 -0.10882
2950.0 250.0 0.00415
3050.0 250.0 0.07529
3150.0 250.0 0.15044
3250.0 250.0 0.22735
3350.0 250.0 0.27058
3450.0 250.0 0.25582
3550.0 250.0 0.18971
3650.0 250.0 0.10599
3750.0 250.0 0.03805
3850.0 250.0 -0.01368
3950.0 250.0 -0.02861
4050.0 250.0 0.00402
4150.0 250.0 0.06759
4250.0 250.0 0.13062
4350.0 250.0 0.16144
4450.0 250.0 0.14482
4550.0 250.0 0.09762
4650.0 250.0 0.01253
4750.0 250.0 -0.11049
4850.0 250.0 -0.21533
4950.0 250.0 -0.24956
5050.0 250.0 -0.19948
5150.0 250.0 -0.09380
5250.0 250.0 0.02382
5350.0 250.0 0.14351
5450.0 250.0 0.25014
5550.0 250.0 0.28564
5650.0 250.0 0.21184
5750.0 250.0 0.04623
5850.0 250.0 -0.14348
5950.0 250.0 -0.28627
6050.0 250.0 -0.38263
6150.0 250.0 -0.40773
6250.0 250.0 -0.31294
6350.0 250.0 -0.12103
50.0 350.0 -0.16847
150.0 350.0 -0.16527
250.0 350.0 -0.11842
350.0 350.0 -0.05068
450.0 350.0 -0.00760
550.0 350.0 -0.02120
650.0 350.0 -0.09355
750.0 350.0 -0.20045
850.0 350.0 -0.31159
950.0 350.0 -0.37732
1050.0 350.0 -0.35888
1150.0 350.0 -0.26672
1250.0 350.0 -0.14740
1350.0 350.0 -0.06145
1450.0 350.0 -0.05374
1550.0 350.0 -0.11615
1650.0 350.0 -0.19668
1750.0 350.0 -0.28765
1850.0 350.0 -0.37227
1950.0 350.0 -0.43255
2050.0 350.0 -0.46352
2150.0 350.0 -0.47569
2250.0 350.0 -0.48606
2350.0 350.0 -0.49943
2450.0 350.0 -0.50275
2550.0 350.0 -0.47140
2650.0 350.0 -0.38964
2750.0 350.0 -0.26590
2850.0 350.0 -0.13147
2950.0 350.0 -0.02222
3050.0 350.0 0.05606
3150.0 350.0 0.13117
3250.0 350.0 0.19214
3350.0 350.0 0.21396
3450.0 350.0 0.18728
3550.0 350.0 0.12829
3650.0 350.0 0.07065
3750.0 350.0 0.03955
3850.0 350.0 0.02206
3950.0 350.0 0.01505
4050.0 350.0 0.02255
4150.0 350.0 0.04071
4250.0 350.0 0.06055
4350.0 350.0 0.07200
4450.0 350.0 0.06941
4550.0 350.0 0.05652
4650.0 350.0 0.01649
4750.0 350.0 -0.05528
4850.0 350.0 -0.12245
4950.0 350.0 -0.14758
5050.0 350.0 -0.11639
5150.0 350.0 -0.04284
5250.0 350.0 0.04517
5350.0 350.0 0.12925
5450.0 350.0 0.17642
5550.0 350.0 0.14549
5650.0 350.0 0.02594
5750.0 350.0 -0.14819
5850.0 350.0 -0.31237
5950.0 350.0 -0.41346
6050.0 350.0 -0.46710
6150.0 350.0 -0.45586
6250.0 350.0 -0.33752
6350.0 350.0 -0.13500
50.0 450.0 -0.07299
150.0 450.0 -0.10444
250.0 450.0 -0.09687
350.0 450.0 -0.06346
450.0 450.0 -0.03913
550.0 450.0 -0.05331
650.0 450.0 -0.11529
750.0 450.0 -0.21220
850.0 450.0 -0.31845
950.0 450.0 -0.39487
1050.0 450.0 -0.40410
1150.0 450.0 -0.33972
1250.0 450.0 -0.23051
1350.0 450.0 -0.12900
1450.0 450.0 -0.08458
1550.0 450.0 -0.10141
1650.0 450.0 -0.14998
1750.0 450.0 -0.25195
1850.0 450.0 -0.38528
1950.0 450.0 -0.50461
2050.0 450.0 -0.57327
2150.0 450.0 -0.58044
2250.0 450.0 -0.54367
2350.0 450.0 -0.49541
2450.0 450.0 -0.44967
2550.0 450.0 -0.39929
2650.0 450.0 -0.33447
2750.0 450.0 -0.25231
2850.0 450.0 -0.15931
2950.0 450.0 -0.06704
3050.0 450.0 0.01894
3150.0 450.0 0.09404
3250.0 450.0 0.13538
3350.0 450.0 0.13086
3450.0 450.0 0.08967
3550.0 450.0 0.03978
3650.0 450.0 0.01468
3750.0 450.0 0.02940
3850.0 450.0 0.05425
3950.0 450.0 0.05572
4050.0 450.0 0.02923
4150.0 450.0 -0.01259
4250.0 450.0 -0.04984
4350.0 450.0 -0.06476
4450.0 450.0 -0.05080
4550.0 450.0 -0.02107
4650.0 450.0 -0.00437
4750.0 450.0 -0.01031
4850.0 450.0 -0.02741
4950.0 450.0 -0.03768
5050.0 450.0 -0.02717
5150.0 450.0 0.00790
5250.0 450.0 0.05941
5350.0 450.0 0.10245
5450.0 450.0 0.09205
5550.0 450.0 0.00889
5650.0 450.0 -0.13021
5750.0 450.0 -0.28102
5850.0 450.0 -0.39174
5950.0 450.0 -0.43389
6050.0 450.0 -0.43540
6150.0 450.0 -0.39486
6250.0 450.0 -0.28670
6350.0 450.0 -0.12728
50.0 550.0 0.03078
150.0 550.0 -0.03154
250.0 550.0 -0.05491
350.0 550.0 -0.04333
450.0 550.0 -0.02419
550.0 550.0 -0.02784
650.0 550.0 -0.07308
750.0 550.0 -0.15840
850.0 550.0 -0.26025
950.0 550.0 -0.34906
1050.0 550.0 -0.39031
1150.0 550.0 -0.36097
1250.0 550.0 -0.27099
1350.0 550.0 -0.16277
1450.0 550.0 -0.08829
1550.0 550.0 -0.06376
1650.0 550.0 -0.07979
1750.0 550.0 -0.17865
1850.0 550.0 -0.33364
1950.0 550.0 -0.47990
2050.0 550.0 -0.55923
2150.0 550.0 -0.54726
2250.0 550.0 -0.46306
2350.0 550.0 -0.35919
2450.0 550.0 -0.27864
2550.0 550.0 -0.23392
2650.0 550.0 -0.21625
2750.0 550.0 -0.20369
2850.0 550.0 -0.17151
2950.0 550.0 -0.10466
3050.0 550.0 -0.01253
3150.0 550.0 0.06212
3250.0 550.0 0.08396
3350.0 550.0 0.05289
3450.0 550.0 -0.00430
3550.0 550.0 -0.04807
3650.0 550.0 -0.04454
3750.0 550.0 0.01196
3850.0 550.0 0.07596
3950.0 550.0 0.08699
4050.0 550.0 0.03290
4150.0 550.0 -0.05934
4250.0 550.0 -0.14456
4350.0 550.0 -0.18066
4450.0 550.0 -0.15035
4550.0 550.0 -0.08148
4650.0 550.0 -0.01403
4750.0 550.0 0.03662
4850.0 550.0 0.05961
4950.0 550.0 0.05663
5050.0 550.0 0.04310
5150.0 550.0 0.04021
5250.0 550.0 0.05771
5350.0 550.0 0.06575
5450.0 550.0 0.01591
5550.0 550.0 -0.09019
5650.0 550.0 -0.21648
5750.0 550.0 -0.31788
5850.0 550.0 -0.36155
5950.0 550.0 -0.34370
6050.0 550.0 -0.29799
6150.0 550.0 -0.24195
6250.0 550.0 -0.17151
6350.0 550.0 -0.09219
50.0 650.0 0.07862
150.0 650.0 -0.00230
250.0 650.0 -0.03801
350.0 650.0 -0.02587
450.0 650.0 0.00825
550.0 650.0 0.02828
650.0 650.0 0.00487
750.0 650.0 -0.06919
850.0 650.0 -0.16820
950.0 650.0 -0.26749
1050.0 650.0 -0.33572
1150.0 650.0 -0.33808
1250.0 650.0 -0.26985
1350.0 650.0 -0.16436
1450.0 650.0 -0.07374
1550.0 650.0 -0.02277
1650.0 650.0 -0.01465
1750.0 650.0 -0.09901
1850.0 650.0 -0.24633
1950.0 650.0 -0.38436
2050.0 650.0 -0.44804
2150.0 650.0 -0.40990
2250.0 650.0 -0.29096
2350.0 650.0 -0.15174
2450.0 650.0 -0.05666
2550.0 650.0 -0.03400
2650.0 650.0 -0.07206
2750.0 650.0 -0.12973
2850.0 650.0 -0.15517
2950.0 650.0 -0.11265
3050.0 650.0 -0.01728
3150.0 650.0 0.05625
3250.0 650.0 0.06260
3350.0 650.0 0.00969
3450.0 650.0 -0.06306
3550.0 650.0 -0.10716
3650.0 650.0 -0.08744
3750.0 650.0 -0.00433
3850.0 650.0 0.08577
3950.0 650.0 0.10739
4050.0 650.0 0.04426
4150.0 650.0 -0.06926
4250.0 650.0 -0.17470
4350.0 650.0 -0.21709
4450.0 650.0 -0.17330
4550.0 650.0 -0.07893
4650.0 650.0 0.01840
4750.0 650.0 0.09694
4850.0 650.0 0.13250
4950.0 650.0 0.11970
5050.0 650.0 0.07894
5150.0 650.0 0.04537
5250.0 650.0 0.03970
5350.0 650.0 0.02720
5450.0 650.0 -0.03708
5550.0 650.0 -0.13727
5650.0 650.0 -0.22960
5750.0 650.0 -0.27558
5850.0 650.0 -0.26070
5950.0 650.0 -0.19894
6050.0 650.0 -0.12297
6150.0 650.0 -0.06466
6250.0 650.0 -0.03822
6350.0 650.0 -0.03875
50.0 750.0 0.03736
150.0 750.0 -0.04770
250.0 750.0 -0.07611
350.0 750.0 -0.04201
450.0 750.0 0.02422
550.0 750.0 0.07710
650.0 750.0 0.07723
750.0 750.0 0.01244
850.0 750.0 -0.08559
950.0 750.0 -0.19099
1050.0 750.0 -0.27492
1150.0 750.0 -0.29750
1250.0 750.0 -0.24652
1350.0 750.0 -0.14951
1450.0 750.0 -0.05705
1550.0 750.0 0.00237
1650.0 750.0 0.02191
1750.0 750.0 -0.04412
1850.0 750.0 -0.16539
1950.0 750.0 -0.27289
2050.0 750.0 -0.30695
2150.0 750.0 -0.24517
2250.0 750.0 -0.11026
2350.0 750.0 0.04024
2450.0 750.0 0.13307
2550.0 750.0 0.13206
2650.0 750.0 0.05301
2750.0 750.0 -0.05044
2850.0 750.0 -0.11133
2950.0 750.0 -0.08391
3050.0 750.0 0.01187
3150.0 750.0 0.08369
3250.0 750.0 0.08026
3350.0 750.0 0.01261
3450.0 750.0 -0.07370
3550.0 750.0 -0.12486
3650.0 750.0 -0.10357
3750.0 750.0 -0.01236
3850.0 750.0 0.08770
3950.0 750.0 0.12042
4050.0 750.0 0.06955
4150.0 750.0 -0.03134
4250.0 750.0 -0.12477
4350.0 750.0 -0.15640
4450.0 750.0 -0.10315
4550.0 750.0 -0.00008
4650.0 750.0 0.10211
4750.0 750.0 0.17504
4850.0 750.0 0.19203
4950.0 750.0 0.15128
5050.0 750.0 0.08169
5150.0 750.0 0.02758
5250.0 750.0 0.01227
5350.0 750.0 -0.00508
5450.0 750.0 -0.06375
5550.0 750.0 -0.14237
5650.0 750.0 -0.19915
5750.0 750.0 -0.20447
5850.0 750.0 -0.15575
5950.0 750.0 -0.07453
6050.0 750.0 0.01143
6150.0 750.0 0.06513
6250.0 750.0 0.06334
6350.0 750.0 0.01673
50.0 850.0 -0.05524
150.0 850.0 -0.13724
250.0 850.0 -0.14938
350.0 850.0 -0.08434
450.0 850.0 0.02052
550.0 850.0 0.10912
650.0 850.0 0.13275
750.0 850.0 0.07626
850.0 850.0 -0.02126
950.0 850.0 -0.12971
1050.0 850.0 -0.22233
1150.0 850.0 -0.25790
1250.0 850.0 -0.22073
1350.0 850.0 -0.13449
1450.0 850.0 -0.04733
1550.0 850.0 0.01127
1650.0 850.0 0.03499
1750.0 850.0 -0.01331
1850.0 850.0 -0.10342
1950.0 850.0 -0.17383
2050.0 850.0 -0.17515
2150.0 850.0 -0.09327
2250.0 850.0 0.04762
2350.0 850.0 0.19758
2450.0 850.0 0.28177
2550.0 850.0 0.26075
2650.0 850.0 0.15427
2750.0 850.0 0.02349
2850.0 850.0 -0.05713
2950.0 850.0 -0.03806
3050.0 850.0 0.05716
3150.0 850.0 0.12716
3250.0 850.0 0.11690
3350.0 850.0 0.03792
3450.0 850.0 -0.06131
3550.0 850.0 -0.12335
3650.0 850.0 -0.10819
3750.0 850.0 -0.01833
3850.0 850.0 0.08349
3950.0 850.0 0.12762
4050.0 850.0 0.09990
4150.0 850.0 0.02891
4250.0 850.0 -0.03610
4350.0 850.0 -0.04834
4450.0 850.0 0.01227
4550.0 850.0 0.11547
4650.0 850.0 0.21023
4750.0 850.0 0.26190
4850.0 850.0 0.24652
4950.0 850.0 0.17071
5050.0 850.0 0.07303
5150.0 850.0 0.00415
5250.0 850.0 -0.01406
5350.0 850.0 -0.02923
5450.0 850.0 -0.07550
5550.0 850.0 -0.13076
5650.0 850.0 -0.15871
5750.0 850.0 -0.13784
5850.0 850.0 -0.07242
5950.0 850.0 0.01405
6050.0 850.0 0.09947
6150.0 850.0 0.14746
6250.0 850.0 0.13194
6350.0 850.0 0.06593
50.0 950.0 -0.16658
150.0 950.0 -0.24251
250.0 950.0 -0.23824
350.0 950.0 -0.14460
450.0 950.0 -0.00388
550.0 950.0 0.11945
650.0 950.0 0.16869
750.0 950.0 0.12553
850.0 950.0 0.03482
950.0 950.0 -0.07042
1050.0 950.0 -0.16826
1150.0 950.0 -0.21927
1250.0 950.0 -0.20470
1350.0 950.0 -0.14133
1450.0 950.0 -0.07025
1550.0 950.0 -0.01968
1650.0 950.0 0.00313
1750.0 950.0 -0.02765
1850.0 950.0 -0.08076
1950.0 950.0 -0.10405
2050.0 950.0 -0.06227
2150.0 950.0 0.04616
2250.0 950.0 0.19371
2350.0 950.0 0.34113
2450.0 950.0 0.41359
2550.0 950.0 0.36920
2650.0 950.0 0.23322
2750.0 950.0 0.07539
2850.0 950.0 -0.02260
2950.0 950.0 -0.00870
3050.0 950.0 0.08894
3150.0 950.0 0.15964
3250.0 950.0 0.14282
3350.0 950.0 0.04881
3450.0 950.0 -0.07102
3550.0 950.0 -0.15352
3650.0 950.0 -0.15286
3750.0 950.0 -0.06963
3850.0 950.0 0.03082
3950.0 950.0 0.08838
4050.0 950.0 0.09196
4150.0 950.0 0.06227
4250.0 950.0 0.03597
4350.0 950.0 0.04845
4450.0 950.0 0.11543
4550.0 950.0 0.21431
4650.0 950.0 0.30045
4750.0 950.0 0.33697
4850.0 950.0 0.30217
4950.0 950.0 0.20722
5050.0 950.0 0.09496
5150.0 950.0 0.01818
5250.0 950.0 -0.00275
5350.0 950.0 -0.01748
5450.0 950.0 -0.05580
5550.0 950.0 -0.09737
5650.0 950.0 -0.11180
5750.0 950.0 -0.08320
5850.0 950.0 -0.01852
5950.0 950.0 0.06011
6050.0 950.0 0.13523
6150.0 950.0 0.17463
6250.0 950.0 0.15417
6350.0 950.0 0.08693
50.0 1050.0 -0.26993
150.0 1050.0 -0.33610
250.0 1050.0 -0.32059
350.0 1050.0 -0.21211
450.0 1050.0 -0.05211
550.0 1050.0 0.09354
650.0 1050.0 0.16505
750.0 1050.0 0.14135
850.0 1050.0 0.06801
950.0 1050.0 -0.02176
1050.0 1050.0 -0.11436
1150.0 1050.0 -0.17796
1250.0 1050.0 -0.19319
1350.0 1050.0 -0.16694
1450.0 1050.0 -0.12666
1550.0 1050.0 -0.09523
1650.0 1050.0 -0.08305
1750.0 1050.0 -0.10345
1850.0 1050.0 -0.12204
1950.0 1050.0 -0.09591
2050.0 1050.0 -0.00634
2150.0 1050.0 0.13209
2250.0 1050.0 0.28594
2350.0 1050.0 0.42835
2450.0 1050.0 0.48685
2550.0 1050.0 0.41888
2650.0 1050.0 0.25691
2750.0 1050.0 0.07909
2850.0 1050.0 -0.02771
2950.0 1050.0 -0.01166
3050.0 1050.0 0.09372
3150.0 1050.0 0.17063
3250.0 1050.0 0.15198
3350.0 1050.0 0.04380
3450.0 1050.0 -0.10132
3550.0 1050.0 -0.21323
3650.0 1050.0 -0.23672
3750.0 1050.0 -0.16746
3850.0 1050.0 -0.07385
3950.0 1050.0 -0.00430
4050.0 1050.0 0.03366
4150.0 1050.0 0.05059
4250.0 1050.0 0.06713
4350.0 1050.0 0.10448
4450.0 1050.0 0.17315
4550.0 1050.0 0.26068
4650.0 1050.0 0.33726
4750.0 1050.0 0.37079
4850.0 1050.0 0.34058
4950.0 1050.0 0.25518
5050.0 1050.0 0.15226
5150.0 1050.0 0.07938
5250.0 1050.0 0.05574
5350.0 1050.0 0.03858
5450.0 1050.0 0.00250
5550.0 1050.0 -0.03770
5650.0 1050.0 -0.05891
5750.0 1050.0 -0.04819
5850.0 1050.0 -0.00953
5950.0 1050.0 0.04117
6050.0 1050.0 0.09032
6150.0 1050.0 0.11574
6250.0 1050.0 0.10246
6350.0 1050.0 0.06040
50.0 1150.0 -0.31562
150.0 1150.0 -0.37066
250.0 1150.0 -0.35479
350.0 1150.0 -0.25494
450.0 1150.0 -0.10444
550.0 1150.0 0.03914
650.0 1150.0 0.12051
750.0 1150.0 0.11736
850.0 1150.0 0.06921
950.0 1150.0 0.00676
1050.0 1150.0 -0.06557
1150.0 1150.0 -0.12904
1250.0 1150.0 -0.16825
1350.0 1150.0 -0.18104
1450.0 1150.0 -0.17829
1550.0 1150.0 -0.17355
1650.0 1150.0 -0.18151
1750.0 1150.0 -0.20667
1850.0 1150.0 -0.20989
1950.0 1150.0 -0.15318
2050.0 1150.0 -0.03032
2150.0 1150.0 0.12971
2250.0 1150.0 0.28646
2350.0 1150.0 0.42242
2450.0 1150.0 0.46900
2550.0 1150.0 0.38566
2650.0 1150.0 0.21167
2750.0 1150.0 0.03037
2850.0 1150.0 -0.07076
2950.0 1150.0 -0.04368
3050.0 1150.0 0.07368
3150.0 1150.0 0.16273
3250.0 1150.0 0.15214
3350.0 1150.0 0.04081
3450.0 1150.0 -0.12126
3550.0 1150.0 -0.25930
3650.0 1150.0 -0.30849
3750.0 1150.0 -0.25730
3850.0 1150.0 -0.17554
3950.0 1150.0 -0.10200
4050.0 1150.0 -0.04148
4150.0 1150.0 0.00770
4250.0 1150.0 0.05272
4350.0 1150.0 0.10317
4450.0 1150.0 0.16560
4550.0 1150.0 0.23639
4650.0 1150.0 0.30326
4750.0 1150.0 0.34423
4850.0 1150.0 0.33849
4950.0 1150.0 0.28613
5050.0 1150.0 0.21201
5150.0 1150.0 0.15269
5250.0 1150.0 0.12654
5350.0 1150.0 0.10540
5450.0 1150.0 0.07031
5550.0 1150.0 0.02786
5650.0 1150.0 -0.00832
5750.0 1150.0 -0.02816
5850.0 1150.0 -0.03014
5950.0 1150.0 -0.02079
6050.0 1150.0 -0.00910
6150.0 1150.0 -0.00245
6250.0 1150.0 -0.00179
6350.0 1150.0 -0.00235
50.0 1250.0 -0.27940
150.0 1250.0 -0.32504
250.0 1250.0 -0.32040
350.0 1250.0 -0.25151
450.0 1250.0 -0.13823
550.0 1250.0 -0.02190
650.0 1250.0 0.05343
750.0 1250.0 0.06615
850.0 1250.0 0.04431
950.0 1250.0 0.01490
1050.0 1250.0 -0.02463
1150.0 1250.0 -0.07101
1250.0 1250.0 -0.11753
1350.0 1250.0 -0.15748
1450.0 1250.0 -0.18731
1550.0 1250.0 -0.20946
1650.0 1250.0 -0.24225
1750.0 1250.0 -0.28841
1850.0 1250.0 -0.30361
1950.0 1250.0 -0.24819
2050.0 1250.0 -0.11975
2150.0 1250.0 0.04511
2250.0 1250.0 0.19986
2350.0 1250.0 0.32967
2450.0 1250.0 0.36989
2550.0 1250.0 0.28425
2650.0 1250.0 0.11641
2750.0 1250.0 -0.04992
2850.0 1250.0 -0.13170
2950.0 1250.0 -0.08732
3050.0 1250.0 0.04312
3150.0 1250.0 0.14781
3250.0 1250.0 0.15578
3350.0 1250.0 0.05768
3450.0 1250.0 -0.10342
3550.0 1250.0 -0.25308
3650.0 1250.0 -0.32022
3750.0 1250.0 -0.28583
3850.0 1250.0 -0.21804
3950.0 1250.0 -0.15149
4050.0 1250.0 -0.09021
4150.0 1250.0 -0.03686
4250.0 1250.0 0.00985
4350.0 1250.0 0.05483
4450.0 1250.0 0.10351
4550.0 1250.0 0.15649
4650.0 1250.0 0.21441
4750.0 1250.0 0.26638
4850.0 1250.0 0.29104
4950.0 1250.0 0.27841
5050.0 1250.0 0.23852
5150.0 1250.0 0.19552
5250.0 1250.0 0.16715
5350.0 1250.0 0.14265
5450.0 1250.0 0.11254
5550.0 1250.0 0.07511
5650.0 1250.0 0.03239
5750.0 1250.0 -0.01102
5850.0 1250.0 -0.05001
5950.0 1250.0 -0.08198
6050.0 1250.0 -0.10931
6150.0 1250.0 -0.12327
6250.0 1250.0 -0.11077
6350.0 1250.0 -0.07196
50.0 1350.0 -0.18141
150.0 1350.0 -0.22150
250.0 1350.0 -0.23413
350.0 1350.0 -0.20542
450.0 1350.0 -0.14109
550.0 1350.0 -0.06442
650.0 1350.0 -0.00596
750.0 1350.0 0.01476
850.0 1350.0 0.01318
950.0 1350.0 0.01336
1050.0 1350.0 0.01001
1150.0 1350.0 -0.00729
1250.0 1350.0 -0.04273
1350.0 1350.0 -0.09068
1450.0 1350.0 -0.13929
1550.0 1350.0 -0.18117
1650.0 1350.0 -0.23620
1750.0 1350.0 -0.31193
1850.0 1350.0 -0.35988
1950.0 1350.0 -0.33336
2050.0 1350.0 -0.22514
2150.0 1350.0 -0.07145
2250.0 1350.0 0.07754
2350.0 1350.0 0.20307
2450.0 1350.0 0.24297
2550.0 1350.0 0.16584
2650.0 1350.0 0.01672
2750.0 1350.0 -0.12420
2850.0 1350.0 -0.18107
2950.0 1350.0 -0.11911
3050.0 1350.0 0.02178
3150.0 1350.0 0.14135
3250.0 1350.0 0.17334
3350.0 1350.0 0.10131
3450.0 1350.0 -0.04104
3550.0 1350.0 -0.18451
3650.0 1350.0 -0.25690
3750.0 1350.0 -0.23340
3850.0 1350.0 -0.17774
3950.0 1350.0 -0.12620
4050.0 1350.0 -0.08406
4150.0 1350.0 -0.05301
4250.0 1350.0 -0.02929
4350.0 1350.0 -0.00507
4450.0 1350.0 0.02679
4550.0 1350.0 0.06575
4650.0 1350.0 0.11593
4750.0 1350.0 0.17379
4850.0 1350.0 0.21786
4950.0 1350.0 0.23146
5050.0 1350.0 0.21444
5150.0 1350.0 0.18221
5250.0 1350.0 0.15184
5350.0 1350.0 0.12641
5450.0 1350.0 0.10831
5550.0 1350.0 0.09000
5650.0 1350.0 0.06107
5750.0 1350.0 0.01673
5850.0 1350.0 -0.03961
5950.0 1350.0 -0.09959
6050.0 1350.0 -0.15685
6150.0 1350.0 -0.18936
6250.0 1350.0 -0.17476
6350.0 1350.0 -0.11578
50.0 1450.0 -0.07251
150.0 1450.0 -0.11115
250.0 1450.0 -0.13854
350.0 1450.0 -0.14136
450.0 1450.0 -0.11575
550.0 1450.0 -0.07209
650.0 1450.0 -0.03081
750.0 1450.0 -0.00932
850.0 1450.0 -0.00099
950.0 1450.0 0.01778
1050.0 1450.0 0.04301
1150.0 1450.0 0.05586
1250.0 1450.0 0.04258
1350.0 1450.0 0.00365
1450.0 1450.0 -0.04780
1550.0 1450.0 -0.09830
1650.0 1450.0 -0.16690
1750.0 1450.0 -0.26878
1850.0 1450.0 -0.35331
1950.0 1450.0 -0.36535
2050.0 1450.0 -0.28848
2150.0 1450.0 -0.15331
2250.0 1450.0 -0.01083
2350.0 1450.0 0.11295
2450.0 1450.0 0.15606
2550.0 1450.0 0.09066
2650.0 1450.0 -0.03905
2750.0 1450.0 -0.15740
2850.0 1450.0 -0.19479
2950.0 1450.0 -0.12114
3050.0 1450.0 0.02512
3150.0 1450.0 0.15485
3250.0 1450.0 0.20853
3350.0 1450.0 0.16549
3450.0 1450.0 0.05074
3550.0 1450.0 -0.07421
3650.0 1450.0 -0.14035
3750.0 1450.0 -0.12007
3850.0 1450.0 -0.07155
3950.0 1450.0 -0.03610
4050.0 1450.0 -0.02125
4150.0 1450.0 -0.02433
4250.0 1450.0 -0.03393
4350.0 1450.0 -0.03492
4450.0 1450.0 -0.01692
4550.0 1450.0 0.01485
4650.0 1450.0 0.05840
4750.0 1450.0 0.11075
4850.0 1450.0 0.15150
4950.0 1450.0 0.16407
5050.0 1450.0 0.14718
5150.0 1450.0 0.11450
5250.0 1450.0 0.08217
5350.0 1450.0 0.05885
5450.0 1450.0 0.05942
5550.0 1450.0 0.07428
5650.0 1450.0 0.08147
5750.0 1450.0 0.06350
5850.0 1450.0 0.01604
5950.0 1450.0 -0.05176
6050.0 1450.0 -0.12358
6150.0 1450.0 -0.16966
6250.0 1450.0 -0.16561
6350.0 1450.0 -0.11346
50.0 1550.0 0.01176
150.0 1550.0 -0.02783
250.0 1550.0 -0.06342
350.0 1550.0 -0.08226
450.0 1550.0 -0.07649
550.0 1550.0 -0.05069
650.0 1550.0 -0.02042
750.0 1550.0 -0.00175
850.0 1550.0 0.00821
950.0 1550.0 0.03497
1050.0 1550.0 0.07797
1150.0 1550.0 0.11496
1250.0 1550.0 0.12553
1350.0 1550.0 0.10373
1450.0 1550.0 0.05952
1550.0 1550.0 0.00886
1650.0 1550.0 -0.06486
1750.0 1550.0 -0.18380
1850.0 1550.0 -0.29685
1950.0 1550.0 -0.34199
2050.0 1550.0 -0.29381
2150.0 1550.0 -0.17599
2250.0 1550.0 -0.03862
2350.0 1550.0 0.08520
2450.0 1550.0 0.13199
2550.0 1550.0 0.07550
2650.0 1550.0 -0.04155
2750.0 1550.0 -0.14686
2850.0 1550.0 -0.17439
2950.0 1550.0 -0.09602
3050.0 1550.0 0.05134
3150.0 1550.0 0.18623
3250.0 1550.0 0.25564
3350.0 1550.0 0.23723
3450.0 1550.0 0.14957
3550.0 1550.0 0.04665
3650.0 1550.0 -0.00767
3750.0 1550.0 0.01467
3850.0 1550.0 0.06067
3950.0 1550.0 0.08361
4050.0 1550.0 0.07373
4150.0 1550.0 0.03884
4250.0 1550.0 -0.00114
4350.0 1550.0 -0.02321
4450.0 1550.0 -0.01383
4550.0 1550.0 0.01636
4650.0 1550.0 0.05380
4750.0 1550.0 0.09058
4850.0 1550.0 0.10841
4950.0 1550.0 0.09662
5050.0 1550.0 0.06047
5150.0 1550.0 0.01776
5250.0 1550.0 -0.01660
5350.0 1550.0 -0.03573
5450.0 1550.0 -0.01306
5550.0 1550.0 0.04272
5650.0 1550.0 0.09955
5750.0 1550.0 0.12586
5850.0 1550.0 0.10568
5950.0 1550.0 0.04531
6050.0 1550.0 -0.02879
6150.0 1550.0 -0.08391
6250.0 1550.0 -0.09917
6350.0 1550.0 -0.07342
50.0 1650.0 0.07874
150.0 1650.0 0.03642
250.0 1650.0 -0.00431
350.0 1650.0 -0.03020
450.0 1650.0 -0.03147
550.0 1650.0 -0.01084
650.0 1650.0 0.01700
750.0 1650.0 0.03560
850.0 1650.0 0.04666
950.0 1650.0 0.07878
1050.0 1650.0 0.13386
1150.0 1650.0 0.18735
1250.0 1650.0 0.21431
1350.0 1650.0 0.20437
1450.0 1650.0 0.16526
1550.0 1650.0 0.11461
1650.0 1650.0 0.03626
1750.0 1650.0 -0.09937
1850.0 1650.0 -0.24089
1950.0 1650.0 -0.31941
2050.0 1650.0 -0.30042
2150.0 1650.0 -0.20042
2250.0 1650.0 -0.06840
2350.0 1650.0 0.05543
2450.0 1650.0 0.10642
2550.0 1650.0 0.05968
2650.0 1650.0 -0.04434
2750.0 1650.0 -0.13723
2850.0 1650.0 -0.15647
2950.0 1650.0 -0.07552
3050.0 1650.0 0.07078
3150.0 1650.0 0.20891
3250.0 1650.0 0.29226
3350.0 1650.0 0.29621
3450.0 1650.0 0.23236
3550.0 1650.0 0.14721
3650.0 1650.0 0.10003
3750.0 1650.0 0.11993
3850.0 1650.0 0.15941
3950.0 1650.0 0.16850
4050.0 1650.0 0.13691
4150.0 1650.0 0.07723
4250.0 1650.0 0.01556
4350.0 1650.0 -0.02048
4450.0 1650.0 -0.01653
4550.0 1650.0 0.01232
4650.0 1650.0 0.04146
4750.0 1650.0 0.05695
4850.0 1650.0 0.04476
4950.0 1650.0 0.00308
5050.0 1650.0 -0.05420
5150.0 1650.0 -0.10489
5250.0 1650.0 -0.13681
5350.0 1650.0 -0.14699
5450.0 1650.0 -0.09768
5550.0 1650.0 0.00358
5650.0 1650.0 0.11503
5750.0 1650.0 0.19110
5850.0 1650.0 0.20408
5950.0 1650.0 0.15714
6050.0 1650.0 0.08653
6150.0 1650.0 0.02599
6250.0 1650.0 -0.00915
6350.0 1650.0 -0.01449
50.0 1750.0 0.10741
150.0 1750.0 0.05745
250.0 1750.0 0.01485
350.0 1750.0 -0.00338
450.0 1750.0 0.01199
550.0 1750.0 0.05324
650.0 1750.0 0.09843
750.0 1750.0 0.12595
850.0 1750.0 0.14067
950.0 1750.0 0.17615
1050.0 1750.0 0.23302
1150.0 1750.0 0.28516
1250.0 1750.0 0.30746
1350.0 1750.0 0.29117
1450.0 1750.0 0.24651
1550.0 1750.0 0.19224
1650.0 1750.0 0.10705
1750.0 1750.0 -0.04669
1850.0 1750.0 -0.21695
1950.0 1750.0 -0.32827
2050.0 1750.0 -0.33767
2150.0 1750.0 -0.25530
2250.0 1750.0 -0.12944
2350.0 1750.0 -0.00661
2450.0 1750.0 0.04973
2550.0 1750.0 0.01615
2650.0 1750.0 -0.07109
2750.0 1750.0 -0.14948
2850.0 1750.0 -0.16124
2950.0 1750.0 -0.08113
3050.0 1750.0 0.05947
3150.0 1750.0 0.19756
3250.0 1750.0 0.29316
3350.0 1750.0 0.31592
3450.0 1750.0 0.26739
3550.0 1750.0 0.18617
3650.0 1750.0 0.12930
3750.0 1750.0 0.13003
3850.0 1750.0 0.14805
3950.0 1750.0 0.13688
4050.0 1750.0 0.09104
4150.0 1750.0 0.02653
4250.0 1750.0 -0.03179
4350.0 1750.0 -0.06203
4450.0 1750.0 -0.05636
4550.0 1750.0 -0.03082
4650.0 1750.0 -0.01596
4750.0 1750.0 -0.03100
4850.0 1750.0 -0.08014
4950.0 1750.0 -0.15130
5050.0 1750.0 -0.22098
5150.0 1750.0 -0.26582
5250.0 1750.0 -0.28077
5350.0 1750.0 -0.26920
5450.0 1750.0 -0.18654
5550.0 1750.0 -0.04017
5650.0 1750.0 0.12129
5750.0 1750.0 0.24317
5850.0 1750.0 0.29072
5950.0 1750.0 0.26574
6050.0 1750.0 0.21066
6150.0 1750.0 0.15532
6250.0 1750.0 0.10654
6350.0 1750.0 0.07051
50.0 1850.0 0.08913
150.0 1850.0 0.02605
250.0 1850.0 -0.01851
350.0 1850.0 -0.02095
450.0 1850.0 0.02649
550.0 1850.0 0.10653
650.0 1850.0 0.18379
750.0 1850.0 0.22751
850.0 1850.0 0.24838
950.0 1850.0 0.28594
1050.0 1850.0 0.33627
1150.0 1850.0 0.37204
1250.0 1850.0 0.37161
1350.0 1850.0 0.33311
1450.0 1850.0 0.27341
1550.0 1850.0 0.21208
1650.0 1850.0 0.11953
1750.0 1850.0 -0.04676
1850.0 1850.0 -0.23400
1950.0 1850.0 -0.36325
2050.0 1850.0 -0.38774
2150.0 1850.0 -0.31520
2250.0 1850.0 -0.19415
2350.0 1850.0 -0.07344
2450.0 1850.0 -0.01228
2550.0 1850.0 -0.03316
2650.0 1850.0 -0.10505
2750.0 1850.0 -0.17206
2850.0 1850.0 -0.18084
2950.0 1850.0 -0.10652
3050.0 1850.0 0.02363
3150.0 1850.0 0.15836
3250.0 1850.0 0.26418
3350.0 1850.0 0.30166
3450.0 1850.0 0.25942
3550.0 1850.0 0.16795
3650.0 1850.0 0.08453
3750.0 1850.0 0.04959
3850.0 1850.0 0.03166
3950.0 1850.0 -0.00456
4050.0 1850.0 -0.05423
4150.0 1850.0 -0.09995
4250.0 1850.0 -0.12653
4350.0 1850.0 -0.12897
4450.0 1850.0 -0.11356
4550.0 1850.0 -0.09313
4650.0 1850.0 -0.09623
4750.0 1850.0 -0.14464
4850.0 1850.0 -0.22804
4950.0 1850.0 -0.31805
5050.0 1850.0 -0.38343
5150.0 1850.0 -0.40463
5250.0 1850.0 -0.38757
5350.0 1850.0 -0.34397
5450.0 1850.0 -0.23303
5550.0 1850.0 -0.06367
5650.0 1850.0 0.11654
5750.0 1850.0 0.25608
5850.0 1850.0 0.32398
5950.0 1850.0 0.32427
6050.0 1850.0 0.29661
6150.0 1850.0 0.25985
6250.0 1850.0 0.21093
6350.0 1850.0 0.15510
50.0 1950.0 0.03857
150.0 1950.0 -0.04076
250.0 1950.0 -0.09167
350.0 1950.0 -0.08301
450.0 1950.0 -0.00707
550.0 1950.0 0.11020
650.0 1950.0 0.21977
750.0 1950.0 0.28074
850.0 1950.0 0.30884
950.0 1950.0 0.34880
1050.0 1950.0 0.39128
1150.0 1950.0 0.40753
1250.0 1950.0 0.38007
1350.0 1950.0 0.31515
1450.0 1950.0 0.23761
1550.0 1950.0 0.16793
1650.0 1950.0 0.06997
1750.0 1950.0 -0.09753
1850.0 1950.0 -0.28099
1950.0 1950.0 -0.40324
2050.0 1950.0 -0.42084
2150.0 1950.0 -0.34488
2250.0 1950.0 -0.22524
2350.0 1950.0 -0.10733
2450.0 1950.0 -0.04376
2550.0 1950.0 -0.05702
2650.0 1950.0 -0.12091
2750.0 1950.0 -0.18455
2850.0 1950.0 -0.19711
2950.0 1950.0 -0.13281
3050.0 1950.0 -0.01531
3150.0 1950.0 0.11448
3250.0 1950.0 0.22917
3350.0 1950.0 0.27882
3450.0 1950.0 0.23812
3550.0 1950.0 0.12956
3650.0 1950.0 0.01193
3750.0 1950.0 -0.06586
3850.0 1950.0 -0.12566
3950.0 1950.0 -0.18701
4050.0 1950.0 -0.23205
4150.0 1950.0 -0.24368
4250.0 1950.0 -0.22141
4350.0 1950.0 -0.18322
4450.0 1950.0 -0.15337
4550.0 1950.0 -0.13865
4650.0 1950.0 -0.15844
4750.0 1950.0 -0.23331
4850.0 1950.0 -0.33749
4950.0 1950.0 -0.42850
5050.0 1950.0 -0.47183
5150.0 1950.0 -0.45625
5250.0 1950.0 -0.39977
5350.0 1950.0 -0.32275
5450.0 1950.0 -0.20089
5550.0 1950.0 -0.04627
5650.0 1950.0 0.10458
5750.0 1950.0 0.21809
5850.0 1950.0 0.27999
5950.0 1950.0 0.30034
6050.0 1950.0 0.30529
6150.0 1950.0 0.29670
6250.0 1950.0 0.26299
6350.0 1950.0 0.20568
50.0 2050.0 -0.01366
150.0 2050.0 -0.10858
250.0 2050.0 -0.17210
350.0 2050.0 -0.16706
450.0 2050.0 -0.08272
550.0 2050.0 0.05195
650.0 2050.0 0.17995
750.0 2050.0 0.25271
850.0 2050.0 0.28715
950.0 2050.0 0.33126
1050.0 2050.0 0.37206
1150.0 2050.0 0.37870
1250.0 2050.0 0.33534
1350.0 2050.0 0.25323
1450.0 2050.0 0.16291
1550.0 2050.0 0.08631
1650.0 2050.0 -0.01373
1750.0 2050.0 -0.17121
1850.0 2050.0 -0.33205
1950.0 2050.0 -0.42530
2050.0 2050.0 -0.41680
2150.0 2050.0 -0.32567
2250.0 2050.0 -0.20380
2350.0 2050.0 -0.08859
2450.0 2050.0 -0.02558
2550.0 2050.0 -0.03825
2650.0 2050.0 -0.10341
2750.0 2050.0 -0.17234
2850.0 2050.0 -0.19419
2950.0 2050.0 -0.14125
3050.0 2050.0 -0.03510
3150.0 2050.0 0.09067
3250.0 2050.0 0.21420
3350.0 2050.0 0.27628
3450.0 2050.0 0.23889
3550.0 2050.0 0.11699
3650.0 2050.0 -0.02972
3750.0 2050.0 -0.14489
3850.0 2050.0 -0.24120
3950.0 2050.0 -0.32320
4050.0 2050.0 -0.36132
4150.0 2050.0 -0.33935
4250.0 2050.0 -0.27072
4350.0 2050.0 -0.19450
4450.0 2050.0 -0.15106
4550.0 2050.0 -0.14115
4650.0 2050.0 -0.17224
4750.0 2050.0 -0.26076
4850.0 2050.0 -0.36867
4950.0 2050.0 -0.44492
5050.0 2050.0 -0.45645
5150.0 2050.0 -0.40217
5250.0 2050.0 -0.30997
5350.0 2050.0 -0.20743
5450.0 2050.0 -0.09503
5550.0 2050.0 0.01122
5650.0 2050.0 0.09270
5750.0 2050.0 0.14373
5850.0 2050.0 0.17494
5950.0 2050.0 0.20456
6050.0 2050.0 0.23821
6150.0 2050.0 0.25884
6250.0 2050.0 0.24968
6350.0 2050.0 0.20708
50.0 2150.0 -0.03504
150.0 2150.0 -0.14128
250.0 2150.0 -0.22229
350.0 2150.0 -0.23807
450.0 2150.0 -0.17177
550.0 2150.0 -0.04777
650.0 2150.0 0.07760
750.0 2150.0 0.15284
850.0 2150.0 0.19124
950.0 2150.0 0.24175
1050.0 2150.0 0.29144
1150.0 2150.0 0.30658
1250.0 2150.0 0.26849
1350.0 2150.0 0.18735
1450.0 2150.0 0.09474
1550.0 2150.0 0.01470
1650.0 2150.0 -0.08443
1750.0 2150.0 -0.22684
1850.0 2150.0 -0.35825
1950.0 2150.0 -0.41532
2050.0 2150.0 -0.37467
2150.0 2150.0 -0.26443
2250.0 2150.0 -0.13839
2350.0 2150.0 -0.02501
2450.0 2150.0 0.03544
2550.0 2150.0 0.01814
2650.0 2150.0 -0.05462
2750.0 2150.0 -0.13356
2850.0 2150.0 -0.16597
2950.0 2150.0 -0.12206
3050.0 2150.0 -0.02298
3150.0 2150.0 0.10179
3250.0 2150.0 0.23555
3350.0 2150.0 0.31303
3450.0 2150.0 0.28654
3550.0 2150.0 0.16397
3650.0 2150.0 0.00378
3750.0 2150.0 -0.13313
3850.0 2150.0 -0.25181
3950.0 2150.0 -0.34764
4050.0 2150.0 -0.38417
4150.0 2150.0 -0.34516
4250.0 2150.0 -0.25157
4350.0 2150.0 -0.15445
4450.0 2150.0 -0.10359
4550.0 2150.0 -0.09656
4650.0 2150.0 -0.13217
4750.0 2150.0 -0.22229
4850.0 2150.0 -0.32231
4950.0 2150.0 -0.37863
5050.0 2150.0 -0.36212
5150.0 2150.0 -0.27981
5250.0 2150.0 -0.16512
5350.0 2150.0 -0.05031
5450.0 2150.0 0.04000
5550.0 2150.0 0.08646
5650.0 2150.0 0.08843
5750.0 2150.0 0.06750
5850.0 2150.0 0.05826
5950.0 2150.0 0.08639
6050.0 2150.0 0.13748
6150.0 2150.0 0.17900
6250.0 2150.0 0.19251
6350.0 2150.0 0.16994
50.0 2250.0 -0.01158
150.0 2250.0 -0.12369
250.0 2250.0 -0.22377
350.0 2250.0 -0.27222
450.0 2250.0 -0.24427
550.0 2250.0 -0.15382
650.0 2250.0 -0.04903
750.0 2250.0 0.02020
850.0 2250.0 0.05990
950.0 2250.0 0.11852
1050.0 2250.0 0.18682
1150.0 2250.0 0.22762
1250.0 2250.0 0.21522
1350.0 2250.0 0.15285
1450.0 2250.0 0.06848
1550.0 2250.0 -0.01130
1650.0 2250.0 -0.10812
1750.0 2250.0 -0.23777
1850.0 2250.0 -0.34601
1950.0 2250.0 -0.37528
2050.0 2250.0 -0.31014
2150.0 2250.0 -0.18513
2250.0 2250.0 -0.05526
2350.0 2250.0 0.05741
2450.0 2250.0 0.11502
2550.0 2250.0 0.09161
2650.0 2250.0 0.01016
2750.0 2250.0 -0.07813
2850.0 2250.0 -0.11826
2950.0 2250.0 -0.07895
3050.0 2250.0 0.01797
3150.0 2250.0 0.14519
3250.0 2250.0 0.29114
3350.0 2250.0 0.38805
3450.0 2250.0 0.38163
3550.0 2250.0 0.27307
3650.0 2250.0 0.11705
3750.0 2250.0 -0.02420
3850.0 2250.0 -0.14985
3950.0 2250.0 -0.25366
4050.0 2250.0 -0.29803
4150.0 2250.0 -0.26489
4250.0 2250.0 -0.17440
4350.0 2250.0 -0.07830
4450.0 2250.0 -0.02798
4550.0 2250.0 -0.02185
4650.0 2250.0 -0.05698
4750.0 2250.0 -0.14250
4850.0 2250.0 -0.23260
4950.0 2250.0 -0.27499
5050.0 2250.0 -0.24391
5150.0 2250.0 -0.15023
5250.0 2250.0 -0.02853
5350.0 2250.0 0.08649
5450.0 2250.0 0.15411
5550.0 2250.0 0.15300
5650.0 2250.0 0.09479
5750.0 2250.0 0.01922
5850.0 2250.0 -0.02344
5950.0 2250.0 -0.00292
6050.0 2250.0 0.05311
6150.0 2250.0 0.10287
6250.0 2250.0 0.12858
6350.0 2250.0 0.11991
50.0 2350.0 0.02332
150.0 2350.0 -0.09233
250.0 2350.0 -0.21091
350.0 2350.0 -0.29431
450.0 2350.0 -0.30973
550.0 2350.0 -0.25908
650.0 2350.0 -0.18015
750.0 2350.0 -0.11967
850.0 2350.0 -0.07971
950.0 2350.0 -0.01246
1050.0 2350.0 0.07784
1150.0 2350.0 0.15035
1250.0 2350.0 0.17084
1350.0 2350.0 0.13349
1450.0 2350.0 0.06098
1550.0 2350.0 -0.01736
1650.0 2350.0 -0.11193
1750.0 2350.0 -0.23145
1850.0 2350.0 -0.32177
1950.0 2350.0 -0.32976
2050.0 2350.0 -0.24591
2150.0 2350.0 -0.10957
2250.0 2350.0 0.02344
2350.0 2350.0 0.13588
2450.0 2350.0 0.19191
2550.0 2350.0 0.16486
2650.0 2350.0 0.07815
2750.0 2350.0 -0.01578
2850.0 2350.0 -0.06052
2950.0 2350.0 -0.02385
3050.0 2350.0 0.07197
3150.0 2350.0 0.20182
3250.0 2350.0 0.35950
3350.0 2350.0 0.47696
3450.0 2350.0 0.49511
3550.0 2350.0 0.40837
3650.0 2350.0 0.26587
3750.0 2350.0 0.12918
3850.0 2350.0 0.00413
3950.0 2350.0 -0.10580
4050.0 2350.0 -0.16462
4150.0 2350.0 -0.15098
4250.0 2350.0 -0.07933
4350.0 2350.0 0.00407
4450.0 2350.0 0.05014
4550.0 2350.0 0.05711
4650.0 2350.0 0.02562
4750.0 2350.0 -0.05183
4850.0 2350.0 -0.13095
4950.0 2350.0 -0.16252
5050.0 2350.0 -0.12372
5150.0 2350.0 -0.02682
5250.0 2350.0 0.09457
5350.0 2350.0 0.20464
5450.0 2350.0 0.25136
5550.0 2350.0 0.21208
5650.0 2350.0 0.10695
5750.0 2350.0 -0.01164
5850.0 2350.0 -0.08256
5950.0 2350.0 -0.07233
6050.0 2350.0 -0.01785
6150.0 2350.0 0.03370
6250.0 2350.0 0.06627
6350.0 2350.0 0.06825
50.0 2450.0 -0.00490
150.0 2450.0 -0.12356
250.0 2450.0 -0.25598
350.0 2450.0 -0.36507
450.0 2450.0 -0.41213
550.0 2450.0 -0.39040
650.0 2450.0 -0.33023
750.0 2450.0 -0.27617
850.0 2450.0 -0.23602
950.0 2450.0 -0.16078
1050.0 2450.0 -0.05030
1150.0 2450.0 0.05066
1250.0 2450.0 0.09978
1350.0 2450.0 0.08316
1450.0 2450.0 0.01918
1550.0 2450.0 -0.05991
1650.0 2450.0 -0.15414
1750.0 2450.0 -0.26508
1850.0 2450.0 -0.33845
1950.0 2450.0 -0.32549
2050.0 2450.0 -0.22301
2150.0 2450.0 -0.07558
2250.0 2450.0 0.05980
2350.0 2450.0 0.17195
2450.0 2450.0 0.23399
2550.0 2450.0 0.22003
2650.0 2450.0 0.14844
2750.0 2450.0 0.06558
2850.0 2450.0 0.02401
2950.0 2450.0 0.05587
3050.0 2450.0 0.14269
3150.0 2450.0 0.26408
3250.0 2450.0 0.42012
3350.0 2450.0 0.54972
3450.0 2450.0 0.59486
3550.0 2450.0 0.54330
3650.0 2450.0 0.43298
3750.0 2450.0 0.31818
3850.0 2450.0 0.20767
3950.0 2450.0 0.09351
4050.0 2450.0 0.00566
4150.0 2450.0 -0.02649
4250.0 2450.0 -0.00127
4350.0 2450.0 0.05173
4450.0 2450.0 0.09191
4550.0 2450.0 0.10839
4650.0 2450.0 0.09459
4750.0 2450.0 0.04474
4850.0 2450.0 -0.00497
4950.0 2450.0 -0.01512
5050.0 2450.0 0.03183
5150.0 2450.0 0.12490
5250.0 2450.0 0.23655
5350.0 2450.0 0.33354
5450.0 2450.0 0.35603
5550.0 2450.0 0.27927
5650.0 2450.0 0.12842
5750.0 2450.0 -0.03515
5850.0 2450.0 -0.14146
5950.0 2450.0 -0.15342
6050.0 2450.0 -0.11378
6150.0 2450.0 -0.06796
6250.0 2450.0 -0.02554
6350.0 2450.0 -0.00072
50.0 2550.0 -0.09772
150.0 2550.0 -0.21814
250.0 2550.0 -0.35489
350.0 2550.0 -0.47094
450.0 2550.0 -0.52603
550.0 2550.0 -0.51134
650.0 2550.0 -0.45568
750.0 2550.0 -0.40328
850.0 2550.0 -0.36310
950.0 2550.0 -0.28272
1050.0 2550.0 -0.15968
1150.0 2550.0 -0.04216
1250.0 2550.0 0.02198
1350.0 2550.0 0.01421
1450.0 2550.0 -0.04873
1550.0 2550.0 -0.13208
1650.0 2550.0 -0.22933
1750.0 2550.0 -0.33659
1850.0 2550.0 -0.39902
1950.0 2550.0 -0.37116
2050.0 2550.0 -0.25498
2150.0 2550.0 -0.09978
2250.0 2550.0 0.03605
2350.0 2550.0 0.14757
2450.0 2550.0 0.22422
2550.0 2550.0 0.24209
2650.0 2550.0 0.20772
2750.0 2550.0 0.15294
2850.0 2550.0 0.12071
2950.0 2550.0 0.14265
3050.0 2550.0 0.20909
3150.0 2550.0 0.30468
3250.0 2550.0 0.43466
3350.0 2550.0 0.55543
3450.0 2550.0 0.62068
3550.0 2550.0 0.61447
3650.0 2550.0 0.55767
3750.0 2550.0 0.48800
3850.0 2550.0 0.41243
3950.0 2550.0 0.30244
4050.0 2550.0 0.17696
4150.0 2550.0 0.07753
4250.0 2550.0 0.03220
4350.0 2550.0 0.04003
4450.0 2550.0 0.07584
4550.0 2550.0 0.11419
4650.0 2550.0 0.13557
4750.0 2550.0 0.13440
4850.0 2550.0 0.13026
4950.0 2550.0 0.14601
5050.0 2550.0 0.19340
5150.0 2550.0 0.26846
5250.0 2550.0 0.35643
5350.0 2550.0 0.43071
5450.0 2550.0 0.43296
5550.0 2550.0 0.33575
5650.0 2550.0 0.16058
5750.0 2550.0 -0.03277
5850.0 2550.0 -0.17302
5950.0 2550.0 -0.22006
6050.0 2550.0 -0.21395
6150.0 2550.0 -0.18609
6250.0 2550.0 -0.13373
6350.0 2550.0 -0.07490
50.0 2650.0 -0.19911
150.0 2650.0 -0.31970
250.0 2650.0 -0.45053
350.0 2650.0 -0.55363
450.0 2650.0 -0.59179
550.0 2650.0 -0.56111
650.0 2650.0 -0.49494
750.0 2650.0 -0.43919
850.0 2650.0 -0.39919
950.0 2650.0 -0.31819
1050.0 2650.0 -0.19433
1150.0 2650.0 -0.07782
1250.0 2650.0 -0.01776
1350.0 2650.0 -0.03224
1450.0 2650.0 -0.10280
1550.0 2650.0 -0.19322
1650.0 2650.0 -0.29660
1750.0 2650.0 -0.40712
1850.0 2650.0 -0.46911
1950.0 2650.0 -0.43804
2050.0 2650.0 -0.31819
2150.0 2650.0 -0.16152
2250.0 2650.0 -0.02766
2350.0 2650.0 0.08269
2450.0 2650.0 0.17667
2550.0 2650.0 0.23208
2650.0 2650.0 0.24045
2750.0 2650.0 0.21596
2850.0 2650.0 0.19069
2950.0 2650.0 0.19656
3050.0 2650.0 0.23489
3150.0 2650.0 0.29111
3250.0 2650.0 0.37145
3350.0 2650.0 0.45736
3450.0 2650.0 0.52432
3550.0 2650.0 0.55844
3650.0 2650.0 0.56255
3750.0 2650.0 0.55166
3850.0 2650.0 0.52556
3950.0 2650.0 0.43314
4050.0 2650.0 0.28057
4150.0 2650.0 0.12065
4250.0 2650.0 0.00888
4350.0 2650.0 -0.02455
4450.0 2650.0 0.01305
4550.0 2650.0 0.08151
4650.0 2650.0 0.14643
4750.0 2650.0 0.19888
4850.0 2650.0 0.23753
4950.0 2650.0 0.26766
5050.0 2650.0 0.29898
5150.0 2650.0 0.34082
5250.0 2650.0 0.39495
5350.0 2650.0 0.44257
5450.0 2650.0 0.43912
5550.0 2650.0 0.35477
5650.0 2650.0 0.19656
5750.0 2650.0 0.00816
5850.0 2650.0 -0.14915
5950.0 2650.0 -0.23452
6050.0 2650.0 -0.27417
6150.0 2650.0 -0.27458
6250.0 2650.0 -0.21808
6350.0 2650.0 -0.12626
50.0 2750.0 -0.24842
150.0 2750.0 -0.36803
250.0 2750.0 -0.48688
350.0 2750.0 -0.56556
450.0 2750.0 -0.57253
550.0 2750.0 -0.51277
650.0 2750.0 -0.42757
750.0 2750.0 -0.36558
850.0 2750.0 -0.32594
950.0 2750.0 -0.24833
1050.0 2750.0 -0.13391
1150.0 2750.0 -0.03322
1250.0 2750.0 0.00736
1350.0 2750.0 -0.02560
1450.0 2750.0 -0.10941
1550.0 2750.0 -0.20765
1650.0 2750.0 -0.31850
1750.0 2750.0 -0.43796
1850.0 2750.0 -0.50943
1950.0 2750.0 -0.48691
2050.0 2750.0 -0.37371
2150.0 2750.0 -0.22183
2250.0 2750.0 -0.09173
2350.0 2750.0 0.01699
2450.0 2750.0 0.12379
2550.0 2750.0 0.20653
2650.0 2750.0 0.24376
2750.0 2750.0 0.23582
2850.0 2750.0 0.20760
2950.0 2750.0 0.19323
3050.0 2750.0 0.20312
3150.0 2750.0 0.21674
3250.0 2750.0 0.23611
3350.0 2750.0 0.26858
3450.0 2750.0 0.31607
3550.0 2750.0 0.37265
3650.0 2750.0 0.42739
3750.0 2750.0 0.47274
3850.0 2750.0 0.49765
3950.0 2750.0 0.43479
4050.0 2750.0 0.27983
4150.0 2750.0 0.09152
4250.0 2750.0 -0.05609
4350.0 2750.0 -0.10992
4450.0 2750.0 -0.06267
4550.0 2750.0 0.03603
4650.0 2750.0 0.13958
4750.0 2750.0 0.23196
4850.0 2750.0 0.29280
4950.0 2750.0 0.31526
5050.0 2750.0 0.31305
5150.0 2750.0 0.31277
5250.0 2750.0 0.33162
5350.0 2750.0 0.35631
5450.0 2750.0 0.36529
5550.0 2750.0 0.32745
5650.0 2750.0 0.22755
5750.0 2750.0 0.08180
5850.0 2750.0 -0.06832
5950.0 2750.0 -0.18393
6050.0 2750.0 -0.26915
6150.0 2750.0 -0.30127
6250.0 2750.0 -0.24953
6350.0 2750.0 -0.13754
50.0 2850.0 -0.21320
150.0 2850.0 -0.33176
250.0 2850.0 -0.44006
350.0 2850.0 -0.49751
450.0 2850.0 -0.47750
550.0 2850.0 -0.39264
650.0 2850.0 -0.29105
750.0 2850.0 -0.22365
850.0 2850.0 -0.18437
950.0 2850.0 -0.11149
1050.0 2850.0 -0.00969
1150.0 2850.0 0.07116
1250.0 2850.0 0.08892
1350.0 2850.0 0.03592
1450.0 2850.0 -0.06068
1550.0 2850.0 -0.16504
1650.0 2850.0 -0.28220
1750.0 2850.0 -0.41190
1850.0 2850.0 -0.49683
1950.0 2850.0 -0.48828
2050.0 2850.0 -0.38674
2150.0 2850.0 -0.24248
2250.0 2850.0 -0.11627
2350.0 2850.0 -0.00936
2450.0 2850.0 0.10096
2550.0 2850.0 0.19045
2650.0 2850.0 0.23077
2750.0 2850.0 0.21709
2850.0 2850.0 0.17390
2950.0 2850.0 0.13934
3050.0 2850.0 0.12807
3150.0 2850.0 0.10796
3250.0 2850.0 0.07347
3350.0 2850.0 0.05148
3450.0 2850.0 0.06709
3550.0 2850.0 0.12504
3650.0 2850.0 0.20807
3750.0 2850.0 0.29221
3850.0 2850.0 0.35587
3950.0 2850.0 0.32660
4050.0 2850.0 0.19477
4150.0 2850.0 0.01803
4250.0 2850.0 -0.12495
4350.0 2850.0 -0.17264
4450.0 2850.0 -0.11046
4550.0 2850.0 0.01040
4650.0 2850.0 0.13707
4750.0 2850.0 0.24445
4850.0 2850.0 0.30025
4950.0 2850.0 0.29440
5050.0 2850.0 0.24979
5150.0 2850.0 0.20962
5250.0 2850.0 0.20126
5350.0 2850.0 0.21240
5450.0 2850.0 0.24570
5550.0 2850.0 0.27007
5650.0 2850.0 0.24749
5750.0 2850.0 0.16452
5850.0 2850.0 0.04006
5950.0 2850.0 -0.09074
6050.0 2850.0 -0.20902
6150.0 2850.0 -0.26753
6250.0 2850.0 -0.22771
6350.0 2850.0 -0.11324
50.0 2950.0 -0.10164
150.0 2950.0 -0.22014
250.0 2950.0 -0.32604
350.0 2950.0 -0.37840
450.0 2950.0 -0.35180
550.0 2950.0 -0.26075
650.0 2950.0 -0.15509
750.0 2950.0 -0.08638
850.0 2950.0 -0.04735
950.0 2950.0 0.02276
1050.0 2950.0 0.11722
1150.0 2950.0 0.18678
1250.0 2950.0 0.19185
1350.0 2950.0 0.12803
1450.0 2950.0 0.02487
1550.0 2950.0 -0.08227
1650.0 2950.0 -0.20269
1750.0 2950.0 -0.33903
1850.0 2950.0 -0.43362
1950.0 2950.0 -0.43568
2050.0 2950.0 -0.34318
2150.0 2950.0 -0.20464
2250.0 2950.0 -0.08081
2350.0 2950.0 0.02453
2450.0 2950.0 0.12876
2550.0 2950.0 0.20396
2650.0 2950.0 0.22214
2750.0 2950.0 0.18262
2850.0 2950.0 0.11606
2950.0 2950.0 0.06549
3050.0 2950.0 0.04435
3150.0 2950.0 0.00711
3250.0 2950.0 -0.05939
3350.0 2950.0 -0.11907
3450.0 2950.0 -0.13325
3550.0 2950.0 -0.08813
3650.0 2950.0 -0.00045
3750.0 2950.0 0.09868
3850.0 2950.0 0.18104
3950.0 2950.0 0.17966
4050.0 2950.0 0.08512
4150.0 2950.0 -0.05128
4250.0 2950.0 -0.15863
4350.0 2950.0 -0.18070
4450.0 2950.0 -0.10335
4550.0 2950.0 0.02735
4650.0 2950.0 0.15853
4750.0 2950.0 0.25677
4850.0 2950.0 0.28671
4950.0 2950.0 0.24310
5050.0 2950.0 0.15987
5150.0 2950.0 0.09196
5250.0 2950.0 0.06999
5350.0 2950.0 0.07806
5450.0 2950.0 0.13579
5550.0 2950.0 0.21294
5650.0 2950.0 0.25561
5750.0 2950.0 0.22874
5850.0 2950.0 0.13396
5950.0 2950.0 0.00270
6050.0 2950.0 -0.12993
6150.0 2950.0 -0.20338
6250.0 2950.0 -0.17758
6350.0 2950.0 -0.07469
50.0 3050.0 0.04510
150.0 3050.0 -0.07437
250.0 3050.0 -0.18540
350.0 3050.0 -0.24748
450.0 3050.0 -0.23296
550.0 3050.0 -0.15299
650.0 3050.0 -0.05454
750.0 3050.0 0.01174
850.0 3050.0 0.05069
950.0 3050.0 0.12072
1050.0 3050.0 0.21491
1150.0 3050.0 0.28399
1250.0 3050.0 0.28845
1350.0 3050.0 0.22403
1450.0 3050.0 0.12043
1550.0 3050.0 0.01302
1650.0 3050.0 -0.10813
1750.0 3050.0 -0.24675
1850.0 3050.0 -0.34509
1950.0 3050.0 -0.35149
2050.0 3050.0 -0.26276
2150.0 3050.0 -0.12651
2250.0 3050.0 -0.00340
2350.0 3050.0 0.10069
2450.0 3050.0 0.19365
2550.0 3050.0 0.24328
2650.0 3050.0 0.22629
2750.0 3050.0 0.15137
2850.0 3050.0 0.05872
2950.0 3050.0 -0.00369
3050.0 3050.0 -0.02683
3150.0 3050.0 -0.06872
3250.0 3050.0 -0.14840
3350.0 3050.0 -0.22813
3450.0 3050.0 -0.26378
3550.0 3050.0 -0.23554
3650.0 3050.0 -0.15634
3750.0 3050.0 -0.05795
3850.0 3050.0 0.02863
3950.0 3050.0 0.04726
4050.0 3050.0 -0.00819
4150.0 3050.0 -0.09471
4250.0 3050.0 -0.15481
4350.0 3050.0 -0.14449
4450.0 3050.0 -0.05434
4550.0 3050.0 0.07760
4650.0 3050.0 0.20195
4750.0 3050.0 0.27875
4850.0 3050.0 0.27508
4950.0 3050.0 0.19431
5050.0 3050.0 0.08070
5150.0 3050.0 -0.00367
5250.0 3050.0 -0.02939
5350.0 3050.0 -0.01840
5450.0 3050.0 0.05792
5550.0 3050.0 0.17037
5650.0 3050.0 0.25651
5750.0 3050.0 0.26892
5850.0 3050.0 0.19875
5950.0 3050.0 0.07461
6050.0 3050.0 -0.05946
6150.0 3050.0 -0.13885
6250.0 3050.0 -0.12566
6350.0 3050.0 -0.03995
50.0 3150.0 0.15996
150.0 3150.0 0.04208
250.0 3150.0 -0.07189
350.0 3150.0 -0.14227
450.0 3150.0 -0.13924
550.0 3150.0 -0.07029
650.0 3150.0 0.02111
750.0 3150.0 0.08574
850.0 3150.0 0.12596
950.0 3150.0 0.19903
1050.0 3150.0 0.29834
1150.0 3150.0 0.37311
1250.0 3150.0 0.38191
1350.0 3150.0 0.31936
1450.0 3150.0 0.21522
1550.0 3150.0 0.10599
1650.0 3150.0 -0.01697
1750.0 3150.0 -0.15648
1850.0 3150.0 -0.25409
1950.0 3150.0 -0.25814
2050.0 3150.0 -0.16627
2150.0 3150.0 -0.02736
2250.0 3150.0 0.09707
2350.0 3150.0 0.20044
2450.0 3150.0 0.28096
2550.0 3150.0 0.30098
2650.0 3150.0 0.24233
2750.0 3150.0 0.12464
2850.0 3150.0 -0.00032
2950.0 3150.0 -0.07815
3050.0 3150.0 -0.10470
3150.0 3150.0 -0.15018
3250.0 3150.0 -0.23825
3350.0 3150.0 -0.33271
3450.0 3150.0 -0.38796
3550.0 3150.0 -0.38027
3650.0 3150.0 -0.31801
3750.0 3150.0 -0.23099
3850.0 3150.0 -0.15031
3950.0 3150.0 -0.11706
4050.0 3150.0 -0.13166
4150.0 3150.0 -0.16069
4250.0 3150.0 -0.16423
4350.0 3150.0 -0.11558
4450.0 3150.0 -0.01341
4550.0 3150.0 0.11448
4650.0 3150.0 0.22609
4750.0 3150.0 0.27597
4850.0 3150.0 0.23521
4950.0 3150.0 0.11656
5050.0 3150.0 -0.02618
5150.0 3150.0 -0.12554
5250.0 3150.0 -0.15461
5350.0 3150.0 -0.14139
5450.0 3150.0 -0.04952
5550.0 3150.0 0.09383
5650.0 3150.0 0.21980
5750.0 3150.0 0.27029
5850.0 3150.0 0.22645
5950.0 3150.0 0.11313
6050.0 3150.0 -0.01843
6150.0 3150.0 -0.10311
6250.0 3150.0 -0.10576
6350.0 3150.0 -0.04117
50.0 3250.0 0.18406
150.0 3250.0 0.07427
250.0 3250.0 -0.03515
350.0 3250.0 -0.10607
450.0 3250.0 -0.10777
550.0 3250.0 -0.04476
650.0 3250.0 0.04322
750.0 3250.0 0.10915
850.0 3250.0 0.15381
950.0 3250.0 0.23588
1050.0 3250.0 0.34927
1150.0 3250.0 0.43853
1250.0 3250.0 0.45712
1350.0 3250.0 0.39715
1450.0 3250.0 0.28939
1550.0 3250.0 0.17373
1650.0 3250.0 0.04529
1750.0 3250.0 -0.09458
1850.0 3250.0 -0.18512
1950.0 3250.0 -0.17579
2050.0 3250.0 -0.06852
2150.0 3250.0 0.08227
2250.0 3250.0 0.21196
2350.0 3250.0 0.31624
2450.0 3250.0 0.38658
2550.0 3250.0 0.37876
2650.0 3250.0 0.27780
2750.0 3250.0 0.11359
2850.0 3250.0 -0.04957
2950.0 3250.0 -0.14887
3050.0 3250.0 -0.18391
3150.0 3250.0 -0.23262
3250.0 3250.0 -0.31892
3350.0 3250.0 -0.41423
3450.0 3250.0 -0.48055
3550.0 3250.0 -0.49616
3650.0 3250.0 -0.46512
3750.0 3250.0 -0.41056
3850.0 3250.0 -0.35726
3950.0 3250.0 -0.32447
4050.0 3250.0 -0.30278
4150.0 3250.0 -0.26915
4250.0 3250.0 -0.20675
4350.0 3250.0 -0.11418
4450.0 3250.0 -0.00387
4550.0 3250.0 0.10927
4650.0 3250.0 0.19874
4750.0 3250.0 0.21744
4850.0 3250.0 0.14209
4950.0 3250.0 -0.00676
5050.0 3250.0 -0.17001
5150.0 3250.0 -0.27967
5250.0 3250.0 -0.31294
5350.0 3250.0 -0.30131
5450.0 3250.0 -0.20285
5550.0 3250.0 -0.04065
5650.0 3250.0 0.11473
5750.0 3250.0 0.19828
5850.0 3250.0 0.18205
5950.0 3250.0 0.08521
6050.0 3250.0 -0.03755
6150.0 3250.0 -0.12805
6250.0 3250.0 -0.15425
6350.0 3250.0 -0.11823
50.0 3350.0 0.11684
150.0 3350.0 0.02088
250.0 3350.0 -0.07739
350.0 3350.0 -0.14207
450.0 3350.0 -0.14256
550.0 3350.0 -0.08101
650.0 3350.0 0.00671
750.0 3350.0 0.07655
850.0 3350.0 0.12837
950.0 3350.0 0.22347
1050.0 3350.0 0.35576
1150.0 3350.0 0.46281
1250.0 3350.0 0.49133
1350.0 3350.0 0.43100
1450.0 3350.0 0.31518
1550.0 3350.0 0.18881
1650.0 3350.0 0.05105
1750.0 3350.0 -0.09116
1850.0 3350.0 -0.17331
1950.0 3350.0 -0.14593
2050.0 3350.0 -0.01689
2150.0 3350.0 0.15124
2250.0 3350.0 0.28893
2350.0 3350.0 0.39622
2450.0 3350.0 0.46500
2550.0 3350.0 0.44581
2650.0 3350.0 0.32239
2750.0 3350.0 0.12866
2850.0 3350.0 -0.06320
2950.0 3350.0 -0.18299
3050.0 3350.0 -0.23036
3150.0 3350.0 -0.28009
3250.0 3350.0 -0.34929
3350.0 3350.0 -0.42293
3450.0 3350.0 -0.48115
3550.0 3350.0 -0.51275
3650.0 3350.0 -0.52008
3750.0 3350.0 -0.51534
3850.0 3350.0 -0.50948
3950.0 3350.0 -0.49812
4050.0 3350.0 -0.45969
4150.0 3350.0 -0.37891
4250.0 3350.0 -0.26145
4350.0 3350.0 -0.13306
4450.0 3350.0 -0.02304
4550.0 3350.0 0.06577
4650.0 3350.0 0.12853
4750.0 3350.0 0.12298
4850.0 3350.0 0.03144
4950.0 3350.0 -0.12334
5050.0 3350.0 -0.28559
5150.0 3350.0 -0.39423
5250.0 3350.0 -0.43115
5350.0 3350.0 -0.42578
5450.0 3350.0 -0.33506
5550.0 3350.0 -0.17662
5650.0 3350.0 -0.01575
5750.0 3350.0 0.08301
5850.0 3350.0 0.08695
5950.0 3350.0 0.00877
6050.0 3350.0 -0.09967
6150.0 3350.0 -0.19589
6250.0 3350.0 -0.25100
6350.0 3350.0 -0.24806
50.0 3450.0 0.00409
150.0 3450.0 -0.07612
250.0 3450.0 -0.16105
350.0 3450.0 -0.21723
450.0 3450.0 -0.21456
550.0 3450.0 -0.15303
650.0 3450.0 -0.06454
750.0 3450.0 0.01007
850.0 3450.0 0.06987
950.0 3450.0 0.17777
1050.0 3450.0 0.32646
1150.0 3450.0 0.44648
1250.0 3450.0 0.47882
1350.0 3450.0 0.41241
1450.0 3450.0 0.28478
1550.0 3450.0 0.14593
1650.0 3450.0 -0.00322
1750.0 3450.0 -0.15169
1850.0 3450.0 -0.23066
1950.0 3450.0 -0.19035
2050.0 3450.0 -0.04328
2150.0 3450.0 0.14046
2250.0 3450.0 0.28603
2350.0 3450.0 0.39793
2450.0 3450.0 0.47679
2550.0 3450.0 0.47159
2650.0 3450.0 0.35939
2750.0 3450.0 0.16874
2850.0 3450.0 -0.02914
2950.0 3450.0 -0.16070
3050.0 3450.0 -0.22086
3150.0 3450.0 -0.26837
3250.0 3450.0 -0.30692
3350.0 3450.0 -0.33765
3450.0 3450.0 -0.36593
3550.0 3450.0 -0.39819
3650.0 3450.0 -0.43902
3750.0 3450.0 -0.48827
3850.0 3450.0 -0.53811
3950.0 3450.0 -0.56530
4050.0 3450.0 -0.53730
4150.0 3450.0 -0.44121
4250.0 3450.0 -0.29766
4350.0 3450.0 -0.15348
4450.0 3450.0 -0.05315
4550.0 3450.0 0.00793
4650.0 3450.0 0.04738
4750.0 3450.0 0.03403
4850.0 3450.0 -0.04605
4950.0 3450.0 -0.17548
5050.0 3450.0 -0.31106
5150.0 3450.0 -0.40532
5250.0 3450.0 -0.44403
5350.0 3450.0 -0.44817
5450.0 3450.0 -0.37855
5550.0 3450.0 -0.24732
5650.0 3450.0 -0.10851
5750.0 3450.0 -0.01827
5850.0 3450.0 -0.00805
5950.0 3450.0 -0.07054
6050.0 3450.0 -0.16287
6150.0 3450.0 -0.26400
6250.0 3450.0 -0.34792
6350.0 3450.0 -0.37686
50.0 3550.0 -0.08617
150.0 3550.0 -0.15340
250.0 3550.0 -0.22819
350.0 3550.0 -0.27921
450.0 3550.0 -0.27632
550.0 3550.0 -0.21702
650.0 3550.0 -0.12933
750.0 3550.0 -0.05121
850.0 3550.0 0.01510
950.0 3550.0 0.13153
1050.0 3550.0 0.28837
1150.0 3550.0 0.41117
1250.0 3550.0 0.43832
1350.0 3550.0 0.36042
1450.0 3550.0 0.21983
1550.0 3550.0 0.07011
1650.0 3550.0 -0.08972
1750.0 3550.0 -0.24819
1850.0 3550.0 -0.33283
1950.0 3550.0 -0.29154
2050.0 3550.0 -0.13801
2150.0 3550.0 0.05353
2250.0 3550.0 0.20421
2350.0 3550.0 0.32100
2450.0 3550.0 0.41847
2550.0 3550.0 0.44797
2650.0 3550.0 0.37657
2750.0 3550.0 0.21976
2850.0 3550.0 0.03948
2950.0 3550.0 -0.09215
3050.0 3550.0 -0.16203
3150.0 3550.0 -0.20479
3250.0 3550.0 -0.20787
3350.0 3550.0 -0.18680
3450.0 3550.0 -0.17205
3550.0 3550.0 -0.18983
3650.0 3550.0 -0.25022
3750.0 3550.0 -0.34269
3850.0 3550.0 -0.44073
3950.0 3550.0 -0.51102
4050.0 3550.0 -0.51381
4150.0 3550.0 -0.43348
4250.0 3550.0 -0.29530
4350.0 3550.0 -0.15648
4450.0 3550.0 -0.07132
4550.0 3550.0 -0.03363
4650.0 3550.0 -0.00813
4750.0 3550.0 -0.01212
4850.0 3550.0 -0.05854
4950.0 3550.0 -0.14078
5050.0 3550.0 -0.23338
5150.0 3550.0 -0.30490
5250.0 3550.0 -0.34322
5350.0 3550.0 -0.35709
5450.0 3550.0 -0.31399
5550.0 3550.0 -0.22206
5650.0 3550.0 -0.12202
5750.0 3550.0 -0.05741
5850.0 3550.0 -0.05380
5950.0 3550.0 -0.10704
6050.0 3550.0 -0.18598
6150.0 3550.0 -0.29097
6250.0 3550.0 -0.39836
6350.0 3550.0 -0.45308
50.0 3650.0 -0.09532
150.0 3650.0 -0.15574
250.0 3650.0 -0.22751
350.0 3650.0 -0.28073
450.0 3650.0 -0.28407
550.0 3650.0 -0.23185
650.0 3650.0 -0.14840
750.0 3650.0 -0.06959
850.0 3650.0 0.00018
950.0 3650.0 0.11893
1050.0 3650.0 0.27401
1150.0 3650.0 0.38922
1250.0 3650.0 0.40388
1350.0 3650.0 0.31221
1450.0 3650.0 0.16082
1550.0 3650.0 0.00448
1650.0 3650.0 -0.16281
1750.0 3650.0 -0.33289
1850.0 3650.0 -0.43115
1950.0 3650.0 -0.40165
2050.0 3650.0 -0.25532
2150.0 3650.0 -0.06595
2250.0 3650.0 0.08574
2350.0 3650.0 0.20619
2450.0 3650.0 0.32310
2550.0 3650.0 0.39242
2650.0 3650.0 0.37166
2750.0 3650.0 0.26144
2850.0 3650.0 0.11101
2950.0 3650.0 -0.01206
3050.0 3650.0 -0.08657
3150.0 3650.0 -0.12407
3250.0 3650.0 -0.09846
3350.0 3650.0 -0.03408
3450.0 3650.0 0.02085
3550.0 3650.0 0.02457
3650.0 3650.0 -0.03933
3750.0 3650.0 -0.15442
3850.0 3650.0 -0.28080
3950.0 3650.0 -0.38329
4050.0 3650.0 -0.41960
4150.0 3650.0 -0.36904
4250.0 3650.0 -0.25378
4350.0 3650.0 -0.13157
4450.0 3650.0 -0.06013
4550.0 3650.0 -0.03573
4650.0 3650.0 -0.01355
4750.0 3650.0 0.00069
4850.0 3650.0 -0.00710
4950.0 3650.0 -0.04156
5050.0 3650.0 -0.09304
5150.0 3650.0 -0.14302
5250.0 3650.0 -0.17957
5350.0 3650.0 -0.20011
5450.0 3650.0 -0.17794
5550.0 3650.0 -0.11930
5650.0 3650.0 -0.05481
5750.0 3650.0 -0.01711
5850.0 3650.0 -0.02521
5950.0 3650.0 -0.07585
6050.0 3650.0 -0.14739
6150.0 3650.0 -0.25547
6250.0 3650.0 -0.37837
6350.0 3650.0 -0.45087
50.0 3750.0 -0.01326
150.0 3750.0 -0.07300
250.0 3750.0 -0.14882
350.0 3750.0 -0.21153
450.0 3750.0 -0.22746
550.0 3750.0 -0.18712
650.0 3750.0 -0.11132
750.0 3750.0 -0.03460
850.0 3750.0 0.03568
950.0 3750.0 0.15172
1050.0 3750.0 0.29813
1150.0 3750.0 0.39964
1250.0 3750.0 0.39899
1350.0 3750.0 0.29464
1450.0 3750.0 0.13619
1550.0 3750.0 -0.02230
1650.0 3750.0 -0.19329
1750.0 3750.0 -0.37426
1850.0 3750.0 -0.49001
1950.0 3750.0 -0.48022
2050.0 3750.0 -0.35044
2150.0 3750.0 -0.17062
2250.0 3750.0 -0.02128
2350.0 3750.0 0.10098
2450.0 3750.0 0.23190
2550.0 3750.0 0.33200
2650.0 3750.0 0.35239
2750.0 3750.0 0.28225
2850.0 3750.0 0.15995
2950.0 3750.0 0.04802
3050.0 3750.0 -0.02663
3150.0 3750.0 -0.06016
3250.0 3750.0 -0.01860
3350.0 3750.0 0.07091
3450.0 3750.0 0.15220
3550.0 3750.0 0.17520
3650.0 3750.0 0.11857
3750.0 3750.0 0.00014
3850.0 3750.0 -0.13375
3950.0 3750.0 -0.25043
4050.0 3750.0 -0.30826
4150.0 3750.0 -0.28243
4250.0 3750.0 -0.18944
4350.0 3750.0 -0.08267
4450.0 3750.0 -0.01880
4550.0 3750.0 0.00246
4650.0 3750.0 0.02835
4750.0 3750.0 0.05955
4850.0 3750.0 0.08001
4950.0 3750.0 0.07744
5050.0 3750.0 0.05204
5150.0 3750.0 0.01564
5250.0 3750.0 -0.01898
5350.0 3750.0 -0.04194
5450.0 3750.0 -0.02907
5550.0 3750.0 0.01358
5650.0 3750.0 0.05963
5750.0 3750.0 0.08182
5850.0 3750.0 0.06504
5950.0 3750.0 0.01303
6050.0 3750.0 -0.05702
6150.0 3750.0 -0.16797
6250.0 3750.0 -0.29982
6350.0 3750.0 -0.38410
50.0 3850.0 0.08778
150.0 3850.0 0.02933
250.0 3850.0 -0.05024
350.0 3850.0 -0.12288
450.0 3850.0 -0.15273
550.0 3850.0 -0.12616
650.0 3850.0 -0.05985
750.0 3850.0 0.01352
850.0 3850.0 0.08348
950.0 3850.0 0.19632
1050.0 3850.0 0.33464
1150.0 3850.0 0.42464
1250.0 3850.0 0.41225
1350.0 3850.0 0.29920
1450.0 3850.0 0.13692
1550.0 3850.0 -0.02166
1650.0 3850.0 -0.19475
1750.0 3850.0 -0.38659
1850.0 3850.0 -0.52264
1950.0 3850.0 -0.53830
2050.0 3850.0 -0.43234
2150.0 3850.0 -0.26861
2250.0 3850.0 -0.12580
2350.0 3850.0 -0.00498
2450.0 3850.0 0.13476
2550.0 3850.0 0.25875
2650.0 3850.0 0.31384
2750.0 3850.0 0.27968
2850.0 3850.0 0.18441
2950.0 3850.0 0.08473
3050.0 3850.0 0.01175
3150.0 3850.0 -0.01828
3250.0 3850.0 0.03426
3350.0 3850.0 0.14183
3450.0 3850.0 0.24425
3550.0 3850.0 0.28590
3650.0 3850.0 0.24106
3750.0 3850.0 0.12711
3850.0 3850.0 -0.00591
3950.0 3850.0 -0.12961
4050.0 3850.0 -0.20439
4150.0 3850.0 -0.20157
4250.0 3850.0 -0.13091
4350.0 3850.0 -0.03929
4450.0 3850.0 0.01944
4550.0 3850.0 0.04166
4650.0 3850.0 0.07289
4750.0 3850.0 0.11753
4850.0 3850.0 0.15827
4950.0 3850.0 0.17811
5050.0 3850.0 0.17154
5150.0 3850.0 0.14631
5250.0 3850.0 0.11580
5350.0 3850.0 0.09475
5450.0 3850.0 0.10662
5550.0 3850.0 0.14433
5650.0 3850.0 0.18246
5750.0 3850.0 0.19617
5850.0 3850.0 0.17312
5950.0 3850.0 0.11857
6050.0 3850.0 0.04783
6150.0 3850.0 -0.06615
6250.0 3850.0 -0.20544
6350.0 3850.0 -0.30113
50.0 3950.0 0.13052
150.0 3950.0 0.08740
250.0 3950.0 0.01788
350.0 3950.0 -0.05469
450.0 3950.0 -0.09500
550.0 3950.0 -0.08476
650.0 3950.0 -0.03263
750.0 3950.0 0.03494
850.0 3950.0 0.10482
950.0 3950.0 0.21846
1050.0 3950.0 0.35940
1150.0 3950.0 0.45442
1250.0 3950.0 0.44888
1350.0 3950.0 0.34297
1450.0 3950.0 0.18640
1550.0 3950.0 0.03174
1650.0 3950.0 -0.14028
1750.0 3950.0 -0.34195
1850.0 3950.0 -0.50425
1950.0 3950.0 -0.56054
2050.0 3950.0 -0.50037
2150.0 3950.0 -0.37525
2250.0 3950.0 -0.25664
2350.0 3950.0 -0.15216
2450.0 3950.0 -0.01966
2550.0 3950.0 0.11453
2650.0 3950.0 0.19763
2750.0 3950.0 0.20109
2850.0 3950.0 0.13962
2950.0 3950.0 0.05850
3050.0 3950.0 -0.00958
3150.0 3950.0 -0.03577
3250.0 3950.0 0.02396
3350.0 3950.0 0.14506
3450.0 3950.0 0.26759
3550.0 3950.0 0.33277
3650.0 3950.0 0.30980
3750.0 3950.0 0.21290
3850.0 3950.0 0.09258
3950.0 3950.0 -0.03287
4050.0 3950.0 -0.12885
4150.0 3950.0 -0.16082
4250.0 3950.0 -0.12614
4350.0 3950.0 -0.05845
4450.0 3950.0 -0.00457
4550.0 3950.0 0.02458
4650.0 3950.0 0.06137
4750.0 3950.0 0.10928
4850.0 3950.0 0.15423
4950.0 3950.0 0.18229
5050.0 3950.0 0.18883
5150.0 3950.0 0.18001
5250.0 3950.0 0.16669
5350.0 3950.0 0.16381
5450.0 3950.0 0.19540
5550.0 3950.0 0.24917
5650.0 3950.0 0.29460
5750.0 3950.0 0.30628
5850.0 3950.0 0.27637
5950.0 3950.0 0.21622
6050.0 3950.0 0.14242
6150.0 3950.0 0.02611
6250.0 3950.0 -0.11837
6350.0 3950.0 -0.22679
50.0 4050.0 0.09787
150.0 4050.0 0.08723
250.0 4050.0 0.04480
350.0 4050.0 -0.01514
450.0 4050.0 -0.06129
550.0 4050.0 -0.07009
650.0 4050.0 -0.03763
750.0 4050.0 0.02128
850.0 4050.0 0.09123
950.0 4050.0 0.20893
1050.0 4050.0 0.36145
1150.0 4050.0 0.47570
1250.0 4050.0 0.49349
1350.0 4050.0 0.40929
1450.0 4050.0 0.26782
1550.0 4050.0 0.12162
1650.0 4050.0 -0.04309
1750.0 4050.0 -0.24367
1850.0 4050.0 -0.42249
1950.0 4050.0 -0.51790
2050.0 4050.0 -0.51271
2150.0 4050.0 -0.44301
2250.0 4050.0 -0.36711
2350.0 4050.0 -0.29737
2450.0 4050.0 -0.19430
2550.0 4050.0 -0.07261
2650.0 4050.0 0.02219
2750.0 4050.0 0.05718
2850.0 4050.0 0.03190
2950.0 4050.0 -0.02551
3050.0 4050.0 -0.08501
3150.0 4050.0 -0.10864
3250.0 4050.0 -0.05203
3350.0 4050.0 0.06781
3450.0 4050.0 0.19880
3550.0 4050.0 0.28473
3650.0 4050.0 0.29100
3750.0 4050.0 0.22530
3850.0 4050.0 0.13268
3950.0 4050.0 0.01573
4050.0 4050.0 -0.09885
4150.0 4050.0 -0.16992
4250.0 4050.0 -0.17830
4350.0 4050.0 -0.13868
4450.0 4050.0 -0.08683
4550.0 4050.0 -0.04336
4650.0 4050.0 -0.00181
4750.0 4050.0 0.03395
4850.0 4050.0 0.05893
4950.0 4050.0 0.07298
5050.0 4050.0 0.08173
5150.0 4050.0 0.09367
5250.0 4050.0 0.11316
5350.0 4050.0 0.14763
5450.0 4050.0 0.22100
5550.0 4050.0 0.31041
5650.0 4050.0 0.37432
5750.0 4050.0 0.38516
5850.0 4050.0 0.34335
5950.0 4050.0 0.27249
6050.0 4050.0 0.19295
6150.0 4050.0 0.07849
6250.0 4050.0 -0.06019
6350.0 4050.0 -0.17115
50.0 4150.0 0.01625
150.0 4150.0 0.04800
250.0 4150.0 0.04270
350.0 4150.0 0.00308
450.0 4150.0 -0.04568
550.0 4150.0 -0.07457
650.0 4150.0 -0.06459
750.0 4150.0 -0.01588
850.0 4150.0 0.05411
950.0 4150.0 0.17561
1050.0 4150.0 0.33944
1150.0 4150.0 0.47325
1250.0 4150.0 0.51569
1350.0 4150.0 0.45535
1450.0 4150.0 0.33139
1550.0 4150.0 0.19586
1650.0 4150.0 0.04513
1750.0 4150.0 -0.13526
1850.0 4150.0 -0.30272
1950.0 4150.0 -0.40995
2050.0 4150.0 -0.44188
2150.0 4150.0 -0.42323
2250.0 4150.0 -0.39669
2350.0 4150.0 -0.37262
2450.0 4150.0 -0.31525
2550.0 4150.0 -0.22697
2650.0 4150.0 -0.14059
2750.0 4150.0 -0.08827
2850.0 4150.0 -0.08373
2950.0 4150.0 -0.11779
3050.0 4150.0 -0.16695
3150.0 4150.0 -0.19098
3250.0 4150.0 -0.15093
3350.0 4150.0 -0.05307
3450.0 4150.0 0.06590
3550.0 4150.0 0.15946
3650.0 4150.0 0.19274
3750.0 4150.0 0.16492
3850.0 4150.0 0.10937
3950.0 4150.0 0.01186
4050.0 4150.0 -0.10958
4150.0 4150.0 -0.20895
4250.0 4150.0 -0.25184
4350.0 4150.0 -0.23404
4450.0 4150.0 -0.17931
4550.0 4150.0 -0.11714
4650.0 4150.0 -0.07268
4750.0 4150.0 -0.06194
4850.0 4150.0 -0.07688
4950.0 4150.0 -0.09617
5050.0 4150.0 -0.09667
5150.0 4150.0 -0.06415
5250.0 4150.0 -0.00332
5350.0 4150.0 0.07869
5450.0 4150.0 0.20231
5550.0 4150.0 0.33078
5650.0 4150.0 0.40989
5750.0 4150.0 0.41175
5850.0 4150.0 0.34948
5950.0 4150.0 0.26311
6050.0 4150.0 0.17656
6150.0 4150.0 0.07073
6250.0 4150.0 -0.04491
6350.0 4150.0 -0.13700
50.0 4250.0 -0.06443
150.0 4250.0 0.00769
250.0 4250.0 0.03779
350.0 4250.0 0.01761
450.0 4250.0 -0.03349
550.0 4250.0 -0.08136
650.0 4250.0 -0.09270
750.0 4250.0 -0.05367
850.0 4250.0 0.01614
950.0 4250.0 0.13788
1050.0 4250.0 0.30380
1150.0 4250.0 0.44372
1250.0 4250.0 0.49658
1350.0 4250.0 0.44898
1450.0 4250.0 0.33689
1550.0 4250.0 0.21088
1650.0 4250.0 0.07796
1750.0 4250.0 -0.06448
1850.0 4250.0 -0.18843
1950.0 4250.0 -0.26824
2050.0 4250.0 -0.30157
2150.0 4250.0 -0.31087
2250.0 4250.0 -0.32545
2350.0 4250.0 -0.34525
2450.0 4250.0 -0.33606
2550.0 4250.0 -0.29017
2650.0 4250.0 -0.22624
2750.0 4250.0 -0.17182
2850.0 4250.0 -0.14930
2950.0 4250.0 -0.16562
3050.0 4250.0 -0.20543
3150.0 4250.0 -0.23302
3250.0 4250.0 -0.21951
3350.0 4250.0 -0.16002
3450.0 4250.0 -0.07219
3550.0 4250.0 0.01213
3650.0 4250.0 0.06182
3750.0 4250.0 0.06793
3850.0 4250.0 0.04872
3950.0 4250.0 -0.02309
4050.0 4250.0 -0.13636
4150.0 4250.0 -0.24368
4250.0 4250.0 -0.30133
4350.0 4250.0 -0.29197
4450.0 4250.0 -0.22981
4550.0 4250.0 -0.14962
4650.0 4250.0 -0.10425
4750.0 4250.0 -0.12257
4850.0 4250.0 -0.18349
4950.0 4250.0 -0.24313
5050.0 4250.0 -0.25930
5150.0 4250.0 -0.21074
5250.0 4250.0 -0.11120
5350.0 4250.0 0.01476
5450.0 4250.0 0.17959
5550.0 4250.0 0.33292
5650.0 4250.0 0.41139
5750.0 4250.0 0.39094
5850.0 4250.0 0.30038
5950.0 4250.0 0.19635
6050.0 4250.0 0.10351
6150.0 4250.0 0.01234
6250.0 4250.0 -0.06533
6350.0 4250.0 -0.11658
50.0 4350.0 -0.09396
150.0 4350.0 0.00545
250.0 4350.0 0.05819
350.0 4350.0 0.04839
450.0 4350.0 -0.00794
550.0 4350.0 -0.07210
650.0 4350.0 -0.10017
750.0 4350.0 -0.06849
850.0 4350.0 0.00085
950.0 4350.0 0.11782
1050.0 4350.0 0.27257
1150.0 4350.0 0.39843
1250.0 4350.0 0.43946
1350.0 4350.0 0.38605
1450.0 4350.0 0.27511
1550.0 4350.0 0.15464
1650.0 4350.0 0.03842
1750.0 4350.0 -0.05935
1850.0 4350.0 -0.12085
1950.0 4350.0 -0.14320
2050.0 4350.0 -0.14351
2150.0 4350.0 -0.15128
2250.0 4350.0 -0.18808
2350.0 4350.0 -0.23802
2450.0 4350.0 -0.26412
2550.0 4350.0 -0.25255
2650.0 4350.0 -0.21129
2750.0 4350.0 -0.16270
2850.0 4350.0 -0.13319
2950.0 4350.0 -0.13967
3050.0 4350.0 -0.17335
3150.0 4350.0 -0.20614
3250.0 4350.0 -0.22017
3350.0 4350.0 -0.20213
3450.0 4350.0 -0.15280
3550.0 4350.0 -0.08919
3650.0 4350.0 -0.03639
3750.0 4350.0 -0.00898
3850.0 4350.0 -0.00243
3950.0 4350.0 -0.05043
4050.0 4350.0 -0.14540
4150.0 4350.0 -0.24168
4250.0 4350.0 -0.29375
4350.0 4350.0 -0.27944
4450.0 4350.0 -0.20813
4550.0 4350.0 -0.11544
4650.0 4350.0 -0.07017
4750.0 4350.0 -0.11046
4850.0 4350.0 -0.20600
4950.0 4350.0 -0.29665
5050.0 4350.0 -0.32626
5150.0 4350.0 -0.26817
5250.0 4350.0 -0.14244
5350.0 4350.0 0.01178
5450.0 4350.0 0.19593
5550.0 4350.0 0.34979
5650.0 4350.0 0.40760
5750.0 4350.0 0.35351
5850.0 4350.0 0.23182
5950.0 4350.0 0.11187
6050.0 4350.0 0.01511
6150.0 4350.0 -0.05943
6250.0 4350.0 -0.09469
6350.0 4350.0 -0.09452
50.0 4450.0 -0.04828
150.0 4450.0 0.06088
250.0 4450.0 0.11893
350.0 4450.0 0.10681
450.0 4450.0 0.04072
550.0 4450.0 -0.03679
650.0 4450.0 -0.07587
750.0 4450.0 -0.04855
850.0 4450.0 0.02010
950.0 4450.0 0.12822
1050.0 4450.0 0.26075
1150.0 4450.0 0.35529
1250.0 4450.0 0.36478
1350.0 4450.0 0.28850
1450.0 4450.0 0.16806
1550.0 4450.0 0.04834
1650.0 4450.0 -0.05649
1750.0 4450.0 -0.11635
1850.0 4450.0 -0.11757
1950.0 4450.0 -0.07483
2050.0 4450.0 -0.02468
2150.0 4450.0 -0.00883
2250.0 4450.0 -0.04753
2350.0 4450.0 -0.10889
2450.0 4450.0 -0.14875
2550.0 4450.0 -0.15104
2650.0 4450.0 -0.11949
2750.0 4450.0 -0.07422
2850.0 4450.0 -0.04283
2950.0 4450.0 -0.04591
3050.0 4450.0 -0.07734
3150.0 4450.0 -0.11482
3250.0 4450.0 -0.14844
3350.0 4450.0 -0.16097
3450.0 4450.0 -0.14298
3550.0 4450.0 -0.10122
3650.0 4450.0 -0.05512
3750.0 4450.0 -0.02142
3850.0 4450.0 -0.00419
3950.0 4450.0 -0.03713
4050.0 4450.0 -0.11287
4150.0 4450.0 -0.18910
4250.0 4450.0 -0.22396
4350.0 4450.0 -0.19746
4450.0 4450.0 -0.11875
4550.0 4450.0 -0.02107
4650.0 4450.0 0.02443
4750.0 4450.0 -0.02344
4850.0 4450.0 -0.13096
4950.0 4450.0 -0.23213
5050.0 4450.0 -0.26584
5150.0 4450.0 -0.20360
5250.0 4450.0 -0.06782
5350.0 4450.0 0.09475
5450.0 4450.0 0.27418
5550.0 4450.0 0.40578
5650.0 4450.0 0.42811
5750.0 4450.0 0.33611
5850.0 4450.0 0.18648
5950.0 4450.0 0.05521
6050.0 4450.0 -0.04265
6150.0 4450.0 -0.10329
6250.0 4450.0 -0.10362
6350.0 4450.0 -0.05705
50.0 4550.0 0.04448
150.0 4550.0 0.15327
250.0 4550.0 0.20671
350.0 4550.0 0.18501
450.0 4550.0 0.10645
550.0 4550.0 0.01703
650.0 4550.0 -0.03017
750.0 4550.0 -0.00595
850.0 4550.0 0.06149
950.0 4550.0 0.15872
1050.0 4550.0 0.26425
1150.0 4550.0 0.32032
1250.0 4550.0 0.29025
1350.0 4550.0 0.18415
1450.0 4550.0 0.04980
1550.0 4550.0 -0.07134
1650.0 4550.0 -0.16853
1750.0 4550.0 -0.19871
1850.0 4550.0 -0.14894
1950.0 4550.0 -0.04656
2050.0 4550.0 0.05530
2150.0 4550.0 0.10197
2250.0 4550.0 0.07140
2350.0 4550.0 0.00939
2450.0 4550.0 -0.03087
2550.0 4550.0 -0.03287
2650.0 4550.0 -0.00033
2750.0 4550.0 0.04628
2850.0 4550.0 0.07885
2950.0 4550.0 0.07634
3050.0 4550.0 0.04490
3150.0 4550.0 0.00386
3250.0 4550.0 -0.04164
3350.0 4550.0 -0.07325
3450.0 4550.0 -0.07660
3550.0 4550.0 -0.05245
3650.0 4550.0 -0.01599
3750.0 4550.0 0.01585
3850.0 4550.0 0.03464
3950.0 4550.0 0.00967
4050.0 4550.0 -0.05045
4150.0 4550.0 -0.10684
4250.0 4550.0 -0.12309
4350.0 4550.0 -0.08407
4450.0 4550.0 -0.00075
4550.0 4550.0 0.09709
4650.0 4550.0 0.14325
4750.0 4550.0 0.09772
4850.0 4550.0 -0.00591
4950.0 4550.0 -0.10251
5050.0 4550.0 -0.13221
5150.0 4550.0 -0.06748
5250.0 4550.0 0.06927
5350.0 4550.0 0.22897
5450.0 4550.0 0.39139
5550.0 4550.0 0.49058
5650.0 4550.0 0.47256
5750.0 4550.0 0.34351
5850.0 4550.0 0.16987
5950.0 4550.0 0.03056
6050.0 4550.0 -0.06691
6150.0 4550.0 -0.11685
6250.0 4550.0 -0.09039
6350.0 4550.0 -0.00570
50.0 4650.0 0.16685
150.0 4650.0 0.27549
250.0 4650.0 0.32853
350.0 4650.0 0.30349
450.0 4650.0 0.21657
550.0 4650.0 0.11423
650.0 4650.0 0.05252
750.0 4650.0 0.06403
850.0 4650.0 0.11978
950.0 4650.0 0.19477
1050.0 4650.0 0.26492
1150.0 4650.0 0.28250
1250.0 4650.0 0.22282
1350.0 4650.0 0.10310
1450.0 4650.0 -0.02962
1550.0 4650.0 -0.14111
1650.0 4650.0 -0.22104
1750.0 4650.0 -0.21496
1850.0 4650.0 -0.11423
1950.0 4650.0 0.04031
2050.0 4650.0 0.18184
2150.0 4650.0 0.24826
2250.0 4650.0 0.21988
2350.0 4650.0 0.15384
2450.0 4650.0 0.10697
2550.0 4650.0 0.09484
2650.0 4650.0 0.11492
2750.0 4650.0 0.14910
2850.0 4650.0 0.17160
2950.0 4650.0 0.16256
3050.0 4650.0 0.12702
3150.0 4650.0 0.08234
3250.0 4650.0 0.03380
3350.0 4650.0 -0.00016
3450.0 4650.0 -0.00538
3550.0 4650.0 0.01690
3650.0 4650.0 0.05099
3750.0 4650.0 0.07983
3850.0 4650.0 0.09651
3950.0 4650.0 0.07496
4050.0 4650.0 0.02303
4150.0 4650.0 -0.02505
4250.0 4650.0 -0.03750
4350.0 4650.0 -0.00143
4450.0 4650.0 0.07316
4550.0 4650.0 0.16005
4650.0 4650.0 0.19980
4750.0 4650.0 0.15891
4850.0 4650.0 0.07184
4950.0 4650.0 -0.00119
5050.0 4650.0 -0.00880
5150.0 4650.0 0.06855
5250.0 4650.0 0.20716
5350.0 4650.0 0.36323
5450.0 4650.0 0.51017
5550.0 4650.0 0.58083
5650.0 4650.0 0.52744
5750.0 4650.0 0.36557
5850.0 4650.0 0.16997
5950.0 4650.0 0.02217
6050.0 4650.0 -0.07649
6150.0 4650.0 -0.11652
6250.0 4650.0 -0.06215
6350.0 4650.0 0.06398
50.0 4750.0 0.30025
150.0 4750.0 0.41064
250.0 4750.0 0.47439
350.0 4750.0 0.46220
450.0 4750.0 0.37918
550.0 4750.0 0.26547
650.0 4750.0 0.17890
750.0 4750.0 0.15967
850.0 4750.0 0.18357
950.0 4750.0 0.21600
1050.0 4750.0 0.23866
1150.0 4750.0 0.22371
1250.0 4750.0 0.16011
1350.0 4750.0 0.06315
1450.0 4750.0 -0.03523
1550.0 4750.0 -0.11510
1650.0 4750.0 -0.15989
1750.0 4750.0 -0.10917
1850.0 4750.0 0.03426
1950.0 4750.0 0.21602
2050.0 4750.0 0.36408
2150.0 4750.0 0.42203
2250.0 4750.0 0.38146
2350.0 4750.0 0.30384
2450.0 4750.0 0.24008
2550.0 4750.0 0.20347
2650.0 4750.0 0.19410
2750.0 4750.0 0.19889
2850.0 4750.0 0.19705
2950.0 4750.0 0.17125
3050.0 4750.0 0.12427
3150.0 4750.0 0.07479
3250.0 4750.0 0.03648
3350.0 4750.0 0.02653
3450.0 4750.0 0.05063
3550.0 4750.0 0.09655
3650.0 4750.0 0.14025
3750.0 4750.0 0.16424
3850.0 4750.0 0.17317
3950.0 4750.0 0.14987
4050.0 4750.0 0.09779
4150.0 4750.0 0.04298
4250.0 4750.0 0.01239
4350.0 4750.0 0.02021
4450.0 4750.0 0.06229
4550.0 4750.0 0.11730
4650.0 4750.0 0.13489
4750.0 4750.0 0.09633
4850.0 4750.0 0.03997
4950.0 4750.0 0.01641
5050.0 4750.0 0.05768
5150.0 4750.0 0.16373
5250.0 4750.0 0.30636
5350.0 4750.0 0.45928
5450.0 4750.0 0.59829
5550.0 4750.0 0.65504
5650.0 4750.0 0.58367
5750.0 4750.0 0.40364
5850.0 4750.0 0.19380
5950.0 4750.0 0.03758
6050.0 4750.0 -0.06571
6150.0 4750.0 -0.10022
6250.0 4750.0 -0.02285
6350.0 4750.0 0.14069
50.0 4850.0 0.38070
150.0 4850.0 0.49485
250.0 4850.0 0.58070
350.0 4850.0 0.59910
450.0 4850.0 0.53577
550.0 4850.0 0.41745
650.0 4850.0 0.30139
750.0 4850.0 0.23833
850.0 4850.0 0.21450
950.0 4850.0 0.19041
1050.0 4850.0 0.16157
1150.0 4850.0 0.12700
1250.0 4850.0 0.08839
1350.0 4850.0 0.04962
1450.0 4850.0 0.01469
1550.0 4850.0 -0.01564
1650.0 4850.0 -0.01313
1750.0 4850.0 0.08034
1850.0 4850.0 0.24498
1950.0 4850.0 0.41648
2050.0 4850.0 0.52923
2150.0 4850.0 0.54684
2250.0 4850.0 0.47995
2350.0 4850.0 0.38529
2450.0 4850.0 0.30166
2550.0 4850.0 0.24098
2650.0 4850.0 0.20475
2750.0 4850.0 0.18267
2850.0 4850.0 0.15673
2950.0 4850.0 0.11105
3050.0 4850.0 0.04724
3150.0 4850.0 -0.00921
3250.0 4850.0 -0.03092
3350.0 4850.0 -0.00268
3450.0 4850.0 0.06787
3550.0 4850.0 0.15133
3650.0 4850.0 0.21053
3750.0 4850.0 0.22738
3850.0 4850.0 0.22469
3950.0 4850.0 0.19953
4050.0 4850.0 0.14888
4150.0 4850.0 0.08601
4250.0 4850.0 0.02994
4350.0 4850.0 -0.00370
4450.0 4850.0 -0.01041
4550.0 4850.0 -0.00390
4650.0 4850.0 -0.02393
4750.0 4850.0 -0.07038
4850.0 4850.0 -0.09745
4950.0 4850.0 -0.06462
5050.0 4850.0 0.03592
5150.0 4850.0 0.17781
5250.0 4850.0 0.32517
5350.0 4850.0 0.47630
5450.0 4850.0 0.61830
5550.0 4850.0 0.68189
5650.0 4850.0 0.61760
5750.0 4850.0 0.44127
5850.0 4850.0 0.22984
5950.0 4850.0 0.06742
6050.0 4850.0 -0.04352
6150.0 4850.0 -0.08107
6250.0 4850.0 0.00279
6350.0 4850.0 0.18259
50.0 4950.0 0.36420
150.0 4950.0 0.48323
250.0 4950.0 0.59732
350.0 4950.0 0.65705
450.0 4950.0 0.62535
550.0 4950.0 0.51159
650.0 4950.0 0.36992
750.0 4950.0 0.26169
850.0 4950.0 0.18673
950.0 4950.0 0.10593
1050.0 4950.0 0.03243
1150.0 4950.0 -0.00762
1250.0 4950.0 -0.00294
1350.0 4950.0 0.03354
1450.0 4950.0 0.07303
1550.0 4950.0 0.09696
1650.0 4950.0 0.14672
1750.0 4950.0 0.27078
1850.0 4950.0 0.43119
1950.0 4950.0 0.55955
2050.0 4950.0 0.60609
2150.0 4950.0 0.56313
2250.0 4950.0 0.46299
2350.0 4950.0 0.35071
2450.0 4950.0 0.25370
2550.0 4950.0 0.18525
2650.0 4950.0 0.14487
2750.0 4950.0 0.11851
2850.0 4950.0 0.08448
2950.0 4950.0 0.02507
3050.0 4950.0 -0.05618
3150.0 4950.0 -0.12180
3250.0 4950.0 -0.13119
3350.0 4950.0 -0.07084
3450.0 4950.0 0.03957
3550.0 4950.0 0.15494
3650.0 4950.0 0.22602
3750.0 4950.0 0.23408
3850.0 4950.0 0.21968
3950.0 4950.0 0.19818
4050.0 4950.0 0.16062
4150.0 4950.0 0.10399
4250.0 4950.0 0.03465
4350.0 4950.0 -0.03400
4450.0 4950.0 -0.08963
4550.0 4950.0 -0.13539
4650.0 4950.0 -0.20063
4750.0 4950.0 -0.26880
4850.0 4950.0 -0.28438
4950.0 4950.0 -0.21238
5050.0 4950.0 -0.06515
5150.0 4950.0 0.10646
5250.0 4950.0 0.25734
5350.0 4950.0 0.40833
5450.0 4950.0 0.56257
5550.0 4950.0 0.65030
5650.0 4950.0 0.61426
5750.0 4950.0 0.46067
5850.0 4950.0 0.25958
5950.0 4950.0 0.09440
6050.0 4950.0 -0.02532
6150.0 4950.0 -0.07483
6250.0 4950.0 -0.00554
6350.0 4950.0 0.16099
50.0 5050.0 0.25924
150.0 5050.0 0.38282
250.0 5050.0 0.52290
350.0 5050.0 0.62218
450.0 5050.0 0.62390
550.0 5050.0 0.52135
650.0 5050.0 0.36423
750.0 5050.0 0.22169
850.0 5050.0 0.10620
950.0 5050.0 -0.01794
1050.0 5050.0 -0.12234
1150.0 5050.0 -0.15999
1250.0 5050.0 -0.11381
1350.0 5050.0 -0.01204
1450.0 5050.0 0.08930
1550.0 5050.0 0.15678
1650.0 5050.0 0.24187
1750.0 5050.0 0.38076
1850.0 5050.0 0.52115
1950.0 5050.0 0.59547
2050.0 5050.0 0.57200
2150.0 5050.0 0.47030
2250.0 5050.0 0.34070
2350.0 5050.0 0.21536
2450.0 5050.0 0.11723
2550.0 5050.0 0.06419
2650.0 5050.0 0.04997
2750.0 5050.0 0.04955
2850.0 5050.0 0.03032
2950.0 5050.0 -0.03087
3050.0 5050.0 -0.12518
3150.0 5050.0 -0.20103
3250.0 5050.0 -0.21054
3350.0 5050.0 -0.14071
3450.0 5050.0 -0.01672
3550.0 5050.0 0.10887
3650.0 5050.0 0.18085
3750.0 5050.0 0.17993
3850.0 5050.0 0.15752
3950.0 5050.0 0.14775
4050.0 5050.0 0.13858
4150.0 5050.0 0.11016
4250.0 5050.0 0.05237
4350.0 5050.0 -0.02904
4450.0 5050.0 -0.11788
4550.0 5050.0 -0.20514
4650.0 5050.0 -0.31143
4750.0 5050.0 -0.41138
4850.0 5050.0 -0.43976
4950.0 5050.0 -0.36026
5050.0 5050.0 -0.19470
5150.0 5050.0 -0.00919
5250.0 5050.0 0.14277
5350.0 5050.0 0.29469
5450.0 5050.0 0.46386
5550.0 5050.0 0.58049
5650.0 5050.0 0.57884
5750.0 5050.0 0.45418
5850.0 5050.0 0.26825
5950.0 5050.0 0.10314
6050.0 5050.0 -0.02401
6150.0 5050.0 -0.09001
6250.0 5050.0 -0.04965
6350.0 5050.0 0.08158
50.0 5150.0 0.11944
150.0 5150.0 0.24590
250.0 5150.0 0.40225
350.0 5150.0 0.52735
450.0 5150.0 0.55300
550.0 5150.0 0.46234
650.0 5150.0 0.30117
750.0 5150.0 0.14221
850.0 5150.0 0.00575
950.0 5150.0 -0.14120
1050.0 5150.0 -0.26259
1150.0 5150.0 -0.30043
1250.0 5150.0 -0.23426
1350.0 5150.0 -0.09982
1450.0 5150.0 0.03300
1550.0 5150.0 0.12295
1650.0 5150.0 0.22530
1750.0 5150.0 0.36755
1850.0 5150.0 0.49008
1950.0 5150.0 0.52753
2050.0 5150.0 0.46002
2150.0 5150.0 0.32317
2250.0 5150.0 0.17698
2350.0 5150.0 0.04604
2450.0 5150.0 -0.04122
2550.0 5150.0 -0.06039
2650.0 5150.0 -0.02570
2750.0 5150.0 0.02249
2850.0 5150.0 0.03640
2950.0 5150.0 -0.01471
3050.0 5150.0 -0.11481
3150.0 5150.0 -0.20026
3250.0 5150.0 -0.22435
3350.0 5150.0 -0.17318
3450.0 5150.0 -0.06877
3550.0 5150.0 0.03986
3650.0 5150.0 0.09977
3750.0 5150.0 0.09132
3850.0 5150.0 0.06657
3950.0 5150.0 0.07513
4050.0 5150.0 0.10564
4150.0 5150.0 0.12412
4250.0 5150.0 0.10306
4350.0 5150.0 0.03604
4450.0 5150.0 -0.06201
4550.0 5150.0 -0.17052
4650.0 5150.0 -0.30379
4750.0 5150.0 -0.43657
4850.0 5150.0 -0.49640
4950.0 5150.0 -0.43980
5050.0 5150.0 -0.28608
5150.0 5150.0 -0.10441
5250.0 5150.0 0.04615
5350.0 5150.0 0.19891
5450.0 5150.0 0.37763
5550.0 5150.0 0.51262
5650.0 5150.0 0.53294
5750.0 5150.0 0.42705
5850.0 5150.0 0.25139
5950.0 5150.0 0.08711
6050.0 5150.0 -0.04427
6150.0 5150.0 -0.12449
6250.0 5150.0 -0.11324
6350.0 5150.0 -0.02047
50.0 5250.0 -0.00367
150.0 5250.0 0.12384
250.0 5250.0 0.28590
350.0 5250.0 0.42094
450.0 5250.0 0.45750
550.0 5250.0 0.37507
650.0 5250.0 0.21716
750.0 5250.0 0.05664
850.0 5250.0 -0.08363
950.0 5250.0 -0.23699
1050.0 5250.0 -0.36741
1150.0 5250.0 -0.41399
1250.0 5250.0 -0.35333
1350.0 5250.0 -0.22003
1450.0 5250.0 -0.08498
1550.0 5250.0 0.00848
1650.0 5250.0 0.11371
1750.0 5250.0 0.25579
1850.0 5250.0 0.37381
1950.0 5250.0 0.40315
2050.0 5250.0 0.32646
2150.0 5250.0 0.18254
2250.0 5250.0 0.03317
2350.0 5250.0 -0.09715
2450.0 5250.0 -0.16697
2550.0 5250.0 -0.14500
2650.0 5250.0 -0.05371
2750.0 5250.0 0.05079
2850.0 5250.0 0.10513
2950.0 5250.0 0.07071
3050.0 5250.0 -0.02911
3150.0 5250.0 -0.12264
3250.0 5250.0 -0.17088
3350.0 5250.0 -0.15800
3450.0 5250.0 -0.09655
3550.0 5250.0 -0.02396
3650.0 5250.0 0.01519
3750.0 5250.0 0.00114
3850.0 5250.0 -0.02139
3950.0 5250.0 0.00822
4050.0 5250.0 0.08204
4150.0 5250.0 0.15578
4250.0 5250.0 0.18590
4350.0 5250.0 0.15195
4450.0 5250.0 0.06388
4550.0 5250.0 -0.04802
4650.0 5250.0 -0.19359
4750.0 5250.0 -0.35367
4850.0 5250.0 -0.45168
4950.0 5250.0 -0.43430
5050.0 5250.0 -0.31069
5150.0 5250.0 -0.14419
5250.0 5250.0 0.00355
5350.0 5250.0 0.15633
5450.0 5250.0 0.33608
5550.0 5250.0 0.47308
5650.0 5250.0 0.49577
5750.0 5250.0 0.39182
5850.0 5250.0 0.21710
5950.0 5250.0 0.05268
6050.0 5250.0 -0.07989
6150.0 5250.0 -0.16843
6250.0 5250.0 -0.17678
6350.0 5250.0 -0.11142
50.0 5350.0 -0.13096
150.0 5350.0 -0.00247
250.0 5350.0 0.16373
350.0 5350.0 0.30694
450.0 5350.0 0.35440
550.0 5350.0 0.28299
650.0 5350.0 0.13348
750.0 5350.0 -0.02257
850.0 5350.0 -0.16058
950.0 5350.0 -0.31323
1050.0 5350.0 -0.44622
1150.0 5350.0 -0.49898
1250.0 5350.0 -0.44670
1350.0 5350.0 -0.32140
1450.0 5350.0 -0.19156
1550.0 5350.0 -0.10032
1650.0 5350.0 0.00232
1750.0 5350.0 0.13982
1850.0 5350.0 0.25284
1950.0 5350.0 0.27898
2050.0 5350.0 0.20215
2150.0 5350.0 0.06080
2250.0 5350.0 -0.08476
2350.0 5350.0 -0.20965
2450.0 5350.0 -0.26088
2550.0 5350.0 -0.20154
2650.0 5350.0 -0.06020
2750.0 5350.0 0.09471
2850.0 5350.0 0.18729
2950.0 5350.0 0.17240
3050.0 5350.0 0.07897
3150.0 5350.0 -0.01649
3250.0 5350.0 -0.08468
3350.0 5350.0 -0.10965
3450.0 5350.0 -0.09474
3550.0 5350.0 -0.06393
3650.0 5350.0 -0.05035
3750.0 5350.0 -0.07199
3850.0 5350.0 -0.09403
3950.0 5350.0 -0.04938
4050.0 5350.0 0.05886
4150.0 5350.0 0.18033
4250.0 5350.0 0.25905
4350.0 5350.0 0.26142
4450.0 5350.0 0.19059
4550.0 5350.0 0.08378
4650.0 5350.0 -0.06559
4750.0 5350.0 -0.24654
4850.0 5350.0 -0.38093
4950.0 5350.0 -0.40614
5050.0 5350.0 -0.31897
5150.0 5350.0 -0.17317
5250.0 5350.0 -0.03073
5350.0 5350.0 0.12032
5450.0 5350.0 0.29925
5550.0 5350.0 0.43729
5650.0 5350.0 0.46312
5750.0 5350.0 0.36359
5850.0 5350.0 0.19304
5950.0 5350.0 0.03127
6050.0 5350.0 -0.10015
6150.0 5350.0 -0.19414
6250.0 5350.0 -0.21907
6350.0 5350.0 -0.17916
50.0 5450.0 -0.28160
150.0 5450.0 -0.15108
250.0 5450.0 0.02071
350.0 5450.0 0.17601
450.0 5450.0 0.24226
550.0 5450.0 0.19319
650.0 5450.0 0.06443
750.0 5450.0 -0.07642
850.0 5450.0 -0.20256
950.0 5450.0 -0.33992
1050.0 5450.0 -0.45592
1150.0 5450.0 -0.49646
1250.0 5450.0 -0.44126
1350.0 5450.0 -0.32178
1450.0 5450.0 -0.20162
1550.0 5450.0 -0.11927
1650.0 5450.0 -0.02922
1750.0 5450.0 0.08681
1850.0 5450.0 0.17735
1950.0 5450.0 0.19064
2050.0 5450.0 0.11593
2150.0 5450.0 -0.01078
2250.0 5450.0 -0.13669
2350.0 5450.0 -0.24212
2450.0 5450.0 -0.27597
2550.0 5450.0 -0.20073
2650.0 5450.0 -0.04258
2750.0 5450.0 0.13205
2850.0 5450.0 0.24768
2950.0 5450.0 0.25800
3050.0 5450.0 0.19028
3150.0 5450.0 0.11670
3250.0 5450.0 0.05500
3350.0 5450.0 0.01282
3450.0 5450.0 -0.01084
3550.0 5450.0 -0.02658
3650.0 5450.0 -0.04952
3750.0 5450.0 -0.08813
3850.0 5450.0 -0.12055
3950.0 5450.0 -0.08703
4050.0 5450.0 0.01744
4150.0 5450.0 0.15023
4250.0 5450.0 0.25562
4350.0 5450.0 0.29188
4450.0 5450.0 0.25120
4550.0 5450.0 0.16826
4650.0 5450.0 0.03668
4750.0 5450.0 -0.14366
4850.0 5450.0 -0.30078
4950.0 5450.0 -0.36741
5050.0 5450.0 -0.32587
5150.0 5450.0 -0.21293
5250.0 5450.0 -0.08457
5350.0 5450.0 0.05835
5450.0 5450.0 0.23573
5550.0 5450.0 0.38386
5650.0 5450.0 0.43147
5750.0 5450.0 0.35962
5850.0 5450.0 0.21352
5950.0 5450.0 0.06625
6050.0 5450.0 -0.05735
6150.0 5450.0 -0.15035
6250.0 5450.0 -0.18814
6350.0 5450.0 -0.17547
50.0 5550.0 -0.39713
150.0 5550.0 -0.26434
250.0 5550.0 -0.09014
350.0 5550.0 0.07251
450.0 5550.0 0.15490
550.0 5550.0 0.13012
650.0 5550.0 0.02872
750.0 5550.0 -0.08763
850.0 5550.0 -0.19173
950.0 5550.0 -0.29935
1050.0 5550.0 -0.38041
1150.0 5550.0 -0.39343
1250.0 5550.0 -0.32780
1350.0 5550.0 -0.21533
1450.0 5550.0 -0.11136
1550.0 5550.0 -0.04533
1650.0 5550.0 0.02176
1750.0 5550.0 0.09978
1850.0 5550.0 0.15190
1950.0 5550.0 0.14529
2050.0 5550.0 0.07807
2150.0 5550.0 -0.01926
2250.0 5550.0 -0.10799
2350.0 5550.0 -0.17928
2450.0 5550.0 -0.20082
2550.0 5550.0 -0.14143
2650.0 5550.0 -0.01398
2750.0 5550.0 0.13566
2850.0 5550.0 0.24951
2950.0 5550.0 0.28747
3050.0 5550.0 0.26591
3150.0 5550.0 0.24139
3250.0 5550.0 0.21995
3350.0 5550.0 0.19144
3450.0 5550.0 0.14758
3550.0 5550.0 0.08836
3650.0 5550.0 0.02179
3750.0 5550.0 -0.04284
3850.0 5550.0 -0.09764
3950.0 5550.0 -0.10541
4050.0 5550.0 -0.04995
4150.0 5550.0 0.04964
4250.0 5550.0 0.15299
4350.0 5550.0 0.21704
4450.0 5550.0 0.21907
4550.0 5550.0 0.18016
4650.0 5550.0 0.09194
4750.0 5550.0 -0.05794
4850.0 5550.0 -0.21293
4950.0 5550.0 -0.30874
5050.0 5550.0 -0.31398
5150.0 5550.0 -0.24241
5250.0 5550.0 -0.13678
5350.0 5550.0 -0.00983
5450.0 5550.0 0.16044
5550.0 5550.0 0.31948
5650.0 5550.0 0.39796
5750.0 5550.0 0.36884
5850.0 5550.0 0.26260
5950.0 5550.0 0.14045
6050.0 5550.0 0.03207
6150.0 5550.0 -0.04956
6250.0 5550.0 -0.08753
6350.0 5550.0 -0.09168
50.0 5650.0 -0.41714
150.0 5650.0 -0.28310
250.0 5650.0 -0.11421
350.0 5650.0 0.04182
450.0 5650.0 0.12458
550.0 5650.0 0.11179
650.0 5650.0 0.03242
750.0 5650.0 -0.05776
850.0 5650.0 -0.13496
950.0 5650.0 -0.20724
1050.0 5650.0 -0.24846
1150.0 5650.0 -0.23218
1250.0 5650.0 -0.15844
1350.0 5650.0 -0.05819
1450.0 5650.0 0.02414
1550.0 5650.0 0.06989
1650.0 5650.0 0.10937
1750.0 5650.0 0.14327
1850.0 5650.0 0.15273
1950.0 5650.0 0.12706
2050.0 5650.0 0.07379
2150.0 5650.0 0.01548
2250.0 5650.0 -0.02672
2350.0 5650.0 -0.05708
2450.0 5650.0 -0.07380
2550.0 5650.0 -0.05719
2650.0 5650.0 0.00069
2750.0 5650.0 0.08794
2850.0 5650.0 0.17668
2950.0 5650.0 0.23874
3050.0 5650.0 0.27305
3150.0 5650.0 0.31315
3250.0 5650.0 0.35567
3350.0 5650.0 0.36739
3450.0 5650.0 0.32517
3550.0 5650.0 0.23463
3650.0 5650.0 0.12688
3750.0 5650.0 0.03314
3850.0 5650.0 -0.05039
3950.0 5650.0 -0.11706
4050.0 5650.0 -0.13844
4150.0 5650.0 -0.10115
4250.0 5650.0 -0.02072
4350.0 5650.0 0.06354
4450.0 5650.0 0.11279
4550.0 5650.0 0.12794
4650.0 5650.0 0.09881
4750.0 5650.0 0.00289
4850.0 5650.0 -0.12440
4950.0 5650.0 -0.22904
5050.0 5650.0 -0.27026
5150.0 5650.0 -0.23842
5250.0 5650.0 -0.15875
5350.0 5650.0 -0.05291
5450.0 5650.0 0.10128
5550.0 5650.0 0.26009
5650.0 5650.0 0.35972
5750.0 5650.0 0.36787
5850.0 5650.0 0.30085
5950.0 5650.0 0.20639
6050.0 5650.0 0.11714
6150.0 5650.0 0.05654
6250.0 5650.0 0.03591
6350.0 5650.0 0.03612
50.0 5750.0 -0.33071
150.0 5750.0 -0.19717
250.0 5750.0 -0.04184
350.0 5750.0 0.09160
450.0 5750.0 0.15414
550.0 5750.0 0.13336
650.0 5750.0 0.06174
750.0 5750.0 -0.00879
850.0 5750.0 -0.06183
950.0 5750.0 -0.10455
1050.0 5750.0 -0.11614
1150.0 5750.0 -0.08276
1250.0 5750.0 -0.01159
1350.0 5750.0 0.06993
1450.0 5750.0 0.12894
1550.0 5750.0 0.15573
1650.0 5750.0 0.17084
1750.0 5750.0 0.16768
1850.0 5750.0 0.14369
1950.0 5750.0 0.10703
2050.0 5750.0 0.07202
2150.0 5750.0 0.05258
2250.0 5750.0 0.05367
2350.0 5750.0 0.05996
2450.0 5750.0 0.04201
2550.0 5750.0 0.00698
2650.0 5750.0 -0.01578
2750.0 5750.0 -0.00255
2850.0 5750.0 0.05084
2950.0 5750.0 0.12942
3050.0 5750.0 0.21409
3150.0 5750.0 0.31528
3250.0 5750.0 0.42386
3350.0 5750.0 0.48499
3450.0 5750.0 0.45869
3550.0 5750.0 0.35173
3650.0 5750.0 0.21333
3750.0 5750.0 0.09467
3850.0 5750.0 -0.01528
3950.0 5750.0 -0.13751
4050.0 5750.0 -0.23282
4150.0 5750.0 -0.25740
4250.0 5750.0 -0.20279
4350.0 5750.0 -0.10353
4450.0 5750.0 -0.01262
4550.0 5750.0 0.05178
4650.0 5750.0 0.08009
4750.0 5750.0 0.04379
4850.0 5750.0 -0.04232
4950.0 5750.0 -0.13776
5050.0 5750.0 -0.19799
5150.0 5750.0 -0.19518
5250.0 5750.0 -0.13788
5350.0 5750.0 -0.05306
5450.0 5750.0 0.07726
5550.0 5750.0 0.21863
5650.0 5750.0 0.31634
5750.0 5750.0 0.33914
5850.0 5750.0 0.29545
5950.0 5750.0 0.22214
6050.0 5750.0 0.15060
6150.0 5750.0 0.11519
6250.0 5750.0 0.12536
6350.0 5750.0 0.15101
50.0 5850.0 -0.18424
150.0 5850.0 -0.05276
250.0 5850.0 0.08466
350.0 5850.0 0.18617
450.0 5850.0 0.21405
550.0 5850.0 0.16823
650.0 5850.0 0.08862
750.0 5850.0 0.02632
850.0 5850.0 -0.01162
950.0 5850.0 -0.03914
1050.0 5850.0 -0.04131
1150.0 5850.0 -0.01080
1250.0 5850.0 0.04430
1350.0 5850.0 0.10281
1450.0 5850.0 0.14155
1550.0 5850.0 0.15546
1650.0 5850.0 0.15578
1750.0 5850.0 0.13233
1850.0 5850.0 0.09296
1950.0 5850.0 0.05644
2050.0 5850.0 0.03944
2150.0 5850.0 0.04876
2250.0 5850.0 0.07871
2350.0 5850.0 0.10833
2450.0 5850.0 0.08784
2550.0 5850.0 0.01570
2650.0 5850.0 -0.06420
2750.0 5850.0 -0.10386
2850.0 5850.0 -0.07707
2950.0 5850.0 0.01043
3050.0 5850.0 0.12723
3150.0 5850.0 0.26834
3250.0 5850.0 0.42175
3350.0 5850.0 0.51855
3450.0 5850.0 0.50698
3550.0 5850.0 0.39327
3650.0 5850.0 0.23734
3750.0 5850.0 0.10319
3850.0 5850.0 -0.02324
3950.0 5850.0 -0.17795
4050.0 5850.0 -0.31423
4150.0 5850.0 -0.37017
4250.0 5850.0 -0.32419
4350.0 5850.0 -0.20990
4450.0 5850.0 -0.09023
4550.0 5850.0 0.00596
4650.0 5850.0 0.07307
4750.0 5850.0 0.08063
4850.0 5850.0 0.02945
4950.0 5850.0 -0.05088
5050.0 5850.0 -0.11598
5150.0 5850.0 -0.12800
5250.0 5850.0 -0.08436
5350.0 5850.0 -0.01521
5450.0 5850.0 0.08887
5550.0 5850.0 0.19871
5650.0 5850.0 0.27018
5750.0 5850.0 0.27961
5850.0 5850.0 0.23628
5950.0 5850.0 0.17176
6050.0 5850.0 0.11183
6150.0 5850.0 0.09782
6250.0 5850.0 0.14081
6350.0 5850.0 0.20143
50.0 5950.0 -0.04562
150.0 5950.0 0.08312
250.0 5950.0 0.20371
350.0 5950.0 0.27394
450.0 5950.0 0.26460
550.0 5950.0 0.18682
650.0 5950.0 0.08916
750.0 5950.0 0.02431
850.0 5950.0 -0.00923
950.0 5950.0 -0.03718
1050.0 5950.0 -0.05013
1150.0 5950.0 -0.04059
1250.0 5950.0 -0.01159
1350.0 5950.0 0.02344
1450.0 5950.0 0.04790
1550.0 5950.0 0.05653
1650.0 5950.0 0.05307
1750.0 5950.0 0.02736
1850.0 5950.0 -0.00940
1950.0 5950.0 -0.03684
2050.0 5950.0 -0.04002
2150.0 5950.0 -0.01648
2250.0 5950.0 0.02428
2350.0 5950.0 0.06174
2450.0 5950.0 0.04218
2550.0 5950.0 -0.03809
2650.0 5950.0 -0.13122
2750.0 5950.0 -0.18274
2850.0 5950.0 -0.16070
2950.0 5950.0 -0.06859
3050.0 5950.0 0.05888
3150.0 5950.0 0.21231
3250.0 5950.0 0.37789
3350.0 5950.0 0.48231
3450.0 5950.0 0.47098
3550.0 5950.0 0.35124
3650.0 5950.0 0.18742
3750.0 5950.0 0.04771
3850.0 5950.0 -0.08283
3950.0 5950.0 -0.23952
4050.0 5950.0 -0.37160
4150.0 5950.0 -0.41503
4250.0 5950.0 -0.35021
4350.0 5950.0 -0.21619
4450.0 5950.0 -0.08147
4550.0 5950.0 0.02546
4650.0 5950.0 0.10582
4750.0 5950.0 0.12935
4850.0 5950.0 0.09205
4950.0 5950.0 0.01929
5050.0 5950.0 -0.04530
5150.0 5950.0 -0.06108
5250.0 5950.0 -0.02172
5350.0 5950.0 0.03949
5450.0 5950.0 0.12084
5550.0 5950.0 0.19404
5650.0 5950.0 0.22455
5750.0 5950.0 0.20016
5850.0 5950.0 0.13807
5950.0 5950.0 0.07024
6050.0 5950.0 0.01432
6150.0 5950.0 0.01254
6250.0 5950.0 0.07928
6350.0 5950.0 0.16990
50.0 6050.0 0.07365
150.0 6050.0 0.19912
250.0 6050.0 0.30433
350.0 6050.0 0.34610
450.0 6050.0 0.30185
550.0 6050.0 0.19241
650.0 6050.0 0.07449
750.0 6050.0 0.00312
850.0 6050.0 -0.03078
950.0 6050.0 -0.06651
1050.0 6050.0 -0.10002
1150.0 6050.0 -0.12050
1250.0 6050.0 -0.12288
1350.0 6050.0 -0.11192
1450.0 6050.0 -0.09899
1550.0 6050.0 -0.09187
1650.0 6050.0 -0.09361
1750.0 6050.0 -0.11262
1850.0 6050.0 -0.13797
1950.0 6050.0 -0.15219
2050.0 6050.0 -0.14407
2150.0 6050.0 -0.11398
2250.0 6050.0 -0.07175
2350.0 6050.0 -0.03442
2450.0 6050.0 -0.05108
2550.0 6050.0 -0.12393
2650.0 6050.0 -0.20637
2750.0 6050.0 -0.24680
2850.0 6050.0 -0.21634
2950.0 6050.0 -0.12025
3050.0 6050.0 0.00799
3150.0 6050.0 0.16059
3250.0 6050.0 0.32216
3350.0 6050.0 0.41959
3450.0 6050.0 0.40002
3550.0 6050.0 0.27312
3650.0 6050.0 0.10507
3750.0 6050.0 -0.03578
3850.0 6050.0 -0.16448
3950.0 6050.0 -0.30768
4050.0 6050.0 -0.41220
4150.0 6050.0 -0.42018
4250.0 6050.0 -0.32190
4350.0 6050.0 -0.16543
4450.0 6050.0 -0.02271
4550.0 6050.0 0.08396
4650.0 6050.0 0.16389
4750.0 6050.0 0.18758
4850.0 6050.0 0.15088
4950.0 6050.0 0.07877
5050.0 6050.0 0.01447
5150.0 6050.0 -0.00164
5250.0 6050.0 0.03690
5350.0 6050.0 0.09338
5450.0 6050.0 0.15486
5550.0 6050.0 0.19236
5650.0 6050.0 0.17987
5750.0 6050.0 0.11711
5850.0 6050.0 0.03104
5950.0 6050.0 -0.04405
6050.0 6050.0 -0.09904
6150.0 6050.0 -0.09397
6250.0 6050.0 -0.01140
6350.0 6050.0 0.10129
50.0 6150.0 0.23010
150.0 6150.0 0.34594
250.0 6150.0 0.42954
350.0 6150.0 0.43911
450.0 6150.0 0.36071
550.0 6150.0 0.22448
650.0 6150.0 0.09270
750.0 6150.0 0.01970
850.0 6150.0 -0.01167
950.0 6150.0 -0.05801
1050.0 6150.0 -0.12442
1150.0 6150.0 -0.19428
1250.0 6150.0 -0.24851
1350.0 6150.0 -0.27667
1450.0 6150.0 -0.28107
1550.0 6150.0 -0.27377
1650.0 6150.0 -0.26837
1750.0 6150.0 -0.26918
1850.0 6150.0 -0.26908
1950.0 6150.0 -0.25947
2050.0 6150.0 -0.23688
2150.0 6150.0 -0.20467
2250.0 6150.0 -0.16984
2350.0 6150.0 -0.14273
2450.0 6150.0 -0.16833
2550.0 6150.0 -0.24549
2650.0 6150.0 -0.32543
2750.0 6150.0 -0.35762
2850.0 6150.0 -0.31738
2950.0 6150.0 -0.21483
3050.0 6150.0 -0.08428
3150.0 6150.0 0.07180
3250.0 6150.0 0.24048
3350.0 6150.0 0.34744
3450.0 6150.0 0.33718
3550.0 6150.0 0.21690
3650.0 6150.0 0.05166
3750.0 6150.0 -0.08943
3850.0 6150.0 -0.21607
3950.0 6150.0 -0.34108
4050.0 6150.0 -0.41118
4150.0 6150.0 -0.37990
4250.0 6150.0 -0.25112
4350.0 6150.0 -0.08193
4450.0 6150.0 0.05532
4550.0 6150.0 0.14780
4650.0 6150.0 0.21628
4750.0 6150.0 0.23554
4850.0 6150.0 0.20107
4950.0 6150.0 0.13421
5050.0 6150.0 0.07301
5150.0 6150.0 0.05367
5250.0 6150.0 0.08253
5350.0 6150.0 0.12469
5450.0 6150.0 0.16168
5550.0 6150.0 0.16893
5650.0 6150.0 0.13005
5750.0 6150.0 0.05219
5850.0 6150.0 -0.03622
5950.0 6150.0 -0.10516
6050.0 6150.0 -0.15170
6150.0 6150.0 -0.13830
6250.0 6150.0 -0.04889
6350.0 6150.0 0.06779
50.0 6250.0 0.39177
150.0 6250.0 0.48855
250.0 6250.0 0.54442
350.0 6250.0 0.52331
450.0 6250.0 0.42130
550.0 6250.0 0.27475
650.0 6250.0 0.14515
750.0 6250.0 0.08049
850.0 6250.0 0.05692
950.0 6250.0 0.00077
1050.0 6250.0 -0.10506
1150.0 6250.0 -0.23647
1250.0 6250.0 -0.35585
1350.0 6250.0 -0.43257
1450.0 6250.0 -0.45663
1550.0 6250.0 -0.44566
1650.0 6250.0 -0.42560
1750.0 6250.0 -0.39398
1850.0 6250.0 -0.35302
1950.0 6250.0 -0.31070
2050.0 6250.0 -0.27543
2150.0 6250.0 -0.25210
2250.0 6250.0 -0.23967
2350.0 6250.0 -0.23856
2450.0 6250.0 -0.29149
2550.0 6250.0 -0.39090
2650.0 6250.0 -0.48032
2750.0 6250.0 -0.50763
2850.0 6250.0 -0.45438
2950.0 6250.0 -0.34066
3050.0 6250.0 -0.20479
3150.0 6250.0 -0.03903
3250.0 6250.0 0.15085
3350.0 6250.0 0.28722
3450.0 6250.0 0.30651
3550.0 6250.0 0.20808
3650.0 6250.0 0.05286
3750.0 6250.0 -0.08811
3850.0 6250.0 -0.21305
3950.0 6250.0 -0.31576
4050.0 6250.0 -0.34698
4150.0 6250.0 -0.27851
4250.0 6250.0 -0.13140
4350.0 6250.0 0.03012
4450.0 6250.0 0.13882
4550.0 6250.0 0.19515
4650.0 6250.0 0.23592
4750.0 6250.0 0.24627
4850.0 6250.0 0.22054
4950.0 6250.0 0.17018
5050.0 6250.0 0.11947
5150.0 6250.0 0.09351
5250.0 6250.0 0.09856
5350.0 6250.0 0.11102
5450.0 6250.0 0.11674
5550.0 6250.0 0.10395
5650.0 6250.0 0.06733
5750.0 6250.0 0.01361
5850.0 6250.0 -0.04100
5950.0 6250.0 -0.08170
6050.0 6250.0 -0.10750
6150.0 6250.0 -0.08226
6250.0 6250.0 0.00205
6350.0 6250.0 0.09709
50.0 6350.0 0.47778
150.0 6350.0 0.54984
250.0 6350.0 0.57935
350.0 6350.0 0.53952
450.0 6350.0 0.43497
550.0 6350.0 0.30233
650.0 6350.0 0.19442
750.0 6350.0 0.14799
850.0 6350.0 0.13653
950.0 6350.0 0.07828
1050.0 6350.0 -0.05338
1150.0 6350.0 -0.22868
1250.0 6350.0 -0.39530
1350.0 6350.0 -0.50632
1450.0 6350.0 -0.54164
1550.0 6350.0 -0.52309
1650.0 6350.0 -0.48434
1750.0 6350.0 -0.41560
1850.0 6350.0 -0.33235
1950.0 6350.0 -0.26232
2050.0 6350.0 -0.22557
2150.0 6350.0 -0.22502
2250.0 6350.0 -0.24746
2350.0 6350.0 -0.28353
2450.0 6350.0 -0.37583
2550.0 6350.0 -0.50781
2650.0 6350.0 -0.61186
2750.0 6350.0 -0.63331
2850.0 6350.0 -0.56228
2950.0 6350.0 -0.43296
3050.0 6350.0 -0.28956
3150.0 6350.0 -0.11161
3250.0 6350.0 0.10302
3350.0 6350.0 0.27241
3450.0 6350.0 0.32379
3550.0 6350.0 0.24808
3650.0 6350.0 0.10239
3750.0 6350.0 -0.03950
3850.0 6350.0 -0.16355
3950.0 6350.0 -0.24481
4050.0 6350.0 -0.24168
4150.0 6350.0 -0.14750
4250.0 6350.0 -0.00028
4350.0 6350.0 0.13250
4450.0 6350.0 0.19367
4550.0 6350.0 0.19807
4650.0 6350.0 0.20055
4750.0 6350.0 0.20178
4850.0 6350.0 0.19398
4950.0 6350.0 0.17307
5050.0 6350.0 0.14202
5150.0 6350.0 0.10904
5250.0 6350.0 0.08052
5350.0 6350.0 0.05250
5450.0 6350.0 0.02332
5550.0 6350.0 0.00001
5650.0 6350.0 -0.01117
5750.0 6350.0 -0.01018
5850.0 6350.0 -0.00359
5950.0 6350.0 0.00029
6050.0 6350.0 0.00410
6150.0 6350.0 0.04488
6250.0 6350.0 0.11849
6350.0 6350.0 0.17777
