50.0 50.0 0.00000
150.0 50.0 -0.18589
250.0 50.0 -0.32962
350.0 50.0 -0.40224
450.0 50.0 -0.39307
550.0 50.0 -0.31095
650.0 50.0 -0.18223
750.0 50.0 -0.04535
850.0 50.0 0.05773
950.0 50.0 0.09355
1050.0 50.0 0.05239
1150.0 50.0 -0.03517
1250.0 50.0 -0.15916
1350.0 50.0 -0.34198
1450.0 50.0 -0.55254
1550.0 50.0 -0.73529
1650.0 50.0 -0.83841
1750.0 50.0 -0.83201
1850.0 50.0 -0.71625
1950.0 50.0 -0.51942
2050.0 50.0 -0.28593
2150.0 50.0 -0.05434
2250.0 50.0 0.17695
2350.0 50.0 0.45357
2450.0 50.0 0.76043
2550.0 50.0 1.03203
2650.0 50.0 1.19760
2750.0 50.0 1.21179
2850.0 50.0 1.07055
2950.0 50.0 0.81229
3050.0 50.0 0.50427
3150.0 50.0 0.21427
3250.0 50.0 -0.03253
3350.0 50.0 -0.27214
3450.0 50.0 -0.50293
3550.0 50.0 -0.68775
3650.0 50.0 -0.78707
3750.0 50.0 -0.77843
3850.0 50.0 -0.66654
3950.0 50.0 -0.48424
4050.0 50.0 -0.28422
4150.0 50.0 -0.12153
4250.0 50.0 -0.02680
4350.0 50.0 0.02676
4450.0 50.0 0.08459
4550.0 50.0 0.14804
4650.0 50.0 0.20508
4750.0 50.0 0.24150
4850.0 50.0 0.24758
4950.0 50.0 0.22174
5050.0 50.0 0.17117
5150.0 50.0 0.10950
5250.0 50.0 0.05145
5350.0 50.0 0.00450
5450.0 50.0 -0.03706
5550.0 50.0 -0.07023
5650.0 50.0 -0.08823
5750.0 50.0 -0.08824
5850.0 50.0 -0.07171
5950.0 50.0 -0.04406
6050.0 50.0 -0.01357
6150.0 50.0 0.01048
6250.0 50.0 0.02033
6350.0 50.0 0.01307
50.0 150.0 -0.08912
150.0 150.0 -0.27397
250.0 150.0 -0.41893
350.0 150.0 -0.49607
450.0 150.0 -0.49467
550.0 150.0 -0.42267
650.0 150.0 -0.30495
750.0 150.0 -0.17830
850.0 150.0 -0.08316
950.0 150.0 -0.05202
1050.0 150.0 -0.09467
1150.0 150.0 -0.18184
1250.0 150.0 -0.30051
1350.0 150.0 -0.46605
1450.0 150.0 -0.64573
1550.0 150.0 -0.78668
1650.0 150.0 -0.84257
1750.0 150.0 -0.79017
1850.0 150.0 -0.63597
1950.0 150.0 -0.41286
2050.0 150.0 -0.16680
2150.0 150.0 0.06649
2250.0 150.0 0.29535
2350.0 150.0 0.56387
2450.0 150.0 0.85362
2550.0 150.0 1.09962
2650.0 150.0 1.23418
2750.0 150.0 1.21632
2850.0 150.0 1.04650
2950.0 150.0 0.76680
3050.0 150.0 0.44648
3150.0 150.0 0.15288
3250.0 150.0 -0.09215
3350.0 150.0 -0.33032
3450.0 150.0 -0.56384
3550.0 150.0 -0.75704
3650.0 150.0 -0.87010
3750.0 150.0 -0.87887
3850.0 150.0 -0.78554
3950.0 150.0 -0.62015
4050.0 150.0 -0.43290
4150.0 150.0 -0.27738
4250.0 150.0 -0.18460
4350.0 150.0 -0.13050
4450.0 150.0 -0.07112
4550.0 150.0 -0.00436
4650.0 150.0 0.05765
4750.0 150.0 0.10001
4850.0 150.0 0.11210
4950.0 150.0 0.09140
5050.0 150.0 0.04444
5150.0 150.0 -0.01548
5250.0 150.0 -0.07350
5350.0 150.0 -0.12155
5450.0 150.0 -0.16231
5550.0 150.0 -0.18137
5650.0 150.0 -0.16513
5750.0 150.0 -0.11140
5850.0 150.0 -0.02764
5950.0 150.0 0.07160
6050.0 150.0 0.16794
6150.0 150.0 0.24324
6250.0 150.0 0.28438
6350.0 150.0 0.28878
50.0 250.0 -0.18683
150.0 250.0 -0.36311
250.0 250.0 -0.50047
350.0 250.0 -0.57213
450.0 250.0 -0.56817
550.0 250.0 -0.49671
650.0 250.0 -0.38207
750.0 250.0 -0.25980
850.0 250.0 -0.16869
950.0 250.0 -0.13970
1050.0 250.0 -0.18188
1150.0 250.0 -0.26681
1250.0 250.0 -0.37955
1350.0 250.0 -0.53124
1450.0 250.0 -0.68947
1550.0 250.0 -0.80479
1650.0 250.0 -0.83540
1750.0 250.0 -0.76239
1850.0 250.0 -0.59531
1950.0 250.0 -0.36821
2050.0 250.0 -0.12611
2150.0 250.0 0.09808
2250.0 250.0 0.31597
2350.0 250.0 0.57037
2450.0 250.0 0.84323
2550.0 250.0 1.07316
2650.0 250.0 1.19669
2750.0 250.0 1.17579
2850.0 250.0 1.01173
2950.0 250.0 0.74498
3050.0 250.0 0.44143
3150.0 250.0 0.16473
3250.0 250.0 -0.06506
3350.0 250.0 -0.29031
3450.0 250.0 -0.51868
3550.0 250.0 -0.71819
3650.0 250.0 -0.84954
3750.0 250.0 -0.88616
3850.0 250.0 -0.82555
3950.0 250.0 -0.69178
4050.0 250.0 -0.52916
4150.0 250.0 -0.38719
4250.0 250.0 -0.29666
4350.0 250.0 -0.23917
4450.0 250.0 -0.17456
4550.0 250.0 -0.10020
4650.0 250.0 -0.02951
4750.0 250.0 0.02048
4850.0 250.0 0.03719
4950.0 250.0 0.01701
5050.0 250.0 -0.03352
5150.0 250.0 -0.10006
5250.0 250.0 -0.16613
5350.0 250.0 -0.22229
5450.0 250.0 -0.26913
5550.0 250.0 -0.28271
5650.0 250.0 -0.24326
5750.0 250.0 -0.14883
5850.0 250.0 -0.01189
5950.0 250.0 0.14510
6050.0 250.0 0.29481
6150.0 250.0 0.41105
6250.0 250.0 0.47561
6350.0 250.0 0.48594
50.0 350.0 -0.28068
150.0 350.0 -0.43789
250.0 350.0 -0.55594
350.0 350.0 -0.60952
450.0 350.0 -0.59071
550.0 350.0 -0.50911
650.0 350.0 -0.38932
750.0 350.0 -0.26582
850.0 350.0 -0.17524
950.0 350.0 -0.14602
1050.0 350.0 -0.18543
1150.0 350.0 -0.26552
1250.0 350.0 -0.37122
1350.0 350.0 -0.51288
1450.0 350.0 -0.66120
1550.0 350.0 -0.77119
1650.0 350.0 -0.80466
1750.0 350.0 -0.74409
1850.0 350.0 -0.59780
1950.0 350.0 -0.39643
2050.0 350.0 -0.18072
2150.0 350.0 0.01933
2250.0 350.0 0.21411
2350.0 350.0 0.44469
2450.0 350.0 0.69803
2550.0 350.0 0.92060
2650.0 350.0 1.05517
2750.0 350.0 1.06559
2850.0 350.0 0.94953
2950.0 350.0 0.73928
3050.0 350.0 0.49033
3150.0 350.0 0.25806
3250.0 350.0 0.06235
3350.0 350.0 -0.13353
3450.0 350.0 -0.34430
3550.0 350.0 -0.54447
3650.0 350.0 -0.69656
3750.0 350.0 -0.77102
3850.0 350.0 -0.75826
3950.0 350.0 -0.67257
4050.0 350.0 -0.54811
4150.0 350.0 -0.42683
4250.0 350.0 -0.33839
4350.0 350.0 -0.27348
4450.0 350.0 -0.19841
4550.0 350.0 -0.11014
4650.0 350.0 -0.02513
4750.0 350.0 0.03540
4850.0 350.0 0.05541
4950.0 350.0 0.02983
5050.0 350.0 -0.03390
5150.0 350.0 -0.11853
5250.0 350.0 -0.20387
5350.0 350.0 -0.27798
5450.0 350.0 -0.34071
5550.0 350.0 -0.36172
5650.0 350.0 -0.31630
5750.0 350.0 -0.20220
5850.0 350.0 -0.03515
5950.0 350.0 0.15661
6050.0 350.0 0.33890
6150.0 350.0 0.47904
6250.0 350.0 0.55443
6350.0 350.0 0.56200
50.0 450.0 -0.34977
150.0 450.0 -0.47827
250.0 450.0 -0.56701
350.0 450.0 -0.59279
450.0 450.0 -0.55073
550.0 450.0 -0.45273
650.0 450.0 -0.32397
750.0 450.0 -0.19752
850.0 450.0 -0.10691
950.0 450.0 -0.07684
1050.0 450.0 -0.11189
1150.0 450.0 -0.18475
1250.0 450.0 -0.28199
1350.0 450.0 -0.41590
1450.0 450.0 -0.56272
1550.0 450.0 -0.68308
1650.0 450.0 -0.74191
1750.0 450.0 -0.72089
1850.0 450.0 -0.62364
1950.0 450.0 -0.47349
2050.0 450.0 -0.30393
2150.0 450.0 -0.14175
2250.0 450.0 0.01843
2350.0 450.0 0.21461
2450.0 450.0 0.44202
2550.0 450.0 0.65903
2650.0 450.0 0.81720
2750.0 450.0 0.88224
2850.0 450.0 0.84543
2950.0 450.0 0.72574
3050.0 450.0 0.56246
3150.0 450.0 0.39849
3250.0 450.0 0.25419
3350.0 450.0 0.10341
3450.0 450.0 -0.07635
3550.0 450.0 -0.26831
3650.0 450.0 -0.43818
3750.0 450.0 -0.55354
3850.0 450.0 -0.59629
3950.0 450.0 -0.56835
4050.0 450.0 -0.49045
4150.0 450.0 -0.39411
4250.0 450.0 -0.30684
4350.0 450.0 -0.23071
4450.0 450.0 -0.14018
4550.0 450.0 -0.03183
4650.0 450.0 0.07333
4750.0 450.0 0.14784
4850.0 450.0 0.17073
4950.0 450.0 0.13500
5050.0 450.0 0.04975
5150.0 450.0 -0.06320
5250.0 450.0 -0.17806
5350.0 450.0 -0.27923
5450.0 450.0 -0.36716
5550.0 450.0 -0.40860
5650.0 450.0 -0.37555
5750.0 450.0 -0.26485
5850.0 450.0 -0.09357
5950.0 450.0 0.10694
6050.0 450.0 0.29820
6150.0 450.0 0.44308
6250.0 450.0 0.51550
6350.0 450.0 0.51142
50.0 550.0 -0.37652
150.0 550.0 -0.47018
250.0 550.0 -0.52417
350.0 550.0 -0.51823
450.0 550.0 -0.45110
550.0 550.0 -0.33711
650.0 550.0 -0.20164
750.0 550.0 -0.07541
850.0 550.0 0.01232
950.0 550.0 0.04168
1050.0 550.0 0.01131
1150.0 550.0 -0.05277
1250.0 550.0 -0.14016
1350.0 550.0 -0.26624
1450.0 550.0 -0.41418
1550.0 550.0 -0.55128
1650.0 550.0 -0.64572
1750.0 550.0 -0.67760
1850.0 550.0 -0.64414
1950.0 550.0 -0.55928
2050.0 550.0 -0.44748
2150.0 550.0 -0.33187
2250.0 550.0 -0.21405
2350.0 550.0 -0.06120
2450.0 550.0 0.13126
2550.0 550.0 0.33613
2650.0 550.0 0.51631
2750.0 550.0 0.64064
2850.0 550.0 0.69363
2950.0 550.0 0.67893
3050.0 550.0 0.61667
3150.0 550.0 0.53454
3250.0 550.0 0.45277
3350.0 550.0 0.35792
3450.0 550.0 0.22018
3550.0 550.0 0.04675
3650.0 550.0 -0.13251
3750.0 550.0 -0.28309
3850.0 550.0 -0.37855
3950.0 550.0 -0.40773
4050.0 550.0 -0.37671
4150.0 550.0 -0.30517
4250.0 550.0 -0.21750
4350.0 550.0 -0.12760
4450.0 550.0 -0.01821
4550.0 550.0 0.11469
4650.0 550.0 0.24450
4750.0 550.0 0.33615
4850.0 550.0 0.36263
4950.0 550.0 0.31461
5050.0 550.0 0.20318
5150.0 550.0 0.05571
5250.0 550.0 -0.09514
5350.0 550.0 -0.22935
5450.0 550.0 -0.34875
5550.0 550.0 -0.42041
5650.0 550.0 -0.41460
5750.0 550.0 -0.32681
5850.0 550.0 -0.17365
5950.0 550.0 0.01279
6050.0 550.0 0.19227
6150.0 550.0 0.32518
6250.0 550.0 0.38304
6350.0 550.0 0.36049
50.0 650.0 -0.35403
150.0 650.0 -0.41157
250.0 650.0 -0.43114
350.0 650.0 -0.39618
450.0 650.0 -0.30906
550.0 650.0 -0.18596
650.0 650.0 -0.05140
750.0 650.0 0.06742
850.0 650.0 0.14665
950.0 650.0 0.17200
1050.0 650.0 0.14534
1150.0 650.0 0.09037
1250.0 650.0 0.01387
1350.0 650.0 -0.10202
1450.0 650.0 -0.24743
1550.0 650.0 -0.39695
1650.0 650.0 -0.52282
1750.0 650.0 -0.60424
1850.0 650.0 -0.63255
1950.0 650.0 -0.61247
2050.0 650.0 -0.55927
2150.0 650.0 -0.49190
2250.0 650.0 -0.41869
2350.0 650.0 -0.31426
2450.0 650.0 -0.16617
2550.0 650.0 0.01342
2650.0 650.0 0.20053
2750.0 650.0 0.36947
2850.0 650.0 0.50003
2950.0 650.0 0.58207
3050.0 650.0 0.61703
3150.0 650.0 0.61689
3250.0 650.0 0.60003
3350.0 650.0 0.56454
3450.0 650.0 0.47486
3550.0 650.0 0.32911
3650.0 650.0 0.15215
3750.0 650.0 -0.02081
3850.0 650.0 -0.15655
3950.0 650.0 -0.23235
4050.0 650.0 -0.24058
4150.0 650.0 -0.18940
4250.0 650.0 -0.09954
4350.0 650.0 0.00483
4450.0 650.0 0.13415
4550.0 650.0 0.29329
4650.0 650.0 0.44986
4750.0 650.0 0.56077
4850.0 650.0 0.59252
4950.0 650.0 0.53311
5050.0 650.0 0.39552
5150.0 650.0 0.21280
5250.0 650.0 0.02473
5350.0 650.0 -0.14393
5450.0 650.0 -0.29664
5550.0 650.0 -0.40277
5650.0 650.0 -0.43206
5750.0 650.0 -0.37845
5850.0 650.0 -0.25696
5950.0 650.0 -0.09872
6050.0 650.0 0.05602
6150.0 650.0 0.16675
6250.0 650.0 0.20343
6350.0 650.0 0.15924
50.0 750.0 -0.28881
150.0 750.0 -0.31414
250.0 750.0 -0.30519
350.0 750.0 -0.24968
450.0 750.0 -0.15305
550.0 750.0 -0.03215
650.0 750.0 0.09064
750.0 750.0 0.19287
850.0 750.0 0.25684
950.0 750.0 0.27405
1050.0 750.0 0.24911
1150.0 750.0 0.20230
1250.0 750.0 0.13709
1350.0 750.0 0.03540
1450.0 750.0 -0.09868
1550.0 750.0 -0.24699
1650.0 750.0 -0.38701
1750.0 750.0 -0.49911
1850.0 750.0 -0.57125
1950.0 750.0 -0.60128
2050.0 750.0 -0.59668
2150.0 750.0 -0.57188
2250.0 750.0 -0.53949
2350.0 750.0 -0.48345
2450.0 750.0 -0.38702
2550.0 750.0 -0.24877
2650.0 750.0 -0.07891
2750.0 750.0 0.10489
2850.0 750.0 0.28174
2950.0 750.0 0.43217
3050.0 750.0 0.54285
3150.0 750.0 0.61165
3250.0 750.0 0.65283
3350.0 750.0 0.67192
3450.0 750.0 0.62978
3550.0 750.0 0.51734
3650.0 750.0 0.35442
3750.0 750.0 0.17548
3850.0 750.0 0.01792
3950.0 750.0 -0.08709
4050.0 750.0 -0.12119
4150.0 750.0 -0.08295
4250.0 750.0 0.01066
4350.0 750.0 0.12823
4450.0 750.0 0.27591
4550.0 750.0 0.45980
4650.0 750.0 0.64235
4750.0 750.0 0.77305
4850.0 750.0 0.81221
4950.0 750.0 0.74506
5050.0 750.0 0.58595
5150.0 750.0 0.37280
5250.0 750.0 0.15176
5350.0 750.0 -0.04792
5450.0 750.0 -0.23091
5550.0 750.0 -0.36919
5650.0 750.0 -0.43243
5750.0 750.0 -0.41313
5850.0 750.0 -0.32452
5950.0 750.0 -0.19628
6050.0 750.0 -0.06802
6150.0 750.0 0.01941
6250.0 750.0 0.03495
6350.0 750.0 -0.02960
50.0 850.0 -0.19910
150.0 850.0 -0.20037
250.0 850.0 -0.17300
350.0 850.0 -0.10908
450.0 850.0 -0.01617
550.0 850.0 0.08962
650.0 850.0 0.18939
750.0 850.0 0.26624
850.0 850.0 0.30884
950.0 850.0 0.31404
1050.0 850.0 0.28833
1150.0 850.0 0.24767
1250.0 850.0 0.19338
1350.0 850.0 0.11045
1450.0 850.0 -0.00049
1550.0 850.0 -0.12799
1650.0 850.0 -0.25604
1750.0 850.0 -0.36903
1850.0 850.0 -0.45543
1950.0 850.0 -0.51018
2050.0 850.0 -0.53571
2150.0 850.0 -0.54171
2250.0 850.0 -0.54115
2350.0 850.0 -0.52819
2450.0 850.0 -0.48650
2550.0 850.0 -0.40436
2650.0 850.0 -0.27888
2750.0 850.0 -0.11750
2850.0 850.0 0.06307
2950.0 850.0 0.24045
3050.0 850.0 0.39276
3150.0 850.0 0.50734
3250.0 850.0 0.59200
3350.0 850.0 0.65369
3450.0 850.0 0.65198
3550.0 850.0 0.57325
3650.0 850.0 0.43303
3750.0 850.0 0.26378
3850.0 850.0 0.10415
3950.0 850.0 -0.01023
4050.0 850.0 -0.05448
4150.0 850.0 -0.02064
4250.0 850.0 0.07760
4350.0 850.0 0.20535
4450.0 850.0 0.36755
4550.0 850.0 0.57184
4650.0 850.0 0.77680
4750.0 850.0 0.92601
4850.0 850.0 0.97464
4950.0 850.0 0.90527
5050.0 850.0 0.73279
5150.0 850.0 0.49847
5250.0 850.0 0.25325
5350.0 850.0 0.03006
5450.0 850.0 -0.17595
5550.0 850.0 -0.33787
5650.0 850.0 -0.42493
5750.0 850.0 -0.42856
5850.0 850.0 -0.36095
5950.0 850.0 -0.25127
6050.0 850.0 -0.13924
6150.0 850.0 -0.06647
6250.0 850.0 -0.06517
6350.0 850.0 -0.14453
50.0 950.0 -0.10862
150.0 950.0 -0.09629
250.0 950.0 -0.06233
350.0 950.0 -0.00297
450.0 950.0 0.07337
550.0 950.0 0.15262
650.0 950.0 0.22035
750.0 950.0 0.26549
850.0 950.0 0.28267
950.0 950.0 0.27314
1050.0 950.0 0.24425
1150.0 950.0 0.20715
1250.0 950.0 0.16274
1350.0 950.0 0.10268
1450.0 950.0 0.02685
1550.0 950.0 -0.05897
1650.0 950.0 -0.14629
1750.0 950.0 -0.22655
1850.0 950.0 -0.29309
1950.0 950.0 -0.34255
2050.0 950.0 -0.37567
2150.0 950.0 -0.39749
2250.0 950.0 -0.41673
2350.0 950.0 -0.43758
2450.0 950.0 -0.44885
2550.0 950.0 -0.43282
2650.0 950.0 -0.37542
2750.0 950.0 -0.27246
2850.0 950.0 -0.13192
2950.0 950.0 0.02774
3050.0 950.0 0.18320
3150.0 950.0 0.31583
3250.0 950.0 0.42521
3350.0 950.0 0.51324
3450.0 950.0 0.53997
3550.0 950.0 0.49012
3650.0 950.0 0.37618
3750.0 950.0 0.22791
3850.0 950.0 0.08263
3950.0 950.0 -0.02354
4050.0 950.0 -0.06356
4150.0 950.0 -0.02650
4250.0 950.0 0.07638
4350.0 950.0 0.21031
4450.0 950.0 0.38185
4550.0 950.0 0.60034
4650.0 950.0 0.82221
4750.0 950.0 0.98720
4850.0 950.0 1.04681
4950.0 950.0 0.98128
5050.0 950.0 0.80512
5150.0 950.0 0.56113
5250.0 950.0 0.30292
5350.0 950.0 0.06599
5450.0 950.0 -0.15332
5550.0 950.0 -0.32629
5650.0 950.0 -0.42052
5750.0 950.0 -0.42695
5850.0 950.0 -0.35837
5950.0 950.0 -0.24542
6050.0 950.0 -0.12990
6150.0 950.0 -0.05559
6250.0 950.0 -0.05645
6350.0 950.0 -0.14217
50.0 1050.0 -0.03581
150.0 1050.0 -0.01963
250.0 1050.0 0.01054
350.0 1050.0 0.05489
450.0 1050.0 0.10515
550.0 1050.0 0.15030
650.0 1050.0 0.18083
750.0 1050.0 0.19132
850.0 1050.0 0.18159
950.0 1050.0 0.15617
1050.0 1050.0 0.12230
1150.0 1050.0 0.08634
1250.0 1050.0 0.05054
1350.0 1050.0 0.01607
1450.0 1050.0 -0.01540
1550.0 1050.0 -0.04263
1650.0 1050.0 -0.06531
1750.0 1050.0 -0.08431
1850.0 1050.0 -0.10148
1950.0 1050.0 -0.11925
2050.0 1050.0 -0.13970
2150.0 1050.0 -0.16343
2250.0 1050.0 -0.19096
2350.0 1050.0 -0.23549
2450.0 1050.0 -0.29465
2550.0 1050.0 -0.34869
2650.0 1050.0 -0.37475
2750.0 1050.0 -0.35664
2850.0 1050.0 -0.29034
2950.0 1050.0 -0.18490
3050.0 1050.0 -0.05899
3150.0 1050.0 0.06706
3250.0 1050.0 0.18365
3350.0 1050.0 0.28232
3450.0 1050.0 0.32464
3550.0 1050.0 0.29597
3650.0 1050.0 0.20713
3750.0 1050.0 0.08505
3850.0 1050.0 -0.03596
3950.0 1050.0 -0.12226
4050.0 1050.0 -0.14817
4150.0 1050.0 -0.10278
4250.0 1050.0 0.00407
4350.0 1050.0 0.14038
4450.0 1050.0 0.31627
4550.0 1050.0 0.54285
4650.0 1050.0 0.77597
4750.0 1050.0 0.95353
4850.0 1050.0 1.02480
4950.0 1050.0 0.96815
5050.0 1050.0 0.79692
5150.0 1050.0 0.55370
5250.0 1050.0 0.29288
5350.0 1050.0 0.05141
5450.0 1050.0 -0.17190
5550.0 1050.0 -0.34316
5650.0 1050.0 -0.42688
5750.0 1050.0 -0.41409
5850.0 1050.0 -0.32001
5950.0 1050.0 -0.17918
6050.0 1050.0 -0.03787
6150.0 1050.0 0.05613
6250.0 1050.0 0.06630
6350.0 1050.0 -0.01711
50.0 1150.0 0.02126
150.0 1150.0 0.03614
250.0 1150.0 0.05723
350.0 1150.0 0.08153
450.0 1150.0 0.10150
550.0 1150.0 0.10958
650.0 1150.0 0.10129
750.0 1150.0 0.07664
850.0 1150.0 0.04005
950.0 1150.0 -0.00134
1050.0 1150.0 -0.04087
1150.0 1150.0 -0.07688
1250.0 1150.0 -0.10485
1350.0 1150.0 -0.11266
1450.0 1150.0 -0.09566
1550.0 1150.0 -0.05646
1650.0 1150.0 -0.00312
1750.0 1150.0 0.05301
1850.0 1150.0 0.09974
1950.0 1150.0 0.12692
2050.0 1150.0 0.12955
2150.0 1150.0 0.11126
2250.0 1150.0 0.08166
2350.0 1150.0 0.01944
2450.0 1150.0 -0.08346
2550.0 1150.0 -0.20742
2650.0 1150.0 -0.32222
2750.0 1150.0 -0.39991
2850.0 1150.0 -0.42311
2950.0 1150.0 -0.38896
3050.0 1150.0 -0.30846
3150.0 1150.0 -0.20139
3250.0 1150.0 -0.08677
3350.0 1150.0 0.01413
3450.0 1150.0 0.06460
3550.0 1150.0 0.05177
3650.0 1150.0 -0.01447
3750.0 1150.0 -0.10989
3850.0 1150.0 -0.20379
3950.0 1150.0 -0.26620
4050.0 1150.0 -0.27445
4150.0 1150.0 -0.21906
4250.0 1150.0 -0.10900
4350.0 1150.0 0.02753
4450.0 1150.0 0.20500
4550.0 1150.0 0.43627
4650.0 1150.0 0.67748
4750.0 1150.0 0.86575
4850.0 1150.0 0.94895
4950.0 1150.0 0.90375
5050.0 1150.0 0.74192
5150.0 1150.0 0.50498
5250.0 1150.0 0.24701
5350.0 1150.0 0.00584
5450.0 1150.0 -0.21654
5550.0 1150.0 -0.37905
5650.0 1150.0 -0.44220
5750.0 1150.0 -0.39743
5850.0 1150.0 -0.26348
5950.0 1150.0 -0.08028
6050.0 1150.0 0.09999
6150.0 1150.0 0.22435
6250.0 1150.0 0.25316
6350.0 1150.0 0.17688
50.0 1250.0 0.08737
150.0 1250.0 0.09709
250.0 1250.0 0.10383
350.0 1250.0 0.10147
450.0 1250.0 0.08417
550.0 1250.0 0.04907
650.0 1250.0 -0.00230
750.0 1250.0 -0.06405
850.0 1250.0 -0.12730
950.0 1250.0 -0.18292
1050.0 1250.0 -0.22572
1150.0 1250.0 -0.25935
1250.0 1250.0 -0.27766
1350.0 1250.0 -0.25830
1450.0 1250.0 -0.19345
1550.0 1250.0 -0.08888
1650.0 1250.0 0.03981
1750.0 1250.0 0.17146
1850.0 1250.0 0.28401
1950.0 1250.0 0.35957
2050.0 1250.0 0.38992
2150.0 1250.0 0.38241
2250.0 1250.0 0.35643
2350.0 1250.0 0.28380
2450.0 1250.0 0.14631
2550.0 1250.0 -0.03766
2650.0 1250.0 -0.23216
2750.0 1250.0 -0.39879
2850.0 1250.0 -0.50765
2950.0 1250.0 -0.54387
3050.0 1250.0 -0.51006
3150.0 1250.0 -0.42431
3250.0 1250.0 -0.31413
3350.0 1250.0 -0.21370
3450.0 1250.0 -0.15881
3550.0 1250.0 -0.16133
3650.0 1250.0 -0.21260
3750.0 1250.0 -0.29090
3850.0 1250.0 -0.36852
3950.0 1250.0 -0.41820
4050.0 1250.0 -0.41914
4150.0 1250.0 -0.36242
4250.0 1250.0 -0.25593
4350.0 1250.0 -0.12495
4450.0 1250.0 0.04886
4550.0 1250.0 0.28121
4650.0 1250.0 0.52948
4750.0 1250.0 0.73050
4850.0 1250.0 0.83049
4950.0 1250.0 0.80349
5050.0 1250.0 0.65822
5150.0 1250.0 0.43346
5250.0 1250.0 0.18183
5350.0 1250.0 -0.05792
5450.0 1250.0 -0.27884
5550.0 1250.0 -0.43149
5650.0 1250.0 -0.47207
5750.0 1250.0 -0.39248
5850.0 1250.0 -0.21530
5950.0 1250.0 0.01378
6050.0 1250.0 0.23619
6150.0 1250.0 0.39341
6250.0 1250.0 0.44247
6350.0 1250.0 0.37410
50.0 1350.0 0.17013
150.0 1350.0 0.16619
250.0 1350.0 0.14760
350.0 1350.0 0.10576
450.0 1350.0 0.03878
550.0 1350.0 -0.04902
650.0 1350.0 -0.14837
750.0 1350.0 -0.24703
850.0 1350.0 -0.33256
950.0 1350.0 -0.39575
1050.0 1350.0 -0.43482
1150.0 1350.0 -0.45965
1250.0 1350.0 -0.46432
1350.0 1350.0 -0.41934
1450.0 1350.0 -0.31377
1550.0 1350.0 -0.15458
1650.0 1350.0 0.03803
1750.0 1350.0 0.23613
1850.0 1350.0 0.41015
1950.0 1350.0 0.53573
2050.0 1350.0 0.60122
2150.0 1350.0 0.61595
2250.0 1350.0 0.60685
2350.0 1350.0 0.54173
2450.0 1350.0 0.39365
2550.0 1350.0 0.17738
2650.0 1350.0 -0.06940
2750.0 1350.0 -0.30182
2850.0 1350.0 -0.48010
2950.0 1350.0 -0.57827
3050.0 1350.0 -0.58949
3150.0 1350.0 -0.52780
3250.0 1350.0 -0.42647
3350.0 1350.0 -0.33140
3450.0 1350.0 -0.27890
3550.0 1350.0 -0.28153
3650.0 1350.0 -0.33294
3750.0 1350.0 -0.41397
3850.0 1350.0 -0.49874
3950.0 1350.0 -0.56061
4050.0 1350.0 -0.57808
4150.0 1350.0 -0.54055
4250.0 1350.0 -0.45405
4350.0 1350.0 -0.34278
4450.0 1350.0 -0.18558
4550.0 1350.0 0.03840
4650.0 1350.0 0.29006
4750.0 1350.0 0.50711
4850.0 1350.0 0.63365
4950.0 1350.0 0.63896
5050.0 1350.0 0.52539
5150.0 1350.0 0.32528
5250.0 1350.0 0.08707
5350.0 1350.0 -0.14949
5450.0 1350.0 -0.36875
5550.0 1350.0 -0.51114
5650.0 1350.0 -0.52851
5750.0 1350.0 -0.41323
5850.0 1350.0 -0.19183
5950.0 1350.0 0.08408
6050.0 1350.0 0.34948
6150.0 1350.0 0.54019
6250.0 1350.0 0.60989
6350.0 1350.0 0.54957
50.0 1450.0 0.25522
150.0 1450.0 0.22813
250.0 1450.0 0.17382
350.0 1450.0 0.08269
450.0 1450.0 -0.04073
550.0 1450.0 -0.18293
650.0 1450.0 -0.32613
750.0 1450.0 -0.45261
850.0 1450.0 -0.54856
950.0 1450.0 -0.60750
1050.0 1450.0 -0.63325
1150.0 1450.0 -0.64174
1250.0 1450.0 -0.62948
1350.0 1450.0 -0.56525
1450.0 1450.0 -0.43564
1550.0 1450.0 -0.24588
1650.0 1450.0 -0.01585
1750.0 1450.0 0.22505
1850.0 1450.0 0.44432
1950.0 1450.0 0.61393
2050.0 1450.0 0.71911
2150.0 1450.0 0.76842
2250.0 1450.0 0.79175
2350.0 1450.0 0.75628
2450.0 1450.0 0.62878
2550.0 1450.0 0.41764
2650.0 1450.0 0.15707
2750.0 1450.0 -0.10703
2850.0 1450.0 -0.32914
2950.0 1450.0 -0.47408
3050.0 1450.0 -0.52498
3150.0 1450.0 -0.48908
3250.0 1450.0 -0.40151
3350.0 1450.0 -0.31709
3450.0 1450.0 -0.27287
3550.0 1450.0 -0.28366
3650.0 1450.0 -0.34687
3750.0 1450.0 -0.44664
3850.0 1450.0 -0.55858
3950.0 1450.0 -0.65523
4050.0 1450.0 -0.71220
4150.0 1450.0 -0.71504
4250.0 1450.0 -0.66674
4350.0 1450.0 -0.59162
4450.0 1450.0 -0.46666
4550.0 1450.0 -0.26373
4650.0 1450.0 -0.01582
4750.0 1450.0 0.21719
4850.0 1450.0 0.37728
4950.0 1450.0 0.42712
5050.0 1450.0 0.35935
5150.0 1450.0 0.19599
5250.0 1450.0 -0.02171
5350.0 1450.0 -0.25329
5450.0 1450.0 -0.47088
5550.0 1450.0 -0.60435
5650.0 1450.0 -0.60192
5750.0 1450.0 -0.45639
5850.0 1450.0 -0.19762
5950.0 1450.0 0.11779
6050.0 1450.0 0.41936
6150.0 1450.0 0.63822
6250.0 1450.0 0.72523
6350.0 1450.0 0.67169
50.0 1550.0 0.32104
150.0 1550.0 0.26345
250.0 1550.0 0.16777
350.0 1550.0 0.02562
450.0 1550.0 -0.15025
550.0 1550.0 -0.33655
650.0 1550.0 -0.50799
750.0 1550.0 -0.64372
850.0 1550.0 -0.73184
950.0 1550.0 -0.77171
1050.0 1550.0 -0.77438
1150.0 1550.0 -0.76022
1250.0 1550.0 -0.72996
1350.0 1550.0 -0.65747
1450.0 1550.0 -0.52808
1550.0 1550.0 -0.34197
1650.0 1550.0 -0.11291
1750.0 1550.0 0.13494
1850.0 1550.0 0.37214
1950.0 1550.0 0.57101
2050.0 1550.0 0.71457
2150.0 1550.0 0.80740
2250.0 1550.0 0.87617
2350.0 1550.0 0.89024
2450.0 1550.0 0.81311
2550.0 1550.0 0.64450
2650.0 1550.0 0.41018
2750.0 1550.0 0.15150
2850.0 1550.0 -0.08492
2950.0 1550.0 -0.25740
3050.0 1550.0 -0.33926
3150.0 1550.0 -0.32873
3250.0 1550.0 -0.25875
3350.0 1550.0 -0.18881
3450.0 1550.0 -0.15525
3550.0 1550.0 -0.17574
3650.0 1550.0 -0.25301
3750.0 1550.0 -0.37596
3850.0 1550.0 -0.52260
3950.0 1550.0 -0.66469
4050.0 1550.0 -0.77420
4150.0 1550.0 -0.83152
4250.0 1550.0 -0.83539
4350.0 1550.0 -0.81002
4450.0 1550.0 -0.73091
4550.0 1550.0 -0.56155
4650.0 1550.0 -0.32693
4750.0 1550.0 -0.08280
4850.0 1550.0 0.11121
4950.0 1550.0 0.21042
5050.0 1550.0 0.19572
5150.0 1550.0 0.07614
5250.0 1550.0 -0.11666
5350.0 1550.0 -0.34206
5450.0 1550.0 -0.55829
5550.0 1550.0 -0.68624
5650.0 1550.0 -0.67199
5750.0 1550.0 -0.50871
5850.0 1550.0 -0.22819
5950.0 1550.0 0.11008
6050.0 1550.0 0.43248
6150.0 1550.0 0.66749
6250.0 1550.0 0.76441
6350.0 1550.0 0.71475
50.0 1650.0 0.34944
150.0 1650.0 0.25804
250.0 1650.0 0.12167
350.0 1650.0 -0.06431
450.0 1650.0 -0.27828
550.0 1650.0 -0.48826
650.0 1650.0 -0.66393
750.0 1650.0 -0.78481
850.0 1650.0 -0.84447
950.0 1650.0 -0.85087
1050.0 1650.0 -0.82287
1150.0 1650.0 -0.78253
1250.0 1650.0 -0.73581
1350.0 1650.0 -0.66828
1450.0 1650.0 -0.56550
1550.0 1650.0 -0.41979
1650.0 1650.0 -0.23339
1750.0 1650.0 -0.01872
1850.0 1650.0 0.20394
1950.0 1650.0 0.41160
2050.0 1650.0 0.58634
2150.0 1650.0 0.72592
2250.0 1650.0 0.84734
2350.0 1650.0 0.92374
2450.0 1650.0 0.91817
2550.0 1650.0 0.82051
2650.0 1650.0 0.64455
2750.0 1650.0 0.42268
2850.0 1650.0 0.19852
2950.0 1650.0 0.01739
3050.0 1650.0 -0.08526
3150.0 1650.0 -0.09754
3250.0 1650.0 -0.04693
3350.0 1650.0 0.00716
3450.0 1650.0 0.03199
3550.0 1650.0 0.00742
3650.0 1650.0 -0.07572
3750.0 1650.0 -0.21303
3850.0 1650.0 -0.38694
3950.0 1650.0 -0.57005
4050.0 1650.0 -0.73157
4150.0 1650.0 -0.84666
4250.0 1650.0 -0.90887
4350.0 1650.0 -0.94056
4450.0 1650.0 -0.91551
4550.0 1650.0 -0.78914
4650.0 1650.0 -0.57754
4750.0 1650.0 -0.33107
4850.0 1650.0 -0.10980
4950.0 1650.0 0.03471
5050.0 1650.0 0.07142
5150.0 1650.0 -0.00441
5250.0 1650.0 -0.17179
5350.0 1650.0 -0.39075
5450.0 1650.0 -0.60619
5550.0 1650.0 -0.73329
5650.0 1650.0 -0.71817
5750.0 1650.0 -0.55407
5850.0 1650.0 -0.27291
5950.0 1650.0 0.06577
6050.0 1650.0 0.38835
6150.0 1650.0 0.62338
6250.0 1650.0 0.72027
6350.0 1650.0 0.67060
50.0 1750.0 0.33237
150.0 1750.0 0.20855
250.0 1750.0 0.03814
350.0 1750.0 -0.17770
450.0 1750.0 -0.40904
550.0 1750.0 -0.61762
650.0 1750.0 -0.77153
750.0 1750.0 -0.85421
850.0 1750.0 -0.86771
950.0 1750.0 -0.83026
1050.0 1750.0 -0.76801
1150.0 1750.0 -0.70157
1250.0 1750.0 -0.64204
1350.0 1750.0 -0.59150
1450.0 1750.0 -0.53711
1550.0 1750.0 -0.46173
1650.0 1750.0 -0.35233
1750.0 1750.0 -0.20494
1850.0 1750.0 -0.02603
1950.0 1750.0 0.16960
2050.0 1750.0 0.36449
2150.0 1750.0 0.54771
2250.0 1750.0 0.72159
2350.0 1750.0 0.86300
2450.0 1750.0 0.93654
2550.0 1750.0 0.92239
2650.0 1750.0 0.82109
2750.0 1750.0 0.65395
2850.0 1750.0 0.45906
2950.0 1750.0 0.28309
3050.0 1750.0 0.16865
3150.0 1750.0 0.13752
3250.0 1750.0 0.16947
3350.0 1750.0 0.20903
3450.0 1750.0 0.23069
3550.0 1750.0 0.21320
3650.0 1750.0 0.14038
3750.0 1750.0 0.00808
3850.0 1750.0 -0.17310
3950.0 1750.0 -0.37936
4050.0 1750.0 -0.57937
4150.0 1750.0 -0.74427
4250.0 1750.0 -0.86187
4350.0 1750.0 -0.95004
4450.0 1750.0 -0.98000
4550.0 1750.0 -0.90063
4650.0 1750.0 -0.71952
4750.0 1750.0 -0.48100
4850.0 1750.0 -0.24428
4950.0 1750.0 -0.06614
5050.0 1750.0 0.01214
5150.0 1750.0 -0.02676
5250.0 1750.0 -0.17207
5350.0 1750.0 -0.38527
5450.0 1750.0 -0.60061
5550.0 1750.0 -0.73164
5650.0 1750.0 -0.72662
5750.0 1750.0 -0.57866
5850.0 1750.0 -0.31793
5950.0 1750.0 -0.00121
6050.0 1750.0 0.30100
6150.0 1750.0 0.52002
6250.0 1750.0 0.60699
6350.0 1750.0 0.55347
50.0 1850.0 0.27428
150.0 1850.0 0.12379
250.0 1850.0 -0.06987
350.0 1850.0 -0.29863
450.0 1850.0 -0.52593
550.0 1850.0 -0.71030
650.0 1850.0 -0.82158
750.0 1850.0 -0.84989
850.0 1850.0 -0.80738
950.0 1850.0 -0.72257
1050.0 1850.0 -0.62754
1150.0 1850.0 -0.53864
1250.0 1850.0 -0.47109
1350.0 1850.0 -0.44504
1450.0 1850.0 -0.45023
1550.0 1850.0 -0.45996
1650.0 1850.0 -0.44506
1750.0 1850.0 -0.38360
1850.0 1850.0 -0.26636
1950.0 1850.0 -0.09818
2050.0 1850.0 0.10501
2150.0 1850.0 0.32327
2250.0 1850.0 0.54201
2350.0 1850.0 0.74023
2450.0 1850.0 0.88465
2550.0 1850.0 0.94717
2650.0 1850.0 0.91649
2750.0 1850.0 0.80354
2850.0 1850.0 0.64067
2950.0 1850.0 0.47471
3050.0 1850.0 0.35383
3150.0 1850.0 0.30816
3250.0 1850.0 0.32439
3350.0 1850.0 0.35311
3450.0 1850.0 0.37931
3550.0 1850.0 0.38252
3650.0 1850.0 0.33980
3750.0 1850.0 0.23717
3850.0 1850.0 0.07580
3950.0 1850.0 -0.12714
4050.0 1850.0 -0.34283
4150.0 1850.0 -0.54046
4250.0 1850.0 -0.70217
4350.0 1850.0 -0.83846
4450.0 1850.0 -0.91679
4550.0 1850.0 -0.88191
4650.0 1850.0 -0.73445
4750.0 1850.0 -0.51289
4850.0 1850.0 -0.27444
4950.0 1850.0 -0.07869
5050.0 1850.0 0.02579
5150.0 1850.0 0.01206
5250.0 1850.0 -0.11751
5350.0 1850.0 -0.32643
5450.0 1850.0 -0.54226
5550.0 1850.0 -0.68077
5650.0 1850.0 -0.69386
5750.0 1850.0 -0.57435
5850.0 1850.0 -0.34927
5950.0 1850.0 -0.07064
6050.0 1850.0 0.19642
6150.0 1850.0 0.38790
6250.0 1850.0 0.45785
6350.0 1850.0 0.39770
50.0 1950.0 0.19029
150.0 1950.0 0.02192
250.0 1950.0 -0.18269
350.0 1950.0 -0.40871
450.0 1950.0 -0.61536
550.0 1950.0 -0.76090
650.0 1950.0 -0.81936
750.0 1950.0 -0.78873
850.0 1950.0 -0.69095
950.0 1950.0 -0.56334
1050.0 1950.0 -0.44177
1150.0 1950.0 -0.33684
1250.0 1950.0 -0.26597
1350.0 1950.0 -0.26535
1450.0 1950.0 -0.32743
1550.0 1950.0 -0.41764
1650.0 1950.0 -0.49284
1750.0 1950.0 -0.51519
1850.0 1950.0 -0.46125
1950.0 1950.0 -0.32639
2050.0 1950.0 -0.12458
2150.0 1950.0 0.11663
2250.0 1950.0 0.36698
2350.0 1950.0 0.60467
2450.0 1950.0 0.79753
2550.0 1950.0 0.91161
2650.0 1950.0 0.92752
2750.0 1950.0 0.84929
2850.0 1950.0 0.70569
2950.0 1950.0 0.54416
3050.0 1950.0 0.41702
3150.0 1950.0 0.36037
3250.0 1950.0 0.36540
3350.0 1950.0 0.38844
3450.0 1950.0 0.42712
3550.0 1950.0 0.46371
3650.0 1950.0 0.46947
3750.0 1950.0 0.42027
3850.0 1950.0 0.30618
3950.0 1950.0 0.13510
4050.0 1950.0 -0.06970
4150.0 1950.0 -0.27794
4250.0 1950.0 -0.46678
4350.0 1950.0 -0.63695
4450.0 1950.0 -0.75091
4550.0 1950.0 -0.75190
4650.0 1950.0 -0.63594
4750.0 1950.0 -0.43672
4850.0 1950.0 -0.20867
4950.0 1950.0 -0.01180
5050.0 1950.0 0.10175
5150.0 1950.0 0.09936
5250.0 1950.0 -0.02223
5350.0 1950.0 -0.22876
5450.0 1950.0 -0.44545
5550.0 1950.0 -0.59281
5650.0 1950.0 -0.62689
5750.0 1950.0 -0.54013
5850.0 1950.0 -0.35600
5950.0 1950.0 -0.12097
6050.0 1950.0 0.10588
6150.0 1950.0 0.26593
6250.0 1950.0 0.31647
6350.0 1950.0 0.24875
50.0 2050.0 0.10025
150.0 2050.0 -0.07642
250.0 2050.0 -0.28104
350.0 2050.0 -0.49339
450.0 2050.0 -0.67093
550.0 2050.0 -0.77391
650.0 2050.0 -0.78153
750.0 2050.0 -0.69914
850.0 2050.0 -0.55650
950.0 2050.0 -0.39704
1050.0 2050.0 -0.25822
1150.0 2050.0 -0.14481
1250.0 2050.0 -0.07421
1350.0 2050.0 -0.09361
1450.0 2050.0 -0.19770
1550.0 2050.0 -0.34681
1650.0 2050.0 -0.48844
1750.0 2050.0 -0.57378
1850.0 2050.0 -0.56931
1950.0 2050.0 -0.46351
2050.0 2050.0 -0.26850
2150.0 2050.0 -0.01692
2250.0 2050.0 0.24948
2350.0 2050.0 0.50474
2450.0 2050.0 0.71552
2550.0 2050.0 0.84481
2650.0 2050.0 0.87019
2750.0 2050.0 0.79406
2850.0 2050.0 0.64558
2950.0 2050.0 0.47443
3050.0 2050.0 0.33641
3150.0 2050.0 0.27081
3250.0 2050.0 0.26963
3350.0 2050.0 0.29238
3450.0 2050.0 0.34988
3550.0 2050.0 0.42879
3650.0 2050.0 0.49601
3750.0 2050.0 0.51782
3850.0 2050.0 0.47266
3950.0 2050.0 0.35744
4050.0 2050.0 0.18758
4150.0 2050.0 -0.00947
4250.0 2050.0 -0.20700
4350.0 2050.0 -0.39456
4450.0 2050.0 -0.52861
4550.0 2050.0 -0.55316
4650.0 2050.0 -0.46217
4750.0 2050.0 -0.28606
4850.0 2050.0 -0.07638
4950.0 2050.0 0.10846
5050.0 2050.0 0.21620
5150.0 2050.0 0.21249
5250.0 2050.0 0.09154
5350.0 2050.0 -0.11447
5450.0 2050.0 -0.33206
5550.0 2050.0 -0.48732
5650.0 2050.0 -0.53988
5750.0 2050.0 -0.48184
5850.0 2050.0 -0.33353
5950.0 2050.0 -0.13660
6050.0 2050.0 0.05518
6150.0 2050.0 0.18782
6250.0 2050.0 0.22145
6350.0 2050.0 0.14714
50.0 2150.0 0.01850
150.0 2150.0 -0.15901
250.0 2150.0 -0.35664
350.0 2150.0 -0.55045
450.0 2150.0 -0.69801
550.0 2150.0 -0.76266
650.0 2150.0 -0.72865
750.0 2150.0 -0.60717
850.0 2150.0 -0.43333
950.0 2150.0 -0.25400
1050.0 2150.0 -0.10660
1150.0 2150.0 0.00917
1250.0 2150.0 0.07762
1350.0 2150.0 0.04610
1450.0 2150.0 -0.08146
1550.0 2150.0 -0.26313
1650.0 2150.0 -0.44181
1750.0 2150.0 -0.56314
1850.0 2150.0 -0.58834
1950.0 2150.0 -0.50202
2050.0 2150.0 -0.31508
2150.0 2150.0 -0.06250
2250.0 2150.0 0.20728
2350.0 2150.0 0.46143
2450.0 2150.0 0.66296
2550.0 2150.0 0.77403
2650.0 2150.0 0.77376
2750.0 2150.0 0.66784
2850.0 2150.0 0.48973
2950.0 2150.0 0.29346
3050.0 2150.0 0.13818
3150.0 2150.0 0.06414
3250.0 2150.0 0.06062
3350.0 2150.0 0.08708
3450.0 2150.0 0.16698
3550.0 2150.0 0.29228
3650.0 2150.0 0.42685
3750.0 2150.0 0.52842
3850.0 2150.0 0.56406
3950.0 2150.0 0.51917
4050.0 2150.0 0.39998
4150.0 2150.0 0.22963
4250.0 2150.0 0.03764
4350.0 2150.0 -0.15398
4450.0 2150.0 -0.29515
4550.0 2150.0 -0.33200
4650.0 2150.0 -0.25845
4750.0 2150.0 -0.10311
4850.0 2150.0 0.08513
4950.0 2150.0 0.25059
5050.0 2150.0 0.34320
5150.0 2150.0 0.32981
5250.0 2150.0 0.20446
5350.0 2150.0 -0.00235
5450.0 2150.0 -0.22069
5550.0 2150.0 -0.38167
5650.0 2150.0 -0.44746
5750.0 2150.0 -0.40991
5850.0 2150.0 -0.28708
5950.0 2150.0 -0.11723
6050.0 2150.0 0.04966
6150.0 2150.0 0.16287
6250.0 2150.0 0.18451
6350.0 2150.0 0.10553
50.0 2250.0 -0.06076
150.0 2250.0 -0.23532
250.0 2250.0 -0.42234
350.0 2250.0 -0.59491
450.0 2250.0 -0.71151
550.0 2250.0 -0.73904
650.0 2250.0 -0.66672
750.0 2250.0 -0.51096
850.0 2250.0 -0.31115
950.0 2250.0 -0.11646
1050.0 2250.0 0.03646
1150.0 2250.0 0.15258
1250.0 2250.0 0.21840
1350.0 2250.0 0.17766
1450.0 2250.0 0.03311
1550.0 2250.0 -0.17208
1650.0 2250.0 -0.37797
1750.0 2250.0 -0.52650
1850.0 2250.0 -0.57518
1950.0 2250.0 -0.50576
2050.0 2250.0 -0.32797
2150.0 2250.0 -0.07820
2250.0 2250.0 0.19012
2350.0 2250.0 0.43643
2450.0 2250.0 0.61938
2550.0 2250.0 0.70103
2650.0 2250.0 0.66348
2750.0 2250.0 0.51725
2850.0 2250.0 0.30130
2950.0 2250.0 0.07464
3050.0 2250.0 -0.10039
3150.0 2250.0 -0.18324
3250.0 2250.0 -0.18851
3350.0 2250.0 -0.15776
3450.0 2250.0 -0.05525
3550.0 2250.0 0.11677
3650.0 2250.0 0.31980
3750.0 2250.0 0.50361
3850.0 2250.0 0.62410
3950.0 2250.0 0.65493
4050.0 2250.0 0.59260
4150.0 2250.0 0.45515
4250.0 2250.0 0.27440
4350.0 2250.0 0.08399
4450.0 2250.0 -0.05911
4550.0 2250.0 -0.10369
4650.0 2250.0 -0.04429
4750.0 2250.0 0.09174
4850.0 2250.0 0.25807
4950.0 2250.0 0.40214
5050.0 2250.0 0.47690
5150.0 2250.0 0.45142
5250.0 2250.0 0.32044
5350.0 2250.0 0.11289
5450.0 2250.0 -0.10566
5550.0 2250.0 -0.27134
5650.0 2250.0 -0.34869
5750.0 2250.0 -0.32941
5850.0 2250.0 -0.22955
5950.0 2250.0 -0.08429
6050.0 2250.0 0.05983
6150.0 2250.0 0.15517
6250.0 2250.0 0.16573
6350.0 2250.0 0.08238
50.0 2350.0 -0.16015
150.0 2350.0 -0.31924
250.0 2350.0 -0.48148
350.0 2350.0 -0.61761
450.0 2350.0 -0.68891
550.0 2350.0 -0.66775
650.0 2350.0 -0.54952
750.0 2350.0 -0.35593
850.0 2350.0 -0.12969
950.0 2350.0 0.07942
1050.0 2350.0 0.23716
1150.0 2350.0 0.35362
1250.0 2350.0 0.41627
1350.0 2350.0 0.36374
1450.0 2350.0 0.19642
1550.0 2350.0 -0.04178
1650.0 2350.0 -0.28772
1750.0 2350.0 -0.47846
1850.0 2350.0 -0.56600
1950.0 2350.0 -0.52728
2050.0 2350.0 -0.36940
2150.0 2350.0 -0.13009
2250.0 2350.0 0.13055
2350.0 2350.0 0.36536
2450.0 2350.0 0.53041
2550.0 2350.0 0.58778
2650.0 2350.0 0.52146
2750.0 2350.0 0.34489
2850.0 2350.0 0.10030
2950.0 2350.0 -0.15042
3050.0 2350.0 -0.34313
3150.0 2350.0 -0.43720
3250.0 2350.0 -0.44957
3350.0 2350.0 -0.42069
3450.0 2350.0 -0.30210
3550.0 2350.0 -0.08875
3650.0 2350.0 0.18060
3750.0 2350.0 0.44917
3850.0 2350.0 0.66201
3950.0 2350.0 0.77995
4050.0 2350.0 0.78759
4150.0 2350.0 0.69541
4250.0 2350.0 0.53589
4350.0 2350.0 0.35506
4450.0 2350.0 0.21764
4550.0 2350.0 0.17116
4650.0 2350.0 0.21977
4750.0 2350.0 0.33729
4850.0 2350.0 0.48043
4950.0 2350.0 0.60079
5050.0 2350.0 0.65565
5150.0 2350.0 0.61757
5250.0 2350.0 0.48280
5350.0 2350.0 0.27847
5450.0 2350.0 0.06377
5550.0 2350.0 -0.10585
5650.0 2350.0 -0.19948
5750.0 2350.0 -0.20915
5850.0 2350.0 -0.14792
5950.0 2350.0 -0.04571
6050.0 2350.0 0.05729
6150.0 2350.0 0.11945
6250.0 2350.0 0.10887
6350.0 2350.0 0.01692
50.0 2450.0 -0.27584
150.0 2450.0 -0.39892
250.0 2450.0 -0.51501
350.0 2450.0 -0.59446
450.0 2450.0 -0.60428
550.0 2450.0 -0.52460
650.0 2450.0 -0.35771
750.0 2450.0 -0.12940
850.0 2450.0 0.11712
950.0 2450.0 0.33498
1050.0 2450.0 0.49492
1150.0 2450.0 0.61165
1250.0 2450.0 0.67122
1350.0 2450.0 0.60597
1450.0 2450.0 0.41233
1550.0 2450.0 0.13361
1650.0 2450.0 -0.16429
1750.0 2450.0 -0.41286
1850.0 2450.0 -0.55689
1950.0 2450.0 -0.56624
2050.0 2450.0 -0.44331
2150.0 2450.0 -0.22652
2250.0 2450.0 0.01614
2350.0 2450.0 0.23396
2450.0 2450.0 0.38379
2550.0 2450.0 0.42798
2650.0 2450.0 0.35027
2750.0 2450.0 0.16343
2850.0 2450.0 -0.09127
2950.0 2450.0 -0.35296
3050.0 2450.0 -0.55832
3150.0 2450.0 -0.66703
3250.0 2450.0 -0.69544
3350.0 2450.0 -0.67954
3450.0 2450.0 -0.55952
3550.0 2450.0 -0.32123
3650.0 2450.0 0.00012
3750.0 2450.0 0.34496
3850.0 2450.0 0.64964
3950.0 2450.0 0.86217
4050.0 2450.0 0.95312
4150.0 2450.0 0.92200
4250.0 2450.0 0.79887
4350.0 2450.0 0.64156
4450.0 2450.0 0.52265
4550.0 2450.0 0.48442
4650.0 2450.0 0.52859
4750.0 2450.0 0.62991
4850.0 2450.0 0.74885
4950.0 2450.0 0.84269
5050.0 2450.0 0.87510
5150.0 2450.0 0.82420
5250.0 2450.0 0.68907
5350.0 2450.0 0.49469
5450.0 2450.0 0.29091
5550.0 2450.0 0.12063
5650.0 2450.0 0.00740
5750.0 2450.0 -0.04210
5850.0 2450.0 -0.03702
5950.0 2450.0 0.00051
6050.0 2450.0 0.04016
6150.0 2450.0 0.05011
6250.0 2450.0 0.00564
6350.0 2450.0 -0.10041
50.0 2550.0 -0.38288
150.0 2550.0 -0.44979
250.0 2550.0 -0.50163
350.0 2550.0 -0.51153
450.0 2550.0 -0.45485
550.0 2550.0 -0.32055
650.0 2550.0 -0.11664
750.0 2550.0 0.13017
850.0 2550.0 0.38078
950.0 2550.0 0.59569
1050.0 2550.0 0.75303
1150.0 2550.0 0.86986
1250.0 2550.0 0.92787
1350.0 2550.0 0.85385
1450.0 2550.0 0.63925
1550.0 2550.0 0.32472
1650.0 2550.0 -0.02305
1750.0 2550.0 -0.33124
1850.0 2550.0 -0.53765
1950.0 2550.0 -0.60416
2050.0 2550.0 -0.52701
2150.0 2550.0 -0.34384
2250.0 2550.0 -0.12947
2350.0 2550.0 0.06662
2450.0 2550.0 0.20595
2550.0 2550.0 0.25141
2650.0 2550.0 0.18399
2750.0 2550.0 0.01161
2850.0 2550.0 -0.23030
2950.0 2550.0 -0.48639
3050.0 2550.0 -0.69716
3150.0 2550.0 -0.82304
3250.0 2550.0 -0.87640
3350.0 2550.0 -0.88581
3450.0 2550.0 -0.78433
3550.0 2550.0 -0.54818
3650.0 2550.0 -0.20456
3750.0 2550.0 0.18972
3850.0 2550.0 0.56706
3950.0 2550.0 0.86518
4050.0 2550.0 1.04059
4150.0 2550.0 1.07946
4250.0 2550.0 1.00577
4350.0 2550.0 0.88595
4450.0 2550.0 0.79872
4550.0 2550.0 0.77961
4650.0 2550.0 0.82679
4750.0 2550.0 0.91564
4850.0 2550.0 1.01092
4950.0 2550.0 1.07694
5050.0 2550.0 1.08563
5150.0 2550.0 1.02258
5250.0 2550.0 0.89096
5350.0 2550.0 0.71339
5450.0 2550.0 0.52810
5550.0 2550.0 0.36335
5650.0 2550.0 0.23376
5750.0 2550.0 0.14368
5850.0 2550.0 0.08764
5950.0 2550.0 0.05210
6050.0 2550.0 0.01833
6150.0 2550.0 -0.03345
6250.0 2550.0 -0.11873
6350.0 2550.0 -0.24211
50.0 2650.0 -0.45291
150.0 2650.0 -0.44975
250.0 2650.0 -0.42847
350.0 2650.0 -0.36865
450.0 2650.0 -0.25566
550.0 2650.0 -0.08646
650.0 2650.0 0.12833
750.0 2650.0 0.36591
850.0 2650.0 0.59664
950.0 2650.0 0.79283
1050.0 2650.0 0.94144
1150.0 2650.0 1.05810
1250.0 2650.0 1.11739
1350.0 2650.0 1.04346
1450.0 2650.0 0.82272
1550.0 2650.0 0.49084
1650.0 2650.0 0.11197
1750.0 2650.0 -0.24008
1850.0 2650.0 -0.49856
1950.0 2650.0 -0.61858
2050.0 2650.0 -0.58975
2150.0 2650.0 -0.44693
2250.0 2650.0 -0.26824
2350.0 2650.0 -0.09633
2450.0 2650.0 0.03842
2550.0 2650.0 0.09960
2650.0 2650.0 0.06327
2750.0 2650.0 -0.07123
2850.0 2650.0 -0.27859
2950.0 2650.0 -0.51293
3050.0 2650.0 -0.72125
3150.0 2650.0 -0.86499
3250.0 2650.0 -0.94963
3350.0 2650.0 -0.99467
3450.0 2650.0 -0.93258
3550.0 2650.0 -0.73109
3650.0 2650.0 -0.40548
3750.0 2650.0 -0.00350
3850.0 2650.0 0.40972
3950.0 2650.0 0.76666
4050.0 2650.0 1.01233
4150.0 2650.0 1.11910
4250.0 2650.0 1.10155
4350.0 2650.0 1.02929
4450.0 2650.0 0.98354
4550.0 2650.0 0.99216
4650.0 2650.0 1.04907
4750.0 2650.0 1.12988
4850.0 2650.0 1.20384
4950.0 2650.0 1.24297
5050.0 2650.0 1.22858
5150.0 2650.0 1.15492
5250.0 2650.0 1.03014
5350.0 2650.0 0.87448
5450.0 2650.0 0.71366
5550.0 2650.0 0.56245
5650.0 2650.0 0.42695
5750.0 2650.0 0.30820
5850.0 2650.0 0.20294
5950.0 2650.0 0.10473
6050.0 2650.0 0.00537
6150.0 2650.0 -0.10325
6250.0 2650.0 -0.22707
6350.0 2650.0 -0.36728
50.0 2750.0 -0.46647
150.0 2750.0 -0.38887
250.0 2750.0 -0.29688
350.0 2750.0 -0.17995
450.0 2750.0 -0.03360
550.0 2750.0 0.13970
650.0 2750.0 0.33103
750.0 2750.0 0.52675
850.0 2750.0 0.71156
950.0 2750.0 0.87295
1050.0 2750.0 1.00686
1150.0 2750.0 1.12305
1250.0 2750.0 1.18708
1350.0 2750.0 1.12489
1450.0 2750.0 0.91876
1550.0 2750.0 0.59731
1650.0 2750.0 0.21826
1750.0 2750.0 -0.14811
1850.0 2750.0 -0.43468
1950.0 2750.0 -0.59265
2050.0 2750.0 -0.60580
2150.0 2750.0 -0.50415
2250.0 2750.0 -0.36381
2350.0 2750.0 -0.21567
2450.0 2750.0 -0.07984
2550.0 2750.0 0.00808
2650.0 2750.0 0.01780
2750.0 2750.0 -0.06226
2850.0 2750.0 -0.21964
2950.0 2750.0 -0.42036
3050.0 2750.0 -0.61956
3150.0 2750.0 -0.77991
3250.0 2750.0 -0.89805
3350.0 2750.0 -0.98456
3450.0 2750.0 -0.97864
3550.0 2750.0 -0.84203
3650.0 2750.0 -0.57563
3750.0 2750.0 -0.21265
3850.0 2750.0 0.19091
3950.0 2750.0 0.56854
4050.0 2750.0 0.85828
4150.0 2750.0 1.02037
4250.0 2750.0 1.05778
4350.0 2750.0 1.03679
4450.0 2750.0 1.03665
4550.0 2750.0 1.07734
4650.0 2750.0 1.14834
4750.0 2750.0 1.22520
4850.0 2750.0 1.28137
4950.0 2750.0 1.29656
5050.0 2750.0 1.26149
5150.0 2750.0 1.17929
5250.0 2750.0 1.06336
5350.0 2750.0 0.93172
5450.0 2750.0 0.79834
5550.0 2750.0 0.66859
5650.0 2750.0 0.54231
5750.0 2750.0 0.41665
5850.0 2750.0 0.28809
5950.0 2750.0 0.15384
6050.0 2750.0 0.01271
6150.0 2750.0 -0.13465
6250.0 2750.0 -0.28613
6350.0 2750.0 -0.43908
50.0 2850.0 -0.41958
150.0 2850.0 -0.27360
250.0 2850.0 -0.12364
350.0 2850.0 0.02874
450.0 2850.0 0.17918
550.0 2850.0 0.32314
650.0 2850.0 0.45780
750.0 2850.0 0.58286
850.0 2850.0 0.70062
950.0 2850.0 0.81505
1050.0 2850.0 0.93001
1150.0 2850.0 1.04548
1250.0 2850.0 1.11744
1350.0 2850.0 1.07826
1450.0 2850.0 0.90776
1550.0 2850.0 0.62622
1650.0 2850.0 0.28154
1750.0 2850.0 -0.06402
1850.0 2850.0 -0.34775
1950.0 2850.0 -0.52070
2050.0 2850.0 -0.56254
2150.0 2850.0 -0.49685
2250.0 2850.0 -0.39229
2350.0 2850.0 -0.26485
2450.0 2850.0 -0.12399
2550.0 2850.0 -0.00456
2650.0 2850.0 0.05655
2750.0 2850.0 0.03642
2850.0 2850.0 -0.06574
2950.0 2850.0 -0.22829
3050.0 2850.0 -0.41466
3150.0 2850.0 -0.58875
3250.0 2850.0 -0.73808
3350.0 2850.0 -0.86601
3450.0 2850.0 -0.92463
3550.0 2850.0 -0.87289
3650.0 2850.0 -0.69689
3750.0 2850.0 -0.41209
3850.0 2850.0 -0.06025
3950.0 2850.0 0.29900
4050.0 2850.0 0.60194
4150.0 2850.0 0.79990
4250.0 2850.0 0.88371
4350.0 2850.0 0.91061
4450.0 2850.0 0.95357
4550.0 2850.0 1.02538
4650.0 2850.0 1.11138
4750.0 2850.0 1.18693
4850.0 2850.0 1.22914
4950.0 2850.0 1.22449
5050.0 2850.0 1.17221
5150.0 2850.0 1.08350
5250.0 2850.0 0.97660
5350.0 2850.0 0.86762
5450.0 2850.0 0.76098
5550.0 2850.0 0.65841
5650.0 2850.0 0.55703
5750.0 2850.0 0.45002
5850.0 2850.0 0.33082
5950.0 2850.0 0.19592
6050.0 2850.0 0.04608
6150.0 2850.0 -0.11384
6250.0 2850.0 -0.27662
6350.0 2850.0 -0.43580
50.0 2950.0 -0.32469
150.0 2950.0 -0.12543
250.0 2950.0 0.06263
350.0 2950.0 0.22547
450.0 2950.0 0.35226
550.0 2950.0 0.43991
650.0 2950.0 0.49488
750.0 2950.0 0.53236
850.0 2950.0 0.57272
950.0 2950.0 0.63542
1050.0 2950.0 0.73009
1150.0 2950.0 0.84472
1250.0 2950.0 0.92661
1350.0 2950.0 0.91825
1450.0 2950.0 0.79891
1550.0 2950.0 0.58043
1650.0 2950.0 0.29898
1750.0 2950.0 0.00542
1850.0 2950.0 -0.24585
1950.0 2950.0 -0.40949
2050.0 2950.0 -0.46326
2150.0 2950.0 -0.42361
2250.0 2950.0 -0.34757
2350.0 2950.0 -0.23585
2450.0 2950.0 -0.08887
2550.0 2950.0 0.05914
2650.0 2950.0 0.16565
2750.0 2950.0 0.19811
2850.0 2950.0 0.14447
2950.0 2950.0 0.01595
3050.0 2950.0 -0.15792
3150.0 2950.0 -0.34204
3250.0 2950.0 -0.51620
3350.0 2950.0 -0.67949
3450.0 2950.0 -0.80011
3550.0 2950.0 -0.83728
3650.0 2950.0 -0.76410
3750.0 2950.0 -0.57821
3850.0 2950.0 -0.30502
3950.0 2950.0 0.00648
4050.0 2950.0 0.29541
4150.0 2950.0 0.50808
4250.0 2950.0 0.62450
4350.0 2950.0 0.68952
4450.0 2950.0 0.76699
4550.0 2950.0 0.86378
4650.0 2950.0 0.96194
4750.0 2950.0 1.03664
4850.0 2950.0 1.06791
4950.0 2950.0 1.04761
5050.0 2950.0 0.98175
5150.0 2950.0 0.88795
5250.0 2950.0 0.78833
5350.0 2950.0 0.69749
5450.0 2950.0 0.61328
5550.0 2950.0 0.53983
5650.0 2950.0 0.47531
5750.0 2950.0 0.40937
5850.0 2950.0 0.33019
5950.0 2950.0 0.22929
6050.0 2950.0 0.10422
6150.0 2950.0 -0.04100
6250.0 2950.0 -0.19755
6350.0 2950.0 -0.35575
50.0 3050.0 -0.20608
150.0 3050.0 0.02590
250.0 3050.0 0.22984
350.0 3050.0 0.38079
450.0 3050.0 0.46448
550.0 3050.0 0.48192
650.0 3050.0 0.45015
750.0 3050.0 0.39918
850.0 3050.0 0.36524
950.0 3050.0 0.38005
1050.0 3050.0 0.45640
1150.0 3050.0 0.57022
1250.0 3050.0 0.66237
1350.0 3050.0 0.68721
1450.0 3050.0 0.62526
1550.0 3050.0 0.48099
1650.0 3050.0 0.27880
1750.0 3050.0 0.05693
1850.0 3050.0 -0.14082
1950.0 3050.0 -0.27540
2050.0 3050.0 -0.32487
2150.0 3050.0 -0.29898
2250.0 3050.0 -0.24120
2350.0 3050.0 -0.13952
2450.0 3050.0 0.01152
2550.0 3050.0 0.17808
2650.0 3050.0 0.31399
2750.0 3050.0 0.38049
2850.0 3050.0 0.35825
2950.0 3050.0 0.25179
3050.0 3050.0 0.08608
3150.0 3050.0 -0.10443
3250.0 3050.0 -0.29451
3350.0 3050.0 -0.48246
3450.0 3050.0 -0.65213
3550.0 3050.0 -0.76510
3650.0 3050.0 -0.78513
3750.0 3050.0 -0.69518
3850.0 3050.0 -0.50576
3950.0 3050.0 -0.25440
4050.0 3050.0 0.00358
4150.0 3050.0 0.21319
4250.0 3050.0 0.34652
4350.0 3050.0 0.43581
4450.0 3050.0 0.53512
4550.0 3050.0 0.64700
4650.0 3050.0 0.75134
4750.0 3050.0 0.82333
4850.0 3050.0 0.84514
4950.0 3050.0 0.81244
5050.0 3050.0 0.73590
5150.0 3050.0 0.63750
5250.0 3050.0 0.54189
5350.0 3050.0 0.46256
5450.0 3050.0 0.39385
5550.0 3050.0 0.34713
5650.0 3050.0 0.32476
5750.0 3050.0 0.31375
5850.0 3050.0 0.29577
5950.0 3050.0 0.25439
6050.0 3050.0 0.17986
6150.0 3050.0 0.07111
6250.0 3050.0 -0.06478
6350.0 3050.0 -0.21585
50.0 3150.0 -0.08950
150.0 3150.0 0.15472
250.0 3150.0 0.35537
350.0 3150.0 0.47942
450.0 3150.0 0.51195
550.0 3150.0 0.45942
650.0 3150.0 0.34880
750.0 3150.0 0.22226
850.0 3150.0 0.12767
950.0 3150.0 0.10478
1050.0 3150.0 0.16709
1150.0 3150.0 0.28023
1250.0 3150.0 0.38150
1350.0 3150.0 0.43688
1450.0 3150.0 0.42929
1550.0 3150.0 0.35774
1650.0 3150.0 0.23648
1750.0 3150.0 0.09184
1850.0 3150.0 -0.04330
1950.0 3150.0 -0.13738
2050.0 3150.0 -0.17048
2150.0 3150.0 -0.14687
2250.0 3150.0 -0.09693
2350.0 3150.0 -0.00029
2450.0 3150.0 0.15057
2550.0 3150.0 0.32198
2650.0 3150.0 0.46654
2750.0 3150.0 0.54333
2850.0 3150.0 0.53054
2950.0 3150.0 0.43031
3050.0 3150.0 0.26605
3150.0 3150.0 0.07195
3250.0 3150.0 -0.12504
3350.0 3150.0 -0.32552
3450.0 3150.0 -0.52548
3550.0 3150.0 -0.68976
3650.0 3150.0 -0.77709
3750.0 3150.0 -0.76091
3850.0 3150.0 -0.64089
3950.0 3150.0 -0.44502
4050.0 3150.0 -0.22243
4150.0 3150.0 -0.02676
4250.0 3150.0 0.10974
4350.0 3150.0 0.20918
4450.0 3150.0 0.31710
4550.0 3150.0 0.43329
4650.0 3150.0 0.53656
4750.0 3150.0 0.60246
4850.0 3150.0 0.61468
4950.0 3150.0 0.57130
5050.0 3150.0 0.48570
5150.0 3150.0 0.38226
5250.0 3150.0 0.28687
5350.0 3150.0 0.21215
5450.0 3150.0 0.15144
5550.0 3150.0 0.12597
5650.0 3150.0 0.14423
5750.0 3150.0 0.19166
5850.0 3150.0 0.24327
5950.0 3150.0 0.27345
6050.0 3150.0 0.26291
6150.0 3150.0 0.20282
6250.0 3150.0 0.09615
6350.0 3150.0 -0.04391
50.0 3250.0 0.01373
150.0 3250.0 0.25722
250.0 3250.0 0.44384
350.0 3250.0 0.53491
450.0 3250.0 0.51647
550.0 3250.0 0.40077
650.0 3250.0 0.22335
750.0 3250.0 0.03582
850.0 3250.0 -0.10579
950.0 3250.0 -0.15692
1050.0 3250.0 -0.10488
1150.0 3250.0 0.00775
1250.0 3250.0 0.11670
1350.0 3250.0 0.19851
1450.0 3250.0 0.23904
1550.0 3250.0 0.23334
1650.0 3250.0 0.18729
1750.0 3250.0 0.11676
1850.0 3250.0 0.04441
1950.0 3250.0 -0.00583
2050.0 3250.0 -0.01683
2150.0 3250.0 0.01141
2250.0 3250.0 0.06020
2350.0 3250.0 0.15464
2450.0 3250.0 0.30162
2550.0 3250.0 0.46747
2650.0 3250.0 0.60526
2750.0 3250.0 0.67485
2850.0 3250.0 0.65528
2950.0 3250.0 0.54947
3050.0 3250.0 0.38129
3150.0 3250.0 0.18498
3250.0 3250.0 -0.01315
3350.0 3250.0 -0.21776
3450.0 3250.0 -0.43339
3550.0 3250.0 -0.62808
3650.0 3250.0 -0.75862
3750.0 3250.0 -0.79313
3850.0 3250.0 -0.72425
3950.0 3250.0 -0.57292
4050.0 3250.0 -0.38269
4150.0 3250.0 -0.20463
4250.0 3250.0 -0.07279
4350.0 3250.0 0.02772
4450.0 3250.0 0.13560
4550.0 3250.0 0.24884
4650.0 3250.0 0.34586
4750.0 3250.0 0.40280
4850.0 3250.0 0.40461
4950.0 3250.0 0.35094
5050.0 3250.0 0.25673
5150.0 3250.0 0.14756
5250.0 3250.0 0.04974
5350.0 3250.0 -0.02487
5450.0 3250.0 -0.08262
5550.0 3250.0 -0.09175
5650.0 3250.0 -0.03703
5750.0 3250.0 0.06618
5850.0 3250.0 0.18672
5950.0 3250.0 0.28976
6050.0 3250.0 0.34595
6150.0 3250.0 0.33776
6250.0 3250.0 0.26297
6350.0 3250.0 0.13532
50.0 3350.0 0.12285
150.0 3350.0 0.35856
250.0 3350.0 0.52538
350.0 3350.0 0.57989
450.0 3350.0 0.50952
550.0 3350.0 0.33211
650.0 3350.0 0.09100
750.0 3350.0 -0.15400
850.0 3350.0 -0.34002
950.0 3350.0 -0.41887
1050.0 3350.0 -0.37900
1150.0 3350.0 -0.27030
1250.0 3350.0 -0.15784
1350.0 3350.0 -0.05503
1450.0 3350.0 0.02743
1550.0 3350.0 0.08167
1650.0 3350.0 0.10619
1750.0 3350.0 0.10704
1850.0 3350.0 0.09681
1950.0 3350.0 0.09138
2050.0 3350.0 0.10435
2150.0 3350.0 0.13927
2250.0 3350.0 0.18878
2350.0 3350.0 0.28182
2450.0 3350.0 0.42432
2550.0 3350.0 0.58314
2650.0 3350.0 0.71271
2750.0 3350.0 0.77455
2850.0 3350.0 0.74918
2950.0 3350.0 0.64050
3050.0 3350.0 0.47267
3150.0 3350.0 0.27944
3250.0 3350.0 0.08588
3350.0 3350.0 -0.11679
3450.0 3350.0 -0.34124
3550.0 3350.0 -0.55947
3650.0 3350.0 -0.72755
3750.0 3350.0 -0.80933
3850.0 3350.0 -0.79092
3950.0 3350.0 -0.68592
4050.0 3350.0 -0.53138
4150.0 3350.0 -0.37452
4250.0 3350.0 -0.25022
4350.0 3350.0 -0.15090
4450.0 3350.0 -0.04486
4550.0 3350.0 0.06480
4650.0 3350.0 0.15677
4750.0 3350.0 0.20800
4850.0 3350.0 0.20449
4950.0 3350.0 0.14677
5050.0 3350.0 0.05032
5150.0 3350.0 -0.05916
5250.0 3350.0 -0.15572
5350.0 3350.0 -0.22816
5450.0 3350.0 -0.28166
5550.0 3350.0 -0.27489
5650.0 3350.0 -0.18660
5750.0 3350.0 -0.03276
5850.0 3350.0 0.15028
5950.0 3350.0 0.31966
6050.0 3350.0 0.43719
6150.0 3350.0 0.47756
6250.0 3350.0 0.43385
6350.0 3350.0 0.32006
50.0 3450.0 0.25314
150.0 3450.0 0.46250
250.0 3450.0 0.59511
350.0 3450.0 0.60527
450.0 3450.0 0.48236
550.0 3450.0 0.24853
650.0 3450.0 -0.04769
750.0 3450.0 -0.34176
850.0 3450.0 -0.56757
950.0 3450.0 -0.67587
1050.0 3450.0 -0.65677
1150.0 3450.0 -0.56456
1250.0 3450.0 -0.46326
1350.0 3450.0 -0.35736
1450.0 3450.0 -0.25256
1550.0 3450.0 -0.15675
1650.0 3450.0 -0.07604
1750.0 3450.0 -0.01254
1850.0 3450.0 0.03638
1950.0 3450.0 0.07720
2050.0 3450.0 0.11773
2150.0 3450.0 0.16302
2250.0 3450.0 0.21634
2350.0 3450.0 0.30909
2450.0 3450.0 0.44631
2550.0 3450.0 0.59737
2650.0 3450.0 0.72055
2750.0 3450.0 0.78085
2850.0 3450.0 0.76089
2950.0 3450.0 0.66484
3050.0 3450.0 0.51537
3150.0 3450.0 0.34367
3250.0 3450.0 0.17245
3350.0 3450.0 -0.01052
3450.0 3450.0 -0.22662
3550.0 3450.0 -0.45442
3650.0 3450.0 -0.65212
3750.0 3450.0 -0.78095
3850.0 3450.0 -0.82020
3950.0 3450.0 -0.77380
4050.0 3450.0 -0.66856
4150.0 3450.0 -0.54393
4250.0 3450.0 -0.43339
4350.0 3450.0 -0.33848
4450.0 3450.0 -0.23649
4550.0 3450.0 -0.12974
4650.0 3450.0 -0.03742
4750.0 3450.0 0.01924
4850.0 3450.0 0.02687
4950.0 3450.0 -0.01483
5050.0 3450.0 -0.09258
5150.0 3450.0 -0.18362
5250.0 3450.0 -0.26457
5350.0 3450.0 -0.32488
5450.0 3450.0 -0.36651
5550.0 3450.0 -0.34276
5650.0 3450.0 -0.22950
5750.0 3450.0 -0.04266
5850.0 3450.0 0.17928
5950.0 3450.0 0.38998
6050.0 3450.0 0.54717
6150.0 3450.0 0.62182
6250.0 3450.0 0.60454
6350.0 3450.0 0.50919
50.0 3550.0 0.38667
150.0 3550.0 0.54597
250.0 3550.0 0.62860
350.0 3550.0 0.59081
450.0 3550.0 0.42437
550.0 3550.0 0.15303
650.0 3550.0 -0.17457
750.0 3550.0 -0.49545
850.0 3550.0 -0.74633
950.0 3550.0 -0.88116
1050.0 3550.0 -0.89216
1150.0 3550.0 -0.83272
1250.0 3550.0 -0.76223
1350.0 3550.0 -0.67849
1450.0 3550.0 -0.58040
1550.0 3550.0 -0.47176
1650.0 3550.0 -0.35912
1750.0 3550.0 -0.24979
1850.0 3550.0 -0.15022
1950.0 3550.0 -0.06456
2050.0 3550.0 0.00650
2150.0 3550.0 0.06656
2250.0 3550.0 0.12763
2350.0 3550.0 0.22072
2450.0 3550.0 0.34956
2550.0 3550.0 0.48866
2650.0 3550.0 0.60364
2750.0 3550.0 0.66596
2850.0 3550.0 0.66180
2950.0 3550.0 0.59519
3050.0 3550.0 0.48537
3150.0 3550.0 0.35832
3250.0 3550.0 0.23249
3350.0 3550.0 0.09278
3450.0 3550.0 -0.09058
3550.0 3550.0 -0.30573
3650.0 3550.0 -0.51694
3750.0 3550.0 -0.68563
3850.0 3550.0 -0.78482
3950.0 3550.0 -0.80674
4050.0 3550.0 -0.76387
4150.0 3550.0 -0.68316
4250.0 3550.0 -0.59361
4350.0 3550.0 -0.50735
4450.0 3550.0 -0.41307
4550.0 3550.0 -0.31075
4650.0 3550.0 -0.21516
4750.0 3550.0 -0.14412
4850.0 3550.0 -0.11010
4950.0 3550.0 -0.11566
5050.0 3550.0 -0.15246
5150.0 3550.0 -0.20404
5250.0 3550.0 -0.25236
5350.0 3550.0 -0.28787
5450.0 3550.0 -0.30789
5550.0 3550.0 -0.26678
5650.0 3550.0 -0.14216
5750.0 3550.0 0.05093
5850.0 3550.0 0.27637
5950.0 3550.0 0.49083
6050.0 3550.0 0.65491
6150.0 3550.0 0.74167
6250.0 3550.0 0.74259
6350.0 3550.0 0.67080
50.0 3650.0 0.49166
150.0 3650.0 0.58040
250.0 3650.0 0.60288
350.0 3650.0 0.52235
450.0 3650.0 0.33309
550.0 3650.0 0.05658
650.0 3650.0 -0.26507
750.0 3650.0 -0.57825
850.0 3650.0 -0.82987
950.0 3650.0 -0.98195
1050.0 3650.0 -1.02900
1150.0 3650.0 -1.01668
1250.0 3650.0 -0.99528
1350.0 3650.0 -0.95871
1450.0 3650.0 -0.89774
1550.0 3650.0 -0.80812
1650.0 3650.0 -0.69227
1750.0 3650.0 -0.55915
1850.0 3650.0 -0.42251
1950.0 3650.0 -0.29748
2050.0 3650.0 -0.19544
2150.0 3650.0 -0.11723
2250.0 3650.0 -0.04498
2350.0 3650.0 0.04795
2450.0 3650.0 0.16301
2550.0 3650.0 0.28216
2650.0 3650.0 0.38196
2750.0 3650.0 0.44365
2850.0 3650.0 0.45908
2950.0 3650.0 0.43253
3050.0 3650.0 0.37857
3150.0 3650.0 0.31562
3250.0 3650.0 0.25558
3350.0 3650.0 0.18072
3450.0 3650.0 0.05441
3550.0 3650.0 -0.12312
3650.0 3650.0 -0.32597
3750.0 3650.0 -0.51918
3850.0 3650.0 -0.67119
3950.0 3650.0 -0.76200
4050.0 3650.0 -0.78713
4150.0 3650.0 -0.75736
4250.0 3650.0 -0.69419
4350.0 3650.0 -0.62033
4450.0 3650.0 -0.53805
4550.0 3650.0 -0.44459
4650.0 3650.0 -0.34848
4750.0 3650.0 -0.26219
4850.0 3650.0 -0.19621
4950.0 3650.0 -0.15544
5050.0 3650.0 -0.13791
5150.0 3650.0 -0.13572
5250.0 3650.0 -0.13835
5350.0 3650.0 -0.13823
5450.0 3650.0 -0.12811
5550.0 3650.0 -0.07068
5650.0 3650.0 0.05005
5750.0 3650.0 0.22069
5850.0 3650.0 0.41205
5950.0 3650.0 0.59039
6050.0 3650.0 0.72624
6150.0 3650.0 0.80077
6250.0 3650.0 0.80974
6350.0 3650.0 0.76499
50.0 3750.0 0.54006
150.0 3750.0 0.54639
250.0 3750.0 0.50722
350.0 3750.0 0.39764
450.0 3750.0 0.21408
550.0 3750.0 -0.02846
650.0 3750.0 -0.30102
750.0 3750.0 -0.56704
850.0 3750.0 -0.79051
950.0 3750.0 -0.94584
1050.0 3750.0 -1.02960
1150.0 3750.0 -1.07313
1250.0 3750.0 -1.11298
1350.0 3750.0 -1.14211
1450.0 3750.0 -1.14263
1550.0 3750.0 -1.09938
1650.0 3750.0 -1.00688
1750.0 3750.0 -0.87230
1850.0 3750.0 -0.71442
1950.0 3750.0 -0.55866
2050.0 3750.0 -0.42805
2150.0 3750.0 -0.33026
2250.0 3750.0 -0.24488
2350.0 3750.0 -0.15370
2450.0 3750.0 -0.05901
2550.0 3750.0 0.03001
2650.0 3750.0 0.10363
2750.0 3750.0 0.15582
2850.0 3750.0 0.18640
2950.0 3750.0 0.20108
3050.0 3750.0 0.20951
3150.0 3750.0 0.22121
3250.0 3750.0 0.23941
3350.0 3750.0 0.24341
3450.0 3750.0 0.19233
3550.0 3750.0 0.07426
3650.0 3750.0 -0.09743
3750.0 3750.0 -0.29462
3850.0 3750.0 -0.48373
3950.0 3750.0 -0.63373
4050.0 3750.0 -0.72289
4150.0 3750.0 -0.74414
4250.0 3750.0 -0.70930
4350.0 3750.0 -0.65018
4450.0 3750.0 -0.58381
4550.0 3750.0 -0.50577
4650.0 3750.0 -0.41747
4750.0 3750.0 -0.32425
4850.0 3750.0 -0.23277
4950.0 3750.0 -0.14903
5050.0 3750.0 -0.07694
5150.0 3750.0 -0.01762
5250.0 3750.0 0.03082
5350.0 3750.0 0.07276
5450.0 3750.0 0.11805
5550.0 3750.0 0.18947
5650.0 3750.0 0.29301
5750.0 3750.0 0.41748
5850.0 3750.0 0.54408
5950.0 3750.0 0.65375
6050.0 3750.0 0.73243
6150.0 3750.0 0.77403
6250.0 3750.0 0.78128
6350.0 3750.0 0.76435
50.0 3850.0 0.51852
150.0 3850.0 0.44190
250.0 3850.0 0.34843
350.0 3850.0 0.22831
450.0 3850.0 0.07952
550.0 3850.0 -0.09288
650.0 3850.0 -0.27821
750.0 3850.0 -0.46249
850.0 3850.0 -0.63155
950.0 3850.0 -0.77499
1050.0 3850.0 -0.89089
1150.0 3850.0 -0.99131
1250.0 3850.0 -1.09570
1350.0 3850.0 -1.19820
1450.0 3850.0 -1.27276
1550.0 3850.0 -1.29215
1650.0 3850.0 -1.24091
1750.0 3850.0 -1.12199
1850.0 3850.0 -0.95698
1950.0 3850.0 -0.78004
2050.0 3850.0 -0.62549
2150.0 3850.0 -0.50897
2250.0 3850.0 -0.41037
2350.0 3850.0 -0.32323
2450.0 3850.0 -0.25505
2550.0 3850.0 -0.20597
2650.0 3850.0 -0.17071
2750.0 3850.0 -0.14073
2850.0 3850.0 -0.10632
2950.0 3850.0 -0.05875
3050.0 3850.0 0.00763
3150.0 3850.0 0.09328
3250.0 3850.0 0.19134
3350.0 3850.0 0.27745
3450.0 3850.0 0.30938
3550.0 3850.0 0.26417
3650.0 3850.0 0.14173
3750.0 3850.0 -0.03889
3850.0 3850.0 -0.24487
3950.0 3850.0 -0.43681
4050.0 3850.0 -0.57764
4150.0 3850.0 -0.64325
4250.0 3850.0 -0.63490
4350.0 3850.0 -0.59089
4450.0 3850.0 -0.54302
4550.0 3850.0 -0.48740
4650.0 3850.0 -0.41860
4750.0 3850.0 -0.33363
4850.0 3850.0 -0.23326
4950.0 3850.0 -0.12220
5050.0 3850.0 -0.00815
5150.0 3850.0 0.10020
5250.0 3850.0 0.19634
5350.0 3850.0 0.28019
5450.0 3850.0 0.36107
5550.0 3850.0 0.44349
5650.0 3850.0 0.52170
5750.0 3850.0 0.58695
5850.0 3850.0 0.63236
5950.0 3850.0 0.65595
6050.0 3850.0 0.66159
6150.0 3850.0 0.65817
6250.0 3850.0 0.65672
6350.0 3850.0 0.66561
50.0 3950.0 0.43295
150.0 3950.0 0.28417
250.0 3950.0 0.15044
350.0 3950.0 0.03807
450.0 3950.0 -0.05425
550.0 3950.0 -0.13319
650.0 3950.0 -0.20849
750.0 3950.0 -0.29072
850.0 3950.0 -0.38893
950.0 3950.0 -0.50831
1050.0 3950.0 -0.64781
1150.0 3950.0 -0.79834
1250.0 3950.0 -0.96084
1350.0 3950.0 -1.13154
1450.0 3950.0 -1.27753
1550.0 3950.0 -1.36043
1650.0 3950.0 -1.35493
1750.0 3950.0 -1.25897
1850.0 3950.0 -1.09538
1950.0 3950.0 -0.90516
2050.0 3950.0 -0.73222
2150.0 3950.0 -0.59979
2250.0 3950.0 -0.48977
2350.0 3950.0 -0.40902
2450.0 3950.0 -0.37137
2550.0 3950.0 -0.36898
2650.0 3950.0 -0.38213
2750.0 3950.0 -0.38743
2850.0 3950.0 -0.36426
2950.0 3950.0 -0.29924
3050.0 3950.0 -0.18901
3150.0 3950.0 -0.04103
3250.0 3950.0 0.12739
3350.0 3950.0 0.28728
3450.0 3950.0 0.39757
3550.0 3950.0 0.42666
3650.0 3950.0 0.36196
3750.0 3950.0 0.21285
3850.0 3950.0 0.00917
3950.0 3950.0 -0.20465
4050.0 3950.0 -0.37991
4150.0 3950.0 -0.47837
4250.0 3950.0 -0.49140
4350.0 3950.0 -0.46083
4450.0 3950.0 -0.43202
4550.0 3950.0 -0.40437
4650.0 3950.0 -0.36690
4750.0 3950.0 -0.30801
4850.0 3950.0 -0.22084
4950.0 3950.0 -0.10604
5050.0 3950.0 0.02812
5150.0 3950.0 0.16825
5250.0 3950.0 0.30099
5350.0 3950.0 0.42083
5450.0 3950.0 0.53302
5550.0 3950.0 0.62358
5650.0 3950.0 0.67567
5750.0 3950.0 0.68274
5850.0 3950.0 0.64916
5950.0 3950.0 0.58894
6050.0 3950.0 0.52297
6150.0 3950.0 0.47428
6250.0 3950.0 0.46180
6350.0 3950.0 0.49227
50.0 4050.0 0.30643
150.0 4050.0 0.10515
250.0 4050.0 -0.05153
350.0 4050.0 -0.14300
450.0 4050.0 -0.17055
550.0 4050.0 -0.15218
650.0 4050.0 -0.11658
750.0 4050.0 -0.09661
850.0 4050.0 -0.12202
950.0 4050.0 -0.21153
1050.0 4050.0 -0.36427
1150.0 4050.0 -0.55177
1250.0 4050.0 -0.75762
1350.0 4050.0 -0.97943
1450.0 4050.0 -1.17925
1550.0 4050.0 -1.31033
1650.0 4050.0 -1.33994
1750.0 4050.0 -1.26213
1850.0 4050.0 -1.10051
1950.0 4050.0 -0.90104
2050.0 4050.0 -0.71477
2150.0 4050.0 -0.57059
2250.0 4050.0 -0.45242
2350.0 4050.0 -0.37985
2450.0 4050.0 -0.37347
2550.0 4050.0 -0.41959
2650.0 4050.0 -0.48628
2750.0 4050.0 -0.53683
2850.0 4050.0 -0.53982
2950.0 4050.0 -0.47607
3050.0 4050.0 -0.34235
3150.0 4050.0 -0.15190
3250.0 4050.0 0.06835
3350.0 4050.0 0.28395
3450.0 4050.0 0.45631
3550.0 4050.0 0.54832
3650.0 4050.0 0.53768
3750.0 4050.0 0.42524
3850.0 4050.0 0.23683
3950.0 4050.0 0.01875
4050.0 4050.0 -0.17318
4150.0 4050.0 -0.29098
4250.0 4050.0 -0.31829
4350.0 4050.0 -0.29780
4450.0 4050.0 -0.28639
4550.0 4050.0 -0.28925
4650.0 4050.0 -0.29196
4750.0 4050.0 -0.27499
4850.0 4050.0 -0.22293
4950.0 4050.0 -0.12990
5050.0 4050.0 -0.00127
5150.0 4050.0 0.14850
5250.0 4050.0 0.30167
5350.0 4050.0 0.44689
5450.0 4050.0 0.58240
5550.0 4050.0 0.67916
5650.0 4050.0 0.71213
5750.0 4050.0 0.67643
5850.0 4050.0 0.58468
5950.0 4050.0 0.46278
6050.0 4050.0 0.34412
6150.0 4050.0 0.26222
6250.0 4050.0 0.24183
6350.0 4050.0 0.28847
50.0 4150.0 0.17070
150.0 4150.0 -0.05934
250.0 4150.0 -0.22254
350.0 4150.0 -0.28790
450.0 4150.0 -0.25725
550.0 4150.0 -0.15744
650.0 4150.0 -0.03150
750.0 4150.0 0.07127
850.0 4150.0 0.10614
950.0 4150.0 0.04487
1050.0 4150.0 -0.11135
1150.0 4150.0 -0.31959
1250.0 4150.0 -0.54934
1350.0 4150.0 -0.79758
1450.0 4150.0 -1.02317
1550.0 4150.0 -1.17500
1650.0 4150.0 -1.21692
1750.0 4150.0 -1.14184
1850.0 4150.0 -0.97486
1950.0 4150.0 -0.76555
2050.0 4150.0 -0.56931
2150.0 4150.0 -0.41785
2250.0 4150.0 -0.29549
2350.0 4150.0 -0.23192
2450.0 4150.0 -0.25425
2550.0 4150.0 -0.34547
2650.0 4150.0 -0.46495
2750.0 4150.0 -0.56540
2850.0 4150.0 -0.60593
2950.0 4150.0 -0.56102
3050.0 4150.0 -0.42557
3150.0 4150.0 -0.21589
3250.0 4150.0 0.03321
3350.0 4150.0 0.28114
3450.0 4150.0 0.49179
3550.0 4150.0 0.62557
3650.0 4150.0 0.65437
3750.0 4150.0 0.57313
3850.0 4150.0 0.40401
3950.0 4150.0 0.19289
4050.0 4150.0 -0.00155
4150.0 4150.0 -0.12638
4250.0 4150.0 -0.16055
4350.0 4150.0 -0.14594
4450.0 4150.0 -0.14847
4550.0 4150.0 -0.18092
4650.0 4150.0 -0.22772
4750.0 4150.0 -0.26296
4850.0 4150.0 -0.26271
4950.0 4150.0 -0.21299
5050.0 4150.0 -0.11328
5150.0 4150.0 0.02436
5250.0 4150.0 0.18058
5350.0 4150.0 0.33851
5450.0 4150.0 0.48757
5550.0 4150.0 0.58991
5650.0 4150.0 0.61672
5750.0 4150.0 0.56396
5850.0 4150.0 0.44816
5950.0 4150.0 0.30077
6050.0 4150.0 0.16096
6150.0 4150.0 0.06706
6250.0 4150.0 0.04641
6350.0 4150.0 0.10392
50.0 4250.0 0.05110
150.0 4250.0 -0.18693
250.0 4250.0 -0.34492
350.0 4250.0 -0.38606
450.0 4250.0 -0.31292
550.0 4250.0 -0.15793
650.0 4250.0 0.02739
750.0 4250.0 0.18423
850.0 4250.0 0.25945
950.0 4250.0 0.21978
1050.0 4250.0 0.06697
1150.0 4250.0 -0.14758
1250.0 4250.0 -0.38324
1350.0 4250.0 -0.63386
1450.0 4250.0 -0.85657
1550.0 4250.0 -0.99972
1650.0 4250.0 -1.02800
1750.0 4250.0 -0.93638
1850.0 4250.0 -0.75281
1950.0 4250.0 -0.52985
2050.0 4250.0 -0.32498
2150.0 4250.0 -0.16984
2250.0 4250.0 -0.04674
2350.0 4250.0 0.00790
2450.0 4250.0 -0.03877
2550.0 4250.0 -0.16878
2650.0 4250.0 -0.33618
2750.0 4250.0 -0.48620
2850.0 4250.0 -0.57023
2950.0 4250.0 -0.55652
3050.0 4250.0 -0.43664
3150.0 4250.0 -0.22768
3250.0 4250.0 0.02979
3350.0 4250.0 0.28868
3450.0 4250.0 0.51429
3550.0 4250.0 0.66690
3650.0 4250.0 0.71621
3750.0 4250.0 0.65435
3850.0 4250.0 0.50100
3950.0 4250.0 0.30062
4050.0 4250.0 0.11170
4150.0 4250.0 -0.01180
4250.0 4250.0 -0.04701
4350.0 4250.0 -0.03451
4450.0 4250.0 -0.04709
4550.0 4250.0 -0.10591
4650.0 4250.0 -0.19617
4750.0 4250.0 -0.28730
4850.0 4250.0 -0.34762
4950.0 4250.0 -0.35447
5050.0 4250.0 -0.29963
5150.0 4250.0 -0.19022
5250.0 4250.0 -0.04484
5350.0 4250.0 0.11476
5450.0 4250.0 0.26877
5550.0 4250.0 0.37720
5650.0 4250.0 0.41188
5750.0 4250.0 0.36886
5850.0 4250.0 0.26426
5950.0 4250.0 0.12877
6050.0 4250.0 0.00063
6150.0 4250.0 -0.08273
6250.0 4250.0 -0.09458
6350.0 4250.0 -0.03012
50.0 4350.0 -0.05564
150.0 4350.0 -0.29235
250.0 4350.0 -0.44061
350.0 4350.0 -0.46014
450.0 4350.0 -0.35430
550.0 4350.0 -0.15925
650.0 4350.0 0.06802
750.0 4350.0 0.26283
850.0 4350.0 0.36708
950.0 4350.0 0.34463
1050.0 4350.0 0.19788
1150.0 4350.0 -0.01640
1250.0 4350.0 -0.24954
1350.0 4350.0 -0.49087
1450.0 4350.0 -0.69641
1550.0 4350.0 -0.81586
1650.0 4350.0 -0.81692
1750.0 4350.0 -0.69834
1850.0 4350.0 -0.49180
1950.0 4350.0 -0.25268
2050.0 4350.0 -0.03955
2150.0 4350.0 0.11746
2250.0 4350.0 0.23946
2350.0 4350.0 0.28514
2450.0 4350.0 0.21639
2550.0 4350.0 0.05114
2650.0 4350.0 -0.16093
2750.0 4350.0 -0.35914
2850.0 4350.0 -0.48816
2950.0 4350.0 -0.51026
3050.0 4350.0 -0.41316
3150.0 4350.0 -0.21369
3250.0 4350.0 0.04283
3350.0 4350.0 0.30278
3450.0 4350.0 0.53203
3550.0 4350.0 0.69162
3650.0 4350.0 0.75082
3750.0 4350.0 0.70059
3850.0 4350.0 0.55904
3950.0 4350.0 0.36901
4050.0 4350.0 0.18774
4150.0 4350.0 0.06855
4250.0 4350.0 0.03471
4350.0 4350.0 0.04689
4450.0 4350.0 0.02634
4550.0 4350.0 -0.05651
4650.0 4350.0 -0.18849
4750.0 4350.0 -0.33527
4850.0 4350.0 -0.45802
4950.0 4350.0 -0.52542
5050.0 4350.0 -0.52101
5150.0 4350.0 -0.44597
5250.0 4350.0 -0.31720
5350.0 4350.0 -0.16082
5450.0 4350.0 -0.00567
5550.0 4350.0 0.10957
5650.0 4350.0 0.15967
5750.0 4350.0 0.14031
5850.0 4350.0 0.06504
5950.0 4350.0 -0.03939
6050.0 4350.0 -0.13903
6150.0 4350.0 -0.20017
6250.0 4350.0 -0.19833
6350.0 4350.0 -0.12851
50.0 4450.0 -0.19574
150.0 4450.0 -0.42980
250.0 4450.0 -0.56575
350.0 4450.0 -0.55931
450.0 4450.0 -0.41471
550.0 4450.0 -0.17240
650.0 4450.0 0.10439
750.0 4450.0 0.34423
850.0 4450.0 0.48323
950.0 4450.0 0.48200
1050.0 4450.0 0.34362
1150.0 4450.0 0.13102
1250.0 4450.0 -0.09745
1350.0 4450.0 -0.32585
1450.0 4450.0 -0.50979
1550.0 4450.0 -0.60168
1650.0 4450.0 -0.57346
1750.0 4450.0 -0.42840
1850.0 4450.0 -0.20200
1950.0 4450.0 0.04816
2050.0 4450.0 0.26345
2150.0 4450.0 0.41618
2250.0 4450.0 0.53102
2350.0 4450.0 0.56160
2450.0 4450.0 0.46491
2550.0 4450.0 0.25949
2650.0 4450.0 -0.00078
2750.0 4450.0 -0.24909
2850.0 4450.0 -0.42367
2950.0 4450.0 -0.48141
3050.0 4450.0 -0.40700
3150.0 4450.0 -0.21770
3250.0 4450.0 0.03643
3350.0 4450.0 0.29546
3450.0 4450.0 0.52522
3550.0 4450.0 0.68749
3650.0 4450.0 0.75172
3750.0 4450.0 0.70848
3850.0 4450.0 0.57502
3950.0 4450.0 0.39303
4050.0 4450.0 0.21856
4150.0 4450.0 0.10410
4250.0 4450.0 0.07279
4350.0 4450.0 0.08605
4450.0 4450.0 0.05954
4550.0 4450.0 -0.04430
4650.0 4450.0 -0.21399
4750.0 4450.0 -0.41192
4850.0 4450.0 -0.59272
4950.0 4450.0 -0.71694
5050.0 4450.0 -0.76025
5150.0 4450.0 -0.71802
5250.0 4450.0 -0.60530
5350.0 4450.0 -0.45221
5450.0 4450.0 -0.29562
5550.0 4450.0 -0.17019
5650.0 4450.0 -0.09716
5750.0 4450.0 -0.08190
5850.0 4450.0 -0.11526
5950.0 4450.0 -0.17655
6050.0 4450.0 -0.23809
6150.0 4450.0 -0.27127
6250.0 4450.0 -0.25424
6350.0 4450.0 -0.18121
50.0 4550.0 -0.38298
150.0 4550.0 -0.61272
250.0 4550.0 -0.73318
350.0 4550.0 -0.69537
450.0 4550.0 -0.50439
550.0 4550.0 -0.20558
650.0 4550.0 0.13059
750.0 4550.0 0.42482
850.0 4550.0 0.60642
950.0 4550.0 0.63205
1050.0 4550.0 0.50550
1150.0 4550.0 0.29692
1250.0 4550.0 0.07672
1350.0 4550.0 -0.13281
1450.0 4550.0 -0.28843
1550.0 4550.0 -0.34776
1650.0 4550.0 -0.28924
1750.0 4550.0 -0.12185
1850.0 4550.0 0.11539
1950.0 4550.0 0.36419
2050.0 4550.0 0.56803
2150.0 4550.0 0.70337
2250.0 4550.0 0.79848
2350.0 4550.0 0.80212
2450.0 4550.0 0.66793
2550.0 4550.0 0.41648
2650.0 4550.0 0.10659
2750.0 4550.0 -0.18909
2850.0 4550.0 -0.40378
2950.0 4550.0 -0.49118
3050.0 4550.0 -0.43530
3150.0 4550.0 -0.25536
3250.0 4550.0 -0.00569
3350.0 4550.0 0.24919
3450.0 4550.0 0.47401
3550.0 4550.0 0.63126
3650.0 4550.0 0.69165
3750.0 4550.0 0.64683
3850.0 4550.0 0.51453
3950.0 4550.0 0.33621
4050.0 4550.0 0.16697
4150.0 4550.0 0.05804
4250.0 4550.0 0.03159
4350.0 4550.0 0.04883
4450.0 4550.0 0.02089
4550.0 4550.0 -0.09612
4650.0 4550.0 -0.29249
4750.0 4550.0 -0.52850
4850.0 4550.0 -0.75384
4950.0 4550.0 -0.92268
5050.0 4550.0 -1.00420
5150.0 4550.0 -0.98870
5250.0 4550.0 -0.88926
5350.0 4550.0 -0.73892
5450.0 4550.0 -0.58006
5550.0 4550.0 -0.43895
5650.0 4550.0 -0.33133
5750.0 4550.0 -0.26510
5850.0 4550.0 -0.23846
5950.0 4550.0 -0.24017
6050.0 4550.0 -0.25162
6150.0 4550.0 -0.25100
6250.0 4550.0 -0.21940
6350.0 4550.0 -0.14887
50.0 4650.0 -0.58142
150.0 4650.0 -0.80554
250.0 4650.0 -0.91013
350.0 4650.0 -0.84171
450.0 4650.0 -0.60609
550.0 4650.0 -0.25297
650.0 4650.0 0.14053
750.0 4650.0 0.48779
850.0 4650.0 0.71170
950.0 4650.0 0.76507
1050.0 4650.0 0.65226
1150.0 4650.0 0.45010
1250.0 4650.0 0.24183
1350.0 4650.0 0.05658
1450.0 4650.0 -0.06536
1550.0 4650.0 -0.08944
1650.0 4650.0 -0.00272
1750.0 4650.0 0.17927
1850.0 4650.0 0.41468
1950.0 4650.0 0.64655
2050.0 4650.0 0.82296
2150.0 4650.0 0.92622
2250.0 4650.0 0.98795
2350.0 4650.0 0.95364
2450.0 4650.0 0.77643
2550.0 4650.0 0.48057
2650.0 4650.0 0.12983
2750.0 4650.0 -0.19909
2850.0 4650.0 -0.43744
2950.0 4650.0 -0.53956
3050.0 4650.0 -0.49225
3150.0 4650.0 -0.31849
3250.0 4650.0 -0.07524
3350.0 4650.0 0.17197
3450.0 4650.0 0.38606
3550.0 4650.0 0.53025
3650.0 4650.0 0.57766
3750.0 4650.0 0.52256
3850.0 4650.0 0.38458
3950.0 4650.0 0.20578
4050.0 4650.0 0.04054
4150.0 4650.0 -0.06167
4250.0 4650.0 -0.08063
4350.0 4650.0 -0.05618
4450.0 4650.0 -0.07970
4550.0 4650.0 -0.19880
4650.0 4650.0 -0.40539
4750.0 4650.0 -0.65925
4850.0 4650.0 -0.90778
4950.0 4650.0 -1.10151
5050.0 4650.0 -1.20551
5150.0 4650.0 -1.20643
5250.0 4650.0 -1.11545
5350.0 4650.0 -0.96693
5450.0 4650.0 -0.80524
5550.0 4650.0 -0.64491
5650.0 4650.0 -0.49565
5750.0 4650.0 -0.36936
5850.0 4650.0 -0.27392
5950.0 4650.0 -0.20969
6050.0 4650.0 -0.16867
6150.0 4650.0 -0.13630
6250.0 4650.0 -0.09599
6350.0 4650.0 -0.03629
50.0 4750.0 -0.73851
150.0 4750.0 -0.95666
250.0 4750.0 -1.04889
350.0 4750.0 -0.95879
450.0 4750.0 -0.69236
550.0 4750.0 -0.30189
650.0 4750.0 0.13141
750.0 4750.0 0.51622
850.0 4750.0 0.77118
950.0 4750.0 0.84644
1050.0 4750.0 0.74649
1150.0 4750.0 0.55249
1250.0 4750.0 0.35862
1350.0 4750.0 0.20055
1450.0 4750.0 0.11402
1550.0 4750.0 0.12386
1650.0 4750.0 0.23314
1750.0 4750.0 0.41968
1850.0 4750.0 0.63991
1950.0 4750.0 0.84017
2050.0 4750.0 0.97528
2150.0 4750.0 1.03457
2250.0 4750.0 1.05238
2350.0 4750.0 0.97388
2450.0 4750.0 0.75549
2550.0 4750.0 0.42647
2650.0 4750.0 0.05447
2750.0 4750.0 -0.28276
2850.0 4750.0 -0.51889
2950.0 4750.0 -0.61359
3050.0 4750.0 -0.56037
3150.0 4750.0 -0.38745
3250.0 4750.0 -0.15181
3350.0 4750.0 0.08501
3450.0 4750.0 0.28405
3550.0 4750.0 0.40937
3650.0 4750.0 0.43734
3750.0 4750.0 0.36601
3850.0 4750.0 0.21787
3950.0 4750.0 0.03617
4050.0 4750.0 -0.12542
4150.0 4750.0 -0.21961
4250.0 4750.0 -0.22887
4350.0 4750.0 -0.19463
4450.0 4750.0 -0.20810
4550.0 4750.0 -0.31743
4650.0 4750.0 -0.51588
4750.0 4750.0 -0.76451
4850.0 4750.0 -1.01132
4950.0 4750.0 -1.20658
5050.0 4750.0 -1.31412
5150.0 4750.0 -1.31889
5250.0 4750.0 -1.23042
5350.0 4750.0 -1.08253
5450.0 4750.0 -0.91803
5550.0 4750.0 -0.73878
5650.0 4750.0 -0.54942
5750.0 4750.0 -0.36689
5850.0 4750.0 -0.20935
5950.0 4750.0 -0.08870
6050.0 4750.0 -0.00667
6150.0 4750.0 0.04543
6250.0 4750.0 0.08339
6350.0 4750.0 0.12316
50.0 4850.0 -0.81002
150.0 4850.0 -1.02287
250.0 4850.0 -1.10945
350.0 4850.0 -1.01286
450.0 4850.0 -0.73864
550.0 4850.0 -0.33893
650.0 4850.0 0.10487
750.0 4850.0 0.50089
850.0 4850.0 0.76706
950.0 4850.0 0.85279
1050.0 4850.0 0.76217
1150.0 4850.0 0.57695
1250.0 4850.0 0.39818
1350.0 4850.0 0.26693
1450.0 4850.0 0.21336
1550.0 4850.0 0.25196
1650.0 4850.0 0.37587
1750.0 4850.0 0.55693
1850.0 4850.0 0.75108
1950.0 4850.0 0.90946
2050.0 4850.0 0.99488
2150.0 4850.0 1.00398
2250.0 4850.0 0.97303
2350.0 4850.0 0.85051
2450.0 4850.0 0.59992
2550.0 4850.0 0.25621
2650.0 4850.0 -0.11093
2750.0 4850.0 -0.42638
2850.0 4850.0 -0.63083
2950.0 4850.0 -0.69387
3050.0 4850.0 -0.61904
3150.0 4850.0 -0.44067
3250.0 4850.0 -0.21272
3350.0 4850.0 0.01243
3450.0 4850.0 0.19466
3550.0 4850.0 0.29895
3650.0 4850.0 0.30534
3750.0 4850.0 0.21606
3850.0 4850.0 0.05681
3950.0 4850.0 -0.12789
4050.0 4850.0 -0.28519
4150.0 4850.0 -0.37027
4250.0 4850.0 -0.36860
4350.0 4850.0 -0.32321
4450.0 4850.0 -0.32257
4550.0 4850.0 -0.41233
4650.0 4850.0 -0.58670
4750.0 4850.0 -0.80950
4850.0 4850.0 -1.03199
4950.0 4850.0 -1.20719
5050.0 4850.0 -1.30058
5150.0 4850.0 -1.29726
5250.0 4850.0 -1.20557
5350.0 4850.0 -1.05717
5450.0 4850.0 -0.89041
5550.0 4850.0 -0.69642
5650.0 4850.0 -0.47700
5750.0 4850.0 -0.25443
5850.0 4850.0 -0.05589
5950.0 4850.0 0.09763
6050.0 4850.0 0.19768
6150.0 4850.0 0.25007
6250.0 4850.0 0.27191
6350.0 4850.0 0.28404
50.0 4950.0 -0.77524
150.0 4950.0 -0.98429
250.0 4950.0 -1.07328
350.0 4950.0 -0.98751
450.0 4950.0 -0.73147
550.0 4950.0 -0.35420
650.0 4950.0 0.06695
750.0 4950.0 0.44416
850.0 4950.0 0.69849
950.0 4950.0 0.78084
1050.0 4950.0 0.69440
1150.0 4950.0 0.51734
1250.0 4950.0 0.35246
1350.0 4950.0 0.24457
1450.0 4950.0 0.21815
1550.0 4950.0 0.27797
1650.0 4950.0 0.40842
1750.0 4950.0 0.57654
1850.0 4950.0 0.73888
1950.0 4950.0 0.85200
2050.0 4950.0 0.88681
2150.0 4950.0 0.84657
2250.0 4950.0 0.76881
2350.0 4950.0 0.60857
2450.0 4950.0 0.33933
2550.0 4950.0 0.00163
2650.0 4950.0 -0.33496
2750.0 4950.0 -0.60128
2850.0 4950.0 -0.74873
2950.0 4950.0 -0.76004
3050.0 4950.0 -0.65075
3150.0 4950.0 -0.46134
3250.0 4950.0 -0.24012
3350.0 4950.0 -0.02614
3450.0 4950.0 0.14042
3550.0 4950.0 0.22561
3650.0 4950.0 0.21297
3750.0 4950.0 0.10858
3850.0 4950.0 -0.05910
3950.0 4950.0 -0.24462
4050.0 4950.0 -0.39620
4150.0 4950.0 -0.47155
4250.0 4950.0 -0.45898
4350.0 4950.0 -0.40267
4450.0 4950.0 -0.38637
4550.0 4950.0 -0.45126
4650.0 4950.0 -0.59204
4750.0 4950.0 -0.77613
4850.0 4950.0 -0.95970
4950.0 4950.0 -1.10057
5050.0 4950.0 -1.16782
5150.0 4950.0 -1.14818
5250.0 4950.0 -1.04925
5350.0 4950.0 -0.89950
5450.0 4950.0 -0.73145
5550.0 4950.0 -0.52959
5650.0 4950.0 -0.29574
5750.0 4950.0 -0.05712
5850.0 4950.0 0.15286
5950.0 4950.0 0.30817
6050.0 4950.0 0.39803
6150.0 4950.0 0.42910
6250.0 4950.0 0.42199
6350.0 4950.0 0.40209
50.0 5050.0 -0.64248
150.0 5050.0 -0.84966
250.0 5050.0 -0.94829
350.0 5050.0 -0.88805
450.0 5050.0 -0.67197
550.0 5050.0 -0.34369
650.0 5050.0 0.02693
750.0 5050.0 0.35982
850.0 5050.0 0.58239
950.0 5050.0 0.64885
1050.0 5050.0 0.56118
1150.0 5050.0 0.39059
1250.0 5050.0 0.23680
1350.0 5050.0 0.14667
1450.0 5050.0 0.13975
1550.0 5050.0 0.21295
1650.0 5050.0 0.34388
1750.0 5050.0 0.49629
1850.0 5050.0 0.62789
1950.0 5050.0 0.70031
2050.0 5050.0 0.69137
2150.0 5050.0 0.60960
2250.0 5050.0 0.49324
2350.0 5050.0 0.30608
2450.0 5050.0 0.03263
2550.0 5050.0 -0.28180
2650.0 5050.0 -0.56965
2750.0 5050.0 -0.76981
2850.0 5050.0 -0.84611
2950.0 5050.0 -0.79537
3050.0 5050.0 -0.64522
3150.0 5050.0 -0.44144
3250.0 5050.0 -0.22515
3350.0 5050.0 -0.02024
3450.0 5050.0 0.13443
3550.0 5050.0 0.20607
3650.0 5050.0 0.18102
3750.0 5050.0 0.06814
3850.0 5050.0 -0.10233
3950.0 5050.0 -0.28479
4050.0 5050.0 -0.42881
4150.0 5050.0 -0.49445
4250.0 5050.0 -0.47227
4350.0 5050.0 -0.40677
4450.0 5050.0 -0.37629
4550.0 5050.0 -0.41701
4650.0 5050.0 -0.52384
4750.0 5050.0 -0.66769
4850.0 5050.0 -0.80988
4950.0 5050.0 -0.91347
5050.0 5050.0 -0.95170
5150.0 5050.0 -0.91351
5250.0 5050.0 -0.80614
5350.0 5050.0 -0.65478
5450.0 5050.0 -0.48655
5550.0 5050.0 -0.28446
5650.0 5050.0 -0.05321
5750.0 5050.0 0.17619
5850.0 5050.0 0.36762
5950.0 5050.0 0.49462
6050.0 5050.0 0.54859
6150.0 5050.0 0.54050
6250.0 5050.0 0.49605
6350.0 5050.0 0.44429
50.0 5150.0 -0.44499
150.0 5150.0 -0.65220
250.0 5150.0 -0.76498
350.0 5150.0 -0.73860
450.0 5150.0 -0.57448
550.0 5150.0 -0.30976
650.0 5150.0 -0.00513
750.0 5150.0 0.26901
850.0 5150.0 0.44812
950.0 5150.0 0.49075
1050.0 5150.0 0.39755
1150.0 5150.0 0.23105
1250.0 5150.0 0.08460
1350.0 5150.0 0.00584
1450.0 5150.0 0.01080
1550.0 5150.0 0.09118
1650.0 5150.0 0.22018
1750.0 5150.0 0.35962
1850.0 5150.0 0.46831
1950.0 5150.0 0.51156
2050.0 5150.0 0.47202
2150.0 5150.0 0.36169
2250.0 5150.0 0.21939
2350.0 5150.0 0.01797
2450.0 5150.0 -0.24795
2550.0 5150.0 -0.52976
2650.0 5150.0 -0.76299
2750.0 5150.0 -0.89486
2850.0 5150.0 -0.90090
2950.0 5150.0 -0.79045
3050.0 5150.0 -0.60127
3150.0 5150.0 -0.38293
3250.0 5150.0 -0.16937
3350.0 5150.0 0.02971
3450.0 5150.0 0.17801
3550.0 5150.0 0.24398
3650.0 5150.0 0.21564
3750.0 5150.0 0.10316
3850.0 5150.0 -0.06287
3950.0 5150.0 -0.23761
4050.0 5150.0 -0.37227
4150.0 5150.0 -0.42890
4250.0 5150.0 -0.39939
4350.0 5150.0 -0.32756
4450.0 5150.0 -0.28706
4550.0 5150.0 -0.31033
4650.0 5150.0 -0.39231
4750.0 5150.0 -0.50649
4850.0 5150.0 -0.61795
4950.0 5150.0 -0.69368
5050.0 5150.0 -0.71008
5150.0 5150.0 -0.65785
5250.0 5150.0 -0.54406
5350.0 5150.0 -0.39146
5450.0 5150.0 -0.22402
5550.0 5150.0 -0.02830
5650.0 5150.0 0.18622
5750.0 5150.0 0.38621
5850.0 5150.0 0.53623
5950.0 5150.0 0.61338
6050.0 5150.0 0.61479
6150.0 5150.0 0.55806
6250.0 5150.0 0.47461
6350.0 5150.0 0.39581
50.0 5250.0 -0.22715
150.0 5250.0 -0.43580
250.0 5250.0 -0.56381
350.0 5250.0 -0.57201
450.0 5250.0 -0.46039
550.0 5250.0 -0.25980
650.0 5250.0 -0.02198
750.0 5250.0 0.19217
850.0 5250.0 0.32610
950.0 5250.0 0.34281
1050.0 5250.0 0.24176
1150.0 5250.0 0.07688
1250.0 5250.0 -0.06595
1350.0 5250.0 -0.13905
1450.0 5250.0 -0.12805
1550.0 5250.0 -0.04383
1650.0 5250.0 0.08463
1750.0 5250.0 0.21817
1850.0 5250.0 0.31605
1950.0 5250.0 0.34535
2050.0 5250.0 0.29105
2150.0 5250.0 0.16687
2250.0 5250.0 0.01238
2350.0 5250.0 -0.19177
2450.0 5250.0 -0.44348
2550.0 5250.0 -0.69251
2650.0 5250.0 -0.87761
2750.0 5250.0 -0.95291
2850.0 5250.0 -0.90286
2950.0 5250.0 -0.74586
3050.0 5250.0 -0.52645
3150.0 5250.0 -0.29623
3250.0 5250.0 -0.08338
3350.0 5250.0 0.11343
3450.0 5250.0 0.26124
3550.0 5250.0 0.32971
3650.0 5250.0 0.30740
3750.0 5250.0 0.20424
3850.0 5250.0 0.04970
3950.0 5250.0 -0.11300
4050.0 5250.0 -0.23696
4150.0 5250.0 -0.28570
4250.0 5250.0 -0.25150
4350.0 5250.0 -0.17657
4450.0 5250.0 -0.13174
4550.0 5250.0 -0.14814
4650.0 5250.0 -0.22085
4750.0 5250.0 -0.32436
4850.0 5250.0 -0.42511
4950.0 5250.0 -0.49139
5050.0 5250.0 -0.50060
5150.0 5250.0 -0.44389
5250.0 5250.0 -0.32811
5350.0 5250.0 -0.17514
5450.0 5250.0 -0.00912
5550.0 5250.0 0.17612
5650.0 5250.0 0.36552
5750.0 5250.0 0.52496
5850.0 5250.0 0.62224
5950.0 5250.0 0.64052
6050.0 5250.0 0.58454
6150.0 5250.0 0.47935
6250.0 5250.0 0.36162
6350.0 5250.0 0.26370
50.0 5350.0 -0.02091
150.0 5350.0 -0.23172
250.0 5350.0 -0.37373
350.0 5350.0 -0.41260
450.0 5350.0 -0.34716
550.0 5350.0 -0.20295
650.0 5350.0 -0.02404
750.0 5350.0 0.13692
850.0 5350.0 0.23033
950.0 5350.0 0.22307
1050.0 5350.0 0.11367
1150.0 5350.0 -0.05135
1250.0 5350.0 -0.19316
1350.0 5350.0 -0.26415
1450.0 5350.0 -0.25017
1550.0 5350.0 -0.16276
1650.0 5350.0 -0.03165
1750.0 5350.0 0.10342
1850.0 5350.0 0.20143
1950.0 5350.0 0.22954
2050.0 5350.0 0.17308
2150.0 5350.0 0.04629
2250.0 5350.0 -0.11016
2350.0 5350.0 -0.30967
2450.0 5350.0 -0.54549
2550.0 5350.0 -0.76694
2650.0 5350.0 -0.91562
2750.0 5350.0 -0.95057
2850.0 5350.0 -0.86207
2950.0 5350.0 -0.67395
3050.0 5350.0 -0.43451
3150.0 5350.0 -0.19595
3250.0 5350.0 0.01754
3350.0 5350.0 0.21471
3450.0 5350.0 0.36631
3550.0 5350.0 0.44315
3650.0 5350.0 0.43351
3750.0 5350.0 0.34586
3850.0 5350.0 0.20764
3950.0 5350.0 0.05977
4050.0 5350.0 -0.05279
4150.0 5350.0 -0.09468
4250.0 5350.0 -0.05784
4350.0 5350.0 0.01772
4450.0 5350.0 0.06205
4550.0 5350.0 0.04288
4650.0 5350.0 -0.03518
4750.0 5350.0 -0.14619
4850.0 5350.0 -0.25561
4950.0 5350.0 -0.33051
5050.0 5350.0 -0.34705
5150.0 5350.0 -0.29544
5250.0 5350.0 -0.18218
5350.0 5350.0 -0.02973
5450.0 5350.0 0.13463
5550.0 5350.0 0.30795
5650.0 5350.0 0.46973
5750.0 5350.0 0.58615
5850.0 5350.0 0.62947
5950.0 5350.0 0.58990
6050.0 5350.0 0.48008
6150.0 5350.0 0.33212
6250.0 5350.0 0.18714
6350.0 5350.0 0.07741
50.0 5450.0 0.16899
150.0 5450.0 -0.04226
250.0 5450.0 -0.19605
350.0 5450.0 -0.26287
450.0 5450.0 -0.24078
550.0 5450.0 -0.15042
650.0 5450.0 -0.02855
750.0 5450.0 0.08022
850.0 5450.0 0.13331
950.0 5450.0 0.10174
1050.0 5450.0 -0.01660
1150.0 5450.0 -0.18235
1250.0 5450.0 -0.32382
1350.0 5450.0 -0.39321
1450.0 5450.0 -0.37605
1550.0 5450.0 -0.28400
1650.0 5450.0 -0.14727
1750.0 5450.0 -0.00630
1850.0 5450.0 0.09709
1950.0 5450.0 0.12939
2050.0 5450.0 0.07558
2150.0 5450.0 -0.04993
2250.0 5450.0 -0.20494
2350.0 5450.0 -0.39778
2450.0 5450.0 -0.61817
2550.0 5450.0 -0.81552
2650.0 5450.0 -0.93393
2750.0 5450.0 -0.93647
2850.0 5450.0 -0.81785
2950.0 5450.0 -0.60585
3050.0 5450.0 -0.35123
3150.0 5450.0 -0.10628
3250.0 5450.0 0.10797
3350.0 5450.0 0.30624
3450.0 5450.0 0.46327
3550.0 5450.0 0.55122
3650.0 5450.0 0.55772
3750.0 5450.0 0.48934
3850.0 5450.0 0.37086
3950.0 5450.0 0.24048
4050.0 5450.0 0.14090
4150.0 5450.0 0.10637
4250.0 5450.0 0.14551
4350.0 5450.0 0.22100
4450.0 5450.0 0.26366
4550.0 5450.0 0.23955
4650.0 5450.0 0.15288
4750.0 5450.0 0.03026
4850.0 5450.0 -0.09238
4950.0 5450.0 -0.18032
5050.0 5450.0 -0.20801
5150.0 5450.0 -0.16433
5250.0 5450.0 -0.05531
5350.0 5450.0 0.09570
5450.0 5450.0 0.25768
5550.0 5450.0 0.41842
5650.0 5450.0 0.55238
5750.0 5450.0 0.62658
5850.0 5450.0 0.61807
5950.0 5450.0 0.52413
6050.0 5450.0 0.36498
6150.0 5450.0 0.17914
6250.0 5450.0 0.01146
6350.0 5450.0 -0.10637
50.0 5550.0 0.30197
150.0 5550.0 0.10165
250.0 5550.0 -0.05344
350.0 5550.0 -0.14048
450.0 5550.0 -0.15835
550.0 5550.0 -0.12361
650.0 5550.0 -0.06520
750.0 5550.0 -0.01794
850.0 5550.0 -0.01483
950.0 5550.0 -0.07807
1050.0 5550.0 -0.20893
1150.0 5550.0 -0.37645
1250.0 5550.0 -0.51800
1350.0 5550.0 -0.58482
1450.0 5550.0 -0.56113
1550.0 5550.0 -0.45817
1650.0 5550.0 -0.30677
1750.0 5550.0 -0.14892
1850.0 5550.0 -0.02857
1950.0 5550.0 0.01849
2050.0 5550.0 -0.02435
2150.0 5550.0 -0.14261
2250.0 5550.0 -0.29138
2350.0 5550.0 -0.47510
2450.0 5550.0 -0.68222
2550.0 5550.0 -0.86298
2650.0 5550.0 -0.96354
2750.0 5550.0 -0.94927
2850.0 5550.0 -0.81690
2950.0 5550.0 -0.59538
3050.0 5550.0 -0.33566
3150.0 5550.0 -0.08920
3250.0 5550.0 0.12471
3350.0 5550.0 0.32428
3450.0 5550.0 0.48957
3550.0 5550.0 0.59481
3650.0 5550.0 0.62669
3750.0 5550.0 0.58866
3850.0 5550.0 0.50129
3950.0 5550.0 0.39838
4050.0 5550.0 0.31907
4150.0 5550.0 0.29578
4250.0 5550.0 0.33808
4350.0 5550.0 0.41308
4450.0 5550.0 0.45494
4550.0 5550.0 0.42937
4650.0 5550.0 0.33993
4750.0 5550.0 0.21279
4850.0 5550.0 0.08384
4950.0 5550.0 -0.01180
5050.0 5550.0 -0.04774
5150.0 5550.0 -0.01190
5250.0 5550.0 0.09045
5350.0 5550.0 0.23608
5450.0 5550.0 0.39147
5550.0 5550.0 0.53635
5650.0 5550.0 0.64186
5750.0 5550.0 0.67738
5850.0 5550.0 0.62551
5950.0 5550.0 0.49012
6050.0 5550.0 0.29733
6150.0 5550.0 0.08966
6250.0 5550.0 -0.08688
6350.0 5550.0 -0.20268
50.0 5650.0 0.34452
150.0 5650.0 0.17270
250.0 5650.0 0.03400
350.0 5650.0 -0.05739
450.0 5650.0 -0.10389
550.0 5650.0 -0.11982
650.0 5650.0 -0.12661
750.0 5650.0 -0.14777
850.0 5650.0 -0.20372
950.0 5650.0 -0.30647
1050.0 5650.0 -0.45412
1150.0 5650.0 -0.62488
1250.0 5650.0 -0.76766
1350.0 5650.0 -0.83225
1450.0 5650.0 -0.80024
1550.0 5650.0 -0.68142
1650.0 5650.0 -0.50685
1750.0 5650.0 -0.32063
1850.0 5650.0 -0.17024
1950.0 5650.0 -0.09554
2050.0 5650.0 -0.11638
2150.0 5650.0 -0.21879
2250.0 5650.0 -0.35404
2350.0 5650.0 -0.52488
2450.0 5650.0 -0.72161
2550.0 5650.0 -0.89663
2650.0 5650.0 -0.99742
2750.0 5650.0 -0.98924
2850.0 5650.0 -0.86716
2950.0 5650.0 -0.65729
3050.0 5650.0 -0.40738
3150.0 5650.0 -0.16660
3250.0 5650.0 0.04531
3350.0 5650.0 0.24608
3450.0 5650.0 0.42200
3550.0 5650.0 0.55015
3650.0 5650.0 0.61584
3750.0 5650.0 0.61837
3850.0 5650.0 0.57255
3950.0 5650.0 0.50626
4050.0 5650.0 0.45377
4150.0 5650.0 0.44508
4250.0 5650.0 0.49105
4350.0 5650.0 0.56487
4450.0 5650.0 0.60728
4550.0 5650.0 0.58559
4650.0 5650.0 0.50233
4750.0 5650.0 0.38155
4850.0 5650.0 0.25689
4950.0 5650.0 0.16185
5050.0 5650.0 0.12217
5150.0 5650.0 0.15039
5250.0 5650.0 0.24249
5350.0 5650.0 0.37679
5450.0 5650.0 0.51929
5550.0 5650.0 0.64382
5650.0 5650.0 0.72097
5750.0 5650.0 0.72484
5850.0 5650.0 0.64447
5950.0 5650.0 0.48933
6050.0 5650.0 0.28866
6150.0 5650.0 0.08497
6250.0 5650.0 -0.07854
6350.0 5650.0 -0.17663
50.0 5750.0 0.29386
150.0 5750.0 0.16790
250.0 5750.0 0.06531
350.0 5750.0 -0.00949
450.0 5750.0 -0.06517
550.0 5750.0 -0.11663
650.0 5750.0 -0.17943
750.0 5750.0 -0.26582
850.0 5750.0 -0.38208
950.0 5750.0 -0.52744
1050.0 5750.0 -0.69435
1150.0 5750.0 -0.86967
1250.0 5750.0 -1.01553
1350.0 5750.0 -1.08065
1450.0 5750.0 -1.04310
1550.0 5750.0 -0.90979
1650.0 5750.0 -0.71093
1750.0 5750.0 -0.49225
1850.0 5750.0 -0.30515
1950.0 5750.0 -0.19461
2050.0 5750.0 -0.18502
2150.0 5750.0 -0.26380
2250.0 5750.0 -0.37851
2350.0 5750.0 -0.53264
2450.0 5750.0 -0.72135
2550.0 5750.0 -0.90040
2650.0 5750.0 -1.01795
2750.0 5750.0 -1.03695
2850.0 5750.0 -0.94744
2950.0 5750.0 -0.76891
3050.0 5750.0 -0.54271
3150.0 5750.0 -0.31436
3250.0 5750.0 -0.10602
3350.0 5750.0 0.09532
3450.0 5750.0 0.28162
3550.0 5750.0 0.43289
3650.0 5750.0 0.53306
3750.0 5750.0 0.57703
3850.0 5750.0 0.57368
3950.0 5750.0 0.54468
4050.0 5750.0 0.51930
4150.0 5750.0 0.52502
4250.0 5750.0 0.57403
4350.0 5750.0 0.64596
4450.0 5750.0 0.69027
4550.0 5750.0 0.67769
4650.0 5750.0 0.60940
4750.0 5750.0 0.50568
4850.0 5750.0 0.39579
4950.0 5750.0 0.30957
5050.0 5750.0 0.27071
5150.0 5750.0 0.29166
5250.0 5750.0 0.37012
5350.0 5750.0 0.48736
5450.0 5750.0 0.61097
5550.0 5750.0 0.71147
5650.0 5750.0 0.76183
5750.0 5750.0 0.74308
5850.0 5750.0 0.65137
5950.0 5750.0 0.50039
6050.0 5750.0 0.31942
6150.0 5750.0 0.14677
6250.0 5750.0 0.01872
6350.0 5750.0 -0.04603
50.0 5850.0 0.17167
150.0 5850.0 0.10408
250.0 5850.0 0.05434
350.0 5850.0 0.01751
450.0 5850.0 -0.02355
550.0 5850.0 -0.08738
650.0 5850.0 -0.18658
750.0 5850.0 -0.32399
850.0 5850.0 -0.49223
950.0 5850.0 -0.67683
1050.0 5850.0 -0.86273
1150.0 5850.0 -1.04342
1250.0 5850.0 -1.19448
1350.0 5850.0 -1.26505
1450.0 5850.0 -1.22933
1550.0 5850.0 -1.09002
1650.0 5850.0 -0.87473
1750.0 5850.0 -0.62935
1850.0 5850.0 -0.40825
1950.0 5850.0 -0.26137
2050.0 5850.0 -0.21821
2150.0 5850.0 -0.26869
2250.0 5850.0 -0.35799
2350.0 5850.0 -0.49257
2450.0 5850.0 -0.67434
2550.0 5850.0 -0.86327
2650.0 5850.0 -1.00789
2750.0 5850.0 -1.06741
2850.0 5850.0 -1.02469
2950.0 5850.0 -0.89017
3050.0 5850.0 -0.69667
3150.0 5850.0 -0.48516
3250.0 5850.0 -0.28145
3350.0 5850.0 -0.08063
3450.0 5850.0 0.11274
3550.0 5850.0 0.28098
3650.0 5850.0 0.40689
3750.0 5850.0 0.48198
3850.0 5850.0 0.51049
3950.0 5850.0 0.50932
4050.0 5850.0 0.50386
4150.0 5850.0 0.51964
4250.0 5850.0 0.56990
4350.0 5850.0 0.63941
4450.0 5850.0 0.68657
4550.0 5850.0 0.68681
4650.0 5850.0 0.63976
4750.0 5850.0 0.56074
4850.0 5850.0 0.47312
4950.0 5850.0 0.40168
5050.0 5850.0 0.36702
5150.0 5850.0 0.38109
5250.0 5850.0 0.44366
5350.0 5850.0 0.53990
5450.0 5850.0 0.64061
5550.0 5850.0 0.71532
5650.0 5850.0 0.74176
5750.0 5850.0 0.70941
5850.0 5850.0 0.62160
5950.0 5850.0 0.49492
6050.0 5850.0 0.35602
6150.0 5850.0 0.23564
6250.0 5850.0 0.16012
6350.0 5850.0 0.14011
50.0 5950.0 0.01647
150.0 5950.0 0.01196
250.0 5950.0 0.02493
350.0 5950.0 0.04271
450.0 5950.0 0.03866
550.0 5950.0 -0.01208
650.0 5950.0 -0.12250
750.0 5950.0 -0.28926
850.0 5950.0 -0.49370
950.0 5950.0 -0.70863
1050.0 5950.0 -0.91061
1150.0 5950.0 -1.09675
1250.0 5950.0 -1.25493
1350.0 5950.0 -1.33679
1450.0 5950.0 -1.31308
1550.0 5950.0 -1.18121
1650.0 5950.0 -0.96433
1750.0 5950.0 -0.70630
1850.0 5950.0 -0.46251
1950.0 5950.0 -0.28651
2050.0 5950.0 -0.21261
2150.0 5950.0 -0.23424
2250.0 5950.0 -0.29659
2350.0 5950.0 -0.41041
2450.0 5950.0 -0.58483
2550.0 5950.0 -0.78425
2650.0 5950.0 -0.95759
2750.0 5950.0 -1.06012
2850.0 5950.0 -1.06708
2950.0 5950.0 -0.97927
3050.0 5950.0 -0.82048
3150.0 5950.0 -0.62685
3250.0 5950.0 -0.42805
3350.0 5950.0 -0.22906
3450.0 5950.0 -0.03411
3550.0 5950.0 0.14010
3650.0 5950.0 0.27588
3750.0 5950.0 0.36318
3850.0 5950.0 0.40417
3950.0 5950.0 0.41364
4050.0 5950.0 0.41524
4150.0 5950.0 0.43369
4250.0 5950.0 0.48271
4350.0 5950.0 0.54955
4450.0 5950.0 0.59992
4550.0 5950.0 0.61431
4650.0 5950.0 0.59074
4750.0 5950.0 0.53921
4850.0 5950.0 0.47665
4950.0 5950.0 0.42226
5050.0 5950.0 0.39321
5150.0 5950.0 0.40077
5250.0 5950.0 0.44685
5350.0 5950.0 0.52088
5450.0 5950.0 0.59759
5550.0 5950.0 0.64707
5650.0 5950.0 0.65306
5750.0 5950.0 0.61390
5850.0 5950.0 0.53972
5950.0 5950.0 0.44892
6050.0 5950.0 0.36392
6150.0 5950.0 0.30626
6250.0 5950.0 0.29095
6350.0 5950.0 0.32017
50.0 6050.0 -0.12526
150.0 6050.0 -0.07083
250.0 6050.0 0.00529
350.0 6050.0 0.08523
450.0 6050.0 0.13321
550.0 6050.0 0.11647
650.0 6050.0 0.01869
750.0 6050.0 -0.15425
850.0 6050.0 -0.37608
950.0 6050.0 -0.60942
1050.0 6050.0 -0.82275
1150.0 6050.0 -1.01370
1250.0 6050.0 -1.18018
1350.0 6050.0 -1.27852
1450.0 6050.0 -1.27698
1550.0 6050.0 -1.16724
1650.0 6050.0 -0.96646
1750.0 6050.0 -0.71419
1850.0 6050.0 -0.46436
1950.0 6050.0 -0.27207
2050.0 6050.0 -0.17534
2150.0 6050.0 -0.17179
2250.0 6050.0 -0.20929
2350.0 6050.0 -0.30307
2450.0 6050.0 -0.46835
2550.0 6050.0 -0.67357
2650.0 6050.0 -0.86842
2750.0 6050.0 -1.00518
2850.0 6050.0 -1.05284
2950.0 6050.0 -1.00399
3050.0 6050.0 -0.87456
3150.0 6050.0 -0.69627
3250.0 6050.0 -0.50184
3350.0 6050.0 -0.30583
3450.0 6050.0 -0.11549
3550.0 6050.0 0.05196
3650.0 6050.0 0.17900
3750.0 6050.0 0.25630
3850.0 6050.0 0.28699
3950.0 6050.0 0.28694
4050.0 6050.0 0.28068
4150.0 6050.0 0.29342
4250.0 6050.0 0.33868
4350.0 6050.0 0.40295
4450.0 6050.0 0.45619
4550.0 6050.0 0.48339
4650.0 6050.0 0.48103
4750.0 6050.0 0.45427
4850.0 6050.0 0.41420
4950.0 6050.0 0.37495
5050.0 6050.0 0.35060
5150.0 6050.0 0.35188
5250.0 6050.0 0.38266
5350.0 6050.0 0.43625
5450.0 6050.0 0.49098
5550.0 6050.0 0.51792
5650.0 6050.0 0.50659
5750.0 6050.0 0.46345
5850.0 6050.0 0.40462
5950.0 6050.0 0.34979
6050.0 6050.0 0.31709
6150.0 6050.0 0.31922
6250.0 6050.0 0.36058
6350.0 6050.0 0.43556
50.0 6150.0 -0.20925
150.0 6150.0 -0.10808
250.0 6150.0 0.02185
350.0 6150.0 0.16011
450.0 6150.0 0.26342
550.0 6150.0 0.29122
650.0 6150.0 0.22214
750.0 6150.0 0.06139
850.0 6150.0 -0.16097
950.0 6150.0 -0.40090
1050.0 6150.0 -0.62028
1150.0 6150.0 -0.81484
1250.0 6150.0 -0.98975
1350.0 6150.0 -1.10764
1450.0 6150.0 -1.13567
1550.0 6150.0 -1.06008
1650.0 6150.0 -0.89118
1750.0 6150.0 -0.66255
1850.0 6150.0 -0.42436
1950.0 6150.0 -0.23089
2050.0 6150.0 -0.12231
2150.0 6150.0 -0.10061
2250.0 6150.0 -0.11853
2350.0 6150.0 -0.19480
2450.0 6150.0 -0.34821
2550.0 6150.0 -0.55037
2650.0 6150.0 -0.75234
2750.0 6150.0 -0.90534
2850.0 6150.0 -0.97492
2950.0 6150.0 -0.94861
3050.0 6150.0 -0.83705
3150.0 6150.0 -0.66857
3250.0 6150.0 -0.47727
3350.0 6150.0 -0.28492
3450.0 6150.0 -0.10440
3550.0 6150.0 0.04518
3650.0 6150.0 0.14713
3750.0 6150.0 0.19481
3850.0 6150.0 0.19513
3950.0 6150.0 0.16784
4050.0 6150.0 0.14073
4150.0 6150.0 0.14061
4250.0 6150.0 0.18025
4350.0 6150.0 0.24238
4450.0 6150.0 0.29756
4550.0 6150.0 0.33379
4650.0 6150.0 0.34635
4750.0 6150.0 0.33673
4850.0 6150.0 0.31174
4950.0 6150.0 0.28192
5050.0 6150.0 0.25925
5150.0 6150.0 0.25426
5250.0 6150.0 0.27244
5350.0 6150.0 0.30995
5450.0 6150.0 0.34742
5550.0 6150.0 0.35596
5650.0 6150.0 0.32923
5750.0 6150.0 0.28006
5850.0 6150.0 0.22960
5950.0 6150.0 0.19899
6050.0 6150.0 0.20356
6150.0 6150.0 0.24958
6250.0 6150.0 0.33345
6350.0 6150.0 0.44348
50.0 6250.0 -0.20505
150.0 6250.0 -0.07442
250.0 6250.0 0.09239
350.0 6250.0 0.27465
450.0 6250.0 0.42416
550.0 6250.0 0.49417
650.0 6250.0 0.45820
750.0 6250.0 0.31893
850.0 6250.0 0.10691
950.0 6250.0 -0.13073
1050.0 6250.0 -0.35154
1150.0 6250.0 -0.54821
1250.0 6250.0 -0.73057
1350.0 6250.0 -0.86831
1450.0 6250.0 -0.92879
1550.0 6250.0 -0.89377
1650.0 6250.0 -0.76694
1750.0 6250.0 -0.57508
1850.0 6250.0 -0.36299
1950.0 6250.0 -0.18216
2050.0 6250.0 -0.07320
2150.0 6250.0 -0.04201
2250.0 6250.0 -0.04756
2350.0 6250.0 -0.11004
2450.0 6250.0 -0.24860
2550.0 6250.0 -0.43676
2650.0 6250.0 -0.62768
2750.0 6250.0 -0.77397
2850.0 6250.0 -0.84140
2950.0 6250.0 -0.81645
3050.0 6250.0 -0.70786
3150.0 6250.0 -0.54200
3250.0 6250.0 -0.35218
3350.0 6250.0 -0.16353
3450.0 6250.0 0.00419
3550.0 6250.0 0.12907
3650.0 6250.0 0.19568
3750.0 6250.0 0.20141
3850.0 6250.0 0.15872
3950.0 6250.0 0.09312
4050.0 6250.0 0.03713
4150.0 6250.0 0.01999
4250.0 6250.0 0.05323
4350.0 6250.0 0.11389
4450.0 6250.0 0.16967
4550.0 6250.0 0.20968
4650.0 6250.0 0.22830
4750.0 6250.0 0.22508
4850.0 6250.0 0.20471
4950.0 6250.0 0.17616
5050.0 6250.0 0.15073
5150.0 6250.0 0.13930
5250.0 6250.0 0.14845
5350.0 6250.0 0.17578
5450.0 6250.0 0.20227
5550.0 6250.0 0.19700
5650.0 6250.0 0.15514
5750.0 6250.0 0.09355
5850.0 6250.0 0.03741
5950.0 6250.0 0.01023
6050.0 6250.0 0.02721
6150.0 6250.0 0.09205
6250.0 6250.0 0.19704
6350.0 6250.0 0.32668
50.0 6350.0 -0.10873
150.0 6350.0 0.03398
250.0 6350.0 0.21862
350.0 6350.0 0.42549
450.0 6350.0 0.60421
550.0 6350.0 0.70432
650.0 6350.0 0.69554
750.0 6350.0 0.57755
850.0 6350.0 0.37942
950.0 6350.0 0.14857
1050.0 6350.0 -0.07068
1150.0 6350.0 -0.26810
1250.0 6350.0 -0.45627
1350.0 6350.0 -0.61182
1450.0 6350.0 -0.70333
1550.0 6350.0 -0.70939
1650.0 6350.0 -0.62794
1750.0 6350.0 -0.47909
1850.0 6350.0 -0.30164
1950.0 6350.0 -0.14301
2050.0 6350.0 -0.04285
2150.0 6350.0 -0.01015
2250.0 6350.0 -0.01043
2350.0 6350.0 -0.06290
2450.0 6350.0 -0.18409
2550.0 6350.0 -0.34820
2650.0 6350.0 -0.51113
2750.0 6350.0 -0.62916
2850.0 6350.0 -0.67169
2950.0 6350.0 -0.62803
3050.0 6350.0 -0.50826
3150.0 6350.0 -0.33816
3250.0 6350.0 -0.14823
3350.0 6350.0 0.03720
3450.0 6350.0 0.19159
3550.0 6350.0 0.28995
3650.0 6350.0 0.31827
3750.0 6350.0 0.27843
3850.0 6350.0 0.18901
3950.0 6350.0 0.08192
4050.0 6350.0 -0.00508
4150.0 6350.0 -0.04011
4250.0 6350.0 -0.01298
4350.0 6350.0 0.04691
4450.0 6350.0 0.10195
4550.0 6350.0 0.14049
4650.0 6350.0 0.15637
4750.0 6350.0 0.14882
4850.0 6350.0 0.12259
4950.0 6350.0 0.08708
5050.0 6350.0 0.05437
5150.0 6350.0 0.03617
5250.0 6350.0 0.03973
5350.0 6350.0 0.06267
5450.0 6350.0 0.08424
5550.0 6350.0 0.06909
5650.0 6350.0 0.01097
5750.0 6350.0 -0.07147
5850.0 6350.0 -0.14971
5950.0 6350.0 -0.19666
6050.0 6350.0 -0.19422
6150.0 6350.0 -0.13718
6250.0 6350.0 -0.03327
6350.0 6350.0 0.10038
