50.0 50.0 0.00000
150.0 50.0 0.61020
250.0 50.0 1.14648
350.0 50.0 1.33180
450.0 50.0 1.05714
550.0 50.0 0.52948
650.0 50.0 0.11266
750.0 50.0 -0.09408
850.0 50.0 -0.01483
950.0 50.0 0.38173
1050.0 50.0 0.78455
1150.0 50.0 0.87960
1250.0 50.0 0.55819
1350.0 50.0 -0.03631
1450.0 50.0 -0.72326
1550.0 50.0 -1.39137
1650.0 50.0 -1.67691
1750.0 50.0 -1.39403
1850.0 50.0 -0.75055
1950.0 50.0 -0.17149
2050.0 50.0 0.25666
2150.0 50.0 0.92310
2250.0 50.0 1.62149
2350.0 50.0 1.86988
2450.0 50.0 1.48059
2550.0 50.0 0.70040
2650.0 50.0 -0.08599
2750.0 50.0 -0.90986
2850.0 50.0 -1.70415
2950.0 50.0 -2.02407
3050.0 50.0 -1.65966
3150.0 50.0 -0.87654
3250.0 50.0 -0.18258
3350.0 50.0 0.28157
3450.0 50.0 0.38913
3550.0 50.0 0.05806
3650.0 50.0 -0.42437
3750.0 50.0 -0.67894
3850.0 50.0 -0.47108
3950.0 50.0 0.10838
4050.0 50.0 0.67748
4150.0 50.0 0.95259
4250.0 50.0 0.81358
4350.0 50.0 0.39151
4450.0 50.0 0.01322
4550.0 50.0 -0.04052
4650.0 50.0 0.12893
4750.0 50.0 0.46871
4850.0 50.0 0.84057
4950.0 50.0 0.97821
5050.0 50.0 0.77434
5150.0 50.0 0.34994
5250.0 50.0 -0.10090
5350.0 50.0 -0.51415
5450.0 50.0 -0.75295
5550.0 50.0 -0.69936
5650.0 50.0 -0.41004
5750.0 50.0 -0.10603
5850.0 50.0 0.00169
5950.0 50.0 0.00264
6050.0 50.0 0.07628
6150.0 50.0 0.19284
6250.0 50.0 0.26395
6350.0 50.0 0.23353
50.0 150.0 0.64249
150.0 150.0 1.22120
250.0 150.0 1.68653
350.0 150.0 1.76428
450.0 150.0 1.37443
550.0 150.0 0.75750
650.0 150.0 0.29432
750.0 150.0 0.06479
850.0 150.0 0.10752
950.0 150.0 0.45605
1050.0 150.0 0.82185
1150.0 150.0 0.90631
1250.0 150.0 0.59826
1350.0 150.0 0.02625
1450.0 150.0 -0.62859
1550.0 150.0 -1.23711
1650.0 150.0 -1.44887
1750.0 150.0 -1.10376
1850.0 150.0 -0.42692
1950.0 150.0 0.15748
2050.0 150.0 0.57579
2150.0 150.0 1.17854
2250.0 150.0 1.74104
2350.0 150.0 1.82592
2450.0 150.0 1.30722
2550.0 150.0 0.47165
2650.0 150.0 -0.30740
2750.0 150.0 -1.10341
2850.0 150.0 -1.84661
2950.0 150.0 -2.10840
3050.0 150.0 -1.70237
3150.0 150.0 -0.90602
3250.0 150.0 -0.22144
3350.0 150.0 0.23020
3450.0 150.0 0.36689
3550.0 150.0 0.12763
3650.0 150.0 -0.22574
3750.0 150.0 -0.36298
3850.0 150.0 -0.09192
3950.0 150.0 0.49723
4050.0 150.0 1.06291
4150.0 150.0 1.31856
4250.0 150.0 1.13947
4350.0 150.0 0.66485
4450.0 150.0 0.23828
4550.0 150.0 0.15372
4650.0 150.0 0.29444
4750.0 150.0 0.53847
4850.0 150.0 0.73944
4950.0 150.0 0.68847
5050.0 150.0 0.34580
5150.0 150.0 -0.13187
5250.0 150.0 -0.57369
5350.0 150.0 -0.94542
5450.0 150.0 -1.08345
5550.0 150.0 -0.88995
5650.0 150.0 -0.46873
5750.0 150.0 -0.08231
5850.0 150.0 0.04916
5950.0 150.0 0.04908
6050.0 150.0 0.10476
6150.0 150.0 0.18821
6250.0 150.0 0.22684
6350.0 150.0 0.17955
50.0 250.0 1.09740
150.0 250.0 1.58386
250.0 250.0 2.03126
350.0 250.0 2.16302
450.0 250.0 1.84624
550.0 250.0 1.25675
650.0 250.0 0.73987
750.0 250.0 0.40152
850.0 250.0 0.23507
950.0 250.0 0.28000
1050.0 250.0 0.37794
1150.0 250.0 0.33729
1250.0 250.0 0.05759
1350.0 250.0 -0.40737
1450.0 250.0 -0.91777
1550.0 250.0 -1.30819
1650.0 250.0 -1.28829
1750.0 250.0 -0.78027
1850.0 250.0 -0.04291
1950.0 250.0 0.52987
2050.0 250.0 0.91238
2150.0 250.0 1.41117
2250.0 250.0 1.80507
2350.0 250.0 1.73787
2450.0 250.0 1.15317
2550.0 250.0 0.34986
2650.0 250.0 -0.34270
2750.0 250.0 -1.02269
2850.0 250.0 -1.61230
2950.0 250.0 -1.75223
3050.0 250.0 -1.31654
3150.0 250.0 -0.57867
3250.0 250.0 0.01645
3350.0 250.0 0.38785
3450.0 250.0 0.48516
3550.0 250.0 0.28810
3650.0 250.0 0.05183
3750.0 250.0 0.05174
3850.0 250.0 0.40977
3950.0 250.0 1.01575
4050.0 250.0 1.61195
4150.0 250.0 1.95187
4250.0 250.0 1.86052
4350.0 250.0 1.41786
4450.0 250.0 0.94737
4550.0 250.0 0.76921
4650.0 250.0 0.78895
4750.0 250.0 0.78380
4850.0 250.0 0.62887
4950.0 250.0 0.25405
5050.0 250.0 -0.26594
5150.0 250.0 -0.75586
5250.0 250.0 -1.12175
5350.0 250.0 -1.40596
5450.0 250.0 -1.46686
5550.0 250.0 -1.23327
5650.0 250.0 -0.81467
5750.0 250.0 -0.44947
5850.0 250.0 -0.32492
5950.0 250.0 -0.32219
6050.0 250.0 -0.27808
6150.0 250.0 -0.19824
6250.0 250.0 -0.12547
6350.0 250.0 -0.09675
50.0 350.0 1.14196
150.0 350.0 1.47957
250.0 350.0 1.96094
350.0 350.0 2.30211
450.0 350.0 2.23919
550.0 350.0 1.78966
650.0 350.0 1.21332
750.0 350.0 0.68770
850.0 350.0 0.18993
950.0 350.0 -0.20865
1050.0 350.0 -0.46188
1150.0 350.0 -0.61623
1250.0 350.0 -0.78800
1350.0 350.0 -1.05496
1450.0 350.0 -1.33039
1550.0 350.0 -1.42223
1650.0 350.0 -1.13825
1750.0 350.0 -0.49695
1850.0 350.0 0.23812
1950.0 350.0 0.75191
2050.0 350.0 1.07452
2150.0 350.0 1.45085
2250.0 350.0 1.69129
2350.0 350.0 1.54237
2450.0 350.0 1.00318
2550.0 350.0 0.34196
2650.0 350.0 -0.18547
2750.0 350.0 -0.67202
2850.0 350.0 -1.03395
2950.0 350.0 -1.02856
3050.0 350.0 -0.61250
3150.0 350.0 -0.02680
3250.0 350.0 0.39488
3350.0 350.0 0.62091
3450.0 350.0 0.59867
3550.0 350.0 0.36140
3650.0 350.0 0.18555
3750.0 350.0 0.30244
3850.0 350.0 0.74999
3950.0 350.0 1.37674
4050.0 350.0 2.03333
4150.0 350.0 2.54733
4250.0 350.0 2.65162
4350.0 350.0 2.30787
4450.0 350.0 1.78924
4550.0 350.0 1.45596
4650.0 350.0 1.27475
4750.0 350.0 0.94334
4850.0 350.0 0.40344
4950.0 350.0 -0.24306
5050.0 350.0 -0.82742
5150.0 350.0 -1.21811
5250.0 350.0 -1.43641
5350.0 350.0 -1.59446
5450.0 350.0 -1.61647
5550.0 350.0 -1.46117
5650.0 350.0 -1.19625
5750.0 350.0 -0.96576
5850.0 350.0 -0.88160
5950.0 350.0 -0.87447
6050.0 350.0 -0.85277
6150.0 350.0 -0.78356
6250.0 350.0 -0.65617
6350.0 350.0 -0.49842
50.0 450.0 0.77731
150.0 450.0 0.95395
250.0 450.0 1.48380
350.0 450.0 2.07422
450.0 450.0 2.31120
550.0 450.0 2.03087
650.0 450.0 1.39530
750.0 450.0 0.66798
850.0 450.0 -0.13441
950.0 450.0 -0.87243
1050.0 450.0 -1.31486
1150.0 450.0 -1.41923
1250.0 450.0 -1.37659
1350.0 450.0 -1.40946
1450.0 450.0 -1.44982
1550.0 450.0 -1.31757
1650.0 450.0 -0.91908
1750.0 450.0 -0.31928
1850.0 450.0 0.27982
1950.0 450.0 0.68144
2050.0 450.0 0.93914
2150.0 450.0 1.21499
2250.0 450.0 1.36743
2350.0 450.0 1.23329
2450.0 450.0 0.83501
2550.0 450.0 0.37781
2650.0 450.0 0.03901
2750.0 450.0 -0.24394
2850.0 450.0 -0.39158
2950.0 450.0 -0.28481
3050.0 450.0 0.04896
3150.0 450.0 0.42579
3250.0 450.0 0.64327
3350.0 450.0 0.70724
3450.0 450.0 0.52605
3550.0 450.0 0.18156
3650.0 450.0 -0.00818
3750.0 450.0 0.16871
3850.0 450.0 0.67956
3950.0 450.0 1.32423
4050.0 450.0 2.04522
4150.0 450.0 2.74313
4250.0 450.0 3.05092
4350.0 450.0 2.80431
4450.0 450.0 2.22532
4550.0 450.0 1.71960
4650.0 450.0 1.32855
4750.0 450.0 0.74426
4850.0 450.0 0.00871
4950.0 450.0 -0.65518
5050.0 450.0 -1.07667
5150.0 450.0 -1.24427
5250.0 450.0 -1.28695
5350.0 450.0 -1.31635
5450.0 450.0 -1.32973
5550.0 450.0 -1.31272
5650.0 450.0 -1.26889
5750.0 450.0 -1.22050
5850.0 450.0 -1.19061
5950.0 450.0 -1.18143
6050.0 450.0 -1.20731
6150.0 450.0 -1.19738
6250.0 450.0 -1.06771
6350.0 450.0 -0.81532
50.0 550.0 0.28355
150.0 550.0 0.33888
250.0 550.0 0.88524
350.0 550.0 1.62461
450.0 550.0 2.04436
550.0 550.0 1.86109
650.0 550.0 1.17224
750.0 550.0 0.30120
850.0 550.0 -0.65173
950.0 550.0 -1.45751
1050.0 550.0 -1.79773
1150.0 550.0 -1.65117
1250.0 550.0 -1.33388
1350.0 550.0 -1.17486
1450.0 550.0 -1.06856
1550.0 550.0 -0.88746
1650.0 550.0 -0.60000
1750.0 550.0 -0.23923
1850.0 550.0 0.11205
1950.0 550.0 0.37886
2050.0 550.0 0.58873
2150.0 550.0 0.81067
2250.0 550.0 0.94516
2350.0 550.0 0.88211
2450.0 550.0 0.63930
2550.0 550.0 0.35902
2650.0 550.0 0.16240
2750.0 550.0 0.02051
2850.0 550.0 -0.00265
2950.0 550.0 0.12558
3050.0 550.0 0.34410
3150.0 550.0 0.53016
3250.0 550.0 0.58572
3350.0 550.0 0.52967
3450.0 550.0 0.21683
3550.0 550.0 -0.24114
3650.0 550.0 -0.48563
3750.0 550.0 -0.30293
3850.0 550.0 0.23479
3950.0 550.0 0.88982
4050.0 550.0 1.65119
4150.0 550.0 2.45796
4250.0 550.0 2.87388
4350.0 550.0 2.65667
4450.0 550.0 2.00560
4550.0 550.0 1.36518
4650.0 550.0 0.83091
4750.0 550.0 0.16424
4850.0 550.0 -0.49313
4950.0 550.0 -0.89585
5050.0 550.0 -0.97038
5150.0 550.0 -0.86337
5250.0 550.0 -0.76422
5350.0 550.0 -0.69948
5450.0 550.0 -0.70607
5550.0 550.0 -0.78933
5650.0 550.0 -0.90627
5750.0 550.0 -0.99041
5850.0 550.0 -1.00001
5950.0 550.0 -0.99340
6050.0 550.0 -1.08893
6150.0 550.0 -1.19444
6250.0 550.0 -1.15036
6350.0 550.0 -0.89977
50.0 650.0 0.01925
150.0 650.0 0.01933
250.0 650.0 0.52427
350.0 650.0 1.23632
450.0 650.0 1.63348
550.0 650.0 1.41994
650.0 650.0 0.68566
750.0 650.0 -0.23571
850.0 650.0 -1.15555
950.0 650.0 -1.76170
1050.0 650.0 -1.76285
1150.0 650.0 -1.25350
1250.0 650.0 -0.68496
1350.0 650.0 -0.42733
1450.0 650.0 -0.29503
1550.0 650.0 -0.23026
1650.0 650.0 -0.21320
1750.0 650.0 -0.18764
1850.0 650.0 -0.10422
1950.0 650.0 0.04962
2050.0 650.0 0.23992
2150.0 650.0 0.44969
2250.0 650.0 0.59689
2350.0 650.0 0.58604
2450.0 650.0 0.42407
2550.0 650.0 0.22235
2650.0 650.0 0.08129
2750.0 650.0 -0.01493
2850.0 650.0 -0.02280
2950.0 650.0 0.06147
3050.0 650.0 0.18185
3150.0 650.0 0.25804
3250.0 650.0 0.23979
3350.0 650.0 0.13762
3450.0 650.0 -0.23058
3550.0 650.0 -0.74416
3650.0 650.0 -1.02550
3750.0 650.0 -0.85437
3850.0 650.0 -0.31353
3950.0 650.0 0.34439
4050.0 650.0 1.10942
4150.0 650.0 1.91295
4250.0 650.0 2.29916
4350.0 650.0 2.02072
4450.0 650.0 1.29370
4550.0 650.0 0.58720
4650.0 650.0 0.00943
4750.0 650.0 -0.57986
4850.0 650.0 -0.97327
4950.0 650.0 -0.98693
5050.0 650.0 -0.68865
5150.0 650.0 -0.35955
5250.0 650.0 -0.19235
5350.0 650.0 -0.08307
5450.0 650.0 -0.05538
5550.0 650.0 -0.12762
5650.0 650.0 -0.25622
5750.0 650.0 -0.35835
5850.0 650.0 -0.37357
5950.0 650.0 -0.37347
6050.0 650.0 -0.54378
6150.0 650.0 -0.79311
6250.0 650.0 -0.90258
6350.0 650.0 -0.75121
50.0 750.0 -0.01125
150.0 750.0 -0.02517
250.0 750.0 0.40761
350.0 750.0 0.99270
450.0 750.0 1.25027
550.0 750.0 0.93440
650.0 750.0 0.16111
750.0 750.0 -0.75546
850.0 750.0 -1.55204
950.0 750.0 -1.84759
1050.0 750.0 -1.43221
1150.0 750.0 -0.54895
1250.0 750.0 0.22806
1350.0 750.0 0.52593
1450.0 750.0 0.62302
1550.0 750.0 0.51063
1650.0 750.0 0.22097
1750.0 750.0 -0.08758
1850.0 750.0 -0.24649
1950.0 750.0 -0.18343
2050.0 750.0 -0.00144
2150.0 750.0 0.20597
2250.0 750.0 0.35761
2350.0 750.0 0.35794
2450.0 750.0 0.20950
2550.0 750.0 0.01753
2650.0 750.0 -0.11990
2750.0 750.0 -0.22518
2850.0 750.0 -0.27821
2950.0 750.0 -0.26964
3050.0 750.0 -0.22896
3150.0 750.0 -0.20748
3250.0 750.0 -0.24279
3350.0 750.0 -0.34334
3450.0 750.0 -0.70786
3550.0 750.0 -1.21674
3650.0 750.0 -1.49459
3750.0 750.0 -1.32254
3850.0 750.0 -0.78304
3950.0 750.0 -0.12732
4050.0 750.0 0.61917
4150.0 750.0 1.35794
4250.0 750.0 1.64242
4350.0 750.0 1.25962
4450.0 750.0 0.46155
4550.0 750.0 -0.26874
4650.0 750.0 -0.83532
4750.0 750.0 -1.28732
4850.0 750.0 -1.37890
4950.0 750.0 -1.01429
5050.0 750.0 -0.39696
5150.0 750.0 0.09250
5250.0 750.0 0.28427
5350.0 750.0 0.41287
5450.0 750.0 0.49376
5550.0 750.0 0.49883
5650.0 750.0 0.44549
5750.0 750.0 0.39187
5850.0 750.0 0.39138
5950.0 750.0 0.38521
6050.0 750.0 0.15000
6150.0 750.0 -0.23466
6250.0 750.0 -0.50768
6350.0 750.0 -0.48852
50.0 850.0 -0.09443
150.0 850.0 -0.06990
250.0 850.0 0.35091
350.0 850.0 0.87143
450.0 850.0 1.04556
550.0 850.0 0.67320
650.0 850.0 -0.10112
750.0 850.0 -0.97809
850.0 850.0 -1.63349
950.0 850.0 -1.63268
1050.0 850.0 -0.84052
1150.0 850.0 0.37430
1250.0 850.0 1.34006
1350.0 850.0 1.68783
1450.0 850.0 1.78506
1550.0 850.0 1.57966
1650.0 850.0 1.07635
1750.0 850.0 0.48109
1850.0 850.0 0.05934
1950.0 850.0 -0.03666
2050.0 850.0 0.05550
2150.0 850.0 0.17041
2250.0 850.0 0.24706
2350.0 850.0 0.21706
2450.0 850.0 0.08120
2550.0 850.0 -0.08669
2650.0 850.0 -0.21708
2750.0 850.0 -0.35968
2850.0 850.0 -0.55971
2950.0 850.0 -0.76665
3050.0 850.0 -0.91671
3150.0 850.0 -0.98624
3250.0 850.0 -1.00125
3350.0 850.0 -1.02946
3450.0 850.0 -1.27095
3550.0 850.0 -1.62066
3650.0 850.0 -1.76638
3750.0 850.0 -1.53376
3850.0 850.0 -1.00211
3950.0 850.0 -0.38398
4050.0 850.0 0.31393
4150.0 850.0 0.98862
4250.0 850.0 1.21214
4350.0 850.0 0.79060
4450.0 850.0 -0.02044
4550.0 850.0 -0.74992
4650.0 850.0 -1.30646
4750.0 850.0 -1.67304
4850.0 850.0 -1.56351
4950.0 850.0 -0.92121
5050.0 850.0 -0.03757
5150.0 850.0 0.62401
5250.0 850.0 0.89223
5350.0 850.0 1.06672
5450.0 850.0 1.14273
5550.0 850.0 1.08906
5650.0 850.0 0.95408
5750.0 850.0 0.84283
5850.0 850.0 0.83766
5950.0 850.0 0.85177
6050.0 850.0 0.63263
6150.0 850.0 0.25285
6250.0 850.0 -0.02765
6350.0 850.0 -0.02134
50.0 950.0 -0.23045
150.0 950.0 -0.08814
250.0 950.0 0.41169
350.0 950.0 0.96172
450.0 950.0 1.13650
550.0 950.0 0.77579
650.0 950.0 0.05673
750.0 950.0 -0.73169
850.0 950.0 -1.26581
950.0 950.0 -1.10438
1050.0 950.0 -0.14439
1150.0 950.0 1.20885
1250.0 950.0 2.26646
1350.0 950.0 2.67181
1450.0 950.0 2.84168
1550.0 950.0 2.73475
1650.0 950.0 2.25812
1750.0 950.0 1.54711
1850.0 950.0 0.89560
1950.0 950.0 0.55383
2050.0 950.0 0.42682
2150.0 950.0 0.31878
2250.0 950.0 0.22814
2350.0 950.0 0.14887
2450.0 950.0 0.06776
2550.0 950.0 -0.02753
2650.0 950.0 -0.13829
2750.0 950.0 -0.34559
2850.0 950.0 -0.79383
2950.0 950.0 -1.34369
3050.0 950.0 -1.76513
3150.0 950.0 -1.91975
3250.0 950.0 -1.83623
3350.0 950.0 -1.68489
3450.0 950.0 -1.65035
3550.0 950.0 -1.67392
3650.0 950.0 -1.58076
3750.0 950.0 -1.27482
3850.0 950.0 -0.80277
3950.0 950.0 -0.28421
4050.0 950.0 0.32021
4150.0 950.0 0.94199
4250.0 950.0 1.18387
4350.0 950.0 0.84071
4450.0 950.0 0.11524
4550.0 950.0 -0.57536
4650.0 950.0 -1.13101
4750.0 950.0 -1.53252
4850.0 950.0 -1.45693
4950.0 950.0 -0.78511
5050.0 950.0 0.21112
5150.0 950.0 1.03228
5250.0 950.0 1.45886
5350.0 950.0 1.73346
5450.0 950.0 1.74511
5550.0 950.0 1.46397
5650.0 950.0 1.04391
5750.0 950.0 0.73558
5850.0 950.0 0.70341
5950.0 950.0 0.77769
6050.0 950.0 0.68093
6150.0 950.0 0.48319
6250.0 950.0 0.38938
6350.0 950.0 0.53049
50.0 1050.0 -0.32050
150.0 1050.0 -0.01840
250.0 1050.0 0.60034
350.0 1050.0 1.21340
450.0 1050.0 1.41497
550.0 1050.0 1.08875
650.0 1050.0 0.45056
750.0 1050.0 -0.22577
850.0 1050.0 -0.71029
950.0 1050.0 -0.61550
1050.0 1050.0 0.19365
1150.0 1050.0 1.39734
1250.0 1050.0 2.39353
1350.0 1050.0 2.84311
1450.0 1050.0 3.14262
1550.0 1050.0 3.31709
1650.0 1050.0 3.13036
1750.0 1050.0 2.53756
1850.0 1050.0 1.77351
1950.0 1050.0 1.17294
2050.0 1050.0 0.75743
2150.0 1050.0 0.37386
2250.0 1050.0 0.11209
2350.0 1050.0 0.03479
2450.0 1050.0 0.08571
2550.0 1050.0 0.11858
2650.0 1050.0 0.03897
2750.0 1050.0 -0.22860
2850.0 1050.0 -0.89931
2950.0 1050.0 -1.72841
3050.0 1050.0 -2.32499
3150.0 1050.0 -2.46376
3250.0 1050.0 -2.20558
3350.0 1050.0 -1.81825
3450.0 1050.0 -1.46982
3550.0 1050.0 -1.18125
3650.0 1050.0 -0.92540
3750.0 1050.0 -0.65454
3850.0 1050.0 -0.32981
3950.0 1050.0 0.04652
4050.0 1050.0 0.53458
4150.0 1050.0 1.11773
4250.0 1050.0 1.43488
4350.0 1050.0 1.24838
4450.0 1050.0 0.67212
4550.0 1050.0 0.04432
4650.0 1050.0 -0.52035
4750.0 1050.0 -1.07234
4850.0 1050.0 -1.26648
4950.0 1050.0 -0.83333
5050.0 1050.0 0.08165
5150.0 1050.0 1.00237
5250.0 1050.0 1.62652
5350.0 1050.0 2.04556
5450.0 1050.0 2.00982
5550.0 1050.0 1.48451
5650.0 1050.0 0.74364
5750.0 1050.0 0.21132
5850.0 1050.0 0.15442
5950.0 1050.0 0.30753
6050.0 1050.0 0.36071
6150.0 1050.0 0.37829
6250.0 1050.0 0.50023
6350.0 1050.0 0.79411
50.0 1150.0 -0.29531
150.0 1150.0 0.14466
250.0 1150.0 0.84586
350.0 1150.0 1.47378
450.0 1150.0 1.65392
550.0 1150.0 1.32534
650.0 1150.0 0.74678
750.0 1150.0 0.16575
850.0 1150.0 -0.34686
950.0 1150.0 -0.49263
1050.0 1150.0 -0.05963
1150.0 1150.0 0.79519
1250.0 1150.0 1.61799
1350.0 1150.0 2.08603
1450.0 1150.0 2.52047
1550.0 1150.0 3.03436
1650.0 1150.0 3.25609
1750.0 1150.0 2.92945
1850.0 1150.0 2.17938
1950.0 1150.0 1.38869
2050.0 1150.0 0.71925
2150.0 1150.0 0.11867
2250.0 1150.0 -0.22746
2350.0 1150.0 -0.21421
2450.0 1150.0 0.03190
2550.0 1150.0 0.22013
2650.0 1150.0 0.17482
2750.0 1150.0 -0.11971
2850.0 1150.0 -0.87700
2950.0 1150.0 -1.77168
3050.0 1150.0 -2.33210
3150.0 1150.0 -2.32355
3250.0 1150.0 -1.86509
3350.0 1150.0 -1.27187
3450.0 1150.0 -0.71053
3550.0 1150.0 -0.29527
3650.0 1150.0 -0.08683
3750.0 1150.0 -0.01130
3850.0 1150.0 0.09837
3950.0 1150.0 0.33622
4050.0 1150.0 0.72157
4150.0 1150.0 1.27437
4250.0 1150.0 1.66517
4350.0 1150.0 1.62508
4450.0 1150.0 1.18640
4550.0 1150.0 0.61602
4650.0 1150.0 0.03798
4750.0 1150.0 -0.70178
4850.0 1150.0 -1.25219
4950.0 1150.0 -1.17523
5050.0 1150.0 -0.45202
5150.0 1150.0 0.49908
5250.0 1150.0 1.29253
5350.0 1150.0 1.86229
5450.0 1150.0 1.86148
5550.0 1150.0 1.23752
5650.0 1150.0 0.33004
5750.0 1150.0 -0.32392
5850.0 1150.0 -0.38022
5950.0 1150.0 -0.16266
6050.0 1150.0 -0.02799
6150.0 1150.0 0.07358
6250.0 1150.0 0.25727
6350.0 1150.0 0.58115
50.0 1250.0 -0.16377
150.0 1250.0 0.34173
250.0 1250.0 1.03593
350.0 1250.0 1.58014
450.0 1250.0 1.64776
550.0 1250.0 1.24430
650.0 1250.0 0.67074
750.0 1250.0 0.13852
850.0 1250.0 -0.43214
950.0 1250.0 -0.81692
1050.0 1250.0 -0.73319
1150.0 1250.0 -0.19725
1250.0 1250.0 0.46030
1350.0 1250.0 0.92613
1450.0 1250.0 1.44404
1550.0 1250.0 2.18693
1650.0 1250.0 2.70497
1750.0 1250.0 2.60147
1850.0 1250.0 1.91361
1950.0 1250.0 1.03770
2050.0 1250.0 0.23155
2150.0 1250.0 -0.45413
2250.0 1250.0 -0.76508
2350.0 1250.0 -0.59583
2450.0 1250.0 -0.14973
2550.0 1250.0 0.17309
2650.0 1250.0 0.15443
2750.0 1250.0 -0.12720
2850.0 1250.0 -0.81646
2950.0 1250.0 -1.55743
3050.0 1250.0 -1.89893
3150.0 1250.0 -1.67152
3250.0 1250.0 -1.05680
3350.0 1250.0 -0.35570
3450.0 1250.0 0.24517
3550.0 1250.0 0.55442
3650.0 1250.0 0.51374
3750.0 1250.0 0.29174
3850.0 1250.0 0.18610
3950.0 1250.0 0.33424
4050.0 1250.0 0.65854
4150.0 1250.0 1.17737
4250.0 1250.0 1.58126
4350.0 1250.0 1.59359
4450.0 1250.0 1.21168
4550.0 1250.0 0.66700
4650.0 1250.0 0.07994
4750.0 1250.0 -0.77867
4850.0 1250.0 -1.55865
4950.0 1250.0 -1.71921
5050.0 1250.0 -1.13607
5150.0 1250.0 -0.18517
5250.0 1250.0 0.69966
5350.0 1250.0 1.38302
5450.0 1250.0 1.50945
5550.0 1250.0 0.99781
5650.0 1250.0 0.16576
5750.0 1250.0 -0.44583
5850.0 1250.0 -0.47011
5950.0 1250.0 -0.22641
6050.0 1250.0 -0.12975
6150.0 1250.0 -0.15326
6250.0 1250.0 -0.14283
6350.0 1250.0 0.02910
50.0 1350.0 0.01006
150.0 1350.0 0.51007
250.0 1350.0 1.11633
350.0 1350.0 1.49370
450.0 1350.0 1.37474
550.0 1350.0 0.83627
650.0 1350.0 0.21760
750.0 1350.0 -0.30949
850.0 1350.0 -0.91620
950.0 1350.0 -1.40784
1050.0 1350.0 -1.47203
1150.0 1350.0 -1.06932
1250.0 1350.0 -0.48328
1350.0 1350.0 -0.02532
1450.0 1350.0 0.50985
1550.0 1350.0 1.30470
1650.0 1350.0 1.89454
1750.0 1350.0 1.85128
1850.0 1350.0 1.18919
1950.0 1350.0 0.30344
2050.0 1350.0 -0.52354
2150.0 1350.0 -1.17863
2250.0 1350.0 -1.37484
2350.0 1350.0 -1.03681
2450.0 1350.0 -0.43225
2550.0 1350.0 -0.02033
2650.0 1350.0 -0.02393
2750.0 1350.0 -0.26942
2850.0 1350.0 -0.80544
2950.0 1350.0 -1.28756
3050.0 1350.0 -1.34743
3150.0 1350.0 -0.91313
3250.0 1350.0 -0.21457
3350.0 1350.0 0.49839
3450.0 1350.0 1.00473
3550.0 1350.0 1.06548
3650.0 1350.0 0.68914
3750.0 1350.0 0.16606
3850.0 1350.0 -0.10440
3950.0 1350.0 0.01018
4050.0 1350.0 0.31360
4150.0 1350.0 0.78788
4250.0 1350.0 1.13283
4350.0 1350.0 1.09162
4450.0 1350.0 0.67747
4550.0 1350.0 0.12413
4650.0 1350.0 -0.46339
4750.0 1350.0 -1.32954
4850.0 1350.0 -2.12101
4950.0 1350.0 -2.28752
5050.0 1350.0 -1.69913
5150.0 1350.0 -0.73354
5250.0 1350.0 0.16961
5350.0 1350.0 0.91692
5450.0 1350.0 1.22054
5550.0 1350.0 0.96736
5650.0 1350.0 0.38801
5750.0 1350.0 -0.05957
5850.0 1350.0 -0.03279
5950.0 1350.0 0.20148
6050.0 1350.0 0.16690
6150.0 1350.0 -0.13622
6250.0 1350.0 -0.46788
6350.0 1350.0 -0.57603
50.0 1450.0 0.31525
150.0 1450.0 0.79192
250.0 1450.0 1.27311
350.0 1450.0 1.42490
450.0 1450.0 1.05099
550.0 1450.0 0.31781
650.0 1450.0 -0.38430
750.0 1450.0 -0.92955
850.0 1450.0 -1.57519
950.0 1450.0 -2.13894
1050.0 1450.0 -2.28664
1150.0 1450.0 -1.94987
1250.0 1450.0 -1.39464
1350.0 1450.0 -0.93818
1450.0 1450.0 -0.39949
1550.0 1450.0 0.39614
1650.0 1450.0 0.98353
1750.0 1450.0 0.93613
1850.0 1450.0 0.27092
1950.0 1450.0 -0.61492
2050.0 1450.0 -1.43745
2150.0 1450.0 -2.05074
2250.0 1450.0 -2.14237
2350.0 1450.0 -1.65655
2450.0 1450.0 -0.90796
2550.0 1450.0 -0.40153
2650.0 1450.0 -0.36594
2750.0 1450.0 -0.52865
2850.0 1450.0 -0.82389
2950.0 1450.0 -0.96081
3050.0 1450.0 -0.70240
3150.0 1450.0 -0.08781
3250.0 1450.0 0.62998
3350.0 1450.0 1.28314
3450.0 1450.0 1.62522
3550.0 1450.0 1.39270
3650.0 1450.0 0.67857
3750.0 1450.0 -0.11529
3850.0 1450.0 -0.52050
3950.0 1450.0 -0.43131
4050.0 1450.0 -0.13680
4150.0 1450.0 0.32861
4250.0 1450.0 0.66584
4350.0 1450.0 0.61859
4450.0 1450.0 0.19942
4550.0 1450.0 -0.35912
4650.0 1450.0 -0.94976
4750.0 1450.0 -1.79952
4850.0 1450.0 -2.55710
4950.0 1450.0 -2.69235
5050.0 1450.0 -2.09327
5150.0 1450.0 -1.14207
5250.0 1450.0 -0.26723
5350.0 1450.0 0.51500
5450.0 1450.0 1.01715
5550.0 1450.0 1.08396
5650.0 1450.0 0.82219
5750.0 1450.0 0.56770
5850.0 1450.0 0.62381
5950.0 1450.0 0.80163
6050.0 1450.0 0.56251
6150.0 1450.0 -0.10966
6250.0 1450.0 -0.85874
6350.0 1450.0 -1.28798
50.0 1550.0 0.90994
150.0 1550.0 1.36406
250.0 1550.0 1.70025
350.0 1550.0 1.56893
450.0 1550.0 0.84960
550.0 1550.0 -0.17467
650.0 1550.0 -1.03209
750.0 1550.0 -1.64486
850.0 1550.0 -2.37037
950.0 1550.0 -3.01798
1050.0 1550.0 -3.21938
1150.0 1550.0 -2.89130
1250.0 1550.0 -2.31574
1350.0 1550.0 -1.83760
1450.0 1550.0 -1.28691
1550.0 1550.0 -0.50685
1650.0 1550.0 0.03678
1750.0 1550.0 -0.06438
1850.0 1550.0 -0.76865
1950.0 1550.0 -1.66376
2050.0 1550.0 -2.48045
2150.0 1550.0 -3.10551
2250.0 1550.0 -3.20111
2350.0 1550.0 -2.66659
2450.0 1550.0 -1.80603
2550.0 1550.0 -1.15712
2650.0 1550.0 -0.98800
2750.0 1550.0 -0.92737
2850.0 1550.0 -0.77051
2950.0 1550.0 -0.39398
3050.0 1550.0 0.20269
3150.0 1550.0 0.86783
3250.0 1550.0 1.41462
3350.0 1550.0 1.82633
3450.0 1550.0 1.87619
3550.0 1550.0 1.34168
3650.0 1550.0 0.40191
3750.0 1550.0 -0.50610
3850.0 1550.0 -0.95407
3950.0 1550.0 -0.90113
4050.0 1550.0 -0.61089
4150.0 1550.0 -0.04636
4250.0 1550.0 0.47773
4350.0 1550.0 0.63070
4450.0 1550.0 0.34197
4550.0 1550.0 -0.19254
4650.0 1550.0 -0.80305
4750.0 1550.0 -1.64105
4850.0 1550.0 -2.38014
4950.0 1550.0 -2.54168
5050.0 1550.0 -2.03474
5150.0 1550.0 -1.21862
5250.0 1550.0 -0.48356
5350.0 1550.0 0.25878
5450.0 1550.0 0.96564
5550.0 1550.0 1.41122
5650.0 1550.0 1.51366
5750.0 1550.0 1.43047
5850.0 1550.0 1.41408
5950.0 1550.0 1.39988
6050.0 1550.0 0.81328
6150.0 1550.0 -0.33046
6250.0 1550.0 -1.51705
6350.0 1550.0 -2.21831
50.0 1650.0 1.43544
150.0 1650.0 1.88795
250.0 1650.0 2.16383
350.0 1650.0 1.87789
450.0 1650.0 0.92966
550.0 1650.0 -0.32755
650.0 1650.0 -1.34979
750.0 1650.0 -2.07096
850.0 1650.0 -2.90260
950.0 1650.0 -3.61910
1050.0 1650.0 -3.81381
1150.0 1650.0 -3.41330
1250.0 1650.0 -2.75534
1350.0 1650.0 -2.23196
1450.0 1650.0 -1.65907
1550.0 1650.0 -0.89679
1650.0 1650.0 -0.41276
1750.0 1650.0 -0.58943
1850.0 1650.0 -1.34878
1950.0 1650.0 -2.25564
2050.0 1650.0 -3.06649
2150.0 1650.0 -3.77148
2250.0 1650.0 -4.01635
2350.0 1650.0 -3.58468
2450.0 1650.0 -2.69599
2550.0 1650.0 -1.89130
2650.0 1650.0 -1.50945
2750.0 1650.0 -1.12890
2850.0 1650.0 -0.45034
2950.0 1650.0 0.39517
3050.0 1650.0 1.14437
3150.0 1650.0 1.60389
3250.0 1650.0 1.76350
3350.0 1650.0 1.77649
3450.0 1650.0 1.48355
3550.0 1650.0 0.78228
3650.0 1650.0 -0.10199
3750.0 1650.0 -0.83032
3850.0 1650.0 -1.16042
3950.0 1650.0 -1.14247
4050.0 1650.0 -0.86752
4150.0 1650.0 -0.16573
4250.0 1650.0 0.62618
4350.0 1650.0 1.06838
4450.0 1650.0 0.96699
4550.0 1650.0 0.46269
4650.0 1650.0 -0.18088
4750.0 1650.0 -0.99097
4850.0 1650.0 -1.68152
4950.0 1650.0 -1.86628
5050.0 1650.0 -1.49775
5150.0 1650.0 -0.90188
5250.0 1650.0 -0.40324
5350.0 1650.0 0.20719
5450.0 1650.0 1.03421
5550.0 1650.0 1.77194
5650.0 1650.0 2.14068
5750.0 1650.0 2.11832
5850.0 1650.0 1.91248
5950.0 1650.0 1.59821
6050.0 1650.0 0.64652
6150.0 1650.0 -0.83363
6250.0 1650.0 -2.20184
6350.0 1650.0 -2.90897
50.0 1750.0 1.50146
150.0 1750.0 1.98370
250.0 1750.0 2.35451
350.0 1750.0 2.18261
450.0 1750.0 1.29575
550.0 1750.0 0.01292
650.0 1750.0 -1.10138
750.0 1750.0 -1.93403
850.0 1750.0 -2.86251
950.0 1750.0 -3.61047
1050.0 1750.0 -3.74144
1150.0 1750.0 -3.21286
1250.0 1750.0 -2.43879
1350.0 1750.0 -1.86198
1450.0 1750.0 -1.26142
1550.0 1750.0 -0.50046
1650.0 1750.0 -0.05021
1750.0 1750.0 -0.27558
1850.0 1750.0 -1.07103
1950.0 1750.0 -1.98231
2050.0 1750.0 -2.78904
2150.0 1750.0 -3.61404
2250.0 1750.0 -4.10057
2350.0 1750.0 -3.88533
2450.0 1750.0 -3.05904
2550.0 1750.0 -2.13644
2650.0 1750.0 -1.53433
2750.0 1750.0 -0.85572
2850.0 1750.0 0.19473
2950.0 1750.0 1.23556
3050.0 1750.0 1.82592
3150.0 1750.0 1.84182
3250.0 1750.0 1.51178
3350.0 1750.0 1.10414
3450.0 1750.0 0.54608
3550.0 1750.0 -0.10232
3650.0 1750.0 -0.63309
3750.0 1750.0 -0.91832
3850.0 1750.0 -0.99428
3950.0 1750.0 -0.99617
4050.0 1750.0 -0.75916
4150.0 1750.0 0.00732
4250.0 1750.0 0.95527
4350.0 1750.0 1.57309
4450.0 1750.0 1.58204
4550.0 1750.0 1.08187
4650.0 1750.0 0.40527
4750.0 1750.0 -0.34632
4850.0 1750.0 -0.92308
4950.0 1750.0 -1.05626
5050.0 1750.0 -0.77246
5150.0 1750.0 -0.38153
5250.0 1750.0 -0.13290
5350.0 1750.0 0.29446
5450.0 1750.0 1.10343
5550.0 1750.0 1.92782
5650.0 1750.0 2.35477
5750.0 1750.0 2.24898
5850.0 1750.0 1.79692
5950.0 1750.0 1.18070
6050.0 1750.0 0.01075
6150.0 1750.0 -1.47203
6250.0 1750.0 -2.60187
6350.0 1750.0 -2.96320
50.0 1850.0 1.04015
150.0 1850.0 1.57219
250.0 1850.0 2.15582
350.0 1850.0 2.31984
450.0 1850.0 1.75594
550.0 1850.0 0.65891
650.0 1850.0 -0.44379
750.0 1850.0 -1.35176
850.0 1850.0 -2.33926
950.0 1850.0 -3.08489
1050.0 1850.0 -3.13756
1150.0 1850.0 -2.48846
1250.0 1850.0 -1.61559
1350.0 1850.0 -0.99792
1450.0 1850.0 -0.37262
1550.0 1850.0 0.41056
1650.0 1850.0 0.87600
1750.0 1850.0 0.65805
1850.0 1850.0 -0.13315
1950.0 1850.0 -1.03692
2050.0 1850.0 -1.84173
2150.0 1850.0 -2.77177
2250.0 1850.0 -3.47691
2350.0 1850.0 -3.47640
2450.0 1850.0 -2.74746
2550.0 1850.0 -1.76906
2650.0 1850.0 -1.01473
2750.0 1850.0 -0.16126
2850.0 1850.0 0.99865
2950.0 1850.0 1.92398
3050.0 1850.0 2.13452
3150.0 1850.0 1.65009
3250.0 1850.0 0.90999
3350.0 1850.0 0.20786
3450.0 1850.0 -0.46503
3550.0 1850.0 -0.90884
3650.0 1850.0 -0.97624
3750.0 1850.0 -0.76570
3850.0 1850.0 -0.56876
3950.0 1850.0 -0.57207
4050.0 1850.0 -0.39155
4150.0 1850.0 0.30816
4250.0 1850.0 1.18778
4350.0 1850.0 1.74661
4450.0 1850.0 1.71024
4550.0 1850.0 1.17438
4650.0 1850.0 0.47771
4750.0 1850.0 -0.19161
4850.0 1850.0 -0.59958
4950.0 1850.0 -0.58727
5050.0 1850.0 -0.27318
5150.0 1850.0 0.01630
5250.0 1850.0 0.09221
5350.0 1850.0 0.36064
5450.0 1850.0 1.05554
5550.0 1850.0 1.78545
5650.0 1850.0 2.09718
5750.0 1850.0 1.82960
5850.0 1850.0 1.17268
5950.0 1850.0 0.35819
6050.0 1850.0 -0.82250
6150.0 1850.0 -2.00825
6250.0 1850.0 -2.60695
6350.0 1850.0 -2.42836
50.0 1950.0 0.31016
150.0 1950.0 0.88872
250.0 1950.0 1.69399
350.0 1950.0 2.23339
450.0 1950.0 2.06489
550.0 1950.0 1.23886
650.0 1950.0 0.21769
750.0 1950.0 -0.71341
850.0 1950.0 -1.71756
950.0 1950.0 -2.45144
1050.0 1950.0 -2.46166
1150.0 1950.0 -1.75665
1250.0 1950.0 -0.84147
1350.0 1950.0 -0.20797
1450.0 1950.0 0.43273
1550.0 1950.0 1.25404
1650.0 1950.0 1.77612
1750.0 1950.0 1.61573
1850.0 1950.0 0.86510
1950.0 1950.0 -0.02208
2050.0 1950.0 -0.82630
2150.0 1950.0 -1.80185
2250.0 1950.0 -2.60409
2350.0 1950.0 -2.70508
2450.0 1950.0 -2.03266
2550.0 1950.0 -1.04598
2650.0 1950.0 -0.23933
2750.0 1950.0 0.64280
2850.0 1950.0 1.70148
2950.0 1950.0 2.35567
3050.0 1950.0 2.18980
3150.0 1950.0 1.36027
3250.0 1950.0 0.41839
3350.0 1950.0 -0.38532
3450.0 1950.0 -1.04443
3550.0 1950.0 -1.29172
3650.0 1950.0 -1.03719
3750.0 1950.0 -0.51640
3850.0 1950.0 -0.15408
3950.0 1950.0 -0.14856
4050.0 1950.0 -0.02764
4150.0 1950.0 0.49732
4250.0 1950.0 1.11258
4350.0 1950.0 1.40423
4450.0 1950.0 1.18600
4550.0 1950.0 0.58571
4650.0 1950.0 -0.11339
4750.0 1950.0 -0.69797
4850.0 1950.0 -0.92606
4950.0 1950.0 -0.71354
5050.0 1950.0 -0.26514
5150.0 1950.0 0.04870
5250.0 1950.0 0.07031
5350.0 1950.0 0.26256
5450.0 1950.0 0.84773
5550.0 1950.0 1.43740
5650.0 1950.0 1.60116
5750.0 1950.0 1.20605
5850.0 1950.0 0.45591
5950.0 1950.0 -0.41401
6050.0 1950.0 -1.46649
6150.0 1950.0 -2.27349
6250.0 1950.0 -2.35287
6350.0 1950.0 -1.71359
50.0 2050.0 -0.46279
150.0 2050.0 0.15391
250.0 2050.0 1.14789
350.0 2050.0 2.01803
450.0 2050.0 2.21304
550.0 2050.0 1.65409
650.0 2050.0 0.73603
750.0 2050.0 -0.18713
850.0 2050.0 -1.18474
950.0 2050.0 -1.91062
1050.0 2050.0 -1.91694
1150.0 2050.0 -1.21505
1250.0 2050.0 -0.30813
1350.0 2050.0 0.31614
1450.0 2050.0 0.95912
1550.0 2050.0 1.82487
1650.0 2050.0 2.43211
1750.0 2050.0 2.36848
1850.0 2050.0 1.68964
1950.0 2050.0 0.82896
2050.0 2050.0 0.02536
2150.0 2050.0 -0.95588
2250.0 2050.0 -1.77151
2350.0 2050.0 -1.88949
2450.0 2050.0 -1.23128
2550.0 2050.0 -0.25142
2650.0 2050.0 0.55508
2750.0 2050.0 1.39453
2850.0 2050.0 2.27242
2950.0 2050.0 2.63106
3050.0 2050.0 2.15755
3150.0 2050.0 1.11806
3250.0 2050.0 0.11005
3350.0 2050.0 -0.68443
3450.0 2050.0 -1.27439
3550.0 2050.0 -1.37569
3650.0 2050.0 -0.94283
3750.0 2050.0 -0.27584
3850.0 2050.0 0.15613
3950.0 2050.0 0.16583
4050.0 2050.0 0.22588
4150.0 2050.0 0.53606
4250.0 2050.0 0.81590
4350.0 2050.0 0.76704
4450.0 2050.0 0.32152
4550.0 2050.0 -0.34899
4650.0 2050.0 -1.04116
4750.0 2050.0 -1.54800
4850.0 2050.0 -1.60822
4950.0 2050.0 -1.18744
5050.0 2050.0 -0.56508
5150.0 2050.0 -0.16529
5250.0 2050.0 -0.13232
5350.0 2050.0 0.03882
5450.0 2050.0 0.54755
5550.0 2050.0 1.02074
5650.0 2050.0 1.07041
5750.0 2050.0 0.60426
5850.0 2050.0 -0.16167
5950.0 2050.0 -1.00653
6050.0 2050.0 -1.89083
6150.0 2050.0 -2.35971
6250.0 2050.0 -2.03564
6350.0 2050.0 -1.07221
50.0 2150.0 -1.44861
150.0 2150.0 -0.78265
250.0 2150.0 0.40087
350.0 2150.0 1.60726
450.0 2150.0 2.19176
550.0 2150.0 1.94783
650.0 2150.0 1.19049
750.0 2150.0 0.33356
850.0 2150.0 -0.58925
950.0 2150.0 -1.27345
1050.0 2150.0 -1.33370
1150.0 2150.0 -0.78280
1250.0 2150.0 -0.05807
1350.0 2150.0 0.41902
1450.0 2150.0 0.96413
1550.0 2150.0 1.88236
1650.0 2150.0 2.72285
1750.0 2150.0 2.98880
1850.0 2150.0 2.58677
1950.0 2150.0 1.83710
2050.0 2150.0 1.03729
2150.0 2150.0 0.05273
2250.0 2150.0 -0.77424
2350.0 2150.0 -0.91262
2450.0 2150.0 -0.27913
2550.0 2150.0 0.67958
2650.0 2150.0 1.47205
2750.0 2150.0 2.21762
2850.0 2150.0 2.77111
2950.0 2150.0 2.66263
3050.0 2150.0 1.77595
3150.0 2150.0 0.53411
3250.0 2150.0 -0.44247
3350.0 2150.0 -1.09976
3450.0 2150.0 -1.47718
3550.0 2150.0 -1.32689
3650.0 2150.0 -0.70874
3750.0 2150.0 0.01674
3850.0 2150.0 0.40488
3950.0 2150.0 0.33931
4050.0 2150.0 0.27192
4150.0 2150.0 0.32591
4250.0 2150.0 0.27825
4350.0 2150.0 -0.05830
4450.0 2150.0 -0.66899
4550.0 2150.0 -1.37725
4650.0 2150.0 -2.05475
4750.0 2150.0 -2.49933
4850.0 2150.0 -2.42515
4950.0 2150.0 -1.82194
5050.0 2150.0 -1.02393
5150.0 2150.0 -0.50705
5250.0 2150.0 -0.41708
5350.0 2150.0 -0.25163
5450.0 2150.0 0.13208
5550.0 2150.0 0.41923
5650.0 2150.0 0.32493
5750.0 2150.0 -0.16943
5850.0 2150.0 -0.84779
5950.0 2150.0 -1.54691
6050.0 2150.0 -2.16513
6150.0 2150.0 -2.27569
6250.0 2150.0 -1.62705
6350.0 2150.0 -0.47312
50.0 2250.0 -2.30193
150.0 2250.0 -1.58785
250.0 2250.0 -0.30339
350.0 2250.0 1.08926
450.0 2250.0 1.92753
550.0 2250.0 1.94145
650.0 2250.0 1.38062
750.0 2250.0 0.67392
850.0 2250.0 -0.05221
950.0 2250.0 -0.59006
1050.0 2250.0 -0.71536
1150.0 2250.0 -0.46702
1250.0 2250.0 -0.14429
1350.0 2250.0 -0.01151
1450.0 2250.0 0.27035
1550.0 2250.0 1.17275
1650.0 2250.0 2.32936
1750.0 2250.0 3.12320
1850.0 2250.0 3.19737
1950.0 2250.0 2.64684
2050.0 2250.0 1.85459
2150.0 2250.0 0.87251
2250.0 2250.0 0.04326
2350.0 2250.0 -0.11156
2450.0 2250.0 0.49115
2550.0 2250.0 1.41441
2650.0 2250.0 2.17599
2750.0 2250.0 2.78054
2850.0 2250.0 2.90552
2950.0 2250.0 2.24876
3050.0 2250.0 0.96927
3150.0 2250.0 -0.34558
3250.0 2250.0 -1.11122
3350.0 2250.0 -1.44858
3450.0 2250.0 -1.43244
3550.0 2250.0 -0.93662
3650.0 2250.0 -0.19845
3750.0 2250.0 0.39311
3850.0 2250.0 0.53783
3950.0 2250.0 0.27443
4050.0 2250.0 0.00115
4150.0 2250.0 -0.18279
4250.0 2250.0 -0.41908
4350.0 2250.0 -0.83453
4450.0 2250.0 -1.43063
4550.0 2250.0 -2.10155
4650.0 2250.0 -2.75598
4750.0 2250.0 -3.19114
4850.0 2250.0 -3.09679
4950.0 2250.0 -2.43074
5050.0 2250.0 -1.52388
5150.0 2250.0 -0.87985
5250.0 2250.0 -0.67247
5350.0 2250.0 -0.48641
5450.0 2250.0 -0.27956
5550.0 2250.0 -0.24905
5650.0 2250.0 -0.49937
5750.0 2250.0 -0.93906
5850.0 2250.0 -1.37403
5950.0 2250.0 -1.75845
6050.0 2250.0 -2.01919
6150.0 2250.0 -1.84665
6250.0 2250.0 -1.11426
6350.0 2250.0 -0.06657
50.0 2350.0 -2.45719
150.0 2350.0 -1.72114
250.0 2350.0 -0.51135
350.0 2350.0 0.76240
450.0 2350.0 1.53481
550.0 2350.0 1.59490
650.0 2350.0 1.18042
750.0 2350.0 0.66620
850.0 2350.0 0.23034
950.0 2350.0 -0.03089
1050.0 2350.0 -0.12578
1150.0 2350.0 -0.16841
1250.0 2350.0 -0.31213
1350.0 2350.0 -0.61723
1450.0 2350.0 -0.70895
1550.0 2350.0 0.03017
1650.0 2350.0 1.35609
1750.0 2350.0 2.57730
1850.0 2350.0 3.08641
1950.0 2350.0 2.72922
2050.0 2350.0 1.94520
2150.0 2350.0 0.97500
2250.0 2350.0 0.16333
2350.0 2350.0 0.01387
2450.0 2350.0 0.59985
2550.0 2350.0 1.48937
2650.0 2350.0 2.21279
2750.0 2350.0 2.68746
2850.0 2350.0 2.47853
2950.0 2350.0 1.47520
3050.0 2350.0 0.06915
3150.0 2350.0 -1.07454
3250.0 2350.0 -1.47687
3350.0 2350.0 -1.40148
3450.0 2350.0 -0.93919
3550.0 2350.0 -0.14275
3650.0 2350.0 0.56267
3750.0 2350.0 0.81909
3850.0 2350.0 0.56510
3950.0 2350.0 0.03313
4050.0 2350.0 -0.45813
4150.0 2350.0 -0.76101
4250.0 2350.0 -0.93968
4350.0 2350.0 -1.14703
4450.0 2350.0 -1.51498
4550.0 2350.0 -2.07204
4650.0 2350.0 -2.70268
4750.0 2350.0 -3.19842
4850.0 2350.0 -3.23517
4950.0 2350.0 -2.68229
5050.0 2350.0 -1.79607
5150.0 2350.0 -1.06608
5250.0 2350.0 -0.71548
5350.0 2350.0 -0.48608
5450.0 2350.0 -0.45090
5550.0 2350.0 -0.66417
5650.0 2350.0 -1.02710
5750.0 2350.0 -1.33661
5850.0 2350.0 -1.43784
5950.0 2350.0 -1.42838
6050.0 2350.0 -1.35842
6150.0 2350.0 -1.09527
6250.0 2350.0 -0.58983
6350.0 2350.0 0.04659
50.0 2450.0 -1.80303
150.0 2450.0 -1.07910
250.0 2450.0 -0.09305
350.0 2450.0 0.79885
450.0 2450.0 1.20890
550.0 2450.0 1.08645
650.0 2450.0 0.71539
750.0 2450.0 0.36768
850.0 2450.0 0.22784
950.0 2450.0 0.31531
1050.0 2450.0 0.39039
1150.0 2450.0 0.22203
1250.0 2450.0 -0.25794
1350.0 2450.0 -0.93234
1450.0 2450.0 -1.38294
1550.0 2450.0 -0.93831
1650.0 2450.0 0.27740
1750.0 2450.0 1.59476
1850.0 2450.0 2.28642
1950.0 2450.0 2.02780
2050.0 2450.0 1.24918
2150.0 2450.0 0.29779
2250.0 2450.0 -0.47847
2350.0 2450.0 -0.59714
2450.0 2450.0 -0.00299
2550.0 2450.0 0.86920
2650.0 2450.0 1.56131
2750.0 2450.0 1.96765
2850.0 2450.0 1.65497
2950.0 2450.0 0.65688
3050.0 2450.0 -0.53718
3150.0 2450.0 -1.30850
3250.0 2450.0 -1.31953
3350.0 2450.0 -0.88677
3450.0 2450.0 -0.08618
3550.0 2450.0 0.85767
3650.0 2450.0 1.38897
3750.0 2450.0 1.22919
3850.0 2450.0 0.56432
3950.0 2450.0 -0.21047
4050.0 2450.0 -0.85854
4150.0 2450.0 -1.13811
4250.0 2450.0 -1.06460
4350.0 2450.0 -0.88340
4450.0 2450.0 -0.91302
4550.0 2450.0 -1.32730
4650.0 2450.0 -1.94147
4750.0 2450.0 -2.53992
4850.0 2450.0 -2.79874
4950.0 2450.0 -2.47802
5050.0 2450.0 -1.72092
5150.0 2450.0 -0.97040
5250.0 2450.0 -0.50146
5350.0 2450.0 -0.22401
5450.0 2450.0 -0.30235
5550.0 2450.0 -0.67240
5650.0 2450.0 -1.07756
5750.0 2450.0 -1.23698
5850.0 2450.0 -1.03663
5950.0 2450.0 -0.69344
6050.0 2450.0 -0.41904
6150.0 2450.0 -0.25037
6250.0 2450.0 -0.15260
6350.0 2450.0 -0.04531
50.0 2550.0 -0.78312
150.0 2550.0 -0.09009
250.0 2550.0 0.65327
350.0 2550.0 1.12516
450.0 2550.0 1.10458
550.0 2550.0 0.71115
650.0 2550.0 0.29730
750.0 2550.0 0.03784
850.0 2550.0 0.10543
950.0 2550.0 0.50415
1050.0 2550.0 0.83788
1150.0 2550.0 0.75312
1250.0 2550.0 0.17753
1350.0 2550.0 -0.67808
1450.0 2550.0 -1.35444
1550.0 2550.0 -1.22826
1650.0 2550.0 -0.34607
1750.0 2550.0 0.72742
1850.0 2550.0 1.30610
1950.0 2550.0 1.02506
2050.0 2550.0 0.24739
2150.0 2550.0 -0.68559
2250.0 2550.0 -1.42301
2350.0 2550.0 -1.49927
2450.0 2550.0 -0.87802
2550.0 2550.0 -0.00296
2650.0 2550.0 0.67450
2750.0 2550.0 1.08348
2850.0 2550.0 0.87793
2950.0 2550.0 0.14866
3050.0 2550.0 -0.65402
3150.0 2550.0 -1.03472
3250.0 2550.0 -0.77370
3350.0 2550.0 -0.15319
3450.0 2550.0 0.78715
3550.0 2550.0 1.71944
3650.0 2550.0 2.04453
3750.0 2550.0 1.56699
3850.0 2550.0 0.63471
3950.0 2550.0 -0.27565
4050.0 2550.0 -0.98623
4150.0 2550.0 -1.17440
4250.0 2550.0 -0.84150
4350.0 2550.0 -0.32536
4450.0 2550.0 -0.08880
4550.0 2550.0 -0.40029
4650.0 2550.0 -1.00855
4750.0 2550.0 -1.69410
4850.0 2550.0 -2.14118
4950.0 2550.0 -2.03090
5050.0 2550.0 -1.41497
5150.0 2550.0 -0.68916
5250.0 2550.0 -0.16173
5350.0 2550.0 0.14665
5450.0 2550.0 0.02732
5550.0 2550.0 -0.39623
5650.0 2550.0 -0.79404
5750.0 2550.0 -0.85441
5850.0 2550.0 -0.48848
5950.0 2550.0 0.02647
6050.0 2550.0 0.36377
6150.0 2550.0 0.38820
6250.0 2550.0 0.15589
6350.0 2550.0 -0.11002
50.0 2650.0 0.09130
150.0 2650.0 0.75558
250.0 2650.0 1.33977
350.0 2650.0 1.53347
450.0 2650.0 1.21264
550.0 2650.0 0.60677
650.0 2650.0 0.12209
750.0 2650.0 -0.12251
850.0 2650.0 0.04456
950.0 2650.0 0.65949
1050.0 2650.0 1.25696
1150.0 2650.0 1.38423
1250.0 2650.0 0.90303
1350.0 2650.0 0.03824
1450.0 2650.0 -0.71802
1550.0 2650.0 -0.84529
1650.0 2650.0 -0.36017
1750.0 2650.0 0.30551
1850.0 2650.0 0.60361
1950.0 2650.0 0.22548
2050.0 2650.0 -0.55450
2150.0 2650.0 -1.47448
2250.0 2650.0 -2.18179
2350.0 2650.0 -2.22014
2450.0 2650.0 -1.56740
2550.0 2650.0 -0.67746
2650.0 2650.0 0.00003
2750.0 2650.0 0.45122
2850.0 2650.0 0.43698
2950.0 2650.0 0.03623
3050.0 2650.0 -0.40476
3150.0 2650.0 -0.51623
3250.0 2650.0 -0.14297
3350.0 2650.0 0.50549
3450.0 2650.0 1.42910
3550.0 2650.0 2.27195
3650.0 2650.0 2.45341
3750.0 2650.0 1.83116
3850.0 2650.0 0.80851
3950.0 2650.0 -0.12982
4050.0 2650.0 -0.83559
4150.0 2650.0 -0.95349
4250.0 2650.0 -0.49092
4350.0 2650.0 0.16905
4450.0 2650.0 0.50888
4550.0 2650.0 0.23278
4650.0 2650.0 -0.37670
4750.0 2650.0 -1.10109
4850.0 2650.0 -1.63221
4950.0 2650.0 -1.62250
5050.0 2650.0 -1.08495
5150.0 2650.0 -0.39054
5250.0 2650.0 0.14277
5350.0 2650.0 0.45866
5450.0 2650.0 0.34223
5550.0 2650.0 -0.07531
5650.0 2650.0 -0.45749
5750.0 2650.0 -0.49279
5850.0 2650.0 -0.09803
5950.0 2650.0 0.44127
6050.0 2650.0 0.76497
6150.0 2650.0 0.71807
6250.0 2650.0 0.37498
6350.0 2650.0 0.00250
50.0 2750.0 0.83181
150.0 2750.0 1.44886
250.0 2750.0 1.86652
350.0 2750.0 1.79500
450.0 2750.0 1.20480
550.0 2750.0 0.42070
650.0 2750.0 -0.11381
750.0 2750.0 -0.33474
850.0 2750.0 -0.05798
950.0 2750.0 0.79868
1050.0 2750.0 1.71095
1150.0 2750.0 2.12085
1250.0 2750.0 1.80443
1350.0 2750.0 0.98595
1450.0 2750.0 0.20150
1550.0 2750.0 -0.13453
1650.0 2750.0 -0.02783
1750.0 2750.0 0.21714
1850.0 2750.0 0.20635
1950.0 2750.0 -0.28727
2050.0 2750.0 -1.07660
2150.0 2750.0 -2.01205
2250.0 2750.0 -2.74879
2350.0 2750.0 -2.82283
2450.0 2750.0 -2.20045
2550.0 2750.0 -1.32727
2650.0 2750.0 -0.65429
2750.0 2750.0 -0.14198
2850.0 2750.0 0.09898
2950.0 2750.0 0.10371
3050.0 2750.0 0.06847
3150.0 2750.0 0.21468
3250.0 2750.0 0.64490
3350.0 2750.0 1.24954
3450.0 2750.0 2.06076
3550.0 2750.0 2.72666
3650.0 2750.0 2.73702
3750.0 2750.0 2.01479
3850.0 2750.0 0.98180
3950.0 2750.0 0.08717
4050.0 2750.0 -0.57036
4150.0 2750.0 -0.64658
4250.0 2750.0 -0.14841
4350.0 2750.0 0.54559
4450.0 2750.0 0.92340
4550.0 2750.0 0.69212
4650.0 2750.0 0.12720
4750.0 2750.0 -0.59158
4850.0 2750.0 -1.18605
4950.0 2750.0 -1.29576
5050.0 2750.0 -0.88464
5150.0 2750.0 -0.26842
5250.0 2750.0 0.24377
5350.0 2750.0 0.56243
5450.0 2750.0 0.48547
5550.0 2750.0 0.13301
5650.0 2750.0 -0.18700
5750.0 2750.0 -0.18954
5850.0 2750.0 0.20146
5950.0 2750.0 0.71728
6050.0 2750.0 0.98053
6150.0 2750.0 0.84074
6250.0 2750.0 0.40784
6350.0 2750.0 -0.01884
50.0 2850.0 1.23997
150.0 2850.0 1.75182
250.0 2850.0 1.94074
350.0 2850.0 1.57985
450.0 2850.0 0.76165
550.0 2850.0 -0.11161
650.0 2850.0 -0.60678
750.0 2850.0 -0.73410
850.0 2850.0 -0.28448
950.0 2850.0 0.86766
1050.0 2850.0 2.14216
1150.0 2850.0 2.88292
1250.0 2850.0 2.78702
1350.0 2850.0 2.07915
1450.0 2850.0 1.34930
1550.0 2850.0 0.93143
1650.0 2850.0 0.79698
1750.0 2850.0 0.72070
1850.0 2850.0 0.44140
1950.0 2850.0 -0.17083
2050.0 2850.0 -0.98808
2150.0 2850.0 -2.00441
2250.0 2850.0 -2.90279
2350.0 2850.0 -3.17632
2450.0 2850.0 -2.72468
2550.0 2850.0 -1.94479
2650.0 2850.0 -1.29452
2750.0 2850.0 -0.69596
2850.0 2850.0 -0.09416
2950.0 2850.0 0.44750
3050.0 2850.0 0.89421
3150.0 2850.0 1.27724
3250.0 2850.0 1.66505
3350.0 2850.0 2.09357
3450.0 2850.0 2.59552
3550.0 2850.0 2.88432
3650.0 2850.0 2.63923
3750.0 2850.0 1.89039
3850.0 2850.0 1.01346
3950.0 2850.0 0.32867
4050.0 2850.0 -0.17644
4150.0 2850.0 -0.26565
4250.0 2850.0 0.08396
4350.0 2850.0 0.61515
4450.0 2850.0 0.94632
4550.0 2850.0 0.83799
4650.0 2850.0 0.46831
4750.0 2850.0 -0.12317
4850.0 2850.0 -0.75756
4950.0 2850.0 -1.08753
5050.0 2850.0 -0.97247
5150.0 2850.0 -0.56920
5250.0 2850.0 -0.13146
5350.0 2850.0 0.18342
5450.0 2850.0 0.21706
5550.0 2850.0 0.05275
5650.0 2850.0 -0.09160
5750.0 2850.0 -0.01218
5850.0 2850.0 0.34728
5950.0 2850.0 0.77546
6050.0 2850.0 0.87655
6150.0 2850.0 0.53535
6250.0 2850.0 -0.04706
6350.0 2850.0 -0.51682
50.0 2950.0 1.12724
150.0 2950.0 1.49919
250.0 2950.0 1.47855
350.0 2950.0 0.93347
450.0 2950.0 0.05975
550.0 2950.0 -0.72710
650.0 2950.0 -1.06980
750.0 2950.0 -1.04701
850.0 2950.0 -0.44398
950.0 2950.0 0.86694
1050.0 2950.0 2.30088
1150.0 2950.0 3.19660
1250.0 2950.0 3.24904
1350.0 2950.0 2.68483
1450.0 2950.0 2.09851
1550.0 2950.0 1.79352
1650.0 2950.0 1.68235
1750.0 2950.0 1.52817
1850.0 2950.0 1.12786
1950.0 2950.0 0.43480
2050.0 2950.0 -0.42210
2150.0 2950.0 -1.53759
2250.0 2950.0 -2.62148
2350.0 2950.0 -3.11864
2450.0 2950.0 -2.85673
2550.0 2950.0 -2.18198
2650.0 2950.0 -1.56151
2750.0 2950.0 -0.89031
2850.0 2950.0 0.01611
2950.0 2950.0 0.96723
3050.0 2950.0 1.71033
3150.0 2950.0 2.13966
3250.0 2950.0 2.34356
3350.0 2950.0 2.48663
3450.0 2950.0 2.55530
3550.0 2950.0 2.39314
3650.0 2950.0 1.94178
3750.0 2950.0 1.33061
3850.0 2950.0 0.80221
3950.0 2950.0 0.47450
4050.0 2950.0 0.20923
4150.0 2950.0 0.05963
4250.0 2950.0 0.10340
4350.0 2950.0 0.30381
4450.0 2950.0 0.51557
4550.0 2950.0 0.59557
4650.0 2950.0 0.55143
4750.0 2950.0 0.22332
4850.0 2950.0 -0.35871
4950.0 2950.0 -0.90406
5050.0 2950.0 -1.15322
5150.0 2950.0 -1.03980
5250.0 2950.0 -0.71712
5350.0 2950.0 -0.42494
5450.0 2950.0 -0.26796
5550.0 2950.0 -0.21325
5650.0 2950.0 -0.15934
5750.0 2950.0 -0.00427
5850.0 2950.0 0.28637
5950.0 2950.0 0.57654
6050.0 2950.0 0.46253
6150.0 2950.0 -0.10379
6250.0 2950.0 -0.80411
6350.0 2950.0 -1.24100
50.0 3050.0 0.61460
150.0 3050.0 0.86200
250.0 3050.0 0.73378
350.0 3050.0 0.19227
450.0 3050.0 -0.52403
550.0 3050.0 -1.06275
650.0 3050.0 -1.18608
750.0 3050.0 -1.00953
850.0 3050.0 -0.35663
950.0 3050.0 0.84287
1050.0 3050.0 2.07327
1150.0 3050.0 2.80083
1250.0 3050.0 2.82682
1350.0 3050.0 2.38104
1450.0 3050.0 1.97593
1550.0 3050.0 1.93019
1650.0 3050.0 2.08222
1750.0 3050.0 2.10234
1850.0 3050.0 1.75727
1950.0 3050.0 1.04429
2050.0 3050.0 0.15178
2150.0 3050.0 -1.01392
2250.0 3050.0 -2.16449
2350.0 3050.0 -2.72986
2450.0 3050.0 -2.52192
2550.0 3050.0 -1.88053
2650.0 3050.0 -1.27925
2750.0 3050.0 -0.58555
2850.0 3050.0 0.41647
2950.0 3050.0 1.42973
3050.0 3050.0 2.09860
3150.0 3050.0 2.30994
3250.0 3050.0 2.23195
3350.0 3050.0 2.07895
3450.0 3050.0 1.75719
3550.0 3050.0 1.26673
3650.0 3050.0 0.78253
3750.0 3050.0 0.47202
3850.0 3050.0 0.38878
3950.0 3050.0 0.44658
4050.0 3050.0 0.43154
4150.0 3050.0 0.21381
4250.0 3050.0 -0.07076
4350.0 3050.0 -0.22503
4450.0 3050.0 -0.14375
4550.0 3050.0 0.13208
4650.0 3050.0 0.43433
4750.0 3050.0 0.43322
4850.0 3050.0 0.01592
4950.0 3050.0 -0.61921
5050.0 3050.0 -1.13702
5150.0 3050.0 -1.27206
5250.0 3050.0 -1.06345
5350.0 3050.0 -0.81493
5450.0 3050.0 -0.59871
5550.0 3050.0 -0.42246
5650.0 3050.0 -0.26910
5750.0 3050.0 -0.10564
5850.0 3050.0 0.09228
5950.0 3050.0 0.24329
6050.0 3050.0 -0.04684
6150.0 3050.0 -0.74700
6250.0 3050.0 -1.44735
6350.0 3050.0 -1.74928
50.0 3150.0 0.09792
150.0 3150.0 0.27490
250.0 3150.0 0.15240
350.0 3150.0 -0.24602
450.0 3150.0 -0.69919
550.0 3150.0 -0.95352
650.0 3150.0 -0.88242
750.0 3150.0 -0.60318
850.0 3150.0 -0.01544
950.0 3150.0 0.85736
1050.0 3150.0 1.61391
1150.0 3150.0 1.92812
1250.0 3150.0 1.77236
1350.0 3150.0 1.37965
1450.0 3150.0 1.11685
1550.0 3150.0 1.32779
1650.0 3150.0 1.79291
1750.0 3150.0 2.07399
1850.0 3150.0 1.86697
1950.0 3150.0 1.17575
2050.0 3150.0 0.26440
2150.0 3150.0 -0.86995
2250.0 3150.0 -1.90961
2350.0 3150.0 -2.31787
2450.0 3150.0 -1.96916
2550.0 3150.0 -1.25639
2650.0 3150.0 -0.65357
2750.0 3150.0 0.01113
2850.0 3150.0 0.89327
2950.0 3150.0 1.64432
3050.0 3150.0 1.94174
3150.0 3150.0 1.78058
3250.0 3150.0 1.43340
3350.0 3150.0 1.07854
3450.0 3150.0 0.54435
3550.0 3150.0 -0.04246
3650.0 3150.0 -0.38324
3750.0 3150.0 -0.34402
3850.0 3150.0 -0.04685
3950.0 3150.0 0.28790
4050.0 3150.0 0.45022
4150.0 3150.0 0.20113
4250.0 3150.0 -0.28563
4350.0 3150.0 -0.65968
4450.0 3150.0 -0.65139
4550.0 3150.0 -0.23458
4650.0 3150.0 0.31244
4750.0 3150.0 0.58643
4850.0 3150.0 0.38844
4950.0 3150.0 -0.17848
5050.0 3150.0 -0.77373
5150.0 3150.0 -1.02765
5250.0 3150.0 -0.89174
5350.0 3150.0 -0.69540
5450.0 3150.0 -0.51560
5550.0 3150.0 -0.37462
5650.0 3150.0 -0.27225
5750.0 3150.0 -0.18133
5850.0 3150.0 -0.07033
5950.0 3150.0 -0.01021
6050.0 3150.0 -0.37365
6150.0 3150.0 -1.06594
6250.0 3150.0 -1.64468
6350.0 3150.0 -1.75430
50.0 3250.0 -0.04084
150.0 3250.0 0.12433
250.0 3250.0 0.06315
350.0 3250.0 -0.18328
450.0 3250.0 -0.43433
550.0 3250.0 -0.51020
650.0 3250.0 -0.34263
750.0 3250.0 -0.03333
850.0 3250.0 0.43280
950.0 3250.0 0.94645
1050.0 3250.0 1.21118
1150.0 3250.0 1.08985
1250.0 3250.0 0.70965
1350.0 3250.0 0.30568
1450.0 3250.0 0.09635
1550.0 3250.0 0.42019
1650.0 3250.0 1.03592
1750.0 3250.0 1.45352
1850.0 3250.0 1.32771
1950.0 3250.0 0.65624
2050.0 3250.0 -0.25507
2150.0 3250.0 -1.29462
2250.0 3250.0 -2.09683
2350.0 3250.0 -2.19192
2450.0 3250.0 -1.56891
2550.0 3250.0 -0.71175
2650.0 3250.0 -0.08947
2750.0 3250.0 0.52451
2850.0 3250.0 1.19545
2950.0 3250.0 1.57809
3050.0 3250.0 1.45698
3150.0 3250.0 0.96754
3250.0 3250.0 0.46232
3350.0 3250.0 0.04330
3450.0 3250.0 -0.50340
3550.0 3250.0 -0.99011
3650.0 3250.0 -1.11508
3750.0 3250.0 -0.81597
3850.0 3250.0 -0.31873
3950.0 3250.0 0.11874
4050.0 3250.0 0.34982
4150.0 3250.0 0.12656
4250.0 3250.0 -0.37001
4350.0 3250.0 -0.75829
4450.0 3250.0 -0.73452
4550.0 3250.0 -0.25817
4650.0 3250.0 0.37602
4750.0 3250.0 0.79385
4850.0 3250.0 0.78129
4950.0 3250.0 0.37612
5050.0 3250.0 -0.12935
5150.0 3250.0 -0.36635
5250.0 3250.0 -0.24807
5350.0 3250.0 -0.09534
5450.0 3250.0 -0.02002
5550.0 3250.0 -0.03323
5650.0 3250.0 -0.09075
5750.0 3250.0 -0.11750
5850.0 3250.0 -0.06262
5950.0 3250.0 -0.02697
6050.0 3250.0 -0.36188
6150.0 3250.0 -0.94190
6250.0 3250.0 -1.34738
6350.0 3250.0 -1.28493
50.0 3350.0 0.05137
150.0 3350.0 0.23516
250.0 3350.0 0.25195
350.0 3350.0 0.13602
450.0 3350.0 0.02292
550.0 3350.0 0.04329
650.0 3350.0 0.24284
750.0 3350.0 0.54106
850.0 3350.0 0.87496
950.0 3350.0 1.06787
1050.0 3350.0 0.90987
1150.0 3350.0 0.41494
1250.0 3350.0 -0.16871
1350.0 3350.0 -0.60719
1450.0 3350.0 -0.81332
1550.0 3350.0 -0.47808
1650.0 3350.0 0.16091
1750.0 3350.0 0.61015
1850.0 3350.0 0.51519
1950.0 3350.0 -0.13472
2050.0 3350.0 -1.02322
2150.0 3350.0 -1.93658
2250.0 3350.0 -2.46695
2350.0 3350.0 -2.22551
2450.0 3350.0 -1.32257
2550.0 3350.0 -0.32786
2650.0 3350.0 0.30504
2750.0 3350.0 0.85732
2850.0 3350.0 1.31307
2950.0 3350.0 1.35705
3050.0 3350.0 0.89005
3150.0 3350.0 0.16727
3250.0 3350.0 -0.41196
3350.0 3350.0 -0.82283
3450.0 3350.0 -1.29318
3550.0 3350.0 -1.61234
3650.0 3350.0 -1.52616
3750.0 3350.0 -1.04713
3850.0 3350.0 -0.45684
3950.0 3350.0 -0.00387
4050.0 3350.0 0.24307
4150.0 3350.0 0.07168
4250.0 3350.0 -0.34508
4350.0 3350.0 -0.65277
4450.0 3350.0 -0.57519
4550.0 3350.0 -0.08173
4650.0 3350.0 0.56001
4750.0 3350.0 1.04492
4850.0 3350.0 1.17737
4950.0 3350.0 0.95302
5050.0 3350.0 0.59982
5150.0 3350.0 0.43962
5250.0 3350.0 0.57003
5350.0 3350.0 0.68907
5450.0 3350.0 0.63743
5550.0 3350.0 0.42768
5650.0 3350.0 0.17453
5750.0 3350.0 0.02285
5850.0 3350.0 0.04618
5950.0 3350.0 0.09595
6050.0 3350.0 -0.16464
6150.0 3350.0 -0.60284
6250.0 3350.0 -0.84560
6350.0 3350.0 -0.65853
50.0 3450.0 -0.17364
150.0 3450.0 0.09551
250.0 3450.0 0.31594
350.0 3450.0 0.47067
450.0 3450.0 0.58358
550.0 3450.0 0.70656
650.0 3450.0 0.88471
750.0 3450.0 1.10219
850.0 3450.0 1.24036
950.0 3450.0 1.08106
1050.0 3450.0 0.51764
1150.0 3450.0 -0.29912
1250.0 3450.0 -1.03865
1350.0 3450.0 -1.49491
1450.0 3450.0 -1.70607
1550.0 3450.0 -1.39495
1650.0 3450.0 -0.73834
1750.0 3450.0 -0.18368
1850.0 3450.0 -0.10049
1950.0 3450.0 -0.55902
2050.0 3450.0 -1.26374
2150.0 3450.0 -1.91396
2250.0 3450.0 -2.15509
2350.0 3450.0 -1.74053
2450.0 3450.0 -0.84670
2550.0 3450.0 0.01442
2650.0 3450.0 0.49690
2750.0 3450.0 0.86035
2850.0 3450.0 1.02813
2950.0 3450.0 0.77600
3050.0 3450.0 0.11679
3150.0 3450.0 -0.65551
3250.0 3450.0 -1.19061
3350.0 3450.0 -1.53166
3450.0 3450.0 -1.87877
3550.0 3450.0 -2.01740
3650.0 3450.0 -1.74533
3750.0 3450.0 -1.12935
3850.0 3450.0 -0.47353
3950.0 3450.0 -0.00321
4050.0 3450.0 0.26046
4150.0 3450.0 0.11725
4250.0 3450.0 -0.27151
4350.0 3450.0 -0.56447
4450.0 3450.0 -0.48920
4550.0 3450.0 -0.00852
4650.0 3450.0 0.62334
4750.0 3450.0 1.14925
4850.0 3450.0 1.40746
4950.0 3450.0 1.37253
5050.0 3450.0 1.21044
5150.0 3450.0 1.17812
5250.0 3450.0 1.36591
5350.0 3450.0 1.47011
5450.0 3450.0 1.25530
5550.0 3450.0 0.78371
5650.0 3450.0 0.28762
5750.0 3450.0 0.01618
5850.0 3450.0 0.06668
5950.0 3450.0 0.21044
6050.0 3450.0 0.10097
6150.0 3450.0 -0.18044
6250.0 3450.0 -0.34866
6350.0 3450.0 -0.20080
50.0 3550.0 -0.67207
150.0 3550.0 -0.23874
250.0 3550.0 0.29581
350.0 3550.0 0.80572
450.0 3550.0 1.14801
550.0 3550.0 1.29717
650.0 3550.0 1.34905
750.0 3550.0 1.39240
850.0 3550.0 1.29934
950.0 3550.0 0.87304
1050.0 3550.0 0.09925
1150.0 3550.0 -0.81519
1250.0 3550.0 -1.56038
1350.0 3550.0 -1.99544
1450.0 3550.0 -2.23217
1550.0 3550.0 -2.04072
1650.0 3550.0 -1.45453
1750.0 3550.0 -0.77957
1850.0 3550.0 -0.37739
1950.0 3550.0 -0.43286
2050.0 3550.0 -0.73328
2150.0 3550.0 -0.93868
2250.0 3550.0 -0.88323
2350.0 3550.0 -0.54254
2450.0 3550.0 -0.07519
2550.0 3550.0 0.26835
2650.0 3550.0 0.37664
2750.0 3550.0 0.38817
2850.0 3550.0 0.21870
2950.0 3550.0 -0.18772
3050.0 3550.0 -0.74111
3150.0 3550.0 -1.25105
3250.0 3550.0 -1.56125
3350.0 3550.0 -1.75178
3450.0 3550.0 -1.94462
3550.0 3550.0 -1.95669
3650.0 3550.0 -1.62172
3750.0 3550.0 -1.00069
3850.0 3550.0 -0.35209
3950.0 3550.0 0.13579
4050.0 3550.0 0.42051
4150.0 3550.0 0.27689
4250.0 3550.0 -0.15058
4350.0 3550.0 -0.51489
4450.0 3550.0 -0.51530
4550.0 3550.0 -0.08552
4650.0 3550.0 0.51177
4750.0 3550.0 1.01192
4850.0 3550.0 1.29852
4950.0 3550.0 1.37493
5050.0 3550.0 1.38118
5150.0 3550.0 1.50891
5250.0 3550.0 1.81130
5350.0 3550.0 1.94208
5450.0 3550.0 1.57028
5550.0 3550.0 0.83352
5650.0 3550.0 0.11607
5750.0 3550.0 -0.21161
5850.0 3550.0 -0.03736
5950.0 3550.0 0.30958
6050.0 3550.0 0.45525
6150.0 3550.0 0.34914
6250.0 3550.0 0.13246
6350.0 3550.0 0.01511
50.0 3650.0 -1.06186
150.0 3650.0 -0.44350
250.0 3650.0 0.37141
350.0 3650.0 1.12465
450.0 3650.0 1.53065
550.0 3650.0 1.54692
650.0 3650.0 1.37580
750.0 3650.0 1.20201
850.0 3650.0 0.93281
950.0 3650.0 0.46136
1050.0 3650.0 -0.18764
1150.0 3650.0 -0.87663
1250.0 3650.0 -1.43667
1350.0 3650.0 -1.81079
1450.0 3650.0 -2.09817
1550.0 3650.0 -2.14200
1650.0 3650.0 -1.78655
1750.0 3650.0 -1.11051
1850.0 3650.0 -0.41134
1950.0 3650.0 0.00632
2050.0 3650.0 0.21480
2150.0 3650.0 0.53246
2250.0 3650.0 0.86582
2350.0 3650.0 0.98467
2450.0 3650.0 0.79911
2550.0 3650.0 0.42659
2650.0 3650.0 0.05071
2750.0 3650.0 -0.35111
2850.0 3650.0 -0.80977
2950.0 3650.0 -1.18429
3050.0 3650.0 -1.36464
3150.0 3650.0 -1.37635
3250.0 3650.0 -1.34590
3350.0 3650.0 -1.34993
3450.0 3650.0 -1.41626
3550.0 3650.0 -1.42444
3650.0 3650.0 -1.20858
3750.0 3650.0 -0.75063
3850.0 3650.0 -0.19764
3950.0 3650.0 0.30048
4050.0 3650.0 0.61018
4150.0 3650.0 0.45931
4250.0 3650.0 -0.02798
4350.0 3650.0 -0.49380
4450.0 3650.0 -0.59765
4550.0 3650.0 -0.23477
4650.0 3650.0 0.31147
4750.0 3650.0 0.70736
4850.0 3650.0 0.87546
4950.0 3650.0 0.90171
5050.0 3650.0 0.96223
5150.0 3650.0 1.21503
5250.0 3650.0 1.65368
5350.0 3650.0 1.85278
5450.0 3650.0 1.40374
5550.0 3650.0 0.51867
5650.0 3650.0 -0.29089
5750.0 3650.0 -0.56647
5850.0 3650.0 -0.19938
5950.0 3650.0 0.40350
6050.0 3650.0 0.85339
6150.0 3650.0 0.92926
6250.0 3650.0 0.60212
6350.0 3650.0 0.10838
50.0 3750.0 -1.03865
150.0 3750.0 -0.28470
250.0 3750.0 0.65723
350.0 3750.0 1.42166
450.0 3750.0 1.66694
550.0 3750.0 1.41290
650.0 3750.0 0.99243
750.0 3750.0 0.63565
850.0 3750.0 0.29860
950.0 3750.0 -0.00539
1050.0 3750.0 -0.27336
1150.0 3750.0 -0.52524
1250.0 3750.0 -0.79269
1350.0 3750.0 -1.09102
1450.0 3750.0 -1.44239
1550.0 3750.0 -1.78218
1650.0 3750.0 -1.78520
1750.0 3750.0 -1.28177
1850.0 3750.0 -0.45301
1950.0 3750.0 0.32383
2050.0 3750.0 0.96469
2150.0 3750.0 1.73181
2250.0 3750.0 2.31097
2350.0 3750.0 2.25253
2450.0 3750.0 1.52088
2550.0 3750.0 0.54366
2650.0 3750.0 -0.24386
2750.0 3750.0 -0.98117
2850.0 3750.0 -1.61660
2950.0 3750.0 -1.84968
3050.0 3750.0 -1.59237
3150.0 3750.0 -1.09663
3250.0 3750.0 -0.74823
3350.0 3750.0 -0.59680
3450.0 3750.0 -0.60409
3550.0 3750.0 -0.71928
3650.0 3750.0 -0.74490
3750.0 3750.0 -0.54518
3850.0 3750.0 -0.13450
3950.0 3750.0 0.36391
4050.0 3750.0 0.69955
4150.0 3750.0 0.56032
4250.0 3750.0 0.05041
4350.0 3750.0 -0.47282
4450.0 3750.0 -0.64523
4550.0 3750.0 -0.33324
4650.0 3750.0 0.16412
4750.0 3750.0 0.41647
4850.0 3750.0 0.36536
4950.0 3750.0 0.20241
5050.0 3750.0 0.18725
5150.0 3750.0 0.48692
5250.0 3750.0 1.03462
5350.0 3750.0 1.31717
5450.0 3750.0 0.89133
5550.0 3750.0 0.01717
5650.0 3750.0 -0.73312
5750.0 3750.0 -0.87425
5850.0 3750.0 -0.31672
5950.0 3750.0 0.50547
6050.0 3750.0 1.22314
6150.0 3750.0 1.47180
6250.0 3750.0 1.07199
6350.0 3750.0 0.27499
50.0 3850.0 -0.57158
150.0 3850.0 0.22997
250.0 3850.0 1.12736
350.0 3850.0 1.70580
450.0 3850.0 1.65891
550.0 3850.0 1.11346
650.0 3850.0 0.50780
750.0 3850.0 0.05825
850.0 3850.0 -0.25762
950.0 3850.0 -0.33651
1050.0 3850.0 -0.22378
1150.0 3850.0 -0.08652
1250.0 3850.0 -0.11324
1350.0 3850.0 -0.35672
1450.0 3850.0 -0.76421
1550.0 3850.0 -1.36258
1650.0 3850.0 -1.73084
1750.0 3850.0 -1.51098
1850.0 3850.0 -0.75521
1950.0 3850.0 0.15531
2050.0 3850.0 1.01790
2150.0 3850.0 2.05487
2250.0 3850.0 2.85585
2350.0 3850.0 2.83242
2450.0 3850.0 1.93157
2550.0 3850.0 0.70390
2650.0 3850.0 -0.28446
2750.0 3850.0 -1.18926
2850.0 3850.0 -1.89964
2950.0 3850.0 -2.03561
3050.0 3850.0 -1.52888
3150.0 3850.0 -0.75616
3250.0 3850.0 -0.23951
3350.0 3850.0 -0.01145
3450.0 3850.0 -0.02190
3550.0 3850.0 -0.26698
3650.0 3850.0 -0.51133
3750.0 3850.0 -0.52475
3850.0 3850.0 -0.22821
3950.0 3850.0 0.26461
4050.0 3850.0 0.62347
4150.0 3850.0 0.52837
4250.0 3850.0 0.06763
4350.0 3850.0 -0.42264
4450.0 3850.0 -0.58811
4550.0 3850.0 -0.28899
4650.0 3850.0 0.17941
4750.0 3850.0 0.31612
4850.0 3850.0 0.06159
4950.0 3850.0 -0.31136
5050.0 3850.0 -0.45959
5150.0 3850.0 -0.18226
5250.0 3850.0 0.41561
5350.0 3850.0 0.75897
5450.0 3850.0 0.40934
5550.0 3850.0 -0.35997
5650.0 3850.0 -0.98042
5750.0 3850.0 -0.98783
5850.0 3850.0 -0.31426
5950.0 3850.0 0.62366
6050.0 3850.0 1.50954
6150.0 3850.0 1.91173
6250.0 3850.0 1.55393
6350.0 3850.0 0.66652
50.0 3950.0 0.12158
150.0 3950.0 0.90391
250.0 3950.0 1.66495
350.0 3950.0 1.98947
450.0 3950.0 1.65207
550.0 3950.0 0.88358
650.0 3950.0 0.18319
750.0 3950.0 -0.27974
850.0 3950.0 -0.54614
950.0 3950.0 -0.47715
1050.0 3950.0 -0.15589
1150.0 3950.0 0.17432
1250.0 3950.0 0.25755
1350.0 3950.0 0.03531
1450.0 3950.0 -0.41032
1550.0 3950.0 -1.18395
1650.0 3950.0 -1.83926
1750.0 3950.0 -1.91223
1850.0 3950.0 -1.34700
1950.0 3950.0 -0.48221
2050.0 3950.0 0.41437
2150.0 3950.0 1.56655
2250.0 3950.0 2.58325
2350.0 3950.0 2.80531
2450.0 3950.0 2.09082
2550.0 3950.0 0.93970
2650.0 3950.0 -0.05897
2750.0 3950.0 -0.99275
2850.0 3950.0 -1.73752
2950.0 3950.0 -1.89944
3050.0 3950.0 -1.39948
3150.0 3950.0 -0.61703
3250.0 3950.0 -0.08669
3350.0 3950.0 0.14931
3450.0 3950.0 0.11009
3550.0 3950.0 -0.21701
3650.0 3950.0 -0.57288
3750.0 3950.0 -0.68502
3850.0 3950.0 -0.43958
3950.0 3950.0 0.04760
4050.0 3950.0 0.42601
4150.0 3950.0 0.39951
4250.0 3950.0 0.04488
4350.0 3950.0 -0.33906
4450.0 3950.0 -0.43518
4550.0 3950.0 -0.11664
4650.0 3950.0 0.34375
4750.0 3950.0 0.42257
4850.0 3950.0 0.04967
4950.0 3950.0 -0.46395
5050.0 3950.0 -0.72346
5150.0 3950.0 -0.49468
5250.0 3950.0 0.10472
5350.0 3950.0 0.47314
5450.0 3950.0 0.19276
5550.0 3950.0 -0.47155
5650.0 3950.0 -0.98338
5750.0 3950.0 -0.91314
5850.0 3950.0 -0.20655
5950.0 3950.0 0.75391
6050.0 3950.0 1.71948
6150.0 3950.0 2.25983
6250.0 3950.0 2.04936
6350.0 3950.0 1.26448
50.0 4050.0 0.63822
150.0 4050.0 1.35363
250.0 4050.0 1.98822
350.0 4050.0 2.14433
450.0 4050.0 1.64794
550.0 4050.0 0.77373
650.0 4050.0 0.03090
750.0 4050.0 -0.44326
850.0 4050.0 -0.70427
950.0 4050.0 -0.59693
1050.0 4050.0 -0.20689
1150.0 4050.0 0.20061
1250.0 4050.0 0.34127
1350.0 4050.0 0.14606
1450.0 4050.0 -0.29769
1550.0 4050.0 -1.14278
1650.0 4050.0 -1.95457
1750.0 4050.0 -2.22612
1850.0 4050.0 -1.83049
1950.0 4050.0 -1.05480
2050.0 4050.0 -0.19278
2150.0 4050.0 0.98215
2250.0 4050.0 2.11987
2350.0 4050.0 2.53676
2450.0 4050.0 2.01947
2550.0 4050.0 0.99283
2650.0 4050.0 0.03161
2750.0 4050.0 -0.87397
2850.0 4050.0 -1.57248
2950.0 4050.0 -1.68966
3050.0 4050.0 -1.16846
3150.0 4050.0 -0.39374
3250.0 4050.0 0.11220
3350.0 4050.0 0.31666
3450.0 4050.0 0.19750
3550.0 4050.0 -0.27067
3650.0 4050.0 -0.78932
3750.0 4050.0 -1.03331
3850.0 4050.0 -0.85575
3950.0 4050.0 -0.38445
4050.0 4050.0 0.02594
4150.0 4050.0 0.13706
4250.0 4050.0 -0.00859
4350.0 4050.0 -0.19707
4450.0 4050.0 -0.18619
4550.0 4050.0 0.13307
4650.0 4050.0 0.54597
4750.0 4050.0 0.53854
4850.0 4050.0 0.03815
4950.0 4050.0 -0.61054
5050.0 4050.0 -0.97497
5150.0 4050.0 -0.80255
5250.0 4050.0 -0.22514
5350.0 4050.0 0.16182
5450.0 4050.0 -0.02150
5550.0 4050.0 -0.55248
5650.0 4050.0 -0.96434
5750.0 4050.0 -0.87379
5850.0 4050.0 -0.22256
5950.0 4050.0 0.67157
6050.0 4050.0 1.68334
6150.0 4050.0 2.42457
6250.0 4050.0 2.50262
6350.0 4050.0 1.97115
50.0 4150.0 0.58435
150.0 4150.0 1.12441
250.0 4150.0 1.68388
350.0 4150.0 1.91212
450.0 4150.0 1.59285
550.0 4150.0 0.88786
650.0 4150.0 0.19943
750.0 4150.0 -0.31540
850.0 4150.0 -0.68576
950.0 4150.0 -0.75717
1050.0 4150.0 -0.53829
1150.0 4150.0 -0.22240
1250.0 4150.0 -0.07522
1350.0 4150.0 -0.20479
1450.0 4150.0 -0.54487
1550.0 4150.0 -1.22107
1650.0 4150.0 -1.88175
1750.0 4150.0 -2.10914
1850.0 4150.0 -1.79043
1950.0 4150.0 -1.15193
2050.0 4150.0 -0.43301
2150.0 4150.0 0.57431
2250.0 4150.0 1.56974
2350.0 4150.0 1.94454
2450.0 4150.0 1.49514
2550.0 4150.0 0.58055
2650.0 4150.0 -0.29478
2750.0 4150.0 -1.07934
2850.0 4150.0 -1.54570
2950.0 4150.0 -1.40118
3050.0 4150.0 -0.70376
3150.0 4150.0 0.10721
3250.0 4150.0 0.54180
3350.0 4150.0 0.63646
3450.0 4150.0 0.33335
3550.0 4150.0 -0.39881
3650.0 4150.0 -1.19037
3750.0 4150.0 -1.64071
3850.0 4150.0 -1.57076
3950.0 4150.0 -1.13931
4050.0 4150.0 -0.67425
4150.0 4150.0 -0.29549
4250.0 4150.0 -0.05309
4350.0 4150.0 0.08419
4450.0 4150.0 0.22041
4550.0 4150.0 0.45388
4650.0 4150.0 0.69918
4750.0 4150.0 0.51598
4850.0 4150.0 -0.13896
4950.0 4150.0 -0.89173
5050.0 4150.0 -1.31406
5150.0 4150.0 -1.18908
5250.0 4150.0 -0.67579
5350.0 4150.0 -0.27040
5450.0 4150.0 -0.26763
5550.0 4150.0 -0.57424
5650.0 4150.0 -0.89023
5750.0 4150.0 -0.90934
5850.0 4150.0 -0.52407
5950.0 4150.0 0.08895
6050.0 4150.0 1.04621
6150.0 4150.0 2.07754
6250.0 4150.0 2.68055
6350.0 4150.0 2.64803
50.0 4250.0 0.06842
150.0 4250.0 0.34471
250.0 4250.0 0.86090
350.0 4250.0 1.33736
450.0 4250.0 1.44611
550.0 4250.0 1.11712
650.0 4250.0 0.55558
750.0 4250.0 -0.02247
850.0 4250.0 -0.57314
950.0 4250.0 -0.94488
1050.0 4250.0 -1.01961
1150.0 4250.0 -0.86857
1250.0 4250.0 -0.72158
1350.0 4250.0 -0.74866
1450.0 4250.0 -0.90567
1550.0 4250.0 -1.22970
1650.0 4250.0 -1.50839
1750.0 4250.0 -1.51361
1850.0 4250.0 -1.20907
1950.0 4250.0 -0.75018
2050.0 4250.0 -0.26090
2150.0 4250.0 0.43113
2250.0 4250.0 1.08438
2350.0 4250.0 1.24144
2450.0 4250.0 0.76846
2550.0 4250.0 -0.03772
2650.0 4250.0 -0.78752
2750.0 4250.0 -1.39166
2850.0 4250.0 -1.53899
2950.0 4250.0 -1.06053
3050.0 4250.0 -0.16905
3150.0 4250.0 0.63991
3250.0 4250.0 0.94115
3350.0 4250.0 0.86818
3450.0 4250.0 0.36049
3550.0 4250.0 -0.59254
3650.0 4250.0 -1.56564
3750.0 4250.0 -2.12904
3850.0 4250.0 -2.12051
3950.0 4250.0 -1.73733
4050.0 4250.0 -1.22464
4150.0 4250.0 -0.57057
4250.0 4250.0 0.04991
4350.0 4250.0 0.46014
4450.0 4250.0 0.63072
4550.0 4250.0 0.67631
4650.0 4250.0 0.66180
4750.0 4250.0 0.27416
4850.0 4250.0 -0.46451
4950.0 4250.0 -1.18210
5050.0 4250.0 -1.52944
5150.0 4250.0 -1.39808
5250.0 4250.0 -0.97691
5350.0 4250.0 -0.55565
5450.0 4250.0 -0.30447
5550.0 4250.0 -0.32750
5650.0 4250.0 -0.56445
5750.0 4250.0 -0.80589
5850.0 4250.0 -0.85741
5950.0 4250.0 -0.70637
6050.0 4250.0 0.03610
6150.0 4250.0 1.26374
6250.0 4250.0 2.38095
6350.0 4250.0 2.88116
50.0 4350.0 -0.48842
150.0 4350.0 -0.48456
250.0 4350.0 -0.02244
350.0 4350.0 0.69163
450.0 4350.0 1.22074
550.0 4350.0 1.26379
650.0 4350.0 0.82725
750.0 4350.0 0.18578
850.0 4350.0 -0.52070
950.0 4350.0 -1.12757
1050.0 4350.0 -1.40620
1150.0 4350.0 -1.33752
1250.0 4350.0 -1.14300
1350.0 4350.0 -1.05651
1450.0 4350.0 -1.02768
1550.0 4350.0 -0.99929
1650.0 4350.0 -0.90106
1750.0 4350.0 -0.69434
1850.0 4350.0 -0.41566
1950.0 4350.0 -0.14503
2050.0 4350.0 0.10888
2150.0 4350.0 0.48166
2250.0 4350.0 0.79374
2350.0 4350.0 0.74020
2450.0 4350.0 0.25413
2550.0 4350.0 -0.43499
2650.0 4350.0 -1.05514
2750.0 4350.0 -1.49570
2850.0 4350.0 -1.40543
2950.0 4350.0 -0.73146
3050.0 4350.0 0.20493
3150.0 4350.0 0.90515
3250.0 4350.0 1.03397
3350.0 4350.0 0.79603
3450.0 4350.0 0.17096
3550.0 4350.0 -0.79944
3650.0 4350.0 -1.69328
3750.0 4350.0 -2.14646
3850.0 4350.0 -2.08556
3950.0 4350.0 -1.73598
4050.0 4350.0 -1.21186
4150.0 4350.0 -0.41851
4250.0 4350.0 0.36225
4350.0 4350.0 0.81910
4450.0 4350.0 0.86786
4550.0 4350.0 0.67176
4650.0 4350.0 0.39639
4750.0 4350.0 -0.13695
4850.0 4350.0 -0.82327
4950.0 4350.0 -1.33353
5050.0 4350.0 -1.46143
5150.0 4350.0 -1.25373
5250.0 4350.0 -0.91860
5350.0 4350.0 -0.48518
5450.0 4350.0 0.00630
5550.0 4350.0 0.25176
5650.0 4350.0 0.07344
5750.0 4350.0 -0.41070
5850.0 4350.0 -0.91444
5950.0 4350.0 -1.25110
6050.0 4350.0 -0.84776
6150.0 4350.0 0.33546
6250.0 4350.0 1.68278
6350.0 4350.0 2.48773
50.0 4450.0 -0.63949
150.0 4450.0 -0.83150
250.0 4450.0 -0.46908
350.0 4450.0 0.29392
450.0 4450.0 0.98431
550.0 4450.0 1.18889
650.0 4450.0 0.80292
750.0 4450.0 0.12016
850.0 4450.0 -0.63987
950.0 4450.0 -1.27648
1050.0 4450.0 -1.52091
1150.0 4450.0 -1.35474
1250.0 4450.0 -1.04405
1350.0 4450.0 -0.86621
1450.0 4450.0 -0.72679
1550.0 4450.0 -0.52765
1650.0 4450.0 -0.28839
1750.0 4450.0 -0.05983
1850.0 4450.0 0.11548
1950.0 4450.0 0.22879
2050.0 4450.0 0.32583
2150.0 4450.0 0.52087
2250.0 4450.0 0.69162
2350.0 4450.0 0.61120
2450.0 4450.0 0.21649
2550.0 4450.0 -0.34070
2650.0 4450.0 -0.86524
2750.0 4450.0 -1.22310
2850.0 4450.0 -1.08722
2950.0 4450.0 -0.46922
3050.0 4450.0 0.30071
3150.0 4450.0 0.79155
3250.0 4450.0 0.75882
3350.0 4450.0 0.41677
3450.0 4450.0 -0.19197
3550.0 4450.0 -0.95831
3650.0 4450.0 -1.52500
3750.0 4450.0 -1.67071
3850.0 4450.0 -1.45555
3950.0 4450.0 -1.11217
4050.0 4450.0 -0.61664
4150.0 4450.0 0.13177
4250.0 4450.0 0.79991
4350.0 4450.0 1.06198
4450.0 4450.0 0.87650
4550.0 4450.0 0.47018
4650.0 4450.0 0.02415
4750.0 4450.0 -0.55011
4850.0 4450.0 -1.07771
4950.0 4450.0 -1.29545
5050.0 4450.0 -1.14833
5150.0 4450.0 -0.82689
5250.0 4450.0 -0.54209
5350.0 4450.0 -0.09877
5450.0 4450.0 0.56053
5550.0 4450.0 0.99608
5650.0 4450.0 0.86662
5750.0 4450.0 0.22526
5850.0 4450.0 -0.58112
5950.0 4450.0 -1.25923
6050.0 4450.0 -1.19731
6150.0 4450.0 -0.27789
6250.0 4450.0 0.94138
6350.0 4450.0 1.72144
50.0 4550.0 -0.20636
150.0 4550.0 -0.48314
250.0 4550.0 -0.27167
350.0 4550.0 0.29645
450.0 4550.0 0.80680
550.0 4550.0 0.89350
650.0 4550.0 0.45972
750.0 4550.0 -0.23435
850.0 4550.0 -0.93337
950.0 4550.0 -1.38466
1050.0 4550.0 -1.35881
1150.0 4550.0 -0.93069
1250.0 4550.0 -0.45630
1350.0 4550.0 -0.22741
1450.0 4550.0 -0.08121
1550.0 4550.0 0.04406
1650.0 4550.0 0.11182
1750.0 4550.0 0.11616
1850.0 4550.0 0.09484
1950.0 4550.0 0.10052
2050.0 4550.0 0.15167
2150.0 4550.0 0.36304
2250.0 4550.0 0.66029
2350.0 4550.0 0.79342
2450.0 4550.0 0.62072
2550.0 4550.0 0.20732
2650.0 4550.0 -0.27126
2750.0 4550.0 -0.63937
2850.0 4550.0 -0.63972
2950.0 4550.0 -0.28603
3050.0 4550.0 0.17314
3150.0 4550.0 0.41945
3250.0 4550.0 0.27643
3350.0 4550.0 -0.09033
3450.0 4550.0 -0.58473
3550.0 4550.0 -1.04021
3650.0 4550.0 -1.19111
3750.0 4550.0 -0.97359
3850.0 4550.0 -0.57396
3950.0 4550.0 -0.21370
4050.0 4550.0 0.23342
4150.0 4550.0 0.81676
4250.0 4550.0 1.20964
4350.0 4550.0 1.16466
4450.0 4550.0 0.74030
4550.0 4550.0 0.21665
4650.0 4550.0 -0.27773
4750.0 4550.0 -0.80712
4850.0 4550.0 -1.16067
4950.0 4550.0 -1.13290
5050.0 4550.0 -0.77154
5150.0 4550.0 -0.35175
5250.0 4550.0 -0.07496
5350.0 4550.0 0.37871
5450.0 4550.0 1.11598
5550.0 4550.0 1.65034
5650.0 4550.0 1.57574
5750.0 4550.0 0.91122
5850.0 4550.0 0.01790
5950.0 4550.0 -0.78080
6050.0 4550.0 -0.94665
6150.0 4550.0 -0.36020
6250.0 4550.0 0.51593
6350.0 4550.0 1.04174
50.0 4650.0 0.52567
150.0 4650.0 0.20572
250.0 4650.0 0.22758
350.0 4650.0 0.47435
450.0 4650.0 0.64154
550.0 4650.0 0.48566
650.0 4650.0 -0.03192
750.0 4650.0 -0.71440
850.0 4650.0 -1.30033
950.0 4650.0 -1.48415
1050.0 4650.0 -1.10619
1150.0 4650.0 -0.36470
1250.0 4650.0 0.28461
1350.0 4650.0 0.54998
1450.0 4650.0 0.66429
1550.0 4650.0 0.61751
1650.0 4650.0 0.38578
1750.0 4650.0 0.06432
1850.0 4650.0 -0.19171
1950.0 4650.0 -0.27116
2050.0 4650.0 -0.21715
2150.0 4650.0 0.09281
2250.0 4650.0 0.62747
2350.0 4650.0 1.07194
2450.0 4650.0 1.17310
2550.0 4650.0 0.90737
2650.0 4650.0 0.45488
2750.0 4650.0 0.03778
2850.0 4650.0 -0.17550
2950.0 4650.0 -0.16951
3050.0 4650.0 -0.07009
3150.0 4650.0 -0.06609
3250.0 4650.0 -0.28084
3350.0 4650.0 -0.62515
3450.0 4650.0 -0.96769
3550.0 4650.0 -1.09809
3650.0 4650.0 -0.84377
3750.0 4650.0 -0.28384
3850.0 4650.0 0.29119
3950.0 4650.0 0.67931
4050.0 4650.0 1.07755
4150.0 4650.0 1.46194
4250.0 4650.0 1.53693
4350.0 4650.0 1.16719
4450.0 4650.0 0.52726
4550.0 4650.0 -0.05863
4650.0 4650.0 -0.53990
4750.0 4650.0 -0.99148
4850.0 4650.0 -1.18822
4950.0 4650.0 -0.97260
5050.0 4650.0 -0.45934
5150.0 4650.0 0.03186
5250.0 4650.0 0.31492
5350.0 4650.0 0.77842
5450.0 4650.0 1.55979
5550.0 4650.0 2.16862
5650.0 4650.0 2.17522
5750.0 4650.0 1.57028
5850.0 4650.0 0.70160
5950.0 4650.0 -0.10633
6050.0 4650.0 -0.42229
6150.0 4650.0 -0.15470
6250.0 4650.0 0.33590
6350.0 4650.0 0.55251
50.0 4750.0 1.42791
150.0 4750.0 0.99652
250.0 4750.0 0.70117
350.0 4750.0 0.49158
450.0 4750.0 0.24445
550.0 4750.0 -0.13524
650.0 4750.0 -0.65846
750.0 4750.0 -1.24080
850.0 4750.0 -1.66594
950.0 4750.0 -1.60929
1050.0 4750.0 -0.96130
1150.0 4750.0 0.01103
1250.0 4750.0 0.80862
1350.0 4750.0 1.15178
1450.0 4750.0 1.30111
1550.0 4750.0 1.17297
1650.0 4750.0 0.73200
1750.0 4750.0 0.14541
1850.0 4750.0 -0.32255
1950.0 4750.0 -0.48702
2050.0 4750.0 -0.43624
2150.0 4750.0 -0.06475
2250.0 4750.0 0.63284
2350.0 4750.0 1.30652
2450.0 4750.0 1.62609
2550.0 4750.0 1.49610
2650.0 4750.0 1.08992
2750.0 4750.0 0.61866
2850.0 4750.0 0.10891
2950.0 4750.0 -0.34838
3050.0 4750.0 -0.68102
3150.0 4750.0 -0.90388
3250.0 4750.0 -1.09761
3350.0 4750.0 -1.30270
3450.0 4750.0 -1.41002
3550.0 4750.0 -1.20207
3650.0 4750.0 -0.59518
3750.0 4750.0 0.23520
3850.0 4750.0 0.95556
3950.0 4750.0 1.40180
4050.0 4750.0 1.77019
4150.0 4750.0 1.91665
4250.0 4750.0 1.59969
4350.0 4750.0 0.84466
4450.0 4750.0 -0.01892
4550.0 4750.0 -0.61733
4650.0 4750.0 -1.01382
4750.0 4750.0 -1.33165
4850.0 4750.0 -1.36511
4950.0 4750.0 -1.01619
5050.0 4750.0 -0.43814
5150.0 4750.0 0.05611
5250.0 4750.0 0.31787
5350.0 4750.0 0.76998
5450.0 4750.0 1.59874
5550.0 4750.0 2.34873
5650.0 4750.0 2.56891
5750.0 4750.0 2.17817
5850.0 4750.0 1.45818
5950.0 4750.0 0.73544
6050.0 4750.0 0.31956
6150.0 4750.0 0.27373
6250.0 4750.0 0.37720
6350.0 4750.0 0.31731
50.0 4850.0 2.11859
150.0 4850.0 1.50681
250.0 4850.0 0.83208
350.0 4850.0 0.17310
450.0 4850.0 -0.38099
550.0 4850.0 -0.81453
650.0 4850.0 -1.18762
750.0 4850.0 -1.55589
850.0 4850.0 -1.80117
950.0 4850.0 -1.64440
1050.0 4850.0 -0.97249
1150.0 4850.0 -0.00043
1250.0 4850.0 0.84286
1350.0 4850.0 1.30546
1450.0 4850.0 1.58648
1550.0 4850.0 1.53920
1650.0 4850.0 1.08124
1750.0 4850.0 0.38829
1850.0 4850.0 -0.20571
1950.0 4850.0 -0.43572
2050.0 4850.0 -0.39845
2150.0 4850.0 -0.04375
2250.0 4850.0 0.64994
2350.0 4850.0 1.35589
2450.0 4850.0 1.74371
2550.0 4850.0 1.69294
2650.0 4850.0 1.35317
2750.0 4850.0 0.84629
2850.0 4850.0 0.03553
2950.0 4850.0 -0.86568
3050.0 4850.0 -1.54776
3150.0 4850.0 -1.85645
3250.0 4850.0 -1.86968
3350.0 4850.0 -1.79022
3450.0 4850.0 -1.61970
3550.0 4850.0 -1.20193
3650.0 4850.0 -0.49476
3750.0 4850.0 0.35639
3850.0 4850.0 1.10327
3950.0 4850.0 1.63541
4050.0 4850.0 2.02309
4150.0 4850.0 1.97583
4250.0 4850.0 1.32136
4350.0 4850.0 0.25629
4450.0 4850.0 -0.73887
4550.0 4850.0 -1.25458
4650.0 4850.0 -1.47671
4750.0 4850.0 -1.61143
4850.0 4850.0 -1.52074
4950.0 4850.0 -1.16701
5050.0 4850.0 -0.68469
5150.0 4850.0 -0.29927
5250.0 4850.0 -0.09786
5350.0 4850.0 0.29362
5450.0 4850.0 1.09772
5550.0 4850.0 1.95665
5650.0 4850.0 2.44162
5750.0 4850.0 2.38505
5850.0 4850.0 1.94899
5950.0 4850.0 1.43547
6050.0 4850.0 1.02320
6150.0 4850.0 0.75406
6250.0 4850.0 0.57013
6350.0 4850.0 0.35916
50.0 4950.0 2.13671
150.0 4950.0 1.34124
250.0 4950.0 0.39821
350.0 4950.0 -0.46386
450.0 4950.0 -1.01055
550.0 4950.0 -1.22763
650.0 4950.0 -1.30777
750.0 4950.0 -1.41126
850.0 4950.0 -1.52467
950.0 4950.0 -1.47160
1050.0 4950.0 -1.07384
1150.0 4950.0 -0.37305
1250.0 4950.0 0.37774
1350.0 4950.0 0.96190
1450.0 4950.0 1.43035
1550.0 4950.0 1.59468
1650.0 4950.0 1.30457
1750.0 4950.0 0.68235
1850.0 4950.0 0.07628
1950.0 4950.0 -0.18362
2050.0 4950.0 -0.16623
2150.0 4950.0 0.09774
2250.0 4950.0 0.62042
2350.0 4950.0 1.15020
2450.0 4950.0 1.43411
2550.0 4950.0 1.38153
2650.0 4950.0 1.10833
2750.0 4950.0 0.60731
2850.0 4950.0 -0.36773
2950.0 4950.0 -1.47664
3050.0 4950.0 -2.23277
3150.0 4950.0 -2.39938
3250.0 4950.0 -2.10602
3350.0 4950.0 -1.68348
3450.0 4950.0 -1.30392
3550.0 4950.0 -0.93201
3650.0 4950.0 -0.48865
3750.0 4950.0 0.05758
3850.0 4950.0 0.66865
3950.0 4950.0 1.28395
4050.0 4950.0 1.74627
4150.0 4950.0 1.65315
4250.0 4950.0 0.88919
4350.0 4950.0 -0.24344
4450.0 4950.0 -1.18854
4550.0 4950.0 -1.53533
4650.0 4950.0 -1.54561
4750.0 4950.0 -1.50562
4850.0 4950.0 -1.37375
4950.0 4950.0 -1.15352
5050.0 4950.0 -0.90589
5150.0 4950.0 -0.71213
5250.0 4950.0 -0.59268
5350.0 4950.0 -0.31344
5450.0 4950.0 0.32913
5550.0 4950.0 1.12097
5650.0 4950.0 1.73126
5750.0 4950.0 1.95609
5850.0 4950.0 1.83331
5950.0 4950.0 1.59026
6050.0 4950.0 1.28291
6150.0 4950.0 0.94481
6250.0 4950.0 0.65606
6350.0 4950.0 0.46214
50.0 5050.0 1.47034
150.0 5050.0 0.55408
250.0 5050.0 -0.44953
350.0 5050.0 -1.19526
450.0 5050.0 -1.42291
550.0 5050.0 -1.23124
650.0 5050.0 -0.98116
750.0 5050.0 -0.86380
850.0 5050.0 -0.92754
950.0 5050.0 -1.11125
1050.0 5050.0 -1.14240
1150.0 5050.0 -0.84642
1250.0 5050.0 -0.27116
1350.0 5050.0 0.39674
1450.0 5050.0 1.03221
1550.0 5050.0 1.42311
1650.0 5050.0 1.35817
1750.0 5050.0 0.88645
1850.0 5050.0 0.33551
1950.0 5050.0 0.07392
2050.0 5050.0 0.07297
2150.0 5050.0 0.22468
2250.0 5050.0 0.51772
2350.0 5050.0 0.78728
2450.0 5050.0 0.88570
2550.0 5050.0 0.77910
2650.0 5050.0 0.55309
2750.0 5050.0 0.09482
2850.0 5050.0 -0.85899
2950.0 5050.0 -1.88162
3050.0 5050.0 -2.42762
3150.0 5050.0 -2.28782
3250.0 5050.0 -1.67639
3350.0 5050.0 -0.97500
3450.0 5050.0 -0.51908
3550.0 5050.0 -0.40632
3650.0 5050.0 -0.46300
3750.0 5050.0 -0.40952
3850.0 5050.0 -0.03337
3950.0 5050.0 0.63434
4050.0 5050.0 1.19672
4150.0 5050.0 1.21043
4250.0 5050.0 0.58587
4350.0 5050.0 -0.36655
4450.0 5050.0 -1.11081
4550.0 5050.0 -1.26731
4650.0 5050.0 -1.10344
4750.0 5050.0 -0.94802
4850.0 5050.0 -0.84666
4950.0 5050.0 -0.81785
5050.0 5050.0 -0.83241
5150.0 5050.0 -0.83091
5250.0 5050.0 -0.78399
5350.0 5050.0 -0.63732
5450.0 5050.0 -0.26727
5550.0 5050.0 0.25576
5650.0 5050.0 0.75671
5750.0 5050.0 1.07605
5850.0 5050.0 1.17353
5950.0 5050.0 1.16115
6050.0 5050.0 0.99191
6150.0 5050.0 0.70139
6250.0 5050.0 0.45239
6350.0 5050.0 0.37592
50.0 5150.0 0.57097
150.0 5150.0 -0.37772
250.0 5150.0 -1.27545
350.0 5150.0 -1.72656
450.0 5150.0 -1.53744
550.0 5150.0 -0.95530
650.0 5150.0 -0.47162
750.0 5150.0 -0.24498
850.0 5150.0 -0.32073
950.0 5150.0 -0.71134
1050.0 5150.0 -1.07386
1150.0 5150.0 -1.08433
1250.0 5150.0 -0.65458
1350.0 5150.0 0.04378
1450.0 5150.0 0.76132
1550.0 5150.0 1.26445
1650.0 5150.0 1.31195
1750.0 5150.0 0.91627
1850.0 5150.0 0.39400
1950.0 5150.0 0.13218
2050.0 5150.0 0.12154
2150.0 5150.0 0.20798
2250.0 5150.0 0.36408
2350.0 5150.0 0.47435
2450.0 5150.0 0.45415
2550.0 5150.0 0.30637
2650.0 5150.0 0.10119
2750.0 5150.0 -0.30718
2850.0 5150.0 -1.12973
2950.0 5150.0 -1.91181
3050.0 5150.0 -2.14701
3150.0 5150.0 -1.71322
3250.0 5150.0 -0.89796
3350.0 5150.0 -0.06473
3450.0 5150.0 0.35900
3550.0 5150.0 0.18745
3650.0 5150.0 -0.31385
3750.0 5150.0 -0.67187
3850.0 5150.0 -0.49758
3950.0 5150.0 0.18383
4050.0 5150.0 0.82364
4150.0 5150.0 0.99841
4250.0 5150.0 0.61503
4350.0 5150.0 -0.07182
4450.0 5150.0 -0.59836
4550.0 5150.0 -0.62444
4650.0 5150.0 -0.37594
4750.0 5150.0 -0.17655
4850.0 5150.0 -0.11728
4950.0 5150.0 -0.21581
5050.0 5150.0 -0.38673
5150.0 5150.0 -0.49308
5250.0 5150.0 -0.48367
5350.0 5150.0 -0.44396
5450.0 5150.0 -0.35562
5550.0 5150.0 -0.19290
5650.0 5150.0 0.02507
5750.0 5150.0 0.24067
5850.0 5150.0 0.40249
5950.0 5150.0 0.50392
6050.0 5150.0 0.41341
6150.0 5150.0 0.16917
6250.0 5150.0 -0.03257
6350.0 5150.0 -0.02893
50.0 5250.0 -0.15187
150.0 5250.0 -1.07556
250.0 5250.0 -1.81602
350.0 5250.0 -1.97859
450.0 5250.0 -1.46196
550.0 5250.0 -0.63012
650.0 5250.0 -0.04151
750.0 5250.0 0.20059
850.0 5250.0 0.09740
950.0 5250.0 -0.38400
1050.0 5250.0 -0.87471
1150.0 5250.0 -1.00111
1250.0 5250.0 -0.63261
1350.0 5250.0 0.06150
1450.0 5250.0 0.78104
1550.0 5250.0 1.26232
1650.0 5250.0 1.26362
1750.0 5250.0 0.81316
1850.0 5250.0 0.24889
1950.0 5250.0 -0.02915
2050.0 5250.0 -0.04102
2150.0 5250.0 0.04473
2250.0 5250.0 0.20156
2350.0 5250.0 0.31531
2450.0 5250.0 0.30085
2550.0 5250.0 0.15904
2650.0 5250.0 -0.04149
2750.0 5250.0 -0.41491
2850.0 5250.0 -1.10243
2950.0 5250.0 -1.66041
3050.0 5250.0 -1.65378
3150.0 5250.0 -1.04317
3250.0 5250.0 -0.15609
3350.0 5250.0 0.68888
3450.0 5250.0 1.04535
3550.0 5250.0 0.69590
3650.0 5250.0 -0.04145
3750.0 5250.0 -0.60476
3850.0 5250.0 -0.53446
3950.0 5250.0 0.13735
4050.0 5250.0 0.81360
4150.0 5250.0 1.11244
4250.0 5250.0 0.92484
4350.0 5250.0 0.44117
4450.0 5250.0 0.05618
4550.0 5250.0 0.08182
4650.0 5250.0 0.34089
4750.0 5250.0 0.54357
4850.0 5250.0 0.59348
4950.0 5250.0 0.47432
5050.0 5250.0 0.28019
5150.0 5250.0 0.15873
5250.0 5250.0 0.16295
5350.0 5250.0 0.13652
5450.0 5250.0 0.00292
5550.0 5250.0 -0.16793
5650.0 5250.0 -0.27534
5750.0 5250.0 -0.26293
5850.0 5250.0 -0.14890
5950.0 5250.0 -0.03648
6050.0 5250.0 -0.13394
6150.0 5250.0 -0.40621
6250.0 5250.0 -0.64276
6350.0 5250.0 -0.66236
50.0 5350.0 -0.60713
150.0 5350.0 -1.44513
250.0 5350.0 -2.02319
350.0 5350.0 -1.96221
450.0 5350.0 -1.22306
550.0 5350.0 -0.22982
650.0 5350.0 0.43787
750.0 5350.0 0.71532
850.0 5350.0 0.62517
950.0 5350.0 0.10533
1050.0 5350.0 -0.47942
1150.0 5350.0 -0.72416
1250.0 5350.0 -0.44933
1350.0 5350.0 0.19916
1450.0 5350.0 0.88017
1550.0 5350.0 1.30835
1650.0 5350.0 1.25410
1750.0 5350.0 0.76201
1850.0 5350.0 0.17658
1950.0 5350.0 -0.10839
2050.0 5350.0 -0.12422
2150.0 5350.0 -0.04404
2250.0 5350.0 0.12056
2350.0 5350.0 0.27109
2450.0 5350.0 0.31929
2550.0 5350.0 0.24496
2650.0 5350.0 0.09925
2750.0 5350.0 -0.20162
2850.0 5350.0 -0.75961
2950.0 5350.0 -1.16130
3050.0 5350.0 -1.02470
3150.0 5350.0 -0.34460
3250.0 5350.0 0.55528
3350.0 5350.0 1.38932
3450.0 5350.0 1.69586
3550.0 5350.0 1.23205
3650.0 5350.0 0.33386
3750.0 5350.0 -0.38915
3850.0 5350.0 -0.42919
3950.0 5350.0 0.18754
4050.0 5350.0 0.84332
4150.0 5350.0 1.19919
4250.0 5350.0 1.14288
4350.0 5350.0 0.81317
4450.0 5350.0 0.53781
4550.0 5350.0 0.59218
4650.0 5350.0 0.84203
4750.0 5350.0 1.05282
4850.0 5350.0 1.13998
4950.0 5350.0 1.07905
5050.0 5350.0 0.94253
5150.0 5350.0 0.85625
5250.0 5350.0 0.87123
5350.0 5350.0 0.80651
5450.0 5350.0 0.50592
5550.0 5350.0 0.04895
5650.0 5350.0 -0.37720
5750.0 5350.0 -0.60696
5850.0 5350.0 -0.60315
5950.0 5350.0 -0.54136
6050.0 5350.0 -0.68044
6150.0 5350.0 -0.97944
6250.0 5350.0 -1.23032
6350.0 5350.0 -1.26239
50.0 5450.0 -0.50727
150.0 5450.0 -1.12746
250.0 5450.0 -1.56060
350.0 5450.0 -1.46150
450.0 5450.0 -0.76007
550.0 5450.0 0.20156
650.0 5450.0 0.92114
750.0 5450.0 1.31767
850.0 5450.0 1.35312
950.0 5450.0 0.89695
1050.0 5450.0 0.24640
1150.0 5450.0 -0.17860
1250.0 5450.0 -0.10363
1350.0 5450.0 0.40704
1450.0 5450.0 0.97666
1550.0 5450.0 1.32994
1650.0 5450.0 1.27017
1750.0 5450.0 0.83543
1850.0 5450.0 0.32061
1950.0 5450.0 0.06294
2050.0 5450.0 0.03231
2150.0 5450.0 0.05628
2250.0 5450.0 0.16143
2350.0 5450.0 0.32865
2450.0 5450.0 0.49933
2550.0 5450.0 0.61079
2650.0 5450.0 0.65007
2750.0 5450.0 0.52558
2850.0 5450.0 0.09286
2950.0 5450.0 -0.30172
3050.0 5450.0 -0.27716
3150.0 5450.0 0.25308
3250.0 5450.0 1.06616
3350.0 5450.0 1.87443
3450.0 5450.0 2.19354
3550.0 5450.0 1.75336
3650.0 5450.0 0.82982
3750.0 5450.0 0.00525
3850.0 5450.0 -0.18847
3950.0 5450.0 0.26652
4050.0 5450.0 0.77502
4150.0 5450.0 1.04509
4250.0 5450.0 0.99568
4350.0 5450.0 0.74112
4450.0 5450.0 0.53749
4550.0 5450.0 0.59490
4650.0 5450.0 0.80905
4750.0 5450.0 1.03241
4850.0 5450.0 1.21630
4950.0 5450.0 1.31782
5050.0 5450.0 1.34875
5150.0 5450.0 1.36905
5250.0 5450.0 1.42123
5350.0 5450.0 1.38731
5450.0 5450.0 1.08280
5550.0 5450.0 0.51911
5650.0 5450.0 -0.12587
5750.0 5450.0 -0.61771
5850.0 5450.0 -0.83095
5950.0 5450.0 -0.93929
6050.0 5450.0 -1.16679
6150.0 5450.0 -1.43940
6250.0 5450.0 -1.59483
6350.0 5450.0 -1.55222
50.0 5550.0 0.00957
150.0 5550.0 -0.30179
250.0 5550.0 -0.64913
350.0 5550.0 -0.73272
450.0 5550.0 -0.35423
550.0 5550.0 0.36524
650.0 5550.0 1.09177
750.0 5550.0 1.67065
850.0 5550.0 1.93352
950.0 5550.0 1.65995
1050.0 5550.0 1.02045
1150.0 5550.0 0.41779
1250.0 5550.0 0.23971
1350.0 5550.0 0.54760
1450.0 5550.0 0.95219
1550.0 5550.0 1.22103
1650.0 5550.0 1.20550
1750.0 5550.0 0.91575
1850.0 5550.0 0.55006
1950.0 5550.0 0.34878
2050.0 5550.0 0.29397
2150.0 5550.0 0.20490
2250.0 5550.0 0.15569
2350.0 5550.0 0.26716
2450.0 5550.0 0.55571
2550.0 5550.0 0.91607
2650.0 5550.0 1.23473
2750.0 5550.0 1.36360
2850.0 5550.0 1.04605
2950.0 5550.0 0.53438
3050.0 5550.0 0.25182
3150.0 5550.0 0.45794
3250.0 5550.0 1.10607
3350.0 5550.0 1.87943
3450.0 5550.0 2.28430
3550.0 5550.0 2.03071
3650.0 5550.0 1.25862
3750.0 5550.0 0.43973
3850.0 5550.0 0.09178
3950.0 5550.0 0.30873
4050.0 5550.0 0.57447
4150.0 5550.0 0.65252
4250.0 5550.0 0.51889
4350.0 5550.0 0.28296
4450.0 5550.0 0.12447
4550.0 5550.0 0.16614
4650.0 5550.0 0.32140
4750.0 5550.0 0.52937
4850.0 5550.0 0.78728
4950.0 5550.0 1.04628
5050.0 5550.0 1.25801
5150.0 5550.0 1.40474
5250.0 5550.0 1.51021
5350.0 5550.0 1.58555
5450.0 5550.0 1.49270
5550.0 5550.0 1.10025
5650.0 5550.0 0.45465
5750.0 5550.0 -0.22111
5850.0 5550.0 -0.70527
5950.0 5550.0 -1.07289
6050.0 5550.0 -1.41530
6150.0 5550.0 -1.60279
6250.0 5550.0 -1.55726
6350.0 5550.0 -1.35576
50.0 5650.0 0.52540
150.0 5650.0 0.51055
250.0 5650.0 0.18180
350.0 5650.0 -0.20340
450.0 5650.0 -0.27863
550.0 5650.0 0.10311
650.0 5650.0 0.80083
750.0 5650.0 1.56242
850.0 5650.0 2.07780
950.0 5650.0 2.04838
1050.0 5650.0 1.50128
1150.0 5650.0 0.79289
1250.0 5650.0 0.40088
1350.0 5650.0 0.51239
1450.0 5650.0 0.75367
1550.0 5650.0 0.94814
1650.0 5650.0 0.99452
1750.0 5650.0 0.86903
1850.0 5650.0 0.66633
1950.0 5650.0 0.52639
2050.0 5650.0 0.44559
2150.0 5650.0 0.21603
2250.0 5650.0 -0.05239
2350.0 5650.0 -0.08053
2450.0 5650.0 0.25332
2550.0 5650.0 0.82469
2650.0 5650.0 1.41753
2750.0 5650.0 1.79808
2850.0 5650.0 1.58561
2950.0 5650.0 0.93934
3050.0 5650.0 0.33069
3150.0 5650.0 0.19921
3250.0 5650.0 0.67770
3350.0 5650.0 1.41914
3450.0 5650.0 1.94801
3550.0 5650.0 1.96752
3650.0 5650.0 1.45637
3750.0 5650.0 0.73607
3850.0 5650.0 0.28077
3950.0 5650.0 0.26550
4050.0 5650.0 0.28832
4150.0 5650.0 0.17620
4250.0 5650.0 -0.03804
4350.0 5650.0 -0.25127
4450.0 5650.0 -0.36178
4550.0 5650.0 -0.33507
4650.0 5650.0 -0.24345
4750.0 5650.0 -0.09670
4850.0 5650.0 0.13659
4950.0 5650.0 0.43108
5050.0 5650.0 0.72223
5150.0 5650.0 0.94588
5250.0 5650.0 1.09905
5350.0 5650.0 1.32234
5450.0 5650.0 1.57706
5550.0 5650.0 1.56496
5650.0 5650.0 1.12798
5750.0 5650.0 0.40453
5850.0 5650.0 -0.31173
5950.0 5650.0 -0.93755
6050.0 5650.0 -1.38210
6150.0 5650.0 -1.45703
6250.0 5650.0 -1.17703
6350.0 5650.0 -0.78941
50.0 5750.0 0.62329
150.0 5750.0 0.79801
250.0 5750.0 0.45942
350.0 5750.0 -0.16159
450.0 5750.0 -0.57580
550.0 5750.0 -0.44580
650.0 5750.0 0.22141
750.0 5750.0 1.10300
850.0 5750.0 1.80180
950.0 5750.0 1.97782
1050.0 5750.0 1.55223
1150.0 5750.0 0.82919
1250.0 5750.0 0.32725
1350.0 5750.0 0.31564
1450.0 5750.0 0.44946
1550.0 5750.0 0.59218
1650.0 5750.0 0.67378
1750.0 5750.0 0.65006
1850.0 5750.0 0.54992
1950.0 5750.0 0.44867
2050.0 5750.0 0.34889
2150.0 5750.0 -0.00006
2250.0 5750.0 -0.47725
2350.0 5750.0 -0.68178
2450.0 5750.0 -0.39252
2550.0 5750.0 0.27749
2650.0 5750.0 1.04344
2750.0 5750.0 1.59656
2850.0 5750.0 1.48617
2950.0 5750.0 0.80658
3050.0 5750.0 0.04206
3150.0 5750.0 -0.27049
3250.0 5750.0 0.11034
3350.0 5750.0 0.83288
3450.0 5750.0 1.46241
3550.0 5750.0 1.70480
3650.0 5750.0 1.42049
3750.0 5750.0 0.81254
3850.0 5750.0 0.31147
3950.0 5750.0 0.14779
4050.0 5750.0 0.02292
4150.0 5750.0 -0.17089
4250.0 5750.0 -0.36997
4350.0 5750.0 -0.49876
4450.0 5750.0 -0.53104
4550.0 5750.0 -0.49949
4650.0 5750.0 -0.45453
4750.0 5750.0 -0.40071
4850.0 5750.0 -0.29777
4950.0 5750.0 -0.12161
5050.0 5750.0 0.10365
5150.0 5750.0 0.31992
5250.0 5750.0 0.49748
5350.0 5750.0 0.84070
5450.0 5750.0 1.40447
5550.0 5750.0 1.76723
5650.0 5750.0 1.59322
5750.0 5750.0 0.92134
5850.0 5750.0 0.07730
5950.0 5750.0 -0.71624
6050.0 5750.0 -1.21985
6150.0 5750.0 -1.20518
6250.0 5750.0 -0.75249
6350.0 5750.0 -0.22743
50.0 5850.0 0.16494
150.0 5850.0 0.39791
250.0 5850.0 0.07314
350.0 5850.0 -0.58702
450.0 5850.0 -1.06749
550.0 5850.0 -0.98709
650.0 5850.0 -0.31989
750.0 5850.0 0.59776
850.0 5850.0 1.36489
950.0 5850.0 1.63839
1050.0 5850.0 1.29862
1150.0 5850.0 0.61643
1250.0 5850.0 0.10743
1350.0 5850.0 0.06452
1450.0 5850.0 0.16373
1550.0 5850.0 0.27566
1650.0 5850.0 0.34071
1750.0 5850.0 0.31780
1850.0 5850.0 0.22699
1950.0 5850.0 0.12970
2050.0 5850.0 0.02196
2150.0 5850.0 -0.39316
2250.0 5850.0 -1.00582
2350.0 5850.0 -1.35900
2450.0 5850.0 -1.16766
2550.0 5850.0 -0.51412
2650.0 5850.0 0.29495
2750.0 5850.0 0.91674
2850.0 5850.0 0.91362
2950.0 5850.0 0.35179
3050.0 5850.0 -0.32431
3150.0 5850.0 -0.59688
3250.0 5850.0 -0.21347
3350.0 5850.0 0.50480
3450.0 5850.0 1.16885
3550.0 5850.0 1.48794
3650.0 5850.0 1.28473
3750.0 5850.0 0.72241
3850.0 5850.0 0.21472
3950.0 5850.0 0.00901
4050.0 5850.0 -0.13646
4150.0 5850.0 -0.26898
4250.0 5850.0 -0.32857
4350.0 5850.0 -0.29431
4450.0 5850.0 -0.21063
4550.0 5850.0 -0.14856
4650.0 5850.0 -0.12329
4750.0 5850.0 -0.16269
4850.0 5850.0 -0.24073
4950.0 5850.0 -0.27623
5050.0 5850.0 -0.21771
5150.0 5850.0 -0.07588
5250.0 5850.0 0.10008
5350.0 5850.0 0.49045
5450.0 5850.0 1.18749
5550.0 5850.0 1.72627
5650.0 5850.0 1.69606
5750.0 5850.0 1.08329
5850.0 5850.0 0.21499
5950.0 5850.0 -0.62661
6050.0 5850.0 -1.14354
6150.0 5850.0 -1.09499
6250.0 5850.0 -0.58269
6350.0 5850.0 -0.01001
50.0 5950.0 -0.51197
150.0 5950.0 -0.28016
250.0 5950.0 -0.57420
350.0 5950.0 -1.17304
450.0 5950.0 -1.58443
550.0 5950.0 -1.45483
650.0 5950.0 -0.77322
750.0 5950.0 0.13916
850.0 5950.0 0.91473
950.0 5950.0 1.22435
1050.0 5950.0 0.94217
1150.0 5950.0 0.31922
1250.0 5950.0 -0.15038
1350.0 5950.0 -0.17914
1450.0 5950.0 -0.07564
1550.0 5950.0 0.02476
1650.0 5950.0 0.06069
1750.0 5950.0 0.00070
1850.0 5950.0 -0.12020
1950.0 5950.0 -0.23031
2050.0 5950.0 -0.34250
2150.0 5950.0 -0.79357
2250.0 5950.0 -1.49515
2350.0 5950.0 -1.97279
2450.0 5950.0 -1.90150
2550.0 5950.0 -1.32555
2650.0 5950.0 -0.54733
2750.0 5950.0 0.08167
2850.0 5950.0 0.17976
2950.0 5950.0 -0.19688
3050.0 5950.0 -0.67069
3150.0 5950.0 -0.80171
3250.0 5950.0 -0.37542
3350.0 5950.0 0.33594
3450.0 5950.0 0.99521
3550.0 5950.0 1.31947
3650.0 5950.0 1.13351
3750.0 5950.0 0.59482
3850.0 5950.0 0.10688
3950.0 5950.0 -0.08760
4050.0 5950.0 -0.19665
4150.0 5950.0 -0.21807
4250.0 5950.0 -0.11016
4350.0 5950.0 0.09089
4450.0 5950.0 0.28443
4550.0 5950.0 0.38045
4650.0 5950.0 0.39880
4750.0 5950.0 0.27968
4850.0 5950.0 0.02604
4950.0 5950.0 -0.23132
5050.0 5950.0 -0.36244
5150.0 5950.0 -0.31909
5250.0 5950.0 -0.16235
5350.0 5950.0 0.23123
5450.0 5950.0 0.96229
5550.0 5950.0 1.56175
5650.0 5950.0 1.59724
5750.0 5950.0 1.03013
5850.0 5950.0 0.17614
5950.0 5950.0 -0.66540
6050.0 5950.0 -1.18711
6150.0 5950.0 -1.14679
6250.0 5950.0 -0.64110
6350.0 5950.0 -0.06955
50.0 6050.0 -1.05939
150.0 6050.0 -0.89448
250.0 6050.0 -1.18930
350.0 6050.0 -1.72024
450.0 6050.0 -2.03939
550.0 6050.0 -1.85314
650.0 6050.0 -1.18756
750.0 6050.0 -0.33718
850.0 6050.0 0.37260
950.0 6050.0 0.65229
1050.0 6050.0 0.41482
1150.0 6050.0 -0.09761
1250.0 6050.0 -0.44559
1350.0 6050.0 -0.38866
1450.0 6050.0 -0.20748
1550.0 6050.0 -0.02983
1650.0 6050.0 0.05159
1750.0 6050.0 -0.01145
1850.0 6050.0 -0.16711
1950.0 6050.0 -0.30773
2050.0 6050.0 -0.43300
2150.0 6050.0 -0.87585
2250.0 6050.0 -1.58963
2350.0 6050.0 -2.16109
2450.0 6050.0 -2.27343
2550.0 6050.0 -1.91739
2650.0 6050.0 -1.33785
2750.0 6050.0 -0.85573
2850.0 6050.0 -0.74457
2950.0 6050.0 -0.93036
3050.0 6050.0 -1.13139
3150.0 6050.0 -1.05893
3250.0 6050.0 -0.60159
3350.0 6050.0 0.04123
3450.0 6050.0 0.63956
3550.0 6050.0 0.96344
3650.0 6050.0 0.87019
3750.0 6050.0 0.48914
3850.0 6050.0 0.15033
3950.0 6050.0 0.05192
4050.0 6050.0 0.02467
4150.0 6050.0 0.06216
4250.0 6050.0 0.18178
4350.0 6050.0 0.35026
4450.0 6050.0 0.50060
4550.0 6050.0 0.58068
4650.0 6050.0 0.60158
4750.0 6050.0 0.45757
4850.0 6050.0 0.11959
4950.0 6050.0 -0.28057
5050.0 6050.0 -0.57395
5150.0 6050.0 -0.65899
5250.0 6050.0 -0.58149
5350.0 6050.0 -0.24787
5450.0 6050.0 0.46973
5550.0 6050.0 1.12117
5650.0 6050.0 1.25320
5750.0 6050.0 0.77524
5850.0 6050.0 -0.04028
5950.0 6050.0 -0.87994
6050.0 6050.0 -1.45815
6150.0 6050.0 -1.52563
6250.0 6050.0 -1.12314
6350.0 6050.0 -0.59888
50.0 6150.0 -1.22481
150.0 6150.0 -1.20637
250.0 6150.0 -1.54416
350.0 6150.0 -2.00723
450.0 6150.0 -2.21515
550.0 6150.0 -1.96985
650.0 6150.0 -1.35934
750.0 6150.0 -0.63974
850.0 6150.0 -0.09380
950.0 6150.0 0.05435
1050.0 6150.0 -0.18358
1150.0 6150.0 -0.55032
1250.0 6150.0 -0.69245
1350.0 6150.0 -0.46638
1450.0 6150.0 -0.12266
1550.0 6150.0 0.22358
1650.0 6150.0 0.41412
1750.0 6150.0 0.36089
1850.0 6150.0 0.14480
1950.0 6150.0 -0.05482
2050.0 6150.0 -0.20168
2150.0 6150.0 -0.55154
2250.0 6150.0 -1.10984
2350.0 6150.0 -1.64028
2450.0 6150.0 -1.92742
2550.0 6150.0 -1.91744
2650.0 6150.0 -1.73163
2750.0 6150.0 -1.59007
2850.0 6150.0 -1.60558
2950.0 6150.0 -1.64890
3050.0 6150.0 -1.55027
3150.0 6150.0 -1.24013
3250.0 6150.0 -0.77973
3350.0 6150.0 -0.28219
3450.0 6150.0 0.16548
3550.0 6150.0 0.43278
3650.0 6150.0 0.46046
3750.0 6150.0 0.34505
3850.0 6150.0 0.28384
3950.0 6150.0 0.37969
4050.0 6150.0 0.49138
4150.0 6150.0 0.53519
4250.0 6150.0 0.49543
4350.0 6150.0 0.40824
4450.0 6150.0 0.34247
4550.0 6150.0 0.35004
4650.0 6150.0 0.38736
4750.0 6150.0 0.31002
4850.0 6150.0 0.05284
4950.0 6150.0 -0.32650
5050.0 6150.0 -0.69225
5150.0 6150.0 -0.91394
5250.0 6150.0 -0.98475
5350.0 6150.0 -0.79096
5450.0 6150.0 -0.15702
5550.0 6150.0 0.51580
5650.0 6150.0 0.76104
5750.0 6150.0 0.41090
5850.0 6150.0 -0.34144
5950.0 6150.0 -1.17563
6050.0 6150.0 -1.85550
6150.0 6150.0 -2.11457
6250.0 6150.0 -1.88760
6350.0 6150.0 -1.43032
50.0 6250.0 -0.93467
150.0 6250.0 -1.09601
250.0 6250.0 -1.49901
350.0 6250.0 -1.90318
450.0 6250.0 -2.00197
550.0 6250.0 -1.70380
650.0 6250.0 -1.16694
750.0 6250.0 -0.60682
850.0 6250.0 -0.27667
950.0 6250.0 -0.33164
1050.0 6250.0 -0.62885
1150.0 6250.0 -0.87174
1250.0 6250.0 -0.79368
1350.0 6250.0 -0.36814
1450.0 6250.0 0.16792
1550.0 6250.0 0.69846
1650.0 6250.0 0.98768
1750.0 6250.0 0.91062
1850.0 6250.0 0.59605
1950.0 6250.0 0.31602
2050.0 6250.0 0.14679
2150.0 6250.0 -0.03281
2250.0 6250.0 -0.26578
2350.0 6250.0 -0.56803
2450.0 6250.0 -0.91093
2550.0 6250.0 -1.23697
2650.0 6250.0 -1.51445
2750.0 6250.0 -1.80279
2850.0 6250.0 -2.04644
2950.0 6250.0 -2.04034
3050.0 6250.0 -1.70810
3150.0 6250.0 -1.19967
3250.0 6250.0 -0.76539
3350.0 6250.0 -0.44725
3450.0 6250.0 -0.21673
3550.0 6250.0 -0.09684
3650.0 6250.0 -0.02311
3750.0 6250.0 0.09740
3850.0 6250.0 0.32841
3950.0 6250.0 0.65317
4050.0 6250.0 0.93094
4150.0 6250.0 0.97478
4250.0 6250.0 0.73008
4350.0 6250.0 0.32119
4450.0 6250.0 -0.01436
4550.0 6250.0 -0.09712
4650.0 6250.0 -0.03424
4750.0 6250.0 0.02653
4850.0 6250.0 -0.00876
4950.0 6250.0 -0.20911
5050.0 6250.0 -0.53439
5150.0 6250.0 -0.85867
5250.0 6250.0 -1.10135
5350.0 6250.0 -1.08519
5450.0 6250.0 -0.58242
5550.0 6250.0 0.07003
5650.0 6250.0 0.40586
5750.0 6250.0 0.18000
5850.0 6250.0 -0.50470
5950.0 6250.0 -1.32926
6050.0 6250.0 -2.10557
6150.0 6250.0 -2.54145
6250.0 6250.0 -2.46037
6350.0 6250.0 -2.03012
50.0 6350.0 -0.41655
150.0 6350.0 -0.72415
250.0 6350.0 -1.18059
350.0 6350.0 -1.53762
450.0 6350.0 -1.54851
550.0 6350.0 -1.20797
650.0 6350.0 -0.73121
750.0 6350.0 -0.30151
850.0 6350.0 -0.16012
950.0 6350.0 -0.41363
1050.0 6350.0 -0.80358
1150.0 6350.0 -0.98552
1250.0 6350.0 -0.75034
1350.0 6350.0 -0.16650
1450.0 6350.0 0.51856
1550.0 6350.0 1.16524
1650.0 6350.0 1.47760
1750.0 6350.0 1.31994
1850.0 6350.0 0.88175
1950.0 6350.0 0.52085
2050.0 6350.0 0.33649
2150.0 6350.0 0.34635
2250.0 6350.0 0.49921
2350.0 6350.0 0.54031
2450.0 6350.0 0.28969
2550.0 6350.0 -0.23655
2650.0 6350.0 -0.87916
2750.0 6350.0 -1.52666
2850.0 6350.0 -1.99609
2950.0 6350.0 -2.01595
3050.0 6350.0 -1.56314
3150.0 6350.0 -0.94151
3250.0 6350.0 -0.54449
3350.0 6350.0 -0.37604
3450.0 6350.0 -0.36292
3550.0 6350.0 -0.45533
3650.0 6350.0 -0.46150
3750.0 6350.0 -0.24917
3850.0 6350.0 0.16841
3950.0 6350.0 0.67222
4050.0 6350.0 1.09620
4150.0 6350.0 1.18290
4250.0 6350.0 0.83971
4350.0 6350.0 0.23914
4450.0 6350.0 -0.26870
4550.0 6350.0 -0.41022
4650.0 6350.0 -0.32324
4750.0 6350.0 -0.11937
4850.0 6350.0 0.09230
4950.0 6350.0 0.11994
5050.0 6350.0 -0.10379
5150.0 6350.0 -0.47786
5250.0 6350.0 -0.85623
5350.0 6350.0 -0.98979
5450.0 6350.0 -0.61244
5550.0 6350.0 -0.00552
5650.0 6350.0 0.37489
5750.0 6350.0 0.23108
5850.0 6350.0 -0.40416
5950.0 6350.0 -1.21713
6050.0 6350.0 -2.03903
6150.0 6350.0 -2.55086
6250.0 6350.0 -2.50635
6350.0 6350.0 -2.03138
