50.0 50.0 0.00000
150.0 50.0 -0.04158
250.0 50.0 -0.08487
350.0 50.0 -0.11754
450.0 50.0 -0.12665
550.0 50.0 -0.10858
650.0 50.0 -0.07182
750.0 50.0 -0.03285
850.0 50.0 -0.00494
950.0 50.0 0.01785
1050.0 50.0 0.04815
1150.0 50.0 0.08010
1250.0 50.0 0.10054
1350.0 50.0 0.10019
1450.0 50.0 0.07908
1550.0 50.0 0.04618
1650.0 50.0 0.01339
1750.0 50.0 -0.02063
1850.0 50.0 -0.12552
1950.0 50.0 -0.31509
2050.0 50.0 -0.50929
2150.0 50.0 -0.61563
2250.0 50.0 -0.58193
2350.0 50.0 -0.41653
2450.0 50.0 -0.17590
2550.0 50.0 0.07998
2650.0 50.0 0.31566
2750.0 50.0 0.47260
2850.0 50.0 0.50346
2950.0 50.0 0.40566
3050.0 50.0 0.22921
3150.0 50.0 0.06031
3250.0 50.0 -0.01914
3350.0 50.0 0.00385
3450.0 50.0 0.09894
3550.0 50.0 0.33599
3650.0 50.0 0.64287
3750.0 50.0 0.87658
3850.0 50.0 0.92488
3950.0 50.0 0.75875
4050.0 50.0 0.43592
4150.0 50.0 0.05530
4250.0 50.0 -0.32702
4350.0 50.0 -0.67073
4450.0 50.0 -0.88134
4550.0 50.0 -0.88692
4650.0 50.0 -0.69409
4750.0 50.0 -0.39647
4850.0 50.0 -0.13562
4950.0 50.0 -0.01446
5050.0 50.0 0.00467
5150.0 50.0 -0.13937
5250.0 50.0 -0.47076
5350.0 50.0 -0.84018
5450.0 50.0 -1.06844
5550.0 50.0 -1.04260
5650.0 50.0 -0.75761
5750.0 50.0 -0.30351
5850.0 50.0 0.20601
5950.0 50.0 0.81558
6050.0 50.0 1.49243
6150.0 50.0 1.99196
6250.0 50.0 2.09628
6350.0 50.0 1.75823
50.0 150.0 0.11492
150.0 150.0 0.08415
250.0 150.0 0.07666
350.0 150.0 0.10990
450.0 150.0 0.18676
550.0 150.0 0.29291
650.0 150.0 0.40115
750.0 150.0 0.48264
850.0 150.0 0.52525
950.0 150.0 0.54668
1050.0 150.0 0.52509
1150.0 150.0 0.43154
1250.0 150.0 0.26974
1350.0 150.0 0.07054
1450.0 150.0 -0.11977
1550.0 150.0 -0.25702
1650.0 150.0 -0.32263
1750.0 150.0 -0.35357
1850.0 150.0 -0.43994
1950.0 150.0 -0.58592
2050.0 150.0 -0.71578
2150.0 150.0 -0.75045
2250.0 150.0 -0.65377
2350.0 150.0 -0.44678
2450.0 150.0 -0.18981
2550.0 150.0 0.06687
2650.0 150.0 0.30066
2750.0 150.0 0.45266
2850.0 150.0 0.47547
2950.0 150.0 0.36785
3050.0 150.0 0.18181
3150.0 150.0 0.00550
3250.0 150.0 -0.07814
3350.0 150.0 -0.05675
3450.0 150.0 0.03024
3550.0 150.0 0.23349
3650.0 150.0 0.47837
3750.0 150.0 0.63356
3850.0 150.0 0.60490
3950.0 150.0 0.38073
4050.0 150.0 0.02875
4150.0 150.0 -0.35557
4250.0 150.0 -0.73198
4350.0 150.0 -1.05674
4450.0 150.0 -1.23259
4550.0 150.0 -1.19426
4650.0 150.0 -0.95880
4750.0 150.0 -0.62949
4850.0 150.0 -0.35321
4950.0 150.0 -0.23143
5050.0 150.0 -0.21598
5150.0 150.0 -0.34480
5250.0 150.0 -0.63033
5350.0 150.0 -0.93030
5450.0 150.0 -1.08278
5550.0 150.0 -0.99418
5650.0 150.0 -0.67377
5750.0 150.0 -0.21453
5850.0 150.0 0.28258
5950.0 150.0 0.85599
6050.0 150.0 1.44881
6150.0 150.0 1.82266
6250.0 150.0 1.78509
6350.0 150.0 1.32023
50.0 250.0 0.36059
150.0 250.0 0.36076
250.0 250.0 0.39367
350.0 250.0 0.47838
450.0 250.0 0.61370
550.0 250.0 0.77846
650.0 250.0 0.93858
750.0 250.0 1.06100
850.0 250.0 1.13432
950.0 250.0 1.17625
1050.0 250.0 1.12156
1150.0 250.0 0.91571
1250.0 250.0 0.57912
1350.0 250.0 0.18488
1450.0 250.0 -0.17083
1550.0 250.0 -0.40487
1650.0 250.0 -0.49009
1750.0 250.0 -0.50157
1850.0 250.0 -0.55400
1950.0 250.0 -0.64617
2050.0 250.0 -0.71075
2150.0 250.0 -0.68289
2250.0 250.0 -0.53899
2350.0 250.0 -0.30625
2450.0 250.0 -0.04276
2550.0 250.0 0.21088
2650.0 250.0 0.43738
2750.0 250.0 0.57311
2850.0 250.0 0.57022
2950.0 250.0 0.43121
3050.0 250.0 0.21401
3150.0 250.0 0.01267
3250.0 250.0 -0.08640
3350.0 250.0 -0.07262
3450.0 250.0 -0.00012
3550.0 250.0 0.16007
3650.0 250.0 0.33510
3750.0 250.0 0.41082
3850.0 250.0 0.31381
3950.0 250.0 0.04817
4050.0 250.0 -0.31333
4150.0 250.0 -0.68328
4250.0 250.0 -1.03579
4350.0 250.0 -1.31987
4450.0 250.0 -1.44222
4550.0 250.0 -1.35408
4650.0 250.0 -1.08807
4750.0 250.0 -0.75424
4850.0 250.0 -0.49540
4950.0 250.0 -0.40179
5050.0 250.0 -0.41356
5150.0 250.0 -0.54140
5250.0 250.0 -0.78577
5350.0 250.0 -1.02145
5450.0 250.0 -1.11451
5550.0 250.0 -0.99634
5650.0 250.0 -0.68895
5750.0 250.0 -0.28126
5850.0 250.0 0.14544
5950.0 250.0 0.63104
6050.0 250.0 1.11174
6150.0 250.0 1.36918
6250.0 250.0 1.23686
6350.0 250.0 0.71499
50.0 350.0 0.67109
150.0 350.0 0.72503
250.0 350.0 0.79589
350.0 350.0 0.89883
450.0 350.0 1.03830
550.0 350.0 1.20438
650.0 350.0 1.37537
750.0 350.0 1.52697
850.0 350.0 1.64778
950.0 350.0 1.73802
1050.0 350.0 1.68593
1150.0 350.0 1.41356
1250.0 350.0 0.95391
1350.0 350.0 0.41562
1450.0 350.0 -0.06137
1550.0 350.0 -0.35842
1650.0 350.0 -0.43903
1750.0 350.0 -0.41116
1850.0 350.0 -0.41494
1950.0 350.0 -0.45162
2050.0 350.0 -0.46635
2150.0 350.0 -0.40601
2250.0 350.0 -0.25106
2350.0 350.0 -0.02330
2450.0 350.0 0.23005
2550.0 350.0 0.47562
2650.0 350.0 0.69036
2750.0 350.0 0.80318
2850.0 350.0 0.76530
2950.0 350.0 0.58349
3050.0 350.0 0.32302
3150.0 350.0 0.08561
3250.0 350.0 -0.03757
3350.0 350.0 -0.03788
3450.0 350.0 0.01392
3550.0 350.0 0.12709
3650.0 350.0 0.23654
3750.0 350.0 0.24947
3850.0 350.0 0.11247
3950.0 350.0 -0.16061
4050.0 350.0 -0.50029
4150.0 350.0 -0.83231
4250.0 350.0 -1.13956
4350.0 350.0 -1.35903
4450.0 350.0 -1.41019
4550.0 350.0 -1.27203
4650.0 350.0 -0.99739
4750.0 350.0 -0.69795
4850.0 350.0 -0.49989
4950.0 350.0 -0.47032
5050.0 350.0 -0.53767
5150.0 350.0 -0.68074
5250.0 350.0 -0.88719
5350.0 350.0 -1.06112
5450.0 350.0 -1.11036
5550.0 350.0 -0.99904
5650.0 350.0 -0.76070
5750.0 350.0 -0.47202
5850.0 350.0 -0.18554
5950.0 350.0 0.15432
6050.0 350.0 0.50287
6150.0 350.0 0.67783
6250.0 350.0 0.53473
6350.0 350.0 0.06545
50.0 450.0 0.90478
150.0 450.0 1.02589
250.0 450.0 1.12276
350.0 450.0 1.20115
450.0 450.0 1.28113
550.0 450.0 1.38212
650.0 450.0 1.51403
750.0 450.0 1.67422
850.0 450.0 1.85043
950.0 450.0 2.00948
1050.0 450.0 2.00077
1150.0 450.0 1.73111
1250.0 450.0 1.23831
1350.0 450.0 0.65016
1450.0 450.0 0.13252
1550.0 450.0 -0.17305
1650.0 450.0 -0.22205
1750.0 450.0 -0.14142
1850.0 450.0 -0.09171
1950.0 450.0 -0.08559
2050.0 450.0 -0.08218
2150.0 450.0 -0.03409
2250.0 450.0 0.08553
2350.0 450.0 0.27264
2450.0 450.0 0.49853
2550.0 450.0 0.73216
2650.0 450.0 0.93477
2750.0 450.0 1.02934
2850.0 450.0 0.96573
2950.0 450.0 0.75240
3050.0 450.0 0.45859
3150.0 450.0 0.19090
3250.0 450.0 0.04412
3350.0 450.0 0.02635
3450.0 450.0 0.05527
3550.0 450.0 0.12814
3650.0 450.0 0.19260
3750.0 450.0 0.17697
3850.0 450.0 0.04220
3950.0 450.0 -0.19734
4050.0 450.0 -0.48438
4150.0 450.0 -0.76041
4250.0 450.0 -1.00848
4350.0 450.0 -1.15031
4450.0 450.0 -1.12486
4550.0 450.0 -0.94545
4650.0 450.0 -0.68636
4750.0 450.0 -0.45526
4850.0 450.0 -0.35175
4950.0 450.0 -0.41170
5050.0 450.0 -0.55356
5150.0 450.0 -0.72148
5250.0 450.0 -0.88903
5350.0 450.0 -0.99816
5450.0 450.0 -1.00870
5550.0 450.0 -0.92385
5650.0 450.0 -0.78897
5750.0 450.0 -0.66327
5850.0 450.0 -0.56350
5950.0 450.0 -0.40244
6050.0 450.0 -0.18157
6150.0 450.0 -0.03694
6250.0 450.0 -0.09949
6350.0 450.0 -0.41004
50.0 550.0 0.95023
150.0 550.0 1.13719
250.0 550.0 1.24331
350.0 550.0 1.26177
450.0 550.0 1.23433
550.0 550.0 1.22090
650.0 550.0 1.27456
750.0 550.0 1.42203
850.0 550.0 1.64960
950.0 550.0 1.88253
1050.0 550.0 1.94692
1150.0 550.0 1.74541
1250.0 550.0 1.31208
1350.0 550.0 0.77429
1450.0 550.0 0.30139
1550.0 550.0 0.04102
1650.0 550.0 0.04268
1750.0 550.0 0.17779
1850.0 550.0 0.27398
1950.0 550.0 0.30088
2050.0 550.0 0.28690
2150.0 550.0 0.28099
2250.0 550.0 0.32695
2350.0 550.0 0.44695
2450.0 550.0 0.63421
2550.0 550.0 0.85469
2650.0 550.0 1.04906
2750.0 550.0 1.13950
2850.0 550.0 1.07438
2950.0 550.0 0.85903
3050.0 550.0 0.55994
3150.0 550.0 0.28234
3250.0 550.0 0.12145
3350.0 550.0 0.08732
3450.0 550.0 0.09606
3550.0 550.0 0.14334
3650.0 550.0 0.19164
3750.0 550.0 0.18575
3850.0 550.0 0.09263
3950.0 550.0 -0.08165
4050.0 550.0 -0.29787
4150.0 550.0 -0.51250
4250.0 550.0 -0.70045
4350.0 550.0 -0.76760
4450.0 550.0 -0.67452
4550.0 550.0 -0.46820
4650.0 550.0 -0.24153
4750.0 550.0 -0.09438
4850.0 550.0 -0.09629
4950.0 550.0 -0.25079
5050.0 550.0 -0.46918
5150.0 550.0 -0.66117
5250.0 550.0 -0.78498
5350.0 550.0 -0.82188
5450.0 550.0 -0.78629
5550.0 550.0 -0.72305
5650.0 550.0 -0.69079
5750.0 550.0 -0.73116
5850.0 550.0 -0.82289
5950.0 550.0 -0.83582
6050.0 550.0 -0.71533
6150.0 550.0 -0.55126
6250.0 550.0 -0.47065
6350.0 550.0 -0.56167
50.0 650.0 0.78087
150.0 650.0 1.01838
250.0 650.0 1.11970
350.0 650.0 1.06587
450.0 650.0 0.92004
550.0 650.0 0.78170
650.0 650.0 0.74603
750.0 650.0 0.86827
850.0 650.0 1.13307
950.0 650.0 1.42743
1050.0 650.0 1.57050
1150.0 650.0 1.46964
1250.0 650.0 1.14992
1350.0 650.0 0.72407
1450.0 650.0 0.34800
1550.0 650.0 0.16186
1650.0 650.0 0.21694
1750.0 650.0 0.39584
1850.0 650.0 0.52295
1950.0 650.0 0.54914
2050.0 650.0 0.49429
2150.0 650.0 0.41416
2250.0 650.0 0.37317
2350.0 650.0 0.42045
2450.0 650.0 0.56896
2550.0 650.0 0.77829
2650.0 650.0 0.97079
2750.0 650.0 1.07433
2850.0 650.0 1.03589
2950.0 650.0 0.85299
3050.0 650.0 0.58213
3150.0 650.0 0.32033
3250.0 650.0 0.15952
3350.0 650.0 0.11405
3450.0 650.0 0.10894
3550.0 650.0 0.14674
3650.0 650.0 0.20301
3750.0 650.0 0.23212
3850.0 650.0 0.19976
3950.0 650.0 0.09922
4050.0 650.0 -0.04861
4150.0 650.0 -0.21136
4250.0 650.0 -0.35150
4350.0 650.0 -0.36150
4450.0 650.0 -0.22004
4550.0 650.0 -0.00023
4650.0 650.0 0.19186
4750.0 650.0 0.26458
4850.0 650.0 0.17388
4950.0 650.0 -0.05772
5050.0 650.0 -0.33701
5150.0 650.0 -0.54234
5250.0 650.0 -0.61593
5350.0 650.0 -0.57213
5450.0 650.0 -0.47388
5550.0 650.0 -0.40526
5650.0 650.0 -0.44029
5750.0 650.0 -0.60799
5850.0 650.0 -0.85259
5950.0 650.0 -0.99929
6050.0 650.0 -0.94149
6150.0 650.0 -0.73268
6250.0 650.0 -0.50258
6350.0 650.0 -0.38520
50.0 750.0 0.45844
150.0 750.0 0.72315
250.0 750.0 0.81422
350.0 750.0 0.70454
450.0 750.0 0.47180
550.0 750.0 0.24232
650.0 750.0 0.13972
750.0 750.0 0.23839
850.0 750.0 0.52183
950.0 750.0 0.85233
1050.0 750.0 1.05255
1150.0 750.0 1.03757
1250.0 750.0 0.82357
1350.0 750.0 0.50608
1450.0 750.0 0.22312
1550.0 750.0 0.10288
1650.0 750.0 0.19624
1750.0 750.0 0.39996
1850.0 750.0 0.54005
1950.0 750.0 0.55350
2050.0 750.0 0.45641
2150.0 750.0 0.31231
2250.0 750.0 0.20232
2350.0 750.0 0.19501
2450.0 750.0 0.31609
2550.0 750.0 0.51870
2650.0 750.0 0.71562
2750.0 750.0 0.84550
2850.0 750.0 0.85440
2950.0 750.0 0.72918
3050.0 750.0 0.51179
3150.0 750.0 0.28636
3250.0 750.0 0.13874
3350.0 750.0 0.08890
3450.0 750.0 0.07738
3550.0 750.0 0.11656
3650.0 750.0 0.19012
3750.0 750.0 0.25565
3850.0 750.0 0.27439
3950.0 750.0 0.22864
4050.0 750.0 0.12659
4150.0 750.0 -0.00518
4250.0 750.0 -0.11833
4350.0 750.0 -0.09638
4450.0 750.0 0.07164
4550.0 750.0 0.29798
4650.0 750.0 0.46935
4750.0 750.0 0.49901
4850.0 750.0 0.35753
4950.0 750.0 0.08216
5050.0 750.0 -0.23076
5150.0 750.0 -0.43293
5250.0 750.0 -0.45081
5350.0 750.0 -0.32027
5450.0 750.0 -0.14034
5550.0 750.0 -0.02784
5650.0 750.0 -0.07401
5750.0 750.0 -0.30335
5850.0 750.0 -0.63362
5950.0 750.0 -0.85421
6050.0 750.0 -0.82630
6150.0 750.0 -0.58309
6250.0 750.0 -0.25763
6350.0 750.0 -0.01227
50.0 850.0 0.08511
150.0 850.0 0.35605
250.0 850.0 0.43990
350.0 850.0 0.30666
450.0 850.0 0.03929
550.0 850.0 -0.22626
650.0 850.0 -0.35618
750.0 850.0 -0.26925
850.0 850.0 0.01758
950.0 850.0 0.35836
1050.0 850.0 0.58142
1150.0 850.0 0.60711
1250.0 850.0 0.44684
1350.0 850.0 0.18603
1450.0 850.0 -0.04845
1550.0 850.0 -0.13642
1650.0 850.0 -0.02802
1750.0 850.0 0.18215
1850.0 850.0 0.32199
1950.0 850.0 0.32221
2050.0 850.0 0.19873
2150.0 850.0 0.02030
2250.0 850.0 -0.12358
2350.0 850.0 -0.15592
2450.0 850.0 -0.04642
2550.0 850.0 0.15417
2650.0 850.0 0.35944
2750.0 850.0 0.52112
2850.0 850.0 0.58481
2950.0 850.0 0.52638
3050.0 850.0 0.37230
3150.0 850.0 0.19245
3250.0 850.0 0.06559
3350.0 850.0 0.01730
3450.0 850.0 0.00494
3550.0 850.0 0.04845
3650.0 850.0 0.13404
3750.0 850.0 0.21882
3850.0 850.0 0.26069
3950.0 850.0 0.23688
4050.0 850.0 0.15092
4150.0 850.0 0.02816
4250.0 850.0 -0.07774
4350.0 850.0 -0.04574
4450.0 850.0 0.13299
4550.0 850.0 0.36633
4650.0 850.0 0.53796
4750.0 850.0 0.56114
4850.0 850.0 0.40930
4950.0 850.0 0.12344
5050.0 850.0 -0.19690
5150.0 850.0 -0.38099
5250.0 850.0 -0.34041
5350.0 850.0 -0.12113
5450.0 850.0 0.15450
5550.0 850.0 0.34420
5650.0 850.0 0.33847
5750.0 850.0 0.10976
5850.0 850.0 -0.24165
5950.0 850.0 -0.48299
6050.0 850.0 -0.46780
6150.0 850.0 -0.22378
6250.0 850.0 0.11676
6350.0 850.0 0.38629
50.0 950.0 -0.30236
150.0 950.0 -0.03538
250.0 950.0 0.04335
350.0 950.0 -0.09560
450.0 950.0 -0.36804
550.0 950.0 -0.63702
650.0 950.0 -0.76850
750.0 950.0 -0.68177
850.0 950.0 -0.39468
950.0 950.0 -0.05255
1050.0 950.0 0.18037
1150.0 950.0 0.22784
1250.0 950.0 0.09788
1350.0 950.0 -0.13102
1450.0 950.0 -0.33945
1550.0 950.0 -0.41239
1650.0 950.0 -0.30047
1750.0 950.0 -0.09251
1850.0 950.0 0.04016
1950.0 950.0 0.02476
2050.0 950.0 -0.12127
2150.0 950.0 -0.32458
2250.0 950.0 -0.49030
2350.0 950.0 -0.53720
2450.0 950.0 -0.43376
2550.0 950.0 -0.23388
2650.0 950.0 -0.01985
2750.0 950.0 0.17302
2850.0 950.0 0.28988
2950.0 950.0 0.29615
3050.0 950.0 0.20343
3150.0 950.0 0.06802
3250.0 950.0 -0.03816
3350.0 950.0 -0.08413
3450.0 950.0 -0.09662
3550.0 950.0 -0.04958
3650.0 950.0 0.04424
3750.0 950.0 0.14086
3850.0 950.0 0.19571
3950.0 950.0 0.18304
4050.0 950.0 0.10406
4150.0 950.0 -0.01599
4250.0 950.0 -0.12032
4350.0 950.0 -0.08560
4450.0 950.0 0.09714
4550.0 950.0 0.33509
4650.0 950.0 0.51097
4750.0 950.0 0.53726
4850.0 950.0 0.38707
4950.0 950.0 0.10167
5050.0 950.0 -0.21696
5150.0 950.0 -0.37858
5250.0 950.0 -0.28055
5350.0 950.0 0.02532
5450.0 950.0 0.39864
5550.0 950.0 0.67488
5650.0 950.0 0.72648
5750.0 950.0 0.52019
5850.0 950.0 0.17078
5950.0 950.0 -0.07348
6050.0 950.0 -0.06796
6150.0 950.0 0.16126
6250.0 950.0 0.48605
6350.0 950.0 0.74331
50.0 1050.0 -0.76537
150.0 1050.0 -0.52824
250.0 1050.0 -0.46256
350.0 1050.0 -0.58713
450.0 1050.0 -0.81757
550.0 1050.0 -1.02765
650.0 1050.0 -1.10146
750.0 1050.0 -0.97639
850.0 1050.0 -0.67702
950.0 1050.0 -0.33077
1050.0 1050.0 -0.07638
1150.0 1050.0 0.01399
1250.0 1050.0 -0.06201
1350.0 1050.0 -0.24117
1450.0 1050.0 -0.41708
1550.0 1050.0 -0.48082
1650.0 1050.0 -0.37977
1750.0 1050.0 -0.19158
1850.0 1050.0 -0.08881
1950.0 1050.0 -0.14963
2050.0 1050.0 -0.35060
2150.0 1050.0 -0.60773
2250.0 1050.0 -0.81633
2350.0 1050.0 -0.88990
2450.0 1050.0 -0.79802
2550.0 1050.0 -0.60184
2650.0 1050.0 -0.38335
2750.0 1050.0 -0.16804
2850.0 1050.0 -0.01233
2950.0 1050.0 0.03977
3050.0 1050.0 -0.01205
3150.0 1050.0 -0.12145
3250.0 1050.0 -0.22052
3350.0 1050.0 -0.27315
3450.0 1050.0 -0.29344
3550.0 1050.0 -0.24712
3650.0 1050.0 -0.14156
3750.0 1050.0 -0.01962
3850.0 1050.0 0.06983
3950.0 1050.0 0.09257
4050.0 1050.0 0.04090
4150.0 1050.0 -0.06338
4250.0 1050.0 -0.15722
4350.0 1050.0 -0.11993
4450.0 1050.0 0.05258
4550.0 1050.0 0.26811
4650.0 1050.0 0.41483
4750.0 1050.0 0.41351
4850.0 1050.0 0.24516
4950.0 1050.0 -0.04584
5050.0 1050.0 -0.36274
5150.0 1050.0 -0.50765
5250.0 1050.0 -0.36705
5350.0 1050.0 0.00439
5450.0 1050.0 0.45383
5550.0 1050.0 0.80027
5650.0 1050.0 0.90165
5750.0 1050.0 0.71908
5850.0 1050.0 0.37739
5950.0 1050.0 0.13144
6050.0 1050.0 0.12365
6150.0 1050.0 0.33917
6250.0 1050.0 0.66356
6350.0 1050.0 0.94143
50.0 1150.0 -1.20548
150.0 1150.0 -1.03719
250.0 1150.0 -1.00401
350.0 1150.0 -1.10086
450.0 1150.0 -1.24206
550.0 1150.0 -1.32439
650.0 1150.0 -1.27182
750.0 1150.0 -1.06217
850.0 1150.0 -0.73551
950.0 1150.0 -0.38149
1050.0 1150.0 -0.09246
1150.0 1150.0 0.06284
1250.0 1150.0 0.06271
1350.0 1150.0 -0.05431
1450.0 1150.0 -0.19987
1550.0 1150.0 -0.27001
1650.0 1150.0 -0.20317
1750.0 1150.0 -0.06000
1850.0 1150.0 -0.01507
1950.0 1150.0 -0.15068
2050.0 1150.0 -0.43214
2150.0 1150.0 -0.76040
2250.0 1150.0 -1.02019
2350.0 1150.0 -1.12293
2450.0 1150.0 -1.04443
2550.0 1150.0 -0.85576
2650.0 1150.0 -0.63957
2750.0 1150.0 -0.41629
2850.0 1150.0 -0.24556
2950.0 1150.0 -0.17864
3050.0 1150.0 -0.22281
3150.0 1150.0 -0.33554
3250.0 1150.0 -0.44847
3350.0 1150.0 -0.52102
3450.0 1150.0 -0.56132
3550.0 1150.0 -0.52694
3650.0 1150.0 -0.41397
3750.0 1150.0 -0.25938
3850.0 1150.0 -0.11625
3950.0 1150.0 -0.03236
4050.0 1150.0 -0.03233
4150.0 1150.0 -0.10300
4250.0 1150.0 -0.17275
4350.0 1150.0 -0.12907
4450.0 1150.0 0.02109
4550.0 1150.0 0.18683
4650.0 1150.0 0.26841
4750.0 1150.0 0.20520
4850.0 1150.0 -0.00392
4950.0 1150.0 -0.30749
5050.0 1150.0 -0.62293
5150.0 1150.0 -0.76300
5250.0 1150.0 -0.61011
5350.0 1150.0 -0.21674
5450.0 1150.0 0.26279
5550.0 1150.0 0.64255
5650.0 1150.0 0.77399
5750.0 1150.0 0.61354
5850.0 1150.0 0.28731
5950.0 1150.0 0.03840
6050.0 1150.0 0.00299
6150.0 1150.0 0.19182
6250.0 1150.0 0.52089
6350.0 1150.0 0.85120
50.0 1250.0 -1.44693
150.0 1250.0 -1.37931
250.0 1250.0 -1.40430
350.0 1250.0 -1.48456
450.0 1250.0 -1.52879
550.0 1250.0 -1.45983
650.0 1250.0 -1.25168
750.0 1250.0 -0.93527
850.0 1250.0 -0.57325
950.0 1250.0 -0.20926
1050.0 1250.0 0.11913
1150.0 1250.0 0.34404
1250.0 1250.0 0.41909
1350.0 1250.0 0.35469
1450.0 1250.0 0.22165
1550.0 1250.0 0.12302
1650.0 1250.0 0.13439
1750.0 1250.0 0.21343
1850.0 1250.0 0.18606
1950.0 1250.0 -0.02779
2050.0 1250.0 -0.37976
2150.0 1250.0 -0.75844
2250.0 1250.0 -1.04514
2350.0 1250.0 -1.15817
2450.0 1250.0 -1.08591
2550.0 1250.0 -0.90689
2650.0 1250.0 -0.69890
2750.0 1250.0 -0.48113
2850.0 1250.0 -0.31771
2950.0 1250.0 -0.26472
3050.0 1250.0 -0.33142
3150.0 1250.0 -0.47344
3250.0 1250.0 -0.61796
3350.0 1250.0 -0.72086
3450.0 1250.0 -0.79199
3550.0 1250.0 -0.78498
3650.0 1250.0 -0.68094
3750.0 1250.0 -0.50500
3850.0 1250.0 -0.31056
3950.0 1250.0 -0.15915
4050.0 1250.0 -0.09597
4150.0 1250.0 -0.12101
4250.0 1250.0 -0.15552
4350.0 1250.0 -0.09712
4450.0 1250.0 0.03309
4550.0 1250.0 0.14430
4650.0 1250.0 0.15046
4750.0 1250.0 0.01350
4850.0 1250.0 -0.24502
4950.0 1250.0 -0.56382
5050.0 1250.0 -0.87830
5150.0 1250.0 -1.02725
5250.0 1250.0 -0.89708
5350.0 1250.0 -0.53300
5450.0 1250.0 -0.07869
5550.0 1250.0 0.28849
5650.0 1250.0 0.42324
5750.0 1250.0 0.27919
5850.0 1250.0 -0.02606
5950.0 1250.0 -0.28281
6050.0 1250.0 -0.36908
6150.0 1250.0 -0.23704
6250.0 1250.0 0.07654
6350.0 1250.0 0.46122
50.0 1350.0 -1.38341
150.0 1350.0 -1.42824
250.0 1350.0 -1.53345
350.0 1350.0 -1.62959
450.0 1350.0 -1.61367
550.0 1350.0 -1.42684
650.0 1350.0 -1.08690
750.0 1350.0 -0.67558
850.0 1350.0 -0.28063
950.0 1350.0 0.09307
1050.0 1350.0 0.45488
1150.0 1350.0 0.73397
1250.0 1350.0 0.85999
1350.0 1350.0 0.81945
1450.0 1350.0 0.67166
1550.0 1350.0 0.52443
1650.0 1350.0 0.46959
1750.0 1350.0 0.47940
1850.0 1350.0 0.38516
1950.0 1350.0 0.11818
2050.0 1350.0 -0.26091
2150.0 1350.0 -0.63753
2250.0 1350.0 -0.90218
2350.0 1350.0 -0.99161
2450.0 1350.0 -0.91183
2550.0 1350.0 -0.74204
2650.0 1350.0 -0.54488
2750.0 1350.0 -0.33973
2850.0 1350.0 -0.19556
2950.0 1350.0 -0.17151
3050.0 1350.0 -0.27585
3150.0 1350.0 -0.45930
3250.0 1350.0 -0.64273
3350.0 1350.0 -0.77930
3450.0 1350.0 -0.88632
3550.0 1350.0 -0.92049
3650.0 1350.0 -0.84788
3750.0 1350.0 -0.67699
3850.0 1350.0 -0.45528
3950.0 1350.0 -0.25280
4050.0 1350.0 -0.13311
4150.0 1350.0 -0.11140
4250.0 1350.0 -0.10647
4350.0 1350.0 -0.02360
4450.0 1350.0 0.10336
4550.0 1350.0 0.18099
4650.0 1350.0 0.13252
4750.0 1350.0 -0.06180
4850.0 1350.0 -0.36029
4950.0 1350.0 -0.69140
5050.0 1350.0 -1.00543
5150.0 1350.0 -1.17351
5250.0 1350.0 -1.09225
5350.0 1350.0 -0.79644
5450.0 1350.0 -0.41052
5550.0 1350.0 -0.09324
5650.0 1350.0 0.02127
5750.0 1350.0 -0.11415
5850.0 1350.0 -0.39742
5950.0 1350.0 -0.66874
6050.0 1350.0 -0.82933
6150.0 1350.0 -0.79033
6250.0 1350.0 -0.53096
6350.0 1350.0 -0.12218
50.0 1450.0 -1.04414
150.0 1450.0 -1.18850
250.0 1450.0 -1.38290
350.0 1450.0 -1.53402
450.0 1450.0 -1.52213
550.0 1450.0 -1.29171
650.0 1450.0 -0.88506
750.0 1450.0 -0.41865
850.0 1450.0 -0.00233
950.0 1450.0 0.37860
1050.0 1450.0 0.76003
1150.0 1450.0 1.06501
1250.0 1450.0 1.20548
1350.0 1450.0 1.15380
1450.0 1450.0 0.96666
1550.0 1450.0 0.76135
1650.0 1450.0 0.64450
1750.0 1450.0 0.59585
1850.0 1450.0 0.45711
1950.0 1450.0 0.17904
2050.0 1450.0 -0.17016
2150.0 1450.0 -0.48411
2250.0 1450.0 -0.67507
2350.0 1450.0 -0.70711
2450.0 1450.0 -0.60562
2550.0 1450.0 -0.44231
2650.0 1450.0 -0.25427
2750.0 1450.0 -0.05959
2850.0 1450.0 0.06868
2950.0 1450.0 0.06870
3050.0 1450.0 -0.06712
3150.0 1450.0 -0.28542
3250.0 1450.0 -0.50178
3350.0 1450.0 -0.66700
3450.0 1450.0 -0.80716
3550.0 1450.0 -0.88870
3650.0 1450.0 -0.86622
3750.0 1450.0 -0.73001
3850.0 1450.0 -0.51567
3950.0 1450.0 -0.29365
4050.0 1450.0 -0.13886
4150.0 1450.0 -0.08033
4250.0 1450.0 -0.04038
4350.0 1450.0 0.07389
4450.0 1450.0 0.22094
4550.0 1450.0 0.30182
4650.0 1450.0 0.24072
4750.0 1450.0 0.02578
4850.0 1450.0 -0.28974
4950.0 1450.0 -0.62608
5050.0 1450.0 -0.94000
5150.0 1450.0 -1.12965
5250.0 1450.0 -1.10348
5350.0 1450.0 -0.88601
5450.0 1450.0 -0.58110
5550.0 1450.0 -0.32641
5650.0 1450.0 -0.24239
5750.0 1450.0 -0.37554
5850.0 1450.0 -0.64067
5950.0 1450.0 -0.93217
6050.0 1450.0 -1.18056
6150.0 1450.0 -1.26101
6250.0 1450.0 -1.09581
6350.0 1450.0 -0.71136
50.0 1550.0 -0.57848
150.0 1550.0 -0.78948
250.0 1550.0 -1.06455
350.0 1550.0 -1.29976
450.0 1550.0 -1.35673
550.0 1550.0 -1.16732
650.0 1550.0 -0.77370
750.0 1550.0 -0.30382
850.0 1550.0 0.11780
950.0 1550.0 0.50221
1050.0 1550.0 0.88729
1150.0 1550.0 1.18879
1250.0 1550.0 1.31015
1350.0 1550.0 1.22098
1450.0 1550.0 0.98330
1550.0 1550.0 0.72555
1650.0 1550.0 0.56457
1750.0 1550.0 0.48000
1850.0 1550.0 0.32711
1950.0 1550.0 0.07935
2050.0 1550.0 -0.19342
2150.0 1550.0 -0.40188
2250.0 1550.0 -0.48699
2350.0 1550.0 -0.44259
2450.0 1550.0 -0.31086
2550.0 1550.0 -0.15005
2650.0 1550.0 0.03429
2750.0 1550.0 0.22938
2850.0 1550.0 0.35953
2950.0 1550.0 0.35893
3050.0 1550.0 0.21720
3150.0 1550.0 -0.01281
3250.0 1550.0 -0.24491
3350.0 1550.0 -0.42724
3450.0 1550.0 -0.59090
3550.0 1550.0 -0.71545
3650.0 1550.0 -0.74978
3750.0 1550.0 -0.66843
3850.0 1550.0 -0.49215
3950.0 1550.0 -0.28412
4050.0 1550.0 -0.12166
4150.0 1550.0 -0.04345
4250.0 1550.0 0.02008
4350.0 1550.0 0.16674
4450.0 1550.0 0.35403
4550.0 1550.0 0.47557
4650.0 1550.0 0.44767
4750.0 1550.0 0.25410
4850.0 1550.0 -0.05143
4950.0 1550.0 -0.38466
5050.0 1550.0 -0.69846
5150.0 1550.0 -0.90292
5250.0 1550.0 -0.91462
5350.0 1550.0 -0.75130
5450.0 1550.0 -0.50285
5550.0 1550.0 -0.29244
5650.0 1550.0 -0.23090
5750.0 1550.0 -0.36396
5850.0 1550.0 -0.61816
5950.0 1550.0 -0.93186
6050.0 1550.0 -1.26531
6150.0 1550.0 -1.47007
6250.0 1550.0 -1.42301
6350.0 1550.0 -1.10924
50.0 1650.0 -0.15939
150.0 1650.0 -0.39889
250.0 1650.0 -0.73430
350.0 1650.0 -1.06368
450.0 1650.0 -1.23158
550.0 1650.0 -1.14613
650.0 1650.0 -0.82913
750.0 1650.0 -0.39891
850.0 1650.0 0.01390
950.0 1650.0 0.39831
1050.0 1650.0 0.77498
1150.0 1650.0 1.05324
1250.0 1650.0 1.13654
1350.0 1650.0 1.00041
1450.0 1650.0 0.71646
1550.0 1650.0 0.42281
1650.0 1650.0 0.24079
1750.0 1650.0 0.14482
1850.0 1650.0 0.00397
1950.0 1650.0 -0.18751
2050.0 1650.0 -0.36301
2150.0 1650.0 -0.45372
2250.0 1650.0 -0.42902
2350.0 1650.0 -0.30854
2450.0 1650.0 -0.14595
2550.0 1650.0 0.01595
2650.0 1650.0 0.20327
2750.0 1650.0 0.41313
2850.0 1650.0 0.56883
2950.0 1650.0 0.59843
3050.0 1650.0 0.48370
3150.0 1650.0 0.27095
3250.0 1650.0 0.04371
3350.0 1650.0 -0.14283
3450.0 1650.0 -0.31792
3550.0 1650.0 -0.47367
3650.0 1650.0 -0.55886
3750.0 1650.0 -0.53721
3850.0 1650.0 -0.41526
3950.0 1650.0 -0.24442
4050.0 1650.0 -0.09700
4150.0 1650.0 -0.01622
4250.0 1650.0 0.05758
4350.0 1650.0 0.23219
4450.0 1650.0 0.46993
4550.0 1650.0 0.65653
4650.0 1650.0 0.69448
4750.0 1650.0 0.55362
4850.0 1650.0 0.27888
4950.0 1650.0 -0.04482
5050.0 1650.0 -0.35819
5150.0 1650.0 -0.56535
5250.0 1650.0 -0.58391
5350.0 1650.0 -0.42997
5450.0 1650.0 -0.19056
5550.0 1650.0 0.01373
5650.0 1650.0 0.07351
5750.0 1650.0 -0.05729
5850.0 1650.0 -0.30801
5950.0 1650.0 -0.64216
6050.0 1650.0 -1.04513
6150.0 1650.0 -1.35889
6250.0 1650.0 -1.43167
6350.0 1650.0 -1.21648
50.0 1750.0 0.17744
150.0 1750.0 -0.07105
250.0 1750.0 -0.45223
350.0 1750.0 -0.87186
450.0 1750.0 -1.15990
550.0 1750.0 -1.19813
650.0 1750.0 -0.98065
750.0 1750.0 -0.60736
850.0 1750.0 -0.21035
950.0 1750.0 0.17107
1050.0 1750.0 0.53282
1150.0 1750.0 0.77886
1250.0 1750.0 0.81701
1350.0 1750.0 0.63246
1450.0 1750.0 0.30765
1550.0 1750.0 -0.01133
1650.0 1750.0 -0.20191
1750.0 1750.0 -0.29705
1850.0 1750.0 -0.41470
1950.0 1750.0 -0.54223
2050.0 1750.0 -0.61819
2150.0 1750.0 -0.59416
2250.0 1750.0 -0.46563
2350.0 1750.0 -0.27432
2450.0 1750.0 -0.08222
2550.0 1750.0 0.08301
2650.0 1750.0 0.27738
2750.0 1750.0 0.51007
2850.0 1750.0 0.70406
2950.0 1750.0 0.78000
3050.0 1750.0 0.70924
3150.0 1750.0 0.52853
3250.0 1750.0 0.31661
3350.0 1750.0 0.13249
3450.0 1750.0 -0.04747
3550.0 1750.0 -0.22646
3650.0 1750.0 -0.35564
3750.0 1750.0 -0.39089
3850.0 1750.0 -0.32590
3950.0 1750.0 -0.19923
4050.0 1750.0 -0.07528
4150.0 1750.0 0.00077
4250.0 1750.0 0.07850
4350.0 1750.0 0.27658
4450.0 1750.0 0.56441
4550.0 1750.0 0.82088
4650.0 1750.0 0.93367
4750.0 1750.0 0.85592
4850.0 1750.0 0.62029
4950.0 1750.0 0.31023
5050.0 1750.0 -0.00032
5150.0 1750.0 -0.20055
5250.0 1750.0 -0.20522
5350.0 1750.0 -0.03211
5450.0 1750.0 0.22774
5550.0 1750.0 0.44934
5650.0 1750.0 0.52011
5750.0 1750.0 0.39341
5850.0 1750.0 0.14247
5950.0 1750.0 -0.20996
6050.0 1750.0 -0.67076
6150.0 1750.0 -1.07977
6250.0 1750.0 -1.26650
6350.0 1750.0 -1.15816
50.0 1850.0 0.40191
150.0 1850.0 0.15019
250.0 1850.0 -0.25102
350.0 1850.0 -0.71608
450.0 1850.0 -1.07318
550.0 1850.0 -1.19297
650.0 1850.0 -1.05299
750.0 1850.0 -0.73783
850.0 1850.0 -0.37496
950.0 1850.0 -0.02127
1050.0 1850.0 0.29126
1150.0 1850.0 0.46249
1250.0 1850.0 0.41406
1350.0 1850.0 0.15032
1450.0 1850.0 -0.23082
1550.0 1850.0 -0.57714
1650.0 1850.0 -0.77126
1750.0 1850.0 -0.85936
1850.0 1850.0 -0.94862
1950.0 1850.0 -1.00797
2050.0 1850.0 -0.97962
2150.0 1850.0 -0.83414
2250.0 1850.0 -0.59253
2350.0 1850.0 -0.31917
2450.0 1850.0 -0.08557
2550.0 1850.0 0.09481
2650.0 1850.0 0.30623
2750.0 1850.0 0.56635
2850.0 1850.0 0.79635
2950.0 1850.0 0.91073
3050.0 1850.0 0.87387
3150.0 1850.0 0.71750
3250.0 1850.0 0.51910
3350.0 1850.0 0.34124
3450.0 1850.0 0.16107
3550.0 1850.0 -0.03734
3650.0 1850.0 -0.20669
3750.0 1850.0 -0.29386
3850.0 1850.0 -0.27896
3950.0 1850.0 -0.18784
4050.0 1850.0 -0.07787
4150.0 1850.0 0.00292
4250.0 1850.0 0.09055
4350.0 1850.0 0.29913
4450.0 1850.0 0.60379
4550.0 1850.0 0.88904
4650.0 1850.0 1.04363
4750.0 1850.0 1.01608
4850.0 1850.0 0.83064
4950.0 1850.0 0.56388
5050.0 1850.0 0.29255
5150.0 1850.0 0.13742
5250.0 1850.0 0.18099
5350.0 1850.0 0.39487
5450.0 1850.0 0.67943
5550.0 1850.0 0.90819
5650.0 1850.0 0.97478
5750.0 1850.0 0.84231
5850.0 1850.0 0.58839
5950.0 1850.0 0.22201
6050.0 1850.0 -0.28303
6150.0 1850.0 -0.77309
6250.0 1850.0 -1.06960
6350.0 1850.0 -1.08011
50.0 1950.0 0.41959
150.0 1950.0 0.17413
250.0 1950.0 -0.19907
350.0 1950.0 -0.62389
450.0 1950.0 -0.95068
550.0 1950.0 -1.06837
650.0 1950.0 -0.96003
750.0 1950.0 -0.70193
850.0 1950.0 -0.40608
950.0 1950.0 -0.12460
1050.0 1950.0 0.08486
1150.0 1950.0 0.12387
1250.0 1950.0 -0.05762
1350.0 1950.0 -0.42515
1450.0 1950.0 -0.86430
1550.0 1950.0 -1.22545
1650.0 1950.0 -1.40898
1750.0 1950.0 -1.47966
1850.0 1950.0 -1.53814
1950.0 1950.0 -1.53948
2050.0 1950.0 -1.42528
2150.0 1950.0 -1.17683
2250.0 1950.0 -0.83269
2350.0 1950.0 -0.47515
2450.0 1950.0 -0.18561
2550.0 1950.0 0.03087
2650.0 1950.0 0.27634
2750.0 1950.0 0.56785
2850.0 1950.0 0.82197
2950.0 1950.0 0.95072
3050.0 1950.0 0.92003
3150.0 1950.0 0.76692
3250.0 1950.0 0.57518
3350.0 1950.0 0.40977
3450.0 1950.0 0.23789
3550.0 1950.0 0.02847
3650.0 1950.0 -0.17085
3750.0 1950.0 -0.29615
3850.0 1950.0 -0.31364
3950.0 1950.0 -0.23786
4050.0 1950.0 -0.12160
4150.0 1950.0 -0.01756
4250.0 1950.0 0.09122
4350.0 1950.0 0.28485
4450.0 1950.0 0.54091
4550.0 1950.0 0.77307
4650.0 1950.0 0.90188
4750.0 1950.0 0.89497
4850.0 1950.0 0.77661
4950.0 1950.0 0.60673
5050.0 1950.0 0.44140
5150.0 1950.0 0.39783
5250.0 1950.0 0.54283
5350.0 1950.0 0.82221
5450.0 1950.0 1.12242
5550.0 1950.0 1.32485
5650.0 1950.0 1.34973
5750.0 1950.0 1.18983
5850.0 1950.0 0.92798
5950.0 1950.0 0.56063
6050.0 1950.0 0.05166
6150.0 1950.0 -0.46780
6250.0 1950.0 -0.83526
6350.0 1950.0 -0.95667
50.0 2050.0 0.24618
150.0 2050.0 0.01570
250.0 2050.0 -0.28515
350.0 2050.0 -0.59014
450.0 2050.0 -0.79346
550.0 2050.0 -0.82932
650.0 2050.0 -0.70712
750.0 2050.0 -0.50201
850.0 2050.0 -0.30092
950.0 2050.0 -0.12877
1050.0 2050.0 -0.05571
1150.0 2050.0 -0.16785
1250.0 2050.0 -0.47843
1350.0 2050.0 -0.92302
1450.0 2050.0 -1.38063
1550.0 2050.0 -1.72015
1650.0 2050.0 -1.87220
1750.0 2050.0 -1.91661
1850.0 2050.0 -1.95185
1950.0 2050.0 -1.93035
2050.0 2050.0 -1.78720
2150.0 2050.0 -1.49880
2250.0 2050.0 -1.10364
2350.0 2050.0 -0.68884
2450.0 2050.0 -0.34262
2550.0 2050.0 -0.07292
2650.0 2050.0 0.21971
2750.0 2050.0 0.54019
2850.0 2050.0 0.79813
2950.0 2050.0 0.90817
3050.0 2050.0 0.84796
3150.0 2050.0 0.67130
3250.0 2050.0 0.47620
3350.0 2050.0 0.32798
3450.0 2050.0 0.17243
3550.0 2050.0 -0.03768
3650.0 2050.0 -0.25237
3750.0 2050.0 -0.39637
3850.0 2050.0 -0.42336
3950.0 2050.0 -0.33948
4050.0 2050.0 -0.19613
4150.0 2050.0 -0.05200
4250.0 2050.0 0.08732
4350.0 2050.0 0.24104
4450.0 2050.0 0.38548
4550.0 2050.0 0.48483
4650.0 2050.0 0.51999
4750.0 2050.0 0.50043
4850.0 2050.0 0.45929
4950.0 2050.0 0.43147
5050.0 2050.0 0.42979
5150.0 2050.0 0.55056
5250.0 2050.0 0.83054
5350.0 2050.0 1.17776
5450.0 2050.0 1.46425
5550.0 2050.0 1.59223
5650.0 2050.0 1.53025
5750.0 2050.0 1.31926
5850.0 2050.0 1.04510
5950.0 2050.0 0.69572
6050.0 2050.0 0.24208
6150.0 2050.0 -0.22208
6250.0 2050.0 -0.57931
6350.0 2050.0 -0.76039
50.0 2150.0 -0.02219
150.0 2150.0 -0.23342
250.0 2150.0 -0.43995
350.0 2150.0 -0.58505
450.0 2150.0 -0.61691
550.0 2150.0 -0.52837
650.0 2150.0 -0.36592
750.0 2150.0 -0.20795
850.0 2150.0 -0.11221
950.0 2150.0 -0.06299
1050.0 2150.0 -0.12269
1150.0 2150.0 -0.35362
1250.0 2150.0 -0.73391
1350.0 2150.0 -1.18164
1450.0 2150.0 -1.58773
1550.0 2150.0 -1.85704
1650.0 2150.0 -1.95761
1750.0 2150.0 -1.97231
1850.0 2150.0 -1.99996
1950.0 2150.0 -2.00466
2050.0 2150.0 -1.90964
2150.0 2150.0 -1.66887
2250.0 2150.0 -1.29944
2350.0 2150.0 -0.87611
2450.0 2150.0 -0.48825
2550.0 2150.0 -0.15958
2650.0 2150.0 0.18351
2750.0 2150.0 0.52433
2850.0 2150.0 0.76460
2950.0 2150.0 0.82622
3050.0 2150.0 0.70642
3150.0 2150.0 0.48393
3250.0 2150.0 0.27596
3350.0 2150.0 0.14611
3450.0 2150.0 0.01108
3550.0 2150.0 -0.19145
3650.0 2150.0 -0.40793
3750.0 2150.0 -0.55279
3850.0 2150.0 -0.56991
3950.0 2150.0 -0.46045
4050.0 2150.0 -0.27714
4150.0 2150.0 -0.08489
4250.0 2150.0 0.08842
4350.0 2150.0 0.18805
4450.0 2150.0 0.18643
4550.0 2150.0 0.10838
4650.0 2150.0 0.00955
4750.0 2150.0 -0.04649
4850.0 2150.0 -0.01212
4950.0 2150.0 0.11926
5050.0 2150.0 0.30489
5150.0 2150.0 0.60568
5250.0 2150.0 1.01817
5350.0 2150.0 1.40934
5450.0 2150.0 1.64176
5550.0 2150.0 1.65034
5650.0 2150.0 1.46625
5750.0 2150.0 1.18799
5850.0 2150.0 0.89951
5950.0 2150.0 0.58607
6050.0 2150.0 0.24416
6150.0 2150.0 -0.07737
6250.0 2150.0 -0.32853
6350.0 2150.0 -0.49009
50.0 2250.0 -0.25275
150.0 2250.0 -0.44656
250.0 2250.0 -0.56765
350.0 2250.0 -0.56781
450.0 2250.0 -0.44405
550.0 2250.0 -0.24231
650.0 2250.0 -0.04277
750.0 2250.0 0.07314
850.0 2250.0 0.07397
950.0 2250.0 0.01510
1050.0 2250.0 -0.13967
1150.0 2250.0 -0.42118
1250.0 2250.0 -0.78337
1350.0 2250.0 -1.14598
1450.0 2250.0 -1.43072
1550.0 2250.0 -1.59001
1650.0 2250.0 -1.62840
1750.0 2250.0 -1.61658
1850.0 2250.0 -1.65356
1950.0 2250.0 -1.72620
2050.0 2250.0 -1.74333
2150.0 2250.0 -1.62455
2250.0 2250.0 -1.34961
2350.0 2250.0 -0.96695
2450.0 2250.0 -0.56141
2550.0 2250.0 -0.18137
2650.0 2250.0 0.20464
2750.0 2250.0 0.55480
2850.0 2250.0 0.76382
2950.0 2250.0 0.76309
3050.0 2250.0 0.57173
3150.0 2250.0 0.29488
3250.0 2250.0 0.06906
3350.0 2250.0 -0.04519
3450.0 2250.0 -0.16097
3550.0 2250.0 -0.35313
3650.0 2250.0 -0.56452
3750.0 2250.0 -0.70144
3850.0 2250.0 -0.70088
3950.0 2250.0 -0.56149
4050.0 2250.0 -0.33841
4150.0 2250.0 -0.10189
4250.0 2250.0 0.10164
4350.0 2250.0 0.14941
4450.0 2250.0 0.00935
4550.0 2250.0 -0.23803
4650.0 2250.0 -0.46762
4750.0 2250.0 -0.56480
4850.0 2250.0 -0.46730
4950.0 2250.0 -0.19387
5050.0 2250.0 0.15999
5150.0 2250.0 0.61406
5250.0 2250.0 1.12291
5350.0 2250.0 1.51887
5450.0 2250.0 1.66330
5550.0 2250.0 1.52955
5650.0 2250.0 1.21251
5750.0 2250.0 0.86481
5850.0 2250.0 0.56320
5950.0 2250.0 0.29511
6050.0 2250.0 0.09479
6150.0 2250.0 -0.03107
6250.0 2250.0 -0.10658
6350.0 2250.0 -0.17583
50.0 2350.0 -0.32526
150.0 2350.0 -0.50894
250.0 2350.0 -0.58137
350.0 2350.0 -0.50168
450.0 2350.0 -0.29699
550.0 2350.0 -0.04380
650.0 2350.0 0.16059
750.0 2350.0 0.23645
850.0 2350.0 0.16989
950.0 2350.0 0.04051
1050.0 2350.0 -0.15316
1150.0 2350.0 -0.41035
1250.0 2350.0 -0.67628
1350.0 2350.0 -0.88994
1450.0 2350.0 -1.01466
1550.0 2350.0 -1.05086
1650.0 2350.0 -1.03072
1750.0 2350.0 -1.00103
1850.0 2350.0 -1.05802
1950.0 2350.0 -1.21424
2050.0 2350.0 -1.36568
2150.0 2350.0 -1.39656
2250.0 2350.0 -1.24605
2350.0 2350.0 -0.93193
2450.0 2350.0 -0.53120
2550.0 2350.0 -0.11783
2650.0 2350.0 0.29571
2750.0 2350.0 0.64668
2850.0 2350.0 0.82506
2950.0 2350.0 0.77051
3050.0 2350.0 0.51963
3150.0 2350.0 0.19787
3250.0 2350.0 -0.04391
3350.0 2350.0 -0.14817
3450.0 2350.0 -0.25105
3550.0 2350.0 -0.43694
3650.0 2350.0 -0.64634
3750.0 2350.0 -0.77978
3850.0 2350.0 -0.76914
3950.0 2350.0 -0.61092
4050.0 2350.0 -0.36166
4150.0 2350.0 -0.09530
4250.0 2350.0 0.12895
4350.0 2350.0 0.14299
4450.0 2350.0 -0.08782
4550.0 2350.0 -0.44565
4650.0 2350.0 -0.75925
4750.0 2350.0 -0.88041
4850.0 2350.0 -0.73768
4950.0 2350.0 -0.36711
5050.0 2350.0 0.10025
5150.0 2350.0 0.64898
5250.0 2350.0 1.19932
5350.0 2350.0 1.56255
5450.0 2350.0 1.60678
5550.0 2350.0 1.34067
5650.0 2350.0 0.90985
5750.0 2350.0 0.50598
5850.0 2350.0 0.19514
5950.0 2350.0 -0.03115
6050.0 2350.0 -0.10069
6150.0 2350.0 -0.03675
6250.0 2350.0 0.07491
6350.0 2350.0 0.13183
50.0 2450.0 -0.18649
150.0 2450.0 -0.36973
250.0 2450.0 -0.44258
350.0 2450.0 -0.37064
450.0 2450.0 -0.18674
550.0 2450.0 0.03207
650.0 2450.0 0.19396
750.0 2450.0 0.22822
850.0 2450.0 0.12745
950.0 2450.0 -0.02761
1050.0 2450.0 -0.20768
1150.0 2450.0 -0.38713
1250.0 2450.0 -0.51652
1350.0 2450.0 -0.56364
1450.0 2450.0 -0.53295
1550.0 2450.0 -0.46265
1650.0 2450.0 -0.39960
1750.0 2450.0 -0.36256
1850.0 2450.0 -0.44050
1950.0 2450.0 -0.66596
2050.0 2450.0 -0.92673
2150.0 2450.0 -1.08134
2250.0 2450.0 -1.03811
2350.0 2450.0 -0.79025
2450.0 2450.0 -0.40716
2550.0 2450.0 0.01847
2650.0 2450.0 0.44256
2750.0 2450.0 0.79123
2850.0 2450.0 0.95256
2950.0 2450.0 0.87045
3050.0 2450.0 0.58992
3150.0 2450.0 0.24590
3250.0 2450.0 -0.00426
3350.0 2450.0 -0.10470
3450.0 2450.0 -0.20339
3550.0 2450.0 -0.39200
3650.0 2450.0 -0.61063
3750.0 2450.0 -0.75569
3850.0 2450.0 -0.75406
3950.0 2450.0 -0.59841
4050.0 2450.0 -0.34398
4150.0 2450.0 -0.06665
4250.0 2450.0 0.16698
4350.0 2450.0 0.17352
4450.0 2450.0 -0.08080
4550.0 2450.0 -0.46484
4650.0 2450.0 -0.79255
4750.0 2450.0 -0.90658
4850.0 2450.0 -0.73503
4950.0 2450.0 -0.32140
5050.0 2450.0 0.19183
5150.0 2450.0 0.76866
5250.0 2450.0 1.30852
5350.0 2450.0 1.61692
5450.0 2450.0 1.57341
5550.0 2450.0 1.21181
5650.0 2450.0 0.70715
5750.0 2450.0 0.26980
5850.0 2450.0 -0.04526
5950.0 2450.0 -0.24407
6050.0 2450.0 -0.22738
6150.0 2450.0 -0.03209
6250.0 2450.0 0.22014
6350.0 2450.0 0.38838
50.0 2550.0 0.09357
150.0 2550.0 -0.09552
250.0 2550.0 -0.20112
350.0 2550.0 -0.19496
450.0 2550.0 -0.09975
550.0 2550.0 0.02665
650.0 2550.0 0.11306
750.0 2550.0 0.10294
850.0 2550.0 -0.01158
950.0 2550.0 -0.16475
1050.0 2550.0 -0.30436
1150.0 2550.0 -0.38673
1250.0 2550.0 -0.37476
1350.0 2550.0 -0.26671
1450.0 2550.0 -0.10264
1550.0 2550.0 0.05166
1650.0 2550.0 0.14360
1750.0 2550.0 0.18135
1850.0 2550.0 0.08633
1950.0 2550.0 -0.18681
2050.0 2550.0 -0.52165
2150.0 2550.0 -0.76116
2250.0 2550.0 -0.79407
2350.0 2550.0 -0.59727
2450.0 2550.0 -0.23427
2550.0 2550.0 0.19080
2650.0 2550.0 0.61540
2750.0 2550.0 0.96230
2850.0 2550.0 1.11937
2950.0 2550.0 1.03140
3050.0 2550.0 0.74490
3150.0 2550.0 0.39640
3250.0 2550.0 0.14421
3350.0 2550.0 0.04380
3450.0 2550.0 -0.05664
3550.0 2550.0 -0.25506
3650.0 2550.0 -0.49253
3750.0 2550.0 -0.66199
3850.0 2550.0 -0.68464
3950.0 2550.0 -0.54757
4050.0 2550.0 -0.30265
4150.0 2550.0 -0.02666
4250.0 2550.0 0.20931
4350.0 2550.0 0.22639
4450.0 2550.0 -0.00576
4550.0 2550.0 -0.35830
4650.0 2550.0 -0.65130
4750.0 2550.0 -0.73476
4850.0 2550.0 -0.54264
4950.0 2550.0 -0.11966
5050.0 2550.0 0.39665
5150.0 2550.0 0.96151
5250.0 2550.0 1.46372
5350.0 2550.0 1.71215
5450.0 2550.0 1.59906
5550.0 2550.0 1.17459
5650.0 2550.0 0.62780
5750.0 2550.0 0.17407
5850.0 2550.0 -0.14156
5950.0 2550.0 -0.32528
6050.0 2550.0 -0.26191
6150.0 2550.0 0.00881
6250.0 2550.0 0.34943
6350.0 2550.0 0.59841
50.0 2650.0 0.48026
150.0 2650.0 0.28842
250.0 2650.0 0.14968
350.0 2650.0 0.08332
450.0 2650.0 0.07613
550.0 2650.0 0.09155
650.0 2650.0 0.08333
750.0 2650.0 0.01374
850.0 2650.0 -0.12357
950.0 2650.0 -0.28131
1050.0 2650.0 -0.38659
1150.0 2650.0 -0.37762
1250.0 2650.0 -0.22973
1350.0 2650.0 0.02813
1450.0 2650.0 0.31998
1550.0 2650.0 0.55233
1650.0 2650.0 0.66682
1750.0 2650.0 0.69908
1850.0 2650.0 0.58678
1950.0 2650.0 0.27783
2050.0 2650.0 -0.10731
2150.0 2650.0 -0.40105
2250.0 2650.0 -0.48030
2350.0 2650.0 -0.31324
2450.0 2650.0 0.03855
2550.0 2650.0 0.46335
2650.0 2650.0 0.88506
2750.0 2650.0 1.21870
2850.0 2650.0 1.35019
2950.0 2650.0 1.22748
3050.0 2650.0 0.90384
3150.0 2650.0 0.52378
3250.0 2650.0 0.25128
3350.0 2650.0 0.14071
3450.0 2650.0 0.03158
3550.0 2650.0 -0.17700
3650.0 2650.0 -0.42511
3750.0 2650.0 -0.60400
3850.0 2650.0 -0.63370
3950.0 2650.0 -0.50117
4050.0 2650.0 -0.25919
4150.0 2650.0 0.01424
4250.0 2650.0 0.25010
4350.0 2650.0 0.28278
4450.0 2650.0 0.08662
4550.0 2650.0 -0.21615
4650.0 2650.0 -0.45779
4750.0 2650.0 -0.50095
4850.0 2650.0 -0.28798
4950.0 2650.0 0.13651
5050.0 2650.0 0.64461
5150.0 2650.0 1.18365
5250.0 2650.0 1.63613
5350.0 2650.0 1.82254
5450.0 2650.0 1.65283
5550.0 2650.0 1.19196
5650.0 2650.0 0.63538
5750.0 2650.0 0.19459
5850.0 2650.0 -0.09773
5950.0 2650.0 -0.25110
6050.0 2650.0 -0.14462
6150.0 2650.0 0.17899
6250.0 2650.0 0.57441
6350.0 2650.0 0.87176
50.0 2750.0 0.99155
150.0 2750.0 0.80798
250.0 2750.0 0.65215
350.0 2750.0 0.52871
450.0 2750.0 0.42549
550.0 2750.0 0.32237
650.0 2750.0 0.19937
750.0 2750.0 0.04421
850.0 2750.0 -0.14078
950.0 2750.0 -0.32659
1050.0 2750.0 -0.42397
1150.0 2750.0 -0.35280
1250.0 2750.0 -0.09812
1350.0 2750.0 0.28335
1450.0 2750.0 0.68127
1550.0 2750.0 0.97408
1650.0 2750.0 1.09587
1750.0 2750.0 1.10857
1850.0 2750.0 0.97647
1950.0 2750.0 0.65314
2050.0 2750.0 0.26405
2150.0 2750.0 -0.02185
2250.0 2750.0 -0.08510
2350.0 2750.0 0.09871
2450.0 2750.0 0.46088
2550.0 2750.0 0.88922
2650.0 2750.0 1.30516
2750.0 2750.0 1.60749
2850.0 2750.0 1.67532
2950.0 2750.0 1.46266
3050.0 2750.0 1.03936
3150.0 2750.0 0.57115
3250.0 2750.0 0.23846
3350.0 2750.0 0.09429
3450.0 2750.0 -0.03986
3550.0 2750.0 -0.25931
3650.0 2750.0 -0.49812
3750.0 2750.0 -0.64973
3850.0 2750.0 -0.64342
3950.0 2750.0 -0.47935
4050.0 2750.0 -0.22188
4150.0 2750.0 0.04856
4250.0 2750.0 0.27943
4350.0 2750.0 0.33215
4450.0 2750.0 0.18701
4550.0 2750.0 -0.04590
4650.0 2750.0 -0.21876
4750.0 2750.0 -0.21323
4850.0 2750.0 0.01721
4950.0 2750.0 0.43001
5050.0 2750.0 0.91214
5150.0 2750.0 1.40012
5250.0 2750.0 1.77823
5350.0 2750.0 1.89711
5450.0 2750.0 1.69706
5550.0 2750.0 1.25649
5650.0 2750.0 0.76249
5750.0 2750.0 0.40357
5850.0 2750.0 0.19358
5950.0 2750.0 0.11153
6050.0 2750.0 0.26082
6150.0 2750.0 0.59260
6250.0 2750.0 0.96914
6350.0 2750.0 1.23902
50.0 2850.0 1.44477
150.0 2850.0 1.28308
250.0 2850.0 1.14102
350.0 2850.0 1.00553
450.0 2850.0 0.85227
550.0 2850.0 0.66392
650.0 2850.0 0.43892
750.0 2850.0 0.19087
850.0 2850.0 -0.06158
950.0 2850.0 -0.29962
1050.0 2850.0 -0.42401
1150.0 2850.0 -0.33959
1250.0 2850.0 -0.03571
1350.0 2850.0 0.41219
1450.0 2850.0 0.86804
1550.0 2850.0 1.18730
1650.0 2850.0 1.29576
1750.0 2850.0 1.27474
1850.0 2850.0 1.11952
1950.0 2850.0 0.80082
2050.0 2850.0 0.45016
2150.0 2850.0 0.22952
2250.0 2850.0 0.24031
2350.0 2850.0 0.48442
2450.0 2850.0 0.87731
2550.0 2850.0 1.31296
2650.0 2850.0 1.72579
2750.0 2850.0 1.99806
2850.0 2850.0 1.99709
2950.0 2850.0 1.67954
3050.0 2850.0 1.13257
3150.0 2850.0 0.54795
3250.0 2850.0 0.12892
3350.0 2850.0 -0.06996
3450.0 2850.0 -0.24588
3550.0 2850.0 -0.47996
3650.0 2850.0 -0.69558
3750.0 2850.0 -0.79115
3850.0 2850.0 -0.71391
3950.0 2850.0 -0.48858
4050.0 2850.0 -0.20063
4150.0 2850.0 0.06568
4250.0 2850.0 0.28587
4350.0 2850.0 0.35688
4450.0 2850.0 0.26434
4550.0 2850.0 0.10262
4650.0 2850.0 -0.00393
4750.0 2850.0 0.04219
4850.0 2850.0 0.27687
4950.0 2850.0 0.66192
5050.0 2850.0 1.10043
5150.0 2850.0 1.51225
5250.0 2850.0 1.79124
5350.0 2850.0 1.83652
5450.0 2850.0 1.63135
5550.0 2850.0 1.26645
5650.0 2850.0 0.90607
5750.0 2850.0 0.69693
5850.0 2850.0 0.62754
5950.0 2850.0 0.65580
6050.0 2850.0 0.84298
6150.0 2850.0 1.13118
6250.0 2850.0 1.40698
6350.0 2850.0 1.56603
50.0 2950.0 1.63651
150.0 2950.0 1.50741
250.0 2950.0 1.41463
350.0 2950.0 1.32899
450.0 2950.0 1.20069
550.0 2950.0 0.99675
650.0 2950.0 0.71814
750.0 2950.0 0.39683
850.0 2950.0 0.07250
950.0 2950.0 -0.23186
1050.0 2950.0 -0.41303
1150.0 2950.0 -0.36706
1250.0 2950.0 -0.08135
1350.0 2950.0 0.36266
1450.0 2950.0 0.81687
1550.0 2950.0 1.12329
1650.0 2950.0 1.20028
1750.0 2950.0 1.13766
1850.0 2950.0 0.95657
1950.0 2950.0 0.64982
2050.0 2950.0 0.35584
2150.0 2950.0 0.22608
2250.0 2950.0 0.33736
2350.0 2950.0 0.66193
2450.0 2950.0 1.09512
2550.0 2950.0 1.54010
2650.0 2950.0 1.95823
2750.0 2950.0 2.22538
2850.0 2950.0 2.19419
2950.0 2950.0 1.81421
3050.0 2950.0 1.17887
3150.0 2950.0 0.49795
3250.0 2950.0 -0.00451
3350.0 2950.0 -0.26673
3450.0 2950.0 -0.49415
3550.0 2950.0 -0.74875
3650.0 2950.0 -0.94115
3750.0 2950.0 -0.97494
3850.0 2950.0 -0.81781
3950.0 2950.0 -0.52295
4050.0 2950.0 -0.20064
4150.0 2950.0 0.05998
4250.0 2950.0 0.26539
4350.0 2950.0 0.34596
4450.0 2950.0 0.28994
4550.0 2950.0 0.17658
4650.0 2950.0 0.10998
4750.0 2950.0 0.17151
4850.0 2950.0 0.39083
4950.0 2950.0 0.73566
5050.0 2950.0 1.12105
5150.0 2950.0 1.44315
5250.0 2950.0 1.60927
5350.0 2950.0 1.57689
5450.0 2950.0 1.37912
5550.0 2950.0 1.11856
5650.0 2950.0 0.92910
5750.0 2950.0 0.90571
5850.0 2950.0 1.00787
5950.0 2950.0 1.16534
6050.0 2950.0 1.38191
6150.0 2950.0 1.58931
6250.0 2950.0 1.70926
6350.0 2950.0 1.70231
50.0 3050.0 1.47646
150.0 3050.0 1.38352
250.0 3050.0 1.36555
350.0 3050.0 1.38272
450.0 3050.0 1.35188
550.0 3050.0 1.20877
650.0 3050.0 0.93971
750.0 3050.0 0.58284
850.0 3050.0 0.19887
950.0 3050.0 -0.17038
1050.0 3050.0 -0.42101
1150.0 3050.0 -0.44676
1250.0 3050.0 -0.22861
1350.0 3050.0 0.15716
1450.0 3050.0 0.56339
1550.0 3050.0 0.82863
1650.0 3050.0 0.86583
1750.0 3050.0 0.76304
1850.0 3050.0 0.55494
1950.0 3050.0 0.25320
2050.0 3050.0 0.00335
2150.0 3050.0 -0.05115
2250.0 3050.0 0.14566
2350.0 3050.0 0.53996
2450.0 3050.0 1.00872
2550.0 3050.0 1.46252
2650.0 3050.0 1.89653
2750.0 3050.0 2.19626
2850.0 3050.0 2.20004
2950.0 3050.0 1.83834
3050.0 3050.0 1.19292
3150.0 3050.0 0.47444
3250.0 3050.0 -0.08156
3350.0 3050.0 -0.40014
3450.0 3050.0 -0.67805
3550.0 3050.0 -0.95870
3650.0 3050.0 -1.14129
3750.0 3050.0 -1.13220
3850.0 3050.0 -0.91502
3950.0 3050.0 -0.56650
4050.0 3050.0 -0.21829
4150.0 3050.0 0.03532
4250.0 3050.0 0.22507
4350.0 3050.0 0.30325
4450.0 3050.0 0.25718
4550.0 3050.0 0.15526
4650.0 3050.0 0.08985
4750.0 3050.0 0.13535
4850.0 3050.0 0.32151
4950.0 3050.0 0.62227
5050.0 3050.0 0.95679
5150.0 3050.0 1.19227
5250.0 3050.0 1.24809
5350.0 3050.0 1.13760
5450.0 3050.0 0.94232
5550.0 3050.0 0.77723
5650.0 3050.0 0.74809
5750.0 3050.0 0.90079
5850.0 3050.0 1.16640
5950.0 3050.0 1.44481
6050.0 3050.0 1.68228
6150.0 3050.0 1.80090
6250.0 3050.0 1.75826
6350.0 3050.0 1.57996
50.0 3150.0 1.03087
150.0 3150.0 0.96875
250.0 3150.0 1.02950
350.0 3150.0 1.16957
450.0 3150.0 1.27357
550.0 3150.0 1.24027
650.0 3150.0 1.03052
750.0 3150.0 0.67724
850.0 3150.0 0.25733
950.0 3150.0 -0.16025
1050.0 3150.0 -0.46992
1150.0 3150.0 -0.56699
1250.0 3150.0 -0.42524
1350.0 3150.0 -0.11139
1450.0 3150.0 0.23477
1550.0 3150.0 0.45431
1650.0 3150.0 0.45716
1750.0 3150.0 0.32444
1850.0 3150.0 0.09037
1950.0 3150.0 -0.22471
2050.0 3150.0 -0.46867
2150.0 3150.0 -0.49847
2250.0 3150.0 -0.26646
2350.0 3150.0 0.16028
2450.0 3150.0 0.64743
2550.0 3150.0 1.10720
2650.0 3150.0 1.56508
2750.0 3150.0 1.93114
2850.0 3150.0 2.03285
2950.0 3150.0 1.77278
3050.0 3150.0 1.20414
3150.0 3150.0 0.51973
3250.0 3150.0 -0.04593
3350.0 3150.0 -0.40116
3450.0 3150.0 -0.71804
3550.0 3150.0 -1.02744
3650.0 3150.0 -1.22127
3750.0 3150.0 -1.20476
3850.0 3150.0 -0.96777
3950.0 3150.0 -0.59885
4050.0 3150.0 -0.24194
4150.0 3150.0 0.00418
4250.0 3150.0 0.18104
4350.0 3150.0 0.24700
4450.0 3150.0 0.18552
4550.0 3150.0 0.06037
4650.0 3150.0 -0.03776
4750.0 3150.0 -0.03199
4850.0 3150.0 0.11305
4950.0 3150.0 0.37637
5050.0 3150.0 0.67321
5150.0 3150.0 0.84076
5250.0 3150.0 0.80424
5350.0 3150.0 0.61907
5450.0 3150.0 0.40588
5550.0 3150.0 0.29318
5650.0 3150.0 0.36981
5750.0 3150.0 0.64691
5850.0 3150.0 1.03177
5950.0 3150.0 1.39893
6050.0 3150.0 1.65261
6150.0 3150.0 1.70783
6250.0 3150.0 1.54808
6350.0 3150.0 1.24616
50.0 3250.0 0.47546
150.0 3250.0 0.43213
250.0 3250.0 0.55273
350.0 3250.0 0.79566
450.0 3250.0 1.02286
550.0 3250.0 1.10237
650.0 3250.0 0.96928
750.0 3250.0 0.64499
850.0 3250.0 0.21493
950.0 3250.0 -0.22594
1050.0 3250.0 -0.56553
1150.0 3250.0 -0.70053
1250.0 3250.0 -0.60076
1350.0 3250.0 -0.32721
1450.0 3250.0 -0.01480
1550.0 3250.0 0.17975
1650.0 3250.0 0.16511
1750.0 3250.0 0.01739
1850.0 3250.0 -0.23985
1950.0 3250.0 -0.59075
2050.0 3250.0 -0.87754
2150.0 3250.0 -0.94798
2250.0 3250.0 -0.74643
2350.0 3250.0 -0.33626
2450.0 3250.0 0.14650
2550.0 3250.0 0.60819
2650.0 3250.0 1.09234
2750.0 3250.0 1.54150
2850.0 3250.0 1.77754
2950.0 3250.0 1.67276
3050.0 3250.0 1.24256
3150.0 3250.0 0.64882
3250.0 3250.0 0.11416
3350.0 3250.0 -0.25312
3450.0 3250.0 -0.59157
3550.0 3250.0 -0.92860
3650.0 3250.0 -1.15409
3750.0 3250.0 -1.16817
3850.0 3250.0 -0.95608
3950.0 3250.0 -0.60431
4050.0 3250.0 -0.25785
4150.0 3250.0 -0.01868
4250.0 3250.0 0.15057
4350.0 3250.0 0.20036
4450.0 3250.0 0.10917
4550.0 3250.0 -0.05822
4650.0 3250.0 -0.20514
4750.0 3250.0 -0.24597
4850.0 3250.0 -0.13725
4950.0 3250.0 0.10301
5050.0 3250.0 0.38100
5150.0 3250.0 0.50741
5250.0 3250.0 0.40472
5350.0 3250.0 0.15080
5450.0 3250.0 -0.10809
5550.0 3250.0 -0.22845
5650.0 3250.0 -0.12270
5750.0 3250.0 0.20572
5850.0 3250.0 0.64724
5950.0 3250.0 1.05989
6050.0 3250.0 1.33066
6150.0 3250.0 1.37083
6250.0 3250.0 1.17324
6350.0 3250.0 0.82915
50.0 3350.0 -0.04212
150.0 3350.0 -0.07786
250.0 3350.0 0.07771
350.0 3350.0 0.38764
450.0 3350.0 0.70197
550.0 3350.0 0.86891
650.0 3350.0 0.80373
750.0 3350.0 0.51562
850.0 3350.0 0.09222
950.0 3350.0 -0.35181
1050.0 3350.0 -0.69271
1150.0 3350.0 -0.82596
1250.0 3350.0 -0.72179
1350.0 3350.0 -0.44263
1450.0 3350.0 -0.12536
1550.0 3350.0 0.07160
1650.0 3350.0 0.05636
1750.0 3350.0 -0.09454
1850.0 3350.0 -0.37225
1950.0 3350.0 -0.77494
2050.0 3350.0 -1.14014
2150.0 3350.0 -1.29936
2250.0 3350.0 -1.17693
2350.0 3350.0 -0.81983
2450.0 3350.0 -0.35849
2550.0 3350.0 0.10197
2650.0 3350.0 0.61048
2750.0 3350.0 1.14283
2850.0 3350.0 1.51939
2950.0 3350.0 1.58468
3050.0 3350.0 1.31516
3150.0 3350.0 0.83731
3250.0 3350.0 0.35624
3350.0 3350.0 -0.00534
3450.0 3350.0 -0.35143
3550.0 3350.0 -0.71312
3650.0 3350.0 -0.98222
3750.0 3350.0 -1.05133
3850.0 3350.0 -0.89376
3950.0 3350.0 -0.58429
4050.0 3350.0 -0.26096
4150.0 3350.0 -0.02784
4250.0 3350.0 0.13850
4350.0 3350.0 0.17323
4450.0 3350.0 0.05024
4550.0 3350.0 -0.16158
4650.0 3350.0 -0.35637
4750.0 3350.0 -0.43800
4850.0 3350.0 -0.35514
4950.0 3350.0 -0.12472
5050.0 3350.0 0.14916
5150.0 3350.0 0.25536
5250.0 3350.0 0.10714
5350.0 3350.0 -0.21051
5450.0 3350.0 -0.53620
5550.0 3350.0 -0.71048
5650.0 3350.0 -0.63495
5750.0 3350.0 -0.31192
5850.0 3350.0 0.13763
5950.0 3350.0 0.56315
6050.0 3350.0 0.85485
6150.0 3350.0 0.92271
6250.0 3350.0 0.75508
6350.0 3350.0 0.43791
50.0 3450.0 -0.50991
150.0 3450.0 -0.54897
250.0 3450.0 -0.37974
350.0 3450.0 -0.03128
450.0 3450.0 0.34395
550.0 3450.0 0.58278
650.0 3450.0 0.58438
750.0 3450.0 0.34347
850.0 3450.0 -0.05616
950.0 3450.0 -0.48490
1050.0 3450.0 -0.80664
1150.0 3450.0 -0.91728
1250.0 3450.0 -0.79096
1350.0 3450.0 -0.49408
1450.0 3450.0 -0.16542
1550.0 3450.0 0.03736
1650.0 3450.0 0.02501
1750.0 3450.0 -0.12446
1850.0 3450.0 -0.41675
1950.0 3450.0 -0.86478
2050.0 3450.0 -1.30388
2150.0 3450.0 -1.55136
2250.0 3450.0 -1.51179
2350.0 3450.0 -1.21416
2450.0 3450.0 -0.78084
2550.0 3450.0 -0.32724
2650.0 3450.0 0.19800
2750.0 3450.0 0.80116
2850.0 3450.0 1.30228
2950.0 3450.0 1.52122
3050.0 3450.0 1.39864
3150.0 3450.0 1.02769
3250.0 3450.0 0.59614
3350.0 3450.0 0.23922
3450.0 3450.0 -0.11606
3550.0 3450.0 -0.50743
3650.0 3450.0 -0.82851
3750.0 3450.0 -0.96245
3850.0 3450.0 -0.86810
3950.0 3450.0 -0.60655
4050.0 3450.0 -0.30812
4150.0 3450.0 -0.07977
4250.0 3450.0 0.08657
4350.0 3450.0 0.11415
4450.0 3450.0 -0.02661
4550.0 3450.0 -0.26524
4650.0 3450.0 -0.49066
4750.0 3450.0 -0.59999
4850.0 3450.0 -0.53615
4950.0 3450.0 -0.31443
5050.0 3450.0 -0.04590
5150.0 3450.0 0.03794
5250.0 3450.0 -0.16060
5350.0 3450.0 -0.55066
5450.0 3450.0 -0.95547
5550.0 3450.0 -1.19791
5650.0 3450.0 -1.16607
5750.0 3450.0 -0.85899
5850.0 3450.0 -0.40957
5950.0 3450.0 0.02342
6050.0 3450.0 0.33787
6150.0 3450.0 0.44435
6250.0 3450.0 0.32510
6350.0 3450.0 0.05615
50.0 3550.0 -0.82672
150.0 3550.0 -0.90186
250.0 3550.0 -0.77922
350.0 3550.0 -0.46903
450.0 3550.0 -0.09938
550.0 3550.0 0.17807
650.0 3550.0 0.25420
750.0 3550.0 0.10034
850.0 3550.0 -0.22197
950.0 3550.0 -0.58050
1050.0 3550.0 -0.83092
1150.0 3550.0 -0.87937
1250.0 3550.0 -0.71272
1350.0 3550.0 -0.40208
1450.0 3550.0 -0.07928
1550.0 3550.0 0.11371
1650.0 3550.0 0.10245
1750.0 3550.0 -0.03642
1850.0 3550.0 -0.32208
1950.0 3550.0 -0.77752
2050.0 3550.0 -1.24488
2150.0 3550.0 -1.54060
2250.0 3550.0 -1.56002
2350.0 3550.0 -1.31781
2450.0 3550.0 -0.92436
2550.0 3550.0 -0.49649
2650.0 3550.0 0.01885
2750.0 3550.0 0.64880
2850.0 3550.0 1.21461
2950.0 3550.0 1.52053
3050.0 3550.0 1.48305
3150.0 3550.0 1.17153
3250.0 3550.0 0.76032
3350.0 3550.0 0.39219
3450.0 3550.0 0.01312
3550.0 3550.0 -0.42477
3650.0 3550.0 -0.81343
3750.0 3550.0 -1.02220
3850.0 3550.0 -0.99337
3950.0 3550.0 -0.77569
4050.0 3550.0 -0.49570
4150.0 3550.0 -0.26703
4250.0 3550.0 -0.09346
4350.0 3550.0 -0.04763
4450.0 3550.0 -0.15980
4550.0 3550.0 -0.36831
4650.0 3550.0 -0.57179
4750.0 3550.0 -0.67323
4850.0 3550.0 -0.61565
4950.0 3550.0 -0.40939
5050.0 3550.0 -0.16067
5150.0 3550.0 -0.11793
5250.0 3550.0 -0.38938
5350.0 3550.0 -0.87331
5450.0 3550.0 -1.37265
5550.0 3550.0 -1.69033
5650.0 3550.0 -1.70231
5750.0 3550.0 -1.40814
5850.0 3550.0 -0.95579
5950.0 3550.0 -0.51548
6050.0 3550.0 -0.18193
6150.0 3550.0 -0.03803
6250.0 3550.0 -0.10163
6350.0 3550.0 -0.30430
50.0 3650.0 -0.89787
150.0 3650.0 -1.04679
250.0 3650.0 -1.04153
350.0 3650.0 -0.86153
450.0 3650.0 -0.57913
550.0 3650.0 -0.30716
650.0 3650.0 -0.15268
750.0 3650.0 -0.17698
850.0 3650.0 -0.36176
950.0 3650.0 -0.58824
1050.0 3650.0 -0.71346
1150.0 3650.0 -0.66725
1250.0 3650.0 -0.45751
1350.0 3650.0 -0.15711
1450.0 3650.0 0.12361
1550.0 3650.0 0.27872
1650.0 3650.0 0.26301
1750.0 3650.0 0.14516
1850.0 3650.0 -0.10736
1950.0 3650.0 -0.52054
2050.0 3650.0 -0.95410
2150.0 3650.0 -1.24093
2250.0 3650.0 -1.28170
2350.0 3650.0 -1.08319
2450.0 3650.0 -0.74016
2550.0 3650.0 -0.35924
2650.0 3650.0 0.11453
2750.0 3650.0 0.71642
2850.0 3650.0 1.27066
2950.0 3650.0 1.57784
3050.0 3650.0 1.54562
3150.0 3650.0 1.23264
3250.0 3650.0 0.80525
3350.0 3650.0 0.40736
3450.0 3650.0 -0.01009
3550.0 3650.0 -0.50400
3650.0 3650.0 -0.95970
3750.0 3650.0 -1.23087
3850.0 3650.0 -1.24620
3950.0 3650.0 -1.04902
4050.0 3650.0 -0.76998
4150.0 3650.0 -0.53281
4250.0 3650.0 -0.34436
4350.0 3650.0 -0.25541
4450.0 3650.0 -0.29495
4550.0 3650.0 -0.42073
4650.0 3650.0 -0.55534
4750.0 3650.0 -0.61913
4850.0 3650.0 -0.55981
4950.0 3650.0 -0.37866
5050.0 3650.0 -0.16572
5150.0 3650.0 -0.17769
5250.0 3650.0 -0.52811
5350.0 3650.0 -1.10082
5450.0 3650.0 -1.67897
5550.0 3650.0 -2.05061
5650.0 3650.0 -2.08725
5750.0 3650.0 -1.79509
5850.0 3650.0 -1.33593
5950.0 3650.0 -0.89267
6050.0 3650.0 -0.55731
6150.0 3650.0 -0.39900
6250.0 3650.0 -0.42450
6350.0 3650.0 -0.56442
50.0 3750.0 -0.71877
150.0 3750.0 -0.96587
250.0 3750.0 -1.12578
350.0 3750.0 -1.14001
450.0 3750.0 -1.00436
550.0 3750.0 -0.77377
650.0 3750.0 -0.54490
750.0 3750.0 -0.41632
850.0 3750.0 -0.42637
950.0 3750.0 -0.48241
1050.0 3750.0 -0.45532
1150.0 3750.0 -0.30991
1250.0 3750.0 -0.07831
1350.0 3750.0 0.17170
1450.0 3750.0 0.36616
1550.0 3750.0 0.45234
1650.0 3750.0 0.42421
1750.0 3750.0 0.33398
1850.0 3750.0 0.13444
1950.0 3750.0 -0.19666
2050.0 3750.0 -0.54418
2150.0 3750.0 -0.77103
2250.0 3750.0 -0.79589
2350.0 3750.0 -0.62453
2450.0 3750.0 -0.33487
2550.0 3750.0 -0.01404
2650.0 3750.0 0.39634
2750.0 3750.0 0.92930
2850.0 3750.0 1.41328
2950.0 3750.0 1.65469
3050.0 3750.0 1.56507
3150.0 3750.0 1.20319
3250.0 3750.0 0.73225
3350.0 3750.0 0.29218
3450.0 3750.0 -0.17029
3550.0 3750.0 -0.71389
3650.0 3750.0 -1.21283
3750.0 3750.0 -1.50807
3850.0 3750.0 -1.52334
3950.0 3750.0 -1.30783
4050.0 3750.0 -1.00561
4150.0 3750.0 -0.75179
4250.0 3750.0 -0.54429
4350.0 3750.0 -0.40160
4450.0 3750.0 -0.35176
4550.0 3750.0 -0.37701
4650.0 3750.0 -0.42955
4750.0 3750.0 -0.45062
4850.0 3750.0 -0.39277
4950.0 3750.0 -0.24541
5050.0 3750.0 -0.07767
5150.0 3750.0 -0.14314
5250.0 3750.0 -0.55124
5350.0 3750.0 -1.17170
5450.0 3750.0 -1.77616
5550.0 3750.0 -2.15071
5650.0 3750.0 -2.17512
5750.0 3750.0 -1.86858
5850.0 3750.0 -1.39964
5950.0 3750.0 -0.96155
6050.0 3750.0 -0.65220
6150.0 3750.0 -0.52176
6250.0 3750.0 -0.55329
6350.0 3750.0 -0.66359
50.0 3850.0 -0.38426
150.0 3850.0 -0.73113
250.0 3850.0 -1.06226
350.0 3850.0 -1.28178
450.0 3850.0 -1.30682
550.0 3850.0 -1.13116
650.0 3850.0 -0.83799
750.0 3850.0 -0.56143
850.0 3850.0 -0.39707
950.0 3850.0 -0.28273
1050.0 3850.0 -0.11341
1150.0 3850.0 0.10630
1250.0 3850.0 0.32326
1350.0 3850.0 0.48273
1450.0 3850.0 0.55641
1550.0 3850.0 0.55203
1650.0 3850.0 0.50426
1750.0 3850.0 0.44184
1850.0 3850.0 0.30065
1950.0 3850.0 0.06588
2050.0 3850.0 -0.17376
2150.0 3850.0 -0.31582
2250.0 3850.0 -0.30268
2350.0 3850.0 -0.14374
2450.0 3850.0 0.09831
2550.0 3850.0 0.35911
2650.0 3850.0 0.70268
2750.0 3850.0 1.15591
2850.0 3850.0 1.55156
2950.0 3850.0 1.70533
3050.0 3850.0 1.53748
3150.0 3850.0 1.11141
3250.0 3850.0 0.58946
3350.0 3850.0 0.10579
3450.0 3850.0 -0.39785
3550.0 3850.0 -0.97169
3650.0 3850.0 -1.47654
3750.0 3850.0 -1.74712
3850.0 3850.0 -1.71309
3950.0 3850.0 -1.44058
4050.0 3850.0 -1.09407
4150.0 3850.0 -0.81865
4250.0 3850.0 -0.59306
4350.0 3850.0 -0.40435
4450.0 3850.0 -0.28199
4550.0 3850.0 -0.23039
4650.0 3850.0 -0.22624
4750.0 3850.0 -0.22590
4850.0 3850.0 -0.18256
4950.0 3850.0 -0.07324
5050.0 3850.0 0.05006
5150.0 3850.0 -0.05350
5250.0 3850.0 -0.47942
5350.0 3850.0 -1.08739
5450.0 3850.0 -1.65016
5550.0 3850.0 -1.96742
5650.0 3850.0 -1.93983
5750.0 3850.0 -1.60357
5850.0 3850.0 -1.12398
5950.0 3850.0 -0.69966
6050.0 3850.0 -0.44349
6150.0 3850.0 -0.38544
6250.0 3850.0 -0.47594
6350.0 3850.0 -0.60580
50.0 3950.0 -0.05846
150.0 3950.0 -0.48321
250.0 3950.0 -0.94728
350.0 3950.0 -1.32538
450.0 3950.0 -1.47337
550.0 3950.0 -1.33783
650.0 3950.0 -0.99204
750.0 3950.0 -0.59837
850.0 3950.0 -0.29719
950.0 3950.0 -0.05082
1050.0 3950.0 0.21803
1150.0 3950.0 0.46894
1250.0 3950.0 0.63586
1350.0 3950.0 0.68256
1450.0 3950.0 0.62604
1550.0 3950.0 0.52854
1650.0 3950.0 0.45790
1750.0 3950.0 0.41702
1850.0 3950.0 0.32271
1950.0 3950.0 0.16665
2050.0 3950.0 0.01660
2150.0 3950.0 -0.05318
2250.0 3950.0 -0.00492
2350.0 3950.0 0.14793
2450.0 3950.0 0.35420
2550.0 3950.0 0.56820
2650.0 3950.0 0.86140
2750.0 3950.0 1.25892
2850.0 3950.0 1.59680
2950.0 3950.0 1.69585
3050.0 3950.0 1.47998
3150.0 3950.0 1.01334
3250.0 3950.0 0.45610
3350.0 3950.0 -0.06095
3450.0 3950.0 -0.59319
3550.0 3950.0 -1.17340
3650.0 3950.0 -1.65007
3750.0 3950.0 -1.85870
3850.0 3950.0 -1.74312
3950.0 3950.0 -1.39239
4050.0 3950.0 -0.99297
4150.0 3950.0 -0.69644
4250.0 3950.0 -0.45839
4350.0 3950.0 -0.24618
4450.0 3950.0 -0.09417
4550.0 3950.0 -0.02017
4650.0 3950.0 -0.01181
4750.0 3950.0 -0.02816
4850.0 3950.0 -0.01633
4950.0 3950.0 0.05698
5050.0 3950.0 0.14643
5150.0 3950.0 0.02745
5250.0 3950.0 -0.37575
5350.0 3950.0 -0.91874
5450.0 3950.0 -1.38679
5550.0 3950.0 -1.60436
5650.0 3950.0 -1.49996
5750.0 3950.0 -1.12657
5850.0 3950.0 -0.63792
5950.0 3950.0 -0.23259
6050.0 3950.0 -0.04398
6150.0 3950.0 -0.08518
6250.0 3950.0 -0.27262
6350.0 3950.0 -0.46525
50.0 4050.0 0.09493
150.0 4050.0 -0.37082
250.0 4050.0 -0.89996
350.0 4050.0 -1.35003
450.0 4050.0 -1.54596
550.0 4050.0 -1.41286
650.0 4050.0 -1.02299
750.0 4050.0 -0.55698
850.0 4050.0 -0.17923
950.0 4050.0 0.13737
1050.0 4050.0 0.44723
1150.0 4050.0 0.68522
1250.0 4050.0 0.78223
1350.0 4050.0 0.72127
1450.0 4050.0 0.55454
1550.0 4050.0 0.38183
1650.0 4050.0 0.29046
1750.0 4050.0 0.26081
1850.0 4050.0 0.18942
1950.0 4050.0 0.06915
2050.0 4050.0 -0.04303
2150.0 4050.0 -0.08594
2250.0 4050.0 -0.02980
2350.0 4050.0 0.11216
2450.0 4050.0 0.29590
2550.0 4050.0 0.48433
2650.0 4050.0 0.75718
2750.0 4050.0 1.14868
2850.0 4050.0 1.49647
2950.0 4050.0 1.61615
3050.0 4050.0 1.42222
3150.0 4050.0 0.96866
3250.0 4050.0 0.40908
3350.0 4050.0 -0.12349
3450.0 4050.0 -0.66794
3550.0 4050.0 -1.23590
3650.0 4050.0 -1.66745
3750.0 4050.0 -1.80366
3850.0 4050.0 -1.60476
3950.0 4050.0 -1.18100
4050.0 4050.0 -0.73627
4150.0 4050.0 -0.42444
4250.0 4050.0 -0.18205
4350.0 4050.0 0.02521
4450.0 4050.0 0.15497
4550.0 4050.0 0.18772
4650.0 4050.0 0.14154
4750.0 4050.0 0.06879
4850.0 4050.0 0.03500
4950.0 4050.0 0.07994
5050.0 4050.0 0.15183
5150.0 4050.0 0.03824
5250.0 4050.0 -0.31747
5350.0 4050.0 -0.77230
5450.0 4050.0 -1.12944
5550.0 4050.0 -1.24033
5650.0 4050.0 -1.05962
5750.0 4050.0 -0.65276
5850.0 4050.0 -0.15851
5950.0 4050.0 0.22814
6050.0 4050.0 0.35373
6150.0 4050.0 0.21537
6250.0 4050.0 -0.07632
6350.0 4050.0 -0.35126
50.0 4150.0 0.02184
150.0 4150.0 -0.45080
250.0 4150.0 -0.98084
350.0 4150.0 -1.41949
450.0 4150.0 -1.58915
550.0 4150.0 -1.41825
650.0 4150.0 -0.98748
750.0 4150.0 -0.48740
850.0 4150.0 -0.08748
950.0 4150.0 0.24345
1050.0 4150.0 0.54593
1150.0 4150.0 0.74237
1250.0 4150.0 0.76802
1350.0 4150.0 0.62225
1450.0 4150.0 0.37902
1550.0 4150.0 0.15711
1650.0 4150.0 0.05022
1750.0 4150.0 0.02238
1850.0 4150.0 -0.05021
1950.0 4150.0 -0.17999
2050.0 4150.0 -0.31099
2150.0 4150.0 -0.37939
2250.0 4150.0 -0.35000
2350.0 4150.0 -0.22995
2450.0 4150.0 -0.05937
2550.0 4150.0 0.12266
2650.0 4150.0 0.40388
2750.0 4150.0 0.83925
2850.0 4150.0 1.26637
2950.0 4150.0 1.48479
3050.0 4150.0 1.38553
3150.0 4150.0 1.00054
3250.0 4150.0 0.47184
3350.0 4150.0 -0.05944
3450.0 4150.0 -0.60304
3550.0 4150.0 -1.15071
3650.0 4150.0 -1.53871
3750.0 4150.0 -1.61514
3850.0 4150.0 -1.35363
3950.0 4150.0 -0.87907
4050.0 4150.0 -0.40545
4150.0 4150.0 -0.08584
4250.0 4150.0 0.15399
4350.0 4150.0 0.33405
4450.0 4150.0 0.40225
4550.0 4150.0 0.34687
4650.0 4150.0 0.20447
4750.0 4150.0 0.04905
4850.0 4150.0 -0.03723
4950.0 4150.0 -0.01180
5050.0 4150.0 0.05692
5150.0 4150.0 -0.03940
5250.0 4150.0 -0.34330
5350.0 4150.0 -0.71631
5450.0 4150.0 -0.97867
5550.0 4150.0 -1.00385
5650.0 4150.0 -0.76529
5750.0 4150.0 -0.33525
5850.0 4150.0 0.16107
5950.0 4150.0 0.53323
6050.0 4150.0 0.61222
6150.0 4150.0 0.39877
6250.0 4150.0 0.02020
6350.0 4150.0 -0.33244
50.0 4250.0 -0.09467
150.0 4250.0 -0.56037
250.0 4250.0 -1.07118
350.0 4250.0 -1.47733
450.0 4250.0 -1.60762
550.0 4250.0 -1.39962
650.0 4250.0 -0.94204
750.0 4250.0 -0.42942
850.0 4250.0 -0.02907
950.0 4250.0 0.29638
1050.0 4250.0 0.57740
1150.0 4250.0 0.72914
1250.0 4250.0 0.69217
1350.0 4250.0 0.47856
1450.0 4250.0 0.17687
1550.0 4250.0 -0.08302
1650.0 4250.0 -0.20529
1750.0 4250.0 -0.23786
1850.0 4250.0 -0.32193
1950.0 4250.0 -0.47695
2050.0 4250.0 -0.64590
2150.0 4250.0 -0.75850
2250.0 4250.0 -0.77074
2350.0 4250.0 -0.68176
2450.0 4250.0 -0.52820
2550.0 4250.0 -0.35364
2650.0 4250.0 -0.06213
2750.0 4250.0 0.42764
2850.0 4250.0 0.95589
2950.0 4250.0 1.30437
3050.0 4250.0 1.33507
3150.0 4250.0 1.05045
3250.0 4250.0 0.57497
3350.0 4250.0 0.05810
3450.0 4250.0 -0.47355
3550.0 4250.0 -0.99176
3650.0 4250.0 -1.33209
3750.0 4250.0 -1.35154
3850.0 4250.0 -1.03623
3950.0 4250.0 -0.52205
4050.0 4250.0 -0.02848
4150.0 4250.0 0.29472
4250.0 4250.0 0.52867
4350.0 4250.0 0.67210
4450.0 4250.0 0.66207
4550.0 4250.0 0.49796
4650.0 4250.0 0.23974
4750.0 4250.0 -0.01256
4850.0 4250.0 -0.15790
4950.0 4250.0 -0.15178
5050.0 4250.0 -0.08315
5150.0 4250.0 -0.15636
5250.0 4250.0 -0.40026
5350.0 4250.0 -0.68447
5450.0 4250.0 -0.84966
5550.0 4250.0 -0.79264
5650.0 4250.0 -0.50440
5750.0 4250.0 -0.06122
5850.0 4250.0 0.42746
5950.0 4250.0 0.78025
6050.0 4250.0 0.81714
6150.0 4250.0 0.54019
6250.0 4250.0 0.08751
6350.0 4250.0 -0.33501
50.0 4350.0 -0.01088
150.0 4350.0 -0.44657
250.0 4350.0 -0.93101
350.0 4350.0 -1.32669
450.0 4350.0 -1.47203
550.0 4350.0 -1.30417
650.0 4350.0 -0.90020
750.0 4350.0 -0.43718
850.0 4350.0 -0.07061
950.0 4350.0 0.22923
1050.0 4350.0 0.48643
1150.0 4350.0 0.61640
1250.0 4350.0 0.55864
1350.0 4350.0 0.32365
1450.0 4350.0 -0.00122
1550.0 4350.0 -0.28660
1650.0 4350.0 -0.43629
1750.0 4350.0 -0.49686
1850.0 4350.0 -0.60727
1950.0 4350.0 -0.78903
2050.0 4350.0 -0.99027
2150.0 4350.0 -1.14429
2250.0 4350.0 -1.20666
2350.0 4350.0 -1.17222
2450.0 4350.0 -1.07201
2550.0 4350.0 -0.94743
2650.0 4350.0 -0.69177
2750.0 4350.0 -0.18985
2850.0 4350.0 0.42121
2950.0 4350.0 0.91965
3050.0 4350.0 1.13673
3150.0 4350.0 1.02723
3250.0 4350.0 0.67310
3350.0 4350.0 0.21998
3450.0 4350.0 -0.25330
3550.0 4350.0 -0.69390
3650.0 4350.0 -0.94740
3750.0 4350.0 -0.89038
3850.0 4350.0 -0.52419
3950.0 4350.0 0.01152
4050.0 4350.0 0.50541
4150.0 4350.0 0.82133
4250.0 4350.0 1.04174
4350.0 4350.0 1.13353
4450.0 4350.0 1.01971
4550.0 4350.0 0.71283
4650.0 4350.0 0.30172
4750.0 4350.0 -0.08089
4850.0 4350.0 -0.30970
4950.0 4350.0 -0.33714
5050.0 4350.0 -0.27593
5150.0 4350.0 -0.30768
5250.0 4350.0 -0.43831
5350.0 4350.0 -0.56285
5450.0 4350.0 -0.56852
5550.0 4350.0 -0.39706
5650.0 4350.0 -0.06613
5750.0 4350.0 0.35010
5850.0 4350.0 0.77679
5950.0 4350.0 1.06911
6050.0 4350.0 1.05406
6150.0 4350.0 0.73287
6250.0 4350.0 0.23940
6350.0 4350.0 -0.22605
50.0 4450.0 0.27694
150.0 4450.0 -0.09610
250.0 4450.0 -0.53625
350.0 4450.0 -0.93467
450.0 4450.0 -1.14648
550.0 4450.0 -1.10032
650.0 4450.0 -0.84034
750.0 4450.0 -0.50048
850.0 4450.0 -0.21114
950.0 4450.0 0.03614
1050.0 4450.0 0.26793
1150.0 4450.0 0.41069
1250.0 4450.0 0.39365
1350.0 4450.0 0.20554
1450.0 4450.0 -0.09021
1550.0 4450.0 -0.38134
1650.0 4450.0 -0.57370
1750.0 4450.0 -0.69336
1850.0 4450.0 -0.84491
1950.0 4450.0 -1.04102
2050.0 4450.0 -1.24459
2150.0 4450.0 -1.41058
2250.0 4450.0 -1.51141
2350.0 4450.0 -1.54753
2450.0 4450.0 -1.54330
2550.0 4450.0 -1.52562
2650.0 4450.0 -1.37513
2750.0 4450.0 -0.94222
2850.0 4450.0 -0.31421
2950.0 4450.0 0.31095
3050.0 4450.0 0.74276
3150.0 4450.0 0.87436
3250.0 4450.0 0.71679
3350.0 4450.0 0.39145
3450.0 4450.0 0.03700
3550.0 4450.0 -0.27156
3650.0 4450.0 -0.40539
3750.0 4450.0 -0.27160
3850.0 4450.0 0.11531
3950.0 4450.0 0.62766
4050.0 4450.0 1.08424
4150.0 4450.0 1.37563
4250.0 4450.0 1.57438
4350.0 4450.0 1.61034
4450.0 4450.0 1.39303
4550.0 4450.0 0.94587
4650.0 4450.0 0.38339
4750.0 4450.0 -0.13170
4850.0 4450.0 -0.45108
4950.0 4450.0 -0.52334
5050.0 4450.0 -0.47997
5150.0 4450.0 -0.45497
5250.0 4450.0 -0.42460
5350.0 4450.0 -0.33020
5450.0 4450.0 -0.13313
5550.0 4450.0 0.16012
5650.0 4450.0 0.50050
5750.0 4450.0 0.82650
5850.0 4450.0 1.11732
5950.0 4450.0 1.29826
6050.0 4450.0 1.23234
6150.0 4450.0 0.91663
6250.0 4450.0 0.45555
6350.0 4450.0 0.00994
50.0 4550.0 0.62497
150.0 4550.0 0.34044
250.0 4550.0 -0.03118
350.0 4550.0 -0.41990
450.0 4550.0 -0.70626
550.0 4550.0 -0.81110
650.0 4550.0 -0.73684
750.0 4550.0 -0.56015
850.0 4550.0 -0.37622
950.0 4550.0 -0.20091
1050.0 4550.0 0.00637
1150.0 4550.0 0.19188
1250.0 4550.0 0.26730
1350.0 4550.0 0.18327
1450.0 4550.0 -0.03890
1550.0 4550.0 -0.31744
1650.0 4550.0 -0.56230
1750.0 4550.0 -0.76331
1850.0 4550.0 -0.95984
1950.0 4550.0 -1.14213
2050.0 4550.0 -1.29649
2150.0 4550.0 -1.41890
2250.0 4550.0 -1.51894
2350.0 4550.0 -1.61643
2450.0 4550.0 -1.73075
2550.0 4550.0 -1.86094
2650.0 4550.0 -1.87549
2750.0 4550.0 -1.60294
2850.0 4550.0 -1.06067
2950.0 4550.0 -0.39238
3050.0 4550.0 0.21137
3150.0 4550.0 0.58578
3250.0 4550.0 0.65747
3350.0 4550.0 0.50319
3450.0 4550.0 0.30877
3550.0 4550.0 0.15795
3650.0 4550.0 0.14111
3750.0 4550.0 0.31721
3850.0 4550.0 0.66790
3950.0 4550.0 1.09675
4050.0 4550.0 1.47369
4150.0 4550.0 1.72454
4250.0 4550.0 1.89862
4350.0 4550.0 1.89706
4450.0 4550.0 1.62277
4550.0 4550.0 1.10166
4650.0 4550.0 0.45751
4750.0 4550.0 -0.13450
4850.0 4550.0 -0.51520
4950.0 4550.0 -0.62986
5050.0 4550.0 -0.61265
5150.0 4550.0 -0.53237
5250.0 4550.0 -0.33837
5350.0 4550.0 -0.03025
5450.0 4550.0 0.34653
5550.0 4550.0 0.71873
5650.0 4550.0 1.01254
5750.0 4550.0 1.18989
5850.0 4550.0 1.29021
5950.0 4550.0 1.32870
6050.0 4550.0 1.23193
6150.0 4550.0 0.98953
6250.0 4550.0 0.65195
6350.0 4550.0 0.30720
50.0 4650.0 0.86149
150.0 4650.0 0.67419
250.0 4650.0 0.39227
350.0 4650.0 0.04724
450.0 4650.0 -0.27397
550.0 4650.0 -0.49378
650.0 4650.0 -0.58050
750.0 4650.0 -0.55671
850.0 4650.0 -0.47956
950.0 4650.0 -0.38023
1050.0 4650.0 -0.19435
1150.0 4650.0 0.04738
1250.0 4650.0 0.23653
1350.0 4650.0 0.27991
1450.0 4650.0 0.15025
1550.0 4650.0 -0.10604
1650.0 4650.0 -0.40377
1750.0 4650.0 -0.69055
1850.0 4650.0 -0.92310
1950.0 4650.0 -1.05827
2050.0 4650.0 -1.10997
2150.0 4650.0 -1.12817
2250.0 4650.0 -1.17520
2350.0 4650.0 -1.30259
2450.0 4650.0 -1.52849
2550.0 4650.0 -1.81497
2650.0 4650.0 -2.02116
2750.0 4650.0 -1.97488
2850.0 4650.0 -1.61857
2950.0 4650.0 -1.01997
3050.0 4650.0 -0.34348
3150.0 4650.0 0.20866
3250.0 4650.0 0.48562
3350.0 4650.0 0.50736
3450.0 4650.0 0.47813
3550.0 4650.0 0.47107
3650.0 4650.0 0.53300
3750.0 4650.0 0.69474
3850.0 4650.0 0.94707
3950.0 4650.0 1.24029
4050.0 4650.0 1.50709
4150.0 4650.0 1.70893
4250.0 4650.0 1.86178
4350.0 4650.0 1.85699
4450.0 4650.0 1.60149
4550.0 4650.0 1.11233
4650.0 4650.0 0.49901
4750.0 4650.0 -0.07680
4850.0 4650.0 -0.46367
4950.0 4650.0 -0.60519
5050.0 4650.0 -0.61697
5150.0 4650.0 -0.49957
5250.0 4650.0 -0.18678
5350.0 4650.0 0.26550
5450.0 4650.0 0.73986
5550.0 4650.0 1.11337
5650.0 4650.0 1.30316
5750.0 4650.0 1.30144
5850.0 4650.0 1.19795
5950.0 4650.0 1.09553
6050.0 4650.0 0.99951
6150.0 4650.0 0.89027
6250.0 4650.0 0.74988
6350.0 4650.0 0.57390
50.0 4750.0 0.86741
150.0 4750.0 0.76544
250.0 4750.0 0.58210
350.0 4750.0 0.32090
450.0 4750.0 0.03386
550.0 4750.0 -0.21675
650.0 4750.0 -0.38551
750.0 4750.0 -0.45966
850.0 4750.0 -0.46380
950.0 4750.0 -0.42767
1050.0 4750.0 -0.25926
1150.0 4750.0 0.03008
1250.0 4750.0 0.31509
1350.0 4750.0 0.46584
1450.0 4750.0 0.41426
1550.0 4750.0 0.17716
1650.0 4750.0 -0.16438
1750.0 4750.0 -0.52194
1850.0 4750.0 -0.77298
1950.0 4750.0 -0.83732
2050.0 4750.0 -0.75447
2150.0 4750.0 -0.62952
2250.0 4750.0 -0.58158
2350.0 4750.0 -0.69939
2450.0 4750.0 -1.00406
2550.0 4750.0 -1.41968
2650.0 4750.0 -1.79989
2750.0 4750.0 -1.99192
2850.0 4750.0 -1.87536
2950.0 4750.0 -1.43831
3050.0 4750.0 -0.79994
3150.0 4750.0 -0.17195
3250.0 4750.0 0.24139
3350.0 4750.0 0.40437
3450.0 4750.0 0.50797
3550.0 4750.0 0.59797
3650.0 4750.0 0.68248
3750.0 4750.0 0.77631
3850.0 4750.0 0.89038
3950.0 4750.0 1.02653
4050.0 4750.0 1.17766
4150.0 4750.0 1.33316
4250.0 4750.0 1.47301
4350.0 4750.0 1.49984
4450.0 4750.0 1.33427
4550.0 4750.0 0.97522
4650.0 4750.0 0.49768
4750.0 4750.0 0.02707
4850.0 4750.0 -0.30968
4950.0 4750.0 -0.45651
5050.0 4750.0 -0.49354
5150.0 4750.0 -0.36551
5250.0 4750.0 -0.00554
5350.0 4750.0 0.48895
5450.0 4750.0 0.95695
5550.0 4750.0 1.25414
5650.0 4750.0 1.30631
5750.0 4750.0 1.13586
5850.0 4750.0 0.86151
5950.0 4750.0 0.65099
6050.0 4750.0 0.58481
6150.0 4750.0 0.63446
6250.0 4750.0 0.71554
6350.0 4750.0 0.73361
50.0 4850.0 0.61764
150.0 4850.0 0.57283
250.0 4850.0 0.48045
350.0 4850.0 0.33248
450.0 4850.0 0.14961
550.0 4850.0 -0.03368
650.0 4850.0 -0.18305
750.0 4850.0 -0.27729
850.0 4850.0 -0.32030
950.0 4850.0 -0.32260
1050.0 4850.0 -0.16859
1150.0 4850.0 0.14058
1250.0 4850.0 0.47067
1350.0 4850.0 0.67233
1450.0 4850.0 0.65607
1550.0 4850.0 0.42322
1650.0 4850.0 0.05282
1750.0 4850.0 -0.34684
1850.0 4850.0 -0.59739
1950.0 4850.0 -0.58721
2050.0 4850.0 -0.37388
2150.0 4850.0 -0.10588
2250.0 4850.0 0.05051
2350.0 4850.0 -0.02674
2450.0 4850.0 -0.36460
2550.0 4850.0 -0.85696
2650.0 4850.0 -1.35526
2750.0 4850.0 -1.73674
2850.0 4850.0 -1.84276
2950.0 4850.0 -1.59831
3050.0 4850.0 -1.07376
3150.0 4850.0 -0.46652
3250.0 4850.0 -0.00286
3350.0 4850.0 0.24027
3450.0 4850.0 0.41926
3550.0 4850.0 0.54567
3650.0 4850.0 0.60187
3750.0 4850.0 0.60031
3850.0 4850.0 0.57621
3950.0 4850.0 0.57479
4050.0 4850.0 0.63291
4150.0 4850.0 0.75512
4250.0 4850.0 0.89166
4350.0 4850.0 0.97070
4450.0 4850.0 0.93113
4550.0 4850.0 0.75050
4650.0 4850.0 0.46118
4750.0 4850.0 0.14260
4850.0 4850.0 -0.11056
4950.0 4850.0 -0.24408
5050.0 4850.0 -0.29739
5150.0 4850.0 -0.18258
5250.0 4850.0 0.15576
5350.0 4850.0 0.60035
5450.0 4850.0 0.97976
5550.0 4850.0 1.15611
5650.0 4850.0 1.07605
5750.0 4850.0 0.78499
5850.0 4850.0 0.40663
5950.0 4850.0 0.13921
6050.0 4850.0 0.11695
6150.0 4850.0 0.30494
6250.0 4850.0 0.57028
6350.0 4850.0 0.75273
50.0 4950.0 0.18334
150.0 4950.0 0.16428
250.0 4950.0 0.14445
350.0 4950.0 0.11975
450.0 4950.0 0.08672
550.0 4950.0 0.04515
650.0 4950.0 -0.00135
750.0 4950.0 -0.04702
850.0 4950.0 -0.08781
950.0 4950.0 -0.10285
1050.0 4950.0 0.03805
1150.0 4950.0 0.33351
1250.0 4950.0 0.64910
1350.0 4950.0 0.83563
1450.0 4950.0 0.80402
1550.0 4950.0 0.55610
1650.0 4950.0 0.17125
1750.0 4950.0 -0.24086
1850.0 4950.0 -0.47760
1950.0 4950.0 -0.40696
2050.0 4950.0 -0.09522
2150.0 4950.0 0.28374
2250.0 4950.0 0.53387
2350.0 4950.0 0.51001
2450.0 4950.0 0.17870
2550.0 4950.0 -0.33610
2650.0 4950.0 -0.88522
2750.0 4950.0 -1.37489
2850.0 4950.0 -1.63422
2950.0 4950.0 -1.55242
3050.0 4950.0 -1.16137
3150.0 4950.0 -0.63248
3250.0 4950.0 -0.18774
3350.0 4950.0 0.07480
3450.0 4950.0 0.27178
3550.0 4950.0 0.38424
3650.0 4950.0 0.38387
3750.0 4950.0 0.29067
3850.0 4950.0 0.16127
3950.0 4950.0 0.06835
4050.0 4950.0 0.07113
4150.0 4950.0 0.17692
4250.0 4950.0 0.31757
4350.0 4950.0 0.45034
4450.0 4950.0 0.53109
4550.0 4950.0 0.51896
4650.0 4950.0 0.40842
4750.0 4950.0 0.23728
4850.0 4950.0 0.07050
4950.0 4950.0 -0.04021
5050.0 4950.0 -0.09976
5150.0 4950.0 -0.01129
5250.0 4950.0 0.26358
5350.0 4950.0 0.60731
5450.0 4950.0 0.86321
5550.0 4950.0 0.91732
5650.0 4950.0 0.74049
5750.0 4950.0 0.39069
5850.0 4950.0 -0.02105
5950.0 4950.0 -0.29746
6050.0 4950.0 -0.27909
6150.0 4950.0 -0.00389
6250.0 4950.0 0.37140
6350.0 4950.0 0.65419
50.0 5050.0 -0.29976
150.0 5050.0 -0.30798
250.0 5050.0 -0.26651
350.0 5050.0 -0.16939
450.0 5050.0 -0.04058
550.0 5050.0 0.08344
650.0 5050.0 0.16867
750.0 5050.0 0.19628
850.0 5050.0 0.17284
950.0 5050.0 0.15428
1050.0 5050.0 0.27987
1150.0 5050.0 0.54381
1250.0 5050.0 0.81640
1350.0 5050.0 0.95793
1450.0 5050.0 0.88943
1550.0 5050.0 0.61972
1650.0 5050.0 0.22871
1750.0 5050.0 -0.18121
1850.0 5050.0 -0.39873
1950.0 5050.0 -0.27793
2050.0 5050.0 0.11099
2150.0 5050.0 0.57862
2250.0 5050.0 0.90911
2350.0 5050.0 0.94054
2450.0 5050.0 0.63314
2550.0 5050.0 0.12198
2650.0 5050.0 -0.44451
2750.0 5050.0 -0.99944
2850.0 5050.0 -1.37167
2950.0 5050.0 -1.42855
3050.0 5050.0 -1.17030
3150.0 5050.0 -0.73873
3250.0 5050.0 -0.34049
3350.0 5050.0 -0.08470
3450.0 5050.0 0.10637
3550.0 5050.0 0.18841
3650.0 5050.0 0.12936
3750.0 5050.0 -0.04090
3850.0 5050.0 -0.24868
3950.0 5050.0 -0.40370
4050.0 5050.0 -0.43543
4150.0 5050.0 -0.33858
4250.0 5050.0 -0.19269
4350.0 5050.0 -0.01382
4450.0 5050.0 0.16871
4550.0 5050.0 0.29964
4650.0 5050.0 0.34242
4750.0 5050.0 0.29997
4850.0 5050.0 0.21162
4950.0 5050.0 0.12612
5050.0 5050.0 0.06622
5150.0 5050.0 0.12669
5250.0 5050.0 0.32816
5350.0 5050.0 0.56079
5450.0 5050.0 0.69147
5550.0 5050.0 0.63506
5650.0 5050.0 0.38578
5750.0 5050.0 0.00884
5850.0 5050.0 -0.40342
5950.0 5050.0 -0.66744
6050.0 5050.0 -0.61250
6150.0 5050.0 -0.27807
6250.0 5050.0 0.16747
6350.0 5050.0 0.51577
50.0 5150.0 -0.64690
150.0 5150.0 -0.65403
250.0 5150.0 -0.56046
350.0 5150.0 -0.35264
450.0 5150.0 -0.07768
550.0 5150.0 0.19074
650.0 5150.0 0.38261
750.0 5150.0 0.45773
850.0 5150.0 0.42790
950.0 5150.0 0.38240
1050.0 5150.0 0.46550
1150.0 5150.0 0.67373
1250.0 5150.0 0.89302
1350.0 5150.0 0.99913
1450.0 5150.0 0.92035
1550.0 5150.0 0.66220
1650.0 5150.0 0.29390
1750.0 5150.0 -0.09108
1850.0 5150.0 -0.27538
1950.0 5150.0 -0.10445
2050.0 5150.0 0.35178
2150.0 5150.0 0.89715
2250.0 5150.0 1.30488
2350.0 5150.0 1.40201
2450.0 5150.0 1.14278
2550.0 5150.0 0.66712
2650.0 5150.0 0.10978
2750.0 5150.0 -0.50373
2850.0 5150.0 -1.00960
2950.0 5150.0 -1.25051
3050.0 5150.0 -1.18221
3150.0 5150.0 -0.89868
3250.0 5150.0 -0.57566
3350.0 5150.0 -0.33292
3450.0 5150.0 -0.14365
3550.0 5150.0 -0.06761
3650.0 5150.0 -0.14038
3750.0 5150.0 -0.33303
3850.0 5150.0 -0.56934
3950.0 5150.0 -0.75376
4050.0 5150.0 -0.81006
4150.0 5150.0 -0.73062
4250.0 5150.0 -0.59685
4350.0 5150.0 -0.41053
4450.0 5150.0 -0.18769
4550.0 5150.0 0.01621
4650.0 5150.0 0.15151
4750.0 5150.0 0.19976
4850.0 5150.0 0.17890
4950.0 5150.0 0.12848
5050.0 5150.0 0.08497
5150.0 5150.0 0.13101
5250.0 5150.0 0.26835
5350.0 5150.0 0.39735
5450.0 5150.0 0.41196
5550.0 5150.0 0.25852
5650.0 5150.0 -0.04453
5750.0 5150.0 -0.42593
5850.0 5150.0 -0.81442
5950.0 5150.0 -1.04309
6050.0 5150.0 -0.93255
6150.0 5150.0 -0.52482
6250.0 5150.0 0.00099
6350.0 5150.0 0.42326
50.0 5250.0 -0.73108
150.0 5250.0 -0.75409
250.0 5250.0 -0.63018
350.0 5250.0 -0.34371
450.0 5250.0 0.03255
550.0 5250.0 0.39034
650.0 5250.0 0.63068
750.0 5250.0 0.70059
850.0 5250.0 0.62163
950.0 5250.0 0.50964
1050.0 5250.0 0.50644
1150.0 5250.0 0.62316
1250.0 5250.0 0.77891
1350.0 5250.0 0.87329
1450.0 5250.0 0.83527
1550.0 5250.0 0.64836
1650.0 5250.0 0.35208
1750.0 5250.0 0.02939
1850.0 5250.0 -0.10387
1950.0 5250.0 0.10269
2050.0 5250.0 0.58742
2150.0 5250.0 1.16649
2250.0 5250.0 1.62279
2350.0 5250.0 1.78676
2450.0 5250.0 1.60905
2550.0 5250.0 1.22082
2650.0 5250.0 0.72263
2750.0 5250.0 0.08385
2850.0 5250.0 -0.55154
2950.0 5250.0 -1.00406
3050.0 5250.0 -1.17452
3150.0 5250.0 -1.08878
3250.0 5250.0 -0.87146
3350.0 5250.0 -0.64863
3450.0 5250.0 -0.45384
3550.0 5250.0 -0.34511
3650.0 5250.0 -0.36177
3750.0 5250.0 -0.49306
3850.0 5250.0 -0.68282
3950.0 5250.0 -0.84888
4050.0 5250.0 -0.91716
4150.0 5250.0 -0.87043
4250.0 5250.0 -0.77798
4350.0 5250.0 -0.64889
4450.0 5250.0 -0.48820
4550.0 5250.0 -0.32802
4650.0 5250.0 -0.20122
4750.0 5250.0 -0.12529
4850.0 5250.0 -0.09670
4950.0 5250.0 -0.09554
5050.0 5250.0 -0.09459
5150.0 5250.0 -0.03716
5250.0 5250.0 0.05954
5350.0 5250.0 0.10916
5450.0 5250.0 0.03585
5550.0 5250.0 -0.18124
5650.0 5250.0 -0.50039
5750.0 5250.0 -0.84666
5850.0 5250.0 -1.17195
5950.0 5250.0 -1.33251
6050.0 5250.0 -1.14965
6150.0 5250.0 -0.66914
6250.0 5250.0 -0.07482
6350.0 5250.0 0.40890
50.0 5350.0 -0.54975
150.0 5350.0 -0.60452
250.0 5350.0 -0.47813
350.0 5350.0 -0.15912
450.0 5350.0 0.25524
550.0 5350.0 0.63000
650.0 5350.0 0.84914
750.0 5350.0 0.85799
850.0 5350.0 0.69126
950.0 5350.0 0.48022
1050.0 5350.0 0.35689
1150.0 5350.0 0.35816
1250.0 5350.0 0.45019
1350.0 5350.0 0.56154
1450.0 5350.0 0.61431
1550.0 5350.0 0.55298
1650.0 5350.0 0.37126
1750.0 5350.0 0.14149
1850.0 5350.0 0.06621
1950.0 5350.0 0.27478
2050.0 5350.0 0.72232
2150.0 5350.0 1.26005
2250.0 5350.0 1.70642
2350.0 5350.0 1.91463
2450.0 5350.0 1.83642
2550.0 5350.0 1.57802
2650.0 5350.0 1.19049
2750.0 5350.0 0.58869
2850.0 5350.0 -0.11392
2950.0 5350.0 -0.72911
3050.0 5350.0 -1.11031
3150.0 5350.0 -1.21357
3250.0 5350.0 -1.10327
3350.0 5350.0 -0.90231
3450.0 5350.0 -0.69683
3550.0 5350.0 -0.52753
3650.0 5350.0 -0.43816
3750.0 5350.0 -0.44905
3850.0 5350.0 -0.54051
3950.0 5350.0 -0.65682
4050.0 5350.0 -0.73111
4150.0 5350.0 -0.73086
4250.0 5350.0 -0.70398
4350.0 5350.0 -0.68597
4450.0 5350.0 -0.67285
4550.0 5350.0 -0.65377
4650.0 5350.0 -0.61988
4750.0 5350.0 -0.56904
4850.0 5350.0 -0.50625
4950.0 5350.0 -0.43990
5050.0 5350.0 -0.37085
5150.0 5350.0 -0.27629
5250.0 5350.0 -0.18972
5350.0 5350.0 -0.18277
5450.0 5350.0 -0.30200
5550.0 5350.0 -0.53858
5650.0 5350.0 -0.83171
5750.0 5350.0 -1.10579
5850.0 5350.0 -1.33505
5950.0 5350.0 -1.40740
6050.0 5350.0 -1.16069
6150.0 5350.0 -0.64455
6250.0 5350.0 -0.03526
6350.0 5350.0 0.45861
50.0 5450.0 -0.20688
150.0 5450.0 -0.30171
250.0 5450.0 -0.19621
350.0 5450.0 0.11235
450.0 5450.0 0.50688
550.0 5450.0 0.83628
650.0 5450.0 0.97992
750.0 5450.0 0.89086
850.0 5450.0 0.61780
950.0 5450.0 0.29591
1050.0 5450.0 0.04315
1150.0 5450.0 -0.07227
1250.0 5450.0 -0.03307
1350.0 5450.0 0.11790
1450.0 5450.0 0.29029
1550.0 5450.0 0.38117
1650.0 5450.0 0.33202
1750.0 5450.0 0.20609
1850.0 5450.0 0.18098
1950.0 5450.0 0.35049
2050.0 5450.0 0.69205
2150.0 5450.0 1.10955
2250.0 5450.0 1.47827
2350.0 5450.0 1.69114
2450.0 5450.0 1.70636
2550.0 5450.0 1.59270
2650.0 5450.0 1.34825
2750.0 5450.0 0.85239
2850.0 5450.0 0.18370
2950.0 5450.0 -0.48091
3050.0 5450.0 -0.97182
3150.0 5450.0 -1.19456
3250.0 5450.0 -1.16000
3350.0 5450.0 -0.97673
3450.0 5450.0 -0.75981
3550.0 5450.0 -0.52516
3650.0 5450.0 -0.32178
3750.0 5450.0 -0.20412
3850.0 5450.0 -0.19192
3950.0 5450.0 -0.25769
4050.0 5450.0 -0.34170
4150.0 5450.0 -0.39441
4250.0 5450.0 -0.44221
4350.0 5450.0 -0.55560
4450.0 5450.0 -0.72243
4550.0 5450.0 -0.88147
4650.0 5450.0 -0.97273
4750.0 5450.0 -0.96728
4850.0 5450.0 -0.87635
4950.0 5450.0 -0.73983
5050.0 5450.0 -0.59344
5150.0 5450.0 -0.44641
5250.0 5450.0 -0.34404
5350.0 5450.0 -0.34412
5450.0 5450.0 -0.46893
5550.0 5450.0 -0.68675
5650.0 5450.0 -0.92377
5750.0 5450.0 -1.10634
5850.0 5450.0 -1.22721
5950.0 5450.0 -1.21322
6050.0 5450.0 -0.93537
6150.0 5450.0 -0.44599
6250.0 5450.0 0.10041
6350.0 5450.0 0.53119
50.0 5550.0 0.12810
150.0 5550.0 -0.00419
250.0 5550.0 0.07134
350.0 5550.0 0.34782
450.0 5550.0 0.69439
550.0 5550.0 0.95245
650.0 5550.0 1.00433
750.0 5550.0 0.81463
850.0 5550.0 0.44396
950.0 5550.0 0.02450
1050.0 5550.0 -0.33927
1150.0 5550.0 -0.55021
1250.0 5550.0 -0.54683
1350.0 5550.0 -0.34913
1450.0 5550.0 -0.06108
1550.0 5550.0 0.17046
1650.0 5550.0 0.24051
1750.0 5550.0 0.20567
1850.0 5550.0 0.21198
1950.0 5550.0 0.31169
2050.0 5550.0 0.50484
2150.0 5550.0 0.75317
2250.0 5550.0 0.99650
2350.0 5550.0 1.17492
2450.0 5550.0 1.25683
2550.0 5550.0 1.26986
2650.0 5550.0 1.16865
2750.0 5550.0 0.82478
2850.0 5550.0 0.28550
2950.0 5550.0 -0.30144
3050.0 5550.0 -0.77358
3150.0 5550.0 -1.01724
3250.0 5550.0 -1.00902
3350.0 5550.0 -0.83509
3450.0 5550.0 -0.61058
3550.0 5550.0 -0.33014
3650.0 5550.0 -0.04875
3750.0 5550.0 0.15300
3850.0 5550.0 0.22709
3950.0 5550.0 0.18273
4050.0 5550.0 0.07753
4150.0 5550.0 -0.02487
4250.0 5550.0 -0.13789
4350.0 5550.0 -0.36193
4450.0 5550.0 -0.67600
4550.0 5550.0 -0.97605
4650.0 5550.0 -1.16051
4750.0 5550.0 -1.18070
4850.0 5550.0 -1.05621
4950.0 5550.0 -0.85503
5050.0 5550.0 -0.63989
5150.0 5550.0 -0.44170
5250.0 5550.0 -0.31304
5350.0 5550.0 -0.30082
5450.0 5550.0 -0.40970
5550.0 5550.0 -0.59251
5650.0 5550.0 -0.76786
5750.0 5550.0 -0.86494
5850.0 5550.0 -0.89010
5950.0 5550.0 -0.81208
6050.0 5550.0 -0.54525
6150.0 5550.0 -0.14282
6250.0 5550.0 0.27253
6350.0 5550.0 0.57703
50.0 5650.0 0.28323
150.0 5650.0 0.12618
250.0 5650.0 0.18151
350.0 5650.0 0.43592
450.0 5650.0 0.74965
550.0 5650.0 0.95943
650.0 5650.0 0.94985
750.0 5650.0 0.69327
850.0 5650.0 0.25817
950.0 5650.0 -0.22543
1050.0 5650.0 -0.66123
1150.0 5650.0 -0.93259
1250.0 5650.0 -0.94925
1350.0 5650.0 -0.71689
1450.0 5650.0 -0.34937
1550.0 5650.0 -0.02312
1650.0 5650.0 0.12613
1750.0 5650.0 0.15068
1850.0 5650.0 0.16661
1950.0 5650.0 0.19001
2050.0 5650.0 0.23832
2150.0 5650.0 0.32109
2250.0 5650.0 0.43300
2350.0 5650.0 0.55560
2450.0 5650.0 0.66782
2550.0 5650.0 0.76333
2650.0 5650.0 0.77203
2750.0 5650.0 0.58217
2850.0 5650.0 0.21992
2950.0 5650.0 -0.20392
3050.0 5650.0 -0.55694
3150.0 5650.0 -0.73629
3250.0 5650.0 -0.70802
3350.0 5650.0 -0.53443
3450.0 5650.0 -0.30923
3550.0 5650.0 -0.01919
3650.0 5650.0 0.27458
3750.0 5650.0 0.48102
3850.0 5650.0 0.54481
3950.0 5650.0 0.47459
4050.0 5650.0 0.33374
4150.0 5650.0 0.19361
4250.0 5650.0 0.03987
4350.0 5650.0 -0.24069
4450.0 5650.0 -0.61629
4550.0 5650.0 -0.95984
4650.0 5650.0 -1.15313
4750.0 5650.0 -1.14644
4850.0 5650.0 -0.97349
4950.0 5650.0 -0.72158
5050.0 5650.0 -0.46099
5150.0 5650.0 -0.22957
5250.0 5650.0 -0.08479
5350.0 5650.0 -0.06625
5450.0 5650.0 -0.16666
5550.0 5650.0 -0.32820
5650.0 5650.0 -0.46410
5750.0 5650.0 -0.50532
5850.0 5650.0 -0.46782
5950.0 5650.0 -0.35942
6050.0 5650.0 -0.13703
6150.0 5650.0 0.14708
6250.0 5650.0 0.40329
6350.0 5650.0 0.55658
50.0 5750.0 0.16885
150.0 5750.0 0.00424
250.0 5750.0 0.06255
350.0 5750.0 0.32984
450.0 5750.0 0.65940
550.0 5750.0 0.87986
650.0 5750.0 0.87010
750.0 5750.0 0.60107
850.0 5750.0 0.14467
950.0 5750.0 -0.36367
1050.0 5750.0 -0.82817
1150.0 5750.0 -1.12510
1250.0 5750.0 -1.15284
1350.0 5750.0 -0.91084
1450.0 5750.0 -0.51592
1550.0 5750.0 -0.15524
1650.0 5750.0 0.02378
1750.0 5750.0 0.07052
1850.0 5750.0 0.07947
1950.0 5750.0 0.04428
2050.0 5750.0 -0.00846
2150.0 5750.0 -0.04147
2250.0 5750.0 -0.02712
2350.0 5750.0 0.04210
2450.0 5750.0 0.15284
2550.0 5750.0 0.27912
2650.0 5750.0 0.34631
2750.0 5750.0 0.27200
2850.0 5750.0 0.07374
2950.0 5750.0 -0.17035
3050.0 5750.0 -0.36597
3150.0 5750.0 -0.43896
3250.0 5750.0 -0.36383
3350.0 5750.0 -0.18431
3450.0 5750.0 0.03440
3550.0 5750.0 0.29609
3650.0 5750.0 0.53378
3750.0 5750.0 0.66294
3850.0 5750.0 0.64312
3950.0 5750.0 0.50065
4050.0 5750.0 0.31226
4150.0 5750.0 0.14983
4250.0 5750.0 -0.01550
4350.0 5750.0 -0.28802
4450.0 5750.0 -0.62286
4550.0 5750.0 -0.89341
4650.0 5750.0 -0.99466
4750.0 5750.0 -0.89816
4850.0 5750.0 -0.65869
4950.0 5750.0 -0.37249
5050.0 5750.0 -0.09452
5150.0 5750.0 0.14371
5250.0 5750.0 0.27952
5350.0 5750.0 0.27766
5450.0 5750.0 0.15482
5550.0 5750.0 -0.02124
5650.0 5750.0 -0.15692
5750.0 5750.0 -0.18243
5850.0 5750.0 -0.12163
5950.0 5750.0 -0.01446
6050.0 5750.0 0.15020
6150.0 5750.0 0.32208
6250.0 5750.0 0.43749
6350.0 5750.0 0.45828
50.0 5850.0 -0.11716
150.0 5850.0 -0.27907
250.0 5850.0 -0.20142
350.0 5850.0 0.10519
450.0 5850.0 0.48736
550.0 5850.0 0.76176
650.0 5850.0 0.79483
750.0 5850.0 0.54937
850.0 5850.0 0.09805
950.0 5850.0 -0.41189
1050.0 5850.0 -0.88013
1150.0 5850.0 -1.18334
1250.0 5850.0 -1.21864
1350.0 5850.0 -0.98367
1450.0 5850.0 -0.59371
1550.0 5850.0 -0.23521
1650.0 5850.0 -0.05600
1750.0 5850.0 -0.00896
1850.0 5850.0 -0.01415
1950.0 5850.0 -0.08994
2050.0 5850.0 -0.20597
2150.0 5850.0 -0.31139
2250.0 5850.0 -0.36160
2350.0 5850.0 -0.33513
2450.0 5850.0 -0.24035
2550.0 5850.0 -0.11283
2650.0 5850.0 -0.02053
2750.0 5850.0 -0.01455
2850.0 5850.0 -0.07871
2950.0 5850.0 -0.16101
3050.0 5850.0 -0.20367
3150.0 5850.0 -0.16576
3250.0 5850.0 -0.03819
3350.0 5850.0 0.14883
3450.0 5850.0 0.35664
3550.0 5850.0 0.56902
3650.0 5850.0 0.71369
3750.0 5850.0 0.72209
3850.0 5850.0 0.58060
3950.0 5850.0 0.34268
4050.0 5850.0 0.10206
4150.0 5850.0 -0.07307
4250.0 5850.0 -0.23295
4350.0 5850.0 -0.45994
4450.0 5850.0 -0.69487
4550.0 5850.0 -0.82539
4650.0 5850.0 -0.77691
4750.0 5850.0 -0.55505
4850.0 5850.0 -0.23947
4950.0 5850.0 0.07085
5050.0 5850.0 0.34933
5150.0 5850.0 0.57708
5250.0 5850.0 0.68505
5350.0 5850.0 0.64117
5450.0 5850.0 0.47130
5550.0 5850.0 0.25418
5650.0 5850.0 0.09218
5750.0 5850.0 0.05762
5850.0 5850.0 0.11878
5950.0 5850.0 0.20904
6050.0 5850.0 0.31695
6150.0 5850.0 0.39454
6250.0 5850.0 0.39716
6350.0 5850.0 0.31268
50.0 5950.0 -0.29991
150.0 5950.0 -0.47275
250.0 5950.0 -0.40644
350.0 5950.0 -0.10750
450.0 5950.0 0.27478
550.0 5950.0 0.55816
650.0 5950.0 0.60617
750.0 5950.0 0.37619
850.0 5950.0 -0.06343
950.0 5950.0 -0.56205
1050.0 5950.0 -1.00647
1150.0 5950.0 -1.27228
1250.0 5950.0 -1.26608
1350.0 5950.0 -0.99709
1450.0 5950.0 -0.58861
1550.0 5950.0 -0.22872
1650.0 5950.0 -0.06044
1750.0 5950.0 -0.02971
1850.0 5950.0 -0.07008
1950.0 5950.0 -0.21200
2050.0 5950.0 -0.41569
2150.0 5950.0 -0.61081
2250.0 5950.0 -0.73311
2350.0 5950.0 -0.74864
2450.0 5950.0 -0.66533
2550.0 5950.0 -0.53191
2650.0 5950.0 -0.40418
2750.0 5950.0 -0.29638
2850.0 5950.0 -0.19968
2950.0 5950.0 -0.09795
3050.0 5950.0 0.02239
3150.0 5950.0 0.16676
3250.0 5950.0 0.33122
3350.0 5950.0 0.50544
3450.0 5950.0 0.68120
3550.0 5950.0 0.82458
3650.0 5950.0 0.86390
3750.0 5950.0 0.75119
3850.0 5950.0 0.49943
3950.0 5950.0 0.18377
4050.0 5950.0 -0.09320
4150.0 5950.0 -0.27212
4250.0 5950.0 -0.42104
4350.0 5950.0 -0.60126
4450.0 5950.0 -0.74515
4550.0 5950.0 -0.75764
4650.0 5950.0 -0.59260
4750.0 5950.0 -0.28282
4850.0 5950.0 0.07609
4950.0 5950.0 0.38808
5050.0 5950.0 0.65093
5150.0 5950.0 0.85800
5250.0 5950.0 0.93974
5350.0 5950.0 0.86816
5450.0 5950.0 0.67418
5550.0 5950.0 0.43994
5650.0 5950.0 0.26820
5750.0 5950.0 0.22897
5850.0 5950.0 0.28658
5950.0 5950.0 0.35462
6050.0 5950.0 0.40068
6150.0 5950.0 0.38221
6250.0 5950.0 0.27583
6350.0 5950.0 0.09531
50.0 6050.0 -0.24094
150.0 6050.0 -0.45532
250.0 6050.0 -0.46359
350.0 6050.0 -0.26610
450.0 6050.0 0.01362
550.0 6050.0 0.21949
650.0 6050.0 0.22985
750.0 6050.0 0.00072
850.0 6050.0 -0.41448
950.0 6050.0 -0.87761
1050.0 6050.0 -1.24771
1150.0 6050.0 -1.39742
1250.0 6050.0 -1.26297
1350.0 6050.0 -0.88954
1450.0 6050.0 -0.42505
1550.0 6050.0 -0.06221
1650.0 6050.0 0.07107
1750.0 6050.0 0.05240
1850.0 6050.0 -0.06351
1950.0 6050.0 -0.31704
2050.0 6050.0 -0.64677
2150.0 6050.0 -0.95192
2250.0 6050.0 -1.14566
2350.0 6050.0 -1.18786
2450.0 6050.0 -1.09726
2550.0 6050.0 -0.94227
2650.0 6050.0 -0.75544
2750.0 6050.0 -0.50898
2850.0 6050.0 -0.21553
2950.0 6050.0 0.08778
3050.0 6050.0 0.36100
3150.0 6050.0 0.57699
3250.0 6050.0 0.73122
3350.0 6050.0 0.84552
3450.0 6050.0 0.94473
3550.0 6050.0 0.98704
3650.0 6050.0 0.91525
3750.0 6050.0 0.70797
3850.0 6050.0 0.39787
3950.0 6050.0 0.06354
4050.0 6050.0 -0.20508
4150.0 6050.0 -0.36764
4250.0 6050.0 -0.49632
4350.0 6050.0 -0.63425
4450.0 6050.0 -0.71876
4550.0 6050.0 -0.67631
4650.0 6050.0 -0.48117
4750.0 6050.0 -0.17521
4850.0 6050.0 0.15102
4950.0 6050.0 0.41598
5050.0 6050.0 0.63008
5150.0 6050.0 0.79650
5250.0 6050.0 0.85805
5350.0 6050.0 0.79318
5450.0 6050.0 0.62904
5550.0 6050.0 0.43426
5650.0 6050.0 0.29337
5750.0 6050.0 0.26307
5850.0 6050.0 0.31232
5950.0 6050.0 0.35130
6050.0 6050.0 0.33160
6150.0 6050.0 0.22250
6250.0 6050.0 0.02563
6350.0 6050.0 -0.22118
50.0 6150.0 0.01717
150.0 6150.0 -0.26525
250.0 6150.0 -0.39499
350.0 6150.0 -0.36203
450.0 6150.0 -0.24798
550.0 6150.0 -0.16652
650.0 6150.0 -0.21571
750.0 6150.0 -0.44212
850.0 6150.0 -0.81687
950.0 6150.0 -1.22292
1050.0 6150.0 -1.48191
1150.0 6150.0 -1.46599
1250.0 6150.0 -1.15678
1350.0 6150.0 -0.65079
1450.0 6150.0 -0.12750
1550.0 6150.0 0.21946
1650.0 6150.0 0.28830
1750.0 6150.0 0.18927
1850.0 6150.0 -0.03143
1950.0 6150.0 -0.41541
2050.0 6150.0 -0.87008
2150.0 6150.0 -1.26163
2250.0 6150.0 -1.48763
2350.0 6150.0 -1.51587
2450.0 6150.0 -1.38958
2550.0 6150.0 -1.19741
2650.0 6150.0 -0.93755
2750.0 6150.0 -0.54662
2850.0 6150.0 -0.07180
2950.0 6150.0 0.38967
3050.0 6150.0 0.74908
3150.0 6150.0 0.96207
3250.0 6150.0 1.04167
3350.0 6150.0 1.04857
3450.0 6150.0 1.03217
3550.0 6150.0 0.95656
3650.0 6150.0 0.79360
3750.0 6150.0 0.54969
3850.0 6150.0 0.26334
3950.0 6150.0 -0.00810
4050.0 6150.0 -0.21221
4150.0 6150.0 -0.33617
4250.0 6150.0 -0.43612
4350.0 6150.0 -0.53759
4450.0 6150.0 -0.59605
4550.0 6150.0 -0.56295
4650.0 6150.0 -0.42435
4750.0 6150.0 -0.21294
4850.0 6150.0 0.00643
4950.0 6150.0 0.17771
5050.0 6150.0 0.31183
5150.0 6150.0 0.41814
5250.0 6150.0 0.46355
5350.0 6150.0 0.43531
5450.0 6150.0 0.34900
5550.0 6150.0 0.24447
5650.0 6150.0 0.17103
5750.0 6150.0 0.16184
5850.0 6150.0 0.19827
5950.0 6150.0 0.20600
6050.0 6150.0 0.13021
6150.0 6150.0 -0.04246
6250.0 6150.0 -0.28624
6350.0 6150.0 -0.54687
50.0 6250.0 0.33705
150.0 6250.0 -0.02352
250.0 6250.0 -0.28160
350.0 6250.0 -0.41203
450.0 6250.0 -0.45182
550.0 6250.0 -0.47378
650.0 6250.0 -0.55794
750.0 6250.0 -0.76073
850.0 6250.0 -1.08195
950.0 6250.0 -1.42178
1050.0 6250.0 -1.56525
1150.0 6250.0 -1.39070
1250.0 6250.0 -0.92880
1350.0 6250.0 -0.32521
1450.0 6250.0 0.21666
1550.0 6250.0 0.51254
1650.0 6250.0 0.49366
1750.0 6250.0 0.29931
1850.0 6250.0 -0.02939
1950.0 6250.0 -0.52244
2050.0 6250.0 -1.05390
2150.0 6250.0 -1.46548
2250.0 6250.0 -1.65508
2350.0 6250.0 -1.61586
2450.0 6250.0 -1.42613
2550.0 6250.0 -1.18803
2650.0 6250.0 -0.85895
2750.0 6250.0 -0.35760
2850.0 6250.0 0.22814
2950.0 6250.0 0.74965
3050.0 6250.0 1.08925
3150.0 6250.0 1.20898
3250.0 6250.0 1.15660
3350.0 6250.0 1.02873
3450.0 6250.0 0.88106
3550.0 6250.0 0.69631
3650.0 6250.0 0.48443
3750.0 6250.0 0.27461
3850.0 6250.0 0.09489
3950.0 6250.0 -0.04023
4050.0 6250.0 -0.13412
4150.0 6250.0 -0.20435
4250.0 6250.0 -0.27165
4350.0 6250.0 -0.34164
4450.0 6250.0 -0.39499
4550.0 6250.0 -0.40921
4650.0 6250.0 -0.37652
4750.0 6250.0 -0.30993
4850.0 6250.0 -0.23733
4950.0 6250.0 -0.18377
5050.0 6250.0 -0.14511
5150.0 6250.0 -0.10932
5250.0 6250.0 -0.08015
5350.0 6250.0 -0.06020
5450.0 6250.0 -0.04860
5550.0 6250.0 -0.04098
5650.0 6250.0 -0.03102
5750.0 6250.0 -0.01390
5850.0 6250.0 0.00763
5950.0 6250.0 -0.01156
6050.0 6250.0 -0.12159
6150.0 6250.0 -0.31644
6250.0 6250.0 -0.55217
6350.0 6250.0 -0.76950
50.0 6350.0 0.56061
150.0 6350.0 0.13179
250.0 6350.0 -0.22007
350.0 6350.0 -0.45124
450.0 6350.0 -0.56558
550.0 6350.0 -0.61307
650.0 6350.0 -0.67295
750.0 6350.0 -0.82147
850.0 6350.0 -1.08430
950.0 6350.0 -1.36458
1050.0 6350.0 -1.42118
1150.0 6350.0 -1.14669
1250.0 6350.0 -0.61123
1350.0 6350.0 0.00849
1450.0 6350.0 0.50383
1550.0 6350.0 0.71213
1650.0 6350.0 0.59787
1750.0 6350.0 0.31484
1850.0 6350.0 -0.09863
1950.0 6350.0 -0.64935
2050.0 6350.0 -1.18391
2150.0 6350.0 -1.53533
2250.0 6350.0 -1.61975
2350.0 6350.0 -1.46922
2450.0 6350.0 -1.20038
2550.0 6350.0 -0.91784
2650.0 6350.0 -0.53886
2750.0 6350.0 0.01440
2850.0 6350.0 0.61651
2950.0 6350.0 1.08771
3050.0 6350.0 1.30732
3150.0 6350.0 1.26569
3250.0 6350.0 1.05443
3350.0 6350.0 0.79514
3450.0 6350.0 0.52960
3550.0 6350.0 0.26562
3650.0 6350.0 0.05117
3750.0 6350.0 -0.07074
3850.0 6350.0 -0.09436
3950.0 6350.0 -0.05792
4050.0 6350.0 -0.02484
4150.0 6350.0 -0.03935
4250.0 6350.0 -0.07613
4350.0 6350.0 -0.11670
4450.0 6350.0 -0.16528
4550.0 6350.0 -0.22369
4650.0 6350.0 -0.28995
4750.0 6350.0 -0.35866
4850.0 6350.0 -0.42319
4950.0 6350.0 -0.47960
5050.0 6350.0 -0.53028
5150.0 6350.0 -0.56240
5250.0 6350.0 -0.55356
5350.0 6350.0 -0.49631
5450.0 6350.0 -0.40196
5550.0 6350.0 -0.29725
5650.0 6350.0 -0.21445
5750.0 6350.0 -0.17469
5850.0 6350.0 -0.16701
5950.0 6350.0 -0.20426
6050.0 6350.0 -0.32395
6150.0 6350.0 -0.50282
6250.0 6350.0 -0.68727
6350.0 6350.0 -0.82325
