50.0 50.0 0.00000
150.0 50.0 0.00724
250.0 50.0 0.02983
350.0 50.0 0.06095
450.0 50.0 0.08510
550.0 50.0 0.08989
650.0 50.0 0.07214
750.0 50.0 0.03822
850.0 50.0 -0.00131
950.0 50.0 -0.02053
1050.0 50.0 0.03220
1150.0 50.0 0.14002
1250.0 50.0 0.24607
1350.0 50.0 0.29510
1450.0 50.0 0.25881
1550.0 50.0 0.14483
1650.0 50.0 -0.01061
1750.0 50.0 -0.19484
1850.0 50.0 -0.42715
1950.0 50.0 -0.63148
2050.0 50.0 -0.71396
2150.0 50.0 -0.63443
2250.0 50.0 -0.42980
2350.0 50.0 -0.18912
2450.0 50.0 0.01943
2550.0 50.0 0.21147
2650.0 50.0 0.36305
2750.0 50.0 0.42523
2850.0 50.0 0.37779
2950.0 50.0 0.24787
3050.0 50.0 0.10230
3150.0 50.0 0.01366
3250.0 50.0 0.00029
3350.0 50.0 0.02057
3450.0 50.0 0.08827
3550.0 50.0 0.17871
3650.0 50.0 0.24607
3750.0 50.0 0.25560
3850.0 50.0 0.19972
3950.0 50.0 0.09792
4050.0 50.0 -0.01929
4150.0 50.0 -0.09764
4250.0 50.0 -0.06233
4350.0 50.0 0.06880
4450.0 50.0 0.22266
4550.0 50.0 0.31841
4650.0 50.0 0.30165
4750.0 50.0 0.16532
4850.0 50.0 -0.04268
4950.0 50.0 -0.22777
5050.0 50.0 -0.30730
5150.0 50.0 -0.25992
5250.0 50.0 -0.12113
5350.0 50.0 0.03503
5450.0 50.0 0.12484
5550.0 50.0 0.09418
5650.0 50.0 -0.03243
5750.0 50.0 -0.20852
5850.0 50.0 -0.43936
5950.0 50.0 -0.63940
6050.0 50.0 -0.71372
6150.0 50.0 -0.62512
6250.0 50.0 -0.41331
6350.0 50.0 -0.16605
50.0 150.0 -0.17078
150.0 150.0 -0.15329
250.0 150.0 -0.08945
350.0 150.0 0.01824
450.0 150.0 0.13958
550.0 150.0 0.23893
650.0 150.0 0.29108
750.0 150.0 0.29068
850.0 150.0 0.25539
950.0 150.0 0.23112
1050.0 150.0 0.26530
1150.0 150.0 0.33927
1250.0 150.0 0.40233
1350.0 150.0 0.40920
1450.0 150.0 0.34119
1550.0 150.0 0.21116
1650.0 150.0 0.05221
1750.0 150.0 -0.13372
1850.0 150.0 -0.37008
1950.0 150.0 -0.58096
2050.0 150.0 -0.67131
2150.0 150.0 -0.59926
2250.0 150.0 -0.40018
2350.0 150.0 -0.16238
2450.0 150.0 0.04528
2550.0 150.0 0.23496
2650.0 150.0 0.37721
2750.0 150.0 0.42162
2850.0 150.0 0.35055
2950.0 150.0 0.19613
3050.0 150.0 0.03065
3150.0 150.0 -0.06979
3250.0 150.0 -0.08820
3350.0 150.0 -0.06625
3450.0 150.0 0.02224
3550.0 150.0 0.15469
3650.0 150.0 0.27694
3750.0 150.0 0.34059
3850.0 150.0 0.32461
3950.0 150.0 0.24111
4050.0 150.0 0.12559
4150.0 150.0 0.03837
4250.0 150.0 0.03964
4350.0 150.0 0.11100
4450.0 150.0 0.19179
4550.0 150.0 0.21897
4650.0 150.0 0.15410
4750.0 150.0 -0.00268
4850.0 150.0 -0.21153
4950.0 150.0 -0.39610
5050.0 150.0 -0.47858
5150.0 150.0 -0.43666
5250.0 150.0 -0.30336
5350.0 150.0 -0.15030
5450.0 150.0 -0.05986
5550.0 150.0 -0.08638
5650.0 150.0 -0.20700
5750.0 150.0 -0.37634
5850.0 150.0 -0.60048
5950.0 150.0 -0.79684
6050.0 150.0 -0.87284
6150.0 150.0 -0.79120
6250.0 150.0 -0.58905
6350.0 150.0 -0.35058
50.0 250.0 -0.33363
150.0 250.0 -0.29080
250.0 250.0 -0.16847
350.0 250.0 0.03069
450.0 250.0 0.25632
550.0 250.0 0.44743
650.0 250.0 0.55936
750.0 250.0 0.58083
850.0 250.0 0.54086
950.0 250.0 0.50524
1050.0 250.0 0.52161
1150.0 250.0 0.57118
1250.0 250.0 0.60694
1350.0 250.0 0.58844
1450.0 250.0 0.50095
1550.0 250.0 0.35879
1650.0 250.0 0.19299
1750.0 250.0 -0.00036
1850.0 250.0 -0.24966
1950.0 250.0 -0.47898
2050.0 250.0 -0.59017
2150.0 250.0 -0.53729
2250.0 250.0 -0.35239
2350.0 250.0 -0.12260
2450.0 250.0 0.08142
2550.0 250.0 0.26974
2650.0 250.0 0.41399
2750.0 250.0 0.45988
2850.0 250.0 0.38457
2950.0 250.0 0.21758
3050.0 250.0 0.03251
3150.0 250.0 -0.09031
3250.0 250.0 -0.13027
3350.0 250.0 -0.12470
3450.0 250.0 -0.03448
3550.0 250.0 0.12301
3650.0 250.0 0.28843
3750.0 250.0 0.40054
3850.0 250.0 0.42278
3950.0 250.0 0.35621
4050.0 250.0 0.23917
4150.0 250.0 0.13963
4250.0 250.0 0.10577
4350.0 250.0 0.12153
4450.0 250.0 0.13990
4550.0 250.0 0.11409
4650.0 250.0 0.01763
4750.0 250.0 -0.14641
4850.0 250.0 -0.34714
4950.0 250.0 -0.52890
5050.0 250.0 -0.62732
5150.0 250.0 -0.61502
5250.0 250.0 -0.51149
5350.0 250.0 -0.37515
5450.0 250.0 -0.28120
5550.0 250.0 -0.28519
5650.0 250.0 -0.37323
5750.0 250.0 -0.50559
5850.0 250.0 -0.69244
5950.0 250.0 -0.86736
6050.0 250.0 -0.95074
6150.0 250.0 -0.90537
6250.0 250.0 -0.75462
6350.0 250.0 -0.56342
50.0 350.0 -0.43762
150.0 350.0 -0.35406
250.0 350.0 -0.16562
350.0 350.0 0.11770
450.0 350.0 0.42356
550.0 350.0 0.67083
650.0 350.0 0.80622
750.0 350.0 0.82360
850.0 350.0 0.76632
950.0 350.0 0.71264
1050.0 350.0 0.71544
1150.0 350.0 0.75827
1250.0 350.0 0.79360
1350.0 350.0 0.77781
1450.0 350.0 0.69148
1550.0 350.0 0.54487
1650.0 350.0 0.36879
1750.0 350.0 0.16216
1850.0 350.0 -0.10643
1950.0 350.0 -0.36043
2050.0 350.0 -0.49779
2150.0 350.0 -0.46810
2250.0 350.0 -0.30032
2350.0 350.0 -0.08107
2450.0 350.0 0.11661
2550.0 350.0 0.30509
2650.0 350.0 0.46637
2750.0 350.0 0.53951
2850.0 350.0 0.48676
2950.0 350.0 0.32510
3050.0 350.0 0.12366
3150.0 350.0 -0.03262
3250.0 350.0 -0.11333
3350.0 350.0 -0.14619
3450.0 350.0 -0.08015
3550.0 350.0 0.07602
3650.0 350.0 0.26276
3750.0 350.0 0.40891
3850.0 350.0 0.46175
3950.0 350.0 0.40792
4050.0 350.0 0.28522
4150.0 350.0 0.17102
4250.0 350.0 0.10778
4350.0 350.0 0.08550
4450.0 350.0 0.06979
4550.0 350.0 0.02435
4650.0 350.0 -0.07348
4750.0 350.0 -0.22439
4850.0 350.0 -0.40584
4950.0 350.0 -0.58165
5050.0 350.0 -0.70961
5150.0 350.0 -0.75231
5250.0 350.0 -0.70337
5350.0 350.0 -0.59626
5450.0 350.0 -0.49289
5550.0 350.0 -0.45163
5650.0 350.0 -0.47567
5750.0 350.0 -0.53471
5850.0 350.0 -0.64521
5950.0 350.0 -0.77234
6050.0 350.0 -0.86317
6150.0 350.0 -0.88225
6250.0 350.0 -0.82760
6350.0 350.0 -0.72701
50.0 450.0 -0.44080
150.0 450.0 -0.30992
250.0 450.0 -0.06700
350.0 450.0 0.26384
450.0 450.0 0.59296
550.0 450.0 0.83245
650.0 450.0 0.93695
750.0 450.0 0.91818
850.0 450.0 0.83299
950.0 450.0 0.75790
1050.0 450.0 0.75416
1150.0 450.0 0.80971
1250.0 450.0 0.87234
1350.0 450.0 0.88759
1450.0 450.0 0.82338
1550.0 450.0 0.68110
1650.0 450.0 0.49324
1750.0 450.0 0.27076
1850.0 450.0 -0.01578
1950.0 450.0 -0.28833
2050.0 450.0 -0.44234
2150.0 450.0 -0.42578
2250.0 450.0 -0.26764
2350.0 450.0 -0.05602
2450.0 450.0 0.13432
2550.0 450.0 0.32439
2650.0 450.0 0.51428
2750.0 450.0 0.63484
2850.0 450.0 0.62656
2950.0 450.0 0.48642
3050.0 450.0 0.27433
3150.0 450.0 0.07941
3250.0 450.0 -0.05381
3350.0 450.0 -0.13988
3450.0 450.0 -0.11877
3550.0 450.0 0.01129
3650.0 450.0 0.19528
3750.0 450.0 0.35642
3850.0 450.0 0.42782
3950.0 450.0 0.38073
4050.0 450.0 0.24934
4150.0 450.0 0.12121
4250.0 450.0 0.04130
4350.0 450.0 0.00838
4450.0 450.0 -0.00336
4550.0 450.0 -0.02812
4650.0 450.0 -0.09442
4750.0 450.0 -0.21314
4850.0 450.0 -0.36758
4950.0 450.0 -0.53493
5050.0 450.0 -0.69869
5150.0 450.0 -0.80835
5250.0 450.0 -0.82468
5350.0 450.0 -0.75006
5450.0 450.0 -0.63035
5550.0 450.0 -0.52822
5650.0 450.0 -0.46848
5750.0 450.0 -0.43044
5850.0 450.0 -0.43613
5950.0 450.0 -0.49198
6050.0 450.0 -0.58170
6150.0 450.0 -0.67478
6250.0 450.0 -0.73845
6350.0 450.0 -0.75310
50.0 550.0 -0.34435
150.0 550.0 -0.17103
250.0 550.0 0.10063
350.0 550.0 0.42880
450.0 550.0 0.71583
550.0 550.0 0.88257
650.0 550.0 0.90705
750.0 550.0 0.82761
850.0 550.0 0.71035
950.0 550.0 0.61526
1050.0 550.0 0.61182
1150.0 550.0 0.69313
1250.0 550.0 0.79984
1350.0 550.0 0.86270
1450.0 550.0 0.83307
1550.0 550.0 0.70126
1650.0 550.0 0.50267
1750.0 550.0 0.26611
1850.0 550.0 -0.03000
1950.0 550.0 -0.30534
2050.0 550.0 -0.45585
2150.0 550.0 -0.43269
2250.0 550.0 -0.26954
2350.0 550.0 -0.05849
2450.0 550.0 0.12561
2550.0 550.0 0.31800
2650.0 550.0 0.53977
2750.0 550.0 0.71384
2850.0 550.0 0.75783
2950.0 550.0 0.64688
3050.0 550.0 0.42986
3150.0 550.0 0.19915
3250.0 550.0 0.01402
3350.0 550.0 -0.12665
3450.0 550.0 -0.15730
3550.0 550.0 -0.06605
3650.0 550.0 0.09911
3750.0 550.0 0.25967
3850.0 550.0 0.33828
3950.0 550.0 0.29269
4050.0 550.0 0.15198
4150.0 550.0 0.01337
4250.0 550.0 -0.06897
4350.0 550.0 -0.08707
4450.0 550.0 -0.06322
4550.0 550.0 -0.03718
4650.0 550.0 -0.05039
4750.0 550.0 -0.12722
4850.0 550.0 -0.25356
4950.0 550.0 -0.41162
5050.0 550.0 -0.60758
5150.0 550.0 -0.77780
5250.0 550.0 -0.85160
5350.0 550.0 -0.80220
5450.0 550.0 -0.66115
5550.0 550.0 -0.49616
5650.0 550.0 -0.35273
5750.0 550.0 -0.21633
5850.0 550.0 -0.11132
5950.0 550.0 -0.08516
6050.0 550.0 -0.16031
6150.0 550.0 -0.31443
6250.0 550.0 -0.48703
6350.0 550.0 -0.61261
50.0 650.0 -0.19692
150.0 650.0 0.00477
250.0 650.0 0.27758
350.0 650.0 0.56328
450.0 650.0 0.76557
550.0 650.0 0.82456
650.0 650.0 0.74850
750.0 650.0 0.60309
850.0 650.0 0.45806
950.0 650.0 0.34848
1050.0 650.0 0.34869
1150.0 650.0 0.45614
1250.0 650.0 0.60481
1350.0 650.0 0.71219
1450.0 650.0 0.71509
1550.0 650.0 0.59432
1650.0 650.0 0.38809
1750.0 650.0 0.14274
1850.0 650.0 -0.15151
1950.0 650.0 -0.41172
2050.0 650.0 -0.53753
2150.0 650.0 -0.48777
2250.0 650.0 -0.30478
2350.0 650.0 -0.08644
2450.0 650.0 0.09410
2550.0 650.0 0.28850
2650.0 650.0 0.53554
2750.0 650.0 0.75222
2850.0 650.0 0.83843
2950.0 650.0 0.75212
3050.0 650.0 0.53322
3150.0 650.0 0.27625
3250.0 650.0 0.05189
3350.0 650.0 -0.13066
3450.0 650.0 -0.20272
3550.0 650.0 -0.14486
3650.0 650.0 0.00104
3750.0 650.0 0.15636
3850.0 650.0 0.23695
3950.0 650.0 0.19089
4050.0 650.0 0.04290
4150.0 650.0 -0.10165
4250.0 650.0 -0.17747
4350.0 650.0 -0.16930
4450.0 650.0 -0.09978
4550.0 650.0 -0.01739
4650.0 650.0 0.02249
4750.0 650.0 -0.01681
4850.0 650.0 -0.12112
4950.0 650.0 -0.27113
5050.0 650.0 -0.48751
5150.0 650.0 -0.69656
5250.0 650.0 -0.80522
5350.0 650.0 -0.76671
5450.0 650.0 -0.60362
5550.0 650.0 -0.38838
5650.0 650.0 -0.18120
5750.0 650.0 0.03167
5850.0 650.0 0.22789
5950.0 650.0 0.32892
6050.0 650.0 0.28030
6150.0 650.0 0.09444
6250.0 650.0 -0.15052
6350.0 650.0 -0.35578
50.0 750.0 -0.06913
150.0 750.0 0.14362
250.0 750.0 0.39982
350.0 750.0 0.63057
450.0 750.0 0.74647
550.0 750.0 0.70771
650.0 750.0 0.54811
750.0 750.0 0.35303
850.0 750.0 0.19122
950.0 750.0 0.07444
1050.0 750.0 0.07675
1150.0 750.0 0.19780
1250.0 750.0 0.36815
1350.0 750.0 0.49848
1450.0 750.0 0.51818
1550.0 750.0 0.40317
1650.0 750.0 0.19317
1750.0 750.0 -0.05440
1850.0 750.0 -0.33714
1950.0 750.0 -0.56979
2050.0 750.0 -0.65763
2150.0 750.0 -0.56948
2250.0 750.0 -0.35794
2350.0 750.0 -0.12698
2450.0 750.0 0.05314
2550.0 750.0 0.24829
2650.0 750.0 0.50685
2750.0 750.0 0.74277
2850.0 750.0 0.84746
2950.0 750.0 0.77091
3050.0 750.0 0.54916
3150.0 750.0 0.27814
3250.0 750.0 0.03401
3350.0 750.0 -0.16893
3450.0 750.0 -0.25916
3550.0 750.0 -0.21332
3650.0 750.0 -0.07117
3750.0 750.0 0.08722
3850.0 750.0 0.17293
3950.0 750.0 0.12854
4050.0 750.0 -0.02283
4150.0 750.0 -0.16961
4250.0 750.0 -0.23907
4350.0 750.0 -0.21217
4450.0 750.0 -0.11287
4550.0 750.0 0.00436
4650.0 750.0 0.07558
4750.0 750.0 0.05723
4850.0 750.0 -0.03578
4950.0 750.0 -0.18054
5050.0 750.0 -0.40233
5150.0 750.0 -0.62231
5250.0 750.0 -0.73793
5350.0 750.0 -0.69492
5450.0 750.0 -0.51372
5550.0 750.0 -0.27020
5650.0 750.0 -0.03071
5750.0 750.0 0.22276
5850.0 750.0 0.47342
5950.0 750.0 0.62720
6050.0 750.0 0.61047
6150.0 750.0 0.42619
6250.0 750.0 0.15726
6350.0 750.0 -0.08260
50.0 850.0 0.00179
150.0 850.0 0.21313
250.0 850.0 0.44836
350.0 850.0 0.63417
450.0 850.0 0.68884
550.0 850.0 0.58708
650.0 850.0 0.37809
750.0 850.0 0.15692
850.0 850.0 -0.01082
950.0 850.0 -0.12930
1050.0 850.0 -0.12896
1150.0 850.0 -0.01006
1250.0 850.0 0.15822
1350.0 850.0 0.28679
1450.0 850.0 0.30508
1550.0 850.0 0.18895
1650.0 850.0 -0.02205
1750.0 850.0 -0.26709
1850.0 850.0 -0.53367
1950.0 850.0 -0.73476
2050.0 850.0 -0.78175
2150.0 850.0 -0.65339
2250.0 850.0 -0.41199
2350.0 850.0 -0.16685
2450.0 850.0 0.01503
2550.0 850.0 0.20960
2650.0 850.0 0.46689
2750.0 850.0 0.70006
2850.0 850.0 0.80025
2950.0 850.0 0.71791
3050.0 850.0 0.49018
3150.0 850.0 0.21414
3250.0 850.0 -0.03377
3350.0 850.0 -0.23861
3450.0 850.0 -0.32483
3550.0 850.0 -0.26802
3650.0 850.0 -0.11012
3750.0 850.0 0.06458
3850.0 850.0 0.16265
3950.0 850.0 0.12385
4050.0 850.0 -0.02742
4150.0 850.0 -0.17473
4250.0 850.0 -0.24374
4350.0 850.0 -0.21477
4450.0 850.0 -0.11176
4550.0 850.0 0.01011
4650.0 850.0 0.08575
4750.0 850.0 0.07058
4850.0 850.0 -0.02053
4950.0 850.0 -0.16273
5050.0 850.0 -0.37885
5150.0 850.0 -0.58907
5250.0 850.0 -0.69155
5350.0 850.0 -0.63417
5450.0 850.0 -0.44017
5550.0 850.0 -0.18749
5650.0 850.0 0.05810
5750.0 850.0 0.32173
5850.0 850.0 0.59376
5950.0 850.0 0.77746
6050.0 850.0 0.79163
6150.0 850.0 0.63145
6250.0 850.0 0.37515
6350.0 850.0 0.13653
50.0 950.0 0.07926
150.0 950.0 0.27870
250.0 950.0 0.48143
350.0 950.0 0.61331
450.0 950.0 0.60428
550.0 950.0 0.44473
650.0 950.0 0.19672
750.0 950.0 -0.03969
850.0 950.0 -0.20525
950.0 950.0 -0.31916
1050.0 950.0 -0.31869
1150.0 950.0 -0.20557
1250.0 950.0 -0.04770
1350.0 950.0 0.06904
1450.0 950.0 0.07801
1550.0 950.0 -0.04207
1650.0 950.0 -0.25207
1750.0 950.0 -0.49078
1850.0 950.0 -0.73493
1950.0 950.0 -0.89661
2050.0 950.0 -0.89547
2150.0 950.0 -0.72208
2250.0 950.0 -0.44917
2350.0 950.0 -0.19075
2450.0 950.0 -0.00918
2550.0 950.0 0.18066
2650.0 950.0 0.42650
2750.0 950.0 0.64243
2850.0 950.0 0.72397
2950.0 950.0 0.62650
3050.0 950.0 0.39045
3150.0 950.0 0.11330
3250.0 950.0 -0.13126
3350.0 950.0 -0.33114
3450.0 950.0 -0.40904
3550.0 950.0 -0.33999
3650.0 950.0 -0.16727
3750.0 950.0 0.02243
3850.0 950.0 0.13317
3950.0 950.0 0.10318
4050.0 950.0 -0.04233
4150.0 950.0 -0.18413
4250.0 950.0 -0.24743
4350.0 950.0 -0.21359
4450.0 950.0 -0.10751
4550.0 950.0 0.01548
4650.0 950.0 0.09106
4750.0 950.0 0.07588
4850.0 950.0 -0.01453
4950.0 950.0 -0.15376
5050.0 950.0 -0.36070
5150.0 950.0 -0.55555
5250.0 950.0 -0.63961
5350.0 950.0 -0.56515
5450.0 950.0 -0.35922
5550.0 950.0 -0.10135
5650.0 950.0 0.14482
5750.0 950.0 0.41156
5850.0 950.0 0.69566
5950.0 950.0 0.90074
6050.0 950.0 0.94150
6150.0 950.0 0.80691
6250.0 950.0 0.56928
6350.0 950.0 0.33958
50.0 1050.0 0.22498
150.0 1050.0 0.38008
250.0 1050.0 0.50700
350.0 1050.0 0.54042
450.0 1050.0 0.43738
550.0 1050.0 0.21315
650.0 1050.0 -0.05924
750.0 1050.0 -0.28583
850.0 1050.0 -0.42496
950.0 1050.0 -0.51273
1050.0 1050.0 -0.49813
1150.0 1050.0 -0.38874
1250.0 1050.0 -0.25080
1350.0 1050.0 -0.16164
1450.0 1050.0 -0.17568
1550.0 1050.0 -0.30389
1650.0 1050.0 -0.50679
1750.0 1050.0 -0.72814
1850.0 1050.0 -0.93079
1950.0 1050.0 -1.02943
2050.0 1050.0 -0.95950
2150.0 1050.0 -0.72951
2250.0 1050.0 -0.42445
2350.0 1050.0 -0.16032
2450.0 1050.0 0.01021
2550.0 1050.0 0.18012
2650.0 1050.0 0.38745
2750.0 1050.0 0.55238
2850.0 1050.0 0.58582
2950.0 1050.0 0.45695
3050.0 1050.0 0.21213
3150.0 1050.0 -0.05463
3250.0 1050.0 -0.27969
3350.0 1050.0 -0.46274
3450.0 1050.0 -0.53546
3550.0 1050.0 -0.47221
3650.0 1050.0 -0.30952
3750.0 1050.0 -0.12569
3850.0 1050.0 -0.01019
3950.0 1050.0 -0.02274
4050.0 1050.0 -0.14239
4150.0 1050.0 -0.25520
4250.0 1050.0 -0.28626
4350.0 1050.0 -0.22216
4450.0 1050.0 -0.09377
4550.0 1050.0 0.04119
4650.0 1050.0 0.12092
4750.0 1050.0 0.10772
4850.0 1050.0 0.02111
4950.0 1050.0 -0.11143
5050.0 1050.0 -0.30512
5150.0 1050.0 -0.48102
5250.0 1050.0 -0.54442
5350.0 1050.0 -0.45223
5450.0 1050.0 -0.23478
5550.0 1050.0 0.02771
5650.0 1050.0 0.27429
5750.0 1050.0 0.54146
5850.0 1050.0 0.82835
5950.0 1050.0 1.04023
6050.0 1050.0 1.09195
6150.0 1050.0 0.97076
6250.0 1050.0 0.74614
6350.0 1050.0 0.52643
50.0 1150.0 0.39253
150.0 1150.0 0.46818
250.0 1150.0 0.48112
350.0 1150.0 0.38761
450.0 1150.0 0.18529
550.0 1150.0 -0.08212
650.0 1150.0 -0.33983
750.0 1150.0 -0.51668
850.0 1150.0 -0.59962
950.0 1150.0 -0.63632
1050.0 1150.0 -0.59051
1150.0 1150.0 -0.48060
1250.0 1150.0 -0.37101
1350.0 1150.0 -0.32506
1450.0 1150.0 -0.37597
1550.0 1150.0 -0.51619
1650.0 1150.0 -0.70482
1750.0 1150.0 -0.89806
1850.0 1150.0 -1.04661
1950.0 1150.0 -1.07257
2050.0 1150.0 -0.93251
2150.0 1150.0 -0.65457
2250.0 1150.0 -0.33292
2350.0 1150.0 -0.07958
2450.0 1150.0 0.06639
2550.0 1150.0 0.20042
2650.0 1150.0 0.34487
2750.0 1150.0 0.43256
2850.0 1150.0 0.39994
2950.0 1150.0 0.23633
3050.0 1150.0 -0.00647
3150.0 1150.0 -0.24435
3250.0 1150.0 -0.43062
3350.0 1150.0 -0.58341
3450.0 1150.0 -0.65552
3550.0 1150.0 -0.62049
3650.0 1150.0 -0.49853
3750.0 1150.0 -0.34667
3850.0 1150.0 -0.23700
3950.0 1150.0 -0.22294
4050.0 1150.0 -0.29374
4150.0 1150.0 -0.35215
4250.0 1150.0 -0.32690
4350.0 1150.0 -0.21482
4450.0 1150.0 -0.05625
4550.0 1150.0 0.08958
4650.0 1150.0 0.16854
4750.0 1150.0 0.15519
4850.0 1150.0 0.07539
4950.0 1150.0 -0.04705
5050.0 1150.0 -0.22621
5150.0 1150.0 -0.38508
5250.0 1150.0 -0.43269
5350.0 1150.0 -0.32903
5450.0 1150.0 -0.10553
5550.0 1150.0 0.15874
5650.0 1150.0 0.40526
5750.0 1150.0 0.66944
5850.0 1150.0 0.94723
5950.0 1150.0 1.14698
6050.0 1150.0 1.18897
6150.0 1150.0 1.06470
6250.0 1150.0 0.84477
6350.0 1150.0 0.63550
50.0 1250.0 0.50060
150.0 1250.0 0.47812
250.0 1250.0 0.36868
350.0 1250.0 0.16001
450.0 1250.0 -0.10676
550.0 1250.0 -0.36637
650.0 1250.0 -0.55686
750.0 1250.0 -0.64525
850.0 1250.0 -0.65136
950.0 1250.0 -0.62155
1050.0 1250.0 -0.53283
1150.0 1250.0 -0.41731
1250.0 1250.0 -0.33803
1350.0 1250.0 -0.34165
1450.0 1250.0 -0.43552
1550.0 1250.0 -0.58895
1650.0 1250.0 -0.75877
1750.0 1250.0 -0.91980
1850.0 1250.0 -1.01847
1950.0 1250.0 -0.98840
2050.0 1250.0 -0.80624
2150.0 1250.0 -0.51385
2250.0 1250.0 -0.20605
2350.0 1250.0 0.01632
2450.0 1250.0 0.12797
2550.0 1250.0 0.21824
2650.0 1250.0 0.29364
2750.0 1250.0 0.30417
2850.0 1250.0 0.21489
2950.0 1250.0 0.03431
3050.0 1250.0 -0.18534
3150.0 1250.0 -0.37620
3250.0 1250.0 -0.51096
3350.0 1250.0 -0.62560
3450.0 1250.0 -0.70111
3550.0 1250.0 -0.71022
3650.0 1250.0 -0.65052
3750.0 1250.0 -0.54925
3850.0 1250.0 -0.45383
3950.0 1250.0 -0.40848
4050.0 1250.0 -0.41657
4150.0 1250.0 -0.40703
4250.0 1250.0 -0.31897
4350.0 1250.0 -0.16285
4450.0 1250.0 0.01240
4550.0 1250.0 0.15093
4650.0 1250.0 0.21356
4750.0 1250.0 0.19309
4850.0 1250.0 0.12123
4950.0 1250.0 0.00989
5050.0 1250.0 -0.15838
5150.0 1250.0 -0.30916
5250.0 1250.0 -0.35349
5350.0 1250.0 -0.25123
5450.0 1250.0 -0.03145
5550.0 1250.0 0.23002
5650.0 1250.0 0.47588
5750.0 1250.0 0.73455
5850.0 1250.0 0.99435
5950.0 1250.0 1.16756
6050.0 1250.0 1.18374
6150.0 1250.0 1.04305
6250.0 1250.0 0.82045
6350.0 1250.0 0.62091
50.0 1350.0 0.49438
150.0 1350.0 0.37922
250.0 1350.0 0.17188
350.0 1350.0 -0.10555
450.0 1350.0 -0.37726
550.0 1350.0 -0.57069
650.0 1350.0 -0.65048
750.0 1350.0 -0.62931
850.0 1350.0 -0.55572
950.0 1350.0 -0.45984
1050.0 1350.0 -0.32678
1150.0 1350.0 -0.20195
1250.0 1350.0 -0.14769
1350.0 1350.0 -0.19544
1450.0 1350.0 -0.32810
1550.0 1350.0 -0.49278
1650.0 1350.0 -0.64373
1750.0 1350.0 -0.77676
1850.0 1350.0 -0.84456
1950.0 1350.0 -0.79394
2050.0 1350.0 -0.61470
2150.0 1350.0 -0.35162
2250.0 1350.0 -0.08988
2350.0 1350.0 0.08635
2450.0 1350.0 0.16172
2550.0 1350.0 0.21172
2650.0 1350.0 0.23237
2750.0 1350.0 0.19171
2850.0 1350.0 0.07817
2950.0 1350.0 -0.08839
3050.0 1350.0 -0.26259
3150.0 1350.0 -0.39635
3250.0 1350.0 -0.47872
3350.0 1350.0 -0.55610
3450.0 1350.0 -0.63678
3550.0 1350.0 -0.69277
3650.0 1350.0 -0.69871
3750.0 1350.0 -0.65137
3850.0 1350.0 -0.57294
3950.0 1350.0 -0.49802
4050.0 1350.0 -0.44436
4150.0 1350.0 -0.37081
4250.0 1350.0 -0.23354
4350.0 1350.0 -0.05691
4450.0 1350.0 0.10618
4550.0 1350.0 0.21020
4650.0 1350.0 0.23706
4750.0 1350.0 0.20068
4850.0 1350.0 0.13557
4950.0 1350.0 0.03348
5050.0 1350.0 -0.13079
5150.0 1350.0 -0.28551
5250.0 1350.0 -0.34131
5350.0 1350.0 -0.25437
5450.0 1350.0 -0.04817
5550.0 1350.0 0.20615
5650.0 1350.0 0.45086
5750.0 1350.0 0.70347
5850.0 1350.0 0.94311
5950.0 1350.0 1.08597
6050.0 1350.0 1.07161
6150.0 1350.0 0.90995
6250.0 1350.0 0.68137
6350.0 1350.0 0.49000
50.0 1450.0 0.37333
150.0 1450.0 0.19256
250.0 1450.0 -0.06686
350.0 1450.0 -0.35399
450.0 1450.0 -0.57470
550.0 1450.0 -0.66401
650.0 1450.0 -0.61944
750.0 1450.0 -0.49539
850.0 1450.0 -0.35842
950.0 1450.0 -0.21267
1050.0 1450.0 -0.04483
1150.0 1450.0 0.08990
1250.0 1450.0 0.12914
1350.0 1450.0 0.05200
1450.0 1450.0 -0.10699
1550.0 1450.0 -0.27875
1650.0 1450.0 -0.41533
1750.0 1450.0 -0.53085
1850.0 1450.0 -0.59259
1950.0 1450.0 -0.55887
2050.0 1450.0 -0.42319
2150.0 1450.0 -0.22263
2250.0 1450.0 -0.02550
2350.0 1450.0 0.10160
2450.0 1450.0 0.14756
2550.0 1450.0 0.17047
2650.0 1450.0 0.16447
2750.0 1450.0 0.11220
2850.0 1450.0 0.01443
2950.0 1450.0 -0.10864
3050.0 1450.0 -0.22449
3150.0 1450.0 -0.30398
3250.0 1450.0 -0.34542
3350.0 1450.0 -0.39483
3450.0 1450.0 -0.47934
3550.0 1450.0 -0.57043
3650.0 1450.0 -0.62552
3750.0 1450.0 -0.61855
3850.0 1450.0 -0.55279
3950.0 1450.0 -0.45566
4050.0 1450.0 -0.35568
4150.0 1450.0 -0.23768
4250.0 1450.0 -0.07847
4350.0 1450.0 0.08660
4450.0 1450.0 0.20710
4550.0 1450.0 0.25325
4650.0 1450.0 0.23028
4750.0 1450.0 0.17157
4850.0 1450.0 0.11024
4950.0 1450.0 0.01362
5050.0 1450.0 -0.15353
5150.0 1450.0 -0.32163
5250.0 1450.0 -0.39886
5350.0 1450.0 -0.33555
5450.0 1450.0 -0.14818
5550.0 1450.0 0.09697
5650.0 1450.0 0.34038
5750.0 1450.0 0.58861
5850.0 1450.0 0.81373
5950.0 1450.0 0.93487
6050.0 1450.0 0.89887
6150.0 1450.0 0.72268
6250.0 1450.0 0.49047
6350.0 1450.0 0.30559
50.0 1550.0 0.18532
150.0 1550.0 -0.02376
250.0 1550.0 -0.28738
350.0 1550.0 -0.53738
450.0 1550.0 -0.67833
550.0 1550.0 -0.66200
650.0 1550.0 -0.51505
750.0 1550.0 -0.31977
850.0 1550.0 -0.14809
950.0 1550.0 0.02239
1050.0 1550.0 0.20847
1150.0 1550.0 0.35029
1250.0 1550.0 0.38504
1350.0 1550.0 0.29631
1450.0 1550.0 0.12652
1550.0 1550.0 -0.04766
1650.0 1550.0 -0.17701
1750.0 1550.0 -0.28745
1850.0 1550.0 -0.36327
1950.0 1550.0 -0.37009
2050.0 1550.0 -0.29708
2150.0 1550.0 -0.16763
2250.0 1550.0 -0.03227
2350.0 1550.0 0.05626
2450.0 1550.0 0.08557
2550.0 1550.0 0.09876
2650.0 1550.0 0.09614
2750.0 1550.0 0.06878
2850.0 1550.0 0.01756
2950.0 1550.0 -0.04645
3050.0 1550.0 -0.10595
3150.0 1550.0 -0.14572
3250.0 1550.0 -0.16520
3350.0 1550.0 -0.20042
3450.0 1550.0 -0.28489
3550.0 1550.0 -0.38971
3650.0 1550.0 -0.46452
3750.0 1550.0 -0.47313
3850.0 1550.0 -0.41051
3950.0 1550.0 -0.30103
4050.0 1550.0 -0.17812
4150.0 1550.0 -0.04269
4250.0 1550.0 0.10899
4350.0 1550.0 0.23547
4450.0 1550.0 0.29412
4550.0 1550.0 0.27276
4650.0 1550.0 0.19722
4750.0 1550.0 0.11485
4850.0 1550.0 0.05381
4950.0 1550.0 -0.04150
5050.0 1550.0 -0.21551
5150.0 1550.0 -0.39981
5250.0 1550.0 -0.49943
5350.0 1550.0 -0.45897
5450.0 1550.0 -0.28883
5550.0 1550.0 -0.05172
5650.0 1550.0 0.19066
5750.0 1550.0 0.43770
5850.0 1550.0 0.65938
5950.0 1550.0 0.77625
6050.0 1550.0 0.73745
6150.0 1550.0 0.56147
6250.0 1550.0 0.33263
6350.0 1550.0 0.15317
50.0 1650.0 -0.01287
150.0 1650.0 -0.22172
250.0 1650.0 -0.45981
350.0 1650.0 -0.65240
450.0 1650.0 -0.71331
550.0 1650.0 -0.61302
650.0 1650.0 -0.39880
750.0 1650.0 -0.16659
850.0 1650.0 0.01512
950.0 1650.0 0.18983
1050.0 1650.0 0.38001
1150.0 1650.0 0.52516
1250.0 1650.0 0.56199
1350.0 1650.0 0.47415
1450.0 1650.0 0.30471
1550.0 1650.0 0.13115
1650.0 1650.0 0.00314
1750.0 1650.0 -0.11077
1850.0 1650.0 -0.20976
1950.0 1650.0 -0.26263
2050.0 1650.0 -0.25032
2150.0 1650.0 -0.18190
2250.0 1650.0 -0.09330
2350.0 1650.0 -0.02873
2450.0 1650.0 -0.00481
2550.0 1650.0 0.01155
2650.0 1650.0 0.03139
2750.0 1650.0 0.04877
2850.0 1650.0 0.05669
2950.0 1650.0 0.05236
3050.0 1650.0 0.03881
3150.0 1650.0 0.02286
3250.0 1650.0 0.00941
3350.0 1650.0 -0.02262
3450.0 1650.0 -0.10316
3550.0 1650.0 -0.20305
3650.0 1650.0 -0.27209
3750.0 1650.0 -0.27459
3850.0 1650.0 -0.20619
3950.0 1650.0 -0.09181
4050.0 1650.0 0.03518
4150.0 1650.0 0.16740
4250.0 1650.0 0.29264
4350.0 1650.0 0.36756
4450.0 1650.0 0.35986
4550.0 1650.0 0.27377
4650.0 1650.0 0.15102
4750.0 1650.0 0.04734
4850.0 1650.0 -0.01581
4950.0 1650.0 -0.11249
5050.0 1650.0 -0.29393
5150.0 1650.0 -0.49203
5250.0 1650.0 -0.60905
5350.0 1650.0 -0.58533
5450.0 1650.0 -0.42725
5550.0 1650.0 -0.19554
5650.0 1650.0 0.04622
5750.0 1650.0 0.29492
5850.0 1650.0 0.52309
5950.0 1650.0 0.65154
6050.0 1650.0 0.62727
6150.0 1650.0 0.46539
6250.0 1650.0 0.24699
6350.0 1650.0 0.07268
50.0 1750.0 -0.22156
150.0 1750.0 -0.42193
250.0 1750.0 -0.62431
350.0 1750.0 -0.74993
450.0 1750.0 -0.72526
550.0 1750.0 -0.54123
650.0 1750.0 -0.26465
750.0 1750.0 -0.00209
850.0 1750.0 0.18401
950.0 1750.0 0.35699
1050.0 1750.0 0.54274
1150.0 1750.0 0.68118
1250.0 1750.0 0.71094
1350.0 1750.0 0.61774
1450.0 1750.0 0.44589
1550.0 1750.0 0.27291
1650.0 1750.0 0.14724
1750.0 1750.0 0.03099
1850.0 1750.0 -0.08990
1950.0 1750.0 -0.18758
2050.0 1750.0 -0.23496
2150.0 1750.0 -0.22690
2250.0 1750.0 -0.18469
2350.0 1750.0 -0.14380
2450.0 1750.0 -0.12494
2550.0 1750.0 -0.10395
2650.0 1750.0 -0.05678
2750.0 1750.0 0.01283
2850.0 1750.0 0.08747
2950.0 1750.0 0.14793
3050.0 1750.0 0.18162
3150.0 1750.0 0.18715
3250.0 1750.0 0.17546
3350.0 1750.0 0.14480
3450.0 1750.0 0.07473
3550.0 1750.0 -0.00629
3650.0 1750.0 -0.05346
3750.0 1750.0 -0.03764
3850.0 1750.0 0.04060
3950.0 1750.0 0.15497
4050.0 1750.0 0.27550
4150.0 1750.0 0.39339
4250.0 1750.0 0.48339
4350.0 1750.0 0.50334
4450.0 1750.0 0.43266
4550.0 1750.0 0.29044
4650.0 1750.0 0.13023
4750.0 1750.0 0.01165
4850.0 1750.0 -0.05147
4950.0 1750.0 -0.14837
5050.0 1750.0 -0.33773
5150.0 1750.0 -0.55347
5250.0 1750.0 -0.69568
5350.0 1750.0 -0.69929
5450.0 1750.0 -0.56418
5550.0 1750.0 -0.34652
5650.0 1750.0 -0.11145
5750.0 1750.0 0.13461
5850.0 1750.0 0.36953
5950.0 1750.0 0.51563
6050.0 1750.0 0.51649
6150.0 1750.0 0.38069
6250.0 1750.0 0.18217
6350.0 1750.0 0.01716
50.0 1850.0 -0.44433
150.0 1850.0 -0.62621
250.0 1850.0 -0.77877
350.0 1850.0 -0.82127
450.0 1850.0 -0.69726
550.0 1850.0 -0.42139
650.0 1850.0 -0.08070
750.0 1850.0 0.20969
850.0 1850.0 0.39641
950.0 1850.0 0.56062
1050.0 1850.0 0.72281
1150.0 1850.0 0.82468
1250.0 1850.0 0.81500
1350.0 1850.0 0.69074
1450.0 1850.0 0.50347
1550.0 1850.0 0.33140
1650.0 1850.0 0.21679
1750.0 1850.0 0.10918
1850.0 1850.0 -0.02112
1950.0 1850.0 -0.15319
2050.0 1850.0 -0.25591
2150.0 1850.0 -0.31129
2250.0 1850.0 -0.32377
2350.0 1850.0 -0.31574
2450.0 1850.0 -0.30903
2550.0 1850.0 -0.28813
2650.0 1850.0 -0.21215
2750.0 1850.0 -0.08191
2850.0 1850.0 0.07199
2950.0 1850.0 0.20950
3050.0 1850.0 0.29798
3150.0 1850.0 0.32550
3250.0 1850.0 0.31057
3350.0 1850.0 0.28172
3450.0 1850.0 0.24123
3550.0 1850.0 0.21295
3650.0 1850.0 0.22315
3750.0 1850.0 0.28091
3850.0 1850.0 0.37272
3950.0 1850.0 0.47126
4050.0 1850.0 0.55841
4150.0 1850.0 0.63481
4250.0 1850.0 0.67068
4350.0 1850.0 0.63397
4450.0 1850.0 0.51898
4550.0 1850.0 0.35391
4650.0 1850.0 0.19135
4750.0 1850.0 0.08157
4850.0 1850.0 0.02856
4950.0 1850.0 -0.06098
5050.0 1850.0 -0.25516
5150.0 1850.0 -0.49720
5250.0 1850.0 -0.68856
5350.0 1850.0 -0.75564
5450.0 1850.0 -0.68278
5550.0 1850.0 -0.51162
5650.0 1850.0 -0.30663
5750.0 1850.0 -0.08292
5850.0 1850.0 0.14862
5950.0 1850.0 0.31744
6050.0 1850.0 0.36354
6150.0 1850.0 0.28223
6250.0 1850.0 0.12947
6350.0 1850.0 -0.01221
50.0 1950.0 -0.60870
150.0 1950.0 -0.76330
250.0 1950.0 -0.86339
350.0 1950.0 -0.83049
450.0 1950.0 -0.62538
550.0 1950.0 -0.28219
650.0 1950.0 0.09913
750.0 1950.0 0.40180
850.0 1950.0 0.58271
950.0 1950.0 0.73136
1050.0 1950.0 0.85429
1150.0 1950.0 0.89714
1250.0 1950.0 0.82603
1350.0 1950.0 0.65596
1450.0 1950.0 0.44923
1550.0 1950.0 0.28365
1650.0 1950.0 0.19072
1750.0 1950.0 0.10559
1850.0 1950.0 -0.01257
1950.0 1950.0 -0.15307
2050.0 1950.0 -0.28801
2150.0 1950.0 -0.39240
2250.0 1950.0 -0.45562
2350.0 1950.0 -0.48436
2450.0 1950.0 -0.49675
2550.0 1950.0 -0.48352
2650.0 1950.0 -0.38756
2750.0 1950.0 -0.20676
2850.0 1950.0 0.01577
2950.0 1950.0 0.22004
3050.0 1950.0 0.35416
3150.0 1950.0 0.39592
3250.0 1950.0 0.37098
3350.0 1950.0 0.34305
3450.0 1950.0 0.34754
3550.0 1950.0 0.39899
3650.0 1950.0 0.49258
3750.0 1950.0 0.60551
3850.0 1950.0 0.70544
3950.0 1950.0 0.76595
4050.0 1950.0 0.78896
4150.0 1950.0 0.79490
4250.0 1950.0 0.76157
4350.0 1950.0 0.67728
4450.0 1950.0 0.55251
4550.0 1950.0 0.41491
4650.0 1950.0 0.29868
4750.0 1950.0 0.22848
4850.0 1950.0 0.19744
4950.0 1950.0 0.12660
5050.0 1950.0 -0.05770
5150.0 1950.0 -0.31577
5250.0 1950.0 -0.55859
5350.0 1950.0 -0.70639
5450.0 1950.0 -0.72330
5550.0 1950.0 -0.62769
5650.0 1950.0 -0.47822
5750.0 1950.0 -0.30068
5850.0 1950.0 -0.09054
5950.0 1950.0 0.09510
6050.0 1950.0 0.19483
6150.0 1950.0 0.18658
6250.0 1950.0 0.09928
6350.0 1950.0 -0.00741
50.0 2050.0 -0.64306
150.0 2050.0 -0.76826
250.0 2050.0 -0.83123
350.0 2050.0 -0.76067
450.0 2050.0 -0.52862
550.0 2050.0 -0.17579
650.0 2050.0 0.19953
750.0 2050.0 0.48883
850.0 2050.0 0.65729
950.0 2050.0 0.78778
1050.0 2050.0 0.86947
1150.0 2050.0 0.85415
1250.0 2050.0 0.72682
1350.0 2050.0 0.52028
1450.0 2050.0 0.30527
1550.0 2050.0 0.15616
1650.0 2050.0 0.09230
1750.0 2050.0 0.03988
1850.0 2050.0 -0.04363
1950.0 2050.0 -0.15881
2050.0 2050.0 -0.28877
2150.0 2050.0 -0.41062
2250.0 2050.0 -0.50519
2350.0 2050.0 -0.56479
2450.0 2050.0 -0.59918
2550.0 2050.0 -0.60105
2650.0 2050.0 -0.50385
2750.0 2050.0 -0.30354
2850.0 2050.0 -0.05045
2950.0 2050.0 0.18366
3050.0 2050.0 0.33532
3150.0 2050.0 0.37602
3250.0 2050.0 0.33553
3350.0 2050.0 0.30623
3450.0 2050.0 0.35715
3550.0 2050.0 0.49029
3650.0 2050.0 0.66504
3750.0 2050.0 0.82395
3850.0 2050.0 0.91638
3950.0 2050.0 0.91996
4050.0 2050.0 0.85979
4150.0 2050.0 0.77990
4250.0 2050.0 0.67624
4350.0 2050.0 0.56384
4450.0 2050.0 0.46734
4550.0 2050.0 0.40382
4650.0 2050.0 0.37491
4750.0 2050.0 0.36802
4850.0 2050.0 0.36667
4950.0 2050.0 0.32492
5050.0 2050.0 0.17375
5150.0 2050.0 -0.06866
5250.0 2050.0 -0.33276
5350.0 2050.0 -0.54168
5450.0 2050.0 -0.64347
5550.0 2050.0 -0.63131
5650.0 2050.0 -0.55142
5750.0 2050.0 -0.43647
5850.0 2050.0 -0.26701
5950.0 2050.0 -0.08294
6050.0 2050.0 0.05724
6150.0 2050.0 0.11602
6250.0 2050.0 0.09390
6350.0 2050.0 0.02396
50.0 2150.0 -0.53256
150.0 2150.0 -0.63369
250.0 2150.0 -0.68599
350.0 2150.0 -0.62890
450.0 2150.0 -0.43620
550.0 2150.0 -0.13937
650.0 2150.0 0.18044
750.0 2150.0 0.43182
850.0 2150.0 0.58377
950.0 2150.0 0.69872
1050.0 2150.0 0.75151
1150.0 2150.0 0.70130
1250.0 2150.0 0.54748
1350.0 2150.0 0.33343
1450.0 2150.0 0.13146
1550.0 2150.0 0.00889
1650.0 2150.0 -0.02482
1750.0 2150.0 -0.04221
1850.0 2150.0 -0.07721
1950.0 2150.0 -0.14005
2050.0 2150.0 -0.22986
2150.0 2150.0 -0.33429
2250.0 2150.0 -0.43391
2350.0 2150.0 -0.51140
2450.0 2150.0 -0.56545
2550.0 2150.0 -0.58654
2650.0 2150.0 -0.50856
2750.0 2150.0 -0.32711
2850.0 2150.0 -0.09221
2950.0 2150.0 0.12437
3050.0 2150.0 0.25889
3150.0 2150.0 0.28234
3250.0 2150.0 0.22432
3350.0 2150.0 0.19097
3450.0 2150.0 0.27545
3550.0 2150.0 0.46684
3650.0 2150.0 0.69378
3750.0 2150.0 0.87144
3850.0 2150.0 0.93742
3950.0 2150.0 0.87641
4050.0 2150.0 0.73363
4150.0 2150.0 0.57248
4250.0 2150.0 0.41152
4350.0 2150.0 0.29237
4450.0 2150.0 0.24939
4550.0 2150.0 0.28310
4650.0 2150.0 0.35743
4750.0 2150.0 0.42057
4850.0 2150.0 0.44930
4950.0 2150.0 0.44166
5050.0 2150.0 0.34531
5150.0 2150.0 0.15781
5250.0 2150.0 -0.07839
5350.0 2150.0 -0.30101
5450.0 2150.0 -0.45311
5550.0 2150.0 -0.50816
5650.0 2150.0 -0.49481
5750.0 2150.0 -0.44460
5850.0 2150.0 -0.32809
5950.0 2150.0 -0.16843
6050.0 2150.0 -0.01652
6150.0 2150.0 0.08173
6250.0 2150.0 0.10503
6350.0 2150.0 0.06313
50.0 2250.0 -0.33140
150.0 2250.0 -0.41875
250.0 2250.0 -0.48541
350.0 2250.0 -0.48196
450.0 2250.0 -0.37547
550.0 2250.0 -0.17699
650.0 2250.0 0.05858
750.0 2250.0 0.26023
850.0 2250.0 0.39622
950.0 2250.0 0.50223
1050.0 2250.0 0.54699
1150.0 2250.0 0.49671
1250.0 2250.0 0.35660
1350.0 2250.0 0.16994
1450.0 2250.0 0.00241
1550.0 2250.0 -0.08832
1650.0 2250.0 -0.09765
1750.0 2250.0 -0.08676
1850.0 2250.0 -0.07473
1950.0 2250.0 -0.07789
2050.0 2250.0 -0.11124
2150.0 2250.0 -0.17664
2250.0 2250.0 -0.26063
2350.0 2250.0 -0.34208
2450.0 2250.0 -0.40932
2550.0 2250.0 -0.44845
2650.0 2250.0 -0.40212
2750.0 2250.0 -0.26697
2850.0 2250.0 -0.08651
2950.0 2250.0 0.07732
3050.0 2250.0 0.16990
3150.0 2250.0 0.16677
3250.0 2250.0 0.09377
3350.0 2250.0 0.05454
3450.0 2250.0 0.15145
3550.0 2250.0 0.36327
3650.0 2250.0 0.60031
3750.0 2250.0 0.76429
3850.0 2250.0 0.79058
3950.0 2250.0 0.67235
4050.0 2250.0 0.46700
4150.0 2250.0 0.24702
4250.0 2250.0 0.04982
4350.0 2250.0 -0.06299
4450.0 2250.0 -0.05212
4550.0 2250.0 0.06726
4650.0 2250.0 0.22794
4750.0 2250.0 0.34745
4850.0 2250.0 0.39909
4950.0 2250.0 0.42278
5050.0 2250.0 0.39102
5150.0 2250.0 0.28654
5250.0 2250.0 0.12308
5350.0 2250.0 -0.06045
5450.0 2250.0 -0.21487
5550.0 2250.0 -0.30436
5650.0 2250.0 -0.33868
5750.0 2250.0 -0.33997
5850.0 2250.0 -0.27579
5950.0 2250.0 -0.15692
6050.0 2250.0 -0.02395
6150.0 2250.0 0.07765
6250.0 2250.0 0.11641
6350.0 2250.0 0.08746
50.0 2350.0 -0.13146
150.0 2350.0 -0.21594
250.0 2350.0 -0.31009
350.0 2350.0 -0.37278
450.0 2350.0 -0.36043
550.0 2350.0 -0.26172
650.0 2350.0 -0.10645
750.0 2350.0 0.05137
850.0 2350.0 0.17622
950.0 2350.0 0.28114
1050.0 2350.0 0.33849
1150.0 2350.0 0.31984
1250.0 2350.0 0.22728
1350.0 2350.0 0.09425
1450.0 2350.0 -0.02637
1550.0 2350.0 -0.08686
1650.0 2350.0 -0.08204
1750.0 2350.0 -0.05582
1850.0 2350.0 -0.01288
1950.0 2350.0 0.02832
2050.0 2350.0 0.04215
2150.0 2350.0 0.01514
2250.0 2350.0 -0.04679
2350.0 2350.0 -0.12314
2450.0 2350.0 -0.19566
2550.0 2350.0 -0.24689
2650.0 2350.0 -0.23145
2750.0 2350.0 -0.14767
2850.0 2350.0 -0.03029
2950.0 2350.0 0.07235
3050.0 2350.0 0.11843
3150.0 2350.0 0.09010
3250.0 2350.0 0.00812
3350.0 2350.0 -0.03716
3450.0 2350.0 0.05165
3550.0 2350.0 0.24757
3650.0 2350.0 0.45715
3750.0 2350.0 0.58344
3850.0 2350.0 0.56799
3950.0 2350.0 0.41176
4050.0 2350.0 0.17491
4150.0 2350.0 -0.07305
4250.0 2350.0 -0.28622
4350.0 2350.0 -0.39333
4450.0 2350.0 -0.35325
4550.0 2350.0 -0.18947
4650.0 2350.0 0.01505
4750.0 2350.0 0.16272
4850.0 2350.0 0.22556
4950.0 2350.0 0.27121
5050.0 2350.0 0.29786
5150.0 2350.0 0.28165
5250.0 2350.0 0.21271
5350.0 2350.0 0.10432
5450.0 2350.0 -0.01116
5550.0 2350.0 -0.09954
5650.0 2350.0 -0.15485
5750.0 2350.0 -0.18459
5850.0 2350.0 -0.15955
5950.0 2350.0 -0.08457
6050.0 2350.0 0.00968
6150.0 2350.0 0.08510
6250.0 2350.0 0.11177
6350.0 2350.0 0.08062
50.0 2450.0 0.01273
150.0 2450.0 -0.07572
250.0 2450.0 -0.19795
350.0 2450.0 -0.31754
450.0 2450.0 -0.38067
550.0 2450.0 -0.35803
650.0 2450.0 -0.26114
750.0 2450.0 -0.13311
850.0 2450.0 -0.01396
950.0 2450.0 0.09521
1050.0 2450.0 0.17716
1150.0 2450.0 0.20697
1250.0 2450.0 0.17806
1350.0 2450.0 0.10889
1450.0 2450.0 0.03721
1550.0 2450.0 0.00185
1650.0 2450.0 0.01216
1750.0 2450.0 0.04233
1850.0 2450.0 0.09792
1950.0 2450.0 0.16087
2050.0 2450.0 0.20108
2150.0 2450.0 0.19872
2250.0 2450.0 0.15412
2350.0 2450.0 0.08529
2450.0 2450.0 0.01298
2550.0 2450.0 -0.04395
2650.0 2450.0 -0.05105
2750.0 2450.0 -0.00823
2850.0 2450.0 0.05755
2950.0 2450.0 0.11007
3050.0 2450.0 0.11911
3150.0 2450.0 0.07280
3250.0 2450.0 -0.01257
3350.0 2450.0 -0.06301
3450.0 2450.0 0.00595
3550.0 2450.0 0.16547
3650.0 2450.0 0.32822
3750.0 2450.0 0.40769
3850.0 2450.0 0.35603
3950.0 2450.0 0.18023
4050.0 2450.0 -0.06324
4150.0 2450.0 -0.31596
4250.0 2450.0 -0.53365
4350.0 2450.0 -0.64367
4450.0 2450.0 -0.60383
4550.0 2450.0 -0.43777
4650.0 2450.0 -0.22981
4750.0 2450.0 -0.07930
4850.0 2450.0 -0.01489
4950.0 2450.0 0.04323
5050.0 2450.0 0.11510
5150.0 2450.0 0.17656
5250.0 2450.0 0.20113
5350.0 2450.0 0.17910
5450.0 2450.0 0.12282
5550.0 2450.0 0.05815
5650.0 2450.0 0.00227
5750.0 2450.0 -0.03650
5850.0 2450.0 -0.03527
5950.0 2450.0 0.00193
6050.0 2450.0 0.05235
6150.0 2450.0 0.08817
6250.0 2450.0 0.08796
6350.0 2450.0 0.04566
50.0 2550.0 0.15264
150.0 2550.0 0.05652
250.0 2550.0 -0.09405
350.0 2550.0 -0.26553
450.0 2550.0 -0.39435
550.0 2550.0 -0.43566
650.0 2550.0 -0.38627
750.0 2550.0 -0.28148
850.0 2550.0 -0.16603
950.0 2550.0 -0.05132
1050.0 2550.0 0.05731
1150.0 2550.0 0.13711
1250.0 2550.0 0.17120
1350.0 2550.0 0.16236
1450.0 2550.0 0.13385
1550.0 2550.0 0.11726
1650.0 2550.0 0.12732
1750.0 2550.0 0.15457
1850.0 2550.0 0.21188
1950.0 2550.0 0.28407
2050.0 2550.0 0.34090
2150.0 2550.0 0.35927
2250.0 2550.0 0.33427
2350.0 2550.0 0.27915
2450.0 2550.0 0.21423
2550.0 2550.0 0.15892
2650.0 2550.0 0.13677
2750.0 2550.0 0.14514
2850.0 2550.0 0.16377
2950.0 2550.0 0.16844
3050.0 2550.0 0.14136
3150.0 2550.0 0.07812
3250.0 2550.0 -0.00868
3350.0 2550.0 -0.06274
3450.0 2550.0 -0.01368
3550.0 2550.0 0.10846
3650.0 2550.0 0.22391
3750.0 2550.0 0.25780
3850.0 2550.0 0.17325
3950.0 2550.0 -0.01720
4050.0 2550.0 -0.26171
4150.0 2550.0 -0.51392
4250.0 2550.0 -0.73321
4350.0 2550.0 -0.84781
4450.0 2550.0 -0.81520
4550.0 2550.0 -0.65756
4650.0 2550.0 -0.45712
4750.0 2550.0 -0.31161
4850.0 2550.0 -0.24981
4950.0 2550.0 -0.18391
5050.0 2550.0 -0.07415
5150.0 2550.0 0.05621
5250.0 2550.0 0.16633
5350.0 2550.0 0.22538
5450.0 2550.0 0.22631
5550.0 2550.0 0.18590
5650.0 2550.0 0.13105
5750.0 2550.0 0.08563
5850.0 2550.0 0.06755
5950.0 2550.0 0.07392
6050.0 2550.0 0.08902
6150.0 2550.0 0.09388
6250.0 2550.0 0.07398
6350.0 2550.0 0.02535
50.0 2650.0 0.30583
150.0 2650.0 0.19293
250.0 2650.0 0.01264
350.0 2650.0 -0.20042
450.0 2650.0 -0.37387
550.0 2650.0 -0.45291
650.0 2650.0 -0.42764
750.0 2650.0 -0.33238
850.0 2650.0 -0.21712
950.0 2650.0 -0.09579
1050.0 2650.0 0.03872
1150.0 2650.0 0.16216
1250.0 2650.0 0.24513
1350.0 2650.0 0.27584
1450.0 2650.0 0.26740
1550.0 2650.0 0.24943
1650.0 2650.0 0.24411
1750.0 2650.0 0.25119
1850.0 2650.0 0.28412
1950.0 2650.0 0.33766
2050.0 2650.0 0.39271
2150.0 2650.0 0.42989
2250.0 2650.0 0.43822
2350.0 2650.0 0.41881
2450.0 2650.0 0.38375
2550.0 2650.0 0.35221
2650.0 2650.0 0.33571
2750.0 2650.0 0.32467
2850.0 2650.0 0.30268
2950.0 2650.0 0.25837
3050.0 2650.0 0.19093
3150.0 2650.0 0.10915
3250.0 2650.0 0.02416
3350.0 2650.0 -0.02839
3450.0 2650.0 0.00850
3550.0 2650.0 0.10362
3650.0 2650.0 0.18345
3750.0 2650.0 0.18290
3850.0 2650.0 0.07442
3950.0 2650.0 -0.12460
4050.0 2650.0 -0.36611
4150.0 2650.0 -0.61322
4250.0 2650.0 -0.82831
4350.0 2650.0 -0.94329
4450.0 2650.0 -0.91823
4550.0 2650.0 -0.77470
4650.0 2650.0 -0.59123
4750.0 2650.0 -0.46073
4850.0 2650.0 -0.41020
4950.0 2650.0 -0.34726
5050.0 2650.0 -0.21742
5150.0 2650.0 -0.04287
5250.0 2650.0 0.12488
5350.0 2650.0 0.23882
5450.0 2650.0 0.27674
5550.0 2650.0 0.24799
5650.0 2650.0 0.18673
5750.0 2650.0 0.13001
5850.0 2650.0 0.09643
5950.0 2650.0 0.08853
6050.0 2650.0 0.09699
6150.0 2650.0 0.10568
6250.0 2650.0 0.09800
6350.0 2650.0 0.06463
50.0 2750.0 0.42132
150.0 2750.0 0.28254
250.0 2750.0 0.07602
350.0 2750.0 -0.15747
450.0 2750.0 -0.33969
550.0 2750.0 -0.41497
650.0 2750.0 -0.37850
750.0 2750.0 -0.27293
850.0 2750.0 -0.15315
950.0 2750.0 -0.02479
1050.0 2750.0 0.13072
1150.0 2750.0 0.28316
1250.0 2750.0 0.38961
1350.0 2750.0 0.42734
1450.0 2750.0 0.40631
1550.0 2750.0 0.36124
1650.0 2750.0 0.32339
1750.0 2750.0 0.29119
1850.0 2750.0 0.27002
1950.0 2750.0 0.27230
2050.0 2750.0 0.30276
2150.0 2750.0 0.35406
2250.0 2750.0 0.40882
2350.0 2750.0 0.44831
2450.0 2750.0 0.46760
2550.0 2750.0 0.48486
2650.0 2750.0 0.50026
2750.0 2750.0 0.49292
2850.0 2750.0 0.44587
2950.0 2750.0 0.35953
3050.0 2750.0 0.25307
3150.0 2750.0 0.15380
3250.0 2750.0 0.07463
3350.0 2750.0 0.03004
3450.0 2750.0 0.06695
3550.0 2750.0 0.15323
3650.0 2750.0 0.21880
3750.0 2750.0 0.20424
3850.0 2750.0 0.08763
3950.0 2750.0 -0.11052
4050.0 2750.0 -0.34424
4150.0 2750.0 -0.58073
4250.0 2750.0 -0.78326
4350.0 2750.0 -0.89037
4450.0 2750.0 -0.86866
4550.0 2750.0 -0.74118
4650.0 2750.0 -0.58190
4750.0 2750.0 -0.47597
4850.0 2750.0 -0.44603
4950.0 2750.0 -0.39925
5050.0 2750.0 -0.27447
5150.0 2750.0 -0.09274
5250.0 2750.0 0.08981
5350.0 2750.0 0.21837
5450.0 2750.0 0.26288
5550.0 2750.0 0.22834
5650.0 2750.0 0.15210
5750.0 2750.0 0.07853
5850.0 2750.0 0.03201
5950.0 2750.0 0.02523
6050.0 2750.0 0.05503
6150.0 2750.0 0.10246
6250.0 2750.0 0.13975
6350.0 2750.0 0.14432
50.0 2850.0 0.44796
150.0 2850.0 0.27922
250.0 2850.0 0.05491
350.0 2850.0 -0.17418
450.0 2850.0 -0.32795
550.0 2850.0 -0.35906
650.0 2850.0 -0.27855
750.0 2850.0 -0.14493
850.0 2850.0 -0.01686
950.0 2850.0 0.11777
1050.0 2850.0 0.28635
1150.0 2850.0 0.44946
1250.0 2850.0 0.55196
1350.0 2850.0 0.56530
1450.0 2850.0 0.50333
1550.0 2850.0 0.41165
1650.0 2850.0 0.33056
1750.0 2850.0 0.24772
1850.0 2850.0 0.15383
1950.0 2850.0 0.08329
2050.0 2850.0 0.07257
2150.0 2850.0 0.13192
2250.0 2850.0 0.23825
2350.0 2850.0 0.34890
2450.0 2850.0 0.43653
2550.0 2850.0 0.51811
2650.0 2850.0 0.58519
2750.0 2850.0 0.60344
2850.0 2850.0 0.55114
2950.0 2850.0 0.43725
3050.0 2850.0 0.30023
3150.0 2850.0 0.18773
3250.0 2850.0 0.11718
3350.0 2850.0 0.08540
3450.0 2850.0 0.13417
3550.0 2850.0 0.23089
3650.0 2850.0 0.30554
3750.0 2850.0 0.29939
3850.0 2850.0 0.19150
3950.0 2850.0 0.00322
4050.0 2850.0 -0.21945
4150.0 2850.0 -0.44151
4250.0 2850.0 -0.62402
4350.0 2850.0 -0.71382
4450.0 2850.0 -0.68722
4550.0 2850.0 -0.57136
4650.0 2850.0 -0.43649
4750.0 2850.0 -0.35887
4850.0 2850.0 -0.35471
4950.0 2850.0 -0.33355
5050.0 2850.0 -0.23560
5150.0 2850.0 -0.08086
5250.0 2850.0 0.07597
5350.0 2850.0 0.18094
5450.0 2850.0 0.20385
5550.0 2850.0 0.14875
5650.0 2850.0 0.05202
5750.0 2850.0 -0.04214
5850.0 2850.0 -0.10217
5950.0 2850.0 -0.10252
6050.0 2850.0 -0.03954
6150.0 2850.0 0.06276
6250.0 2850.0 0.16109
6350.0 2850.0 0.21550
50.0 2950.0 0.37375
150.0 2950.0 0.17761
250.0 2950.0 -0.05482
350.0 2950.0 -0.26169
450.0 2950.0 -0.36440
550.0 2950.0 -0.32928
650.0 2950.0 -0.18831
750.0 2950.0 -0.01860
850.0 2950.0 0.11907
950.0 2950.0 0.25839
1050.0 2950.0 0.43251
1150.0 2950.0 0.59221
1250.0 2950.0 0.67307
1350.0 2950.0 0.64512
1450.0 2950.0 0.53019
1550.0 2950.0 0.38678
1650.0 2950.0 0.26264
1750.0 2950.0 0.13023
1850.0 2950.0 -0.03619
1950.0 2950.0 -0.18106
2050.0 2950.0 -0.23643
2150.0 2950.0 -0.17379
2250.0 2950.0 -0.02075
2350.0 2950.0 0.15736
2450.0 2950.0 0.31113
2550.0 2950.0 0.45656
2650.0 2950.0 0.58034
2750.0 2950.0 0.63553
2850.0 2950.0 0.59345
2950.0 2950.0 0.46767
3050.0 2950.0 0.31190
3150.0 2950.0 0.19170
3250.0 2950.0 0.13027
3350.0 2950.0 0.11248
3450.0 2950.0 0.17957
3550.0 2950.0 0.29882
3650.0 2950.0 0.39786
3750.0 2950.0 0.41486
3850.0 2950.0 0.32633
3950.0 2950.0 0.15269
4050.0 2950.0 -0.05860
4150.0 2950.0 -0.26569
4250.0 2950.0 -0.42482
4350.0 2950.0 -0.49073
4450.0 2950.0 -0.45057
4550.0 2950.0 -0.33759
4650.0 2950.0 -0.22037
4750.0 2950.0 -0.16752
4850.0 2950.0 -0.18807
4950.0 2950.0 -0.19428
5050.0 2950.0 -0.13234
5150.0 2950.0 -0.02141
5250.0 2950.0 0.08877
5350.0 2950.0 0.15033
5450.0 2950.0 0.13767
5550.0 2950.0 0.05615
5650.0 2950.0 -0.06121
5750.0 2950.0 -0.17635
5850.0 2950.0 -0.25329
5950.0 2950.0 -0.25399
6050.0 2950.0 -0.16683
6150.0 2950.0 -0.01880
6250.0 2950.0 0.13349
6350.0 2950.0 0.23400
50.0 3050.0 0.23474
150.0 3050.0 0.01923
250.0 3050.0 -0.21501
350.0 3050.0 -0.39744
450.0 3050.0 -0.45203
550.0 3050.0 -0.35770
650.0 3050.0 -0.16430
750.0 3050.0 0.03593
850.0 3050.0 0.18134
950.0 3050.0 0.32371
1050.0 3050.0 0.49983
1150.0 3050.0 0.65305
1250.0 3050.0 0.71286
1350.0 3050.0 0.64951
1450.0 3050.0 0.49187
1550.0 3050.0 0.30856
1650.0 3050.0 0.15250
1750.0 3050.0 -0.01636
1850.0 3050.0 -0.23622
1950.0 3050.0 -0.43597
2050.0 3050.0 -0.52448
2150.0 3050.0 -0.45977
2250.0 3050.0 -0.27267
2350.0 3050.0 -0.04510
2450.0 3050.0 0.15723
2550.0 3050.0 0.35018
2650.0 3050.0 0.51833
2750.0 3050.0 0.60571
2850.0 3050.0 0.57755
2950.0 3050.0 0.44928
3050.0 3050.0 0.28431
3150.0 3050.0 0.16061
3250.0 3050.0 0.10618
3350.0 3050.0 0.09931
3450.0 3050.0 0.18261
3550.0 3050.0 0.32347
3650.0 3050.0 0.44679
3750.0 3050.0 0.48690
3850.0 3050.0 0.41704
3950.0 3050.0 0.25619
4050.0 3050.0 0.05354
4150.0 3050.0 -0.14162
4250.0 3050.0 -0.27975
4350.0 3050.0 -0.32122
4450.0 3050.0 -0.26255
4550.0 3050.0 -0.14352
4650.0 3050.0 -0.03339
4750.0 3050.0 0.00391
4850.0 3050.0 -0.03446
4950.0 3050.0 -0.06120
5050.0 3050.0 -0.02731
5150.0 3050.0 0.04857
5250.0 3050.0 0.12099
5350.0 3050.0 0.14732
5450.0 3050.0 0.10617
5550.0 3050.0 0.00421
5650.0 3050.0 -0.12845
5750.0 3050.0 -0.26141
5850.0 3050.0 -0.35988
5950.0 3050.0 -0.37670
6050.0 3050.0 -0.29113
6150.0 3050.0 -0.12768
6250.0 3050.0 0.05148
6350.0 3050.0 0.18036
50.0 3150.0 0.09351
150.0 3150.0 -0.13126
250.0 3150.0 -0.36697
350.0 3150.0 -0.53909
450.0 3150.0 -0.57256
550.0 3150.0 -0.45188
650.0 3150.0 -0.23494
750.0 3150.0 -0.02090
850.0 3150.0 0.12805
950.0 3150.0 0.27243
1050.0 3150.0 0.45245
1150.0 3150.0 0.60828
1250.0 3150.0 0.66549
1350.0 3150.0 0.59268
1450.0 3150.0 0.42031
1550.0 3150.0 0.22086
1650.0 3150.0 0.05016
1750.0 3150.0 -0.13555
1850.0 3150.0 -0.37897
1950.0 3150.0 -0.60149
2050.0 3150.0 -0.70164
2150.0 3150.0 -0.63203
2250.0 3150.0 -0.42596
2350.0 3150.0 -0.17366
2450.0 3150.0 0.05180
2550.0 3150.0 0.26696
2650.0 3150.0 0.45516
2750.0 3150.0 0.55606
2850.0 3150.0 0.53234
2950.0 3150.0 0.40083
3050.0 3150.0 0.23001
3150.0 3150.0 0.10394
3250.0 3150.0 0.05272
3350.0 3150.0 0.05074
3450.0 3150.0 0.14060
3550.0 3150.0 0.28964
3650.0 3150.0 0.42188
3750.0 3150.0 0.47048
3850.0 3150.0 0.40766
3950.0 3150.0 0.25203
4050.0 3150.0 0.05335
4150.0 3150.0 -0.13523
4250.0 3150.0 -0.25941
4350.0 3150.0 -0.28210
4450.0 3150.0 -0.20568
4550.0 3150.0 -0.07519
4650.0 3150.0 0.03778
4750.0 3150.0 0.07055
4850.0 3150.0 0.02411
4950.0 3150.0 -0.01061
5050.0 3150.0 0.01679
5150.0 3150.0 0.08809
5250.0 3150.0 0.15738
5350.0 3150.0 0.18103
5450.0 3150.0 0.13634
5550.0 3150.0 0.02910
5650.0 3150.0 -0.11032
5750.0 3150.0 -0.25570
5850.0 3150.0 -0.37963
5950.0 3150.0 -0.43067
6050.0 3150.0 -0.37834
6150.0 3150.0 -0.23812
6250.0 3150.0 -0.06773
6350.0 3150.0 0.06526
50.0 3250.0 -0.01286
150.0 3250.0 -0.23977
250.0 3250.0 -0.48020
350.0 3250.0 -0.65968
450.0 3250.0 -0.70169
550.0 3250.0 -0.58876
650.0 3250.0 -0.37721
750.0 3250.0 -0.16559
850.0 3250.0 -0.01689
950.0 3250.0 0.12924
1050.0 3250.0 0.31739
1150.0 3250.0 0.48817
1250.0 3250.0 0.56388
1350.0 3250.0 0.50836
1450.0 3250.0 0.34789
1550.0 3250.0 0.15303
1650.0 3250.0 -0.01861
1750.0 3250.0 -0.20600
1850.0 3250.0 -0.44930
1950.0 3250.0 -0.66854
2050.0 3250.0 -0.76200
2150.0 3250.0 -0.68355
2250.0 3250.0 -0.46874
2350.0 3250.0 -0.21003
2450.0 3250.0 0.01914
2550.0 3250.0 0.23659
2650.0 3250.0 0.42367
2750.0 3250.0 0.51913
2850.0 3250.0 0.48673
2950.0 3250.0 0.34572
3050.0 3250.0 0.16742
3150.0 3250.0 0.03788
3250.0 3250.0 -0.01334
3350.0 3250.0 -0.01564
3450.0 3250.0 0.07073
3550.0 3250.0 0.21289
3650.0 3250.0 0.33629
3750.0 3250.0 0.37636
3850.0 3250.0 0.30746
3950.0 3250.0 0.14931
4050.0 3250.0 -0.04923
4150.0 3250.0 -0.23565
4250.0 3250.0 -0.35272
4350.0 3250.0 -0.36353
4450.0 3250.0 -0.27313
4550.0 3250.0 -0.13007
4650.0 3250.0 -0.00882
4750.0 3250.0 0.02686
4850.0 3250.0 -0.02027
4950.0 3250.0 -0.05237
5050.0 3250.0 -0.01097
5150.0 3250.0 0.08607
5250.0 3250.0 0.18742
5350.0 3250.0 0.24146
5450.0 3250.0 0.21815
5550.0 3250.0 0.11982
5650.0 3250.0 -0.01951
5750.0 3250.0 -0.17290
5850.0 3250.0 -0.32417
5950.0 3250.0 -0.42138
6050.0 3250.0 -0.42418
6150.0 3250.0 -0.33458
6250.0 3250.0 -0.19871
6350.0 3250.0 -0.07950
50.0 3350.0 -0.14042
150.0 3350.0 -0.36340
250.0 3350.0 -0.60177
350.0 3350.0 -0.78300
450.0 3350.0 -0.83127
550.0 3350.0 -0.72785
650.0 3350.0 -0.52627
750.0 3350.0 -0.32209
850.0 3350.0 -0.17739
950.0 3350.0 -0.03299
1050.0 3350.0 0.16018
1150.0 3350.0 0.34581
1250.0 3350.0 0.44496
1350.0 3350.0 0.41666
1450.0 3350.0 0.28054
1550.0 3350.0 0.10168
1650.0 3350.0 -0.06227
1750.0 3350.0 -0.24287
1850.0 3350.0 -0.47748
1950.0 3350.0 -0.68888
2050.0 3350.0 -0.77892
2150.0 3350.0 -0.70302
2250.0 3350.0 -0.49548
2350.0 3350.0 -0.24552
2450.0 3350.0 -0.02405
2550.0 3350.0 0.18644
2650.0 3350.0 0.36809
2750.0 3350.0 0.46053
2850.0 3350.0 0.42738
2950.0 3350.0 0.28682
3050.0 3350.0 0.10851
3150.0 3350.0 -0.02296
3250.0 3350.0 -0.07808
3350.0 3350.0 -0.08608
3450.0 3350.0 -0.00987
3550.0 3350.0 0.11809
3650.0 3350.0 0.22594
3750.0 3350.0 0.25234
3850.0 3350.0 0.17399
3950.0 3350.0 0.01119
4050.0 3350.0 -0.18891
4150.0 3350.0 -0.37533
4250.0 3350.0 -0.48876
4350.0 3350.0 -0.49185
4450.0 3350.0 -0.39119
4550.0 3350.0 -0.23791
4650.0 3350.0 -0.10911
4750.0 3350.0 -0.06998
4850.0 3350.0 -0.11675
4950.0 3350.0 -0.14242
5050.0 3350.0 -0.07536
5150.0 3350.0 0.06653
5250.0 3350.0 0.22227
5350.0 3350.0 0.32672
5450.0 3350.0 0.33802
5550.0 3350.0 0.25342
5650.0 3350.0 0.11342
5750.0 3350.0 -0.05024
5850.0 3350.0 -0.23374
5950.0 3350.0 -0.38505
6050.0 3350.0 -0.45302
6150.0 3350.0 -0.42439
6250.0 3350.0 -0.33169
6350.0 3350.0 -0.23196
50.0 3450.0 -0.33262
150.0 3450.0 -0.53521
250.0 3450.0 -0.74702
350.0 3450.0 -0.90158
450.0 3450.0 -0.93233
550.0 3450.0 -0.82584
650.0 3450.0 -0.63406
750.0 3450.0 -0.44549
850.0 3450.0 -0.31537
950.0 3450.0 -0.18501
1050.0 3450.0 -0.00299
1150.0 3450.0 0.18372
1250.0 3450.0 0.30293
1350.0 3450.0 0.31225
1450.0 3450.0 0.22148
1550.0 3450.0 0.08265
1650.0 3450.0 -0.05255
1750.0 3450.0 -0.20578
1850.0 3450.0 -0.41362
1950.0 3450.0 -0.61214
2050.0 3450.0 -0.71451
2150.0 3450.0 -0.67653
2250.0 3450.0 -0.52067
2350.0 3450.0 -0.31860
2450.0 3450.0 -0.13227
2550.0 3450.0 0.05099
2650.0 3450.0 0.22383
2750.0 3450.0 0.33069
2850.0 3450.0 0.32935
2950.0 3450.0 0.22483
3050.0 3450.0 0.07150
3150.0 3450.0 -0.05663
3250.0 3450.0 -0.12712
3350.0 3450.0 -0.15535
3450.0 3450.0 -0.10300
3550.0 3450.0 0.00042
3650.0 3450.0 0.08748
3750.0 3450.0 0.09948
3850.0 3450.0 0.01282
3950.0 3450.0 -0.15506
4050.0 3450.0 -0.35995
4150.0 3450.0 -0.55110
4250.0 3450.0 -0.66804
4350.0 3450.0 -0.67235
4450.0 3450.0 -0.57031
4550.0 3450.0 -0.41390
4650.0 3450.0 -0.28191
4750.0 3450.0 -0.24120
4850.0 3450.0 -0.28813
4950.0 3450.0 -0.30263
5050.0 3450.0 -0.19087
5150.0 3450.0 0.02776
5250.0 3450.0 0.27428
5350.0 3450.0 0.46001
5450.0 3450.0 0.52361
5550.0 3450.0 0.45531
5650.0 3450.0 0.30766
5750.0 3450.0 0.12533
5850.0 3450.0 -0.09921
5950.0 3450.0 -0.31322
6050.0 3450.0 -0.45402
6150.0 3450.0 -0.49280
6250.0 3450.0 -0.44877
6350.0 3450.0 -0.37376
50.0 3550.0 -0.52221
150.0 3550.0 -0.68722
250.0 3550.0 -0.84871
350.0 3550.0 -0.95101
450.0 3550.0 -0.94515
550.0 3550.0 -0.82846
650.0 3550.0 -0.65109
750.0 3550.0 -0.48928
850.0 3550.0 -0.38548
950.0 3550.0 -0.28327
1050.0 3550.0 -0.13452
1150.0 3550.0 0.02936
1250.0 3550.0 0.15315
1350.0 3550.0 0.19950
1450.0 3550.0 0.16782
1550.0 3550.0 0.09043
1650.0 3550.0 0.00586
1750.0 3550.0 -0.09694
1850.0 3550.0 -0.25387
1950.0 3550.0 -0.42504
2050.0 3550.0 -0.54506
2150.0 3550.0 -0.57157
2250.0 3550.0 -0.50655
2350.0 3550.0 -0.39024
2450.0 3550.0 -0.26783
2550.0 3550.0 -0.13413
2650.0 3550.0 0.02348
2750.0 3550.0 0.15829
2850.0 3550.0 0.21710
2950.0 3550.0 0.18043
3050.0 3550.0 0.07417
3150.0 3550.0 -0.04715
3250.0 3550.0 -0.14562
3350.0 3550.0 -0.20859
3450.0 3550.0 -0.19007
3550.0 3550.0 -0.11367
3650.0 3550.0 -0.04228
3750.0 3550.0 -0.03506
3850.0 3550.0 -0.12127
3950.0 3550.0 -0.29120
4050.0 3550.0 -0.50390
4150.0 3550.0 -0.70470
4250.0 3550.0 -0.83228
4350.0 3550.0 -0.84640
4450.0 3550.0 -0.75129
4550.0 3550.0 -0.59819
4650.0 3550.0 -0.46685
4750.0 3550.0 -0.42617
4850.0 3550.0 -0.47381
4950.0 3550.0 -0.47577
5050.0 3550.0 -0.31363
5150.0 3550.0 -0.01013
5250.0 3550.0 0.33407
5350.0 3550.0 0.60374
5450.0 3550.0 0.71704
5550.0 3550.0 0.65823
5650.0 3550.0 0.49439
5750.0 3550.0 0.28789
5850.0 3550.0 0.02619
5950.0 3550.0 -0.23651
6050.0 3550.0 -0.43003
6150.0 3550.0 -0.51653
6250.0 3550.0 -0.50839
6350.0 3550.0 -0.45565
50.0 3650.0 -0.61834
150.0 3650.0 -0.73665
250.0 3650.0 -0.83760
350.0 3650.0 -0.87944
450.0 3650.0 -0.83433
550.0 3650.0 -0.71152
650.0 3650.0 -0.55731
750.0 3650.0 -0.43163
850.0 3650.0 -0.36132
950.0 3650.0 -0.29642
1050.0 3650.0 -0.19952
1150.0 3650.0 -0.08369
1250.0 3650.0 0.02077
1350.0 3650.0 0.08884
1450.0 3650.0 0.11277
1550.0 3650.0 0.10338
1650.0 3650.0 0.08089
1750.0 3650.0 0.04276
1850.0 3650.0 -0.04350
1950.0 3650.0 -0.16758
2050.0 3650.0 -0.29342
2150.0 3650.0 -0.38491
2250.0 3650.0 -0.42206
2350.0 3650.0 -0.40769
2450.0 3650.0 -0.36466
2550.0 3650.0 -0.29387
2650.0 3650.0 -0.15868
2750.0 3650.0 0.00512
2850.0 3650.0 0.13172
2950.0 3650.0 0.17269
3050.0 3650.0 0.12001
3150.0 3650.0 0.00463
3250.0 3650.0 -0.12934
3350.0 3650.0 -0.23384
3450.0 3650.0 -0.24878
3550.0 3650.0 -0.18982
3650.0 3650.0 -0.11741
3750.0 3650.0 -0.09626
3850.0 3650.0 -0.16743
3950.0 3650.0 -0.33325
4050.0 3650.0 -0.55487
4150.0 3650.0 -0.76792
4250.0 3650.0 -0.90948
4350.0 3650.0 -0.93701
4450.0 3650.0 -0.85195
4550.0 3650.0 -0.70429
4650.0 3650.0 -0.57470
4750.0 3650.0 -0.53450
4850.0 3650.0 -0.58312
4950.0 3650.0 -0.57651
5050.0 3650.0 -0.37964
5150.0 3650.0 -0.02004
5250.0 3650.0 0.38467
5350.0 3650.0 0.70090
5450.0 3650.0 0.83475
5550.0 3650.0 0.76937
5650.0 3650.0 0.58319
5750.0 3650.0 0.35388
5850.0 3650.0 0.07428
5950.0 3650.0 -0.19951
6050.0 3650.0 -0.39815
6150.0 3650.0 -0.48723
6250.0 3650.0 -0.48385
6350.0 3650.0 -0.44167
50.0 3750.0 -0.57260
150.0 3750.0 -0.64689
250.0 3750.0 -0.69465
350.0 3750.0 -0.68830
450.0 3750.0 -0.61849
550.0 3750.0 -0.50283
650.0 3750.0 -0.38081
750.0 3750.0 -0.29487
850.0 3750.0 -0.25766
950.0 3750.0 -0.23045
1050.0 3750.0 -0.19255
1150.0 3750.0 -0.14045
1250.0 3750.0 -0.07718
1350.0 3750.0 -0.01047
1450.0 3750.0 0.05028
1550.0 3750.0 0.09815
1650.0 3750.0 0.13410
1750.0 3750.0 0.16024
1850.0 3750.0 0.15163
1950.0 3750.0 0.09104
2050.0 3750.0 -0.01718
2150.0 3750.0 -0.14850
2250.0 3750.0 -0.26713
2350.0 3750.0 -0.34280
2450.0 3750.0 -0.37497
2550.0 3750.0 -0.36599
2650.0 3750.0 -0.25805
2750.0 3750.0 -0.07685
2850.0 3750.0 0.10167
2950.0 3750.0 0.20447
3050.0 3750.0 0.19387
3150.0 3750.0 0.07972
3250.0 3750.0 -0.08906
3350.0 3750.0 -0.23149
3450.0 3750.0 -0.26957
3550.0 3750.0 -0.21081
3650.0 3750.0 -0.11661
3750.0 3750.0 -0.06200
3850.0 3750.0 -0.10412
3950.0 3750.0 -0.25925
4050.0 3750.0 -0.48857
4150.0 3750.0 -0.71310
4250.0 3750.0 -0.86684
4350.0 3750.0 -0.90496
4450.0 3750.0 -0.82670
4550.0 3750.0 -0.68152
4650.0 3750.0 -0.55164
4750.0 3750.0 -0.51099
4850.0 3750.0 -0.56048
4950.0 3750.0 -0.55277
5050.0 3750.0 -0.35091
5150.0 3750.0 0.01243
5250.0 3750.0 0.41349
5350.0 3750.0 0.71590
5450.0 3750.0 0.82784
5550.0 3750.0 0.73770
5650.0 3750.0 0.52797
5750.0 3750.0 0.28337
5850.0 3750.0 0.01183
5950.0 3750.0 -0.22859
6050.0 3750.0 -0.37843
6150.0 3750.0 -0.41954
6250.0 3750.0 -0.38525
6350.0 3750.0 -0.33792
50.0 3850.0 -0.40371
150.0 3850.0 -0.44731
250.0 3850.0 -0.46356
350.0 3850.0 -0.43616
450.0 3850.0 -0.36665
550.0 3850.0 -0.27437
650.0 3850.0 -0.18952
750.0 3850.0 -0.13938
850.0 3850.0 -0.12743
950.0 3850.0 -0.12922
1050.0 3850.0 -0.14249
1150.0 3850.0 -0.15263
1250.0 3850.0 -0.13988
1350.0 3850.0 -0.09448
1450.0 3850.0 -0.02222
1550.0 3850.0 0.05979
1650.0 3850.0 0.13701
1750.0 3850.0 0.21232
1850.0 3850.0 0.27206
1950.0 3850.0 0.28015
2050.0 3850.0 0.21356
2150.0 3850.0 0.08154
2250.0 3850.0 -0.07536
2350.0 3850.0 -0.20638
2450.0 3850.0 -0.29168
2550.0 3850.0 -0.32929
2650.0 3850.0 -0.24873
2750.0 3850.0 -0.06900
2850.0 3850.0 0.12940
2950.0 3850.0 0.25977
3050.0 3850.0 0.26701
3150.0 3850.0 0.14774
3250.0 3850.0 -0.04719
3350.0 3850.0 -0.21511
3450.0 3850.0 -0.26087
3550.0 3850.0 -0.18558
3650.0 3850.0 -0.05457
3750.0 3850.0 0.04453
3850.0 3850.0 0.03819
3950.0 3850.0 -0.10239
4050.0 3850.0 -0.33641
4150.0 3850.0 -0.56861
4250.0 3850.0 -0.72837
4350.0 3850.0 -0.76911
4450.0 3850.0 -0.68948
4550.0 3850.0 -0.54007
4650.0 3850.0 -0.40564
4750.0 3850.0 -0.36271
4850.0 3850.0 -0.41264
4950.0 3850.0 -0.41126
5050.0 3850.0 -0.23418
5150.0 3850.0 0.08164
5250.0 3850.0 0.41815
5350.0 3850.0 0.65194
5450.0 3850.0 0.70628
5550.0 3850.0 0.57975
5650.0 3850.0 0.35086
5750.0 3850.0 0.10108
5850.0 3850.0 -0.14205
5950.0 3850.0 -0.31894
6050.0 3850.0 -0.38537
6150.0 3850.0 -0.34662
6250.0 3850.0 -0.25822
6350.0 3850.0 -0.19351
50.0 3950.0 -0.18081
150.0 3950.0 -0.21205
250.0 3950.0 -0.22356
350.0 3950.0 -0.20570
450.0 3950.0 -0.16147
550.0 3950.0 -0.10502
650.0 3950.0 -0.05633
750.0 3950.0 -0.03222
850.0 3950.0 -0.03358
950.0 3950.0 -0.05037
1050.0 3950.0 -0.09546
1150.0 3950.0 -0.15010
1250.0 3950.0 -0.18104
1350.0 3950.0 -0.16560
1450.0 3950.0 -0.10311
1550.0 3950.0 -0.01275
1650.0 3950.0 0.08232
1750.0 3950.0 0.18350
1850.0 3950.0 0.29015
1950.0 3950.0 0.35894
2050.0 3950.0 0.34869
2150.0 3950.0 0.25266
2250.0 3950.0 0.10506
2350.0 3950.0 -0.03853
2450.0 3950.0 -0.14640
2550.0 3950.0 -0.20774
2650.0 3950.0 -0.15007
2750.0 3950.0 0.00999
2850.0 3950.0 0.19349
2950.0 3950.0 0.31321
3050.0 3950.0 0.31150
3150.0 3950.0 0.18175
3250.0 3950.0 -0.02641
3350.0 3950.0 -0.20381
3450.0 3950.0 -0.24311
3550.0 3950.0 -0.14191
3650.0 3950.0 0.02903
3750.0 3950.0 0.17078
3850.0 3950.0 0.19703
3950.0 3950.0 0.07058
4050.0 3950.0 -0.16463
4150.0 3950.0 -0.39926
4250.0 3950.0 -0.55715
4350.0 3950.0 -0.59076
4450.0 3950.0 -0.50012
4550.0 3950.0 -0.33886
4650.0 3950.0 -0.19520
4750.0 3950.0 -0.14800
4850.0 3950.0 -0.19778
4950.0 3950.0 -0.20710
5050.0 3950.0 -0.07234
5150.0 3950.0 0.16689
5250.0 3950.0 0.40631
5350.0 3950.0 0.54469
5450.0 3950.0 0.52713
5550.0 3950.0 0.36377
5650.0 3950.0 0.12381
5750.0 3950.0 -0.12265
5850.0 3950.0 -0.33090
5950.0 3950.0 -0.44057
6050.0 3950.0 -0.42226
6150.0 3950.0 -0.30322
6250.0 3950.0 -0.15933
6350.0 3950.0 -0.07341
50.0 4050.0 0.03471
150.0 4050.0 0.00248
250.0 4050.0 -0.02264
350.0 4050.0 -0.03392
450.0 4050.0 -0.02943
550.0 4050.0 -0.01394
650.0 4050.0 0.00251
750.0 4050.0 0.00944
850.0 4050.0 0.00396
950.0 4050.0 -0.01674
1050.0 4050.0 -0.07604
1150.0 4050.0 -0.15583
1250.0 4050.0 -0.21747
1350.0 4050.0 -0.23061
1450.0 4050.0 -0.18790
1550.0 4050.0 -0.10552
1650.0 4050.0 -0.00958
1750.0 4050.0 0.09943
1850.0 4050.0 0.23381
1950.0 4050.0 0.35134
2050.0 4050.0 0.40065
2150.0 4050.0 0.36045
2250.0 4050.0 0.25200
2350.0 4050.0 0.12502
2450.0 4050.0 0.01696
2550.0 4050.0 -0.05069
2650.0 4050.0 -0.01068
2750.0 4050.0 0.11957
2850.0 4050.0 0.26660
2950.0 4050.0 0.35143
3050.0 4050.0 0.32395
3150.0 4050.0 0.18123
3250.0 4050.0 -0.03028
3350.0 4050.0 -0.20593
3450.0 4050.0 -0.23136
3550.0 4050.0 -0.10298
3650.0 4050.0 0.10302
3750.0 4050.0 0.27907
3850.0 4050.0 0.33046
3950.0 4050.0 0.21550
4050.0 4050.0 -0.01858
4150.0 4050.0 -0.25182
4250.0 4050.0 -0.40235
4350.0 4050.0 -0.42223
4450.0 4050.0 -0.31424
4550.0 4050.0 -0.13622
4650.0 4050.0 0.01958
4750.0 4050.0 0.07230
4850.0 4050.0 0.02311
4950.0 4050.0 0.00233
5050.0 4050.0 0.09146
5150.0 4050.0 0.24976
5250.0 4050.0 0.38914
5350.0 4050.0 0.43234
5450.0 4050.0 0.34657
5550.0 4050.0 0.15242
5650.0 4050.0 -0.09185
5750.0 4050.0 -0.33095
5850.0 4050.0 -0.50834
5950.0 4050.0 -0.56345
6050.0 4050.0 -0.47824
6150.0 4050.0 -0.29630
6250.0 4050.0 -0.10830
6350.0 4050.0 -0.00372
50.0 4150.0 0.26883
150.0 4150.0 0.22921
250.0 4150.0 0.17747
350.0 4150.0 0.11865
450.0 4150.0 0.06472
550.0 4150.0 0.02544
650.0 4150.0 0.00360
750.0 4150.0 -0.00540
850.0 4150.0 -0.00963
950.0 4150.0 -0.02652
1050.0 4150.0 -0.08655
1150.0 4150.0 -0.17424
1250.0 4150.0 -0.25066
1350.0 4150.0 -0.28227
1450.0 4150.0 -0.25674
1550.0 4150.0 -0.18583
1650.0 4150.0 -0.09521
1750.0 4150.0 0.01406
1850.0 4150.0 0.16591
1950.0 4150.0 0.32220
2050.0 4150.0 0.42549
2150.0 4150.0 0.44203
2250.0 4150.0 0.37924
2350.0 4150.0 0.27766
2450.0 4150.0 0.17759
2550.0 4150.0 0.11032
2650.0 4150.0 0.13572
2750.0 4150.0 0.23623
2850.0 4150.0 0.34639
2950.0 4150.0 0.39809
3050.0 4150.0 0.35043
3150.0 4150.0 0.20420
3250.0 4150.0 0.00106
3350.0 4150.0 -0.16260
3450.0 4150.0 -0.17129
3550.0 4150.0 -0.02315
3650.0 4150.0 0.20165
3750.0 4150.0 0.39208
3850.0 4150.0 0.45203
3950.0 4150.0 0.34083
4050.0 4150.0 0.10833
4150.0 4150.0 -0.12296
4250.0 4150.0 -0.26904
4350.0 4150.0 -0.28085
4450.0 4150.0 -0.16147
4550.0 4150.0 0.02949
4650.0 4150.0 0.19729
4750.0 4150.0 0.25898
4850.0 4150.0 0.21587
4950.0 4150.0 0.18827
5050.0 4150.0 0.23376
5150.0 4150.0 0.31139
5250.0 4150.0 0.35130
5350.0 4150.0 0.30211
5450.0 4150.0 0.15397
5550.0 4150.0 -0.06247
5650.0 4150.0 -0.30131
5750.0 4150.0 -0.52484
5850.0 4150.0 -0.66906
5950.0 4150.0 -0.67539
6050.0 4150.0 -0.53599
6150.0 4150.0 -0.30668
6250.0 4150.0 -0.08737
6350.0 4150.0 0.03009
50.0 4250.0 0.52886
150.0 4250.0 0.46913
250.0 4250.0 0.36455
350.0 4250.0 0.22149
450.0 4250.0 0.07280
550.0 4250.0 -0.04664
650.0 4250.0 -0.11583
750.0 4250.0 -0.13499
850.0 4250.0 -0.12431
950.0 4250.0 -0.11872
1050.0 4250.0 -0.14790
1150.0 4250.0 -0.20329
1250.0 4250.0 -0.25703
1350.0 4250.0 -0.28239
1450.0 4250.0 -0.26603
1550.0 4250.0 -0.21222
1650.0 4250.0 -0.13877
1750.0 4250.0 -0.04503
1850.0 4250.0 0.09924
1950.0 4250.0 0.26514
2050.0 4250.0 0.39889
2150.0 4250.0 0.46145
2250.0 4250.0 0.44747
2350.0 4250.0 0.38366
2450.0 4250.0 0.30650
2550.0 4250.0 0.25220
2650.0 4250.0 0.26913
2750.0 4250.0 0.34302
2850.0 4250.0 0.42286
2950.0 4250.0 0.45628
3050.0 4250.0 0.41251
3150.0 4250.0 0.29317
3250.0 4250.0 0.13080
3350.0 4250.0 0.00679
3450.0 4250.0 0.02285
3550.0 4250.0 0.17108
3650.0 4250.0 0.37097
3750.0 4250.0 0.52187
3850.0 4250.0 0.54519
3950.0 4250.0 0.41628
4050.0 4250.0 0.18590
4150.0 4250.0 -0.04346
4250.0 4250.0 -0.19702
4350.0 4250.0 -0.22190
4450.0 4250.0 -0.11319
4550.0 4250.0 0.07623
4650.0 4250.0 0.25411
4750.0 4250.0 0.33517
4850.0 4250.0 0.31537
4950.0 4250.0 0.29669
5050.0 4250.0 0.30865
5150.0 4250.0 0.31233
5250.0 4250.0 0.26081
5350.0 4250.0 0.13246
5450.0 4250.0 -0.05806
5550.0 4250.0 -0.27132
5650.0 4250.0 -0.47684
5750.0 4250.0 -0.66066
5850.0 4250.0 -0.76249
5950.0 4250.0 -0.73239
6050.0 4250.0 -0.57074
6150.0 4250.0 -0.33514
6250.0 4250.0 -0.11968
6350.0 4250.0 -0.00660
50.0 4350.0 0.72445
150.0 4350.0 0.63356
250.0 4350.0 0.46114
350.0 4350.0 0.21978
450.0 4350.0 -0.02986
550.0 4350.0 -0.22430
650.0 4350.0 -0.32624
750.0 4350.0 -0.33746
850.0 4350.0 -0.29543
950.0 4350.0 -0.24848
1050.0 4350.0 -0.21729
1150.0 4350.0 -0.20514
1250.0 4350.0 -0.20583
1350.0 4350.0 -0.20779
1450.0 4350.0 -0.19880
1550.0 4350.0 -0.17125
1650.0 4350.0 -0.12793
1750.0 4350.0 -0.06723
1850.0 4350.0 0.03844
1950.0 4350.0 0.17438
2050.0 4350.0 0.30241
2150.0 4350.0 0.38847
2250.0 4350.0 0.41828
2350.0 4350.0 0.40115
2450.0 4350.0 0.36197
2550.0 4350.0 0.33358
2650.0 4350.0 0.34735
2750.0 4350.0 0.39577
2850.0 4350.0 0.44953
2950.0 4350.0 0.47766
3050.0 4350.0 0.46114
3150.0 4350.0 0.39966
3250.0 4350.0 0.31189
3350.0 4350.0 0.25726
3450.0 4350.0 0.30950
3550.0 4350.0 0.44276
3650.0 4350.0 0.57890
3750.0 4350.0 0.64049
3850.0 4350.0 0.58471
3950.0 4350.0 0.41783
4050.0 4350.0 0.19044
4150.0 4350.0 -0.03705
4250.0 4350.0 -0.21077
4350.0 4350.0 -0.27119
4450.0 4350.0 -0.19665
4550.0 4350.0 -0.02430
4650.0 4350.0 0.16140
4750.0 4350.0 0.27261
4850.0 4350.0 0.29418
4950.0 4350.0 0.30312
5050.0 4350.0 0.30096
5150.0 4350.0 0.25335
5250.0 4350.0 0.13797
5350.0 4350.0 -0.03749
5450.0 4350.0 -0.23650
5550.0 4350.0 -0.41416
5650.0 4350.0 -0.55650
5750.0 4350.0 -0.67646
5850.0 4350.0 -0.73062
5950.0 4350.0 -0.68473
6050.0 4350.0 -0.54369
6150.0 4350.0 -0.35366
6250.0 4350.0 -0.18516
6350.0 4350.0 -0.09719
50.0 4450.0 0.76751
150.0 4450.0 0.64231
250.0 4450.0 0.40977
350.0 4450.0 0.09367
450.0 4450.0 -0.21950
550.0 4450.0 -0.44546
650.0 4450.0 -0.54132
750.0 4450.0 -0.51923
850.0 4450.0 -0.43416
950.0 4450.0 -0.33638
1050.0 4450.0 -0.23320
1150.0 4450.0 -0.14298
1250.0 4450.0 -0.08534
1350.0 4450.0 -0.06576
1450.0 4450.0 -0.07159
1550.0 4450.0 -0.07946
1650.0 4450.0 -0.07407
1750.0 4450.0 -0.05727
1850.0 4450.0 -0.01330
1950.0 4450.0 0.05947
2050.0 4450.0 0.14723
2150.0 4450.0 0.23002
2250.0 4450.0 0.29015
2350.0 4450.0 0.31945
2450.0 4450.0 0.32571
2550.0 4450.0 0.33004
2650.0 4450.0 0.34210
2750.0 4450.0 0.36303
2850.0 4450.0 0.38961
2950.0 4450.0 0.41629
3050.0 4450.0 0.43739
3150.0 4450.0 0.44964
3250.0 4450.0 0.45488
3350.0 4450.0 0.48683
3450.0 4450.0 0.58543
3550.0 4450.0 0.70260
3650.0 4450.0 0.76261
3750.0 4450.0 0.71619
3850.0 4450.0 0.56426
3950.0 4450.0 0.35120
4050.0 4450.0 0.12767
4150.0 4450.0 -0.09806
4250.0 4450.0 -0.29910
4350.0 4450.0 -0.40778
4450.0 4450.0 -0.38077
4550.0 4450.0 -0.23447
4650.0 4450.0 -0.04251
4750.0 4450.0 0.10461
4850.0 4450.0 0.17749
4950.0 4450.0 0.22712
5050.0 4450.0 0.23275
5150.0 4450.0 0.16621
5250.0 4450.0 0.02665
5350.0 4450.0 -0.15510
5450.0 4450.0 -0.32750
5550.0 4450.0 -0.44445
5650.0 4450.0 -0.50640
5750.0 4450.0 -0.55073
5850.0 4450.0 -0.56000
5950.0 4450.0 -0.51946
6050.0 4450.0 -0.43454
6150.0 4450.0 -0.32981
6250.0 4450.0 -0.23982
6350.0 4450.0 -0.19177
50.0 4550.0 0.63819
150.0 4550.0 0.48461
250.0 4550.0 0.21842
350.0 4550.0 -0.12248
450.0 4550.0 -0.43551
550.0 4550.0 -0.63100
650.0 4550.0 -0.67516
750.0 4550.0 -0.59826
850.0 4550.0 -0.46811
950.0 4550.0 -0.32327
1050.0 4550.0 -0.15889
1150.0 4550.0 -0.00864
1250.0 4550.0 0.08594
1350.0 4550.0 0.10756
1450.0 4550.0 0.07368
1550.0 4550.0 0.02515
1650.0 4550.0 -0.00678
1750.0 4550.0 -0.03360
1850.0 4550.0 -0.05678
1950.0 4550.0 -0.05988
2050.0 4550.0 -0.03051
2150.0 4550.0 0.02967
2250.0 4550.0 0.10427
2350.0 4550.0 0.17093
2450.0 4550.0 0.21953
2550.0 4550.0 0.25445
2650.0 4550.0 0.26191
2750.0 4550.0 0.25106
2850.0 4550.0 0.24470
2950.0 4550.0 0.26320
3050.0 4550.0 0.31525
3150.0 4550.0 0.39554
3250.0 4550.0 0.48927
3350.0 4550.0 0.60540
3450.0 4550.0 0.75493
3550.0 4550.0 0.86891
3650.0 4550.0 0.87149
3750.0 4550.0 0.73663
3850.0 4550.0 0.50358
3950.0 4550.0 0.25136
4050.0 4550.0 0.03215
4150.0 4550.0 -0.19187
4250.0 4550.0 -0.41895
4350.0 4550.0 -0.57364
4450.0 4550.0 -0.59193
4550.0 4550.0 -0.47041
4650.0 4550.0 -0.27240
4750.0 4550.0 -0.09096
4850.0 4550.0 0.03092
4950.0 4550.0 0.12327
5050.0 4550.0 0.15159
5150.0 4550.0 0.09393
5250.0 4550.0 -0.03549
5350.0 4550.0 -0.19178
5450.0 4550.0 -0.31639
5550.0 4550.0 -0.36551
5650.0 4550.0 -0.34959
5750.0 4550.0 -0.32363
5850.0 4550.0 -0.29736
5950.0 4550.0 -0.27470
6050.0 4550.0 -0.25896
6150.0 4550.0 -0.25033
6250.0 4550.0 -0.24559
6350.0 4550.0 -0.24010
50.0 4650.0 0.39866
150.0 4650.0 0.22897
250.0 4650.0 -0.03796
350.0 4650.0 -0.35076
450.0 4650.0 -0.60370
550.0 4650.0 -0.71756
650.0 4650.0 -0.67925
750.0 4650.0 -0.54026
850.0 4650.0 -0.37379
950.0 4650.0 -0.19729
1050.0 4650.0 -0.00013
1150.0 4650.0 0.17170
1250.0 4650.0 0.26494
1350.0 4650.0 0.26048
1450.0 4650.0 0.18575
1550.0 4650.0 0.09784
1650.0 4650.0 0.03742
1750.0 4650.0 -0.02154
1850.0 4650.0 -0.09677
1950.0 4650.0 -0.16155
2050.0 4650.0 -0.18327
2150.0 4650.0 -0.14828
2250.0 4650.0 -0.06991
2350.0 4650.0 0.02043
2450.0 4650.0 0.09897
2550.0 4650.0 0.15432
2650.0 4650.0 0.15124
2750.0 4650.0 0.10410
2850.0 4650.0 0.05702
2950.0 4650.0 0.05309
3050.0 4650.0 0.11523
3150.0 4650.0 0.23871
3250.0 4650.0 0.39526
3350.0 4650.0 0.57444
3450.0 4650.0 0.77158
3550.0 4650.0 0.90333
3650.0 4650.0 0.88984
3750.0 4650.0 0.71567
3850.0 4650.0 0.44193
3950.0 4650.0 0.16969
4050.0 4650.0 -0.04532
4150.0 4650.0 -0.26765
4250.0 4650.0 -0.51153
4350.0 4650.0 -0.69584
4450.0 4650.0 -0.74239
4550.0 4650.0 -0.63458
4650.0 4650.0 -0.42928
4750.0 4650.0 -0.22182
4850.0 4650.0 -0.06453
4950.0 4650.0 0.06029
5050.0 4650.0 0.11197
5150.0 4650.0 0.07314
5250.0 4650.0 -0.03366
5350.0 4650.0 -0.15714
5450.0 4650.0 -0.23708
5550.0 4650.0 -0.23286
5650.0 4650.0 -0.16044
5750.0 4650.0 -0.08437
5850.0 4650.0 -0.03416
5950.0 4650.0 -0.02718
6050.0 4650.0 -0.06462
6150.0 4650.0 -0.12830
6250.0 4650.0 -0.18713
6350.0 4650.0 -0.21322
50.0 4750.0 0.15463
150.0 4750.0 -0.01769
250.0 4750.0 -0.25966
350.0 4750.0 -0.51020
450.0 4750.0 -0.67127
550.0 4750.0 -0.68378
650.0 4750.0 -0.55936
750.0 4750.0 -0.36784
850.0 4750.0 -0.18072
950.0 4750.0 0.00697
1050.0 4750.0 0.20293
1150.0 4750.0 0.35371
1250.0 4750.0 0.40651
1350.0 4750.0 0.35093
1450.0 4750.0 0.22824
1550.0 4750.0 0.10802
1650.0 4750.0 0.03237
1750.0 4750.0 -0.04102
1850.0 4750.0 -0.13933
1950.0 4750.0 -0.23116
2050.0 4750.0 -0.27491
2150.0 4750.0 -0.25028
2250.0 4750.0 -0.16944
2350.0 4750.0 -0.06803
2450.0 4750.0 0.02410
2550.0 4750.0 0.08601
2650.0 4750.0 0.06591
2750.0 4750.0 -0.02041
2850.0 4750.0 -0.11477
2950.0 4750.0 -0.15688
3050.0 4750.0 -0.11077
3150.0 4750.0 0.02251
3250.0 4750.0 0.20606
3350.0 4750.0 0.41749
3450.0 4750.0 0.65259
3550.0 4750.0 0.82241
3650.0 4750.0 0.83936
3750.0 4750.0 0.68373
3850.0 4750.0 0.41799
3950.0 4750.0 0.14890
4050.0 4750.0 -0.06259
4150.0 4750.0 -0.28320
4250.0 4750.0 -0.53064
4350.0 4750.0 -0.72110
4450.0 4750.0 -0.77141
4550.0 4750.0 -0.66120
4650.0 4750.0 -0.44642
4750.0 4750.0 -0.22441
4850.0 4750.0 -0.05078
4950.0 4750.0 0.08854
5050.0 4750.0 0.15006
5150.0 4750.0 0.11850
5250.0 4750.0 0.02039
5350.0 4750.0 -0.08972
5450.0 4750.0 -0.15051
5550.0 4750.0 -0.12264
5650.0 4750.0 -0.02472
5750.0 4750.0 0.07506
5850.0 4750.0 0.14017
5950.0 4750.0 0.14715
6050.0 4750.0 0.09434
6150.0 4750.0 0.00611
6250.0 4750.0 -0.07574
6350.0 4750.0 -0.11364
50.0 4850.0 -0.03526
150.0 4850.0 -0.20187
250.0 4850.0 -0.40808
350.0 4850.0 -0.58694
450.0 4850.0 -0.65313
550.0 4850.0 -0.56999
650.0 4850.0 -0.37193
750.0 4850.0 -0.14240
850.0 4850.0 0.05269
950.0 4850.0 0.23717
1050.0 4850.0 0.40956
1150.0 4850.0 0.51272
1250.0 4850.0 0.50235
1350.0 4850.0 0.38303
1450.0 4850.0 0.21134
1550.0 4850.0 0.06598
1650.0 4850.0 -0.01497
1750.0 4850.0 -0.08937
1850.0 4850.0 -0.18679
1950.0 4850.0 -0.27492
2050.0 4850.0 -0.31240
2150.0 4850.0 -0.28027
2250.0 4850.0 -0.19264
2350.0 4850.0 -0.08679
2450.0 4850.0 0.00744
2550.0 4850.0 0.06601
2650.0 4850.0 0.02488
2750.0 4850.0 -0.10138
2850.0 4850.0 -0.24607
2950.0 4850.0 -0.33611
3050.0 4850.0 -0.32376
3150.0 4850.0 -0.20431
3250.0 4850.0 -0.01961
3350.0 4850.0 0.20129
3450.0 4850.0 0.46537
3550.0 4850.0 0.68435
3650.0 4850.0 0.76095
3750.0 4850.0 0.66149
3850.0 4850.0 0.43595
3950.0 4850.0 0.18540
4050.0 4850.0 -0.02322
4150.0 4850.0 -0.24198
4250.0 4850.0 -0.48323
4350.0 4850.0 -0.66260
4450.0 4850.0 -0.69870
4550.0 4850.0 -0.57423
4650.0 4850.0 -0.34829
4750.0 4850.0 -0.12001
4850.0 4850.0 0.05612
4950.0 4850.0 0.19550
5050.0 4850.0 0.25159
5150.0 4850.0 0.20922
5250.0 4850.0 0.09778
5350.0 4850.0 -0.02430
5450.0 4850.0 -0.09240
5550.0 4850.0 -0.06591
5650.0 4850.0 0.03466
5750.0 4850.0 0.13979
5850.0 4850.0 0.21600
5950.0 4850.0 0.23916
6050.0 4850.0 0.20418
6150.0 4850.0 0.13145
6250.0 4850.0 0.05979
6350.0 4850.0 0.02603
50.0 4950.0 -0.23517
150.0 4950.0 -0.39014
250.0 4950.0 -0.55216
350.0 4950.0 -0.65053
450.0 4950.0 -0.61613
550.0 4950.0 -0.43677
650.0 4950.0 -0.16933
750.0 4950.0 0.09153
850.0 4950.0 0.28801
950.0 4950.0 0.46226
1050.0 4950.0 0.60197
1150.0 4950.0 0.64765
1250.0 4950.0 0.56591
1350.0 4950.0 0.37797
1450.0 4950.0 0.15579
1550.0 4950.0 -0.01412
1650.0 4950.0 -0.09942
1750.0 4950.0 -0.17196
1850.0 4950.0 -0.25932
1950.0 4950.0 -0.33000
2050.0 4950.0 -0.34798
2150.0 4950.0 -0.30038
2250.0 4950.0 -0.20552
2350.0 4950.0 -0.10144
2450.0 4950.0 -0.01473
2550.0 4950.0 0.03216
2650.0 4950.0 -0.03252
2750.0 4950.0 -0.19551
2850.0 4950.0 -0.38484
2950.0 4950.0 -0.51885
3050.0 4950.0 -0.54149
3150.0 4950.0 -0.44352
3250.0 4950.0 -0.26981
3350.0 4950.0 -0.05367
3450.0 4950.0 0.22310
3550.0 4950.0 0.47787
3650.0 4950.0 0.60889
3750.0 4950.0 0.57015
3850.0 4950.0 0.39614
3950.0 4950.0 0.17644
4050.0 4950.0 -0.01961
4150.0 4950.0 -0.22570
4250.0 4950.0 -0.44663
4350.0 4950.0 -0.60200
4450.0 4950.0 -0.61763
4550.0 4950.0 -0.48170
4650.0 4950.0 -0.25457
4750.0 4950.0 -0.03243
4850.0 4950.0 0.13500
4950.0 4950.0 0.26609
5050.0 4950.0 0.31654
5150.0 4950.0 0.27295
5250.0 4950.0 0.16484
5350.0 4950.0 0.04880
5450.0 4950.0 -0.01375
5550.0 4950.0 0.01495
5650.0 4950.0 0.11437
5750.0 4950.0 0.22084
5850.0 4950.0 0.30632
5950.0 4950.0 0.34582
6050.0 4950.0 0.32967
6150.0 4950.0 0.27275
6250.0 4950.0 0.20970
6350.0 4950.0 0.17623
50.0 5050.0 -0.45707
150.0 5050.0 -0.58707
250.0 5050.0 -0.68942
350.0 5050.0 -0.69517
450.0 5050.0 -0.55768
550.0 5050.0 -0.29145
650.0 5050.0 0.02766
750.0 5050.0 0.30085
850.0 5050.0 0.48340
950.0 5050.0 0.63349
1050.0 5050.0 0.72820
1150.0 5050.0 0.70873
1250.0 5050.0 0.55442
1350.0 5050.0 0.30218
1450.0 5050.0 0.03577
1550.0 5050.0 -0.15493
1650.0 5050.0 -0.24501
1750.0 5050.0 -0.31323
1850.0 5050.0 -0.37555
1950.0 5050.0 -0.40517
2050.0 5050.0 -0.38180
2150.0 5050.0 -0.30814
2250.0 5050.0 -0.21089
2350.0 5050.0 -0.12653
2450.0 5050.0 -0.07163
2550.0 5050.0 -0.05647
2650.0 5050.0 -0.14696
2750.0 5050.0 -0.33010
2850.0 5050.0 -0.53725
2950.0 5050.0 -0.69108
3050.0 5050.0 -0.73890
3150.0 5050.0 -0.67260
3250.0 5050.0 -0.53502
3350.0 5050.0 -0.35721
3450.0 5050.0 -0.11476
3550.0 5050.0 0.12743
3650.0 5050.0 0.28047
3750.0 5050.0 0.29604
3850.0 5050.0 0.19082
3950.0 5050.0 0.03098
4050.0 5050.0 -0.12343
4150.0 5050.0 -0.28483
4250.0 5050.0 -0.44880
4350.0 5050.0 -0.55160
4450.0 5050.0 -0.53915
4550.0 5050.0 -0.40858
4650.0 5050.0 -0.21339
4750.0 5050.0 -0.03222
4850.0 5050.0 0.09860
4950.0 5050.0 0.20158
5050.0 5050.0 0.24884
5150.0 5050.0 0.23448
5250.0 5050.0 0.18158
5350.0 5050.0 0.12927
5450.0 5050.0 0.11708
5550.0 5050.0 0.16702
5650.0 5050.0 0.26325
5750.0 5050.0 0.36684
5850.0 5050.0 0.45796
5950.0 5050.0 0.50803
6050.0 5050.0 0.50040
6150.0 5050.0 0.44408
6250.0 5050.0 0.37146
6350.0 5050.0 0.32022
50.0 5150.0 -0.62235
150.0 5150.0 -0.71602
250.0 5150.0 -0.75555
350.0 5150.0 -0.68117
450.0 5150.0 -0.47062
550.0 5150.0 -0.15954
650.0 5150.0 0.16849
750.0 5150.0 0.42217
850.0 5150.0 0.57295
950.0 5150.0 0.68673
1050.0 5150.0 0.73480
1150.0 5150.0 0.66352
1250.0 5150.0 0.46284
1350.0 5150.0 0.17781
1450.0 5150.0 -0.10607
1550.0 5150.0 -0.30372
1650.0 5150.0 -0.39740
1750.0 5150.0 -0.45945
1850.0 5150.0 -0.48461
1950.0 5150.0 -0.45505
2050.0 5150.0 -0.37577
2150.0 5150.0 -0.27287
2250.0 5150.0 -0.18390
2350.0 5150.0 -0.14044
2450.0 5150.0 -0.14272
2550.0 5150.0 -0.17837
2650.0 5150.0 -0.29022
2750.0 5150.0 -0.46378
2850.0 5150.0 -0.64520
2950.0 5150.0 -0.77845
3050.0 5150.0 -0.82994
3150.0 5150.0 -0.80039
3250.0 5150.0 -0.72396
3350.0 5150.0 -0.61993
3450.0 5150.0 -0.46442
3550.0 5150.0 -0.29242
3650.0 5150.0 -0.16062
3750.0 5150.0 -0.10698
3850.0 5150.0 -0.13266
3950.0 5150.0 -0.20611
4050.0 5150.0 -0.28946
4150.0 5150.0 -0.37401
4250.0 5150.0 -0.44633
4350.0 5150.0 -0.47247
4450.0 5150.0 -0.43061
4550.0 5150.0 -0.32886
4650.0 5150.0 -0.20408
4750.0 5150.0 -0.10163
4850.0 5150.0 -0.03633
4950.0 5150.0 0.01609
5050.0 5150.0 0.05441
5150.0 5150.0 0.08587
5250.0 5150.0 0.12341
5350.0 5150.0 0.17696
5450.0 5150.0 0.24897
5550.0 5150.0 0.33435
5650.0 5150.0 0.42466
5750.0 5150.0 0.52149
5850.0 5150.0 0.61617
5950.0 5150.0 0.67381
6050.0 5150.0 0.66767
6150.0 5150.0 0.59964
6250.0 5150.0 0.50114
6350.0 5150.0 0.41462
50.0 5250.0 -0.65615
150.0 5250.0 -0.71043
250.0 5250.0 -0.70174
350.0 5250.0 -0.58578
450.0 5250.0 -0.35985
550.0 5250.0 -0.06781
650.0 5250.0 0.21490
750.0 5250.0 0.41635
850.0 5250.0 0.52313
950.0 5250.0 0.59686
1050.0 5250.0 0.61152
1150.0 5250.0 0.52266
1250.0 5250.0 0.32465
1350.0 5250.0 0.05829
1450.0 5250.0 -0.20284
1550.0 5250.0 -0.38728
1650.0 5250.0 -0.48185
1750.0 5250.0 -0.53760
1850.0 5250.0 -0.52329
1950.0 5250.0 -0.43275
2050.0 5250.0 -0.29984
2150.0 5250.0 -0.17585
2250.0 5250.0 -0.10816
2350.0 5250.0 -0.12041
2450.0 5250.0 -0.19392
2550.0 5250.0 -0.28867
2650.0 5250.0 -0.41077
2750.0 5250.0 -0.54273
2850.0 5250.0 -0.65465
2950.0 5250.0 -0.72586
3050.0 5250.0 -0.75492
3150.0 5250.0 -0.75791
3250.0 5250.0 -0.75500
3350.0 5250.0 -0.74492
3450.0 5250.0 -0.70999
3550.0 5250.0 -0.64908
3650.0 5250.0 -0.57437
3750.0 5250.0 -0.50364
3850.0 5250.0 -0.45302
3950.0 5250.0 -0.43005
4050.0 5250.0 -0.42722
4150.0 5250.0 -0.41866
4250.0 5250.0 -0.38454
4350.0 5250.0 -0.32786
4450.0 5250.0 -0.26419
4550.0 5250.0 -0.21171
4650.0 5250.0 -0.18354
4750.0 5250.0 -0.18252
4850.0 5250.0 -0.19848
4950.0 5250.0 -0.21125
5050.0 5250.0 -0.19553
5150.0 5250.0 -0.12813
5250.0 5250.0 -0.00444
5350.0 5250.0 0.15559
5450.0 5250.0 0.31431
5550.0 5250.0 0.43581
5650.0 5250.0 0.51798
5750.0 5250.0 0.60654
5850.0 5250.0 0.70581
5950.0 5250.0 0.77313
6050.0 5250.0 0.76928
6150.0 5250.0 0.68724
6250.0 5250.0 0.55715
6350.0 5250.0 0.42729
50.0 5350.0 -0.54283
150.0 5350.0 -0.56403
250.0 5350.0 -0.53261
350.0 5350.0 -0.42222
450.0 5350.0 -0.24039
550.0 5350.0 -0.02481
650.0 5350.0 0.17070
750.0 5350.0 0.30051
850.0 5350.0 0.36178
950.0 5350.0 0.40152
1050.0 5350.0 0.40469
1150.0 5350.0 0.33793
1250.0 5350.0 0.19253
1350.0 5350.0 -0.00670
1450.0 5350.0 -0.20917
1550.0 5350.0 -0.36286
1650.0 5350.0 -0.45533
1750.0 5350.0 -0.50637
1850.0 5350.0 -0.46079
1950.0 5350.0 -0.32405
2050.0 5350.0 -0.15516
2150.0 5350.0 -0.02567
2250.0 5350.0 0.01111
2350.0 5350.0 -0.05906
2450.0 5350.0 -0.20080
2550.0 5350.0 -0.34886
2650.0 5350.0 -0.46849
2750.0 5350.0 -0.53845
2850.0 5350.0 -0.55589
2950.0 5350.0 -0.54052
3050.0 5350.0 -0.52788
3150.0 5350.0 -0.55203
3250.0 5350.0 -0.61736
3350.0 5350.0 -0.69785
3450.0 5350.0 -0.78414
3550.0 5350.0 -0.84132
3650.0 5350.0 -0.83685
3750.0 5350.0 -0.76551
3850.0 5350.0 -0.65396
3950.0 5350.0 -0.54494
4050.0 5350.0 -0.46118
4150.0 5350.0 -0.36573
4250.0 5350.0 -0.23612
4350.0 5350.0 -0.11050
4450.0 5350.0 -0.03799
4550.0 5350.0 -0.04344
4650.0 5350.0 -0.11484
4750.0 5350.0 -0.21353
4850.0 5350.0 -0.30691
4950.0 5350.0 -0.38557
5050.0 5350.0 -0.40787
5150.0 5350.0 -0.33580
5250.0 5350.0 -0.16674
5350.0 5350.0 0.05986
5450.0 5350.0 0.27633
5550.0 5350.0 0.42127
5650.0 5350.0 0.49453
5750.0 5350.0 0.57626
5850.0 5350.0 0.68371
5950.0 5350.0 0.76689
6050.0 5350.0 0.77334
6150.0 5350.0 0.68570
6250.0 5350.0 0.53107
6350.0 5350.0 0.36250
50.0 5450.0 -0.33669
150.0 5450.0 -0.33765
250.0 5450.0 -0.30792
350.0 5450.0 -0.23648
450.0 5450.0 -0.13170
550.0 5450.0 -0.01599
650.0 5450.0 0.08302
750.0 5450.0 0.14461
850.0 5450.0 0.17053
950.0 5450.0 0.18941
1050.0 5450.0 0.20137
1150.0 5450.0 0.18300
1250.0 5450.0 0.11725
1350.0 5450.0 0.00746
1450.0 5450.0 -0.12200
1550.0 5450.0 -0.23846
1650.0 5450.0 -0.32694
1750.0 5450.0 -0.37586
1850.0 5450.0 -0.31402
1950.0 5450.0 -0.15573
2050.0 5450.0 0.02430
2150.0 5450.0 0.14353
2250.0 5450.0 0.14783
2350.0 5450.0 0.03140
2450.0 5450.0 -0.15962
2550.0 5450.0 -0.34364
2650.0 5450.0 -0.45250
2750.0 5450.0 -0.46162
2850.0 5450.0 -0.39068
2950.0 5450.0 -0.29312
3050.0 5450.0 -0.23569
3150.0 5450.0 -0.26774
3250.0 5450.0 -0.38059
3350.0 5450.0 -0.52590
3450.0 5450.0 -0.70014
3550.0 5450.0 -0.84448
3650.0 5450.0 -0.89397
3750.0 5450.0 -0.82607
3850.0 5450.0 -0.67400
3950.0 5450.0 -0.50508
4050.0 5450.0 -0.36397
4150.0 5450.0 -0.20777
4250.0 5450.0 -0.01458
4350.0 5450.0 0.15228
4450.0 5450.0 0.22139
4550.0 5450.0 0.16551
4650.0 5450.0 0.01665
4750.0 5450.0 -0.15595
4850.0 5450.0 -0.30477
4950.0 5450.0 -0.43552
5050.0 5450.0 -0.50567
5150.0 5450.0 -0.46710
5250.0 5450.0 -0.31111
5350.0 5450.0 -0.08010
5450.0 5450.0 0.14690
5550.0 5450.0 0.29502
5650.0 5450.0 0.36043
5750.0 5450.0 0.43911
5850.0 5450.0 0.55923
5950.0 5450.0 0.66561
6050.0 5450.0 0.69394
6150.0 5450.0 0.61597
6250.0 5450.0 0.45351
6350.0 5450.0 0.26155
50.0 5550.0 -0.12795
150.0 5550.0 -0.12262
250.0 5550.0 -0.10806
350.0 5550.0 -0.08208
450.0 5550.0 -0.04825
550.0 5550.0 -0.01340
650.0 5550.0 0.01512
750.0 5550.0 0.03262
850.0 5550.0 0.04051
950.0 5550.0 0.05317
1050.0 5550.0 0.08444
1150.0 5550.0 0.11710
1250.0 5550.0 0.12487
1350.0 5550.0 0.09245
1450.0 5550.0 0.02365
1550.0 5550.0 -0.06240
1650.0 5550.0 -0.14684
1750.0 5550.0 -0.19616
1850.0 5550.0 -0.13355
1950.0 5550.0 0.02212
2050.0 5550.0 0.19153
2150.0 5550.0 0.29101
2250.0 5550.0 0.26966
2350.0 5550.0 0.12735
2450.0 5550.0 -0.08627
2550.0 5550.0 -0.28474
2650.0 5550.0 -0.38218
2750.0 5550.0 -0.35206
2850.0 5550.0 -0.22638
2950.0 5550.0 -0.07729
3050.0 5550.0 0.01111
3150.0 5550.0 -0.01915
3250.0 5550.0 -0.15224
3350.0 5550.0 -0.32538
3450.0 5550.0 -0.53499
3550.0 5550.0 -0.71145
3650.0 5550.0 -0.77677
3750.0 5550.0 -0.70266
3850.0 5550.0 -0.52707
3950.0 5550.0 -0.32910
4050.0 5550.0 -0.16230
4150.0 5550.0 0.01983
4250.0 5550.0 0.23732
4350.0 5550.0 0.41559
4450.0 5550.0 0.47475
4550.0 5550.0 0.38851
4650.0 5550.0 0.19962
4750.0 5550.0 -0.00826
4850.0 5550.0 -0.18194
4950.0 5550.0 -0.34253
5050.0 5550.0 -0.46097
5150.0 5550.0 -0.48523
5250.0 5550.0 -0.39415
5350.0 5550.0 -0.21720
5450.0 5550.0 -0.02537
5550.0 5550.0 0.10656
5650.0 5550.0 0.16654
5750.0 5550.0 0.24665
5850.0 5550.0 0.38298
5950.0 5550.0 0.51806
6050.0 5550.0 0.57858
6150.0 5550.0 0.52602
6250.0 5550.0 0.37497
6350.0 5550.0 0.17910
50.0 5650.0 0.03533
150.0 5650.0 0.03852
250.0 5650.0 0.03597
350.0 5650.0 0.02669
450.0 5650.0 0.01322
550.0 5650.0 -0.00015
650.0 5650.0 -0.00919
750.0 5650.0 -0.01146
850.0 5650.0 -0.00812
950.0 5650.0 0.00738
1050.0 5650.0 0.05882
1150.0 5650.0 0.13181
1250.0 5650.0 0.19255
1350.0 5650.0 0.21298
1450.0 5650.0 0.18413
1550.0 5650.0 0.11779
1650.0 5650.0 0.03649
1750.0 5650.0 -0.01454
1850.0 5650.0 0.03985
1950.0 5650.0 0.17952
2050.0 5650.0 0.32762
2150.0 5650.0 0.40520
2250.0 5650.0 0.36638
2350.0 5650.0 0.21417
2450.0 5650.0 -0.00299
2550.0 5650.0 -0.20160
2650.0 5650.0 -0.29123
2750.0 5650.0 -0.24462
2850.0 5650.0 -0.09752
2950.0 5650.0 0.07219
3050.0 5650.0 0.17498
3150.0 5650.0 0.15008
3250.0 5650.0 0.01550
3350.0 5650.0 -0.15885
3450.0 5650.0 -0.36426
3550.0 5650.0 -0.52946
3650.0 5650.0 -0.57791
3750.0 5650.0 -0.48518
3850.0 5650.0 -0.29392
3950.0 5650.0 -0.08666
4050.0 5650.0 0.08383
4150.0 5650.0 0.26787
4250.0 5650.0 0.48385
4350.0 5650.0 0.65576
4450.0 5650.0 0.70430
4550.0 5650.0 0.60557
4650.0 5650.0 0.40564
4750.0 5650.0 0.19084
4850.0 5650.0 0.01395
4950.0 5650.0 -0.15961
5050.0 5650.0 -0.32169
5150.0 5650.0 -0.42060
5250.0 5650.0 -0.42007
5350.0 5650.0 -0.32803
5450.0 5650.0 -0.19623
5550.0 5650.0 -0.09090
5650.0 5650.0 -0.03433
5750.0 5650.0 0.05007
5850.0 5650.0 0.20399
5950.0 5650.0 0.36977
6050.0 5650.0 0.46745
6150.0 5650.0 0.44925
6250.0 5650.0 0.32162
6350.0 5650.0 0.13488
50.0 5750.0 0.15903
150.0 5750.0 0.15451
250.0 5750.0 0.13023
350.0 5750.0 0.08516
450.0 5750.0 0.03024
550.0 5750.0 -0.01951
650.0 5750.0 -0.05154
750.0 5750.0 -0.06072
850.0 5750.0 -0.05294
950.0 5750.0 -0.02738
1050.0 5750.0 0.04834
1150.0 5750.0 0.16170
1250.0 5750.0 0.27231
1350.0 5750.0 0.34157
1450.0 5750.0 0.35044
1550.0 5750.0 0.30531
1650.0 5750.0 0.23203
1750.0 5750.0 0.18292
1850.0 5750.0 0.22601
1950.0 5750.0 0.34082
2050.0 5750.0 0.45762
2150.0 5750.0 0.50717
2250.0 5750.0 0.45180
2350.0 5750.0 0.29795
2450.0 5750.0 0.08992
2550.0 5750.0 -0.09859
2650.0 5750.0 -0.18155
2750.0 5750.0 -0.13247
2850.0 5750.0 0.01411
2950.0 5750.0 0.18276
3050.0 5750.0 0.28668
3150.0 5750.0 0.26691
3250.0 5750.0 0.14082
3350.0 5750.0 -0.02263
3450.0 5750.0 -0.21219
3550.0 5750.0 -0.35859
3650.0 5750.0 -0.38956
3750.0 5750.0 -0.28425
3850.0 5750.0 -0.08663
3950.0 5750.0 0.12206
4050.0 5750.0 0.29185
4150.0 5750.0 0.47468
4250.0 5750.0 0.68879
4350.0 5750.0 0.85883
4450.0 5750.0 0.90635
4550.0 5750.0 0.80794
4650.0 5750.0 0.60951
4750.0 5750.0 0.39675
4850.0 5750.0 0.22181
4950.0 5750.0 0.04070
5050.0 5750.0 -0.15787
5150.0 5750.0 -0.32391
5250.0 5750.0 -0.40810
5350.0 5750.0 -0.39808
5450.0 5750.0 -0.32621
5550.0 5750.0 -0.24892
5650.0 5750.0 -0.19741
5750.0 5750.0 -0.11298
5850.0 5750.0 0.04749
5950.0 5750.0 0.22721
6050.0 5750.0 0.34374
6150.0 5750.0 0.34476
6250.0 5750.0 0.23191
6350.0 5750.0 0.05266
50.0 5850.0 0.19320
150.0 5850.0 0.16830
250.0 5850.0 0.10981
350.0 5850.0 0.02349
450.0 5850.0 -0.06510
550.0 5850.0 -0.12975
650.0 5850.0 -0.15561
750.0 5850.0 -0.14421
850.0 5850.0 -0.11144
950.0 5850.0 -0.05936
1050.0 5850.0 0.04857
1150.0 5850.0 0.19972
1250.0 5850.0 0.35031
1350.0 5850.0 0.45751
1450.0 5850.0 0.49895
1550.0 5850.0 0.47999
1650.0 5850.0 0.42843
1750.0 5850.0 0.39229
1850.0 5850.0 0.42007
1950.0 5850.0 0.49262
2050.0 5850.0 0.55726
2150.0 5850.0 0.56570
2250.0 5850.0 0.49610
2350.0 5850.0 0.35938
2450.0 5850.0 0.18968
2550.0 5850.0 0.03561
2650.0 5850.0 -0.04019
2750.0 5850.0 -0.01552
2850.0 5850.0 0.08621
2950.0 5850.0 0.20917
3050.0 5850.0 0.28681
3150.0 5850.0 0.27211
3250.0 5850.0 0.17629
3350.0 5850.0 0.04812
3450.0 5850.0 -0.10828
3550.0 5850.0 -0.23265
3650.0 5850.0 -0.25922
3750.0 5850.0 -0.16590
3850.0 5850.0 0.01244
3950.0 5850.0 0.20648
4050.0 5850.0 0.37097
4150.0 5850.0 0.55174
4250.0 5850.0 0.76944
4350.0 5850.0 0.95155
4450.0 5850.0 1.01909
4550.0 5850.0 0.94470
4650.0 5850.0 0.76836
4750.0 5850.0 0.57076
4850.0 5850.0 0.40434
4950.0 5850.0 0.22571
5050.0 5850.0 0.01266
5150.0 5850.0 -0.18899
5250.0 5850.0 -0.32478
5350.0 5850.0 -0.37046
5450.0 5850.0 -0.34430
5550.0 5850.0 -0.29316
5650.0 5850.0 -0.25191
5750.0 5850.0 -0.17956
5850.0 5850.0 -0.04069
5950.0 5850.0 0.11111
6050.0 5850.0 0.20057
6150.0 5850.0 0.18194
6250.0 5850.0 0.06007
6350.0 5850.0 -0.11882
50.0 5950.0 0.13190
150.0 5950.0 0.07431
250.0 5950.0 -0.02851
350.0 5950.0 -0.15675
450.0 5950.0 -0.26498
550.0 5950.0 -0.31675
650.0 5950.0 -0.30244
750.0 5950.0 -0.24044
850.0 5950.0 -0.16162
950.0 5950.0 -0.06807
1050.0 5950.0 0.07170
1150.0 5950.0 0.24203
1250.0 5950.0 0.40201
1350.0 5950.0 0.51574
1450.0 5950.0 0.56926
1550.0 5950.0 0.57393
1650.0 5950.0 0.55661
1750.0 5950.0 0.54525
1850.0 5950.0 0.55696
1950.0 5950.0 0.57597
2050.0 5950.0 0.57545
2150.0 5950.0 0.53742
2250.0 5950.0 0.46167
2350.0 5950.0 0.36377
2450.0 5950.0 0.26215
2550.0 5950.0 0.16765
2650.0 5950.0 0.10244
2750.0 5950.0 0.08109
2850.0 5950.0 0.10028
2950.0 5950.0 0.13939
3050.0 5950.0 0.16810
3150.0 5950.0 0.16072
3250.0 5950.0 0.11738
3350.0 5950.0 0.04868
3450.0 5950.0 -0.05861
3550.0 5950.0 -0.16038
3650.0 5950.0 -0.19908
3750.0 5950.0 -0.14567
3850.0 5950.0 -0.01476
3950.0 5950.0 0.14738
4050.0 5950.0 0.30179
4150.0 5950.0 0.47859
4250.0 5950.0 0.70089
4350.0 5950.0 0.90106
4450.0 5950.0 0.99977
4550.0 5950.0 0.96367
4650.0 5950.0 0.82325
4750.0 5950.0 0.65091
4850.0 5950.0 0.49923
4950.0 5950.0 0.33512
5050.0 5950.0 0.13738
5150.0 5950.0 -0.05458
5250.0 5950.0 -0.19193
5350.0 5950.0 -0.25099
5450.0 5950.0 -0.24497
5550.0 5950.0 -0.21310
5650.0 5950.0 -0.18675
5750.0 5950.0 -0.13708
5850.0 5950.0 -0.04205
5950.0 5950.0 0.05023
6050.0 5950.0 0.07925
6150.0 5950.0 0.01395
6250.0 5950.0 -0.13242
6350.0 5950.0 -0.31445
50.0 6050.0 0.01421
150.0 6050.0 -0.08185
250.0 6050.0 -0.23111
350.0 6050.0 -0.39554
450.0 6050.0 -0.50818
550.0 6050.0 -0.52476
650.0 6050.0 -0.44667
750.0 6050.0 -0.31556
850.0 6050.0 -0.17925
950.0 6050.0 -0.03858
1050.0 6050.0 0.12221
1150.0 6050.0 0.28162
1250.0 6050.0 0.40867
1350.0 6050.0 0.48658
1450.0 6050.0 0.52195
1550.0 6050.0 0.53931
1650.0 6050.0 0.56115
1750.0 6050.0 0.58153
1850.0 6050.0 0.58100
1950.0 6050.0 0.54857
2050.0 6050.0 0.48634
2150.0 6050.0 0.40904
2250.0 6050.0 0.33872
2350.0 6050.0 0.29441
2450.0 6050.0 0.27681
2550.0 6050.0 0.25569
2650.0 6050.0 0.20656
2750.0 6050.0 0.13498
2850.0 6050.0 0.06094
2950.0 6050.0 0.00502
3050.0 6050.0 -0.02063
3150.0 6050.0 -0.01656
3250.0 6050.0 0.00448
3350.0 6050.0 0.00732
3450.0 6050.0 -0.04447
3550.0 6050.0 -0.12678
3650.0 6050.0 -0.19045
3750.0 6050.0 -0.19555
3850.0 6050.0 -0.12963
3950.0 6050.0 -0.00969
4050.0 6050.0 0.13198
4150.0 6050.0 0.30244
4250.0 6050.0 0.52413
4350.0 6050.0 0.73518
4450.0 6050.0 0.85804
4550.0 6050.0 0.85540
4650.0 6050.0 0.74927
4750.0 6050.0 0.60344
4850.0 6050.0 0.46926
4950.0 6050.0 0.32835
5050.0 6050.0 0.17118
5150.0 6050.0 0.02974
5250.0 6050.0 -0.06186
5350.0 6050.0 -0.09211
5450.0 6050.0 -0.07858
5550.0 6050.0 -0.05605
5650.0 6050.0 -0.04627
5750.0 6050.0 -0.02273
5850.0 6050.0 0.02465
5950.0 6050.0 0.05453
6050.0 6050.0 0.02226
6150.0 6050.0 -0.08831
6250.0 6050.0 -0.25633
6350.0 6050.0 -0.43867
50.0 6150.0 -0.09747
150.0 6150.0 -0.22897
250.0 6150.0 -0.41813
350.0 6150.0 -0.60927
450.0 6150.0 -0.71658
550.0 6150.0 -0.69067
650.0 6150.0 -0.54554
750.0 6150.0 -0.34595
850.0 6150.0 -0.15506
950.0 6150.0 0.02694
1050.0 6150.0 0.19250
1150.0 6150.0 0.31287
1250.0 6150.0 0.37179
1350.0 6150.0 0.37931
1450.0 6150.0 0.37006
1550.0 6150.0 0.38578
1650.0 6150.0 0.44218
1750.0 6150.0 0.49357
1850.0 6150.0 0.48737
1950.0 6150.0 0.41767
2050.0 6150.0 0.31160
2150.0 6150.0 0.21124
2250.0 6150.0 0.15628
2350.0 6150.0 0.16723
2450.0 6150.0 0.22926
2550.0 6150.0 0.27836
2650.0 6150.0 0.25046
2750.0 6150.0 0.14308
2850.0 6150.0 -0.00410
2950.0 6150.0 -0.13526
3050.0 6150.0 -0.20168
3150.0 6150.0 -0.18200
3250.0 6150.0 -0.09982
3350.0 6150.0 -0.03033
3450.0 6150.0 -0.03230
3550.0 6150.0 -0.10050
3650.0 6150.0 -0.19282
3750.0 6150.0 -0.25788
3850.0 6150.0 -0.25663
3950.0 6150.0 -0.17801
4050.0 6150.0 -0.04852
4150.0 6150.0 0.11383
4250.0 6150.0 0.32596
4350.0 6150.0 0.53105
4450.0 6150.0 0.65651
4550.0 6150.0 0.66611
4650.0 6150.0 0.57839
4750.0 6150.0 0.45122
4850.0 6150.0 0.33271
4950.0 6150.0 0.21671
5050.0 6150.0 0.10996
5150.0 6150.0 0.03776
5250.0 6150.0 0.01599
5350.0 6150.0 0.03823
5450.0 6150.0 0.07691
5550.0 6150.0 0.09868
5650.0 6150.0 0.09385
5750.0 6150.0 0.09622
5850.0 6150.0 0.11169
5950.0 6150.0 0.10528
6050.0 6150.0 0.04271
6150.0 6150.0 -0.08478
6250.0 6150.0 -0.25517
6350.0 6150.0 -0.43002
50.0 6250.0 -0.14229
150.0 6250.0 -0.29864
250.0 6250.0 -0.51543
350.0 6250.0 -0.72451
450.0 6250.0 -0.82697
550.0 6250.0 -0.77009
650.0 6250.0 -0.57701
750.0 6250.0 -0.32885
850.0 6250.0 -0.09950
950.0 6250.0 0.10910
1050.0 6250.0 0.26539
1150.0 6250.0 0.33403
1250.0 6250.0 0.31363
1350.0 6250.0 0.24065
1450.0 6250.0 0.17677
1550.0 6250.0 0.17991
1650.0 6250.0 0.25876
1750.0 6250.0 0.33290
1850.0 6250.0 0.32728
1950.0 6250.0 0.24003
2050.0 6250.0 0.11421
2150.0 6250.0 0.00848
2250.0 6250.0 -0.02762
2350.0 6250.0 0.02606
2450.0 6250.0 0.14468
2550.0 6250.0 0.24502
2650.0 6250.0 0.24065
2750.0 6250.0 0.12408
2850.0 6250.0 -0.05427
2950.0 6250.0 -0.21867
3050.0 6250.0 -0.29930
3150.0 6250.0 -0.26183
3250.0 6250.0 -0.13569
3350.0 6250.0 -0.01945
3450.0 6250.0 0.01314
3550.0 6250.0 -0.04600
3650.0 6250.0 -0.15957
3750.0 6250.0 -0.26785
3850.0 6250.0 -0.31283
3950.0 6250.0 -0.26362
4050.0 6250.0 -0.14276
4150.0 6250.0 0.01116
4250.0 6250.0 0.20523
4350.0 6250.0 0.38574
4450.0 6250.0 0.48766
4550.0 6250.0 0.48166
4650.0 6250.0 0.38947
4750.0 6250.0 0.26755
4850.0 6250.0 0.15911
4950.0 6250.0 0.06172
5050.0 6250.0 -0.00517
5150.0 6250.0 -0.02089
5250.0 6250.0 0.01605
5350.0 6250.0 0.08428
5450.0 6250.0 0.14710
5550.0 6250.0 0.17119
5650.0 6250.0 0.15643
5750.0 6250.0 0.14884
5850.0 6250.0 0.16057
5950.0 6250.0 0.16122
6050.0 6250.0 0.11706
6150.0 6250.0 0.01497
6250.0 6250.0 -0.13084
6350.0 6250.0 -0.28912
50.0 6350.0 -0.08879
150.0 6350.0 -0.25639
250.0 6350.0 -0.48798
350.0 6350.0 -0.71045
450.0 6350.0 -0.81819
550.0 6350.0 -0.75528
650.0 6350.0 -0.54706
750.0 6350.0 -0.28072
850.0 6350.0 -0.03526
950.0 6350.0 0.18258
1050.0 6350.0 0.32333
1150.0 6350.0 0.34747
1250.0 6350.0 0.26417
1350.0 6350.0 0.12812
1450.0 6350.0 0.01941
1550.0 6350.0 0.00669
1650.0 6350.0 0.09353
1750.0 6350.0 0.17826
1850.0 6350.0 0.17667
1950.0 6350.0 0.08897
2050.0 6350.0 -0.03625
2150.0 6350.0 -0.13536
2250.0 6350.0 -0.15670
2350.0 6350.0 -0.08138
2450.0 6350.0 0.06216
2550.0 6350.0 0.18723
2650.0 6350.0 0.20503
2750.0 6350.0 0.10684
2850.0 6350.0 -0.05663
2950.0 6350.0 -0.20787
3050.0 6350.0 -0.27442
3150.0 6350.0 -0.21974
3250.0 6350.0 -0.07328
3350.0 6350.0 0.06345
3450.0 6350.0 0.11227
3550.0 6350.0 0.05943
3650.0 6350.0 -0.06030
3750.0 6350.0 -0.18433
3850.0 6350.0 -0.24717
3950.0 6350.0 -0.20968
4050.0 6350.0 -0.09243
4150.0 6350.0 0.05428
4250.0 6350.0 0.22561
4350.0 6350.0 0.36869
4450.0 6350.0 0.42709
4550.0 6350.0 0.38250
4650.0 6350.0 0.26548
4750.0 6350.0 0.13547
4850.0 6350.0 0.03011
4950.0 6350.0 -0.06007
5050.0 6350.0 -0.11300
5150.0 6350.0 -0.11010
5250.0 6350.0 -0.05492
5350.0 6350.0 0.02646
5450.0 6350.0 0.09493
5550.0 6350.0 0.11791
5650.0 6350.0 0.09869
5750.0 6350.0 0.09379
5850.0 6350.0 0.13055
5950.0 6350.0 0.18062
6050.0 6350.0 0.20101
6150.0 6350.0 0.16301
6250.0 6350.0 0.06517
6350.0 6350.0 -0.06982
