50.0 50.0 0.00000
150.0 50.0 0.07331
250.0 50.0 0.20732
350.0 50.0 0.35715
450.0 50.0 0.44643
550.0 50.0 0.42747
650.0 50.0 0.30640
750.0 50.0 0.13333
850.0 50.0 -0.04096
950.0 50.0 -0.08964
1050.0 50.0 0.14050
1150.0 50.0 0.53836
1250.0 50.0 0.88161
1350.0 50.0 0.98096
1450.0 50.0 0.76289
1550.0 50.0 0.29065
1650.0 50.0 -0.28560
1750.0 50.0 -0.94581
1850.0 50.0 -1.57892
1950.0 50.0 -1.91885
2050.0 50.0 -1.80279
2150.0 50.0 -1.29252
2250.0 50.0 -0.64258
2350.0 50.0 -0.11538
2450.0 50.0 0.28409
2550.0 50.0 0.47915
2650.0 50.0 0.37845
2750.0 50.0 0.06545
2850.0 50.0 -0.28008
2950.0 50.0 -0.46474
3050.0 50.0 -0.36491
3150.0 50.0 -0.01110
3250.0 50.0 0.44414
3350.0 50.0 0.99571
3450.0 50.0 1.46332
3550.0 50.0 1.62509
3650.0 50.0 1.39968
3750.0 50.0 0.89945
3850.0 50.0 0.35444
3950.0 50.0 -0.09153
4050.0 50.0 -0.47691
4150.0 50.0 -0.70949
4250.0 50.0 -0.71336
4350.0 50.0 -0.50775
4450.0 50.0 -0.20814
4550.0 50.0 0.01981
4650.0 50.0 0.05353
4750.0 50.0 -0.05843
4850.0 50.0 -0.27120
4950.0 50.0 -0.58146
5050.0 50.0 -0.84737
5150.0 50.0 -0.92982
5250.0 50.0 -0.78212
5350.0 50.0 -0.46760
5450.0 50.0 -0.10500
5550.0 50.0 0.24132
5650.0 50.0 0.50794
5750.0 50.0 0.60534
5850.0 50.0 0.50987
5950.0 50.0 0.28232
6050.0 50.0 0.04778
6150.0 50.0 -0.06226
6250.0 50.0 -0.00569
6350.0 50.0 0.14893
50.0 150.0 0.25927
150.0 150.0 0.32562
250.0 150.0 0.41551
350.0 150.0 0.48108
450.0 150.0 0.46592
550.0 150.0 0.35097
650.0 150.0 0.16707
750.0 150.0 -0.02581
850.0 150.0 -0.19121
950.0 150.0 -0.23438
1050.0 150.0 -0.01794
1150.0 150.0 0.34666
1250.0 150.0 0.64641
1350.0 150.0 0.70579
1450.0 150.0 0.46366
1550.0 150.0 -0.01194
1650.0 150.0 -0.57902
1750.0 150.0 -1.20966
1850.0 150.0 -1.77797
1950.0 150.0 -2.02763
2050.0 150.0 -1.81824
2150.0 150.0 -1.23475
2250.0 150.0 -0.54601
2350.0 150.0 -0.01234
2450.0 150.0 0.37990
2550.0 150.0 0.54941
2650.0 150.0 0.39777
2750.0 150.0 0.01720
2850.0 150.0 -0.39624
2950.0 150.0 -0.63283
3050.0 150.0 -0.55967
3150.0 150.0 -0.21116
3250.0 150.0 0.23970
3350.0 150.0 0.76885
3450.0 150.0 1.19521
3550.0 150.0 1.30747
3650.0 150.0 1.03844
3750.0 150.0 0.51173
3850.0 150.0 -0.03892
3950.0 150.0 -0.47682
4050.0 150.0 -0.82647
4150.0 150.0 -0.95081
4250.0 150.0 -0.77795
4350.0 150.0 -0.36681
4450.0 150.0 0.11541
4550.0 150.0 0.46131
4650.0 150.0 0.53666
4750.0 150.0 0.42437
4850.0 150.0 0.19715
4950.0 150.0 -0.15086
5050.0 150.0 -0.47452
5150.0 150.0 -0.62189
5250.0 150.0 -0.53044
5350.0 150.0 -0.25125
5450.0 150.0 0.09866
5550.0 150.0 0.43599
5650.0 150.0 0.64351
5750.0 150.0 0.60934
5850.0 150.0 0.33329
5950.0 150.0 -0.07787
6050.0 150.0 -0.45233
6150.0 150.0 -0.63093
6250.0 150.0 -0.58096
6350.0 150.0 -0.40480
50.0 250.0 0.66091
150.0 250.0 0.71846
250.0 250.0 0.72577
350.0 250.0 0.63767
450.0 250.0 0.44497
550.0 250.0 0.18564
650.0 250.0 -0.06843
750.0 250.0 -0.24924
850.0 250.0 -0.35317
950.0 250.0 -0.33548
1050.0 250.0 -0.07788
1150.0 250.0 0.30383
1250.0 250.0 0.60315
1350.0 250.0 0.65898
1450.0 250.0 0.42662
1550.0 250.0 -0.01644
1650.0 250.0 -0.53616
1750.0 250.0 -1.11120
1850.0 250.0 -1.62346
1950.0 250.0 -1.83735
2050.0 250.0 -1.62628
2150.0 250.0 -1.07220
2250.0 250.0 -0.42581
2350.0 250.0 0.07246
2450.0 250.0 0.43358
2550.0 250.0 0.54998
2650.0 250.0 0.31873
2750.0 250.0 -0.15264
2850.0 250.0 -0.64736
2950.0 250.0 -0.94003
3050.0 250.0 -0.89329
3150.0 250.0 -0.55056
3250.0 250.0 -0.10951
3350.0 250.0 0.37686
3450.0 250.0 0.73431
3550.0 250.0 0.77830
3650.0 250.0 0.46769
3750.0 250.0 -0.06101
3850.0 250.0 -0.57863
3950.0 250.0 -0.96625
4050.0 250.0 -1.23822
4150.0 250.0 -1.22056
4250.0 250.0 -0.85851
4350.0 250.0 -0.25667
4450.0 250.0 0.37298
4550.0 250.0 0.79853
4650.0 250.0 0.89120
4750.0 250.0 0.76802
4850.0 250.0 0.52692
4950.0 250.0 0.16093
5050.0 250.0 -0.18585
5150.0 250.0 -0.36029
5250.0 250.0 -0.29683
5350.0 250.0 -0.04296
5450.0 250.0 0.28620
5550.0 250.0 0.59931
5650.0 250.0 0.73380
5750.0 250.0 0.56745
5850.0 250.0 0.13529
5950.0 250.0 -0.40888
6050.0 250.0 -0.85832
6150.0 250.0 -1.04501
6250.0 250.0 -0.95703
6350.0 250.0 -0.73070
50.0 350.0 1.07044
150.0 350.0 1.12091
250.0 350.0 1.02214
350.0 350.0 0.74068
450.0 350.0 0.33784
550.0 350.0 -0.07171
650.0 350.0 -0.36862
750.0 350.0 -0.48488
850.0 350.0 -0.46527
950.0 350.0 -0.32686
1050.0 350.0 0.02119
1150.0 350.0 0.45439
1250.0 350.0 0.77474
1350.0 350.0 0.84353
1450.0 350.0 0.64312
1550.0 350.0 0.26780
1650.0 350.0 -0.16092
1750.0 350.0 -0.64891
1850.0 350.0 -1.11073
1950.0 350.0 -1.34457
2050.0 350.0 -1.22948
2150.0 350.0 -0.81625
2250.0 350.0 -0.30161
2350.0 350.0 0.11423
2450.0 350.0 0.41790
2550.0 350.0 0.46047
2650.0 350.0 0.14189
2750.0 350.0 -0.41157
2850.0 350.0 -0.96617
2950.0 350.0 -1.29075
3050.0 350.0 -1.25498
3150.0 350.0 -0.91561
3250.0 350.0 -0.48983
3350.0 350.0 -0.06501
3450.0 350.0 0.20082
3550.0 350.0 0.16670
3650.0 350.0 -0.17171
3750.0 350.0 -0.66602
3850.0 350.0 -1.10242
3950.0 350.0 -1.39089
4050.0 350.0 -1.54540
4150.0 350.0 -1.37917
4250.0 350.0 -0.86940
4350.0 350.0 -0.16084
4450.0 350.0 0.51470
4550.0 350.0 0.93530
4650.0 350.0 1.00225
4750.0 350.0 0.85525
4850.0 350.0 0.60277
4950.0 350.0 0.24684
5050.0 350.0 -0.07499
5150.0 350.0 -0.22375
5250.0 350.0 -0.14793
5350.0 350.0 0.09687
5450.0 350.0 0.39741
5550.0 350.0 0.66979
5650.0 350.0 0.72558
5750.0 350.0 0.45059
5850.0 350.0 -0.07531
5950.0 350.0 -0.65836
6050.0 350.0 -1.07967
6150.0 350.0 -1.18982
6250.0 350.0 -1.00950
6350.0 350.0 -0.70144
50.0 450.0 1.28308
150.0 450.0 1.33244
250.0 450.0 1.14063
350.0 450.0 0.69446
450.0 450.0 0.12893
550.0 450.0 -0.36991
650.0 450.0 -0.64738
750.0 450.0 -0.64792
850.0 450.0 -0.46623
950.0 450.0 -0.17691
1050.0 450.0 0.27260
1150.0 450.0 0.74698
1250.0 450.0 1.06469
1350.0 450.0 1.12327
1450.0 450.0 0.94619
1550.0 450.0 0.65135
1650.0 450.0 0.33883
1750.0 450.0 -0.04166
1850.0 450.0 -0.45055
1950.0 450.0 -0.72806
2050.0 450.0 -0.75619
2150.0 450.0 -0.54063
2250.0 450.0 -0.20506
2350.0 450.0 0.10224
2450.0 450.0 0.33456
2550.0 450.0 0.30536
2650.0 450.0 -0.07245
2750.0 450.0 -0.65715
2850.0 450.0 -1.21147
2950.0 450.0 -1.51638
3050.0 450.0 -1.46291
3150.0 450.0 -1.12167
3250.0 450.0 -0.71330
3350.0 450.0 -0.35505
3450.0 450.0 -0.18238
3550.0 450.0 -0.28520
3650.0 450.0 -0.62858
3750.0 450.0 -1.05649
3850.0 450.0 -1.37866
3950.0 450.0 -1.53892
4050.0 450.0 -1.56357
4150.0 450.0 -1.28667
4250.0 450.0 -0.72561
4350.0 450.0 -0.04614
4450.0 450.0 0.53685
4550.0 450.0 0.85046
4650.0 450.0 0.84694
4750.0 450.0 0.66758
4850.0 450.0 0.40755
4950.0 450.0 0.08496
5050.0 450.0 -0.17310
5150.0 450.0 -0.25333
5250.0 450.0 -0.13133
5350.0 450.0 0.12005
5450.0 450.0 0.38912
5550.0 450.0 0.61244
5650.0 450.0 0.59957
5750.0 450.0 0.26103
5850.0 450.0 -0.27767
5950.0 450.0 -0.79802
6050.0 450.0 -1.09401
6150.0 450.0 -1.05848
6250.0 450.0 -0.75007
6350.0 450.0 -0.34357
50.0 550.0 1.18643
150.0 550.0 1.24214
250.0 550.0 1.00031
350.0 550.0 0.47222
450.0 550.0 -0.15136
550.0 550.0 -0.64041
650.0 550.0 -0.82985
750.0 550.0 -0.68776
850.0 550.0 -0.34590
950.0 550.0 0.08186
1050.0 550.0 0.60135
1150.0 550.0 1.06740
1250.0 550.0 1.32516
1350.0 550.0 1.32186
1450.0 550.0 1.13315
1550.0 550.0 0.90378
1650.0 550.0 0.70327
1750.0 550.0 0.43071
1850.0 550.0 0.08407
1950.0 550.0 -0.21876
2050.0 550.0 -0.36665
2150.0 550.0 -0.32646
2250.0 550.0 -0.15475
2350.0 550.0 0.05013
2450.0 550.0 0.21561
2550.0 550.0 0.13810
2650.0 550.0 -0.24830
2750.0 550.0 -0.79489
2850.0 550.0 -1.27779
2950.0 550.0 -1.50775
3050.0 550.0 -1.40781
3150.0 550.0 -1.05907
3250.0 550.0 -0.66603
3350.0 550.0 -0.36362
3450.0 550.0 -0.26422
3550.0 550.0 -0.41168
3650.0 550.0 -0.73856
3750.0 550.0 -1.08673
3850.0 550.0 -1.29138
3950.0 550.0 -1.32685
4050.0 550.0 -1.24168
4150.0 550.0 -0.91860
4250.0 550.0 -0.41325
4350.0 550.0 0.11154
4450.0 550.0 0.48948
4550.0 550.0 0.62281
4650.0 550.0 0.52254
4750.0 550.0 0.31036
4850.0 550.0 0.04622
4950.0 550.0 -0.23485
5050.0 550.0 -0.41686
5150.0 550.0 -0.41468
5250.0 550.0 -0.23427
5350.0 550.0 0.03169
5450.0 550.0 0.27269
5550.0 550.0 0.45035
5650.0 550.0 0.38975
5750.0 550.0 0.03372
5850.0 550.0 -0.45510
5950.0 550.0 -0.84946
6050.0 550.0 -0.97240
6150.0 550.0 -0.76834
6250.0 550.0 -0.33036
6350.0 550.0 0.16923
50.0 650.0 0.82216
150.0 650.0 0.88942
250.0 650.0 0.64932
350.0 650.0 0.13530
450.0 650.0 -0.43642
550.0 650.0 -0.82780
650.0 650.0 -0.88870
750.0 650.0 -0.61511
850.0 650.0 -0.15493
950.0 650.0 0.36191
1050.0 650.0 0.89275
1150.0 650.0 1.28620
1250.0 650.0 1.42142
1350.0 650.0 1.30170
1450.0 650.0 1.05734
1550.0 650.0 0.85789
1650.0 650.0 0.73756
1750.0 650.0 0.55294
1850.0 650.0 0.28010
1950.0 650.0 0.00360
2050.0 650.0 -0.18089
2150.0 650.0 -0.22495
2250.0 650.0 -0.14628
2350.0 650.0 -0.00814
2450.0 650.0 0.11136
2550.0 650.0 0.01888
2650.0 650.0 -0.32815
2750.0 650.0 -0.78338
2850.0 650.0 -1.14837
2950.0 650.0 -1.27209
3050.0 650.0 -1.11129
3150.0 650.0 -0.75183
3250.0 650.0 -0.36882
3350.0 650.0 -0.10097
3450.0 650.0 -0.04325
3550.0 650.0 -0.20854
3650.0 650.0 -0.50964
3750.0 650.0 -0.79034
3850.0 650.0 -0.90587
3950.0 650.0 -0.85109
4050.0 650.0 -0.69889
4150.0 650.0 -0.38860
4250.0 650.0 -0.00293
4350.0 650.0 0.31496
4450.0 650.0 0.45815
4550.0 650.0 0.40379
4650.0 650.0 0.21232
4750.0 650.0 -0.02468
4850.0 650.0 -0.29164
4950.0 650.0 -0.54243
5050.0 650.0 -0.66906
5150.0 650.0 -0.60686
5250.0 650.0 -0.38381
5350.0 650.0 -0.10698
5450.0 650.0 0.11392
5550.0 650.0 0.25950
5650.0 650.0 0.17262
5750.0 650.0 -0.17709
5850.0 650.0 -0.60322
5950.0 650.0 -0.87883
6050.0 650.0 -0.85498
6150.0 650.0 -0.51782
6250.0 650.0 0.01580
6350.0 650.0 0.58349
50.0 750.0 0.34668
150.0 750.0 0.42626
250.0 750.0 0.22578
350.0 750.0 -0.20679
450.0 750.0 -0.65904
550.0 750.0 -0.91380
650.0 750.0 -0.85060
750.0 750.0 -0.48907
850.0 750.0 0.02663
950.0 750.0 0.56845
1050.0 750.0 1.05078
1150.0 750.0 1.32069
1250.0 750.0 1.29273
1350.0 750.0 1.02279
1450.0 750.0 0.68891
1550.0 750.0 0.47913
1650.0 750.0 0.39389
1750.0 750.0 0.26585
1850.0 750.0 0.07552
1950.0 750.0 -0.11270
2050.0 750.0 -0.22817
2150.0 750.0 -0.23747
2250.0 750.0 -0.15726
2350.0 750.0 -0.03673
2450.0 750.0 0.06465
2550.0 750.0 -0.01422
2650.0 750.0 -0.29722
2750.0 750.0 -0.64663
2850.0 750.0 -0.89139
2950.0 750.0 -0.91459
3050.0 750.0 -0.69881
3150.0 750.0 -0.32915
3250.0 750.0 0.04997
3350.0 750.0 0.30565
3450.0 750.0 0.35107
3550.0 750.0 0.18582
3650.0 750.0 -0.09610
3750.0 750.0 -0.34131
3850.0 750.0 -0.41486
3950.0 750.0 -0.31990
4050.0 750.0 -0.14721
4150.0 750.0 0.12218
4250.0 750.0 0.39395
4350.0 750.0 0.54708
4450.0 750.0 0.51957
4550.0 750.0 0.33776
4650.0 750.0 0.08940
4750.0 750.0 -0.15964
4850.0 750.0 -0.43076
4950.0 750.0 -0.67661
5050.0 750.0 -0.79188
5150.0 750.0 -0.71784
5250.0 750.0 -0.48848
5350.0 750.0 -0.21437
5450.0 750.0 -0.00455
5550.0 750.0 0.12662
5650.0 750.0 0.02612
5750.0 750.0 -0.32544
5850.0 750.0 -0.73040
5950.0 750.0 -0.96036
6050.0 750.0 -0.87701
6150.0 750.0 -0.48384
6250.0 750.0 0.09151
6350.0 750.0 0.69394
50.0 850.0 -0.10808
150.0 850.0 -0.01804
250.0 850.0 -0.16525
350.0 850.0 -0.49424
450.0 850.0 -0.81205
550.0 850.0 -0.93441
650.0 850.0 -0.77314
750.0 850.0 -0.36458
850.0 850.0 0.16115
950.0 850.0 0.68498
1050.0 850.0 1.08510
1150.0 850.0 1.21016
1250.0 850.0 1.00785
1350.0 850.0 0.57972
1450.0 850.0 0.14283
1550.0 850.0 -0.10194
1650.0 850.0 -0.18379
1750.0 850.0 -0.27831
1850.0 850.0 -0.38254
1950.0 850.0 -0.44274
2050.0 850.0 -0.41909
2150.0 850.0 -0.31342
2250.0 850.0 -0.16722
2350.0 850.0 -0.03037
2450.0 850.0 0.07169
2550.0 850.0 0.01943
2650.0 850.0 -0.19843
2750.0 850.0 -0.45458
2850.0 850.0 -0.60105
2950.0 850.0 -0.54624
3050.0 850.0 -0.28925
3150.0 850.0 0.08841
3250.0 850.0 0.46756
3350.0 850.0 0.72417
3450.0 850.0 0.77268
3550.0 850.0 0.61320
3650.0 850.0 0.33905
3750.0 850.0 0.10193
3850.0 850.0 0.03498
3950.0 850.0 0.13466
4050.0 850.0 0.30037
4150.0 850.0 0.52935
4250.0 850.0 0.72635
4350.0 850.0 0.78658
4450.0 850.0 0.67206
4550.0 850.0 0.43094
4650.0 850.0 0.15955
4750.0 850.0 -0.09186
4850.0 850.0 -0.36912
4950.0 850.0 -0.63119
5050.0 850.0 -0.77138
5150.0 850.0 -0.72547
5250.0 850.0 -0.52055
5350.0 850.0 -0.26188
5450.0 850.0 -0.05767
5550.0 850.0 0.07088
5650.0 850.0 -0.04087
5750.0 850.0 -0.41554
5850.0 850.0 -0.85063
5950.0 850.0 -1.10965
6050.0 850.0 -1.04685
6150.0 850.0 -0.66201
6250.0 850.0 -0.08514
6350.0 850.0 0.52916
50.0 950.0 -0.49420
150.0 950.0 -0.38889
250.0 950.0 -0.48311
350.0 950.0 -0.71801
450.0 950.0 -0.92056
550.0 950.0 -0.93556
650.0 950.0 -0.70026
750.0 950.0 -0.26146
850.0 950.0 0.26475
950.0 950.0 0.76073
1050.0 950.0 1.06566
1150.0 950.0 1.03066
1250.0 950.0 0.63883
1350.0 950.0 0.03959
1450.0 950.0 -0.50987
1550.0 950.0 -0.79618
1650.0 950.0 -0.87945
1750.0 950.0 -0.93560
1850.0 950.0 -0.93204
1950.0 950.0 -0.83061
2050.0 950.0 -0.63326
2150.0 950.0 -0.38810
2250.0 950.0 -0.16808
2350.0 950.0 -0.02244
2450.0 950.0 0.06604
2550.0 950.0 0.01634
2650.0 950.0 -0.17047
2750.0 950.0 -0.36892
2850.0 950.0 -0.44474
2950.0 950.0 -0.32624
3050.0 950.0 -0.02969
3150.0 950.0 0.36140
3250.0 950.0 0.74957
3350.0 950.0 1.02785
3450.0 950.0 1.11486
3550.0 950.0 1.00657
3650.0 950.0 0.78648
3750.0 950.0 0.59501
3850.0 950.0 0.55783
3950.0 950.0 0.67430
4050.0 950.0 0.83834
4150.0 950.0 1.01815
4250.0 950.0 1.11930
4350.0 950.0 1.06162
4450.0 950.0 0.84116
4550.0 950.0 0.53505
4650.0 950.0 0.24939
4750.0 950.0 0.01182
4850.0 950.0 -0.25584
4950.0 950.0 -0.52330
5050.0 950.0 -0.68660
5150.0 950.0 -0.67649
5250.0 950.0 -0.50910
5350.0 950.0 -0.27749
5450.0 950.0 -0.08400
5550.0 950.0 0.04049
5650.0 950.0 -0.08598
5750.0 950.0 -0.49442
5850.0 950.0 -0.98121
5950.0 950.0 -1.30070
6050.0 950.0 -1.29385
6150.0 950.0 -0.94890
6250.0 950.0 -0.39420
6350.0 950.0 0.21546
50.0 1050.0 -0.68223
150.0 1050.0 -0.54813
250.0 1050.0 -0.59633
350.0 1050.0 -0.77361
450.0 1050.0 -0.92236
550.0 1050.0 -0.90082
650.0 1050.0 -0.65113
750.0 1050.0 -0.21532
850.0 1050.0 0.30059
950.0 1050.0 0.76160
1050.0 1050.0 0.96656
1150.0 1050.0 0.77019
1250.0 1050.0 0.19060
1350.0 1050.0 -0.57670
1450.0 1050.0 -1.23686
1550.0 1050.0 -1.56579
1650.0 1050.0 -1.65276
1750.0 1050.0 -1.65766
1850.0 1050.0 -1.51119
1950.0 1050.0 -1.20511
2050.0 1050.0 -0.80265
2150.0 1050.0 -0.41150
2250.0 1050.0 -0.13780
2350.0 1050.0 -0.02098
2450.0 1050.0 0.00878
2550.0 1050.0 -0.10562
2650.0 1050.0 -0.34817
2750.0 1050.0 -0.57247
2850.0 1050.0 -0.63591
2950.0 1050.0 -0.47753
3050.0 1050.0 -0.13722
3150.0 1050.0 0.28368
3250.0 1050.0 0.70141
3350.0 1050.0 1.03795
3450.0 1050.0 1.22433
3550.0 1050.0 1.24964
3650.0 1050.0 1.17533
3750.0 1050.0 1.11337
3850.0 1050.0 1.16859
3950.0 1050.0 1.34539
4050.0 1050.0 1.53459
4150.0 1050.0 1.65254
4250.0 1050.0 1.60659
4350.0 1050.0 1.36197
4450.0 1050.0 0.97697
4550.0 1050.0 0.58162
4650.0 1050.0 0.29950
4750.0 1050.0 0.11713
4850.0 1050.0 -0.09637
4950.0 1050.0 -0.33003
5050.0 1050.0 -0.49543
5150.0 1050.0 -0.52436
5250.0 1050.0 -0.41627
5350.0 1050.0 -0.23706
5450.0 1050.0 -0.06946
5550.0 1050.0 0.04386
5650.0 1050.0 -0.09889
5750.0 1050.0 -0.54259
5850.0 1050.0 -1.09355
5950.0 1050.0 -1.50365
6050.0 1050.0 -1.59832
6150.0 1050.0 -1.34483
6250.0 1050.0 -0.86087
6350.0 1050.0 -0.29653
50.0 1150.0 -0.61681
150.0 1150.0 -0.44213
250.0 1150.0 -0.45793
350.0 1150.0 -0.62623
450.0 1150.0 -0.79781
550.0 1150.0 -0.82487
650.0 1150.0 -0.63049
750.0 1150.0 -0.23516
850.0 1150.0 0.25952
950.0 1150.0 0.68850
1050.0 1150.0 0.82532
1150.0 1150.0 0.52850
1250.0 1150.0 -0.16300
1350.0 1150.0 -1.02823
1450.0 1150.0 -1.75310
1550.0 1150.0 -2.10964
1650.0 1150.0 -2.20237
1750.0 1150.0 -2.15803
1850.0 1150.0 -1.87560
1950.0 1150.0 -1.38617
2050.0 1150.0 -0.81817
2150.0 1150.0 -0.33394
2250.0 1150.0 -0.06121
2350.0 1150.0 -0.01949
2450.0 1150.0 -0.09199
2550.0 1150.0 -0.33337
2650.0 1150.0 -0.70910
2750.0 1150.0 -1.03083
2850.0 1150.0 -1.12860
2950.0 1150.0 -0.94571
3050.0 1150.0 -0.55352
3150.0 1150.0 -0.08617
3250.0 1150.0 0.37606
3350.0 1150.0 0.77818
3450.0 1150.0 1.06758
3550.0 1150.0 1.23483
3650.0 1150.0 1.32537
3750.0 1150.0 1.42355
3850.0 1150.0 1.60903
3950.0 1150.0 1.88570
4050.0 1150.0 2.13291
4150.0 1150.0 2.20297
4250.0 1150.0 2.00573
4350.0 1150.0 1.56183
4450.0 1150.0 1.00535
4550.0 1150.0 0.53034
4650.0 1150.0 0.28137
4750.0 1150.0 0.19503
4850.0 1150.0 0.07996
4950.0 1150.0 -0.07881
5050.0 1150.0 -0.22108
5150.0 1150.0 -0.28676
5250.0 1150.0 -0.25440
5350.0 1150.0 -0.14938
5450.0 1150.0 -0.02158
5550.0 1150.0 0.07495
5650.0 1150.0 -0.07245
5750.0 1150.0 -0.52200
5850.0 1150.0 -1.10558
5950.0 1150.0 -1.58971
6050.0 1150.0 -1.79377
6150.0 1150.0 -1.66243
6250.0 1150.0 -1.29235
6350.0 1150.0 -0.81818
50.0 1250.0 -0.35488
150.0 1250.0 -0.13579
250.0 1250.0 -0.13437
350.0 1250.0 -0.33335
450.0 1250.0 -0.58524
550.0 1250.0 -0.72160
650.0 1250.0 -0.63009
750.0 1250.0 -0.29935
850.0 1250.0 0.16841
950.0 1250.0 0.57939
1050.0 1250.0 0.70978
1150.0 1250.0 0.42095
1250.0 1250.0 -0.25174
1350.0 1250.0 -1.09585
1450.0 1250.0 -1.80719
1550.0 1250.0 -2.16369
1650.0 1250.0 -2.26295
1750.0 1250.0 -2.18902
1850.0 1250.0 -1.82666
1950.0 1250.0 -1.24493
2050.0 1250.0 -0.62003
2150.0 1250.0 -0.14358
2250.0 1250.0 0.05761
2350.0 1250.0 -0.00982
2450.0 1250.0 -0.20451
2550.0 1250.0 -0.59794
2650.0 1250.0 -1.13403
2750.0 1250.0 -1.57420
2850.0 1250.0 -1.71528
2950.0 1250.0 -1.50507
3050.0 1250.0 -1.05207
3150.0 1250.0 -0.52955
3250.0 1250.0 -0.02230
3350.0 1250.0 0.41247
3450.0 1250.0 0.73523
3550.0 1250.0 0.95595
3650.0 1250.0 1.13019
3750.0 1250.0 1.33731
3850.0 1250.0 1.64111
3950.0 1250.0 2.03254
4050.0 1250.0 2.36178
4150.0 1250.0 2.42432
4250.0 1250.0 2.13246
4350.0 1250.0 1.55401
4450.0 1250.0 0.88707
4550.0 1250.0 0.37954
4650.0 1250.0 0.19330
4750.0 1250.0 0.22283
4850.0 1250.0 0.22806
4950.0 1250.0 0.16725
5050.0 1250.0 0.06605
5150.0 1250.0 -0.02828
5250.0 1250.0 -0.07330
5350.0 1250.0 -0.04894
5450.0 1250.0 0.03368
5550.0 1250.0 0.11243
5650.0 1250.0 -0.01730
5750.0 1250.0 -0.41934
5850.0 1250.0 -0.96462
5950.0 1250.0 -1.45607
6050.0 1250.0 -1.72635
6150.0 1250.0 -1.70646
6250.0 1250.0 -1.46514
6350.0 1250.0 -1.10891
50.0 1350.0 -0.04271
150.0 1350.0 0.21513
250.0 1350.0 0.22417
350.0 1350.0 -0.01806
450.0 1350.0 -0.36252
550.0 1350.0 -0.61707
650.0 1350.0 -0.63255
750.0 1350.0 -0.36642
850.0 1350.0 0.07642
950.0 1350.0 0.48765
1050.0 1350.0 0.67350
1150.0 1350.0 0.49658
1250.0 1350.0 -0.03432
1350.0 1350.0 -0.74631
1450.0 1350.0 -1.37109
1550.0 1350.0 -1.70056
1650.0 1350.0 -1.80548
1750.0 1350.0 -1.72951
1850.0 1350.0 -1.36466
1950.0 1350.0 -0.80673
2050.0 1350.0 -0.24976
2150.0 1350.0 0.11861
2250.0 1350.0 0.19509
2350.0 1350.0 0.01206
2450.0 1350.0 -0.29266
2550.0 1350.0 -0.81562
2650.0 1350.0 -1.47812
2750.0 1350.0 -1.99914
2850.0 1350.0 -2.15195
2950.0 1350.0 -1.89537
3050.0 1350.0 -1.37594
3150.0 1350.0 -0.80125
3250.0 1350.0 -0.26265
3350.0 1350.0 0.14831
3450.0 1350.0 0.39632
3550.0 1350.0 0.52971
3650.0 1350.0 0.64741
3750.0 1350.0 0.85711
3850.0 1350.0 1.22472
3950.0 1350.0 1.71506
4050.0 1350.0 2.13069
4150.0 1350.0 2.23280
4250.0 1350.0 1.93545
4350.0 1350.0 1.33147
4450.0 1350.0 0.65239
4550.0 1350.0 0.17383
4650.0 1350.0 0.06615
4750.0 1350.0 0.20193
4850.0 1350.0 0.31755
4950.0 1350.0 0.34961
5050.0 1350.0 0.29205
5150.0 1350.0 0.17898
5250.0 1350.0 0.07004
5350.0 1350.0 0.02503
5450.0 1350.0 0.06778
5550.0 1350.0 0.13276
5650.0 1350.0 0.04293
5750.0 1350.0 -0.25987
5850.0 1350.0 -0.69086
5950.0 1350.0 -1.10551
6050.0 1350.0 -1.36964
6150.0 1350.0 -1.41550
6250.0 1350.0 -1.28366
6350.0 1350.0 -1.04372
50.0 1450.0 0.14405
150.0 1450.0 0.42802
250.0 1450.0 0.44557
350.0 1450.0 0.18169
450.0 1450.0 -0.21493
550.0 1450.0 -0.53878
650.0 1450.0 -0.61855
750.0 1450.0 -0.39224
850.0 1450.0 0.03465
950.0 1450.0 0.45960
1050.0 1450.0 0.73220
1150.0 1450.0 0.71473
1250.0 1450.0 0.37937
1350.0 1450.0 -0.15306
1450.0 1450.0 -0.65998
1550.0 1450.0 -0.94953
1650.0 1450.0 -1.05802
1750.0 1450.0 -1.00198
1850.0 1450.0 -0.69552
1950.0 1450.0 -0.24552
2050.0 1450.0 0.16415
2150.0 1450.0 0.37466
2250.0 1450.0 0.31768
2350.0 1450.0 0.04426
2450.0 1450.0 -0.33135
2550.0 1450.0 -0.92354
2650.0 1450.0 -1.63244
2750.0 1450.0 -2.15507
2850.0 1450.0 -2.26195
2950.0 1450.0 -1.93270
3050.0 1450.0 -1.34747
3150.0 1450.0 -0.73418
3250.0 1450.0 -0.18568
3350.0 1450.0 0.14886
3450.0 1450.0 0.22825
3550.0 1450.0 0.14968
3650.0 1450.0 0.07958
3750.0 1450.0 0.18158
3850.0 1450.0 0.54183
3950.0 1450.0 1.09149
4050.0 1450.0 1.57541
4150.0 1450.0 1.74766
4250.0 1450.0 1.52300
4350.0 1450.0 0.99387
4450.0 1450.0 0.39044
4550.0 1450.0 -0.01351
4650.0 1450.0 -0.04882
4750.0 1450.0 0.15799
4850.0 1450.0 0.34630
4950.0 1450.0 0.43969
5050.0 1450.0 0.41124
5150.0 1450.0 0.28629
5250.0 1450.0 0.13569
5350.0 1450.0 0.04530
5450.0 1450.0 0.06190
5550.0 1450.0 0.12019
5650.0 1450.0 0.08140
5750.0 1450.0 -0.09790
5850.0 1450.0 -0.37126
5950.0 1450.0 -0.64893
6050.0 1450.0 -0.84047
6150.0 1450.0 -0.89309
6250.0 1450.0 -0.82583
6350.0 1450.0 -0.67107
50.0 1550.0 0.09711
150.0 1550.0 0.39344
250.0 1550.0 0.42960
350.0 1550.0 0.18786
450.0 1550.0 -0.18920
550.0 1550.0 -0.50096
650.0 1550.0 -0.57729
750.0 1550.0 -0.35357
850.0 1550.0 0.06895
950.0 1550.0 0.51125
1050.0 1550.0 0.86123
1150.0 1550.0 0.97999
1250.0 1550.0 0.80900
1350.0 1550.0 0.42633
1450.0 1550.0 0.01782
1550.0 1550.0 -0.23704
1650.0 1550.0 -0.34672
1750.0 1550.0 -0.31850
1850.0 1550.0 -0.09135
1950.0 1550.0 0.23017
2050.0 1550.0 0.48703
2150.0 1550.0 0.55622
2250.0 1550.0 0.40096
2350.0 1550.0 0.08080
2450.0 1550.0 -0.31806
2550.0 1550.0 -0.90954
2650.0 1550.0 -1.57573
2750.0 1550.0 -2.01538
2850.0 1550.0 -2.01860
2950.0 1550.0 -1.59457
3050.0 1550.0 -0.94958
3150.0 1550.0 -0.31530
3250.0 1550.0 0.22336
3350.0 1550.0 0.45393
3450.0 1550.0 0.32225
3550.0 1550.0 -0.02710
3650.0 1550.0 -0.35433
3750.0 1550.0 -0.42862
3850.0 1550.0 -0.13291
3950.0 1550.0 0.43108
4050.0 1550.0 0.95223
4150.0 1550.0 1.19764
4250.0 1550.0 1.08186
4350.0 1550.0 0.67897
4450.0 1550.0 0.19340
4550.0 1550.0 -0.12337
4650.0 1550.0 -0.11004
4750.0 1550.0 0.12379
4850.0 1550.0 0.33726
4950.0 1550.0 0.44933
5050.0 1550.0 0.42585
5150.0 1550.0 0.29031
5250.0 1550.0 0.11922
5350.0 1550.0 0.00913
5450.0 1550.0 0.01529
5550.0 1550.0 0.07391
5650.0 1550.0 0.08261
5750.0 1550.0 0.01617
5850.0 1550.0 -0.10361
5950.0 1550.0 -0.23057
6050.0 1550.0 -0.31571
6150.0 1550.0 -0.32820
6250.0 1550.0 -0.27574
6350.0 1550.0 -0.16103
50.0 1650.0 -0.10167
150.0 1650.0 0.19777
250.0 1650.0 0.25825
350.0 1650.0 0.06554
450.0 1650.0 -0.24763
550.0 1650.0 -0.49693
650.0 1650.0 -0.52802
750.0 1650.0 -0.28428
850.0 1650.0 0.14039
950.0 1650.0 0.59857
1050.0 1650.0 1.00820
1150.0 1650.0 1.22930
1250.0 1650.0 1.18072
1350.0 1650.0 0.90938
1450.0 1650.0 0.57455
1550.0 1650.0 0.34700
1650.0 1650.0 0.23815
1750.0 1650.0 0.23954
1850.0 1650.0 0.38940
1950.0 1650.0 0.59132
2050.0 1650.0 0.71453
2150.0 1650.0 0.67017
2250.0 1650.0 0.44714
2350.0 1650.0 0.10761
2450.0 1650.0 -0.28782
2550.0 1650.0 -0.83910
2650.0 1650.0 -1.41233
2750.0 1650.0 -1.72189
2850.0 1650.0 -1.59037
2950.0 1650.0 -1.06131
3050.0 1650.0 -0.36243
3150.0 1650.0 0.28064
3250.0 1650.0 0.79809
3350.0 1650.0 0.91827
3450.0 1650.0 0.57232
3550.0 1650.0 -0.05245
3650.0 1650.0 -0.64680
3750.0 1650.0 -0.91401
3850.0 1650.0 -0.70448
3950.0 1650.0 -0.14966
4050.0 1650.0 0.38930
4150.0 1650.0 0.70039
4250.0 1650.0 0.69757
4350.0 1650.0 0.43025
4450.0 1650.0 0.06857
4550.0 1650.0 -0.16543
4650.0 1650.0 -0.12053
4750.0 1650.0 0.11608
4850.0 1650.0 0.32786
4950.0 1650.0 0.43258
5050.0 1650.0 0.39661
5150.0 1650.0 0.24639
5250.0 1650.0 0.06232
5350.0 1650.0 -0.05583
5450.0 1650.0 -0.05212
5550.0 1650.0 0.01021
5650.0 1650.0 0.05894
5750.0 1650.0 0.08651
5850.0 1650.0 0.09964
5950.0 1650.0 0.11165
6050.0 1650.0 0.13624
6150.0 1650.0 0.18160
6250.0 1650.0 0.24509
6350.0 1650.0 0.34709
50.0 1750.0 -0.32167
150.0 1750.0 -0.06764
250.0 1750.0 -0.03257
350.0 1750.0 -0.21624
450.0 1750.0 -0.48537
550.0 1750.0 -0.67082
650.0 1750.0 -0.64355
750.0 1750.0 -0.36933
850.0 1750.0 0.05904
950.0 1750.0 0.53812
1050.0 1750.0 1.02882
1150.0 1750.0 1.39411
1250.0 1750.0 1.52506
1350.0 1750.0 1.42541
1450.0 1750.0 1.21380
1550.0 1750.0 1.04397
1650.0 1750.0 0.95330
1750.0 1750.0 0.92438
1850.0 1750.0 0.95492
1950.0 1750.0 0.96301
2050.0 1750.0 0.86778
2150.0 1750.0 0.64059
2250.0 1750.0 0.31554
2350.0 1750.0 -0.04068
2450.0 1750.0 -0.41142
2550.0 1750.0 -0.86837
2650.0 1750.0 -1.26210
2750.0 1750.0 -1.35265
2850.0 1750.0 -1.02706
2950.0 1750.0 -0.38008
3050.0 1750.0 0.34329
3150.0 1750.0 0.94350
3250.0 1750.0 1.38575
3350.0 1750.0 1.35143
3450.0 1750.0 0.76986
3550.0 1750.0 -0.12356
3650.0 1750.0 -0.95748
3750.0 1750.0 -1.38712
3850.0 1750.0 -1.24914
3950.0 1750.0 -0.70778
4050.0 1750.0 -0.15266
4150.0 1750.0 0.23932
4250.0 1750.0 0.38212
4350.0 1750.0 0.29248
4450.0 1750.0 0.09411
4550.0 1750.0 -0.03153
4650.0 1750.0 0.05219
4750.0 1750.0 0.28778
4850.0 1750.0 0.48375
4950.0 1750.0 0.54913
5050.0 1750.0 0.45552
5150.0 1750.0 0.24360
5250.0 1750.0 0.00949
5350.0 1750.0 -0.13640
5450.0 1750.0 -0.13825
5550.0 1750.0 -0.07050
5650.0 1750.0 0.00777
5750.0 1750.0 0.10246
5850.0 1750.0 0.21235
5950.0 1750.0 0.32948
6050.0 1750.0 0.44243
6150.0 1750.0 0.54143
6250.0 1750.0 0.62526
6350.0 1750.0 0.73198
50.0 1850.0 -0.51100
150.0 1850.0 -0.39392
250.0 1850.0 -0.47801
350.0 1850.0 -0.72801
450.0 1850.0 -0.99063
550.0 1850.0 -1.10986
650.0 1850.0 -0.99991
750.0 1850.0 -0.67595
850.0 1850.0 -0.24150
950.0 1850.0 0.25935
1050.0 1850.0 0.84100
1150.0 1850.0 1.37774
1250.0 1850.0 1.73479
1350.0 1850.0 1.86551
1450.0 1850.0 1.83453
1550.0 1850.0 1.76688
1650.0 1850.0 1.72732
1750.0 1850.0 1.67623
1850.0 1850.0 1.54894
1950.0 1850.0 1.28497
2050.0 1850.0 0.87908
2150.0 1850.0 0.39454
2250.0 1850.0 -0.06508
2350.0 1850.0 -0.42558
2450.0 1850.0 -0.73550
2550.0 1850.0 -1.01725
2650.0 1850.0 -1.11406
2750.0 1850.0 -0.88067
2850.0 1850.0 -0.31353
2950.0 1850.0 0.42552
3050.0 1850.0 1.09177
3150.0 1850.0 1.54647
3250.0 1850.0 1.81595
3350.0 1850.0 1.56946
3450.0 1850.0 0.76305
3550.0 1850.0 -0.31925
3650.0 1850.0 -1.27433
3750.0 1850.0 -1.75936
3850.0 1850.0 -1.64156
3950.0 1850.0 -1.11702
4050.0 1850.0 -0.55351
4150.0 1850.0 -0.07624
4250.0 1850.0 0.23029
4350.0 1850.0 0.34508
4450.0 1850.0 0.33659
4550.0 1850.0 0.33669
4650.0 1850.0 0.46292
4750.0 1850.0 0.69230
4850.0 1850.0 0.85451
4950.0 1850.0 0.84033
5050.0 1850.0 0.63295
5150.0 1850.0 0.30168
5250.0 1850.0 -0.02696
5350.0 1850.0 -0.22310
5450.0 1850.0 -0.23255
5550.0 1850.0 -0.15676
5650.0 1850.0 -0.07202
5750.0 1850.0 0.03139
5850.0 1850.0 0.15851
5950.0 1850.0 0.30406
6050.0 1850.0 0.45376
6150.0 1850.0 0.59101
6250.0 1850.0 0.70920
6350.0 1850.0 0.85132
50.0 1950.0 -0.59275
150.0 1950.0 -0.68814
250.0 1950.0 -0.96607
350.0 1950.0 -1.33872
450.0 1950.0 -1.61791
550.0 1950.0 -1.66107
650.0 1950.0 -1.44254
750.0 1950.0 -1.05034
850.0 1950.0 -0.60768
950.0 1950.0 -0.09806
1050.0 1950.0 0.53182
1150.0 1950.0 1.17576
1250.0 1950.0 1.69401
1350.0 1950.0 2.01004
1450.0 1950.0 2.14571
1550.0 1950.0 2.19479
1650.0 1950.0 2.23362
1750.0 1950.0 2.19014
1850.0 1950.0 1.93789
1950.0 1950.0 1.43655
2050.0 1950.0 0.75426
2150.0 1950.0 0.04421
2250.0 1950.0 -0.52143
2350.0 1950.0 -0.86034
2450.0 1950.0 -1.08215
2550.0 1950.0 -1.14975
2650.0 1950.0 -0.91722
2750.0 1950.0 -0.36414
2850.0 1950.0 0.38882
2950.0 1950.0 1.12360
3050.0 1950.0 1.62564
3150.0 1950.0 1.84186
3250.0 1950.0 1.86456
3350.0 1950.0 1.39823
3450.0 1950.0 0.45510
3550.0 1950.0 -0.64733
3650.0 1950.0 -1.52526
3750.0 1950.0 -1.90419
3850.0 1950.0 -1.73114
3950.0 1950.0 -1.22242
4050.0 1950.0 -0.66721
4150.0 1950.0 -0.14024
4250.0 1950.0 0.27716
4350.0 1950.0 0.53711
4450.0 1950.0 0.66619
4550.0 1950.0 0.75704
4650.0 1950.0 0.91042
4750.0 1950.0 1.12862
4850.0 1950.0 1.25167
4950.0 1950.0 1.15205
5050.0 1950.0 0.82707
5150.0 1950.0 0.37652
5250.0 1950.0 -0.04275
5350.0 1950.0 -0.28332
5450.0 1950.0 -0.29498
5550.0 1950.0 -0.20944
5650.0 1950.0 -0.14352
5750.0 1950.0 -0.09423
5850.0 1950.0 -0.03629
5950.0 1950.0 0.05267
6050.0 1950.0 0.17934
6150.0 1950.0 0.33308
6250.0 1950.0 0.49549
6350.0 1950.0 0.69881
50.0 2050.0 -0.53023
150.0 2050.0 -0.86154
250.0 2050.0 -1.35292
350.0 2050.0 -1.85783
450.0 2050.0 -2.15014
550.0 2050.0 -2.10355
650.0 2050.0 -1.76056
750.0 2050.0 -1.29082
850.0 2050.0 -0.83905
950.0 2050.0 -0.34321
1050.0 2050.0 0.25312
1150.0 2050.0 0.86739
1250.0 2050.0 1.38749
1350.0 2050.0 1.74891
1450.0 2050.0 1.96423
1550.0 2050.0 2.10475
1650.0 2050.0 2.23061
1750.0 2050.0 2.23503
1850.0 2050.0 1.95513
1950.0 2050.0 1.36090
2050.0 2050.0 0.56151
2150.0 2050.0 -0.23840
2250.0 2050.0 -0.82653
2350.0 2050.0 -1.11479
2450.0 2050.0 -1.24335
2550.0 2050.0 -1.12215
2650.0 2050.0 -0.63703
2750.0 2050.0 0.11209
2850.0 2050.0 0.90569
2950.0 2050.0 1.50520
3050.0 2050.0 1.75613
3150.0 2050.0 1.69383
3250.0 2050.0 1.45545
3350.0 2050.0 0.82065
3450.0 2050.0 -0.12503
3550.0 2050.0 -1.05644
3650.0 2050.0 -1.66003
3750.0 2050.0 -1.78405
3850.0 2050.0 -1.48780
3950.0 2050.0 -0.98954
4050.0 2050.0 -0.46165
4150.0 2050.0 0.05112
4250.0 2050.0 0.47167
4350.0 2050.0 0.74872
4450.0 2050.0 0.89911
4550.0 2050.0 1.00335
4650.0 2050.0 1.15437
4750.0 2050.0 1.35890
4850.0 2050.0 1.45377
4950.0 2050.0 1.30370
5050.0 2050.0 0.91713
5150.0 2050.0 0.41147
5250.0 2050.0 -0.04249
5350.0 2050.0 -0.29280
5450.0 2050.0 -0.29546
5550.0 2050.0 -0.20028
5650.0 2050.0 -0.16943
5750.0 2050.0 -0.21359
5850.0 2050.0 -0.27968
5950.0 2050.0 -0.30304
6050.0 2050.0 -0.24113
6150.0 2050.0 -0.08987
6250.0 2050.0 0.11749
6350.0 2050.0 0.39072
50.0 2150.0 -0.35733
150.0 2150.0 -0.88624
250.0 2150.0 -1.54786
350.0 2150.0 -2.14476
450.0 2150.0 -2.42266
550.0 2150.0 -2.27552
650.0 2150.0 -1.80953
750.0 2150.0 -1.26635
850.0 2150.0 -0.80623
950.0 2150.0 -0.34510
1050.0 2150.0 0.13741
1150.0 2150.0 0.58068
1250.0 2150.0 0.92844
1350.0 2150.0 1.17074
1450.0 2150.0 1.34984
1550.0 2150.0 1.53005
1650.0 2150.0 1.72935
1750.0 2150.0 1.81277
1850.0 2150.0 1.61814
1950.0 2150.0 1.11235
2050.0 2150.0 0.39966
2150.0 2150.0 -0.31918
2250.0 2150.0 -0.83320
2350.0 2150.0 -1.05261
2450.0 2150.0 -1.10678
2550.0 2150.0 -0.87222
2650.0 2150.0 -0.28013
2750.0 2150.0 0.48517
2850.0 2150.0 1.15744
2950.0 2150.0 1.52014
3050.0 2150.0 1.49453
3150.0 2150.0 1.18421
3250.0 2150.0 0.73527
3350.0 2150.0 0.01588
3450.0 2150.0 -0.81816
3550.0 2150.0 -1.45777
3650.0 2150.0 -1.68589
3750.0 2150.0 -1.49014
3850.0 2150.0 -1.04272
3950.0 2150.0 -0.54787
4050.0 2150.0 -0.05944
4150.0 2150.0 0.37854
4250.0 2150.0 0.69319
4350.0 2150.0 0.85429
4450.0 2150.0 0.90372
4550.0 2150.0 0.94022
4650.0 2150.0 1.05978
4750.0 2150.0 1.25180
4850.0 2150.0 1.34007
4950.0 2150.0 1.19725
5050.0 2150.0 0.83618
5150.0 2150.0 0.37083
5250.0 2150.0 -0.03838
5350.0 2150.0 -0.25248
5450.0 2150.0 -0.23469
5550.0 2150.0 -0.13164
5650.0 2150.0 -0.13556
5750.0 2150.0 -0.27075
5850.0 2150.0 -0.45875
5950.0 2150.0 -0.59491
6050.0 2150.0 -0.60187
6150.0 2150.0 -0.46023
6250.0 2150.0 -0.21639
6350.0 2150.0 0.11467
50.0 2250.0 -0.16252
150.0 2250.0 -0.80524
250.0 2250.0 -1.54968
350.0 2250.0 -2.16603
450.0 2250.0 -2.39039
550.0 2250.0 -2.14007
650.0 2250.0 -1.56981
750.0 2250.0 -0.96922
850.0 2250.0 -0.50283
950.0 2250.0 -0.08556
1050.0 2250.0 0.24323
1150.0 2250.0 0.43783
1250.0 2250.0 0.50789
1350.0 2250.0 0.52059
1450.0 2250.0 0.57367
1550.0 2250.0 0.73944
1650.0 2250.0 0.98210
1750.0 2250.0 1.15106
1850.0 2250.0 1.11623
1950.0 2250.0 0.83074
2050.0 2250.0 0.35619
2150.0 2250.0 -0.15668
2250.0 2250.0 -0.53314
2350.0 2250.0 -0.68559
2450.0 2250.0 -0.69994
2550.0 2250.0 -0.44292
2650.0 2250.0 0.10952
2750.0 2250.0 0.73982
2850.0 2250.0 1.18965
2950.0 2250.0 1.29363
3050.0 2250.0 1.04202
3150.0 2250.0 0.57260
3250.0 2250.0 0.00631
3350.0 2250.0 -0.72064
3450.0 2250.0 -1.40476
3550.0 2250.0 -1.76305
3650.0 2250.0 -1.66297
3750.0 2250.0 -1.20097
3850.0 2250.0 -0.62934
3950.0 2250.0 -0.13254
4050.0 2250.0 0.31732
4150.0 2250.0 0.65265
4250.0 2250.0 0.80367
4350.0 2250.0 0.77492
4450.0 2250.0 0.65396
4550.0 2250.0 0.57686
4650.0 2250.0 0.65044
4750.0 2250.0 0.83427
4850.0 2250.0 0.93808
4950.0 2250.0 0.85592
5050.0 2250.0 0.59750
5150.0 2250.0 0.25416
5250.0 2250.0 -0.04493
5350.0 2250.0 -0.18737
5450.0 2250.0 -0.14298
5550.0 2250.0 -0.03474
5650.0 2250.0 -0.05611
5750.0 2250.0 -0.23782
5850.0 2250.0 -0.48753
5950.0 2250.0 -0.67951
6050.0 2250.0 -0.71855
6150.0 2250.0 -0.57794
6250.0 2250.0 -0.31152
6350.0 2250.0 0.04961
50.0 2350.0 -0.02642
150.0 2350.0 -0.69558
250.0 2350.0 -1.43432
350.0 2350.0 -2.00028
450.0 2350.0 -2.13811
550.0 2350.0 -1.78968
650.0 2350.0 -1.14045
750.0 2350.0 -0.50177
850.0 2350.0 -0.03145
950.0 2350.0 0.34604
1050.0 2350.0 0.52988
1150.0 2350.0 0.48081
1250.0 2350.0 0.26571
1350.0 2350.0 0.02622
1450.0 2350.0 -0.07956
1550.0 2350.0 0.03724
1650.0 2350.0 0.29180
1750.0 2350.0 0.53028
1850.0 2350.0 0.66887
1950.0 2350.0 0.64287
2050.0 2350.0 0.45499
2150.0 2350.0 0.18583
2250.0 2350.0 -0.04182
2350.0 2350.0 -0.14473
2450.0 2350.0 -0.15286
2550.0 2350.0 0.05939
2650.0 2350.0 0.48317
2750.0 2350.0 0.91080
2850.0 2350.0 1.12683
2950.0 2350.0 1.02358
3050.0 2350.0 0.63808
3150.0 2350.0 0.11048
3250.0 2350.0 -0.48235
3350.0 2350.0 -1.17609
3450.0 2350.0 -1.74892
3550.0 2350.0 -1.93884
3650.0 2350.0 -1.65957
3750.0 2350.0 -1.05963
3850.0 2350.0 -0.42464
3950.0 2350.0 0.07596
4050.0 2350.0 0.49834
4150.0 2350.0 0.74085
4250.0 2350.0 0.73521
4350.0 2350.0 0.52016
4450.0 2350.0 0.23001
4550.0 2350.0 0.04037
4650.0 2350.0 0.07102
4750.0 2350.0 0.25187
4850.0 2350.0 0.38499
4950.0 2350.0 0.39210
5050.0 2350.0 0.27472
5150.0 2350.0 0.09136
5250.0 2350.0 -0.06967
5350.0 2350.0 -0.12769
5450.0 2350.0 -0.05728
5550.0 2350.0 0.05380
5650.0 2350.0 0.03924
5750.0 2350.0 -0.12801
5850.0 2350.0 -0.35610
5950.0 2350.0 -0.52292
6050.0 2350.0 -0.53861
6150.0 2350.0 -0.38111
6250.0 2350.0 -0.10489
6350.0 2350.0 0.25686
50.0 2450.0 0.06118
150.0 2450.0 -0.59451
250.0 2450.0 -1.29006
350.0 2450.0 -1.78081
450.0 2450.0 -1.82741
550.0 2450.0 -1.39467
650.0 2450.0 -0.68772
750.0 2450.0 -0.02569
850.0 2450.0 0.44472
950.0 2450.0 0.78730
1050.0 2450.0 0.84799
1150.0 2450.0 0.59007
1250.0 2450.0 0.12616
1350.0 2450.0 -0.33930
1450.0 2450.0 -0.59497
1550.0 2450.0 -0.53472
1650.0 2450.0 -0.28345
1750.0 2450.0 0.00963
1850.0 2450.0 0.30833
1950.0 2450.0 0.53042
2050.0 2450.0 0.61924
2150.0 2450.0 0.58404
2250.0 2450.0 0.49435
2350.0 2450.0 0.42836
2450.0 2450.0 0.41177
2550.0 2450.0 0.55725
2650.0 2450.0 0.83114
2750.0 2450.0 1.05086
2850.0 2450.0 1.05246
2950.0 2450.0 0.78229
3050.0 2450.0 0.31071
3150.0 2450.0 -0.23202
3250.0 2450.0 -0.81629
3350.0 2450.0 -1.47046
3450.0 2450.0 -1.96807
3550.0 2450.0 -2.06241
3650.0 2450.0 -1.69136
3750.0 2450.0 -1.02593
3850.0 2450.0 -0.36238
3950.0 2450.0 0.14035
4050.0 2450.0 0.54188
4150.0 2450.0 0.70746
4250.0 2450.0 0.56895
4350.0 2450.0 0.19355
4450.0 2450.0 -0.24421
4550.0 2450.0 -0.53372
4650.0 2450.0 -0.54274
4750.0 2450.0 -0.36632
4850.0 2450.0 -0.20480
4950.0 2450.0 -0.10735
5050.0 2450.0 -0.08040
5150.0 2450.0 -0.09902
5250.0 2450.0 -0.11718
5350.0 2450.0 -0.08742
5450.0 2450.0 0.01026
5550.0 2450.0 0.12584
5650.0 2450.0 0.13155
5750.0 2450.0 0.00721
5850.0 2450.0 -0.16359
5950.0 2450.0 -0.27369
6050.0 2450.0 -0.24765
6150.0 2450.0 -0.07121
6250.0 2450.0 0.20485
6350.0 2450.0 0.55061
50.0 2550.0 0.07832
150.0 2550.0 -0.50593
250.0 2550.0 -1.12019
350.0 2550.0 -1.53960
450.0 2550.0 -1.54825
550.0 2550.0 -1.11893
650.0 2550.0 -0.44405
750.0 2550.0 0.18205
850.0 2550.0 0.62726
950.0 2550.0 0.93830
1050.0 2550.0 0.94265
1150.0 2550.0 0.60188
1250.0 2550.0 0.03971
1350.0 2550.0 -0.52158
1450.0 2550.0 -0.85345
1550.0 2550.0 -0.84222
1650.0 2550.0 -0.62202
1750.0 2550.0 -0.31108
1850.0 2550.0 0.09887
1950.0 2550.0 0.51236
2050.0 2550.0 0.82165
2150.0 2550.0 0.97248
2250.0 2550.0 0.98522
2350.0 2550.0 0.93140
2450.0 2550.0 0.88547
2550.0 2550.0 0.94862
2650.0 2550.0 1.07345
2750.0 2550.0 1.10977
2850.0 2550.0 0.94212
2950.0 2550.0 0.55768
3050.0 2550.0 0.04323
3150.0 2550.0 -0.48869
3250.0 2550.0 -1.04761
3350.0 2550.0 -1.66672
3450.0 2550.0 -2.12582
3550.0 2550.0 -2.18987
3650.0 2550.0 -1.80460
3750.0 2550.0 -1.14083
3850.0 2550.0 -0.48776
3950.0 2550.0 0.00337
4050.0 2550.0 0.38687
4150.0 2550.0 0.51191
4250.0 2550.0 0.30454
4350.0 2550.0 -0.16111
4450.0 2550.0 -0.69391
4550.0 2550.0 -1.06379
4650.0 2550.0 -1.12670
4750.0 2550.0 -0.98593
4850.0 2550.0 -0.83480
4950.0 2550.0 -0.68975
5050.0 2550.0 -0.55052
5150.0 2550.0 -0.41416
5250.0 2550.0 -0.27644
5350.0 2550.0 -0.13363
5450.0 2550.0 0.01531
5550.0 2550.0 0.15659
5650.0 2550.0 0.20809
5750.0 2550.0 0.14568
5850.0 2550.0 0.02845
5950.0 2550.0 -0.05812
6050.0 2550.0 -0.04507
6150.0 2550.0 0.09212
6250.0 2550.0 0.32051
6350.0 2550.0 0.60481
50.0 2650.0 0.00747
150.0 2650.0 -0.42156
250.0 2650.0 -0.89880
350.0 2650.0 -1.25115
450.0 2650.0 -1.29713
550.0 2650.0 -0.99638
650.0 2650.0 -0.48224
750.0 2650.0 0.02268
850.0 2650.0 0.40602
950.0 2650.0 0.69039
1050.0 2650.0 0.73528
1150.0 2650.0 0.49457
1250.0 2650.0 0.05271
1350.0 2650.0 -0.41533
1450.0 2650.0 -0.71626
1550.0 2650.0 -0.74291
1650.0 2650.0 -0.59425
1750.0 2650.0 -0.32570
1850.0 2650.0 0.10482
1950.0 2650.0 0.59691
2050.0 2650.0 1.01112
2150.0 2650.0 1.24971
2250.0 2650.0 1.29633
2350.0 2650.0 1.21415
2450.0 2650.0 1.10992
2550.0 2650.0 1.08012
2650.0 2650.0 1.08427
2750.0 2650.0 1.01049
2850.0 2650.0 0.77807
2950.0 2650.0 0.38600
3050.0 2650.0 -0.09317
3150.0 2650.0 -0.57415
3250.0 2650.0 -1.08329
3350.0 2650.0 -1.67026
3450.0 2650.0 -2.13620
3550.0 2650.0 -2.25412
3650.0 2650.0 -1.95659
3750.0 2650.0 -1.38415
3850.0 2650.0 -0.79466
3950.0 2650.0 -0.33470
4050.0 2650.0 0.03695
4150.0 2650.0 0.18266
4250.0 2650.0 0.01392
4350.0 2650.0 -0.42269
4450.0 2650.0 -0.95823
4550.0 2650.0 -1.36959
4650.0 2650.0 -1.50314
4750.0 2650.0 -1.44348
4850.0 2650.0 -1.36637
4950.0 2650.0 -1.25682
5050.0 2650.0 -1.08448
5150.0 2650.0 -0.84387
5250.0 2650.0 -0.56244
5350.0 2650.0 -0.28847
5450.0 2650.0 -0.05878
5550.0 2650.0 0.13901
5650.0 2650.0 0.27378
5750.0 2650.0 0.30185
5850.0 2650.0 0.23415
5950.0 2650.0 0.12435
6050.0 2650.0 0.04608
6150.0 2650.0 0.06019
6250.0 2650.0 0.17215
6350.0 2650.0 0.33056
50.0 2750.0 -0.10758
150.0 2750.0 -0.32151
250.0 2750.0 -0.62079
350.0 2750.0 -0.90667
450.0 2750.0 -1.04043
550.0 2750.0 -0.95436
650.0 2750.0 -0.69038
750.0 2750.0 -0.36638
850.0 2750.0 -0.07091
950.0 2750.0 0.19032
1050.0 2750.0 0.34504
1150.0 2750.0 0.33512
1250.0 2750.0 0.16980
1350.0 2750.0 -0.06980
1450.0 2750.0 -0.26314
1550.0 2750.0 -0.31961
1650.0 2750.0 -0.27175
1750.0 2750.0 -0.09817
1850.0 2750.0 0.26093
1950.0 2750.0 0.70923
2050.0 2750.0 1.09924
2150.0 2750.0 1.31604
2250.0 2750.0 1.32427
2350.0 2750.0 1.17829
2450.0 2750.0 0.99670
2550.0 2750.0 0.88240
2650.0 2750.0 0.82294
2750.0 2750.0 0.74299
2850.0 2750.0 0.57403
2950.0 2750.0 0.29260
3050.0 2750.0 -0.07347
3150.0 2750.0 -0.47064
3250.0 2750.0 -0.91168
3350.0 2750.0 -1.46357
3450.0 2750.0 -1.95877
3550.0 2750.0 -2.17770
3650.0 2750.0 -2.02805
3750.0 2750.0 -1.60175
3850.0 2750.0 -1.10958
3950.0 2750.0 -0.69423
4050.0 2750.0 -0.32692
4150.0 2750.0 -0.10514
4250.0 2750.0 -0.13827
4350.0 2750.0 -0.43636
4450.0 2750.0 -0.88651
4550.0 2750.0 -1.29677
4650.0 2750.0 -1.50736
4750.0 2750.0 -1.56126
4850.0 2750.0 -1.61339
4950.0 2750.0 -1.62725
5050.0 2750.0 -1.52278
5150.0 2750.0 -1.26401
5250.0 2750.0 -0.89016
5350.0 2750.0 -0.49772
5450.0 2750.0 -0.17365
5550.0 2750.0 0.10255
5650.0 2750.0 0.34810
5750.0 2750.0 0.48894
5850.0 2750.0 0.47065
5950.0 2750.0 0.30724
6050.0 2750.0 0.08418
6150.0 2750.0 -0.08323
6250.0 2750.0 -0.13644
6350.0 2750.0 -0.14787
50.0 2850.0 -0.20225
150.0 2850.0 -0.19222
250.0 2850.0 -0.30592
350.0 2850.0 -0.52188
450.0 2850.0 -0.74605
550.0 2850.0 -0.88247
650.0 2850.0 -0.87819
750.0 2850.0 -0.74220
850.0 2850.0 -0.53812
950.0 2850.0 -0.29942
1050.0 2850.0 -0.02461
1150.0 2850.0 0.21552
1250.0 2850.0 0.34977
1350.0 2850.0 0.35857
1450.0 2850.0 0.28421
1550.0 2850.0 0.19924
1650.0 2850.0 0.14152
1750.0 2850.0 0.19864
1850.0 2850.0 0.43370
1950.0 2850.0 0.76000
2050.0 2850.0 1.03984
2150.0 2850.0 1.16208
2250.0 2850.0 1.08774
2350.0 2850.0 0.86346
2450.0 2850.0 0.60409
2550.0 2850.0 0.42960
2650.0 2850.0 0.36793
2750.0 2850.0 0.37129
2850.0 2850.0 0.36179
2950.0 2850.0 0.26894
3050.0 2850.0 0.05909
3150.0 2850.0 -0.24336
3250.0 2850.0 -0.61244
3350.0 2850.0 -1.12156
3450.0 2850.0 -1.63492
3550.0 2850.0 -1.94307
3650.0 2850.0 -1.93183
3750.0 2850.0 -1.64636
3850.0 2850.0 -1.25040
3950.0 2850.0 -0.88083
4050.0 2850.0 -0.51236
4150.0 2850.0 -0.18957
4250.0 2850.0 -0.04379
4350.0 2850.0 -0.15234
4450.0 2850.0 -0.47224
4550.0 2850.0 -0.85384
4650.0 2850.0 -1.13435
4750.0 2850.0 -1.30656
4850.0 2850.0 -1.51009
4950.0 2850.0 -1.70133
5050.0 2850.0 -1.74354
5150.0 2850.0 -1.55109
5250.0 2850.0 -1.15366
5350.0 2850.0 -0.68151
5450.0 2850.0 -0.27180
5550.0 2850.0 0.08588
5650.0 2850.0 0.44732
5750.0 2850.0 0.70691
5850.0 2850.0 0.74203
5950.0 2850.0 0.52488
6050.0 2850.0 0.15277
6150.0 2850.0 -0.20270
6250.0 2850.0 -0.42761
6350.0 2850.0 -0.61233
50.0 2950.0 -0.22291
150.0 2950.0 -0.03483
250.0 2950.0 0.00806
350.0 2950.0 -0.13224
450.0 2950.0 -0.40096
550.0 2950.0 -0.68664
650.0 2950.0 -0.86804
750.0 2950.0 -0.87169
850.0 2950.0 -0.73863
950.0 2950.0 -0.52502
1050.0 2950.0 -0.18319
1150.0 2950.0 0.20678
1250.0 2950.0 0.52081
1350.0 2950.0 0.67441
1450.0 2950.0 0.66041
1550.0 2950.0 0.54098
1650.0 2950.0 0.39942
1750.0 2950.0 0.35992
1850.0 2950.0 0.48317
1950.0 2950.0 0.69162
2050.0 2950.0 0.86045
2150.0 2950.0 0.88772
2250.0 2950.0 0.73623
2350.0 2950.0 0.44697
2450.0 2950.0 0.12797
2550.0 2950.0 -0.07875
2650.0 2950.0 -0.10743
2750.0 2950.0 0.01019
2850.0 2950.0 0.17678
2950.0 2950.0 0.27207
3050.0 2950.0 0.20595
3150.0 2950.0 -0.01798
3250.0 2950.0 -0.32735
3350.0 2950.0 -0.78516
3450.0 2950.0 -1.27801
3550.0 2950.0 -1.61131
3650.0 2950.0 -1.66502
3750.0 2950.0 -1.45843
3850.0 2950.0 -1.12374
3950.0 2950.0 -0.78847
4050.0 2950.0 -0.41801
4150.0 2950.0 -0.01166
4250.0 2950.0 0.28192
4350.0 2950.0 0.33096
4450.0 2950.0 0.12131
4550.0 2950.0 -0.23255
4650.0 2950.0 -0.56610
4750.0 2950.0 -0.83164
4850.0 2950.0 -1.16515
4950.0 2950.0 -1.52755
5050.0 2950.0 -1.73433
5150.0 2950.0 -1.64921
5250.0 2950.0 -1.28028
5350.0 2950.0 -0.77368
5450.0 2950.0 -0.30479
5550.0 2950.0 0.11732
5650.0 2950.0 0.57513
5750.0 2950.0 0.94042
5850.0 2950.0 1.03500
5950.0 2950.0 0.79391
6050.0 2950.0 0.31914
6150.0 2950.0 -0.17645
6250.0 2950.0 -0.53479
6350.0 2950.0 -0.85456
50.0 3050.0 -0.14884
150.0 3050.0 0.13656
250.0 3050.0 0.28296
350.0 3050.0 0.22373
450.0 3050.0 -0.01523
550.0 3050.0 -0.32777
650.0 3050.0 -0.56956
750.0 3050.0 -0.63005
850.0 3050.0 -0.53258
950.0 3050.0 -0.34872
1050.0 3050.0 -0.03320
1150.0 3050.0 0.33038
1250.0 3050.0 0.61362
1350.0 3050.0 0.72986
1450.0 3050.0 0.67299
1550.0 3050.0 0.50843
1650.0 3050.0 0.32184
1750.0 3050.0 0.23869
1850.0 3050.0 0.32309
1950.0 3050.0 0.50012
2050.0 3050.0 0.64453
2150.0 3050.0 0.65057
2250.0 3050.0 0.47558
2350.0 3050.0 0.15698
2450.0 3050.0 -0.19289
2550.0 3050.0 -0.41306
2650.0 3050.0 -0.41650
2750.0 3050.0 -0.22785
2850.0 3050.0 0.04266
2950.0 3050.0 0.24571
3050.0 3050.0 0.25974
3150.0 3050.0 0.07791
3250.0 3050.0 -0.19489
3350.0 3050.0 -0.59588
3450.0 3050.0 -1.01920
3550.0 3050.0 -1.28964
3650.0 3050.0 -1.30329
3750.0 3050.0 -1.08423
3850.0 3050.0 -0.75739
3950.0 3050.0 -0.43726
4050.0 3050.0 -0.06915
4150.0 3050.0 0.36797
4250.0 3050.0 0.71651
4350.0 3050.0 0.82111
4450.0 3050.0 0.64456
4550.0 3050.0 0.28884
4650.0 3050.0 -0.07864
4750.0 3050.0 -0.39369
4850.0 3050.0 -0.80105
4950.0 3050.0 -1.26969
5050.0 3050.0 -1.58840
5150.0 3050.0 -1.58828
5250.0 3050.0 -1.25877
5350.0 3050.0 -0.74881
5450.0 3050.0 -0.25312
5550.0 3050.0 0.20368
5650.0 3050.0 0.72213
5750.0 3050.0 1.16661
5850.0 3050.0 1.32602
5950.0 3050.0 1.10767
6050.0 3050.0 0.60703
6150.0 3050.0 0.05286
6250.0 3050.0 -0.37242
6350.0 3050.0 -0.76404
50.0 3150.0 -0.00427
150.0 3150.0 0.30656
250.0 3150.0 0.50837
350.0 3150.0 0.53323
450.0 3150.0 0.38770
550.0 3150.0 0.15479
650.0 3150.0 -0.03770
750.0 3150.0 -0.08222
850.0 3150.0 0.01106
950.0 3150.0 0.16099
1050.0 3150.0 0.36707
1150.0 3150.0 0.54736
1250.0 3150.0 0.61229
1350.0 3150.0 0.52895
1450.0 3150.0 0.33729
1550.0 3150.0 0.11801
1650.0 3150.0 -0.07879
1750.0 3150.0 -0.15138
1850.0 3150.0 -0.02077
1950.0 3150.0 0.23277
2050.0 3150.0 0.46432
2150.0 3150.0 0.54395
2250.0 3150.0 0.41046
2350.0 3150.0 0.09903
2450.0 3150.0 -0.25730
2550.0 3150.0 -0.48609
2650.0 3150.0 -0.49848
2750.0 3150.0 -0.31544
2850.0 3150.0 -0.04496
2950.0 3150.0 0.16314
3050.0 3150.0 0.18441
3150.0 3150.0 0.00914
3250.0 3150.0 -0.24828
3350.0 3150.0 -0.59130
3450.0 3150.0 -0.90884
3550.0 3150.0 -1.04772
3650.0 3150.0 -0.93723
3750.0 3150.0 -0.63126
3850.0 3150.0 -0.26784
3950.0 3150.0 0.05379
4050.0 3150.0 0.41341
4150.0 3150.0 0.82568
4250.0 3150.0 1.13159
4350.0 3150.0 1.18296
4450.0 3150.0 0.95441
4550.0 3150.0 0.55949
4650.0 3150.0 0.17097
4750.0 3150.0 -0.15461
4850.0 3150.0 -0.57862
4950.0 3150.0 -1.07460
5050.0 3150.0 -1.42546
5150.0 3150.0 -1.45352
5250.0 3150.0 -1.14160
5350.0 3150.0 -0.63695
5450.0 3150.0 -0.13779
5550.0 3150.0 0.32731
5650.0 3150.0 0.87406
5750.0 3150.0 1.37274
5850.0 3150.0 1.59971
5950.0 3150.0 1.44339
6050.0 3150.0 0.98341
6150.0 3150.0 0.44217
6250.0 3150.0 0.00883
6350.0 3150.0 -0.39992
50.0 3250.0 0.08766
150.0 3250.0 0.39260
250.0 3250.0 0.63043
350.0 3250.0 0.74182
450.0 3250.0 0.71541
550.0 3250.0 0.60194
650.0 3250.0 0.49648
750.0 3250.0 0.48852
850.0 3250.0 0.58092
950.0 3250.0 0.69325
1050.0 3250.0 0.77517
1150.0 3250.0 0.74895
1250.0 3250.0 0.57124
1350.0 3250.0 0.27054
1450.0 3250.0 -0.06253
1550.0 3250.0 -0.33234
1650.0 3250.0 -0.53015
1750.0 3250.0 -0.58239
1850.0 3250.0 -0.39381
1950.0 3250.0 -0.04841
2050.0 3250.0 0.28938
2150.0 3250.0 0.46380
2250.0 3250.0 0.39240
2350.0 3250.0 0.10615
2450.0 3250.0 -0.24061
2550.0 3250.0 -0.46807
2650.0 3250.0 -0.49098
2750.0 3250.0 -0.32714
2850.0 3250.0 -0.07741
2950.0 3250.0 0.11617
3050.0 3250.0 0.13425
3150.0 3250.0 -0.03398
3250.0 3250.0 -0.27374
3350.0 3250.0 -0.56254
3450.0 3250.0 -0.78591
3550.0 3250.0 -0.81058
3650.0 3250.0 -0.59444
3750.0 3250.0 -0.21588
3850.0 3250.0 0.17732
3950.0 3250.0 0.49959
4050.0 3250.0 0.84757
4150.0 3250.0 1.22414
4250.0 3250.0 1.47135
4350.0 3250.0 1.45394
4450.0 3250.0 1.16371
4550.0 3250.0 0.72832
4650.0 3250.0 0.32474
4750.0 3250.0 -0.00190
4850.0 3250.0 -0.42505
4950.0 3250.0 -0.91745
5050.0 3250.0 -1.26160
5150.0 3250.0 -1.28080
5250.0 3250.0 -0.95986
5350.0 3250.0 -0.44814
5450.0 3250.0 0.05516
5550.0 3250.0 0.52421
5650.0 3250.0 1.08666
5750.0 3250.0 1.62029
5850.0 3250.0 1.89852
5950.0 3250.0 1.79953
6050.0 3250.0 1.38983
6150.0 3250.0 0.88166
6250.0 3250.0 0.46403
6350.0 3250.0 0.06285
50.0 3350.0 -0.09023
150.0 3350.0 0.14213
250.0 3350.0 0.37322
350.0 3350.0 0.56679
450.0 3350.0 0.69178
550.0 3350.0 0.74852
650.0 3350.0 0.77161
750.0 3350.0 0.80946
850.0 3350.0 0.88057
950.0 3350.0 0.94472
1050.0 3350.0 0.93418
1150.0 3350.0 0.78126
1250.0 3350.0 0.47220
1350.0 3350.0 0.06623
1450.0 3350.0 -0.32737
1550.0 3350.0 -0.61434
1650.0 3350.0 -0.80955
1750.0 3350.0 -0.86252
1850.0 3350.0 -0.67311
1950.0 3350.0 -0.31074
2050.0 3350.0 0.06901
2150.0 3350.0 0.30694
2250.0 3350.0 0.30663
2350.0 3350.0 0.08465
2450.0 3350.0 -0.20488
2550.0 3350.0 -0.38680
2650.0 3350.0 -0.38194
2750.0 3350.0 -0.20424
2850.0 3350.0 0.05554
2950.0 3350.0 0.26724
3050.0 3350.0 0.31990
3150.0 3350.0 0.20183
3250.0 3350.0 0.01553
3350.0 3350.0 -0.23016
3450.0 3350.0 -0.43930
3550.0 3350.0 -0.48874
3650.0 3350.0 -0.32881
3750.0 3350.0 -0.01453
3850.0 3350.0 0.33283
3950.0 3350.0 0.63378
4050.0 3350.0 0.96344
4150.0 3350.0 1.32091
4250.0 3350.0 1.55220
4350.0 3350.0 1.52552
4450.0 3350.0 1.23291
4550.0 3350.0 0.79887
4650.0 3350.0 0.39593
4750.0 3350.0 0.06831
4850.0 3350.0 -0.34458
4950.0 3350.0 -0.80112
5050.0 3350.0 -1.08311
5150.0 3350.0 -1.02508
5250.0 3350.0 -0.62994
5350.0 3350.0 -0.06431
5450.0 3350.0 0.46642
5550.0 3350.0 0.94884
5650.0 3350.0 1.50505
5750.0 3350.0 2.01313
5850.0 3350.0 2.26520
5950.0 3350.0 2.15905
6050.0 3350.0 1.77114
6150.0 3350.0 1.31045
6250.0 3350.0 0.95332
6350.0 3350.0 0.61525
50.0 3450.0 -0.48275
150.0 3450.0 -0.40394
250.0 3450.0 -0.24492
350.0 3450.0 -0.00362
450.0 3450.0 0.27301
550.0 3450.0 0.52303
650.0 3450.0 0.69719
750.0 3450.0 0.78009
850.0 3450.0 0.80474
950.0 3450.0 0.81220
1050.0 3450.0 0.76085
1150.0 3450.0 0.59956
1250.0 3450.0 0.31912
1350.0 3450.0 -0.03398
1450.0 3450.0 -0.37572
1550.0 3450.0 -0.63435
1650.0 3450.0 -0.82249
1750.0 3450.0 -0.90394
1850.0 3450.0 -0.78915
1950.0 3450.0 -0.51063
2050.0 3450.0 -0.17875
2150.0 3450.0 0.07380
2250.0 3450.0 0.14786
2350.0 3450.0 0.03399
2450.0 3450.0 -0.14337
2550.0 3450.0 -0.23681
2650.0 3450.0 -0.17978
2750.0 3450.0 0.02176
2850.0 3450.0 0.29777
2950.0 3450.0 0.54230
3050.0 3450.0 0.66151
3150.0 3450.0 0.64175
3250.0 3450.0 0.55298
3350.0 3450.0 0.34904
3450.0 3450.0 0.08335
3550.0 3450.0 -0.12407
3650.0 3450.0 -0.18120
3750.0 3450.0 -0.07067
3850.0 3450.0 0.15167
3950.0 3450.0 0.40665
4050.0 3450.0 0.70976
4150.0 3450.0 1.06595
4250.0 3450.0 1.32871
4350.0 3450.0 1.35917
4450.0 3450.0 1.13068
4550.0 3450.0 0.74501
4650.0 3450.0 0.36031
4750.0 3450.0 0.03146
4850.0 3450.0 -0.36785
4950.0 3450.0 -0.77298
5050.0 3450.0 -0.96244
5150.0 3450.0 -0.78581
5250.0 3450.0 -0.27310
5350.0 3450.0 0.38148
5450.0 3450.0 0.96125
5550.0 3450.0 1.46802
5650.0 3450.0 1.99256
5750.0 3450.0 2.40488
5850.0 3450.0 2.54101
5950.0 3450.0 2.35317
6050.0 3450.0 1.95447
6150.0 3450.0 1.55860
6250.0 3450.0 1.31462
6350.0 3450.0 1.10674
50.0 3550.0 -0.87130
150.0 3550.0 -0.99807
250.0 3550.0 -0.96981
350.0 3550.0 -0.73948
450.0 3550.0 -0.35994
550.0 3550.0 0.04988
650.0 3550.0 0.35451
750.0 3550.0 0.46695
850.0 3550.0 0.42850
950.0 3550.0 0.37926
1050.0 3550.0 0.33675
1150.0 3550.0 0.26987
1250.0 3550.0 0.15191
1350.0 3550.0 -0.01921
1450.0 3550.0 -0.21915
1550.0 3550.0 -0.41398
1650.0 3550.0 -0.59215
1750.0 3550.0 -0.72252
1850.0 3550.0 -0.73841
1950.0 3550.0 -0.62085
2050.0 3550.0 -0.40928
2150.0 3550.0 -0.18719
2250.0 3550.0 -0.04619
2350.0 3550.0 -0.02840
2450.0 3550.0 -0.06198
2550.0 3550.0 -0.05285
2650.0 3550.0 0.04430
2750.0 3550.0 0.23828
2850.0 3550.0 0.49532
2950.0 3550.0 0.75090
3050.0 3550.0 0.93970
3150.0 3550.0 1.04393
3250.0 3550.0 1.08168
3350.0 3550.0 0.93386
3450.0 3550.0 0.59919
3550.0 3550.0 0.19280
3650.0 3550.0 -0.13986
3750.0 3550.0 -0.28908
3850.0 3550.0 -0.22672
3950.0 3550.0 -0.03099
4050.0 3550.0 0.24010
4150.0 3550.0 0.60356
4250.0 3550.0 0.92246
4350.0 3550.0 1.04539
4450.0 3550.0 0.91675
4550.0 3550.0 0.60487
4650.0 3550.0 0.24796
4750.0 3550.0 -0.08272
4850.0 3550.0 -0.47647
4950.0 3550.0 -0.84986
5050.0 3550.0 -0.97363
5150.0 3550.0 -0.70411
5250.0 3550.0 -0.09089
5350.0 3550.0 0.64780
5450.0 3550.0 1.28206
5550.0 3550.0 1.81968
5650.0 3550.0 2.29777
5750.0 3550.0 2.57331
5850.0 3550.0 2.54118
5950.0 3550.0 2.22853
6050.0 3550.0 1.80070
6150.0 3550.0 1.48058
6250.0 3550.0 1.38134
6350.0 3550.0 1.34626
50.0 3650.0 -1.04254
150.0 3650.0 -1.37513
250.0 3650.0 -1.50353
350.0 3650.0 -1.34039
450.0 3650.0 -0.93303
550.0 3650.0 -0.43759
650.0 3650.0 -0.05624
750.0 3650.0 0.06265
850.0 3650.0 -0.03972
950.0 3650.0 -0.13730
1050.0 3650.0 -0.14553
1150.0 3650.0 -0.07652
1250.0 3650.0 0.01614
1350.0 3650.0 0.06975
1450.0 3650.0 0.03916
1550.0 3650.0 -0.08217
1650.0 3650.0 -0.25029
1750.0 3650.0 -0.43372
1850.0 3650.0 -0.59214
1950.0 3650.0 -0.65477
2050.0 3650.0 -0.58636
2150.0 3650.0 -0.41586
2250.0 3650.0 -0.22260
2350.0 3650.0 -0.08009
2450.0 3650.0 0.02460
2550.0 3650.0 0.11567
2650.0 3650.0 0.21041
2750.0 3650.0 0.33877
2850.0 3650.0 0.51669
2950.0 3650.0 0.73538
3050.0 3650.0 0.96703
3150.0 3650.0 1.18725
3250.0 3650.0 1.35271
3350.0 3650.0 1.28444
3450.0 3650.0 0.93132
3550.0 3650.0 0.39410
3650.0 3650.0 -0.14561
3750.0 3650.0 -0.50335
3850.0 3650.0 -0.57678
3950.0 3650.0 -0.43644
4050.0 3650.0 -0.19767
4150.0 3650.0 0.16866
4250.0 3650.0 0.53497
4350.0 3650.0 0.73925
4450.0 3650.0 0.69993
4550.0 3650.0 0.45467
4650.0 3650.0 0.12286
4750.0 3650.0 -0.21034
4850.0 3650.0 -0.61410
4950.0 3650.0 -1.00127
5050.0 3650.0 -1.13047
5150.0 3650.0 -0.84825
5250.0 3650.0 -0.20340
5350.0 3650.0 0.57748
5450.0 3650.0 1.25335
5550.0 3650.0 1.82097
5650.0 3650.0 2.25491
5750.0 3650.0 2.39978
5850.0 3650.0 2.20741
5950.0 3650.0 1.77703
6050.0 3650.0 1.32393
6150.0 3650.0 1.07932
6250.0 3650.0 1.12149
6350.0 3650.0 1.25868
50.0 3750.0 -0.89036
150.0 3750.0 -1.37661
250.0 3750.0 -1.64146
350.0 3750.0 -1.57105
450.0 3750.0 -1.19982
550.0 3750.0 -0.69675
650.0 3750.0 -0.29892
750.0 3750.0 -0.19271
850.0 3750.0 -0.34343
950.0 3750.0 -0.47674
1050.0 3750.0 -0.46243
1150.0 3750.0 -0.29879
1250.0 3750.0 -0.05798
1350.0 3750.0 0.15448
1450.0 3750.0 0.24401
1550.0 3750.0 0.17502
1650.0 3750.0 0.01413
1750.0 3750.0 -0.20795
1850.0 3750.0 -0.47020
1950.0 3750.0 -0.66419
2050.0 3750.0 -0.70031
2150.0 3750.0 -0.56775
2250.0 3750.0 -0.33682
2350.0 3750.0 -0.10382
2450.0 3750.0 0.09892
2550.0 3750.0 0.22667
2650.0 3750.0 0.26706
2750.0 3750.0 0.27399
2850.0 3750.0 0.31768
2950.0 3750.0 0.44921
3050.0 3750.0 0.68032
3150.0 3750.0 0.97862
3250.0 3750.0 1.24433
3350.0 3750.0 1.27637
3450.0 3750.0 0.99351
3550.0 3750.0 0.46949
3650.0 3750.0 -0.11510
3750.0 3750.0 -0.54766
3850.0 3750.0 -0.68516
3950.0 3750.0 -0.58099
4050.0 3750.0 -0.36946
4150.0 3750.0 -0.01555
4250.0 3750.0 0.36014
4350.0 3750.0 0.59338
4450.0 3750.0 0.59146
4550.0 3750.0 0.37632
4650.0 3750.0 0.05595
4750.0 3750.0 -0.28019
4850.0 3750.0 -0.70935
4950.0 3750.0 -1.15903
5050.0 3750.0 -1.37376
5150.0 3750.0 -1.17372
5250.0 3750.0 -0.58381
5350.0 3750.0 0.18094
5450.0 3750.0 0.87354
5550.0 3750.0 1.46335
5650.0 3750.0 1.87153
5750.0 3750.0 1.93629
5850.0 3750.0 1.64851
5950.0 3750.0 1.15461
6050.0 3750.0 0.70057
6150.0 3750.0 0.52006
6250.0 3750.0 0.66681
6350.0 3750.0 0.93243
50.0 3850.0 -0.45103
150.0 3850.0 -1.00994
250.0 3850.0 -1.35448
350.0 3850.0 -1.36101
450.0 3850.0 -1.05114
550.0 3850.0 -0.58822
650.0 3850.0 -0.21433
750.0 3850.0 -0.12773
850.0 3850.0 -0.30186
950.0 3850.0 -0.45962
1050.0 3850.0 -0.46600
1150.0 3850.0 -0.31237
1250.0 3850.0 -0.06753
1350.0 3850.0 0.15968
1450.0 3850.0 0.26598
1550.0 3850.0 0.20700
1650.0 3850.0 0.04892
1750.0 3850.0 -0.18542
1850.0 3850.0 -0.47992
1950.0 3850.0 -0.71072
2050.0 3850.0 -0.76905
2150.0 3850.0 -0.63252
2250.0 3850.0 -0.37209
2350.0 3850.0 -0.09478
2450.0 3850.0 0.14915
2550.0 3850.0 0.26374
2650.0 3850.0 0.21122
2750.0 3850.0 0.06739
2850.0 3850.0 -0.04935
2950.0 3850.0 -0.03566
3050.0 3850.0 0.15403
3150.0 3850.0 0.47955
3250.0 3850.0 0.80180
3350.0 3850.0 0.94328
3450.0 3850.0 0.81834
3550.0 3850.0 0.46356
3650.0 3850.0 0.01789
3750.0 3850.0 -0.33283
3850.0 3850.0 -0.44710
3950.0 3850.0 -0.35314
4050.0 3850.0 -0.16070
4150.0 3850.0 0.16149
4250.0 3850.0 0.49620
4350.0 3850.0 0.68824
4450.0 3850.0 0.65365
4550.0 3850.0 0.41918
4650.0 3850.0 0.09172
4750.0 3850.0 -0.24735
4850.0 3850.0 -0.71041
4950.0 3850.0 -1.25331
5050.0 3850.0 -1.60764
5150.0 3850.0 -1.55787
5250.0 3850.0 -1.08921
5350.0 3850.0 -0.38963
5450.0 3850.0 0.29380
5550.0 3850.0 0.89452
5650.0 3850.0 1.30315
5750.0 3850.0 1.36014
5850.0 3850.0 1.06948
5950.0 3850.0 0.58902
6050.0 3850.0 0.16792
6150.0 3850.0 0.03408
6250.0 3850.0 0.23161
6350.0 3850.0 0.55833
50.0 3950.0 0.12864
150.0 3950.0 -0.44219
250.0 3950.0 -0.81509
350.0 3950.0 -0.86762
450.0 3950.0 -0.61245
550.0 3950.0 -0.20028
650.0 3950.0 0.13765
750.0 3950.0 0.20728
850.0 3950.0 0.02866
950.0 3950.0 -0.14794
1050.0 3950.0 -0.21596
1150.0 3950.0 -0.16459
1250.0 3950.0 -0.03971
1350.0 3950.0 0.08024
1450.0 3950.0 0.11690
1550.0 3950.0 0.03320
1650.0 3950.0 -0.12525
1750.0 3950.0 -0.35055
1850.0 3950.0 -0.61962
1950.0 3950.0 -0.81002
2050.0 3950.0 -0.82136
2150.0 3950.0 -0.64254
2250.0 3950.0 -0.35396
2350.0 3950.0 -0.06467
2450.0 3950.0 0.17976
2550.0 3950.0 0.25090
2650.0 3950.0 0.09112
2750.0 3950.0 -0.20550
2850.0 3950.0 -0.48167
2950.0 3950.0 -0.59237
3050.0 3950.0 -0.46558
3150.0 3950.0 -0.14823
3250.0 3950.0 0.19737
3350.0 3950.0 0.44707
3450.0 3950.0 0.52832
3550.0 3950.0 0.43626
3650.0 3950.0 0.24374
3750.0 3950.0 0.07470
3850.0 3950.0 0.04085
3950.0 3950.0 0.14278
4050.0 3950.0 0.32238
4150.0 3950.0 0.59990
4250.0 3950.0 0.85889
4350.0 3950.0 0.96084
4450.0 3950.0 0.84459
4550.0 3950.0 0.55611
4650.0 3950.0 0.20854
4750.0 3950.0 -0.13321
4850.0 3950.0 -0.63114
4950.0 3950.0 -1.27452
5050.0 3950.0 -1.78440
5150.0 3950.0 -1.90832
5250.0 3950.0 -1.58699
5350.0 3950.0 -0.97509
5450.0 3950.0 -0.31601
5550.0 3950.0 0.28724
5650.0 3950.0 0.71490
5750.0 3950.0 0.81593
5850.0 3950.0 0.58879
5950.0 3950.0 0.17701
6050.0 3950.0 -0.18692
6150.0 3950.0 -0.28686
6250.0 3950.0 -0.07754
6350.0 3950.0 0.26021
50.0 4050.0 0.71883
150.0 4050.0 0.16956
250.0 4050.0 -0.21006
350.0 4050.0 -0.30702
450.0 4050.0 -0.12511
550.0 4050.0 0.20667
650.0 4050.0 0.48257
750.0 4050.0 0.52554
850.0 4050.0 0.34839
950.0 4050.0 0.15806
1050.0 4050.0 0.02713
1150.0 4050.0 -0.02768
1250.0 4050.0 -0.02334
1350.0 4050.0 -0.00370
1450.0 4050.0 -0.02155
1550.0 4050.0 -0.10952
1650.0 4050.0 -0.24596
1750.0 4050.0 -0.43397
1850.0 4050.0 -0.64720
1950.0 4050.0 -0.77862
2050.0 4050.0 -0.74636
2150.0 4050.0 -0.54987
2250.0 4050.0 -0.26797
2350.0 4050.0 0.00131
2450.0 4050.0 0.21930
2550.0 4050.0 0.23006
2650.0 4050.0 -0.03904
2750.0 4050.0 -0.47938
2850.0 4050.0 -0.90349
2950.0 4050.0 -1.13448
3050.0 4050.0 -1.08050
3150.0 4050.0 -0.79412
3250.0 4050.0 -0.45013
3350.0 4050.0 -0.10784
3450.0 4050.0 0.18494
3550.0 4050.0 0.38648
3650.0 4050.0 0.49657
3750.0 4050.0 0.56093
3850.0 4050.0 0.64443
3950.0 4050.0 0.77384
4050.0 4050.0 0.95317
4150.0 4050.0 1.18424
4250.0 4050.0 1.34721
4350.0 4050.0 1.32435
4450.0 4050.0 1.08787
4550.0 4050.0 0.71578
4650.0 4050.0 0.33556
4750.0 4050.0 -0.00958
4850.0 4050.0 -0.53279
4950.0 4050.0 -1.25442
5050.0 4050.0 -1.89659
5150.0 4050.0 -2.18338
5250.0 4050.0 -2.01812
5350.0 4050.0 -1.52003
5450.0 4050.0 -0.92015
5550.0 4050.0 -0.35003
5650.0 4050.0 0.06776
5750.0 4050.0 0.20118
5850.0 4050.0 0.04825
5950.0 4050.0 -0.26647
6050.0 4050.0 -0.54044
6150.0 4050.0 -0.58491
6250.0 4050.0 -0.35994
6350.0 4050.0 -0.01401
50.0 4150.0 1.20074
150.0 4150.0 0.74655
250.0 4150.0 0.40750
350.0 4150.0 0.26841
450.0 4150.0 0.33386
550.0 4150.0 0.51643
650.0 4150.0 0.66891
750.0 4150.0 0.66031
850.0 4150.0 0.49489
950.0 4150.0 0.30398
1050.0 4150.0 0.12466
1150.0 4150.0 -0.00797
1250.0 4150.0 -0.07329
1350.0 4150.0 -0.08267
1450.0 4150.0 -0.07566
1550.0 4150.0 -0.09493
1650.0 4150.0 -0.14406
1750.0 4150.0 -0.22273
1850.0 4150.0 -0.31722
1950.0 4150.0 -0.36916
2050.0 4150.0 -0.33299
2150.0 4150.0 -0.20695
2250.0 4150.0 -0.03267
2350.0 4150.0 0.13682
2450.0 4150.0 0.26778
2550.0 4150.0 0.18989
2650.0 4150.0 -0.16927
2750.0 4150.0 -0.69889
2850.0 4150.0 -1.20961
2950.0 4150.0 -1.52400
3050.0 4150.0 -1.55113
3150.0 4150.0 -1.34514
3250.0 4150.0 -1.06567
3350.0 4150.0 -0.69884
3450.0 4150.0 -0.24450
3550.0 4150.0 0.24273
3650.0 4150.0 0.69437
3750.0 4150.0 1.05919
3850.0 4150.0 1.32457
3950.0 4150.0 1.52809
4050.0 4150.0 1.74487
4150.0 4150.0 1.94537
4250.0 4150.0 1.99528
4350.0 4150.0 1.80016
4450.0 4150.0 1.38214
4550.0 4150.0 0.87518
4650.0 4150.0 0.43889
4750.0 4150.0 0.08883
4850.0 4150.0 -0.42670
4950.0 4150.0 -1.14540
5050.0 4150.0 -1.82420
5150.0 4150.0 -2.20823
5250.0 4150.0 -2.19213
5350.0 4150.0 -1.86094
5450.0 4150.0 -1.41039
5550.0 4150.0 -0.97265
5650.0 4150.0 -0.65873
5750.0 4150.0 -0.55598
5850.0 4150.0 -0.64359
5950.0 4150.0 -0.81582
6050.0 4150.0 -0.92678
6150.0 4150.0 -0.85533
6250.0 4150.0 -0.59003
6350.0 4150.0 -0.22594
50.0 4250.0 1.40104
150.0 4250.0 1.11678
250.0 4250.0 0.87747
350.0 4250.0 0.72277
450.0 4250.0 0.66022
550.0 4250.0 0.65581
650.0 4250.0 0.64596
750.0 4250.0 0.57083
850.0 4250.0 0.42832
950.0 4250.0 0.25003
1050.0 4250.0 0.03763
1150.0 4250.0 -0.14320
1250.0 4250.0 -0.22607
1350.0 4250.0 -0.19240
1450.0 4250.0 -0.08107
1550.0 4250.0 0.04075
1650.0 4250.0 0.14333
1750.0 4250.0 0.24448
1850.0 4250.0 0.32919
1950.0 4250.0 0.37448
2050.0 4250.0 0.37269
2150.0 4250.0 0.33907
2250.0 4250.0 0.30480
2350.0 4250.0 0.29546
2450.0 4250.0 0.28138
2550.0 4250.0 0.10429
2650.0 4250.0 -0.28595
2750.0 4250.0 -0.79509
2850.0 4250.0 -1.27359
2950.0 4250.0 -1.58913
3050.0 4250.0 -1.68150
3150.0 4250.0 -1.59996
3250.0 4250.0 -1.45502
3350.0 4250.0 -1.17577
3450.0 4250.0 -0.69766
3550.0 4250.0 -0.04701
3650.0 4250.0 0.67298
3750.0 4250.0 1.32336
3850.0 4250.0 1.79772
3950.0 4250.0 2.11710
4050.0 4250.0 2.41602
4150.0 4250.0 2.63042
4250.0 4250.0 2.60028
4350.0 4250.0 2.24595
4450.0 4250.0 1.64053
4550.0 4250.0 0.98443
4650.0 4250.0 0.48250
4750.0 4250.0 0.12719
4850.0 4250.0 -0.33726
4950.0 4250.0 -0.94138
5050.0 4250.0 -1.51338
5150.0 4250.0 -1.87495
5250.0 4250.0 -1.95438
5350.0 4250.0 -1.81429
5450.0 4250.0 -1.59387
5550.0 4250.0 -1.38699
5650.0 4250.0 -1.27722
5750.0 4250.0 -1.28505
5850.0 4250.0 -1.34115
5950.0 4250.0 -1.35233
6050.0 4250.0 -1.24909
6150.0 4250.0 -1.01320
6250.0 4250.0 -0.68548
6350.0 4250.0 -0.29576
50.0 4350.0 1.24197
150.0 4350.0 1.16632
250.0 4350.0 1.07108
350.0 4350.0 0.94463
450.0 4350.0 0.78864
550.0 4350.0 0.61800
650.0 4350.0 0.45517
750.0 4350.0 0.31869
850.0 4350.0 0.20580
950.0 4350.0 0.04676
1050.0 4350.0 -0.19021
1150.0 4350.0 -0.40301
1250.0 4350.0 -0.47606
1350.0 4350.0 -0.36271
1450.0 4350.0 -0.10768
1550.0 4350.0 0.19028
1650.0 4350.0 0.47527
1750.0 4350.0 0.78913
1850.0 4350.0 1.07980
1950.0 4350.0 1.22764
2050.0 4350.0 1.16442
2150.0 4350.0 0.92563
2250.0 4350.0 0.63291
2350.0 4350.0 0.40656
2450.0 4350.0 0.22210
2550.0 4350.0 -0.03689
2650.0 4350.0 -0.37865
2750.0 4350.0 -0.74278
2850.0 4350.0 -1.05727
2950.0 4350.0 -1.27566
3050.0 4350.0 -1.39474
3150.0 4350.0 -1.45265
3250.0 4350.0 -1.48584
3350.0 4350.0 -1.40561
3450.0 4350.0 -1.08338
3550.0 4350.0 -0.47501
3650.0 4350.0 0.33472
3750.0 4350.0 1.15920
3850.0 4350.0 1.80841
3950.0 4350.0 2.25805
4050.0 4350.0 2.67009
4150.0 4350.0 2.95671
4250.0 4350.0 2.92640
4350.0 4350.0 2.49617
4450.0 4350.0 1.77086
4550.0 4350.0 1.00554
4650.0 4350.0 0.45079
4750.0 4350.0 0.09164
4850.0 4350.0 -0.28701
4950.0 4350.0 -0.68265
5050.0 4350.0 -1.01631
5150.0 4350.0 -1.22756
5250.0 4350.0 -1.31660
5350.0 4350.0 -1.34298
5450.0 4350.0 -1.38075
5550.0 4350.0 -1.45247
5650.0 4350.0 -1.60434
5750.0 4350.0 -1.78364
5850.0 4350.0 -1.85664
5950.0 4350.0 -1.73179
6050.0 4350.0 -1.41675
6150.0 4350.0 -1.00757
6250.0 4350.0 -0.60979
6350.0 4350.0 -0.19391
50.0 4450.0 0.81471
150.0 4450.0 0.93349
250.0 4450.0 0.99182
350.0 4450.0 0.93395
450.0 4450.0 0.74759
550.0 4450.0 0.47841
650.0 4450.0 0.21420
750.0 4450.0 0.03868
850.0 4450.0 -0.04534
950.0 4450.0 -0.18792
1050.0 4450.0 -0.45141
1150.0 4450.0 -0.70040
1250.0 4450.0 -0.77287
1350.0 4450.0 -0.59437
1450.0 4450.0 -0.21321
1550.0 4450.0 0.24367
1650.0 4450.0 0.69501
1750.0 4450.0 1.20290
1850.0 4450.0 1.68138
1950.0 4450.0 1.92260
2050.0 4450.0 1.80310
2150.0 4450.0 1.37691
2250.0 4450.0 0.84827
2350.0 4450.0 0.42387
2450.0 4450.0 0.08694
2550.0 4450.0 -0.21774
2650.0 4450.0 -0.44835
2750.0 4450.0 -0.58632
2850.0 4450.0 -0.65348
2950.0 4450.0 -0.70643
3050.0 4450.0 -0.80961
3150.0 4450.0 -0.98694
3250.0 4450.0 -1.19617
3350.0 4450.0 -1.37417
3450.0 4450.0 -1.34480
3550.0 4450.0 -0.96986
3650.0 4450.0 -0.26816
3750.0 4450.0 0.57726
3850.0 4450.0 1.32381
3950.0 4450.0 1.88508
4050.0 4450.0 2.41361
4150.0 4450.0 2.81713
4250.0 4450.0 2.87488
4350.0 4450.0 2.48133
4450.0 4450.0 1.74332
4550.0 4450.0 0.94257
4650.0 4450.0 0.36355
4750.0 4450.0 0.00297
4850.0 4450.0 -0.27960
4950.0 4450.0 -0.43346
5050.0 4450.0 -0.46956
5150.0 4450.0 -0.45391
5250.0 4450.0 -0.47525
5350.0 4450.0 -0.60761
5450.0 4450.0 -0.86773
5550.0 4450.0 -1.19465
5650.0 4450.0 -1.59776
5750.0 4450.0 -1.96289
5850.0 4450.0 -2.09290
5950.0 4450.0 -1.88751
6050.0 4450.0 -1.41378
6150.0 4450.0 -0.86485
6250.0 4450.0 -0.40689
6350.0 4450.0 0.02872
50.0 4550.0 0.34679
150.0 4550.0 0.59857
250.0 4550.0 0.77940
350.0 4550.0 0.80668
450.0 4550.0 0.65090
550.0 4550.0 0.36535
650.0 4550.0 0.06913
750.0 4550.0 -0.11670
850.0 4550.0 -0.17985
950.0 4550.0 -0.31707
1050.0 4550.0 -0.61884
1150.0 4550.0 -0.92717
1250.0 4550.0 -1.04129
1350.0 4550.0 -0.85759
1450.0 4550.0 -0.41765
1550.0 4550.0 0.13574
1650.0 4550.0 0.69728
1750.0 4550.0 1.33685
1850.0 4550.0 1.94784
1950.0 4550.0 2.26294
2050.0 4550.0 2.11919
2150.0 4550.0 1.57960
2250.0 4550.0 0.90076
2350.0 4550.0 0.34660
2450.0 4550.0 -0.08934
2550.0 4550.0 -0.40211
2650.0 4550.0 -0.50757
2750.0 4550.0 -0.42330
2850.0 4550.0 -0.25120
2950.0 4550.0 -0.13534
3050.0 4550.0 -0.19709
3150.0 4550.0 -0.44778
3250.0 4550.0 -0.78504
3350.0 4550.0 -1.19719
3450.0 4550.0 -1.48544
3550.0 4550.0 -1.42471
3650.0 4550.0 -0.94990
3750.0 4550.0 -0.20319
3850.0 4550.0 0.55724
3950.0 4550.0 1.18679
4050.0 4550.0 1.80513
4150.0 4550.0 2.33394
4250.0 4550.0 2.53254
4350.0 4550.0 2.26224
4450.0 4550.0 1.60600
4550.0 4550.0 0.84168
4650.0 4550.0 0.26885
4750.0 4550.0 -0.09095
4850.0 4550.0 -0.29741
4950.0 4550.0 -0.25513
5050.0 4550.0 -0.03838
5150.0 4550.0 0.18981
5250.0 4550.0 0.26608
5350.0 4550.0 0.09488
5450.0 4550.0 -0.30388
5550.0 4550.0 -0.80114
5650.0 4550.0 -1.38043
5750.0 4550.0 -1.89071
5850.0 4550.0 -2.08928
5950.0 4550.0 -1.86254
6050.0 4550.0 -1.30884
6150.0 4550.0 -0.68062
6250.0 4550.0 -0.18542
6350.0 4550.0 0.25955
50.0 4650.0 0.06385
150.0 4650.0 0.36910
250.0 4650.0 0.61692
350.0 4650.0 0.71728
450.0 4650.0 0.62596
550.0 4650.0 0.38570
650.0 4650.0 0.11452
750.0 4650.0 -0.05879
850.0 4650.0 -0.11246
950.0 4650.0 -0.25846
1050.0 4650.0 -0.61444
1150.0 4650.0 -1.01307
1250.0 4650.0 -1.22399
1350.0 4650.0 -1.11200
1450.0 4650.0 -0.69860
1550.0 4650.0 -0.12687
1650.0 4650.0 0.47507
1750.0 4650.0 1.16952
1850.0 4650.0 1.84639
1950.0 4650.0 2.21444
2050.0 4650.0 2.08996
2150.0 4650.0 1.53207
2250.0 4650.0 0.81151
2350.0 4650.0 0.21299
2450.0 4650.0 -0.25788
2550.0 4650.0 -0.55537
2650.0 4650.0 -0.57211
2750.0 4650.0 -0.34598
2850.0 4650.0 -0.02330
2950.0 4650.0 0.20377
3050.0 4650.0 0.18281
3150.0 4650.0 -0.09026
3250.0 4650.0 -0.48514
3350.0 4650.0 -1.04089
3450.0 4650.0 -1.55829
3550.0 4650.0 -1.75802
3650.0 4650.0 -1.50752
3750.0 4650.0 -0.89911
3850.0 4650.0 -0.17931
3950.0 4650.0 0.47034
4050.0 4650.0 1.13521
4150.0 4650.0 1.76091
4250.0 4650.0 2.09885
4350.0 4650.0 1.97883
4450.0 4650.0 1.44828
4550.0 4650.0 0.76082
4650.0 4650.0 0.21386
4750.0 4650.0 -0.14398
4850.0 4650.0 -0.31388
4950.0 4650.0 -0.17476
5050.0 4650.0 0.17316
5150.0 4650.0 0.52196
5250.0 4650.0 0.66993
5350.0 4650.0 0.50548
5450.0 4650.0 0.06124
5550.0 4650.0 -0.50004
5650.0 4650.0 -1.15202
5750.0 4650.0 -1.73301
5850.0 4650.0 -1.98074
5950.0 4650.0 -1.77081
6050.0 4650.0 -1.20698
6150.0 4650.0 -0.55968
6250.0 4650.0 -0.05275
6350.0 4650.0 0.39184
50.0 4750.0 -0.03897
150.0 4750.0 0.27422
250.0 4750.0 0.55286
350.0 4750.0 0.70966
450.0 4750.0 0.68888
550.0 4750.0 0.51565
650.0 4750.0 0.29194
750.0 4750.0 0.13927
850.0 4750.0 0.08756
950.0 4750.0 -0.07599
1050.0 4750.0 -0.49643
1150.0 4750.0 -1.00469
1250.0 4750.0 -1.34573
1350.0 4750.0 -1.35101
1450.0 4750.0 -1.01410
1550.0 4750.0 -0.46939
1650.0 4750.0 0.13268
1750.0 4750.0 0.83862
1850.0 4750.0 1.54537
1950.0 4750.0 1.95770
2050.0 4750.0 1.88098
2150.0 4750.0 1.36203
2250.0 4750.0 0.66312
2350.0 4750.0 0.06898
2450.0 4750.0 -0.40151
2550.0 4750.0 -0.67741
2650.0 4750.0 -0.64156
2750.0 4750.0 -0.34067
2850.0 4750.0 0.06010
2950.0 4750.0 0.34831
3050.0 4750.0 0.35864
3150.0 4750.0 0.09026
3250.0 4750.0 -0.31899
3350.0 4750.0 -0.94797
3450.0 4750.0 -1.60724
3550.0 4750.0 -1.98932
3650.0 4750.0 -1.91584
3750.0 4750.0 -1.43555
3850.0 4750.0 -0.77337
3950.0 4750.0 -0.13042
4050.0 4750.0 0.55131
4150.0 4750.0 1.24213
4250.0 4750.0 1.69328
4350.0 4750.0 1.71000
4450.0 4750.0 1.30513
4550.0 4750.0 0.70220
4650.0 4750.0 0.18798
4750.0 4750.0 -0.16586
4850.0 4750.0 -0.32351
4950.0 4750.0 -0.15324
5050.0 4750.0 0.24041
5150.0 4750.0 0.63808
5250.0 4750.0 0.82543
5350.0 4750.0 0.68242
5450.0 4750.0 0.24184
5550.0 4750.0 -0.32345
5650.0 4750.0 -0.98767
5750.0 4750.0 -1.59224
5850.0 4750.0 -1.87065
5950.0 4750.0 -1.69100
6050.0 4750.0 -1.14985
6150.0 4750.0 -0.51379
6250.0 4750.0 -0.00856
6350.0 4750.0 0.43164
50.0 4850.0 -0.03324
150.0 4850.0 0.28329
250.0 4850.0 0.59136
350.0 4850.0 0.80420
450.0 4850.0 0.85065
550.0 4850.0 0.73567
650.0 4850.0 0.54536
750.0 4850.0 0.39646
850.0 4850.0 0.32957
950.0 4850.0 0.13230
1050.0 4850.0 -0.36847
1150.0 4850.0 -1.00554
1250.0 4850.0 -1.50214
1350.0 4850.0 -1.65630
1450.0 4850.0 -1.43047
1550.0 4850.0 -0.94628
1650.0 4850.0 -0.37514
1750.0 4850.0 0.32173
1850.0 4850.0 1.06434
1950.0 4850.0 1.55921
2050.0 4850.0 1.59246
2150.0 4850.0 1.17907
2250.0 4850.0 0.55042
2350.0 4850.0 -0.01978
2450.0 4850.0 -0.48356
2550.0 4850.0 -0.73104
2650.0 4850.0 -0.63363
2750.0 4850.0 -0.24589
2850.0 4850.0 0.24773
2950.0 4850.0 0.61283
3050.0 4850.0 0.66896
3150.0 4850.0 0.41753
3250.0 4850.0 0.01050
3350.0 4850.0 -0.65710
3450.0 4850.0 -1.41444
3550.0 4850.0 -1.94515
3650.0 4850.0 -2.03943
3750.0 4850.0 -1.70473
3850.0 4850.0 -1.13500
3950.0 4850.0 -0.53828
4050.0 4850.0 0.10329
4150.0 4850.0 0.76446
4250.0 4850.0 1.21822
4350.0 4850.0 1.28116
4450.0 4850.0 0.95689
4550.0 4850.0 0.44231
4650.0 4850.0 -0.00345
4750.0 4850.0 -0.30828
4850.0 4850.0 -0.40273
4950.0 4850.0 -0.14510
5050.0 4850.0 0.34580
5150.0 4850.0 0.83008
5250.0 4850.0 1.07863
5350.0 4850.0 0.96842
5450.0 4850.0 0.54113
5550.0 4850.0 -0.01881
5650.0 4850.0 -0.70207
5750.0 4850.0 -1.36268
5850.0 4850.0 -1.72494
5950.0 4850.0 -1.63511
6050.0 4850.0 -1.16531
6150.0 4850.0 -0.56565
6250.0 4850.0 -0.06439
6350.0 4850.0 0.38134
50.0 4950.0 0.12253
150.0 4950.0 0.43819
250.0 4950.0 0.77474
350.0 4950.0 1.03998
450.0 4950.0 1.14015
550.0 4950.0 1.05743
650.0 4950.0 0.86567
750.0 4950.0 0.68421
850.0 4950.0 0.56892
950.0 4950.0 0.31436
1050.0 4950.0 -0.26932
1150.0 4950.0 -1.02382
1250.0 4950.0 -1.66627
1350.0 4950.0 -1.97564
1450.0 4950.0 -1.89007
1550.0 4950.0 -1.51522
1650.0 4950.0 -1.03158
1750.0 4950.0 -0.38777
1850.0 4950.0 0.38316
1950.0 4950.0 1.00097
2050.0 4950.0 1.22361
2150.0 4950.0 1.00676
2250.0 4950.0 0.51687
2350.0 4950.0 -0.00205
2450.0 4950.0 -0.45178
2550.0 4950.0 -0.66685
2650.0 4950.0 -0.50611
2750.0 4950.0 -0.02812
2850.0 4950.0 0.56660
2950.0 4950.0 1.02244
3050.0 4950.0 1.14204
3150.0 4950.0 0.92625
3250.0 4950.0 0.55141
3350.0 4950.0 -0.08210
3450.0 4950.0 -0.83664
3550.0 4950.0 -1.42678
3650.0 4950.0 -1.64530
3750.0 4950.0 -1.46969
3850.0 4950.0 -1.04928
3950.0 4950.0 -0.57273
4050.0 4950.0 -0.07815
4150.0 4950.0 0.37935
4250.0 4950.0 0.63703
4350.0 4950.0 0.58925
4450.0 4950.0 0.27530
4550.0 4950.0 -0.13166
4650.0 4950.0 -0.43434
4750.0 4950.0 -0.60135
4850.0 4950.0 -0.53852
4950.0 4950.0 -0.10273
5050.0 4950.0 0.55350
5150.0 4950.0 1.15825
5250.0 4950.0 1.47293
5350.0 4950.0 1.39105
5450.0 4950.0 0.98300
5550.0 4950.0 0.44082
5650.0 4950.0 -0.27090
5750.0 4950.0 -1.03114
5850.0 4950.0 -1.54745
5950.0 4950.0 -1.62467
6050.0 4950.0 -1.28774
6150.0 4950.0 -0.75422
6250.0 4950.0 -0.25648
6350.0 4950.0 0.21340
50.0 5050.0 0.34542
150.0 5050.0 0.65585
250.0 5050.0 1.01573
350.0 5050.0 1.32190
450.0 5050.0 1.45359
550.0 5050.0 1.37072
650.0 5050.0 1.14056
750.0 5050.0 0.89250
850.0 5050.0 0.70048
950.0 5050.0 0.38009
1050.0 5050.0 -0.24654
1150.0 5050.0 -1.03684
1250.0 5050.0 -1.73113
1350.0 5050.0 -2.12334
1450.0 5050.0 -2.15158
1550.0 5050.0 -1.90879
1650.0 5050.0 -1.56011
1750.0 5050.0 -1.01934
1850.0 5050.0 -0.26263
1950.0 5050.0 0.45671
2050.0 5050.0 0.87409
2150.0 5050.0 0.87842
2250.0 5050.0 0.55422
2350.0 5050.0 0.10102
2450.0 5050.0 -0.32998
2550.0 5050.0 -0.52346
2650.0 5050.0 -0.33049
2750.0 5050.0 0.19486
2850.0 5050.0 0.85000
2950.0 5050.0 1.37084
3050.0 5050.0 1.54921
3150.0 5050.0 1.38106
3250.0 5050.0 1.06739
3350.0 5050.0 0.55027
3450.0 5050.0 -0.07526
3550.0 5050.0 -0.59647
3650.0 5050.0 -0.85079
3750.0 5050.0 -0.80819
3850.0 5050.0 -0.56828
3950.0 5050.0 -0.27239
4050.0 5050.0 -0.01142
4150.0 5050.0 0.10945
4250.0 5050.0 0.02755
4350.0 5050.0 -0.23419
4450.0 5050.0 -0.57042
4550.0 5050.0 -0.83561
4650.0 5050.0 -0.92547
4750.0 5050.0 -0.87982
4850.0 5050.0 -0.59563
4950.0 5050.0 0.05041
5050.0 5050.0 0.86013
5150.0 5050.0 1.53622
5250.0 5050.0 1.85493
5350.0 5050.0 1.75782
5450.0 5050.0 1.36256
5550.0 5050.0 0.85012
5650.0 5050.0 0.11945
5750.0 5050.0 -0.73625
5850.0 5050.0 -1.40789
5950.0 5050.0 -1.65657
6050.0 5050.0 -1.45623
6150.0 5050.0 -0.98832
6250.0 5050.0 -0.48850
6350.0 5050.0 0.01906
50.0 5150.0 0.51165
150.0 5150.0 0.81431
250.0 5150.0 1.19002
350.0 5150.0 1.52207
450.0 5150.0 1.66345
550.0 5150.0 1.55564
650.0 5150.0 1.26459
750.0 5150.0 0.93401
850.0 5150.0 0.65533
950.0 5150.0 0.28133
1050.0 5150.0 -0.31870
1150.0 5150.0 -1.02149
1250.0 5150.0 -1.62180
1350.0 5150.0 -1.96909
1450.0 5150.0 -2.03429
1550.0 5150.0 -1.90656
1650.0 5150.0 -1.70841
1750.0 5150.0 -1.30461
1850.0 5150.0 -0.62456
1950.0 5150.0 0.11524
2050.0 5150.0 0.64703
2150.0 5150.0 0.81144
2250.0 5150.0 0.62086
2350.0 5150.0 0.22678
2450.0 5150.0 -0.18600
2550.0 5150.0 -0.38036
2650.0 5150.0 -0.20905
2750.0 5150.0 0.28831
2850.0 5150.0 0.92683
2950.0 5150.0 1.45419
3050.0 5150.0 1.66364
3150.0 5150.0 1.54211
3250.0 5150.0 1.30432
3350.0 5150.0 0.95908
3450.0 5150.0 0.55967
3550.0 5150.0 0.22118
3650.0 5150.0 0.02957
3750.0 5150.0 -0.00218
3850.0 5150.0 0.06915
3950.0 5150.0 0.16660
4050.0 5150.0 0.16954
4150.0 5150.0 -0.07237
4250.0 5150.0 -0.50984
4350.0 5150.0 -0.98138
4450.0 5150.0 -1.31523
4550.0 5150.0 -1.40341
4650.0 5150.0 -1.24803
4750.0 5150.0 -0.96473
4850.0 5150.0 -0.45799
4950.0 5150.0 0.34978
5050.0 5150.0 1.21676
5150.0 5150.0 1.84423
5250.0 5150.0 2.05790
5350.0 5150.0 1.87796
5450.0 5150.0 1.47804
5550.0 5150.0 1.00140
5650.0 5150.0 0.27819
5750.0 5150.0 -0.61706
5850.0 5150.0 -1.36726
5950.0 5150.0 -1.70797
6050.0 5150.0 -1.58135
6150.0 5150.0 -1.14473
6250.0 5150.0 -0.63400
6350.0 5150.0 -0.08715
50.0 5250.0 0.52854
150.0 5250.0 0.82387
250.0 5250.0 1.20922
350.0 5250.0 1.55588
450.0 5250.0 1.69597
550.0 5250.0 1.55764
650.0 5250.0 1.20805
750.0 5250.0 0.80420
850.0 5250.0 0.45151
950.0 5250.0 0.05039
1050.0 5250.0 -0.45823
1150.0 5250.0 -0.96904
1250.0 5250.0 -1.34933
1350.0 5250.0 -1.53161
1450.0 5250.0 -1.54495
1550.0 5250.0 -1.48500
1650.0 5250.0 -1.41461
1750.0 5250.0 -1.14989
1850.0 5250.0 -0.59823
1950.0 5250.0 0.06207
2050.0 5250.0 0.58356
2150.0 5250.0 0.79321
2250.0 5250.0 0.66244
2350.0 5250.0 0.30364
2450.0 5250.0 -0.09617
2550.0 5250.0 -0.31441
2650.0 5250.0 -0.21482
2750.0 5250.0 0.18395
2850.0 5250.0 0.73051
2950.0 5250.0 1.20228
3050.0 5250.0 1.40615
3150.0 5250.0 1.31813
3250.0 5250.0 1.15000
3350.0 5250.0 0.97959
3450.0 5250.0 0.82862
3550.0 5250.0 0.71796
3650.0 5250.0 0.65007
3750.0 5250.0 0.60598
3850.0 5250.0 0.55667
3950.0 5250.0 0.48779
4050.0 5250.0 0.28026
4150.0 5250.0 -0.23463
4250.0 5250.0 -0.91254
4350.0 5250.0 -1.48771
4450.0 5250.0 -1.75094
4550.0 5250.0 -1.64270
4650.0 5250.0 -1.26136
4750.0 5250.0 -0.77567
4850.0 5250.0 -0.10666
4950.0 5250.0 0.75957
5050.0 5250.0 1.55203
5150.0 5250.0 1.99989
5250.0 5250.0 2.00629
5350.0 5250.0 1.68508
5450.0 5250.0 1.26079
5550.0 5250.0 0.81734
5650.0 5250.0 0.13171
5750.0 5250.0 -0.72390
5850.0 5250.0 -1.43718
5950.0 5250.0 -1.74743
6050.0 5250.0 -1.59731
6150.0 5250.0 -1.14142
6250.0 5250.0 -0.61204
6350.0 5250.0 -0.03661
50.0 5350.0 0.37255
150.0 5350.0 0.66386
250.0 5350.0 1.05702
350.0 5350.0 1.41639
450.0 5350.0 1.56075
550.0 5350.0 1.40900
650.0 5350.0 1.02780
750.0 5350.0 0.58153
850.0 5350.0 0.18475
950.0 5350.0 -0.21511
1050.0 5350.0 -0.60384
1150.0 5350.0 -0.88841
1250.0 5350.0 -1.00435
1350.0 5350.0 -0.96776
1450.0 5350.0 -0.87116
1550.0 5350.0 -0.82326
1650.0 5350.0 -0.82917
1750.0 5350.0 -0.67162
1850.0 5350.0 -0.26391
1950.0 5350.0 0.24589
2050.0 5350.0 0.64687
2150.0 5350.0 0.78700
2250.0 5350.0 0.63481
2350.0 5350.0 0.28118
2450.0 5350.0 -0.11330
2550.0 5350.0 -0.36780
2650.0 5350.0 -0.36176
2750.0 5350.0 -0.09300
2850.0 5350.0 0.32464
2950.0 5350.0 0.70508
3050.0 5350.0 0.87521
3150.0 5350.0 0.80139
3250.0 5350.0 0.67806
3350.0 5350.0 0.62953
3450.0 5350.0 0.66099
3550.0 5350.0 0.73015
3650.0 5350.0 0.77852
3750.0 5350.0 0.75753
3850.0 5350.0 0.64957
3950.0 5350.0 0.48258
4050.0 5350.0 0.16364
4150.0 5350.0 -0.45784
4250.0 5350.0 -1.18104
4350.0 5350.0 -1.69948
4450.0 5350.0 -1.81181
4550.0 5350.0 -1.51356
4650.0 5350.0 -0.96975
4750.0 5350.0 -0.36227
4850.0 5350.0 0.37426
4950.0 5350.0 1.18905
5050.0 5350.0 1.80234
5150.0 5350.0 1.99176
5250.0 5350.0 1.74537
5350.0 5350.0 1.26232
5450.0 5350.0 0.80117
5550.0 5350.0 0.38060
5650.0 5350.0 -0.24812
5750.0 5350.0 -0.99922
5850.0 5350.0 -1.57601
5950.0 5350.0 -1.74813
6050.0 5350.0 -1.48890
6150.0 5350.0 -0.97090
6250.0 5350.0 -0.42004
6350.0 5350.0 0.16572
50.0 5450.0 0.09319
150.0 5450.0 0.38484
250.0 5450.0 0.78834
350.0 5450.0 1.16699
450.0 5450.0 1.33263
550.0 5450.0 1.19640
650.0 5450.0 0.82003
750.0 5450.0 0.36769
850.0 5450.0 -0.04095
950.0 5450.0 -0.42091
1050.0 5450.0 -0.70262
1150.0 5450.0 -0.79822
1250.0 5450.0 -0.69048
1350.0 5450.0 -0.45723
1450.0 5450.0 -0.24112
1550.0 5450.0 -0.16481
1650.0 5450.0 -0.19244
1750.0 5450.0 -0.09484
1850.0 5450.0 0.18942
1950.0 5450.0 0.52989
2050.0 5450.0 0.75607
2150.0 5450.0 0.75774
2250.0 5450.0 0.52916
2350.0 5450.0 0.15742
2450.0 5450.0 -0.23828
2550.0 5450.0 -0.52772
2650.0 5450.0 -0.60505
2750.0 5450.0 -0.45290
2850.0 5450.0 -0.15479
2950.0 5450.0 0.13457
3050.0 5450.0 0.26103
3150.0 5450.0 0.18472
3250.0 5450.0 0.07587
3350.0 5450.0 0.07131
3450.0 5450.0 0.17269
3550.0 5450.0 0.31609
3650.0 5450.0 0.41979
3750.0 5450.0 0.42128
3850.0 5450.0 0.30351
3950.0 5450.0 0.10920
4050.0 5450.0 -0.21916
4150.0 5450.0 -0.78407
4250.0 5450.0 -1.36929
4350.0 5450.0 -1.68992
4450.0 5450.0 -1.59315
4550.0 5450.0 -1.13003
4650.0 5450.0 -0.49836
4750.0 5450.0 0.14508
4850.0 5450.0 0.86377
4950.0 5450.0 1.55558
5050.0 5450.0 1.94916
5150.0 5450.0 1.87573
5250.0 5450.0 1.39595
5350.0 5450.0 0.76989
5450.0 5450.0 0.27030
5550.0 5450.0 -0.13994
5650.0 5450.0 -0.70900
5750.0 5450.0 -1.32839
5850.0 5450.0 -1.72196
5950.0 5450.0 -1.70345
6050.0 5450.0 -1.29320
6150.0 5450.0 -0.69367
6250.0 5450.0 -0.12368
6350.0 5450.0 0.45520
50.0 5550.0 -0.22165
150.0 5550.0 0.07032
250.0 5550.0 0.48212
350.0 5550.0 0.87999
450.0 5550.0 1.07349
550.0 5550.0 0.96764
650.0 5550.0 0.61673
750.0 5550.0 0.17976
850.0 5550.0 -0.22150
950.0 5550.0 -0.57035
1050.0 5550.0 -0.75429
1150.0 5550.0 -0.68952
1250.0 5550.0 -0.39502
1350.0 5550.0 0.00416
1450.0 5550.0 0.32708
1550.0 5550.0 0.44053
1650.0 5550.0 0.41139
1750.0 5550.0 0.47013
1850.0 5550.0 0.64849
1950.0 5550.0 0.82810
2050.0 5550.0 0.87683
2150.0 5550.0 0.72961
2250.0 5550.0 0.41375
2350.0 5550.0 0.01857
2450.0 5550.0 -0.37936
2550.0 5550.0 -0.69790
2650.0 5550.0 -0.84462
2750.0 5550.0 -0.79168
2850.0 5550.0 -0.59867
2950.0 5550.0 -0.39377
3050.0 5550.0 -0.31350
3150.0 5550.0 -0.40117
3250.0 5550.0 -0.51204
3350.0 5550.0 -0.51440
3450.0 5550.0 -0.40517
3550.0 5550.0 -0.24961
3650.0 5550.0 -0.13270
3750.0 5550.0 -0.12077
3850.0 5550.0 -0.23341
3950.0 5550.0 -0.42671
4050.0 5550.0 -0.72399
4150.0 5550.0 -1.17016
4250.0 5550.0 -1.55030
4350.0 5550.0 -1.62483
4450.0 5550.0 -1.30370
4550.0 5550.0 -0.69170
4650.0 5550.0 -0.00480
4750.0 5550.0 0.63961
4850.0 5550.0 1.31119
4950.0 5550.0 1.86687
5050.0 5550.0 2.04884
5150.0 5550.0 1.73793
5250.0 5550.0 1.05527
5350.0 5550.0 0.30681
5450.0 5550.0 -0.22899
5550.0 5550.0 -0.63546
5650.0 5550.0 -1.14850
5750.0 5550.0 -1.63439
5850.0 5550.0 -1.83795
5950.0 5550.0 -1.61963
6050.0 5550.0 -1.05057
6150.0 5550.0 -0.36630
6250.0 5550.0 0.22103
6350.0 5550.0 0.78610
50.0 5650.0 -0.51011
150.0 5650.0 -0.23636
250.0 5650.0 0.14439
350.0 5650.0 0.51506
450.0 5650.0 0.70769
550.0 5650.0 0.63750
650.0 5650.0 0.35079
750.0 5650.0 -0.01363
850.0 5650.0 -0.34800
950.0 5650.0 -0.60780
1050.0 5650.0 -0.64984
1150.0 5650.0 -0.41246
1250.0 5650.0 0.04240
1350.0 5650.0 0.55392
1450.0 5650.0 0.92821
1550.0 5650.0 1.04529
1650.0 5650.0 1.00053
1750.0 5650.0 1.01563
1850.0 5650.0 1.10298
1950.0 5650.0 1.15938
2050.0 5650.0 1.08416
2150.0 5650.0 0.84311
2250.0 5650.0 0.48093
2350.0 5650.0 0.08218
2450.0 5650.0 -0.30602
2550.0 5650.0 -0.63124
2650.0 5650.0 -0.81766
2750.0 5650.0 -0.84008
2850.0 5650.0 -0.74508
2950.0 5650.0 -0.63676
3050.0 5650.0 -0.62771
3150.0 5650.0 -0.75505
3250.0 5650.0 -0.90074
3350.0 5650.0 -0.95222
3450.0 5650.0 -0.90010
3550.0 5650.0 -0.79501
3650.0 5650.0 -0.71051
3750.0 5650.0 -0.71048
3850.0 5650.0 -0.82102
3950.0 5650.0 -1.00773
4050.0 5650.0 -1.27020
4150.0 5650.0 -1.60343
4250.0 5650.0 -1.79736
4350.0 5650.0 -1.65563
4450.0 5650.0 -1.14383
4550.0 5650.0 -0.41123
4650.0 5650.0 0.31424
4750.0 5650.0 0.95187
4850.0 5650.0 1.58952
4950.0 5650.0 2.06190
5050.0 5650.0 2.11749
5150.0 5650.0 1.66390
5250.0 5650.0 0.85596
5350.0 5650.0 0.02613
5450.0 5650.0 -0.54280
5550.0 5650.0 -0.95745
5650.0 5650.0 -1.42666
5750.0 5650.0 -1.78872
5850.0 5650.0 -1.80657
5950.0 5650.0 -1.38676
6050.0 5650.0 -0.65363
6150.0 5650.0 0.12010
6250.0 5650.0 0.72632
6350.0 5650.0 1.27439
50.0 5750.0 -0.68741
150.0 5750.0 -0.46032
250.0 5750.0 -0.17347
350.0 5750.0 0.09273
450.0 5750.0 0.23127
550.0 5750.0 0.19454
650.0 5750.0 0.02241
750.0 5750.0 -0.18759
850.0 5750.0 -0.36694
950.0 5750.0 -0.45728
1050.0 5750.0 -0.31325
1150.0 5750.0 0.07813
1250.0 5750.0 0.61001
1350.0 5750.0 1.11396
1450.0 5750.0 1.43041
1550.0 5750.0 1.49114
1650.0 5750.0 1.40892
1750.0 5750.0 1.37695
1850.0 5750.0 1.40709
1950.0 5750.0 1.41471
2050.0 5750.0 1.31598
2150.0 5750.0 1.08084
2250.0 5750.0 0.74407
2350.0 5750.0 0.37442
2450.0 5750.0 0.01467
2550.0 5750.0 -0.27640
2650.0 5750.0 -0.44120
2750.0 5750.0 -0.47952
2850.0 5750.0 -0.44704
2950.0 5750.0 -0.43377
3050.0 5750.0 -0.52288
3150.0 5750.0 -0.73000
3250.0 5750.0 -0.95694
3350.0 5750.0 -1.12065
3450.0 5750.0 -1.19643
3550.0 5750.0 -1.20181
3650.0 5750.0 -1.18556
3750.0 5750.0 -1.20776
3850.0 5750.0 -1.31078
3950.0 5750.0 -1.48205
4050.0 5750.0 -1.71124
4150.0 5750.0 -1.96539
4250.0 5750.0 -2.04397
4350.0 5750.0 -1.78105
4450.0 5750.0 -1.17434
4550.0 5750.0 -0.39302
4650.0 5750.0 0.33573
4750.0 5750.0 0.95530
4850.0 5750.0 1.58285
4950.0 5750.0 2.06121
5050.0 5750.0 2.13328
5150.0 5750.0 1.69559
5250.0 5750.0 0.89256
5350.0 5750.0 0.05115
5450.0 5750.0 -0.54377
5550.0 5750.0 -0.98566
5650.0 5750.0 -1.44387
5750.0 5750.0 -1.73111
5850.0 5750.0 -1.61867
5950.0 5750.0 -1.04631
6050.0 5750.0 -0.18205
6150.0 5750.0 0.66656
6250.0 5750.0 1.28965
6350.0 5750.0 1.82236
50.0 5850.0 -0.68594
150.0 5850.0 -0.52718
250.0 5850.0 -0.38538
350.0 5850.0 -0.29049
450.0 5850.0 -0.25851
550.0 5850.0 -0.27687
650.0 5850.0 -0.30757
750.0 5850.0 -0.30812
850.0 5850.0 -0.26913
950.0 5850.0 -0.13997
1050.0 5850.0 0.19163
1150.0 5850.0 0.67138
1250.0 5850.0 1.15772
1350.0 5850.0 1.51094
1450.0 5850.0 1.65337
1550.0 5850.0 1.60083
1650.0 5850.0 1.46490
1750.0 5850.0 1.38929
1850.0 5850.0 1.40333
1950.0 5850.0 1.44167
2050.0 5850.0 1.42065
2150.0 5850.0 1.28775
2250.0 5850.0 1.04263
2350.0 5850.0 0.72972
2450.0 5850.0 0.41311
2550.0 5850.0 0.19620
2650.0 5850.0 0.12141
2750.0 5850.0 0.14393
2850.0 5850.0 0.17461
2950.0 5850.0 0.12146
3050.0 5850.0 -0.07092
3150.0 5850.0 -0.38409
3250.0 5850.0 -0.72285
3350.0 5850.0 -1.02712
3450.0 5850.0 -1.24794
3550.0 5850.0 -1.36305
3650.0 5850.0 -1.39792
3750.0 5850.0 -1.41852
3850.0 5850.0 -1.49597
3950.0 5850.0 -1.64376
4050.0 5850.0 -1.84936
4150.0 5850.0 -2.08186
4250.0 5850.0 -2.15331
4350.0 5850.0 -1.90643
4450.0 5850.0 -1.33656
4550.0 5850.0 -0.60002
4650.0 5850.0 0.09101
4750.0 5850.0 0.68365
4850.0 5850.0 1.32324
4950.0 5850.0 1.88635
5050.0 5850.0 2.10024
5150.0 5850.0 1.81786
5250.0 5850.0 1.13493
5350.0 5850.0 0.34505
5450.0 5850.0 -0.26708
5550.0 5850.0 -0.75192
5650.0 5850.0 -1.24327
5750.0 5850.0 -1.53901
5850.0 5850.0 -1.40418
5950.0 5850.0 -0.78573
6050.0 5850.0 0.12952
6150.0 5850.0 1.01249
6250.0 5850.0 1.64488
6350.0 5850.0 2.17205
50.0 5950.0 -0.51471
150.0 5950.0 -0.42931
250.0 5950.0 -0.44899
350.0 5950.0 -0.55190
450.0 5950.0 -0.65500
550.0 5950.0 -0.67670
650.0 5950.0 -0.57542
750.0 5950.0 -0.36361
850.0 5950.0 -0.09666
950.0 5950.0 0.24845
1050.0 5950.0 0.72421
1150.0 5950.0 1.20700
1250.0 5950.0 1.53885
1350.0 5950.0 1.63732
1450.0 5950.0 1.53374
1550.0 5950.0 1.33936
1650.0 5950.0 1.14644
1750.0 5950.0 1.03618
1850.0 5950.0 1.06466
1950.0 5950.0 1.18331
2050.0 5950.0 1.29726
2150.0 5950.0 1.31680
2250.0 5950.0 1.19459
2350.0 5950.0 0.94866
2450.0 5950.0 0.67920
2550.0 5950.0 0.55790
2650.0 5950.0 0.61864
2750.0 5950.0 0.76268
2850.0 5950.0 0.85155
2950.0 5950.0 0.77603
3050.0 5950.0 0.50017
3150.0 5950.0 0.08065
3250.0 5950.0 -0.37058
3350.0 5950.0 -0.79521
3450.0 5950.0 -1.11499
3550.0 5950.0 -1.27647
3650.0 5950.0 -1.29800
3750.0 5950.0 -1.26832
3850.0 5950.0 -1.29705
3950.0 5950.0 -1.41776
4050.0 5950.0 -1.61359
4150.0 5950.0 -1.88089
4250.0 5950.0 -2.04433
4350.0 5950.0 -1.93372
4450.0 5950.0 -1.51144
4550.0 5950.0 -0.89430
4650.0 5950.0 -0.26977
4750.0 5950.0 0.29353
4850.0 5950.0 0.95573
4950.0 5950.0 1.63661
5050.0 5950.0 2.04415
5150.0 5950.0 1.97497
5250.0 5950.0 1.46088
5350.0 5950.0 0.75079
5450.0 5950.0 0.12807
5550.0 5950.0 -0.40502
5650.0 5950.0 -0.96588
5750.0 5950.0 -1.35216
5850.0 5950.0 -1.30948
5950.0 5950.0 -0.76393
6050.0 5950.0 0.10868
6150.0 5950.0 0.97654
6250.0 5950.0 1.60828
6350.0 5950.0 2.14388
50.0 6050.0 -0.26646
150.0 6050.0 -0.24063
250.0 6050.0 -0.39590
350.0 6050.0 -0.67031
450.0 6050.0 -0.89932
550.0 6050.0 -0.94192
650.0 6050.0 -0.74912
750.0 6050.0 -0.37477
850.0 6050.0 0.07216
950.0 6050.0 0.57867
1050.0 6050.0 1.13245
1150.0 6050.0 1.55575
1250.0 6050.0 1.69133
1350.0 6050.0 1.52105
1450.0 6050.0 1.17849
1550.0 6050.0 0.85570
1650.0 6050.0 0.61693
1750.0 6050.0 0.48203
1850.0 6050.0 0.52996
1950.0 6050.0 0.72459
2050.0 6050.0 0.95923
2150.0 6050.0 1.11118
2250.0 6050.0 1.09328
2350.0 6050.0 0.90236
2450.0 6050.0 0.67158
2550.0 6050.0 0.63848
2650.0 6050.0 0.83524
2750.0 6050.0 1.11569
2850.0 6050.0 1.29243
2950.0 6050.0 1.23197
3050.0 6050.0 0.90713
3150.0 6050.0 0.40665
3250.0 6050.0 -0.12791
3350.0 6050.0 -0.61489
3450.0 6050.0 -0.94814
3550.0 6050.0 -1.06234
3650.0 6050.0 -0.99135
3750.0 6050.0 -0.86233
3850.0 6050.0 -0.82559
3950.0 6050.0 -0.92174
4050.0 6050.0 -1.11888
4150.0 6050.0 -1.44859
4250.0 6050.0 -1.74515
4350.0 6050.0 -1.81488
4450.0 6050.0 -1.57559
4550.0 6050.0 -1.09694
4650.0 6050.0 -0.54146
4750.0 6050.0 -0.00240
4850.0 6050.0 0.67639
4950.0 6050.0 1.44676
5050.0 6050.0 2.00178
5150.0 6050.0 2.09485
5250.0 6050.0 1.70884
5350.0 6050.0 1.05855
5450.0 6050.0 0.42643
5550.0 6050.0 -0.14732
5650.0 6050.0 -0.78840
5750.0 6050.0 -1.30548
5850.0 6050.0 -1.41943
5950.0 6050.0 -1.01929
6050.0 6050.0 -0.24993
6150.0 6050.0 0.56898
6250.0 6050.0 1.19270
6350.0 6050.0 1.74786
50.0 6150.0 -0.07200
150.0 6150.0 -0.07901
250.0 6150.0 -0.31262
350.0 6150.0 -0.69028
450.0 6150.0 -1.00168
550.0 6150.0 -1.07028
650.0 6150.0 -0.83950
750.0 6150.0 -0.38339
850.0 6150.0 0.15872
950.0 6150.0 0.74511
1050.0 6150.0 1.31814
1150.0 6150.0 1.67175
1250.0 6150.0 1.65758
1350.0 6150.0 1.30322
1450.0 6150.0 0.80650
1550.0 6150.0 0.40558
1650.0 6150.0 0.14168
1750.0 6150.0 -0.01142
1850.0 6150.0 0.03251
1950.0 6150.0 0.24550
2050.0 6150.0 0.51981
2150.0 6150.0 0.72147
2250.0 6150.0 0.74675
2350.0 6150.0 0.58167
2450.0 6150.0 0.37223
2550.0 6150.0 0.39376
2650.0 6150.0 0.68064
2750.0 6150.0 1.05858
2850.0 6150.0 1.30798
2950.0 6150.0 1.27590
3050.0 6150.0 0.93569
3150.0 6150.0 0.39419
3250.0 6150.0 -0.17753
3350.0 6150.0 -0.65702
3450.0 6150.0 -0.91746
3550.0 6150.0 -0.90306
3650.0 6150.0 -0.68201
3750.0 6150.0 -0.42689
3850.0 6150.0 -0.32230
3950.0 6150.0 -0.40150
4050.0 6150.0 -0.60311
4150.0 6150.0 -0.98044
4250.0 6150.0 -1.37278
4350.0 6150.0 -1.56842
4450.0 6150.0 -1.45383
4550.0 6150.0 -1.06703
4650.0 6150.0 -0.55506
4750.0 6150.0 -0.02977
4850.0 6150.0 0.64534
4950.0 6150.0 1.42716
5050.0 6150.0 2.00444
5150.0 6150.0 2.12086
5250.0 6150.0 1.74934
5350.0 6150.0 1.09865
5450.0 6150.0 0.45223
5550.0 6150.0 -0.14493
5650.0 6150.0 -0.84569
5750.0 6150.0 -1.47230
5850.0 6150.0 -1.72615
5950.0 6150.0 -1.46267
6050.0 6150.0 -0.79525
6150.0 6150.0 -0.02738
6250.0 6150.0 0.58698
6350.0 6150.0 1.16477
50.0 6250.0 -0.00152
150.0 6250.0 -0.01637
250.0 6250.0 -0.27217
350.0 6250.0 -0.68293
450.0 6250.0 -1.02661
550.0 6250.0 -1.11553
650.0 6250.0 -0.88783
750.0 6250.0 -0.41989
850.0 6250.0 0.14102
950.0 6250.0 0.73974
1050.0 6250.0 1.30217
1150.0 6250.0 1.61681
1250.0 6250.0 1.54264
1350.0 6250.0 1.12409
1450.0 6250.0 0.57842
1550.0 6250.0 0.15521
1650.0 6250.0 -0.11472
1750.0 6250.0 -0.28470
1850.0 6250.0 -0.27878
1950.0 6250.0 -0.11922
2050.0 6250.0 0.09959
2150.0 6250.0 0.25759
2250.0 6250.0 0.25978
2350.0 6250.0 0.09105
2450.0 6250.0 -0.11363
2550.0 6250.0 -0.07584
2650.0 6250.0 0.24120
2750.0 6250.0 0.65559
2850.0 6250.0 0.93705
2950.0 6250.0 0.92433
3050.0 6250.0 0.58812
3150.0 6250.0 0.03966
3250.0 6250.0 -0.52975
3350.0 6250.0 -0.95179
3450.0 6250.0 -1.08748
3550.0 6250.0 -0.90470
3650.0 6250.0 -0.51449
3750.0 6250.0 -0.13306
3850.0 6250.0 0.03074
3950.0 6250.0 -0.03966
4050.0 6250.0 -0.24200
4150.0 6250.0 -0.62836
4250.0 6250.0 -1.03904
4350.0 6250.0 -1.25892
4450.0 6250.0 -1.16845
4550.0 6250.0 -0.79951
4650.0 6250.0 -0.29607
4750.0 6250.0 0.22542
4850.0 6250.0 0.87482
4950.0 6250.0 1.58659
5050.0 6250.0 2.05596
5150.0 6250.0 2.05115
5250.0 6250.0 1.57520
5350.0 6250.0 0.85999
5450.0 6250.0 0.19205
5550.0 6250.0 -0.41142
5650.0 6250.0 -1.13765
5750.0 6250.0 -1.81788
5850.0 6250.0 -2.14457
5950.0 6250.0 -1.95541
6050.0 6250.0 -1.34561
6150.0 6250.0 -0.60776
6250.0 6250.0 0.00071
6350.0 6250.0 0.59731
50.0 6350.0 0.06521
150.0 6350.0 0.04375
250.0 6350.0 -0.22220
350.0 6350.0 -0.64753
450.0 6350.0 -1.00881
550.0 6350.0 -1.11565
650.0 6350.0 -0.90331
750.0 6350.0 -0.44640
850.0 6350.0 0.10668
950.0 6350.0 0.69248
1050.0 6350.0 1.22982
1150.0 6350.0 1.51262
1250.0 6350.0 1.40997
1350.0 6350.0 0.97453
1450.0 6350.0 0.42625
1550.0 6350.0 0.01128
1650.0 6350.0 -0.24736
1750.0 6350.0 -0.42496
1850.0 6350.0 -0.46358
1950.0 6350.0 -0.38008
2050.0 6350.0 -0.24858
2150.0 6350.0 -0.16405
2250.0 6350.0 -0.20218
2350.0 6350.0 -0.37561
2450.0 6350.0 -0.57137
2550.0 6350.0 -0.52645
2650.0 6350.0 -0.20599
2750.0 6350.0 0.20795
2850.0 6350.0 0.48669
2950.0 6350.0 0.47165
3050.0 6350.0 0.13607
3150.0 6350.0 -0.40825
3250.0 6350.0 -0.96056
3350.0 6350.0 -1.31089
3450.0 6350.0 -1.31387
3550.0 6350.0 -0.96588
3650.0 6350.0 -0.42060
3750.0 6350.0 0.06789
3850.0 6350.0 0.27429
3950.0 6350.0 0.20188
4050.0 6350.0 -0.00303
4150.0 6350.0 -0.37659
4250.0 6350.0 -0.75879
4350.0 6350.0 -0.94204
4450.0 6350.0 -0.81786
4550.0 6350.0 -0.42803
4650.0 6350.0 0.07965
4750.0 6350.0 0.59445
4850.0 6350.0 1.20348
4950.0 6350.0 1.81311
5050.0 6350.0 2.13362
5150.0 6350.0 1.97144
5250.0 6350.0 1.37074
5350.0 6350.0 0.59013
5450.0 6350.0 -0.08545
5550.0 6350.0 -0.67674
5650.0 6350.0 -1.41041
5750.0 6350.0 -2.13069
5850.0 6350.0 -2.52505
5950.0 6350.0 -2.41374
6050.0 6350.0 -1.86981
6150.0 6350.0 -1.16868
6250.0 6350.0 -0.56749
6350.0 6350.0 0.04436
