50.0 50.0 0.00000
150.0 50.0 -0.11201
250.0 50.0 -0.18594
350.0 50.0 -0.20394
450.0 50.0 -0.16614
550.0 50.0 -0.08620
650.0 50.0 0.01345
750.0 50.0 0.10647
850.0 50.0 0.16766
950.0 50.0 0.17820
1050.0 50.0 0.13100
1150.0 50.0 0.03631
1250.0 50.0 -0.07765
1350.0 50.0 -0.20785
1450.0 50.0 -0.35057
1550.0 50.0 -0.48141
1650.0 50.0 -0.57156
1750.0 50.0 -0.59976
1850.0 50.0 -0.55927
1950.0 50.0 -0.46006
2050.0 50.0 -0.32598
2150.0 50.0 -0.18703
2250.0 50.0 -0.06681
2350.0 50.0 0.03424
2450.0 50.0 0.11407
2550.0 50.0 0.14429
2650.0 50.0 0.11733
2750.0 50.0 0.04374
2850.0 50.0 -0.05481
2950.0 50.0 -0.15183
3050.0 50.0 -0.22163
3150.0 50.0 -0.24424
3250.0 50.0 -0.20952
3350.0 50.0 -0.12069
3450.0 50.0 0.00292
3550.0 50.0 0.13602
3650.0 50.0 0.27504
3750.0 50.0 0.40418
3850.0 50.0 0.49933
3950.0 50.0 0.54011
4050.0 50.0 0.51769
4150.0 50.0 0.43818
4250.0 50.0 0.32165
4350.0 50.0 0.19682
4450.0 50.0 0.09138
4550.0 50.0 0.01789
4650.0 50.0 -0.03851
4750.0 50.0 -0.07459
4850.0 50.0 -0.07636
4950.0 50.0 -0.04433
5050.0 50.0 0.01120
5150.0 50.0 0.07466
5250.0 50.0 0.12927
5350.0 50.0 0.16033
5450.0 50.0 0.15808
5550.0 50.0 0.11984
5650.0 50.0 0.05163
5750.0 50.0 -0.03069
5850.0 50.0 -0.09909
5950.0 50.0 -0.12941
6050.0 50.0 -0.11502
6150.0 50.0 -0.06280
6250.0 50.0 0.01157
6350.0 50.0 0.08804
50.0 150.0 -0.11047
150.0 150.0 -0.22067
250.0 150.0 -0.28573
350.0 150.0 -0.28461
450.0 150.0 -0.21770
550.0 150.0 -0.10135
650.0 150.0 0.03780
750.0 150.0 0.16859
850.0 150.0 0.26137
950.0 150.0 0.29406
1050.0 150.0 0.25854
1150.0 150.0 0.16704
1250.0 150.0 0.05307
1350.0 150.0 -0.07890
1450.0 150.0 -0.22664
1550.0 150.0 -0.36619
1650.0 150.0 -0.46824
1750.0 150.0 -0.51035
1850.0 150.0 -0.48421
1950.0 150.0 -0.39808
2050.0 150.0 -0.27433
2150.0 150.0 -0.14215
2250.0 150.0 -0.02525
2350.0 150.0 0.07435
2450.0 150.0 0.15345
2550.0 150.0 0.18448
2650.0 150.0 0.16024
2750.0 150.0 0.09112
2850.0 150.0 -0.00173
2950.0 150.0 -0.09265
3050.0 150.0 -0.15683
3150.0 150.0 -0.17507
3250.0 150.0 -0.13778
3350.0 150.0 -0.04827
3450.0 150.0 0.07473
3550.0 150.0 0.20640
3650.0 150.0 0.34143
3750.0 150.0 0.46307
3850.0 150.0 0.54743
3950.0 150.0 0.57523
4050.0 150.0 0.53916
4150.0 150.0 0.44699
4250.0 150.0 0.32022
4350.0 150.0 0.18851
4450.0 150.0 0.07973
4550.0 150.0 0.00565
4650.0 150.0 -0.05065
4750.0 150.0 -0.08923
4850.0 150.0 -0.09828
4950.0 150.0 -0.07875
5050.0 150.0 -0.04006
5150.0 150.0 0.00411
5250.0 150.0 0.03926
5350.0 150.0 0.05311
5450.0 150.0 0.03781
5550.0 150.0 -0.00828
5650.0 150.0 -0.07953
5750.0 150.0 -0.16236
5850.0 150.0 -0.23048
5950.0 150.0 -0.25885
6050.0 150.0 -0.24029
6150.0 150.0 -0.18170
6250.0 150.0 -0.09926
6350.0 150.0 -0.01386
50.0 250.0 -0.19390
150.0 250.0 -0.30076
250.0 250.0 -0.35669
350.0 250.0 -0.33821
450.0 250.0 -0.24607
550.0 250.0 -0.09899
650.0 250.0 0.07291
750.0 250.0 0.23460
850.0 250.0 0.35295
950.0 250.0 0.40350
1050.0 250.0 0.37747
1150.0 250.0 0.28882
1250.0 250.0 0.17540
1350.0 250.0 0.04439
1450.0 250.0 -0.10218
1550.0 250.0 -0.24132
1650.0 250.0 -0.34476
1750.0 250.0 -0.39077
1850.0 250.0 -0.37115
1950.0 250.0 -0.29366
2050.0 250.0 -0.17964
2150.0 250.0 -0.05707
2250.0 250.0 0.05120
2350.0 250.0 0.14307
2450.0 250.0 0.21530
2550.0 250.0 0.24172
2650.0 250.0 0.21588
2750.0 250.0 0.14822
2850.0 250.0 0.05920
2950.0 250.0 -0.02663
3050.0 250.0 -0.08592
3150.0 250.0 -0.10087
3250.0 250.0 -0.06300
3350.0 250.0 0.02404
3450.0 250.0 0.14232
3550.0 250.0 0.26822
3650.0 250.0 0.39500
3750.0 250.0 0.50552
3850.0 250.0 0.57692
3950.0 250.0 0.59157
4050.0 250.0 0.54384
4150.0 250.0 0.44275
4250.0 250.0 0.31047
4350.0 250.0 0.17655
4450.0 250.0 0.06811
4550.0 250.0 -0.00420
4650.0 250.0 -0.05856
4750.0 250.0 -0.09713
4850.0 250.0 -0.11000
4950.0 250.0 -0.09892
5050.0 250.0 -0.07301
5150.0 250.0 -0.04475
5250.0 250.0 -0.02676
5350.0 250.0 -0.02916
5450.0 250.0 -0.05775
5550.0 250.0 -0.11281
5650.0 250.0 -0.18866
5750.0 250.0 -0.27369
5850.0 250.0 -0.34456
5950.0 250.0 -0.37693
6050.0 250.0 -0.36274
6150.0 250.0 -0.30743
6250.0 250.0 -0.22578
6350.0 250.0 -0.13789
50.0 350.0 -0.23385
150.0 350.0 -0.33525
250.0 350.0 -0.38230
350.0 350.0 -0.35031
450.0 350.0 -0.24065
550.0 350.0 -0.07366
650.0 350.0 0.11837
750.0 350.0 0.29829
850.0 350.0 0.43125
950.0 350.0 0.49183
1050.0 350.0 0.47128
1150.0 350.0 0.38476
1250.0 350.0 0.27269
1350.0 350.0 0.14656
1450.0 350.0 0.00997
1550.0 350.0 -0.11578
1650.0 350.0 -0.20572
1750.0 350.0 -0.24148
1850.0 350.0 -0.21745
1950.0 350.0 -0.14250
2050.0 350.0 -0.03758
2150.0 350.0 0.07108
2250.0 350.0 0.16299
2350.0 350.0 0.23797
2450.0 350.0 0.29453
2550.0 350.0 0.30887
2650.0 350.0 0.27595
2750.0 350.0 0.20641
2850.0 350.0 0.11982
2950.0 350.0 0.03889
3050.0 350.0 -0.01536
3150.0 350.0 -0.02764
3250.0 350.0 0.00857
3350.0 350.0 0.08882
3450.0 350.0 0.19648
3550.0 350.0 0.31037
3650.0 350.0 0.42295
3750.0 350.0 0.51775
3850.0 350.0 0.57400
3950.0 350.0 0.57644
4050.0 350.0 0.52119
4150.0 350.0 0.41787
4250.0 350.0 0.28795
4350.0 350.0 0.15930
4450.0 350.0 0.05692
4550.0 350.0 -0.01011
4650.0 350.0 -0.05983
4750.0 350.0 -0.09454
4850.0 350.0 -0.10569
4950.0 350.0 -0.09626
5050.0 350.0 -0.07606
5150.0 350.0 -0.05741
5250.0 350.0 -0.05191
5350.0 350.0 -0.06797
5450.0 350.0 -0.10933
5550.0 350.0 -0.17448
5650.0 350.0 -0.25701
5750.0 350.0 -0.34666
5850.0 350.0 -0.42461
5950.0 350.0 -0.46947
6050.0 350.0 -0.47180
6150.0 350.0 -0.43336
6250.0 350.0 -0.36492
6350.0 350.0 -0.28343
50.0 450.0 -0.22549
150.0 450.0 -0.31949
250.0 450.0 -0.35870
350.0 450.0 -0.31881
450.0 450.0 -0.20192
550.0 450.0 -0.02909
650.0 450.0 0.16695
750.0 450.0 0.34907
850.0 450.0 0.48286
950.0 450.0 0.54367
1050.0 450.0 0.52357
1150.0 450.0 0.43817
1250.0 450.0 0.32824
1350.0 450.0 0.21073
1450.0 450.0 0.09257
1550.0 450.0 -0.00745
1650.0 450.0 -0.06973
1750.0 450.0 -0.08193
1850.0 450.0 -0.04329
1950.0 450.0 0.03460
2050.0 450.0 0.13069
2150.0 450.0 0.22103
2250.0 450.0 0.28892
2350.0 450.0 0.33805
2450.0 450.0 0.37045
2550.0 450.0 0.36592
2650.0 450.0 0.32154
2750.0 450.0 0.24828
2850.0 450.0 0.16442
2950.0 450.0 0.09001
3050.0 450.0 0.04254
3150.0 450.0 0.03362
3250.0 450.0 0.06677
3350.0 450.0 0.13639
3450.0 450.0 0.22770
3550.0 450.0 0.32352
3650.0 450.0 0.41648
3750.0 450.0 0.49184
3850.0 450.0 0.53205
3950.0 450.0 0.52480
4050.0 450.0 0.46780
4150.0 450.0 0.37042
4250.0 450.0 0.25196
4350.0 450.0 0.13688
4450.0 450.0 0.04666
4550.0 450.0 -0.01150
4650.0 450.0 -0.05393
4750.0 450.0 -0.08075
4850.0 450.0 -0.08400
4950.0 450.0 -0.06835
5050.0 450.0 -0.04530
5150.0 450.0 -0.02828
5250.0 450.0 -0.02889
5350.0 450.0 -0.05448
5450.0 450.0 -0.10691
5550.0 450.0 -0.18255
5650.0 450.0 -0.27355
5750.0 450.0 -0.37018
5850.0 450.0 -0.45941
5950.0 450.0 -0.52490
6050.0 450.0 -0.55525
6150.0 450.0 -0.54650
6250.0 450.0 -0.50283
6350.0 450.0 -0.43581
50.0 550.0 -0.17475
150.0 550.0 -0.26008
250.0 550.0 -0.29321
350.0 550.0 -0.25170
450.0 550.0 -0.13847
550.0 550.0 0.02566
650.0 550.0 0.20930
750.0 550.0 0.37747
850.0 550.0 0.49831
950.0 550.0 0.54958
1050.0 550.0 0.52487
1150.0 550.0 0.43949
1250.0 550.0 0.33225
1350.0 550.0 0.22603
1450.0 550.0 0.13224
1550.0 550.0 0.06661
1650.0 550.0 0.04179
1750.0 550.0 0.06230
1850.0 550.0 0.12239
1950.0 550.0 0.20670
2050.0 550.0 0.29374
2150.0 550.0 0.36225
2250.0 550.0 0.40040
2350.0 550.0 0.41709
2450.0 550.0 0.41926
2550.0 550.0 0.39153
2650.0 550.0 0.33368
2750.0 550.0 0.25708
2850.0 550.0 0.17822
2950.0 550.0 0.11364
3050.0 550.0 0.07619
3150.0 550.0 0.07269
3250.0 550.0 0.10279
3350.0 550.0 0.15939
3450.0 550.0 0.23022
3550.0 550.0 0.30359
3650.0 550.0 0.37340
3750.0 550.0 0.42761
3850.0 550.0 0.45265
3950.0 550.0 0.43945
4050.0 550.0 0.38705
4150.0 550.0 0.30359
4250.0 550.0 0.20494
4350.0 550.0 0.11068
4450.0 550.0 0.03769
4550.0 550.0 -0.00881
4650.0 550.0 -0.04195
4750.0 550.0 -0.05757
4850.0 550.0 -0.04751
4950.0 550.0 -0.01838
5050.0 550.0 0.01572
5150.0 550.0 0.03919
5250.0 550.0 0.03937
5350.0 550.0 0.00919
5450.0 550.0 -0.05163
5550.0 550.0 -0.13723
5650.0 550.0 -0.23771
5750.0 550.0 -0.34302
5850.0 550.0 -0.44656
5950.0 550.0 -0.53840
6050.0 550.0 -0.60479
6150.0 550.0 -0.63453
6250.0 550.0 -0.62336
6350.0 550.0 -0.57597
50.0 650.0 -0.09642
150.0 650.0 -0.17276
250.0 650.0 -0.20191
350.0 650.0 -0.16441
450.0 650.0 -0.06408
550.0 650.0 0.07941
650.0 650.0 0.23741
750.0 650.0 0.37874
850.0 650.0 0.47574
950.0 650.0 0.50978
1050.0 650.0 0.47644
1150.0 650.0 0.39012
1250.0 650.0 0.28579
1350.0 650.0 0.19188
1450.0 650.0 0.12467
1550.0 650.0 0.09658
1650.0 650.0 0.11268
1750.0 650.0 0.16896
1850.0 650.0 0.25257
1950.0 650.0 0.34401
2050.0 650.0 0.42132
2150.0 650.0 0.46617
2250.0 650.0 0.47198
2350.0 650.0 0.45338
2450.0 650.0 0.42296
2550.0 650.0 0.37103
2650.0 650.0 0.30051
2750.0 650.0 0.22306
2850.0 650.0 0.15297
2950.0 650.0 0.10253
3050.0 650.0 0.07917
3150.0 650.0 0.08406
3250.0 650.0 0.11247
3350.0 650.0 0.15563
3450.0 650.0 0.20430
3550.0 650.0 0.25345
3650.0 650.0 0.29921
3750.0 650.0 0.33289
3850.0 650.0 0.34521
3950.0 650.0 0.33028
4050.0 650.0 0.28801
4150.0 650.0 0.22462
4250.0 650.0 0.15161
4350.0 650.0 0.08287
4450.0 650.0 0.03013
4550.0 650.0 -0.00330
4650.0 650.0 -0.02626
4750.0 650.0 -0.02882
4850.0 650.0 -0.00192
4950.0 650.0 0.04581
5050.0 650.0 0.09714
5150.0 650.0 0.13354
5250.0 650.0 0.14043
5350.0 650.0 0.11041
5450.0 650.0 0.04429
5550.0 650.0 -0.04989
5650.0 650.0 -0.15988
5750.0 650.0 -0.27459
5850.0 650.0 -0.39364
5950.0 650.0 -0.51399
6050.0 650.0 -0.61927
6150.0 650.0 -0.69042
6250.0 650.0 -0.71407
6350.0 650.0 -0.68748
50.0 750.0 -0.01124
150.0 750.0 -0.07927
250.0 750.0 -0.10636
350.0 750.0 -0.07662
450.0 750.0 0.00538
550.0 750.0 0.12156
650.0 750.0 0.24680
750.0 750.0 0.35457
850.0 750.0 0.42215
950.0 750.0 0.43507
1050.0 750.0 0.39103
1150.0 750.0 0.30315
1250.0 750.0 0.20159
1350.0 750.0 0.11917
1450.0 750.0 0.07662
1550.0 750.0 0.08314
1650.0 750.0 0.13664
1750.0 750.0 0.22513
1850.0 750.0 0.32922
1950.0 750.0 0.42570
2050.0 750.0 0.49232
2150.0 750.0 0.51368
2250.0 750.0 0.48820
2350.0 750.0 0.43577
2450.0 750.0 0.37453
2550.0 750.0 0.30088
2650.0 750.0 0.22099
2750.0 750.0 0.14668
2850.0 750.0 0.08969
2950.0 750.0 0.05771
3050.0 750.0 0.05232
3150.0 750.0 0.06882
3250.0 750.0 0.09790
3350.0 750.0 0.12922
3450.0 750.0 0.15681
3550.0 750.0 0.18290
3650.0 750.0 0.20647
3750.0 750.0 0.22237
3850.0 750.0 0.22537
3950.0 750.0 0.21240
4050.0 750.0 0.18374
4150.0 750.0 0.14334
4250.0 750.0 0.09803
4350.0 750.0 0.05593
4450.0 750.0 0.02373
4550.0 750.0 0.00314
4650.0 750.0 -0.01001
4750.0 750.0 0.00054
4850.0 750.0 0.04515
4950.0 750.0 0.11334
5050.0 750.0 0.18467
5150.0 750.0 0.23739
5250.0 750.0 0.25466
5350.0 750.0 0.22822
5450.0 750.0 0.15957
5550.0 750.0 0.05868
5650.0 750.0 -0.05989
5750.0 750.0 -0.18356
5850.0 750.0 -0.31730
5950.0 750.0 -0.46432
6050.0 750.0 -0.60566
6150.0 750.0 -0.71480
6250.0 750.0 -0.76981
6350.0 750.0 -0.76105
50.0 850.0 0.05800
150.0 850.0 -0.00323
250.0 850.0 -0.02956
350.0 850.0 -0.00844
450.0 850.0 0.05492
550.0 850.0 0.14414
650.0 850.0 0.23747
750.0 850.0 0.31286
850.0 850.0 0.35221
950.0 850.0 0.34492
1050.0 850.0 0.29061
1150.0 850.0 0.20106
1250.0 850.0 0.10175
1350.0 850.0 0.02835
1450.0 850.0 0.00481
1550.0 850.0 0.03754
1650.0 850.0 0.11867
1750.0 850.0 0.22996
1850.0 850.0 0.34702
1950.0 850.0 0.44405
2050.0 850.0 0.49898
2150.0 850.0 0.49905
2250.0 850.0 0.44680
2350.0 850.0 0.36600
2450.0 850.0 0.27946
2550.0 850.0 0.18953
2650.0 850.0 0.10534
2750.0 850.0 0.03870
2850.0 850.0 -0.00132
2950.0 850.0 -0.01162
3050.0 850.0 0.00376
3150.0 850.0 0.03451
3250.0 850.0 0.06709
3350.0 850.0 0.08981
3450.0 850.0 0.09997
3550.0 850.0 0.10685
3650.0 850.0 0.11246
3750.0 850.0 0.11480
3850.0 850.0 0.11206
3950.0 850.0 0.10329
4050.0 850.0 0.08882
4150.0 850.0 0.07031
4250.0 850.0 0.05042
4350.0 850.0 0.03217
4450.0 850.0 0.01798
4550.0 850.0 0.00834
4650.0 850.0 0.00346
4750.0 850.0 0.02530
4850.0 850.0 0.08558
4950.0 850.0 0.17232
5050.0 850.0 0.26226
5150.0 850.0 0.33078
5250.0 850.0 0.35885
5350.0 850.0 0.33725
5450.0 850.0 0.26787
5550.0 850.0 0.16215
5650.0 850.0 0.03669
5750.0 850.0 -0.09445
5850.0 850.0 -0.24018
5950.0 850.0 -0.40843
6050.0 850.0 -0.57792
6150.0 850.0 -0.71597
6250.0 850.0 -0.79380
6350.0 850.0 -0.79642
50.0 950.0 0.09146
150.0 950.0 0.03498
250.0 950.0 0.00904
350.0 950.0 0.02380
450.0 950.0 0.07360
550.0 950.0 0.14328
650.0 950.0 0.21355
750.0 950.0 0.26557
850.0 950.0 0.28458
950.0 950.0 0.26273
1050.0 950.0 0.20100
1150.0 950.0 0.11023
1250.0 950.0 0.01243
1350.0 950.0 -0.05560
1450.0 950.0 -0.06837
1550.0 950.0 -0.02159
1650.0 950.0 0.07316
1750.0 950.0 0.19388
1850.0 950.0 0.31348
1950.0 950.0 0.40514
2050.0 950.0 0.44755
2150.0 950.0 0.43013
2250.0 950.0 0.35814
2350.0 950.0 0.25736
2450.0 950.0 0.15372
2550.0 950.0 0.05473
2650.0 950.0 -0.02798
2750.0 950.0 -0.08287
2850.0 950.0 -0.10340
2950.0 950.0 -0.09058
3050.0 950.0 -0.05340
3150.0 950.0 -0.00691
3250.0 950.0 0.03185
3350.0 950.0 0.05018
3450.0 950.0 0.04837
3550.0 950.0 0.04183
3650.0 950.0 0.03519
3750.0 950.0 0.02881
3850.0 950.0 0.02325
3950.0 950.0 0.01896
4050.0 950.0 0.01612
4150.0 950.0 0.01457
4250.0 950.0 0.01385
4350.0 950.0 0.01327
4450.0 950.0 0.01221
4550.0 950.0 0.01040
4650.0 950.0 0.01131
4750.0 950.0 0.04112
4850.0 950.0 0.11251
4950.0 950.0 0.21243
5050.0 950.0 0.31566
5150.0 950.0 0.39551
5250.0 950.0 0.43140
5350.0 950.0 0.41341
5450.0 950.0 0.34368
5550.0 950.0 0.23467
5650.0 950.0 0.10439
5750.0 950.0 -0.03198
5850.0 950.0 -0.18567
5950.0 950.0 -0.36722
6050.0 950.0 -0.55346
6150.0 950.0 -0.70757
6250.0 950.0 -0.79638
6350.0 950.0 -0.80176
50.0 1050.0 0.07816
150.0 1050.0 0.02430
250.0 1050.0 -0.00069
350.0 1050.0 0.01236
450.0 1050.0 0.05755
550.0 1050.0 0.12011
650.0 1050.0 0.18169
750.0 1050.0 0.22471
850.0 1050.0 0.23578
950.0 1050.0 0.20822
1050.0 1050.0 0.14360
1150.0 1050.0 0.05247
1250.0 1050.0 -0.04465
1350.0 1050.0 -0.11129
1450.0 1050.0 -0.12227
1550.0 1050.0 -0.07460
1650.0 1050.0 0.01868
1750.0 1050.0 0.13453
1850.0 1050.0 0.24566
1950.0 1050.0 0.32589
2050.0 1050.0 0.35526
2150.0 1050.0 0.32482
2250.0 1050.0 0.24105
2350.0 1050.0 0.12968
2450.0 1050.0 0.01791
2550.0 1050.0 -0.08268
2650.0 1050.0 -0.15866
2750.0 1050.0 -0.19894
2850.0 1050.0 -0.19916
2950.0 1050.0 -0.16373
3050.0 1050.0 -0.10549
3150.0 1050.0 -0.04313
3250.0 1050.0 0.00379
3350.0 1050.0 0.02201
3450.0 1050.0 0.01426
3550.0 1050.0 0.00069
3650.0 1050.0 -0.01227
3750.0 1050.0 -0.02294
3850.0 1050.0 -0.02955
3950.0 1050.0 -0.03093
4050.0 1050.0 -0.02706
4150.0 1050.0 -0.01911
4250.0 1050.0 -0.00927
4350.0 1050.0 -0.00021
4450.0 1050.0 0.00581
4550.0 1050.0 0.00816
4650.0 1050.0 0.01210
4750.0 1050.0 0.04584
4850.0 1050.0 0.12236
4950.0 1050.0 0.22803
5050.0 1050.0 0.33668
5150.0 1050.0 0.42071
5250.0 1050.0 0.45895
5350.0 1050.0 0.44131
5450.0 1050.0 0.37024
5550.0 1050.0 0.25881
5650.0 1050.0 0.12577
5750.0 1050.0 -0.01337
5850.0 1050.0 -0.17059
5950.0 1050.0 -0.35679
6050.0 1050.0 -0.54750
6150.0 1050.0 -0.70391
6250.0 1050.0 -0.79121
6350.0 1050.0 -0.79047
50.0 1150.0 0.02302
150.0 1150.0 -0.02984
250.0 1150.0 -0.05287
350.0 1150.0 -0.03653
450.0 1150.0 0.01319
550.0 1150.0 0.08108
650.0 1150.0 0.14822
750.0 1150.0 0.19638
850.0 1150.0 0.21164
950.0 1150.0 0.18698
1050.0 1150.0 0.12393
1150.0 1150.0 0.03333
1250.0 1150.0 -0.06378
1350.0 1150.0 -0.13219
1450.0 1150.0 -0.14850
1550.0 1150.0 -0.11038
1650.0 1150.0 -0.03052
1750.0 1150.0 0.06924
1850.0 1150.0 0.16332
1950.0 1150.0 0.22751
2050.0 1150.0 0.24367
2150.0 1150.0 0.20399
2250.0 1150.0 0.11498
2350.0 1150.0 0.00062
2450.0 1150.0 -0.11209
2550.0 1150.0 -0.20862
2650.0 1150.0 -0.27429
2750.0 1150.0 -0.29859
2850.0 1150.0 -0.27902
2950.0 1150.0 -0.22260
3050.0 1150.0 -0.14503
3150.0 1150.0 -0.06756
3250.0 1150.0 -0.01143
3350.0 1150.0 0.00991
3450.0 1150.0 0.00106
3550.0 1150.0 -0.01441
3650.0 1150.0 -0.02912
3750.0 1150.0 -0.04108
3850.0 1150.0 -0.04815
3950.0 1150.0 -0.04899
4050.0 1150.0 -0.04356
4150.0 1150.0 -0.03330
4250.0 1150.0 -0.02082
4350.0 1150.0 -0.00931
4450.0 1150.0 -0.00145
4550.0 1150.0 0.00199
4650.0 1150.0 0.00670
4750.0 1150.0 0.04090
4850.0 1150.0 0.11720
4950.0 1150.0 0.22176
5050.0 1150.0 0.32835
5150.0 1150.0 0.40951
5250.0 1150.0 0.44440
5350.0 1150.0 0.42339
5450.0 1150.0 0.34936
5550.0 1150.0 0.23577
5650.0 1150.0 0.10143
5750.0 1150.0 -0.03847
5850.0 1150.0 -0.19565
5950.0 1150.0 -0.37965
6050.0 1150.0 -0.56510
6150.0 1150.0 -0.71301
6250.0 1150.0 -0.78908
6350.0 1150.0 -0.77547
50.0 1250.0 -0.04714
150.0 1250.0 -0.09968
250.0 1250.0 -0.12037
350.0 1250.0 -0.09870
450.0 1250.0 -0.04071
550.0 1250.0 0.03767
650.0 1250.0 0.11630
750.0 1250.0 0.17557
850.0 1250.0 0.20023
950.0 1250.0 0.18227
1050.0 1250.0 0.12285
1150.0 1250.0 0.03336
1250.0 1250.0 -0.06379
1350.0 1250.0 -0.13508
1450.0 1250.0 -0.15950
1550.0 1250.0 -0.13514
1650.0 1250.0 -0.07362
1750.0 1250.0 0.00527
1850.0 1250.0 0.07851
1950.0 1250.0 0.12445
2050.0 1250.0 0.12698
2150.0 1250.0 0.07934
2250.0 1250.0 -0.01245
2350.0 1250.0 -0.12680
2450.0 1250.0 -0.23757
2550.0 1250.0 -0.32760
2650.0 1250.0 -0.38125
2750.0 1250.0 -0.38869
2850.0 1250.0 -0.34917
2950.0 1250.0 -0.27212
3050.0 1250.0 -0.17575
3150.0 1250.0 -0.08348
3250.0 1250.0 -0.01787
3350.0 1250.0 0.00761
3450.0 1250.0 -0.00071
3550.0 1250.0 -0.01639
3650.0 1250.0 -0.03146
3750.0 1250.0 -0.04401
3850.0 1250.0 -0.05191
3950.0 1250.0 -0.05376
4050.0 1250.0 -0.04943
4150.0 1250.0 -0.04025
4250.0 1250.0 -0.02872
4350.0 1250.0 -0.01795
4450.0 1250.0 -0.01059
4550.0 1250.0 -0.00744
4650.0 1250.0 -0.00304
4750.0 1250.0 0.03016
4850.0 1250.0 0.10422
4950.0 1250.0 0.20524
5050.0 1250.0 0.30729
5150.0 1250.0 0.38344
5250.0 1250.0 0.41346
5350.0 1250.0 0.38829
5450.0 1250.0 0.31126
5550.0 1250.0 0.19599
5650.0 1250.0 0.06115
5750.0 1250.0 -0.07862
5850.0 1250.0 -0.23438
5950.0 1250.0 -0.41370
6050.0 1250.0 -0.59060
6150.0 1250.0 -0.72660
6250.0 1250.0 -0.78870
6350.0 1250.0 -0.76076
50.0 1350.0 -0.10461
150.0 1350.0 -0.15813
250.0 1350.0 -0.17790
350.0 1350.0 -0.15221
450.0 1350.0 -0.08671
550.0 1350.0 0.00233
650.0 1350.0 0.09372
750.0 1350.0 0.16639
850.0 1350.0 0.20342
950.0 1350.0 0.19531
1050.0 1350.0 0.14240
1150.0 1350.0 0.05638
1250.0 1350.0 -0.03886
1350.0 1350.0 -0.11250
1450.0 1350.0 -0.14705
1550.0 1350.0 -0.14116
1650.0 1350.0 -0.10476
1750.0 1350.0 -0.05451
1850.0 1350.0 -0.00962
1950.0 1350.0 0.01200
2050.0 1350.0 -0.00279
2150.0 1350.0 -0.05935
2250.0 1350.0 -0.15243
2350.0 1350.0 -0.26403
2450.0 1350.0 -0.36942
2550.0 1350.0 -0.44820
2650.0 1350.0 -0.48396
2750.0 1350.0 -0.46824
2850.0 1350.0 -0.40296
2950.0 1350.0 -0.30068
3050.0 1350.0 -0.18260
3150.0 1350.0 -0.07434
3250.0 1350.0 0.00050
3350.0 1350.0 0.02898
3450.0 1350.0 0.01973
3550.0 1350.0 0.00230
3650.0 1350.0 -0.01506
3750.0 1350.0 -0.03079
3850.0 1350.0 -0.04290
3950.0 1350.0 -0.04991
4050.0 1350.0 -0.05144
4150.0 1350.0 -0.04836
4250.0 1350.0 -0.04271
4350.0 1350.0 -0.03711
4450.0 1350.0 -0.03396
4550.0 1350.0 -0.03413
4650.0 1350.0 -0.03270
4750.0 1350.0 -0.00238
4850.0 1350.0 0.06935
4950.0 1350.0 0.16920
5050.0 1350.0 0.27175
5150.0 1350.0 0.35019
5250.0 1350.0 0.38403
5350.0 1350.0 0.36359
5450.0 1350.0 0.29132
5550.0 1350.0 0.18002
5650.0 1350.0 0.04791
5750.0 1350.0 -0.08995
5850.0 1350.0 -0.24282
5950.0 1350.0 -0.41701
6050.0 1350.0 -0.58679
6150.0 1350.0 -0.71492
6250.0 1350.0 -0.76983
6350.0 1350.0 -0.73665
50.0 1450.0 -0.13622
150.0 1450.0 -0.19316
250.0 1450.0 -0.21506
350.0 1450.0 -0.18869
450.0 1450.0 -0.11849
550.0 1450.0 -0.02030
650.0 1450.0 0.08424
750.0 1450.0 0.17265
850.0 1450.0 0.22596
950.0 1450.0 0.23246
1050.0 1450.0 0.19080
1150.0 1450.0 0.11243
1250.0 1450.0 0.02278
1350.0 1450.0 -0.05159
1450.0 1450.0 -0.09832
1550.0 1450.0 -0.11678
1650.0 1450.0 -0.11430
1750.0 1450.0 -0.10287
1850.0 1450.0 -0.09605
1950.0 1450.0 -0.10631
2050.0 1450.0 -0.14260
2150.0 1450.0 -0.20830
2250.0 1450.0 -0.29945
2350.0 1450.0 -0.40327
2450.0 1450.0 -0.49733
2550.0 1450.0 -0.55734
2650.0 1450.0 -0.56666
2750.0 1450.0 -0.51941
2850.0 1450.0 -0.42146
2950.0 1450.0 -0.28946
3050.0 1450.0 -0.14791
3150.0 1450.0 -0.02438
3250.0 1450.0 0.05734
3350.0 1450.0 0.08583
3450.0 1450.0 0.07274
3550.0 1450.0 0.05070
3650.0 1450.0 0.02801
3750.0 1450.0 0.00557
3850.0 1450.0 -0.01505
3950.0 1450.0 -0.03246
4050.0 1450.0 -0.04593
4150.0 1450.0 -0.05566
4250.0 1450.0 -0.06278
4350.0 1450.0 -0.06901
4450.0 1450.0 -0.07610
4550.0 1450.0 -0.08493
4650.0 1450.0 -0.09144
4750.0 1450.0 -0.06781
4850.0 1450.0 0.00055
4950.0 1450.0 0.10216
5050.0 1450.0 0.21249
5150.0 1450.0 0.30443
5250.0 1450.0 0.35589
5350.0 1450.0 0.35459
5450.0 1450.0 0.29995
5550.0 1450.0 0.20216
5650.0 1450.0 0.07841
5750.0 1450.0 -0.05424
5850.0 1450.0 -0.20136
5950.0 1450.0 -0.36887
6050.0 1450.0 -0.53293
6150.0 1450.0 -0.65877
6250.0 1450.0 -0.71679
6350.0 1450.0 -0.69287
50.0 1550.0 -0.13713
150.0 1550.0 -0.20024
250.0 1550.0 -0.22814
350.0 1550.0 -0.20595
450.0 1550.0 -0.13605
550.0 1550.0 -0.03273
650.0 1550.0 0.08273
750.0 1550.0 0.18687
850.0 1550.0 0.25859
950.0 1550.0 0.28336
1050.0 1550.0 0.25729
1150.0 1550.0 0.19092
1250.0 1550.0 0.11089
1350.0 1550.0 0.03846
1450.0 1550.0 -0.02027
1550.0 1550.0 -0.06539
1650.0 1550.0 -0.10097
1750.0 1550.0 -0.13322
1850.0 1550.0 -0.16888
1950.0 1550.0 -0.21386
2050.0 1550.0 -0.27214
2150.0 1550.0 -0.34487
2250.0 1550.0 -0.42970
2350.0 1550.0 -0.52023
2450.0 1550.0 -0.59702
2550.0 1550.0 -0.63197
2650.0 1550.0 -0.60902
2750.0 1550.0 -0.52605
2850.0 1550.0 -0.39376
2950.0 1550.0 -0.23320
3050.0 1550.0 -0.07185
3150.0 1550.0 0.06179
3250.0 1550.0 0.14497
3350.0 1550.0 0.16895
3450.0 1550.0 0.14869
3550.0 1550.0 0.11912
3650.0 1550.0 0.08868
3750.0 1550.0 0.05760
3850.0 1550.0 0.02668
3950.0 1550.0 -0.00314
4050.0 1550.0 -0.03119
4150.0 1550.0 -0.05722
4250.0 1550.0 -0.08145
4350.0 1550.0 -0.10452
4450.0 1550.0 -0.12723
4550.0 1550.0 -0.15020
4650.0 1550.0 -0.17007
4750.0 1550.0 -0.15778
4850.0 1550.0 -0.09536
4950.0 1550.0 0.00876
5050.0 1550.0 0.13161
5150.0 1550.0 0.24560
5250.0 1550.0 0.32605
5350.0 1550.0 0.35638
5450.0 1550.0 0.33097
5550.0 1550.0 0.25566
5650.0 1550.0 0.14590
5750.0 1550.0 0.02199
5850.0 1550.0 -0.11596
5950.0 1550.0 -0.27400
6050.0 1550.0 -0.43173
6150.0 1550.0 -0.55838
6250.0 1550.0 -0.62716
6350.0 1550.0 -0.62452
50.0 1650.0 -0.10985
150.0 1650.0 -0.18146
250.0 1650.0 -0.21919
350.0 1650.0 -0.20668
450.0 1650.0 -0.14347
550.0 1650.0 -0.04127
650.0 1650.0 0.08008
750.0 1650.0 0.19688
850.0 1650.0 0.28615
950.0 1650.0 0.33034
1050.0 1650.0 0.32245
1150.0 1650.0 0.27132
1250.0 1650.0 0.20430
1350.0 1650.0 0.13705
1450.0 1650.0 0.06942
1550.0 1650.0 0.00071
1650.0 1650.0 -0.06971
1750.0 1650.0 -0.14212
1850.0 1650.0 -0.21635
1950.0 1650.0 -0.29180
2050.0 1650.0 -0.36756
2150.0 1650.0 -0.44268
2250.0 1650.0 -0.51659
2350.0 1650.0 -0.58929
2450.0 1650.0 -0.64462
2550.0 1650.0 -0.65160
2650.0 1650.0 -0.59587
2750.0 1650.0 -0.47973
2850.0 1650.0 -0.31884
2950.0 1650.0 -0.13806
3050.0 1650.0 0.03337
3150.0 1650.0 0.16755
3250.0 1650.0 0.24434
3350.0 1650.0 0.25860
3450.0 1650.0 0.22818
3550.0 1650.0 0.18889
3650.0 1650.0 0.14981
3750.0 1650.0 0.11084
3850.0 1650.0 0.07176
3950.0 1650.0 0.03231
4050.0 1650.0 -0.00766
4150.0 1650.0 -0.04820
4250.0 1650.0 -0.08922
4350.0 1650.0 -0.13050
4450.0 1650.0 -0.17182
4550.0 1650.0 -0.21302
4650.0 1650.0 -0.25070
4750.0 1650.0 -0.25420
4850.0 1650.0 -0.20153
4950.0 1650.0 -0.09721
5050.0 1650.0 0.03813
5150.0 1650.0 0.17674
5250.0 1650.0 0.29104
5350.0 1650.0 0.35933
5450.0 1650.0 0.36973
5550.0 1650.0 0.32251
5650.0 1650.0 0.23069
5750.0 1650.0 0.11835
5850.0 1650.0 -0.00725
5950.0 1650.0 -0.15219
6050.0 1650.0 -0.30053
6150.0 1650.0 -0.42687
6250.0 1650.0 -0.50830
6350.0 1650.0 -0.53226
50.0 1750.0 -0.06285
150.0 1750.0 -0.14441
250.0 1750.0 -0.19498
350.0 1750.0 -0.19710
450.0 1750.0 -0.14711
550.0 1750.0 -0.05324
650.0 1750.0 0.06712
750.0 1750.0 0.19096
850.0 1750.0 0.29401
950.0 1750.0 0.35594
1050.0 1750.0 0.36643
1150.0 1750.0 0.33202
1250.0 1750.0 0.27997
1350.0 1750.0 0.22107
1450.0 1750.0 0.15000
1550.0 1750.0 0.06571
1650.0 1750.0 -0.02937
1750.0 1750.0 -0.13046
1850.0 1750.0 -0.23160
1950.0 1750.0 -0.32682
2050.0 1750.0 -0.41130
2150.0 1750.0 -0.48257
2250.0 1750.0 -0.54170
2350.0 1750.0 -0.59398
2450.0 1750.0 -0.62632
2550.0 1750.0 -0.60658
2650.0 1750.0 -0.52313
2750.0 1750.0 -0.38283
2850.0 1750.0 -0.20552
2950.0 1750.0 -0.01851
3050.0 1750.0 0.14902
3150.0 1750.0 0.27165
3250.0 1750.0 0.33330
3350.0 1750.0 0.33298
3450.0 1750.0 0.29044
3550.0 1750.0 0.24047
3650.0 1750.0 0.19360
3750.0 1750.0 0.15012
3850.0 1750.0 0.10855
3950.0 1750.0 0.06668
4050.0 1750.0 0.02239
4150.0 1750.0 -0.02582
4250.0 1750.0 -0.07855
4350.0 1750.0 -0.13540
4450.0 1750.0 -0.19517
4550.0 1750.0 -0.25638
4650.0 1750.0 -0.31439
4750.0 1750.0 -0.33696
4850.0 1750.0 -0.29839
4950.0 1750.0 -0.19886
5050.0 1750.0 -0.05595
5150.0 1750.0 0.10310
5250.0 1750.0 0.24837
5350.0 1750.0 0.35324
5450.0 1750.0 0.39944
5550.0 1750.0 0.38127
5650.0 1750.0 0.30882
5750.0 1750.0 0.20957
5850.0 1750.0 0.09856
5950.0 1750.0 -0.02952
6050.0 1750.0 -0.16351
6150.0 1750.0 -0.28432
6250.0 1750.0 -0.37398
6350.0 1750.0 -0.42178
50.0 1850.0 -0.00873
150.0 1850.0 -0.10050
250.0 1850.0 -0.16541
350.0 1850.0 -0.18555
450.0 1850.0 -0.15398
550.0 1850.0 -0.07496
650.0 1850.0 0.03730
750.0 1850.0 0.16134
850.0 1850.0 0.27244
950.0 1850.0 0.34808
1050.0 1850.0 0.37482
1150.0 1850.0 0.35652
1250.0 1850.0 0.31961
1350.0 1850.0 0.27146
1450.0 1850.0 0.20347
1550.0 1850.0 0.11459
1650.0 1850.0 0.00946
1750.0 1850.0 -0.10371
1850.0 1850.0 -0.21519
1950.0 1850.0 -0.31564
2050.0 1850.0 -0.39797
2150.0 1850.0 -0.45899
2250.0 1850.0 -0.50100
2350.0 1850.0 -0.53275
2450.0 1850.0 -0.54348
2550.0 1850.0 -0.50201
2650.0 1850.0 -0.40019
2750.0 1850.0 -0.24894
2850.0 1850.0 -0.07093
2950.0 1850.0 0.10598
3050.0 1850.0 0.25467
3150.0 1850.0 0.35389
3250.0 1850.0 0.39275
3350.0 1850.0 0.37442
3450.0 1850.0 0.31923
3550.0 1850.0 0.25900
3650.0 1850.0 0.20671
3750.0 1850.0 0.16387
3850.0 1850.0 0.12768
3950.0 1850.0 0.09323
4050.0 1850.0 0.05531
4150.0 1850.0 0.00962
4250.0 1850.0 -0.04629
4350.0 1850.0 -0.11272
4450.0 1850.0 -0.18783
4550.0 1850.0 -0.26820
4650.0 1850.0 -0.34663
4750.0 1850.0 -0.38970
4850.0 1850.0 -0.36909
4950.0 1850.0 -0.28081
5050.0 1850.0 -0.13894
5150.0 1850.0 0.03081
5250.0 1850.0 0.19733
5350.0 1850.0 0.33027
5450.0 1850.0 0.40591
5550.0 1850.0 0.41305
5650.0 1850.0 0.35860
5750.0 1850.0 0.27236
5850.0 1850.0 0.17677
5950.0 1850.0 0.06859
6050.0 1850.0 -0.04537
6150.0 1850.0 -0.15260
6250.0 1850.0 -0.24094
6350.0 1850.0 -0.30265
50.0 1950.0 0.03814
150.0 1950.0 -0.06280
250.0 1950.0 -0.14174
350.0 1950.0 -0.18083
450.0 1950.0 -0.17027
550.0 1950.0 -0.11038
650.0 1950.0 -0.01185
750.0 1950.0 0.10601
850.0 1950.0 0.21885
950.0 1950.0 0.30278
1050.0 1950.0 0.34180
1150.0 1950.0 0.33712
1250.0 1950.0 0.31367
1350.0 1950.0 0.27731
1450.0 1950.0 0.21840
1550.0 1950.0 0.13622
1650.0 1950.0 0.03653
1750.0 1950.0 -0.07102
1850.0 1950.0 -0.17538
1950.0 1950.0 -0.26622
2050.0 1950.0 -0.33603
2150.0 1950.0 -0.38176
2250.0 1950.0 -0.40648
2350.0 1950.0 -0.42007
2450.0 1950.0 -0.41318
2550.0 1950.0 -0.35746
2650.0 1950.0 -0.24861
2750.0 1950.0 -0.10063
2850.0 1950.0 0.06265
2950.0 1950.0 0.21475
3050.0 1950.0 0.33229
3150.0 1950.0 0.39939
3250.0 1950.0 0.41074
3350.0 1950.0 0.37326
3450.0 1950.0 0.30642
3550.0 1950.0 0.23766
3650.0 1950.0 0.18327
3750.0 1950.0 0.14674
3850.0 1950.0 0.12406
3950.0 1950.0 0.10713
4050.0 1950.0 0.08672
4150.0 1950.0 0.05467
4250.0 1950.0 0.00548
4350.0 1950.0 -0.06270
4450.0 1950.0 -0.14778
4550.0 1950.0 -0.24406
4650.0 1950.0 -0.34053
4750.0 1950.0 -0.40333
4850.0 1950.0 -0.40313
4950.0 1950.0 -0.33250
5050.0 1950.0 -0.20181
5150.0 1950.0 -0.03432
5250.0 1950.0 0.13925
5350.0 1950.0 0.28666
5450.0 1950.0 0.38056
5550.0 1950.0 0.40547
5650.0 1950.0 0.36524
5750.0 1950.0 0.29032
5850.0 1950.0 0.20940
5950.0 1950.0 0.12268
6050.0 1950.0 0.03378
6150.0 1950.0 -0.05098
6250.0 1950.0 -0.12563
6350.0 1950.0 -0.18653
50.0 2050.0 0.06462
150.0 2050.0 -0.04343
250.0 2050.0 -0.13423
350.0 2050.0 -0.19050
450.0 2050.0 -0.20024
550.0 2050.0 -0.16042
650.0 2050.0 -0.07843
750.0 2050.0 0.02881
850.0 2050.0 0.13794
950.0 2050.0 0.22456
1050.0 2050.0 0.27093
1150.0 2050.0 0.27595
1250.0 2050.0 0.26277
1350.0 2050.0 0.23760
1450.0 2050.0 0.19186
1550.0 2050.0 0.12539
1650.0 2050.0 0.04399
1750.0 2050.0 -0.04321
1850.0 2050.0 -0.12610
1950.0 2050.0 -0.19560
2050.0 2050.0 -0.24541
2150.0 2050.0 -0.27344
2250.0 2050.0 -0.28293
2350.0 2050.0 -0.28276
2450.0 2050.0 -0.26400
2550.0 2050.0 -0.20241
2650.0 2050.0 -0.09732
2750.0 2050.0 0.03539
2850.0 2050.0 0.17240
2950.0 2050.0 0.29005
3050.0 2050.0 0.36970
3150.0 2050.0 0.40121
3250.0 2050.0 0.38449
3350.0 2050.0 0.32932
3450.0 2050.0 0.25321
3550.0 2050.0 0.17858
3650.0 2050.0 0.12559
3750.0 2050.0 0.10030
3850.0 2050.0 0.09766
3950.0 2050.0 0.10628
4050.0 2050.0 0.11248
4150.0 2050.0 0.10352
4250.0 2050.0 0.07013
4350.0 2050.0 0.00815
4450.0 2050.0 -0.08050
4550.0 2050.0 -0.18766
4650.0 2050.0 -0.29782
4750.0 2050.0 -0.37749
4850.0 2050.0 -0.39810
4950.0 2050.0 -0.34993
5050.0 2050.0 -0.23986
5150.0 2050.0 -0.08792
5250.0 2050.0 0.07713
5350.0 2050.0 0.22332
5450.0 2050.0 0.32189
5550.0 2050.0 0.35483
5650.0 2050.0 0.32337
5750.0 2050.0 0.25682
5850.0 2050.0 0.18833
5950.0 2050.0 0.12276
6050.0 2050.0 0.06211
6150.0 2050.0 0.00755
6250.0 2050.0 -0.04097
6350.0 2050.0 -0.08481
50.0 2150.0 0.06213
150.0 2150.0 -0.05035
250.0 2150.0 -0.14950
350.0 2150.0 -0.21890
450.0 2150.0 -0.24523
550.0 2150.0 -0.22304
650.0 2150.0 -0.15708
750.0 2150.0 -0.06213
850.0 2150.0 0.03976
950.0 2150.0 0.12443
1050.0 2150.0 0.17328
1150.0 2150.0 0.18352
1250.0 2150.0 0.17660
1350.0 2150.0 0.16055
1450.0 2150.0 0.12937
1550.0 2150.0 0.08360
1650.0 2150.0 0.02820
1750.0 2150.0 -0.02972
1850.0 2150.0 -0.08269
1950.0 2150.0 -0.12447
2050.0 2150.0 -0.15115
2150.0 2150.0 -0.16204
2250.0 2150.0 -0.16010
2350.0 2150.0 -0.15166
2450.0 2150.0 -0.12730
2550.0 2150.0 -0.06736
2650.0 2150.0 0.02586
2750.0 2150.0 0.13590
2850.0 2150.0 0.24112
2950.0 2150.0 0.32151
3050.0 2150.0 0.36330
3150.0 2150.0 0.36149
3250.0 2150.0 0.32024
3350.0 2150.0 0.25106
3450.0 2150.0 0.16890
3550.0 2150.0 0.09144
3650.0 2150.0 0.04284
3750.0 2150.0 0.03197
3850.0 2150.0 0.05306
3950.0 2150.0 0.09165
4050.0 2150.0 0.12971
4150.0 2150.0 0.14982
4250.0 2150.0 0.13863
4350.0 2150.0 0.08931
4450.0 2150.0 0.00326
4550.0 2150.0 -0.10909
4650.0 2150.0 -0.22754
4750.0 2150.0 -0.31976
4850.0 2150.0 -0.35957
4950.0 2150.0 -0.33619
5050.0 2150.0 -0.25357
5150.0 2150.0 -0.12812
5250.0 2150.0 0.01467
5350.0 2150.0 0.14506
5450.0 2150.0 0.23515
5550.0 2150.0 0.26624
5650.0 2150.0 0.23759
5750.0 2150.0 0.17587
5850.0 2150.0 0.11658
5950.0 2150.0 0.07012
6050.0 2150.0 0.03851
6150.0 2150.0 0.01920
6250.0 2150.0 0.00677
6350.0 2150.0 -0.00556
50.0 2250.0 0.03064
150.0 2250.0 -0.08372
250.0 2250.0 -0.18750
350.0 2250.0 -0.26518
450.0 2250.0 -0.30292
550.0 2250.0 -0.29390
650.0 2250.0 -0.24113
750.0 2250.0 -0.15769
850.0 2250.0 -0.06433
950.0 2250.0 0.01548
1050.0 2250.0 0.06306
1150.0 2250.0 0.07462
1250.0 2250.0 0.07021
1350.0 2250.0 0.06057
1450.0 2250.0 0.04304
1550.0 2250.0 0.01886
1650.0 2250.0 -0.00842
1750.0 2250.0 -0.03447
1850.0 2250.0 -0.05537
1950.0 2250.0 -0.06847
2050.0 2250.0 -0.07282
2150.0 2250.0 -0.06925
2250.0 2250.0 -0.06016
2350.0 2250.0 -0.04851
2450.0 2250.0 -0.02385
2550.0 2250.0 0.02921
2650.0 2250.0 0.10628
2750.0 2250.0 0.19130
2850.0 2250.0 0.26500
2950.0 2250.0 0.31107
3050.0 2250.0 0.32004
3150.0 2250.0 0.29101
3250.0 2250.0 0.23107
3350.0 2250.0 0.15241
3450.0 2250.0 0.06734
3550.0 2250.0 -0.01032
3650.0 2250.0 -0.05257
3750.0 2250.0 -0.04783
3850.0 2250.0 -0.00229
3950.0 2250.0 0.06701
4050.0 2250.0 0.13814
4150.0 2250.0 0.18937
4250.0 2250.0 0.20339
4350.0 2250.0 0.17065
4450.0 2250.0 0.09179
4550.0 2250.0 -0.02082
4650.0 2250.0 -0.14256
4750.0 2250.0 -0.24290
4850.0 2250.0 -0.29911
4950.0 2250.0 -0.30050
5050.0 2250.0 -0.24869
5150.0 2250.0 -0.15647
5250.0 2250.0 -0.04528
5350.0 2250.0 0.05882
5450.0 2250.0 0.13049
5550.0 2250.0 0.15193
5650.0 2250.0 0.12108
5750.0 2250.0 0.06095
5850.0 2250.0 0.00763
5950.0 2250.0 -0.02264
6050.0 2250.0 -0.02642
6150.0 2250.0 -0.00855
6250.0 2250.0 0.02104
6350.0 2250.0 0.05015
50.0 2350.0 -0.01749
150.0 2350.0 -0.13231
250.0 2350.0 -0.23850
350.0 2350.0 -0.32141
450.0 2350.0 -0.36708
550.0 2350.0 -0.36797
650.0 2350.0 -0.32590
750.0 2350.0 -0.25264
850.0 2350.0 -0.16772
950.0 2350.0 -0.09375
1050.0 2350.0 -0.04916
1150.0 2350.0 -0.03827
1250.0 2350.0 -0.04215
1350.0 2350.0 -0.04713
1450.0 2350.0 -0.05235
1550.0 2350.0 -0.05594
1650.0 2350.0 -0.05589
1750.0 2350.0 -0.05090
1850.0 2350.0 -0.04079
1950.0 2350.0 -0.02666
2050.0 2350.0 -0.01053
2150.0 2350.0 0.00520
2250.0 2350.0 0.01886
2350.0 2350.0 0.03100
2450.0 2350.0 0.05334
2550.0 2350.0 0.09742
2650.0 2350.0 0.15733
2750.0 2350.0 0.21790
2850.0 2350.0 0.26236
2950.0 2350.0 0.27790
3050.0 2350.0 0.25879
3150.0 2350.0 0.20741
3250.0 2350.0 0.13291
3350.0 2350.0 0.04765
3450.0 2350.0 -0.03860
3550.0 2350.0 -0.11512
3650.0 2350.0 -0.15032
3750.0 2350.0 -0.13007
3850.0 2350.0 -0.06078
3950.0 2350.0 0.03824
4050.0 2350.0 0.14160
4150.0 2350.0 0.22359
4250.0 2350.0 0.26323
4350.0 2350.0 0.24831
4450.0 2350.0 0.17863
4550.0 2350.0 0.06827
4650.0 2350.0 -0.05412
4750.0 2350.0 -0.16002
4850.0 2350.0 -0.23061
4950.0 2350.0 -0.25582
5050.0 2350.0 -0.23541
5150.0 2350.0 -0.17864
5250.0 2350.0 -0.10264
5350.0 2350.0 -0.02922
5450.0 2350.0 0.01965
5550.0 2350.0 0.02781
5650.0 2350.0 -0.00770
5750.0 2350.0 -0.06796
5850.0 2350.0 -0.11715
5950.0 2350.0 -0.13318
6050.0 2350.0 -0.11055
6150.0 2350.0 -0.05557
6250.0 2350.0 0.01788
6350.0 2350.0 0.09234
50.0 2450.0 -0.08245
150.0 2450.0 -0.19585
250.0 2450.0 -0.30205
350.0 2450.0 -0.38722
450.0 2450.0 -0.43754
550.0 2450.0 -0.44505
650.0 2450.0 -0.41078
750.0 2450.0 -0.34542
850.0 2450.0 -0.26738
950.0 2450.0 -0.19838
1050.0 2450.0 -0.15637
1150.0 2450.0 -0.14603
1250.0 2450.0 -0.14933
1350.0 2450.0 -0.14992
1450.0 2450.0 -0.14379
1550.0 2450.0 -0.12861
1650.0 2450.0 -0.10391
1750.0 2450.0 -0.07120
1850.0 2450.0 -0.03373
1950.0 2450.0 0.00409
2050.0 2450.0 0.03762
2150.0 2450.0 0.06325
2250.0 2450.0 0.08003
2350.0 2450.0 0.09170
2450.0 2450.0 0.11134
2550.0 2450.0 0.14756
2650.0 2450.0 0.19339
2750.0 2450.0 0.23443
2850.0 2450.0 0.25595
2950.0 2450.0 0.24785
3050.0 2450.0 0.20724
3150.0 2450.0 0.13893
3250.0 2450.0 0.05351
3350.0 2450.0 -0.03665
3450.0 2450.0 -0.12375
3550.0 2450.0 -0.19930
3650.0 2450.0 -0.22868
3750.0 2450.0 -0.19566
3850.0 2450.0 -0.10681
3950.0 2450.0 0.01674
4050.0 2450.0 0.14673
4150.0 2450.0 0.25420
4250.0 2450.0 0.31513
4350.0 2450.0 0.31511
4450.0 2450.0 0.25322
4550.0 2450.0 0.14491
4650.0 2450.0 0.02218
4750.0 2450.0 -0.08819
4850.0 2450.0 -0.17078
4950.0 2450.0 -0.21614
5050.0 2450.0 -0.22254
5150.0 2450.0 -0.19632
5250.0 2450.0 -0.15095
5350.0 2450.0 -0.10453
5450.0 2450.0 -0.07606
5550.0 2450.0 -0.08017
5650.0 2450.0 -0.12046
5750.0 2450.0 -0.18153
5850.0 2450.0 -0.22762
5950.0 2450.0 -0.23114
6050.0 2450.0 -0.18460
6150.0 2450.0 -0.09560
6250.0 2450.0 0.01839
6350.0 2450.0 0.13499
50.0 2550.0 -0.17811
150.0 2550.0 -0.28535
250.0 2550.0 -0.38585
350.0 2550.0 -0.46647
450.0 2550.0 -0.51409
550.0 2550.0 -0.52105
650.0 2550.0 -0.48830
750.0 2550.0 -0.42592
850.0 2550.0 -0.35138
950.0 2550.0 -0.28531
1050.0 2550.0 -0.24477
1150.0 2550.0 -0.23425
1250.0 2550.0 -0.23640
1350.0 2550.0 -0.23299
1450.0 2550.0 -0.21790
1550.0 2550.0 -0.18880
1650.0 2550.0 -0.14667
1750.0 2550.0 -0.09525
1850.0 2550.0 -0.04024
1950.0 2550.0 0.01181
2050.0 2550.0 0.05477
2150.0 2550.0 0.08459
2250.0 2550.0 0.10114
2350.0 2550.0 0.11038
2450.0 2550.0 0.12682
2550.0 2550.0 0.15837
2650.0 2550.0 0.19800
2750.0 2550.0 0.23179
2850.0 2550.0 0.24580
2950.0 2550.0 0.23071
3050.0 2550.0 0.18431
3150.0 2550.0 0.11179
3250.0 2550.0 0.02384
3350.0 2550.0 -0.06748
3450.0 2550.0 -0.15496
3550.0 2550.0 -0.23028
3650.0 2550.0 -0.25720
3750.0 2550.0 -0.21851
3850.0 2550.0 -0.12082
3950.0 2550.0 0.01394
4050.0 2550.0 0.15620
4150.0 2550.0 0.27551
4250.0 2550.0 0.34638
4350.0 2550.0 0.35339
4450.0 2550.0 0.29521
4550.0 2550.0 0.18795
4650.0 2550.0 0.06512
4750.0 2550.0 -0.04738
4850.0 2550.0 -0.13592
4950.0 2550.0 -0.19164
5050.0 2550.0 -0.21228
5150.0 2550.0 -0.20283
5250.0 2550.0 -0.17487
5350.0 2550.0 -0.14450
5450.0 2550.0 -0.12891
5550.0 2550.0 -0.14167
5650.0 2550.0 -0.18651
5750.0 2550.0 -0.24986
5850.0 2550.0 -0.29528
5950.0 2550.0 -0.29088
6050.0 2550.0 -0.22755
6150.0 2550.0 -0.11382
6250.0 2550.0 0.03017
6350.0 2550.0 0.17824
50.0 2650.0 -0.29240
150.0 2650.0 -0.38777
250.0 2650.0 -0.47590
350.0 2650.0 -0.54439
450.0 2650.0 -0.58139
550.0 2650.0 -0.58043
650.0 2650.0 -0.54301
750.0 2650.0 -0.47905
850.0 2650.0 -0.40508
950.0 2650.0 -0.34028
1050.0 2650.0 -0.30029
1150.0 2650.0 -0.28882
1250.0 2650.0 -0.28913
1350.0 2650.0 -0.28235
1450.0 2650.0 -0.26161
1550.0 2650.0 -0.22518
1650.0 2650.0 -0.17532
1750.0 2650.0 -0.11719
1850.0 2650.0 -0.05762
1950.0 2650.0 -0.00377
2050.0 2650.0 0.03824
2150.0 2650.0 0.06490
2250.0 2650.0 0.07700
2350.0 2650.0 0.08140
2450.0 2650.0 0.09391
2550.0 2650.0 0.12430
2650.0 2650.0 0.16664
2750.0 2650.0 0.20719
2850.0 2650.0 0.23133
2950.0 2650.0 0.22834
3050.0 2650.0 0.19419
3150.0 2650.0 0.13213
3250.0 2650.0 0.05128
3350.0 2650.0 -0.03690
3450.0 2650.0 -0.12422
3550.0 2650.0 -0.20021
3650.0 2650.0 -0.22868
3750.0 2650.0 -0.19276
3850.0 2650.0 -0.09896
3950.0 2650.0 0.03119
4050.0 2650.0 0.16868
4150.0 2650.0 0.28359
4250.0 2650.0 0.35096
4350.0 2650.0 0.35564
4450.0 2650.0 0.29636
4550.0 2650.0 0.18892
4650.0 2650.0 0.06630
4750.0 2650.0 -0.04536
4850.0 2650.0 -0.13226
4950.0 2650.0 -0.18598
5050.0 2650.0 -0.20496
5150.0 2650.0 -0.19482
5250.0 2650.0 -0.16756
5350.0 2650.0 -0.13933
5450.0 2650.0 -0.12707
5550.0 2650.0 -0.14383
5650.0 2650.0 -0.19285
5750.0 2650.0 -0.26025
5850.0 2650.0 -0.30819
5950.0 2650.0 -0.30226
6050.0 2650.0 -0.23231
6150.0 2650.0 -0.10721
6250.0 2650.0 0.05144
6350.0 2650.0 0.21540
50.0 2750.0 -0.39959
150.0 2750.0 -0.47806
250.0 2750.0 -0.54830
350.0 2750.0 -0.59880
450.0 2750.0 -0.61954
550.0 2750.0 -0.60580
650.0 2750.0 -0.56010
750.0 2750.0 -0.49229
850.0 2750.0 -0.41778
950.0 2750.0 -0.35385
1050.0 2750.0 -0.31413
1150.0 2750.0 -0.30119
1250.0 2750.0 -0.29906
1350.0 2750.0 -0.28964
1450.0 2750.0 -0.26668
1550.0 2750.0 -0.22961
1650.0 2750.0 -0.18176
1750.0 2750.0 -0.12885
1850.0 2750.0 -0.07750
1950.0 2750.0 -0.03400
2050.0 2750.0 -0.00301
2150.0 2750.0 0.01348
2250.0 2750.0 0.01720
2350.0 2750.0 0.01460
2450.0 2750.0 0.02240
2550.0 2750.0 0.05429
2650.0 2750.0 0.10638
2750.0 2750.0 0.16489
2850.0 2750.0 0.21335
2950.0 2750.0 0.23789
3050.0 2750.0 0.23059
3150.0 2750.0 0.19089
3250.0 2750.0 0.12499
3350.0 2750.0 0.04344
3450.0 2750.0 -0.04331
3550.0 2750.0 -0.12071
3650.0 2750.0 -0.15417
3750.0 2750.0 -0.12825
3850.0 2750.0 -0.04923
3950.0 2750.0 0.06281
4050.0 2750.0 0.18094
4150.0 2750.0 0.27761
4250.0 2750.0 0.32998
4350.0 2750.0 0.32435
4450.0 2750.0 0.25985
4550.0 2750.0 0.15119
4650.0 2750.0 0.02906
4750.0 2750.0 -0.07900
4850.0 2750.0 -0.15719
4950.0 2750.0 -0.19742
5050.0 2750.0 -0.19993
5150.0 2750.0 -0.17285
5250.0 2750.0 -0.13065
5350.0 2750.0 -0.09153
5450.0 2750.0 -0.07358
5550.0 2750.0 -0.08993
5650.0 2750.0 -0.14269
5750.0 2750.0 -0.21574
5850.0 2750.0 -0.26932
5950.0 2750.0 -0.26851
6050.0 2750.0 -0.20279
6150.0 2750.0 -0.08083
6250.0 2750.0 0.07581
6350.0 2750.0 0.23863
50.0 2850.0 -0.47307
150.0 2850.0 -0.53150
250.0 2850.0 -0.58077
350.0 2850.0 -0.61059
450.0 2850.0 -0.61310
550.0 2850.0 -0.58555
650.0 2850.0 -0.53153
750.0 2850.0 -0.46061
850.0 2850.0 -0.38669
950.0 2850.0 -0.32466
1050.0 2850.0 -0.28571
1150.0 2850.0 -0.27116
1250.0 2850.0 -0.26622
1350.0 2850.0 -0.25486
1450.0 2850.0 -0.23251
1550.0 2850.0 -0.20014
1650.0 2850.0 -0.16196
1750.0 2850.0 -0.12351
1850.0 2850.0 -0.09021
1950.0 2850.0 -0.06625
2050.0 2850.0 -0.05380
2150.0 2850.0 -0.05262
2250.0 2850.0 -0.06005
2350.0 2850.0 -0.07106
2450.0 2850.0 -0.06862
2550.0 2850.0 -0.03409
2650.0 2850.0 0.03121
2750.0 2850.0 0.11337
2850.0 2850.0 0.19349
2950.0 2850.0 0.25362
3050.0 2850.0 0.28088
3150.0 2850.0 0.26983
3250.0 2850.0 0.22305
3350.0 2850.0 0.14999
3450.0 2850.0 0.06402
3550.0 2850.0 -0.01527
3650.0 2850.0 -0.05576
3750.0 2850.0 -0.04416
3850.0 2850.0 0.01359
3950.0 2850.0 0.09943
4050.0 2850.0 0.18951
4150.0 2850.0 0.25968
4250.0 2850.0 0.29020
4350.0 2850.0 0.26950
4450.0 2850.0 0.19732
4550.0 2850.0 0.08685
4650.0 2850.0 -0.03460
4750.0 2850.0 -0.13714
4850.0 2850.0 -0.20168
4950.0 2850.0 -0.22037
5050.0 2850.0 -0.19602
5150.0 2850.0 -0.14052
5250.0 2850.0 -0.07235
5350.0 2850.0 -0.01309
5450.0 2850.0 0.01697
5550.0 2850.0 0.00425
5650.0 2850.0 -0.05185
5750.0 2850.0 -0.13156
5850.0 2850.0 -0.19314
5950.0 2850.0 -0.20296
6050.0 2850.0 -0.15075
6150.0 2850.0 -0.04446
6250.0 2850.0 0.09561
6350.0 2850.0 0.24236
50.0 2950.0 -0.49424
150.0 2950.0 -0.53195
250.0 2950.0 -0.56022
350.0 2950.0 -0.57033
450.0 2950.0 -0.55664
550.0 2950.0 -0.51822
650.0 2950.0 -0.45932
750.0 2950.0 -0.38881
850.0 2950.0 -0.31854
950.0 2950.0 -0.26062
1050.0 2950.0 -0.22360
1150.0 2950.0 -0.20767
1250.0 2950.0 -0.19986
1350.0 2950.0 -0.18707
1450.0 2950.0 -0.16696
1550.0 2950.0 -0.14219
1650.0 2950.0 -0.11764
1750.0 2950.0 -0.09830
1850.0 2950.0 -0.08785
1950.0 2950.0 -0.08779
2050.0 2950.0 -0.09729
2150.0 2950.0 -0.11362
2250.0 2950.0 -0.13322
2350.0 2950.0 -0.15304
2450.0 2950.0 -0.15636
2550.0 2950.0 -0.11978
2650.0 2950.0 -0.04203
2750.0 2950.0 0.06288
2850.0 2950.0 0.17375
2950.0 2950.0 0.26862
3050.0 2950.0 0.32974
3150.0 2950.0 0.34685
3250.0 2950.0 0.31889
3350.0 2950.0 0.25418
3450.0 2950.0 0.16894
3550.0 2950.0 0.08770
3650.0 2950.0 0.03989
3750.0 2950.0 0.03661
3850.0 2950.0 0.07225
3950.0 2950.0 0.13087
4050.0 2950.0 0.19181
4150.0 2950.0 0.23445
4250.0 2950.0 0.24225
4350.0 2950.0 0.20591
4450.0 2950.0 0.12576
4550.0 2950.0 0.01339
4650.0 2950.0 -0.10730
4750.0 2950.0 -0.20364
4850.0 2950.0 -0.25271
4950.0 2950.0 -0.24688
5050.0 2950.0 -0.19180
5150.0 2950.0 -0.10358
5250.0 2950.0 -0.00525
5350.0 2950.0 0.07770
5450.0 2950.0 0.12242
5550.0 2950.0 0.11466
5650.0 2950.0 0.05554
5750.0 2950.0 -0.03111
5850.0 2950.0 -0.10178
5950.0 2950.0 -0.12544
6050.0 2950.0 -0.09248
6150.0 2950.0 -0.00980
6250.0 2950.0 0.10435
6350.0 2950.0 0.22540
50.0 3050.0 -0.45727
150.0 3050.0 -0.47620
250.0 3050.0 -0.48645
350.0 3050.0 -0.48118
450.0 3050.0 -0.45679
550.0 3050.0 -0.41361
650.0 3050.0 -0.35590
750.0 3050.0 -0.29119
850.0 3050.0 -0.22881
950.0 3050.0 -0.17784
1050.0 3050.0 -0.14427
1150.0 3050.0 -0.12752
1250.0 3050.0 -0.11710
1350.0 3050.0 -0.10310
1450.0 3050.0 -0.08528
1550.0 3050.0 -0.06788
1650.0 3050.0 -0.05636
1750.0 3050.0 -0.05517
1850.0 3050.0 -0.06627
1950.0 3050.0 -0.08866
2050.0 3050.0 -0.11869
2150.0 3050.0 -0.15130
2250.0 3050.0 -0.18214
2350.0 3050.0 -0.21005
2450.0 3050.0 -0.21920
2550.0 3050.0 -0.18271
2650.0 3050.0 -0.09725
2750.0 3050.0 0.02327
2850.0 3050.0 0.15607
2950.0 3050.0 0.27628
3050.0 3050.0 0.36247
3150.0 3050.0 0.40066
3250.0 3050.0 0.38689
3350.0 3050.0 0.32847
3450.0 3050.0 0.24367
3550.0 3050.0 0.16080
3650.0 3050.0 0.10722
3750.0 3050.0 0.09234
3850.0 3050.0 0.11081
3950.0 3050.0 0.14836
4050.0 3050.0 0.18679
4150.0 3050.0 0.20822
4250.0 3050.0 0.19857
4350.0 3050.0 0.15022
4450.0 3050.0 0.06399
4550.0 3050.0 -0.04979
4650.0 3050.0 -0.16981
4750.0 3050.0 -0.26060
4850.0 3050.0 -0.29591
4950.0 3050.0 -0.26830
5050.0 3050.0 -0.18597
5150.0 3050.0 -0.06881
5250.0 3050.0 0.05614
5350.0 3050.0 0.15991
5450.0 3050.0 0.21738
5550.0 3050.0 0.21379
5650.0 3050.0 0.15174
5750.0 3050.0 0.05873
5850.0 3050.0 -0.02066
5950.0 3050.0 -0.05833
6050.0 3050.0 -0.04548
6150.0 3050.0 0.01206
6250.0 3050.0 0.09830
6350.0 3050.0 0.19148
50.0 3150.0 -0.37002
150.0 3150.0 -0.37434
250.0 3150.0 -0.37193
350.0 3150.0 -0.35808
450.0 3150.0 -0.33073
550.0 3150.0 -0.29072
650.0 3150.0 -0.24152
750.0 3150.0 -0.18864
850.0 3150.0 -0.13858
950.0 3150.0 -0.09739
1050.0 3150.0 -0.06880
1150.0 3150.0 -0.05200
1250.0 3150.0 -0.03949
1350.0 3150.0 -0.02412
1450.0 3150.0 -0.00702
1550.0 3150.0 0.00639
1650.0 3150.0 0.01003
1750.0 3150.0 -0.00037
1850.0 3150.0 -0.02577
1950.0 3150.0 -0.06351
2050.0 3150.0 -0.10798
2150.0 3150.0 -0.15243
2250.0 3150.0 -0.19178
2350.0 3150.0 -0.22609
2450.0 3150.0 -0.24076
2550.0 3150.0 -0.20759
2650.0 3150.0 -0.12214
2750.0 3150.0 0.00209
2850.0 3150.0 0.14195
2950.0 3150.0 0.27152
3050.0 3150.0 0.36775
3150.0 3150.0 0.41485
3250.0 3150.0 0.40728
3350.0 3150.0 0.35158
3450.0 3150.0 0.26677
3550.0 3150.0 0.18293
3650.0 3150.0 0.12663
3750.0 3150.0 0.10658
3850.0 3150.0 0.11761
3950.0 3150.0 0.14617
4050.0 3150.0 0.17513
4150.0 3150.0 0.18775
4250.0 3150.0 0.17093
4350.0 3150.0 0.11774
4450.0 3150.0 0.02911
4550.0 3150.0 -0.08515
4650.0 3150.0 -0.20469
4750.0 3150.0 -0.29187
4850.0 3150.0 -0.31834
4950.0 3150.0 -0.27692
5050.0 3150.0 -0.17756
5150.0 3150.0 -0.04264
5250.0 3150.0 0.09824
5350.0 3150.0 0.21399
5450.0 3150.0 0.27821
5550.0 3150.0 0.27594
5650.0 3150.0 0.21087
5750.0 3150.0 0.11276
5850.0 3150.0 0.02648
5950.0 3150.0 -0.02220
6050.0 3150.0 -0.02513
6150.0 3150.0 0.01273
6250.0 3150.0 0.07714
6350.0 3150.0 0.14853
50.0 3250.0 -0.25093
150.0 3250.0 -0.24615
250.0 3250.0 -0.23772
350.0 3250.0 -0.22308
450.0 3250.0 -0.20115
550.0 3250.0 -0.17241
650.0 3250.0 -0.13874
750.0 3250.0 -0.10314
850.0 3250.0 -0.06911
950.0 3250.0 -0.03989
1050.0 3250.0 -0.01750
1150.0 3250.0 -0.00147
1250.0 3250.0 0.01246
1350.0 3250.0 0.02969
1450.0 3250.0 0.04895
1550.0 3250.0 0.06420
1650.0 3250.0 0.06860
1750.0 3250.0 0.05738
1850.0 3250.0 0.02939
1950.0 3250.0 -0.01244
2050.0 3250.0 -0.06189
2150.0 3250.0 -0.11141
2250.0 3250.0 -0.15533
2350.0 3250.0 -0.19374
2450.0 3250.0 -0.21331
2550.0 3250.0 -0.18710
2650.0 3250.0 -0.11074
2750.0 3250.0 0.00303
2850.0 3250.0 0.13216
2950.0 3250.0 0.25186
3050.0 3250.0 0.34000
3150.0 3250.0 0.38129
3250.0 3250.0 0.37025
3350.0 3250.0 0.31294
3450.0 3250.0 0.22758
3550.0 3250.0 0.14364
3650.0 3250.0 0.08853
3750.0 3250.0 0.07158
3850.0 3250.0 0.08763
3950.0 3250.0 0.12270
4050.0 3250.0 0.15889
4150.0 3250.0 0.17857
4250.0 3250.0 0.16777
4350.0 3250.0 0.11889
4450.0 3250.0 0.03261
4550.0 3250.0 -0.08095
4650.0 3250.0 -0.20029
4750.0 3250.0 -0.28664
4850.0 3250.0 -0.31138
4950.0 3250.0 -0.26770
5050.0 3250.0 -0.16615
5150.0 3250.0 -0.02974
5250.0 3250.0 0.11149
5350.0 3250.0 0.22627
5450.0 3250.0 0.28836
5550.0 3250.0 0.28313
5650.0 3250.0 0.21473
5750.0 3250.0 0.11324
5850.0 3250.0 0.02297
5950.0 3250.0 -0.03118
6050.0 3250.0 -0.04123
6150.0 3250.0 -0.01175
6250.0 3250.0 0.04371
6350.0 3250.0 0.10637
50.0 3350.0 -0.12191
150.0 3350.0 -0.11356
250.0 3350.0 -0.10543
350.0 3350.0 -0.09708
450.0 3350.0 -0.08777
550.0 3350.0 -0.07688
650.0 3350.0 -0.06411
750.0 3350.0 -0.04960
850.0 3350.0 -0.03392
950.0 3350.0 -0.01793
1050.0 3350.0 -0.00244
1150.0 3350.0 0.01213
1250.0 3350.0 0.02682
1350.0 3350.0 0.04657
1450.0 3350.0 0.07138
1550.0 3350.0 0.09515
1650.0 3350.0 0.11014
1750.0 3350.0 0.11018
1850.0 3350.0 0.09264
1950.0 3350.0 0.05916
2050.0 3350.0 0.01513
2150.0 3350.0 -0.03216
2250.0 3350.0 -0.07649
2350.0 3350.0 -0.11665
2450.0 3350.0 -0.14038
2550.0 3350.0 -0.12439
2650.0 3350.0 -0.06546
2750.0 3350.0 0.02468
2850.0 3350.0 0.12646
2950.0 3350.0 0.21827
3050.0 3350.0 0.28128
3150.0 3350.0 0.30292
3250.0 3350.0 0.27928
3350.0 3350.0 0.21632
3450.0 3350.0 0.12990
3550.0 3350.0 0.04670
3650.0 3350.0 -0.00337
3750.0 3350.0 -0.00911
3850.0 3350.0 0.02418
3950.0 3350.0 0.08093
4050.0 3350.0 0.14073
4150.0 3350.0 0.18303
4250.0 3350.0 0.19117
4350.0 3350.0 0.15557
4450.0 3350.0 0.07625
4550.0 3350.0 -0.03543
4650.0 3350.0 -0.15488
4750.0 3350.0 -0.24332
4850.0 3350.0 -0.27383
4950.0 3350.0 -0.24005
5050.0 3350.0 -0.15199
5150.0 3350.0 -0.03130
5250.0 3350.0 0.09376
5350.0 3350.0 0.19384
5450.0 3350.0 0.24432
5550.0 3350.0 0.23153
5650.0 3350.0 0.15941
5750.0 3350.0 0.05626
5850.0 3350.0 -0.03480
5950.0 3350.0 -0.08788
6050.0 3350.0 -0.09455
6150.0 3350.0 -0.05955
6250.0 3350.0 0.00290
6350.0 3350.0 0.07305
50.0 3450.0 0.00275
150.0 3450.0 0.01094
250.0 3450.0 0.01464
350.0 3450.0 0.01232
450.0 3450.0 0.00476
550.0 3450.0 -0.00587
650.0 3450.0 -0.01675
750.0 3450.0 -0.02508
850.0 3450.0 -0.02865
950.0 3450.0 -0.02622
1050.0 3450.0 -0.01786
1150.0 3450.0 -0.00514
1250.0 3450.0 0.00986
1350.0 3450.0 0.03268
1450.0 3450.0 0.06556
1550.0 3450.0 0.10279
1650.0 3450.0 0.13555
1750.0 3450.0 0.15565
1850.0 3450.0 0.15802
1950.0 3450.0 0.14188
2050.0 3450.0 0.11069
2150.0 3450.0 0.07084
2250.0 3450.0 0.02901
2350.0 3450.0 -0.01130
2450.0 3450.0 -0.03861
2550.0 3450.0 -0.03483
2650.0 3450.0 0.00140
2750.0 3450.0 0.05956
2850.0 3450.0 0.12337
2950.0 3450.0 0.17579
3050.0 3450.0 0.20276
3150.0 3450.0 0.19587
3250.0 3450.0 0.15378
3350.0 3450.0 0.08255
3450.0 3450.0 -0.00523
3550.0 3450.0 -0.08712
3650.0 3450.0 -0.12960
3750.0 3450.0 -0.11876
3850.0 3450.0 -0.06012
3950.0 3450.0 0.02837
4050.0 3450.0 0.12262
4150.0 3450.0 0.19785
4250.0 3450.0 0.23348
4350.0 3450.0 0.21711
4450.0 3450.0 0.14782
4550.0 3450.0 0.03877
4650.0 3450.0 -0.08099
4750.0 3450.0 -0.17355
4850.0 3450.0 -0.21507
4950.0 3450.0 -0.19972
5050.0 3450.0 -0.13611
5150.0 3450.0 -0.04320
5250.0 3450.0 0.05412
5350.0 3450.0 0.12985
5450.0 3450.0 0.16205
5550.0 3450.0 0.13843
5650.0 3450.0 0.06227
5750.0 3450.0 -0.04135
5850.0 3450.0 -0.13090
5950.0 3450.0 -0.17802
6050.0 3450.0 -0.17330
6150.0 3450.0 -0.12213
6250.0 3450.0 -0.04042
6350.0 3450.0 0.04975
50.0 3550.0 0.12850
150.0 3550.0 0.13487
250.0 3550.0 0.13258
350.0 3550.0 0.11831
450.0 3550.0 0.09308
550.0 3550.0 0.06075
650.0 3550.0 0.02665
750.0 3550.0 -0.00363
850.0 3550.0 -0.02535
950.0 3550.0 -0.03550
1050.0 3550.0 -0.03367
1150.0 3550.0 -0.02264
1250.0 3550.0 -0.00735
1350.0 3550.0 0.01881
1450.0 3550.0 0.06056
1550.0 3550.0 0.11257
1650.0 3550.0 0.16485
1750.0 3550.0 0.20700
1850.0 3550.0 0.23121
1950.0 3550.0 0.23404
2050.0 3550.0 0.21688
2150.0 3550.0 0.18507
2250.0 3550.0 0.14587
2350.0 3550.0 0.10527
2450.0 3550.0 0.07378
2550.0 3550.0 0.06374
2650.0 3550.0 0.07455
2750.0 3550.0 0.09721
2850.0 3550.0 0.11930
2950.0 3550.0 0.12887
3050.0 3550.0 0.11715
3150.0 3550.0 0.08015
3250.0 3550.0 0.01921
3350.0 3550.0 -0.05968
3450.0 3550.0 -0.14763
3550.0 3550.0 -0.22678
3650.0 3550.0 -0.25968
3750.0 3550.0 -0.22959
3850.0 3550.0 -0.14244
3950.0 3550.0 -0.01891
4050.0 3550.0 0.11284
4150.0 3550.0 0.22354
4250.0 3550.0 0.28847
4350.0 3550.0 0.29238
4450.0 3550.0 0.23355
4550.0 3550.0 0.12719
4650.0 3550.0 0.00701
4750.0 3550.0 -0.09038
4850.0 3550.0 -0.14462
4950.0 3550.0 -0.15047
5050.0 3550.0 -0.11486
5150.0 3550.0 -0.05360
5250.0 3550.0 0.01228
5350.0 3550.0 0.06058
5450.0 3550.0 0.07240
5550.0 3550.0 0.03691
5650.0 3550.0 -0.04338
5750.0 3550.0 -0.14709
5850.0 3550.0 -0.23451
5950.0 3550.0 -0.27446
6050.0 3550.0 -0.25640
6150.0 3550.0 -0.18631
6250.0 3550.0 -0.08196
6350.0 3550.0 0.03195
50.0 3650.0 0.26173
150.0 3650.0 0.26191
250.0 3650.0 0.25008
350.0 3650.0 0.22198
450.0 3650.0 0.17945
550.0 3650.0 0.12819
650.0 3650.0 0.07569
750.0 3650.0 0.02951
850.0 3650.0 -0.00420
950.0 3650.0 -0.02186
1050.0 3650.0 -0.02342
1150.0 3650.0 -0.01296
1250.0 3650.0 0.00296
1350.0 3650.0 0.03303
1450.0 3650.0 0.08449
1550.0 3650.0 0.15217
1650.0 3650.0 0.22451
1750.0 3650.0 0.28859
1850.0 3650.0 0.33377
1950.0 3650.0 0.35398
2050.0 3650.0 0.34871
2150.0 3650.0 0.32261
2250.0 3650.0 0.28377
2350.0 3650.0 0.24072
2450.0 3650.0 0.20198
2550.0 3650.0 0.17300
2650.0 3650.0 0.15168
2750.0 3650.0 0.13183
2850.0 3650.0 0.10636
2950.0 3650.0 0.06958
3050.0 3650.0 0.01861
3150.0 3650.0 -0.04616
3250.0 3650.0 -0.12143
3350.0 3650.0 -0.20230
3450.0 3650.0 -0.28446
3550.0 3650.0 -0.35479
3650.0 3650.0 -0.37164
3750.0 3650.0 -0.31587
3850.0 3650.0 -0.19465
3950.0 3650.0 -0.03208
4050.0 3650.0 0.13918
4150.0 3650.0 0.28542
4250.0 3650.0 0.37835
4350.0 3650.0 0.40071
4450.0 3650.0 0.35087
4550.0 3650.0 0.24654
4650.0 3650.0 0.12563
4750.0 3650.0 0.02236
4850.0 3650.0 -0.04692
4950.0 3650.0 -0.07751
5050.0 3650.0 -0.07429
5150.0 3650.0 -0.04934
5250.0 3650.0 -0.01921
5350.0 3650.0 -0.00176
5450.0 3650.0 -0.01252
5550.0 3650.0 -0.06073
5650.0 3650.0 -0.14493
5750.0 3650.0 -0.24800
5850.0 3650.0 -0.33273
5950.0 3650.0 -0.36531
6050.0 3650.0 -0.33367
6150.0 3650.0 -0.24385
6250.0 3650.0 -0.11501
6350.0 3650.0 0.02578
50.0 3750.0 0.38773
150.0 3750.0 0.37551
250.0 3750.0 0.34946
350.0 3750.0 0.30569
450.0 3750.0 0.24771
550.0 3750.0 0.18315
650.0 3750.0 0.12094
750.0 3750.0 0.06925
850.0 3750.0 0.03380
950.0 3750.0 0.01691
1050.0 3750.0 0.01697
1150.0 3750.0 0.02863
1250.0 3750.0 0.04563
1350.0 3750.0 0.08009
1450.0 3750.0 0.14161
1550.0 3750.0 0.22470
1650.0 3750.0 0.31589
1750.0 3750.0 0.39952
1850.0 3750.0 0.46215
1950.0 3750.0 0.49545
2050.0 3750.0 0.49753
2150.0 3750.0 0.47292
2250.0 3750.0 0.43087
2350.0 3750.0 0.38229
2450.0 3750.0 0.33239
2550.0 3750.0 0.27897
2650.0 3750.0 0.21935
2750.0 3750.0 0.15180
2850.0 3750.0 0.07617
2950.0 3750.0 -0.00594
3050.0 3750.0 -0.09142
3150.0 3750.0 -0.17626
3250.0 3750.0 -0.25657
3350.0 3750.0 -0.33001
3450.0 3750.0 -0.39766
3550.0 3750.0 -0.45070
3650.0 3750.0 -0.44357
3750.0 3750.0 -0.35585
3850.0 3750.0 -0.19703
3950.0 3750.0 0.00469
4050.0 3750.0 0.21227
4150.0 3750.0 0.38837
4250.0 3750.0 0.50260
4350.0 3750.0 0.53740
4450.0 3750.0 0.49267
4550.0 3750.0 0.38897
4650.0 3750.0 0.26693
4750.0 3750.0 0.15709
4850.0 3750.0 0.07158
4950.0 3750.0 0.01471
5050.0 3750.0 -0.01605
5150.0 3750.0 -0.02877
5250.0 3750.0 -0.03528
5350.0 3750.0 -0.04895
5450.0 3750.0 -0.08197
5550.0 3750.0 -0.14214
5650.0 3750.0 -0.22920
5750.0 3750.0 -0.33052
5850.0 3750.0 -0.41220
5950.0 3750.0 -0.43857
6050.0 3750.0 -0.39574
6150.0 3750.0 -0.28887
6250.0 3750.0 -0.13744
6350.0 3750.0 0.02998
50.0 3850.0 0.48278
150.0 3850.0 0.45223
250.0 3850.0 0.40790
350.0 3850.0 0.34781
450.0 3850.0 0.27794
550.0 3850.0 0.20774
650.0 3850.0 0.14670
750.0 3850.0 0.10191
850.0 3850.0 0.07664
950.0 3850.0 0.06993
1050.0 3850.0 0.07722
1150.0 3850.0 0.09199
1250.0 3850.0 0.11047
1350.0 3850.0 0.14936
1450.0 3850.0 0.22007
1550.0 3850.0 0.31636
1650.0 3850.0 0.42255
1750.0 3850.0 0.52038
1850.0 3850.0 0.59405
1950.0 3850.0 0.63362
2050.0 3850.0 0.63669
2150.0 3850.0 0.60828
2250.0 3850.0 0.55913
2350.0 3850.0 0.50198
2450.0 3850.0 0.43778
2550.0 3850.0 0.35699
2650.0 3850.0 0.25760
2750.0 3850.0 0.14376
2850.0 3850.0 0.02315
2950.0 3850.0 -0.09531
3050.0 3850.0 -0.20335
3150.0 3850.0 -0.29493
3250.0 3850.0 -0.36745
3350.0 3850.0 -0.42262
3450.0 3850.0 -0.46699
3550.0 3850.0 -0.49479
3650.0 3850.0 -0.45775
3750.0 3850.0 -0.33587
3850.0 3850.0 -0.14196
3950.0 3850.0 0.09159
4050.0 3850.0 0.32429
4150.0 3850.0 0.51700
4250.0 3850.0 0.63955
4350.0 3850.0 0.67646
4450.0 3850.0 0.63071
4550.0 3850.0 0.52566
4650.0 3850.0 0.40220
4750.0 3850.0 0.28616
4850.0 3850.0 0.18609
4950.0 3850.0 0.10616
5050.0 3850.0 0.04609
5150.0 3850.0 0.00145
5250.0 3850.0 -0.03552
5350.0 3850.0 -0.07444
5450.0 3850.0 -0.12482
5550.0 3850.0 -0.19348
5650.0 3850.0 -0.28143
5750.0 3850.0 -0.37988
5850.0 3850.0 -0.45869
5950.0 3850.0 -0.48192
6050.0 3850.0 -0.43385
6150.0 3850.0 -0.31766
6250.0 3850.0 -0.15157
6350.0 3850.0 0.03595
50.0 3950.0 0.52631
150.0 3950.0 0.47318
250.0 3950.0 0.40825
350.0 3950.0 0.33276
450.0 3950.0 0.25570
550.0 3950.0 0.18814
650.0 3950.0 0.13910
750.0 3950.0 0.11306
850.0 3950.0 0.10898
950.0 3950.0 0.12096
1050.0 3950.0 0.14042
1150.0 3950.0 0.15991
1250.0 3950.0 0.18014
1350.0 3950.0 0.22296
1450.0 3950.0 0.30080
1550.0 3950.0 0.40623
1650.0 3950.0 0.52143
1750.0 3950.0 0.62592
1850.0 3950.0 0.70230
1950.0 3950.0 0.74000
2050.0 3950.0 0.73698
2150.0 3950.0 0.69951
2250.0 3950.0 0.63991
2350.0 3950.0 0.57195
2450.0 3950.0 0.49198
2550.0 3950.0 0.38460
2650.0 3950.0 0.24992
2750.0 3950.0 0.09867
2850.0 3950.0 -0.05384
2950.0 3950.0 -0.19239
3050.0 3950.0 -0.30538
3150.0 3950.0 -0.38693
3250.0 3950.0 -0.43775
3350.0 3950.0 -0.46469
3450.0 3950.0 -0.47903
3550.0 3950.0 -0.47619
3650.0 3950.0 -0.40708
3750.0 3950.0 -0.25413
3850.0 3950.0 -0.03418
3950.0 3950.0 0.21684
4050.0 3950.0 0.45671
4150.0 3950.0 0.64701
4250.0 3950.0 0.76063
4350.0 3950.0 0.78664
4450.0 3950.0 0.73256
4550.0 3950.0 0.62397
4650.0 3950.0 0.49897
4750.0 3950.0 0.37829
4850.0 3950.0 0.26829
4950.0 3950.0 0.17336
5050.0 3950.0 0.09496
5150.0 3950.0 0.03115
5250.0 3950.0 -0.02324
5350.0 3950.0 -0.07566
5450.0 3950.0 -0.13426
5550.0 3950.0 -0.20565
5650.0 3950.0 -0.29188
5750.0 3950.0 -0.38656
5850.0 3950.0 -0.46331
5950.0 3950.0 -0.48799
6050.0 3950.0 -0.44342
6150.0 3950.0 -0.32975
6250.0 3950.0 -0.16211
6350.0 3950.0 0.03311
50.0 4050.0 0.50866
150.0 4050.0 0.43132
250.0 4050.0 0.34567
350.0 4050.0 0.25704
450.0 4050.0 0.17767
550.0 4050.0 0.11987
650.0 4050.0 0.09135
750.0 4050.0 0.09284
850.0 4050.0 0.11778
950.0 4050.0 0.15425
1050.0 4050.0 0.18914
1150.0 4050.0 0.21437
1250.0 4050.0 0.23638
1350.0 4050.0 0.28220
1450.0 4050.0 0.36435
1550.0 4050.0 0.47394
1650.0 4050.0 0.59124
1750.0 4050.0 0.69424
1850.0 4050.0 0.76487
1950.0 4050.0 0.79289
2050.0 4050.0 0.77756
2150.0 4050.0 0.72689
2250.0 4050.0 0.65472
2350.0 4050.0 0.57499
2450.0 4050.0 0.47972
2550.0 4050.0 0.35010
2650.0 4050.0 0.18954
2750.0 4050.0 0.01528
2850.0 4050.0 -0.15089
2950.0 4050.0 -0.28946
3050.0 4050.0 -0.38786
3150.0 4050.0 -0.44271
3250.0 4050.0 -0.45974
3350.0 4050.0 -0.45147
3450.0 4050.0 -0.43249
3550.0 4050.0 -0.39724
3650.0 4050.0 -0.29811
3750.0 4050.0 -0.12183
3850.0 4050.0 0.11053
3950.0 4050.0 0.36068
4050.0 4050.0 0.58683
4150.0 4050.0 0.75396
4250.0 4050.0 0.84073
4350.0 4050.0 0.84294
4450.0 4050.0 0.77357
4550.0 4050.0 0.65949
4650.0 4050.0 0.53305
4750.0 4050.0 0.41014
4850.0 4050.0 0.29682
4950.0 4050.0 0.19807
5050.0 4050.0 0.11627
5150.0 4050.0 0.05032
5250.0 4050.0 -0.00437
5350.0 4050.0 -0.05517
5450.0 4050.0 -0.11056
5550.0 4050.0 -0.17780
5650.0 4050.0 -0.25962
5750.0 4050.0 -0.35007
5850.0 4050.0 -0.42599
5950.0 4050.0 -0.45727
6050.0 4050.0 -0.42586
6150.0 4050.0 -0.32814
6250.0 4050.0 -0.17453
6350.0 4050.0 0.01276
50.0 4150.0 0.43467
150.0 4150.0 0.33438
250.0 4150.0 0.23005
350.0 4150.0 0.13134
450.0 4150.0 0.05358
550.0 4150.0 0.00989
650.0 4150.0 0.00619
750.0 4150.0 0.03899
850.0 4150.0 0.09583
950.0 4150.0 0.15865
1050.0 4150.0 0.20982
1150.0 4150.0 0.24095
1250.0 4150.0 0.26460
1350.0 4150.0 0.31228
1450.0 4150.0 0.39583
1550.0 4150.0 0.50482
1650.0 4150.0 0.61805
1750.0 4150.0 0.71272
1850.0 4150.0 0.77095
1950.0 4150.0 0.78369
2050.0 4150.0 0.75205
2150.0 4150.0 0.68609
2250.0 4150.0 0.60093
2350.0 4150.0 0.50990
2450.0 4150.0 0.40161
2550.0 4150.0 0.25651
2650.0 4150.0 0.08211
2750.0 4150.0 -0.09871
2850.0 4150.0 -0.25955
2950.0 4150.0 -0.37903
3050.0 4150.0 -0.44597
3150.0 4150.0 -0.46140
3250.0 4150.0 -0.43715
3350.0 4150.0 -0.39119
3450.0 4150.0 -0.33972
3550.0 4150.0 -0.27426
3650.0 4150.0 -0.15074
3750.0 4150.0 0.03843
3850.0 4150.0 0.26827
3950.0 4150.0 0.49960
4050.0 4150.0 0.69312
4150.0 4150.0 0.81946
4250.0 4150.0 0.86501
4350.0 4150.0 0.83358
4450.0 4150.0 0.74394
4550.0 4150.0 0.62312
4650.0 4150.0 0.49550
4750.0 4150.0 0.37304
4850.0 4150.0 0.26339
4950.0 4150.0 0.17243
5050.0 4150.0 0.10253
5150.0 4150.0 0.05171
5250.0 4150.0 0.01381
5350.0 4150.0 -0.02049
5450.0 4150.0 -0.06167
5550.0 4150.0 -0.11840
5650.0 4150.0 -0.19366
5750.0 4150.0 -0.27993
5850.0 4150.0 -0.35641
5950.0 4150.0 -0.39878
6050.0 4150.0 -0.38887
6150.0 4150.0 -0.31897
6250.0 4150.0 -0.19369
6350.0 4150.0 -0.02944
50.0 4250.0 0.32295
150.0 4250.0 0.20363
250.0 4250.0 0.08436
350.0 4250.0 -0.02130
450.0 4250.0 -0.09548
550.0 4250.0 -0.12459
650.0 4250.0 -0.10451
750.0 4250.0 -0.04266
850.0 4250.0 0.04326
950.0 4250.0 0.12980
1050.0 4250.0 0.19546
1150.0 4250.0 0.23176
1250.0 4250.0 0.25672
1350.0 4250.0 0.30518
1450.0 4250.0 0.38785
1550.0 4250.0 0.49287
1650.0 4250.0 0.59811
1750.0 4250.0 0.68061
1850.0 4250.0 0.72327
1950.0 4250.0 0.71866
2050.0 4250.0 0.66999
2150.0 4250.0 0.58925
2250.0 4250.0 0.49251
2350.0 4250.0 0.39203
2450.0 4250.0 0.27426
2550.0 4250.0 0.12128
2650.0 4250.0 -0.05517
2750.0 4250.0 -0.22801
2850.0 4250.0 -0.36840
2950.0 4250.0 -0.45528
3050.0 4250.0 -0.48070
3150.0 4250.0 -0.45113
3250.0 4250.0 -0.38458
3350.0 4250.0 -0.30367
3450.0 4250.0 -0.22451
3550.0 4250.0 -0.13452
3650.0 4250.0 0.00543
3750.0 4250.0 0.19682
3850.0 4250.0 0.41154
3950.0 4250.0 0.61085
4050.0 4250.0 0.75945
4150.0 4250.0 0.83484
4250.0 4250.0 0.83188
4350.0 4250.0 0.76253
4450.0 4250.0 0.65081
4550.0 4250.0 0.52302
4650.0 4250.0 0.39461
4750.0 4250.0 0.27489
4850.0 4250.0 0.17461
4950.0 4250.0 0.10068
5050.0 4250.0 0.05463
5150.0 4250.0 0.03223
5250.0 4250.0 0.02406
5350.0 4250.0 0.01727
5450.0 4250.0 -0.00179
5550.0 4250.0 -0.04374
5650.0 4250.0 -0.11138
5750.0 4250.0 -0.19404
5850.0 4250.0 -0.27228
5950.0 4250.0 -0.32845
6050.0 4250.0 -0.34498
6150.0 4250.0 -0.31030
6250.0 4250.0 -0.22288
6350.0 4250.0 -0.09263
50.0 4350.0 0.20087
150.0 4350.0 0.06827
250.0 4350.0 -0.06125
350.0 4350.0 -0.17135
450.0 4350.0 -0.24240
550.0 4350.0 -0.26052
650.0 4350.0 -0.22297
750.0 4350.0 -0.14000
850.0 4350.0 -0.03306
950.0 4350.0 0.07054
1050.0 4350.0 0.14659
1150.0 4350.0 0.18656
1250.0 4350.0 0.21240
1350.0 4350.0 0.26088
1450.0 4350.0 0.34151
1550.0 4350.0 0.44138
1650.0 4350.0 0.53786
1750.0 4350.0 0.60824
1850.0 4350.0 0.63643
1950.0 4350.0 0.61655
2050.0 4350.0 0.55361
2150.0 4350.0 0.46113
2250.0 4350.0 0.35580
2350.0 4350.0 0.24869
2450.0 4350.0 0.12551
2550.0 4350.0 -0.02856
2650.0 4350.0 -0.19813
2750.0 4350.0 -0.35361
2850.0 4350.0 -0.46568
2950.0 4350.0 -0.51518
3050.0 4350.0 -0.49821
3150.0 4350.0 -0.42659
3250.0 4350.0 -0.32362
3350.0 4350.0 -0.21521
3450.0 4350.0 -0.11619
3550.0 4350.0 -0.00970
3650.0 4350.0 0.13812
3750.0 4350.0 0.32319
3850.0 4350.0 0.51532
3950.0 4350.0 0.67719
4050.0 4350.0 0.77806
4150.0 4350.0 0.80224
4250.0 4350.0 0.75235
4350.0 4350.0 0.64738
4450.0 4350.0 0.51550
4550.0 4350.0 0.38160
4650.0 4350.0 0.25280
4750.0 4350.0 0.13723
4850.0 4350.0 0.04942
4950.0 4350.0 -0.00272
5050.0 4350.0 -0.01899
5150.0 4350.0 -0.00670
5250.0 4350.0 0.02069
5350.0 4350.0 0.04605
5450.0 4350.0 0.05209
5550.0 4350.0 0.02612
5650.0 4350.0 -0.03417
5750.0 4350.0 -0.11420
5850.0 4350.0 -0.19493
5950.0 4350.0 -0.26521
6050.0 4350.0 -0.30858
6150.0 4350.0 -0.31029
6250.0 4350.0 -0.26331
6350.0 4350.0 -0.17132
50.0 4450.0 0.09529
150.0 4450.0 -0.04428
250.0 4450.0 -0.17946
350.0 4450.0 -0.29256
450.0 4450.0 -0.36304
550.0 4450.0 -0.37676
650.0 4450.0 -0.33154
750.0 4450.0 -0.23893
850.0 4450.0 -0.12219
950.0 4450.0 -0.01051
1050.0 4450.0 0.07053
1150.0 4450.0 0.11230
1250.0 4450.0 0.13857
1350.0 4450.0 0.18674
1450.0 4450.0 0.26544
1550.0 4450.0 0.36117
1650.0 4450.0 0.45114
1750.0 4450.0 0.51301
1850.0 4450.0 0.53145
1950.0 4450.0 0.50167
2050.0 4450.0 0.42985
2150.0 4450.0 0.33040
2250.0 4450.0 0.22027
2350.0 4450.0 0.10971
2450.0 4450.0 -0.01513
2550.0 4450.0 -0.16559
2650.0 4450.0 -0.32372
2750.0 4450.0 -0.45899
2850.0 4450.0 -0.54304
2950.0 4450.0 -0.55925
3050.0 4450.0 -0.50752
3150.0 4450.0 -0.40394
3250.0 4450.0 -0.27549
3350.0 4450.0 -0.14982
3450.0 4450.0 -0.03998
3550.0 4450.0 0.07447
3650.0 4450.0 0.22276
3750.0 4450.0 0.39658
3850.0 4450.0 0.56478
3950.0 4450.0 0.69193
4050.0 4450.0 0.75142
4150.0 4450.0 0.73313
4250.0 4450.0 0.64561
4350.0 4450.0 0.51289
4450.0 4450.0 0.36569
4550.0 4450.0 0.22734
4650.0 4450.0 0.09853
4750.0 4450.0 -0.01258
4850.0 4450.0 -0.08778
4950.0 4450.0 -0.11836
5050.0 4450.0 -0.10560
5150.0 4450.0 -0.05992
5250.0 4450.0 0.00125
5350.0 4450.0 0.05669
5450.0 4450.0 0.08576
5550.0 4450.0 0.07395
5650.0 4450.0 0.01958
5750.0 4450.0 -0.05895
5850.0 4450.0 -0.14236
5950.0 4450.0 -0.22483
6050.0 4450.0 -0.29121
6150.0 4450.0 -0.32462
6250.0 4450.0 -0.31382
6350.0 4450.0 -0.25743
50.0 4550.0 0.01903
150.0 4550.0 -0.12252
250.0 4550.0 -0.26000
350.0 4550.0 -0.37573
450.0 4550.0 -0.44886
550.0 4550.0 -0.46494
650.0 4550.0 -0.42154
750.0 4550.0 -0.33008
850.0 4550.0 -0.21384
950.0 4550.0 -0.10220
1050.0 4550.0 -0.02099
1150.0 4550.0 0.02095
1250.0 4550.0 0.04730
1350.0 4550.0 0.09520
1450.0 4550.0 0.17285
1550.0 4550.0 0.26658
1650.0 4550.0 0.35364
1750.0 4550.0 0.41190
1850.0 4550.0 0.42641
1950.0 4550.0 0.39284
2050.0 4550.0 0.31778
2150.0 4550.0 0.21598
2250.0 4550.0 0.10440
2350.0 4550.0 -0.00705
2450.0 4550.0 -0.13101
2550.0 4550.0 -0.27572
2650.0 4550.0 -0.42178
2750.0 4550.0 -0.53892
2850.0 4550.0 -0.60033
2950.0 4550.0 -0.59191
3050.0 4550.0 -0.51649
3150.0 4550.0 -0.39297
3250.0 4550.0 -0.25035
3350.0 4550.0 -0.11680
3450.0 4550.0 -0.00358
3550.0 4550.0 0.11219
3650.0 4550.0 0.25617
3750.0 4550.0 0.41740
3850.0 4550.0 0.56460
3950.0 4550.0 0.66420
4050.0 4550.0 0.69284
4150.0 4550.0 0.64429
4250.0 4550.0 0.53095
4350.0 4550.0 0.37980
4450.0 4550.0 0.22277
4550.0 4550.0 0.08173
4650.0 4550.0 -0.04687
4750.0 4550.0 -0.15398
4850.0 4550.0 -0.21835
4950.0 4550.0 -0.23071
5050.0 4550.0 -0.19371
5150.0 4550.0 -0.12044
5250.0 4550.0 -0.03164
5350.0 4550.0 0.04809
5450.0 4550.0 0.09544
5550.0 4550.0 0.09452
5650.0 4550.0 0.04426
5750.0 4550.0 -0.03373
5850.0 4550.0 -0.11957
5950.0 4550.0 -0.21138
6050.0 4550.0 -0.29527
6150.0 4550.0 -0.35317
6250.0 4550.0 -0.37105
6350.0 4550.0 -0.34391
50.0 4650.0 -0.04218
150.0 4650.0 -0.18370
250.0 4650.0 -0.32226
350.0 4650.0 -0.44067
450.0 4650.0 -0.51810
550.0 4650.0 -0.53969
650.0 4650.0 -0.50237
750.0 4650.0 -0.41679
850.0 4650.0 -0.30552
950.0 4650.0 -0.19738
1050.0 4650.0 -0.11801
1150.0 4650.0 -0.07654
1250.0 4650.0 -0.05017
1350.0 4650.0 -0.00245
1450.0 4650.0 0.07467
1550.0 4650.0 0.16752
1650.0 4650.0 0.25343
1750.0 4650.0 0.31044
1850.0 4650.0 0.32376
1950.0 4650.0 0.28921
2050.0 4650.0 0.21351
2150.0 4650.0 0.11144
2250.0 4650.0 -0.00009
2350.0 4650.0 -0.11129
2450.0 4650.0 -0.23323
2550.0 4650.0 -0.37126
2650.0 4650.0 -0.50503
2750.0 4650.0 -0.60499
2850.0 4650.0 -0.64617
2950.0 4650.0 -0.61695
3050.0 4650.0 -0.52271
3150.0 4650.0 -0.38449
3250.0 4650.0 -0.23262
3350.0 4650.0 -0.09523
3450.0 4650.0 0.01819
3550.0 4650.0 0.13241
3650.0 4650.0 0.26993
3750.0 4650.0 0.41774
3850.0 4650.0 0.54486
3950.0 4650.0 0.61966
4050.0 4650.0 0.62166
4150.0 4650.0 0.54792
4250.0 4650.0 0.41378
4350.0 4650.0 0.24830
4450.0 4650.0 0.08400
4550.0 4650.0 -0.05870
4650.0 4650.0 -0.18669
4750.0 4650.0 -0.28973
4850.0 4650.0 -0.34384
4950.0 4650.0 -0.33933
5050.0 4650.0 -0.28020
5150.0 4650.0 -0.18200
5250.0 4650.0 -0.06853
5350.0 4650.0 0.03268
5450.0 4650.0 0.09596
5550.0 4650.0 0.10429
5650.0 4650.0 0.05728
5750.0 4650.0 -0.02064
5850.0 4650.0 -0.10888
5950.0 4650.0 -0.20891
6050.0 4650.0 -0.30804
6150.0 4650.0 -0.38734
6250.0 4650.0 -0.43055
6350.0 4650.0 -0.42960
50.0 4750.0 -0.09252
150.0 4750.0 -0.23130
250.0 4750.0 -0.36922
350.0 4750.0 -0.49029
450.0 4750.0 -0.57396
550.0 4750.0 -0.60486
650.0 4750.0 -0.57875
750.0 4750.0 -0.50469
850.0 4750.0 -0.40360
950.0 4750.0 -0.30287
1050.0 4750.0 -0.22738
1150.0 4750.0 -0.18669
1250.0 4750.0 -0.15996
1350.0 4750.0 -0.11221
1450.0 4750.0 -0.03552
1550.0 4750.0 0.05667
1650.0 4750.0 0.14209
1750.0 4750.0 0.19913
1850.0 4750.0 0.21323
1950.0 4750.0 0.18028
2050.0 4750.0 0.10685
2150.0 4750.0 0.00745
2250.0 4750.0 -0.10129
2350.0 4750.0 -0.20968
2450.0 4750.0 -0.32608
2550.0 4750.0 -0.45183
2650.0 4750.0 -0.56607
2750.0 4750.0 -0.64128
2850.0 4750.0 -0.65585
2950.0 4750.0 -0.60181
3050.0 4750.0 -0.48772
3150.0 4750.0 -0.33673
3250.0 4750.0 -0.17976
3350.0 4750.0 -0.04391
3450.0 4750.0 0.06406
3550.0 4750.0 0.17063
3650.0 4750.0 0.29387
3750.0 4750.0 0.41888
3850.0 4750.0 0.51615
3950.0 4750.0 0.55750
4050.0 4750.0 0.52664
4150.0 4750.0 0.42453
4250.0 4750.0 0.26944
4350.0 4750.0 0.09176
4450.0 4750.0 -0.07650
4550.0 4750.0 -0.21739
4650.0 4750.0 -0.34135
4750.0 4750.0 -0.43627
4850.0 4750.0 -0.47525
4950.0 4750.0 -0.44867
5050.0 4750.0 -0.36257
5150.0 4750.0 -0.23567
5250.0 4750.0 -0.09518
5350.0 4750.0 0.02834
5450.0 4750.0 0.10716
5550.0 4750.0 0.12369
5650.0 4750.0 0.07868
5750.0 4750.0 -0.00027
5850.0 4750.0 -0.09223
5950.0 4750.0 -0.20222
6050.0 4750.0 -0.31858
6150.0 4750.0 -0.42123
6250.0 4750.0 -0.49129
6350.0 4750.0 -0.51744
50.0 4850.0 -0.12164
150.0 4850.0 -0.25273
250.0 4850.0 -0.38648
350.0 4850.0 -0.50918
450.0 4850.0 -0.60112
550.0 4850.0 -0.64629
650.0 4850.0 -0.63856
750.0 4850.0 -0.58424
850.0 4850.0 -0.50105
950.0 4850.0 -0.41357
1050.0 4850.0 -0.34502
1150.0 4850.0 -0.30550
1250.0 4850.0 -0.27779
1350.0 4850.0 -0.22977
1450.0 4850.0 -0.15373
1550.0 4850.0 -0.06244
1650.0 4850.0 0.02278
1750.0 4850.0 0.08116
1850.0 4850.0 0.09862
1950.0 4850.0 0.07102
2050.0 4850.0 0.00444
2150.0 4850.0 -0.08736
2250.0 4850.0 -0.18850
2350.0 4850.0 -0.28946
2450.0 4850.0 -0.39424
2550.0 4850.0 -0.49855
2650.0 4850.0 -0.58195
2750.0 4850.0 -0.62121
2850.0 4850.0 -0.60055
2950.0 4850.0 -0.51750
3050.0 4850.0 -0.38455
3150.0 4850.0 -0.22646
3250.0 4850.0 -0.07334
3350.0 4850.0 0.05066
3450.0 4850.0 0.14286
3550.0 4850.0 0.23097
3650.0 4850.0 0.32694
3750.0 4850.0 0.41457
3850.0 4850.0 0.46801
3950.0 4850.0 0.46489
4050.0 4850.0 0.39489
4150.0 4850.0 0.26347
4250.0 4850.0 0.09115
4350.0 4850.0 -0.09208
4450.0 4850.0 -0.25685
4550.0 4850.0 -0.38927
4650.0 4850.0 -0.50306
4750.0 4850.0 -0.58308
4850.0 4850.0 -0.59965
4950.0 4850.0 -0.54413
5050.0 4850.0 -0.42574
5150.0 4850.0 -0.26714
5250.0 4850.0 -0.09924
5350.0 4850.0 0.04474
5450.0 4850.0 0.13592
5550.0 4850.0 0.15723
5650.0 4850.0 0.11151
5750.0 4850.0 0.02946
5850.0 4850.0 -0.06836
5950.0 4850.0 -0.19057
6050.0 4850.0 -0.32615
6150.0 4850.0 -0.45335
6250.0 4850.0 -0.55032
6350.0 4850.0 -0.60232
50.0 4950.0 -0.12508
150.0 4950.0 -0.24304
250.0 4950.0 -0.36817
350.0 4950.0 -0.48999
450.0 4950.0 -0.59018
550.0 4950.0 -0.65220
650.0 4950.0 -0.66759
750.0 4950.0 -0.63893
850.0 4950.0 -0.57957
950.0 4950.0 -0.50994
1050.0 4950.0 -0.45073
1150.0 4950.0 -0.41257
1250.0 4950.0 -0.38321
1350.0 4950.0 -0.33488
1450.0 4950.0 -0.26027
1550.0 4950.0 -0.17109
1650.0 4950.0 -0.08699
1750.0 4950.0 -0.02725
1850.0 4950.0 -0.00508
1950.0 4950.0 -0.02454
2050.0 4950.0 -0.08025
2150.0 4950.0 -0.15970
2250.0 4950.0 -0.24828
2350.0 4950.0 -0.33686
2450.0 4950.0 -0.42388
2550.0 4950.0 -0.49833
2650.0 4950.0 -0.54145
2750.0 4950.0 -0.53662
2850.0 4950.0 -0.47608
2950.0 4950.0 -0.36431
3050.0 4950.0 -0.21793
3150.0 4950.0 -0.06236
3250.0 4950.0 0.07505
3350.0 4950.0 0.17508
3450.0 4950.0 0.24028
3550.0 4950.0 0.29860
3650.0 4950.0 0.35501
3750.0 4950.0 0.39331
3850.0 4950.0 0.39354
3950.0 4950.0 0.34122
4050.0 4950.0 0.23301
4150.0 4950.0 0.07862
4250.0 4950.0 -0.10081
4350.0 4950.0 -0.27815
4450.0 4950.0 -0.42919
4550.0 4950.0 -0.54537
4650.0 4950.0 -0.64245
4750.0 4950.0 -0.70117
4850.0 4950.0 -0.68985
4950.0 4950.0 -0.60195
5050.0 4950.0 -0.45072
5150.0 4950.0 -0.26309
5250.0 4950.0 -0.07323
5350.0 4950.0 0.08409
5450.0 4950.0 0.18037
5550.0 4950.0 0.20055
5650.0 4950.0 0.15039
5750.0 4950.0 0.06297
5850.0 4950.0 -0.04262
5950.0 4950.0 -0.17813
6050.0 4950.0 -0.33254
6150.0 4950.0 -0.48201
6250.0 4950.0 -0.60168
6350.0 4950.0 -0.67378
50.0 5050.0 -0.10429
150.0 5050.0 -0.20460
250.0 5050.0 -0.31676
350.0 5050.0 -0.43393
450.0 5050.0 -0.53968
550.0 5050.0 -0.61729
650.0 5050.0 -0.65596
750.0 5050.0 -0.65428
850.0 5050.0 -0.62057
950.0 5050.0 -0.57046
1050.0 5050.0 -0.52144
1150.0 5050.0 -0.48449
1250.0 5050.0 -0.45296
1350.0 5050.0 -0.40452
1450.0 5050.0 -0.33267
1550.0 5050.0 -0.24769
1650.0 5050.0 -0.16697
1750.0 5050.0 -0.10759
1850.0 5050.0 -0.08132
1950.0 5050.0 -0.09188
2050.0 5050.0 -0.13462
2150.0 5050.0 -0.19857
2250.0 5050.0 -0.27081
2350.0 5050.0 -0.34305
2450.0 5050.0 -0.40784
2550.0 5050.0 -0.44743
2650.0 5050.0 -0.44599
2750.0 5050.0 -0.39520
2850.0 5050.0 -0.29666
2950.0 5050.0 -0.16225
3050.0 5050.0 -0.01220
3150.0 5050.0 0.12888
3250.0 5050.0 0.23825
3350.0 5050.0 0.30331
3450.0 5050.0 0.33222
3550.0 5050.0 0.35201
3650.0 5050.0 0.36102
3750.0 5050.0 0.34487
3850.0 5050.0 0.29124
3950.0 5050.0 0.19453
4050.0 5050.0 0.05824
4150.0 5050.0 -0.10504
4250.0 5050.0 -0.27595
4350.0 5050.0 -0.43294
4450.0 5050.0 -0.55927
4550.0 5050.0 -0.65223
4650.0 5050.0 -0.72742
4750.0 5050.0 -0.76076
4850.0 5050.0 -0.71999
4950.0 5050.0 -0.60170
5050.0 5050.0 -0.42354
5150.0 5050.0 -0.21621
5250.0 5050.0 -0.01593
5350.0 5050.0 0.14273
5450.0 5050.0 0.23359
5550.0 5050.0 0.24516
5650.0 5050.0 0.18655
5750.0 5050.0 0.09188
5850.0 5050.0 -0.02257
5950.0 5050.0 -0.17058
6050.0 5050.0 -0.34040
6150.0 5050.0 -0.50595
6250.0 5050.0 -0.63976
6350.0 5050.0 -0.72197
50.0 5150.0 -0.06587
150.0 5150.0 -0.14591
250.0 5150.0 -0.24171
350.0 5150.0 -0.34995
450.0 5150.0 -0.45640
550.0 5150.0 -0.54462
650.0 5150.0 -0.60201
750.0 5150.0 -0.62353
850.0 5150.0 -0.61274
950.0 5150.0 -0.58042
1050.0 5150.0 -0.54067
1150.0 5150.0 -0.50449
1250.0 5150.0 -0.47052
1350.0 5150.0 -0.42241
1450.0 5150.0 -0.35490
1550.0 5150.0 -0.27671
1650.0 5150.0 -0.20252
1750.0 5150.0 -0.14663
1850.0 5150.0 -0.11879
1950.0 5150.0 -0.12196
2050.0 5150.0 -0.15202
2150.0 5150.0 -0.19959
2250.0 5150.0 -0.25376
2350.0 5150.0 -0.30755
2450.0 5150.0 -0.34831
2550.0 5150.0 -0.35256
2650.0 5150.0 -0.30850
2750.0 5150.0 -0.21678
2850.0 5150.0 -0.08845
2950.0 5150.0 0.05782
3050.0 5150.0 0.19939
3150.0 5150.0 0.31404
3250.0 5150.0 0.38515
3350.0 5150.0 0.40769
3450.0 5150.0 0.39502
3550.0 5150.0 0.37196
3650.0 5150.0 0.33198
3750.0 5150.0 0.26438
3850.0 5150.0 0.16535
3950.0 5150.0 0.03792
4050.0 5150.0 -0.10895
4150.0 5150.0 -0.26202
4250.0 5150.0 -0.40633
4350.0 5150.0 -0.52844
4450.0 5150.0 -0.62060
4550.0 5150.0 -0.68565
4650.0 5150.0 -0.73622
4750.0 5150.0 -0.74334
4850.0 5150.0 -0.67594
4950.0 5150.0 -0.53449
5050.0 5150.0 -0.34070
5150.0 5150.0 -0.12793
5250.0 5150.0 0.06736
5350.0 5150.0 0.21286
5450.0 5150.0 0.28662
5550.0 5150.0 0.28200
5650.0 5150.0 0.21152
5750.0 5150.0 0.10850
5850.0 5150.0 -0.01478
5950.0 5150.0 -0.17277
6050.0 5150.0 -0.35219
6150.0 5150.0 -0.52486
6250.0 5150.0 -0.66154
6350.0 5150.0 -0.74157
50.0 5250.0 -0.02013
150.0 5250.0 -0.07968
250.0 5250.0 -0.15745
350.0 5250.0 -0.25297
450.0 5250.0 -0.35424
550.0 5250.0 -0.44562
650.0 5250.0 -0.51360
750.0 5250.0 -0.55052
850.0 5250.0 -0.55608
950.0 5250.0 -0.53694
1050.0 5250.0 -0.50404
1150.0 5250.0 -0.46798
1250.0 5250.0 -0.43161
1350.0 5250.0 -0.38439
1450.0 5250.0 -0.32269
1550.0 5250.0 -0.25379
1650.0 5250.0 -0.18944
1750.0 5250.0 -0.14082
1850.0 5250.0 -0.11523
1950.0 5250.0 -0.11437
2050.0 5250.0 -0.13430
2150.0 5250.0 -0.16703
2250.0 5250.0 -0.20375
2350.0 5250.0 -0.23923
2450.0 5250.0 -0.25714
2550.0 5250.0 -0.23009
2650.0 5250.0 -0.15092
2750.0 5250.0 -0.02881
2850.0 5250.0 0.11683
2950.0 5250.0 0.26205
3050.0 5250.0 0.38340
3150.0 5250.0 0.46237
3250.0 5250.0 0.48933
3350.0 5250.0 0.46683
3450.0 5250.0 0.41231
3550.0 5250.0 0.34739
3650.0 5250.0 0.26319
3750.0 5250.0 0.15431
3850.0 5250.0 0.02529
3950.0 5250.0 -0.11371
4050.0 5250.0 -0.25046
4150.0 5250.0 -0.37365
4250.0 5250.0 -0.47500
4350.0 5250.0 -0.55087
4450.0 5250.0 -0.60300
4550.0 5250.0 -0.63868
4650.0 5250.0 -0.66493
4750.0 5250.0 -0.64830
4850.0 5250.0 -0.56069
4950.0 5250.0 -0.40669
5050.0 5250.0 -0.21129
5150.0 5250.0 -0.00888
5250.0 5250.0 0.16571
5350.0 5250.0 0.28436
5450.0 5250.0 0.33082
5550.0 5250.0 0.30407
5650.0 5250.0 0.21963
5750.0 5250.0 0.10816
5850.0 5250.0 -0.02289
5950.0 5250.0 -0.18717
6050.0 5250.0 -0.36938
6150.0 5250.0 -0.53958
6250.0 5250.0 -0.66778
6350.0 5250.0 -0.73386
50.0 5350.0 0.02083
150.0 5350.0 -0.02050
250.0 5350.0 -0.08070
350.0 5350.0 -0.16110
450.0 5350.0 -0.25169
550.0 5350.0 -0.33813
650.0 5350.0 -0.40699
750.0 5350.0 -0.44933
850.0 5350.0 -0.46247
950.0 5350.0 -0.45013
1050.0 5350.0 -0.42073
1150.0 5350.0 -0.38409
1250.0 5350.0 -0.34568
1350.0 5350.0 -0.29989
1450.0 5350.0 -0.24501
1550.0 5350.0 -0.18718
1650.0 5350.0 -0.13536
1750.0 5350.0 -0.09755
1850.0 5350.0 -0.07835
1950.0 5350.0 -0.07786
2050.0 5350.0 -0.09186
2150.0 5350.0 -0.11334
2250.0 5350.0 -0.13541
2350.0 5350.0 -0.15496
2450.0 5350.0 -0.15388
2550.0 5350.0 -0.10310
2650.0 5350.0 -0.00007
2750.0 5350.0 0.13888
2850.0 5350.0 0.28809
2950.0 5350.0 0.42036
3050.0 5350.0 0.51300
3150.0 5350.0 0.55203
3250.0 5350.0 0.53473
3350.0 5350.0 0.47029
3450.0 5350.0 0.37876
3550.0 5350.0 0.27802
3650.0 5350.0 0.15960
3750.0 5350.0 0.02433
3850.0 5350.0 -0.11611
3950.0 5350.0 -0.24665
4050.0 5350.0 -0.35443
4150.0 5350.0 -0.43223
4250.0 5350.0 -0.47997
4350.0 5350.0 -0.50418
4450.0 5350.0 -0.51546
4550.0 5350.0 -0.52390
4650.0 5350.0 -0.52905
4750.0 5350.0 -0.49389
4850.0 5350.0 -0.39452
4950.0 5350.0 -0.23945
5050.0 5350.0 -0.05572
5150.0 5350.0 0.12279
5250.0 5350.0 0.26451
5350.0 5350.0 0.34675
5450.0 5350.0 0.35971
5550.0 5350.0 0.30795
5650.0 5350.0 0.20928
5750.0 5350.0 0.09030
5850.0 5350.0 -0.04667
5950.0 5350.0 -0.21333
6050.0 5350.0 -0.39215
6150.0 5350.0 -0.55197
6250.0 5350.0 -0.66298
6350.0 5350.0 -0.70675
50.0 5450.0 0.04558
150.0 5450.0 0.01816
250.0 5450.0 -0.02700
350.0 5450.0 -0.09188
450.0 5450.0 -0.16799
550.0 5450.0 -0.24256
650.0 5450.0 -0.30317
750.0 5450.0 -0.34103
850.0 5450.0 -0.35268
950.0 5450.0 -0.34039
1050.0 5450.0 -0.31097
1150.0 5450.0 -0.27319
1250.0 5450.0 -0.23330
1350.0 5450.0 -0.18932
1450.0 5450.0 -0.14159
1550.0 5450.0 -0.09547
1650.0 5450.0 -0.05757
1750.0 5450.0 -0.03302
1850.0 5450.0 -0.02380
1950.0 5450.0 -0.02815
2050.0 5450.0 -0.04112
2150.0 5450.0 -0.05623
2250.0 5450.0 -0.06811
2350.0 5450.0 -0.07584
2450.0 5450.0 -0.06155
2550.0 5450.0 0.00348
2650.0 5450.0 0.11780
2750.0 5450.0 0.26011
2850.0 5450.0 0.40102
2950.0 5450.0 0.51222
3050.0 5450.0 0.57297
3150.0 5450.0 0.57391
3250.0 5450.0 0.51822
3350.0 5450.0 0.42008
3450.0 5450.0 0.30056
3550.0 5450.0 0.17386
3650.0 5450.0 0.03433
3750.0 5450.0 -0.11099
3850.0 5450.0 -0.24521
3950.0 5450.0 -0.35102
4050.0 5450.0 -0.41720
4150.0 5450.0 -0.44203
4250.0 5450.0 -0.43381
4350.0 5450.0 -0.40833
4450.0 5450.0 -0.38332
4550.0 5450.0 -0.36993
4650.0 5450.0 -0.35950
4750.0 5450.0 -0.31263
4850.0 5450.0 -0.21013
4950.0 5450.0 -0.06368
5050.0 5450.0 0.09887
5150.0 5450.0 0.24542
5250.0 5450.0 0.34854
5350.0 5450.0 0.39130
5450.0 5450.0 0.37008
5550.0 5450.0 0.29429
5650.0 5450.0 0.18306
5750.0 5450.0 0.05837
5850.0 5450.0 -0.08226
5950.0 5450.0 -0.24805
6050.0 5450.0 -0.41938
6150.0 5450.0 -0.56446
6250.0 5450.0 -0.65437
6350.0 5450.0 -0.67289
50.0 5550.0 0.04640
150.0 5550.0 0.02752
250.0 5550.0 -0.00664
350.0 5550.0 -0.05760
450.0 5550.0 -0.11781
550.0 5550.0 -0.17611
650.0 5550.0 -0.22176
750.0 5550.0 -0.24727
850.0 5550.0 -0.24992
950.0 5550.0 -0.23195
1050.0 5550.0 -0.19951
1150.0 5550.0 -0.16026
1250.0 5550.0 -0.11957
1350.0 5550.0 -0.07759
1450.0 5550.0 -0.03657
1550.0 5550.0 -0.00155
1650.0 5550.0 0.02253
1750.0 5550.0 0.03288
1850.0 5550.0 0.02985
1950.0 5550.0 0.01704
2050.0 5550.0 0.00044
2150.0 5550.0 -0.01341
2250.0 5550.0 -0.02023
2350.0 5550.0 -0.02112
2450.0 5550.0 -0.00005
2550.0 5550.0 0.06983
2650.0 5550.0 0.18417
2750.0 5550.0 0.31910
2850.0 5550.0 0.44401
2950.0 5550.0 0.53128
3050.0 5550.0 0.56273
3150.0 5550.0 0.53293
3250.0 5550.0 0.44928
3350.0 5550.0 0.32896
3450.0 5550.0 0.19262
3550.0 5550.0 0.05155
3650.0 5550.0 -0.09564
3750.0 5550.0 -0.23657
3850.0 5550.0 -0.35144
3950.0 5550.0 -0.42309
4050.0 5550.0 -0.44355
4150.0 5550.0 -0.41695
4250.0 5550.0 -0.35893
4350.0 5550.0 -0.29244
4450.0 5550.0 -0.23995
4550.0 5550.0 -0.21214
4650.0 5550.0 -0.19273
4750.0 5550.0 -0.14117
4850.0 5550.0 -0.04259
4950.0 5550.0 0.08920
5050.0 5550.0 0.22661
5150.0 5550.0 0.34000
5250.0 5550.0 0.40614
5350.0 5550.0 0.41322
5450.0 5550.0 0.36260
5550.0 5550.0 0.26723
5650.0 5550.0 0.14669
5750.0 5550.0 0.01851
5850.0 5550.0 -0.12360
5950.0 5550.0 -0.28654
6050.0 5550.0 -0.44912
6150.0 5550.0 -0.57941
6250.0 5550.0 -0.64964
6350.0 5550.0 -0.64578
50.0 5650.0 0.02291
150.0 5650.0 0.00755
250.0 5650.0 -0.01986
350.0 5650.0 -0.05962
450.0 5650.0 -0.10460
550.0 5650.0 -0.14509
650.0 5650.0 -0.17234
750.0 5650.0 -0.18093
850.0 5650.0 -0.16989
950.0 5650.0 -0.14254
1050.0 5650.0 -0.10515
1150.0 5650.0 -0.06433
1250.0 5650.0 -0.02343
1350.0 5650.0 0.01657
1450.0 5650.0 0.05176
1550.0 5650.0 0.07703
1650.0 5650.0 0.08852
1750.0 5650.0 0.08508
1850.0 5650.0 0.06897
1950.0 5650.0 0.04551
2050.0 5650.0 0.02191
2150.0 5650.0 0.00513
2250.0 5650.0 -0.00110
2350.0 5650.0 0.00034
2450.0 5650.0 0.02269
2550.0 5650.0 0.09016
2650.0 5650.0 0.19672
2750.0 5650.0 0.31797
2850.0 5650.0 0.42401
2950.0 5650.0 0.48904
3050.0 5650.0 0.49747
3150.0 5650.0 0.44673
3250.0 5650.0 0.34664
3350.0 5650.0 0.21550
3450.0 5650.0 0.07268
3550.0 5650.0 -0.07252
3650.0 5650.0 -0.21664
3750.0 5650.0 -0.34337
3850.0 5650.0 -0.43201
3950.0 5650.0 -0.46727
4050.0 5650.0 -0.44516
4150.0 5650.0 -0.37510
4250.0 5650.0 -0.27835
4350.0 5650.0 -0.18258
4450.0 5650.0 -0.11264
4550.0 5650.0 -0.07766
4650.0 5650.0 -0.05525
4750.0 5650.0 -0.00457
4850.0 5650.0 0.08579
4950.0 5650.0 0.20093
5050.0 5650.0 0.31424
5150.0 5650.0 0.39868
5250.0 5650.0 0.43456
5350.0 5650.0 0.41398
5450.0 5650.0 0.34173
5550.0 5650.0 0.23285
5650.0 5650.0 0.10664
5750.0 5650.0 -0.02293
5850.0 5650.0 -0.16490
5950.0 5650.0 -0.32440
6050.0 5650.0 -0.47934
6150.0 5650.0 -0.59799
6250.0 5650.0 -0.65365
6350.0 5650.0 -0.63397
50.0 5750.0 -0.01441
150.0 5750.0 -0.02890
250.0 5750.0 -0.05200
350.0 5750.0 -0.08245
450.0 5750.0 -0.11327
550.0 5750.0 -0.13602
650.0 5750.0 -0.14402
750.0 5750.0 -0.13420
850.0 5750.0 -0.10776
950.0 5750.0 -0.06960
1050.0 5750.0 -0.02651
1150.0 5750.0 0.01588
1250.0 5750.0 0.05669
1350.0 5750.0 0.09480
1450.0 5750.0 0.12483
1550.0 5750.0 0.14141
1650.0 5750.0 0.14135
1750.0 5750.0 0.12483
1850.0 5750.0 0.09571
1950.0 5750.0 0.06089
2050.0 5750.0 0.02885
2150.0 5750.0 0.00718
2250.0 5750.0 -0.00071
2350.0 5750.0 0.00075
2450.0 5750.0 0.02167
2550.0 5750.0 0.08341
2650.0 5750.0 0.17896
2750.0 5750.0 0.28440
2850.0 5750.0 0.37147
2950.0 5750.0 0.41659
3050.0 5750.0 0.40661
3150.0 5750.0 0.34109
3250.0 5750.0 0.23127
3350.0 5750.0 0.09556
3450.0 5750.0 -0.04827
3550.0 5750.0 -0.19232
3650.0 5750.0 -0.32831
3750.0 5750.0 -0.43684
3850.0 5750.0 -0.49745
3950.0 5750.0 -0.49741
4050.0 5750.0 -0.43682
4150.0 5750.0 -0.32982
4250.0 5750.0 -0.20212
4350.0 5750.0 -0.08458
4450.0 5750.0 -0.00317
4550.0 5750.0 0.03497
4650.0 5750.0 0.05729
4750.0 5750.0 0.10442
4850.0 5750.0 0.18503
4950.0 5750.0 0.28372
5050.0 5750.0 0.37516
5150.0 5750.0 0.43474
5250.0 5750.0 0.44581
5350.0 5750.0 0.40348
5450.0 5750.0 0.31497
5550.0 5750.0 0.19653
5650.0 5750.0 0.06690
5750.0 5750.0 -0.06289
5850.0 5750.0 -0.20392
5950.0 5750.0 -0.36008
6050.0 5750.0 -0.50879
6150.0 5750.0 -0.61861
6250.0 5750.0 -0.66380
6350.0 5750.0 -0.63322
50.0 5850.0 -0.06246
150.0 5850.0 -0.07787
250.0 5850.0 -0.09815
350.0 5850.0 -0.12012
450.0 5850.0 -0.13657
550.0 5850.0 -0.14027
650.0 5850.0 -0.12669
750.0 5850.0 -0.09544
850.0 5850.0 -0.05040
950.0 5850.0 0.00139
1050.0 5850.0 0.05218
1150.0 5850.0 0.09724
1250.0 5850.0 0.13870
1350.0 5850.0 0.17573
1450.0 5850.0 0.20152
1550.0 5850.0 0.21041
1650.0 5850.0 0.19985
1750.0 5850.0 0.17122
1850.0 5850.0 0.12992
1950.0 5850.0 0.08444
2050.0 5850.0 0.04451
2150.0 5850.0 0.01838
2250.0 5850.0 0.00920
2350.0 5850.0 0.01101
2450.0 5850.0 0.03007
2550.0 5850.0 0.08380
2650.0 5850.0 0.16410
2750.0 5850.0 0.24818
2850.0 5850.0 0.31036
2950.0 5850.0 0.33032
3050.0 5850.0 0.29818
3150.0 5850.0 0.21616
3250.0 5850.0 0.09698
3350.0 5850.0 -0.04118
3450.0 5850.0 -0.18291
3550.0 5850.0 -0.32226
3650.0 5850.0 -0.44565
3750.0 5850.0 -0.53075
3850.0 5850.0 -0.55805
3950.0 5850.0 -0.51829
4050.0 5850.0 -0.41637
4150.0 5850.0 -0.27148
4250.0 5850.0 -0.11360
4350.0 5850.0 0.02369
4450.0 5850.0 0.11402
4550.0 5850.0 0.15284
4650.0 5850.0 0.17268
4750.0 5850.0 0.21339
4850.0 5850.0 0.28093
4950.0 5850.0 0.36004
5050.0 5850.0 0.42741
5150.0 5850.0 0.46148
5250.0 5850.0 0.44883
5350.0 5850.0 0.38742
5450.0 5850.0 0.28632
5550.0 5850.0 0.16224
5650.0 5850.0 0.03273
5750.0 5850.0 -0.09415
5850.0 5850.0 -0.23123
5950.0 5850.0 -0.38157
6050.0 5850.0 -0.52264
6150.0 5850.0 -0.62386
6250.0 5850.0 -0.66052
6350.0 5850.0 -0.62257
50.0 5950.0 -0.12843
150.0 5950.0 -0.14896
250.0 5950.0 -0.17026
350.0 5950.0 -0.18652
450.0 5950.0 -0.18955
550.0 5950.0 -0.17281
650.0 5950.0 -0.13395
750.0 5950.0 -0.07581
850.0 5950.0 -0.00596
950.0 5950.0 0.06525
1050.0 5950.0 0.12812
1150.0 5950.0 0.17854
1250.0 5950.0 0.22261
1350.0 5950.0 0.26068
1450.0 5950.0 0.28461
1550.0 5950.0 0.28842
1650.0 5950.0 0.27003
1750.0 5950.0 0.23191
1850.0 5950.0 0.18089
1950.0 5950.0 0.12692
2050.0 5950.0 0.08097
2150.0 5950.0 0.05200
2250.0 5950.0 0.04297
2350.0 5950.0 0.04646
2450.0 5950.0 0.06333
2550.0 5950.0 0.10471
2650.0 5950.0 0.16118
2750.0 5950.0 0.21242
2850.0 5950.0 0.23736
2950.0 5950.0 0.22117
3050.0 5950.0 0.15908
3150.0 5950.0 0.05710
3250.0 5950.0 -0.07034
3350.0 5950.0 -0.20602
3450.0 5950.0 -0.33853
3550.0 5950.0 -0.46519
3650.0 5950.0 -0.56626
3750.0 5950.0 -0.61702
3850.0 5950.0 -0.60058
3950.0 5950.0 -0.51308
4050.0 5950.0 -0.36560
4150.0 5950.0 -0.18281
4250.0 5950.0 0.00155
4350.0 5950.0 0.15259
4450.0 5950.0 0.24527
4550.0 5950.0 0.27883
4650.0 5950.0 0.29061
4750.0 5950.0 0.31817
4850.0 5950.0 0.36492
4950.0 5950.0 0.41724
5050.0 5950.0 0.45572
5150.0 5950.0 0.46323
5250.0 5950.0 0.43014
5350.0 5950.0 0.35669
5450.0 5950.0 0.25240
5550.0 5950.0 0.13262
5650.0 5950.0 0.01221
5750.0 5950.0 -0.10380
5850.0 5950.0 -0.22923
5950.0 5950.0 -0.36715
6050.0 5950.0 -0.49656
6150.0 5950.0 -0.58886
6250.0 5950.0 -0.62099
6350.0 5950.0 -0.58349
50.0 6050.0 -0.20354
150.0 6050.0 -0.23440
250.0 6050.0 -0.26229
350.0 6050.0 -0.27814
450.0 6050.0 -0.27184
550.0 6050.0 -0.23673
650.0 6050.0 -0.17220
750.0 6050.0 -0.08450
850.0 6050.0 0.01440
950.0 6050.0 0.10973
1050.0 6050.0 0.18878
1150.0 6050.0 0.24750
1250.0 6050.0 0.29657
1350.0 6050.0 0.33831
1450.0 6050.0 0.36348
1550.0 6050.0 0.36570
1650.0 6050.0 0.34319
1750.0 6050.0 0.29931
1850.0 6050.0 0.24205
1950.0 6050.0 0.18268
2050.0 6050.0 0.13333
2150.0 6050.0 0.10367
2250.0 6050.0 0.09661
2350.0 6050.0 0.10341
2450.0 6050.0 0.11820
2550.0 6050.0 0.14374
2650.0 6050.0 0.16930
2750.0 6050.0 0.17847
2850.0 6050.0 0.15683
2950.0 6050.0 0.09700
3050.0 6050.0 0.00084
3150.0 6050.0 -0.12106
3250.0 6050.0 -0.25270
3350.0 6050.0 -0.37871
3450.0 6050.0 -0.49317
3550.0 6050.0 -0.59777
3650.0 6050.0 -0.66644
3750.0 6050.0 -0.67327
3850.0 6050.0 -0.60604
3950.0 6050.0 -0.46802
4050.0 6050.0 -0.27736
4150.0 6050.0 -0.06386
4250.0 6050.0 0.13654
4350.0 6050.0 0.28988
4450.0 6050.0 0.37477
4550.0 6050.0 0.39533
4650.0 6050.0 0.39232
4750.0 6050.0 0.39906
4850.0 6050.0 0.41687
4950.0 6050.0 0.43569
5050.0 6050.0 0.44209
5150.0 6050.0 0.42478
5250.0 6050.0 0.37819
5350.0 6050.0 0.30384
5450.0 6050.0 0.20969
5550.0 6050.0 0.10737
5650.0 6050.0 0.00736
5750.0 6050.0 -0.08813
5850.0 6050.0 -0.19260
5950.0 6050.0 -0.31005
6050.0 6050.0 -0.42274
6150.0 6050.0 -0.50558
6250.0 6050.0 -0.53774
6350.0 6050.0 -0.50988
50.0 6150.0 -0.27104
150.0 6150.0 -0.31704
250.0 6150.0 -0.35751
350.0 6150.0 -0.38008
450.0 6150.0 -0.37182
550.0 6150.0 -0.32485
650.0 6150.0 -0.23941
750.0 6150.0 -0.12468
850.0 6150.0 0.00291
950.0 6150.0 0.12366
1050.0 6150.0 0.22098
1150.0 6150.0 0.29020
1250.0 6150.0 0.34636
1350.0 6150.0 0.39421
1450.0 6150.0 0.42360
1550.0 6150.0 0.42776
1650.0 6150.0 0.40503
1750.0 6150.0 0.35933
1850.0 6150.0 0.29960
1950.0 6150.0 0.23815
2050.0 6150.0 0.18816
2150.0 6150.0 0.15999
2250.0 6150.0 0.15659
2350.0 6150.0 0.16815
2450.0 6150.0 0.18156
2550.0 6150.0 0.19035
2650.0 6150.0 0.18292
2750.0 6150.0 0.14773
2850.0 6150.0 0.07823
2950.0 6150.0 -0.02460
3050.0 6150.0 -0.15179
3150.0 6150.0 -0.28831
3250.0 6150.0 -0.41713
3350.0 6150.0 -0.52560
3450.0 6150.0 -0.61397
3550.0 6150.0 -0.68859
3650.0 6150.0 -0.71802
3750.0 6150.0 -0.67698
3850.0 6150.0 -0.55964
3950.0 6150.0 -0.37734
4050.0 6150.0 -0.15500
4150.0 6150.0 0.07387
4250.0 6150.0 0.27355
4350.0 6150.0 0.41387
4450.0 6150.0 0.47924
4550.0 6150.0 0.47924
4650.0 6150.0 0.45555
4750.0 6150.0 0.43525
4850.0 6150.0 0.41841
4950.0 6150.0 0.40031
5050.0 6150.0 0.37512
5150.0 6150.0 0.33831
5250.0 6150.0 0.28810
5350.0 6150.0 0.22597
5450.0 6150.0 0.15619
5550.0 6150.0 0.08440
5650.0 6150.0 0.01525
5750.0 6150.0 -0.05114
5850.0 6150.0 -0.12637
5950.0 6150.0 -0.21614
6050.0 6150.0 -0.30747
6150.0 6150.0 -0.38010
6250.0 6150.0 -0.41600
6350.0 6150.0 -0.40561
50.0 6250.0 -0.31436
150.0 6250.0 -0.37879
250.0 6250.0 -0.43706
350.0 6250.0 -0.47389
450.0 6250.0 -0.47299
550.0 6250.0 -0.42412
650.0 6250.0 -0.32711
750.0 6250.0 -0.19300
850.0 6250.0 -0.04198
950.0 6250.0 0.10145
1050.0 6250.0 0.21653
1150.0 6250.0 0.29713
1250.0 6250.0 0.36174
1350.0 6250.0 0.41738
1450.0 6250.0 0.45324
1550.0 6250.0 0.46215
1650.0 6250.0 0.44241
1750.0 6250.0 0.39827
1850.0 6250.0 0.33928
1950.0 6250.0 0.27862
2050.0 6250.0 0.23029
2150.0 6250.0 0.20532
2250.0 6250.0 0.20678
2350.0 6250.0 0.22407
2450.0 6250.0 0.23728
2550.0 6250.0 0.23147
2650.0 6250.0 0.19479
2750.0 6250.0 0.12101
2850.0 6250.0 0.01142
2950.0 6250.0 -0.12503
3050.0 6250.0 -0.27311
3150.0 6250.0 -0.41434
3250.0 6250.0 -0.53166
3350.0 6250.0 -0.61565
3450.0 6250.0 -0.67247
3550.0 6250.0 -0.71248
3650.0 6250.0 -0.70086
3750.0 6250.0 -0.61502
3850.0 6250.0 -0.45653
3950.0 6250.0 -0.24461
4050.0 6250.0 -0.00957
4150.0 6250.0 0.21377
4250.0 6250.0 0.39278
4350.0 6250.0 0.50377
4450.0 6250.0 0.53878
4550.0 6250.0 0.51248
4650.0 6250.0 0.46437
4750.0 6250.0 0.41374
4850.0 6250.0 0.36046
4950.0 6250.0 0.30633
5050.0 6250.0 0.25397
5150.0 6250.0 0.20569
5250.0 6250.0 0.16280
5350.0 6250.0 0.12533
5450.0 6250.0 0.09205
5550.0 6250.0 0.06093
5650.0 6250.0 0.02998
5750.0 6250.0 -0.00179
5850.0 6250.0 -0.04244
5950.0 6250.0 -0.09979
6050.0 6250.0 -0.16656
6150.0 6250.0 -0.22816
6250.0 6250.0 -0.26982
6350.0 6250.0 -0.28150
50.0 6350.0 -0.32257
150.0 6350.0 -0.40658
250.0 6350.0 -0.48594
350.0 6350.0 -0.54339
450.0 6350.0 -0.55906
550.0 6350.0 -0.51943
650.0 6350.0 -0.42264
750.0 6350.0 -0.28011
850.0 6350.0 -0.11459
950.0 6350.0 0.04550
1050.0 6350.0 0.17538
1150.0 6350.0 0.26682
1250.0 6350.0 0.34019
1350.0 6350.0 0.40420
1450.0 6350.0 0.44757
1550.0 6350.0 0.46273
1650.0 6350.0 0.44785
1750.0 6350.0 0.40731
1850.0 6350.0 0.35111
1950.0 6350.0 0.29301
2050.0 6350.0 0.24773
2150.0 6350.0 0.22684
2250.0 6350.0 0.23364
2350.0 6350.0 0.25692
2450.0 6350.0 0.27135
2550.0 6350.0 0.25556
2650.0 6350.0 0.19825
2750.0 6350.0 0.09824
2850.0 6350.0 -0.03652
2950.0 6350.0 -0.19078
3050.0 6350.0 -0.34488
3150.0 6350.0 -0.47860
3250.0 6350.0 -0.57593
3350.0 6350.0 -0.63093
3450.0 6350.0 -0.65444
3550.0 6350.0 -0.65943
3650.0 6350.0 -0.61021
3750.0 6350.0 -0.48879
3850.0 6350.0 -0.30425
3950.0 6350.0 -0.08242
4050.0 6350.0 0.14322
4150.0 6350.0 0.33924
4250.0 6350.0 0.47879
4350.0 6350.0 0.54677
4450.0 6350.0 0.54372
4550.0 6350.0 0.48840
4650.0 6350.0 0.41506
4750.0 6350.0 0.33437
4850.0 6350.0 0.24703
4950.0 6350.0 0.16179
5050.0 6350.0 0.08952
5150.0 6350.0 0.03870
5250.0 6350.0 0.01275
5350.0 6350.0 0.00903
5450.0 6350.0 0.01970
5550.0 6350.0 0.03434
5650.0 6350.0 0.04430
5750.0 6350.0 0.04855
5850.0 6350.0 0.04379
5950.0 6350.0 0.02018
6050.0 6350.0 -0.02092
6150.0 6350.0 -0.07081
6250.0 6350.0 -0.11812
6350.0 6350.0 -0.15237
