50.0 50.0 0.00000
150.0 50.0 0.86700
250.0 50.0 1.51376
350.0 50.0 1.55911
450.0 50.0 1.00330
550.0 50.0 0.32345
650.0 50.0 0.00301
750.0 50.0 -0.13141
850.0 50.0 -0.13362
950.0 50.0 -0.01881
1050.0 50.0 0.10519
1150.0 50.0 0.12356
1250.0 50.0 0.00565
1350.0 50.0 -0.09633
1450.0 50.0 0.00330
1550.0 50.0 0.21847
1650.0 50.0 0.35431
1750.0 50.0 0.27966
1850.0 50.0 0.01668
1950.0 50.0 -0.34723
2050.0 50.0 -0.81899
2150.0 50.0 -1.09682
2250.0 50.0 -0.95475
2350.0 50.0 -0.50014
2450.0 50.0 -0.03070
2550.0 50.0 0.41750
2650.0 50.0 0.85054
2750.0 50.0 1.00744
2850.0 50.0 0.77408
2950.0 50.0 0.34523
3050.0 50.0 0.02197
3150.0 50.0 -0.23848
3250.0 50.0 -0.50994
3350.0 50.0 -0.62856
3450.0 50.0 -0.50444
3550.0 50.0 -0.23977
3650.0 50.0 -0.01901
3750.0 50.0 0.03012
3850.0 50.0 -0.42429
3950.0 50.0 -1.06468
4050.0 50.0 -1.32556
4150.0 50.0 -0.94649
4250.0 50.0 -0.11654
4350.0 50.0 0.77611
4450.0 50.0 1.36318
4550.0 50.0 1.32761
4650.0 50.0 0.75329
4750.0 50.0 0.14578
4850.0 50.0 -0.01016
4950.0 50.0 0.02319
5050.0 50.0 -0.12801
5150.0 50.0 -0.36214
5250.0 50.0 -0.47182
5350.0 50.0 -0.35022
5450.0 50.0 -0.05450
5550.0 50.0 0.25886
5650.0 50.0 0.40984
5750.0 50.0 0.32364
5850.0 50.0 0.09541
5950.0 50.0 -0.07028
6050.0 50.0 -0.02535
6150.0 50.0 0.07236
6250.0 50.0 -0.06280
6350.0 50.0 -0.34049
50.0 150.0 0.70780
150.0 150.0 1.54329
250.0 150.0 2.14457
350.0 150.0 2.15108
450.0 150.0 1.58268
550.0 150.0 0.91525
650.0 150.0 0.61523
750.0 150.0 0.51165
850.0 150.0 0.57522
950.0 150.0 0.76691
1050.0 150.0 0.94155
1150.0 150.0 0.96788
1250.0 150.0 0.82853
1350.0 150.0 0.68658
1450.0 150.0 0.70390
1550.0 150.0 0.82782
1650.0 150.0 0.91141
1750.0 150.0 0.84035
1850.0 150.0 0.61536
1950.0 150.0 0.28633
2050.0 150.0 -0.19423
2150.0 150.0 -0.53127
2250.0 150.0 -0.46801
2350.0 150.0 -0.06570
2450.0 150.0 0.40117
2550.0 150.0 0.84404
2650.0 150.0 1.18088
2750.0 150.0 1.16064
2850.0 150.0 0.74537
2950.0 150.0 0.20916
3050.0 150.0 -0.12534
3150.0 150.0 -0.38236
3250.0 150.0 -0.72462
3350.0 150.0 -0.98483
3450.0 150.0 -1.01237
3550.0 150.0 -0.84143
3650.0 150.0 -0.63363
3750.0 150.0 -0.54549
3850.0 150.0 -0.84515
3950.0 150.0 -1.25029
4050.0 150.0 -1.30623
4150.0 150.0 -0.83821
4250.0 150.0 -0.03588
4350.0 150.0 0.78252
4450.0 150.0 1.23220
4550.0 150.0 1.01560
4650.0 150.0 0.27807
4750.0 150.0 -0.42819
4850.0 150.0 -0.61886
4950.0 150.0 -0.59840
5050.0 150.0 -0.73877
5150.0 150.0 -0.92647
5250.0 150.0 -0.96732
5350.0 150.0 -0.78502
5450.0 150.0 -0.45944
5550.0 150.0 -0.13162
5650.0 150.0 0.02163
5750.0 150.0 -0.08449
5850.0 150.0 -0.35015
5950.0 150.0 -0.55251
6050.0 150.0 -0.52698
6150.0 150.0 -0.44642
6250.0 150.0 -0.64163
6350.0 150.0 -1.02697
50.0 250.0 1.43417
150.0 250.0 2.13817
250.0 250.0 2.63145
350.0 250.0 2.63987
450.0 250.0 2.20325
550.0 250.0 1.71442
650.0 250.0 1.53957
750.0 250.0 1.55733
850.0 250.0 1.78959
950.0 250.0 2.09832
1050.0 250.0 2.25771
1150.0 250.0 2.16096
1250.0 250.0 1.88092
1350.0 250.0 1.56337
1450.0 250.0 1.28672
1550.0 250.0 1.15099
1650.0 250.0 1.17064
1750.0 250.0 1.23709
1850.0 250.0 1.22579
1950.0 250.0 1.08498
2050.0 250.0 0.65166
2150.0 250.0 0.17973
2250.0 250.0 0.01620
2350.0 250.0 0.26210
2450.0 250.0 0.73968
2550.0 250.0 1.21898
2650.0 250.0 1.43686
2750.0 250.0 1.16450
2850.0 250.0 0.49677
2950.0 250.0 -0.16028
3050.0 250.0 -0.45304
3150.0 250.0 -0.63209
3250.0 250.0 -0.96473
3350.0 250.0 -1.28803
3450.0 250.0 -1.39928
3550.0 250.0 -1.26484
3650.0 250.0 -1.01661
3750.0 250.0 -0.80847
3850.0 250.0 -0.78626
3950.0 250.0 -0.82132
4050.0 250.0 -0.69903
4150.0 250.0 -0.33103
4250.0 250.0 0.19955
4350.0 250.0 0.71467
4450.0 250.0 0.88270
4550.0 250.0 0.49075
4650.0 250.0 -0.28948
4750.0 250.0 -0.98385
4850.0 250.0 -1.21600
4950.0 250.0 -1.27062
5050.0 250.0 -1.43662
5150.0 250.0 -1.54093
5250.0 250.0 -1.39854
5350.0 250.0 -1.02041
5450.0 250.0 -0.57541
5550.0 250.0 -0.17204
5650.0 250.0 0.02315
5750.0 250.0 -0.12366
5850.0 250.0 -0.51160
5950.0 250.0 -0.85300
6050.0 250.0 -0.91158
6150.0 250.0 -0.87578
6250.0 250.0 -1.08322
6350.0 250.0 -1.46415
50.0 350.0 1.71648
150.0 350.0 2.20111
250.0 350.0 2.51374
350.0 350.0 2.52438
450.0 350.0 2.30657
550.0 350.0 2.11499
650.0 350.0 2.14872
750.0 350.0 2.36094
850.0 350.0 2.83454
950.0 350.0 3.27097
1050.0 350.0 3.33667
1150.0 350.0 2.99281
1250.0 350.0 2.46909
1350.0 350.0 1.87071
1450.0 350.0 1.16687
1550.0 350.0 0.70573
1650.0 350.0 0.72852
1750.0 350.0 1.09235
1850.0 350.0 1.45264
1950.0 350.0 1.63373
2050.0 350.0 1.32311
2150.0 350.0 0.70216
2250.0 350.0 0.23858
2350.0 350.0 0.27265
2450.0 350.0 0.77939
2550.0 350.0 1.34209
2650.0 350.0 1.48968
2750.0 350.0 1.02081
2850.0 350.0 0.16433
2950.0 350.0 -0.54697
3050.0 350.0 -0.73504
3150.0 350.0 -0.77237
3250.0 350.0 -1.02017
3350.0 350.0 -1.32701
3450.0 350.0 -1.45062
3550.0 350.0 -1.29548
3650.0 350.0 -0.95982
3750.0 350.0 -0.57328
3850.0 350.0 -0.14672
3950.0 350.0 0.19822
4050.0 350.0 0.36773
4150.0 350.0 0.40701
4250.0 350.0 0.44356
4350.0 350.0 0.47579
4450.0 350.0 0.31940
4550.0 350.0 -0.10155
4650.0 350.0 -0.67299
4750.0 350.0 -1.16425
4850.0 350.0 -1.41794
4950.0 350.0 -1.60677
5050.0 350.0 -1.87594
5150.0 350.0 -1.95221
5250.0 350.0 -1.62327
5350.0 350.0 -0.99728
5450.0 350.0 -0.37419
5550.0 350.0 0.15970
5650.0 350.0 0.45653
5750.0 350.0 0.30084
5850.0 350.0 -0.22723
5950.0 350.0 -0.75786
6050.0 350.0 -0.94500
6150.0 350.0 -0.97408
6250.0 350.0 -1.13238
6350.0 350.0 -1.37483
50.0 450.0 1.33821
150.0 450.0 1.59669
250.0 450.0 1.69900
350.0 450.0 1.66362
450.0 450.0 1.61706
550.0 450.0 1.69455
650.0 450.0 1.93155
750.0 450.0 2.33515
850.0 450.0 3.03139
950.0 450.0 3.56287
1050.0 450.0 3.50093
1150.0 450.0 2.88834
1250.0 450.0 2.11549
1350.0 450.0 1.24716
1450.0 450.0 0.17776
1550.0 450.0 -0.50195
1650.0 450.0 -0.36562
1750.0 450.0 0.36528
1850.0 450.0 1.11401
1950.0 450.0 1.62582
2050.0 450.0 1.47940
2150.0 450.0 0.77961
2250.0 450.0 0.08757
2350.0 450.0 -0.04537
2450.0 450.0 0.50121
2550.0 450.0 1.16487
2650.0 450.0 1.33937
2750.0 450.0 0.84358
2850.0 450.0 -0.02569
2950.0 450.0 -0.67940
3050.0 450.0 -0.73566
3150.0 450.0 -0.62869
3250.0 450.0 -0.77977
3350.0 450.0 -1.04964
3450.0 450.0 -1.16427
3550.0 450.0 -0.97466
3650.0 450.0 -0.54784
3750.0 450.0 0.00422
3850.0 450.0 0.75388
3950.0 450.0 1.33185
4050.0 450.0 1.39217
4150.0 450.0 0.99995
4250.0 450.0 0.51484
4350.0 450.0 0.07989
4450.0 450.0 -0.28995
4550.0 450.0 -0.53628
4650.0 450.0 -0.68151
4750.0 450.0 -0.82707
4850.0 450.0 -1.06555
4950.0 450.0 -1.39927
5050.0 450.0 -1.83946
5150.0 450.0 -2.01148
5250.0 450.0 -1.62801
5350.0 450.0 -0.84101
5450.0 450.0 -0.06256
5550.0 450.0 0.60782
5650.0 450.0 1.04466
5750.0 450.0 0.95072
5850.0 450.0 0.35829
5950.0 450.0 -0.31133
6050.0 450.0 -0.61354
6150.0 450.0 -0.70339
6250.0 450.0 -0.78151
6350.0 450.0 -0.82677
50.0 550.0 0.60709
150.0 550.0 0.71904
250.0 550.0 0.64783
350.0 550.0 0.50794
450.0 550.0 0.48834
550.0 550.0 0.68240
650.0 550.0 1.03289
750.0 550.0 1.55111
850.0 550.0 2.37492
950.0 550.0 2.95141
1050.0 550.0 2.79922
1150.0 550.0 2.01577
1250.0 550.0 1.09009
1350.0 550.0 0.07008
1450.0 550.0 -1.15747
1550.0 550.0 -1.86122
1650.0 550.0 -1.54526
1750.0 550.0 -0.52299
1850.0 550.0 0.47677
1950.0 550.0 1.19638
2050.0 550.0 1.18878
2150.0 550.0 0.50888
2250.0 550.0 -0.25206
2350.0 550.0 -0.44261
2450.0 550.0 0.13824
2550.0 550.0 0.87713
2650.0 550.0 1.14710
2750.0 550.0 0.77331
2850.0 550.0 0.03978
2950.0 550.0 -0.48801
3050.0 550.0 -0.44264
3150.0 550.0 -0.25199
3250.0 550.0 -0.36712
3350.0 550.0 -0.65478
3450.0 550.0 -0.80601
3550.0 550.0 -0.62244
3650.0 550.0 -0.14694
3750.0 550.0 0.49679
3850.0 550.0 1.38914
3950.0 550.0 2.01300
4050.0 550.0 1.90644
4150.0 550.0 1.18728
4250.0 550.0 0.36926
4350.0 550.0 -0.33450
4450.0 550.0 -0.74121
4550.0 550.0 -0.71364
4650.0 550.0 -0.42177
4750.0 550.0 -0.24073
4850.0 550.0 -0.43960
4950.0 550.0 -0.87199
5050.0 550.0 -1.48756
5150.0 550.0 -1.84929
5250.0 550.0 -1.57381
5350.0 550.0 -0.78244
5450.0 550.0 0.06533
5550.0 550.0 0.82448
5650.0 550.0 1.38796
5750.0 550.0 1.40912
5850.0 550.0 0.86154
5950.0 550.0 0.16367
6050.0 550.0 -0.19296
6150.0 550.0 -0.31853
6250.0 550.0 -0.34035
6350.0 550.0 -0.25156
50.0 650.0 0.00901
150.0 650.0 0.07647
250.0 650.0 -0.09861
350.0 650.0 -0.37287
450.0 650.0 -0.49967
550.0 650.0 -0.34959
650.0 650.0 0.01036
750.0 650.0 0.55299
850.0 650.0 1.40520
950.0 650.0 1.99386
1050.0 650.0 1.82545
1150.0 650.0 1.00779
1250.0 650.0 0.05035
1350.0 650.0 -0.98755
1450.0 650.0 -2.17468
1550.0 650.0 -2.75780
1650.0 650.0 -2.27582
1750.0 650.0 -1.11275
1850.0 650.0 -0.04241
1950.0 650.0 0.72889
2050.0 650.0 0.79426
2150.0 650.0 0.19419
2250.0 650.0 -0.50339
2350.0 650.0 -0.65723
2450.0 650.0 -0.05789
2550.0 650.0 0.71023
2650.0 650.0 1.07621
2750.0 650.0 0.86082
2850.0 650.0 0.29351
2950.0 650.0 -0.12050
3050.0 650.0 -0.03297
3150.0 650.0 0.16588
3250.0 650.0 0.00312
3350.0 650.0 -0.38591
3450.0 650.0 -0.64693
3550.0 650.0 -0.53007
3650.0 650.0 -0.06040
3750.0 650.0 0.59658
3850.0 650.0 1.48235
3950.0 650.0 2.05036
4050.0 650.0 1.83969
4150.0 650.0 1.00710
4250.0 650.0 0.10782
4350.0 650.0 -0.63820
4450.0 650.0 -0.96231
4550.0 650.0 -0.71329
4650.0 650.0 -0.15536
4750.0 650.0 0.20835
4850.0 650.0 0.04743
4950.0 650.0 -0.41870
5050.0 650.0 -1.15742
5150.0 650.0 -1.71758
5250.0 650.0 -1.63472
5350.0 650.0 -0.95485
5450.0 650.0 -0.12255
5550.0 650.0 0.66263
5650.0 650.0 1.30408
5750.0 650.0 1.44499
5850.0 650.0 1.01011
5950.0 650.0 0.37533
6050.0 650.0 0.02621
6150.0 650.0 -0.10828
6250.0 650.0 -0.12899
6350.0 650.0 -0.03224
50.0 750.0 -0.49467
150.0 750.0 -0.44902
250.0 750.0 -0.69453
350.0 750.0 -1.08337
450.0 750.0 -1.33009
550.0 750.0 -1.26226
650.0 750.0 -0.93449
750.0 750.0 -0.41456
850.0 750.0 0.40712
950.0 750.0 0.97792
1050.0 750.0 0.81951
1150.0 750.0 0.03276
1250.0 750.0 -0.89223
1350.0 750.0 -1.88128
1450.0 750.0 -2.94551
1550.0 750.0 -3.35426
1650.0 750.0 -2.71388
1750.0 750.0 -1.46286
1850.0 750.0 -0.37677
1950.0 750.0 0.39673
2050.0 750.0 0.48857
2150.0 750.0 -0.06113
2250.0 750.0 -0.70350
2350.0 750.0 -0.82002
2450.0 750.0 -0.20960
2550.0 750.0 0.57723
2650.0 750.0 1.03427
2750.0 750.0 0.97215
2850.0 750.0 0.55858
2950.0 750.0 0.23718
3050.0 750.0 0.34154
3150.0 750.0 0.52386
3250.0 750.0 0.29690
3350.0 750.0 -0.19495
3450.0 750.0 -0.55508
3550.0 750.0 -0.49466
3650.0 750.0 -0.03193
3750.0 750.0 0.61541
3850.0 750.0 1.41021
3950.0 750.0 1.82897
4050.0 750.0 1.48785
4150.0 750.0 0.60499
4250.0 750.0 -0.26201
4350.0 750.0 -0.93505
4450.0 750.0 -1.10153
4550.0 750.0 -0.62333
4650.0 750.0 0.15969
4750.0 750.0 0.67297
4850.0 750.0 0.57127
4950.0 750.0 0.11357
5050.0 750.0 -0.74326
5150.0 750.0 -1.56110
5250.0 750.0 -1.77816
5350.0 750.0 -1.31151
5450.0 750.0 -0.54507
5550.0 750.0 0.24269
5650.0 750.0 0.95247
5750.0 750.0 1.22414
5850.0 750.0 0.92588
5950.0 750.0 0.37335
6050.0 750.0 0.03292
6150.0 750.0 -0.11572
6250.0 750.0 -0.12375
6350.0 750.0 0.01987
50.0 850.0 -0.89297
150.0 850.0 -0.88717
250.0 850.0 -1.14092
350.0 850.0 -1.52898
450.0 850.0 -1.79975
550.0 850.0 -1.79490
650.0 850.0 -1.55616
750.0 850.0 -1.15434
850.0 850.0 -0.50112
950.0 850.0 -0.04325
1050.0 850.0 -0.17310
1150.0 850.0 -0.81622
1250.0 850.0 -1.57907
1350.0 850.0 -2.39450
1450.0 850.0 -3.22828
1550.0 850.0 -3.42383
1650.0 850.0 -2.66532
1750.0 850.0 -1.39347
1850.0 850.0 -0.32288
1950.0 850.0 0.42566
2050.0 850.0 0.45497
2150.0 850.0 -0.17904
2250.0 850.0 -0.89083
2350.0 850.0 -1.03723
2450.0 850.0 -0.42125
2550.0 850.0 0.39470
2650.0 850.0 0.94146
2750.0 850.0 1.00606
2850.0 850.0 0.69722
2950.0 850.0 0.41743
3050.0 850.0 0.50509
3150.0 850.0 0.65229
3250.0 850.0 0.38669
3350.0 850.0 -0.11860
3450.0 850.0 -0.44999
3550.0 850.0 -0.33506
3650.0 850.0 0.17621
3750.0 850.0 0.80636
3850.0 850.0 1.33184
3950.0 850.0 1.33803
4050.0 850.0 0.69885
4150.0 850.0 -0.20287
4250.0 850.0 -0.84572
4350.0 850.0 -1.22445
4450.0 850.0 -1.07770
4550.0 850.0 -0.32020
4650.0 850.0 0.66542
4750.0 850.0 1.32261
4850.0 850.0 1.36186
4950.0 850.0 1.02171
5050.0 850.0 0.05873
5150.0 850.0 -1.16116
5250.0 850.0 -1.93011
5350.0 850.0 -1.90395
5450.0 850.0 -1.30047
5550.0 850.0 -0.53803
5650.0 850.0 0.25124
5750.0 850.0 0.68901
5850.0 850.0 0.54644
5950.0 850.0 0.05193
6050.0 850.0 -0.34320
6150.0 850.0 -0.56138
6250.0 850.0 -0.48327
6350.0 850.0 -0.06043
50.0 950.0 -0.94941
150.0 950.0 -0.99375
250.0 950.0 -1.17742
350.0 950.0 -1.42412
450.0 950.0 -1.59481
550.0 950.0 -1.61089
650.0 950.0 -1.50442
750.0 950.0 -1.30107
850.0 950.0 -0.92823
950.0 950.0 -0.65446
1050.0 950.0 -0.72968
1150.0 950.0 -1.12655
1250.0 950.0 -1.61503
1350.0 950.0 -2.16478
1450.0 950.0 -2.75298
1550.0 950.0 -2.83322
1650.0 950.0 -2.12481
1750.0 950.0 -0.97251
1850.0 950.0 0.03728
1950.0 950.0 0.74238
2050.0 950.0 0.65890
2150.0 950.0 -0.12993
2250.0 950.0 -0.97180
2350.0 950.0 -1.17676
2450.0 950.0 -0.55325
2550.0 950.0 0.29394
2650.0 950.0 0.89099
2750.0 950.0 0.99271
2850.0 950.0 0.67733
2950.0 950.0 0.35154
3050.0 950.0 0.38335
3150.0 950.0 0.47885
3250.0 950.0 0.19254
3350.0 950.0 -0.25676
3450.0 950.0 -0.45742
3550.0 950.0 -0.19783
3650.0 950.0 0.40826
3750.0 950.0 1.02683
3850.0 950.0 1.20413
3950.0 950.0 0.70449
4050.0 950.0 -0.23704
4150.0 950.0 -1.04072
4250.0 950.0 -1.27268
4350.0 950.0 -1.18835
4450.0 950.0 -0.72527
4550.0 950.0 0.11868
4650.0 950.0 1.03716
4750.0 950.0 1.66942
4850.0 950.0 1.87686
4950.0 950.0 1.76979
5050.0 950.0 0.85846
5150.0 950.0 -0.61576
5250.0 950.0 -1.86140
5350.0 950.0 -2.27780
5450.0 950.0 -1.86894
5550.0 950.0 -1.16052
5650.0 950.0 -0.31690
5750.0 950.0 0.25268
5850.0 950.0 0.21246
5950.0 950.0 -0.29133
6050.0 950.0 -0.80814
6150.0 950.0 -1.15592
6250.0 950.0 -1.01956
6350.0 950.0 -0.28985
50.0 1050.0 -0.63846
150.0 1050.0 -0.72600
250.0 1050.0 -0.80152
350.0 1050.0 -0.84308
450.0 1050.0 -0.85018
550.0 1050.0 -0.84966
650.0 1050.0 -0.86914
750.0 1050.0 -0.86501
850.0 1050.0 -0.76743
950.0 1050.0 -0.66559
1050.0 1050.0 -0.67089
1150.0 1050.0 -0.80952
1250.0 1050.0 -1.01831
1350.0 1050.0 -1.32028
1450.0 1050.0 -1.77139
1550.0 1050.0 -1.92521
1650.0 1050.0 -1.46171
1750.0 1050.0 -0.55091
1850.0 1050.0 0.37034
1950.0 1050.0 1.03814
2050.0 1050.0 0.87699
2150.0 1050.0 -0.00552
2250.0 1050.0 -0.91421
2350.0 1050.0 -1.13777
2450.0 1050.0 -0.49725
2550.0 1050.0 0.37166
2650.0 1050.0 0.96353
2750.0 1050.0 1.00479
2850.0 1050.0 0.58110
2950.0 1050.0 0.14427
3050.0 1050.0 0.10418
3150.0 1050.0 0.14652
3250.0 1050.0 -0.16556
3350.0 1050.0 -0.56667
3450.0 1050.0 -0.64387
3550.0 1050.0 -0.24353
3650.0 1050.0 0.45714
3750.0 1050.0 1.08141
3850.0 1050.0 1.01251
3950.0 1050.0 0.19121
4050.0 1050.0 -0.85567
4150.0 1050.0 -1.43010
4250.0 1050.0 -1.21329
4350.0 1050.0 -0.68982
4450.0 1050.0 -0.09459
4550.0 1050.0 0.49574
4650.0 1050.0 0.98365
4750.0 1050.0 1.35330
4850.0 1050.0 1.66930
4950.0 1050.0 1.83036
5050.0 1050.0 1.18472
5150.0 1050.0 -0.15482
5250.0 1050.0 -1.46279
5350.0 1050.0 -2.04921
5450.0 1050.0 -1.76310
5550.0 1050.0 -1.11646
5650.0 1050.0 -0.26838
5750.0 1050.0 0.34051
5850.0 1050.0 0.30218
5950.0 1050.0 -0.27896
6050.0 1050.0 -0.93760
6150.0 1050.0 -1.43482
6250.0 1050.0 -1.36965
6350.0 1050.0 -0.57474
50.0 1150.0 -0.22580
150.0 1150.0 -0.33790
250.0 1150.0 -0.33752
350.0 1150.0 -0.23730
450.0 1150.0 -0.12804
550.0 1150.0 -0.10764
650.0 1150.0 -0.20234
750.0 1150.0 -0.31820
850.0 1150.0 -0.37810
950.0 1150.0 -0.36254
1050.0 1150.0 -0.30551
1150.0 1150.0 -0.27380
1250.0 1150.0 -0.30842
1350.0 1150.0 -0.47600
1450.0 1150.0 -0.93580
1550.0 1150.0 -1.29314
1650.0 1150.0 -1.14151
1750.0 1150.0 -0.47913
1850.0 1150.0 0.36535
1950.0 1150.0 1.02169
2050.0 1150.0 0.87528
2150.0 1150.0 0.04306
2250.0 1150.0 -0.79576
2350.0 1150.0 -0.96119
2450.0 1150.0 -0.29416
2550.0 1150.0 0.58287
2650.0 1150.0 1.14205
2750.0 1150.0 1.09463
2850.0 1150.0 0.55098
2950.0 1150.0 0.01210
3050.0 1150.0 -0.08018
3150.0 1150.0 -0.07623
3250.0 1150.0 -0.43804
3350.0 1150.0 -0.86959
3450.0 1150.0 -0.93381
3550.0 1150.0 -0.48735
3650.0 1150.0 0.26148
3750.0 1150.0 0.90668
3850.0 1150.0 0.79311
3950.0 1150.0 -0.03500
4050.0 1150.0 -0.94563
4150.0 1150.0 -1.24929
4250.0 1150.0 -0.72429
4350.0 1150.0 0.04121
4450.0 1150.0 0.54364
4550.0 1150.0 0.66295
4650.0 1150.0 0.55142
4750.0 1150.0 0.54047
4850.0 1150.0 0.86605
4950.0 1150.0 1.22226
5050.0 1150.0 0.94284
5150.0 1150.0 0.05929
5250.0 1150.0 -0.88675
5350.0 1150.0 -1.31279
5450.0 1150.0 -1.03127
5550.0 1150.0 -0.42713
5650.0 1150.0 0.39035
5750.0 1150.0 0.96128
5850.0 1150.0 0.85706
5950.0 1150.0 0.18364
6050.0 1150.0 -0.57431
6150.0 1150.0 -1.18500
6250.0 1150.0 -1.31914
6350.0 1150.0 -0.77774
50.0 1250.0 -0.00471
150.0 1250.0 -0.12467
250.0 1250.0 -0.12026
350.0 1250.0 -0.01001
450.0 1250.0 0.10366
550.0 1250.0 0.11574
650.0 1250.0 0.00205
750.0 1250.0 -0.13681
850.0 1250.0 -0.21540
950.0 1250.0 -0.19243
1050.0 1250.0 -0.09542
1150.0 1250.0 -0.01051
1250.0 1250.0 -0.00380
1350.0 1250.0 -0.15947
1450.0 1250.0 -0.71212
1550.0 1250.0 -1.26887
1650.0 1250.0 -1.34337
1750.0 1250.0 -0.83319
1850.0 1250.0 -0.02741
1950.0 1250.0 0.64363
2050.0 1250.0 0.59419
2150.0 1250.0 -0.06516
2250.0 1250.0 -0.72219
2350.0 1250.0 -0.77049
2450.0 1250.0 -0.07356
2550.0 1250.0 0.80322
2650.0 1250.0 1.34386
2750.0 1250.0 1.25719
2850.0 1250.0 0.66675
2950.0 1250.0 0.09257
3050.0 1250.0 -0.01418
3150.0 1250.0 -0.02941
3250.0 1250.0 -0.46573
3350.0 1250.0 -1.01664
3450.0 1250.0 -1.19594
3550.0 1250.0 -0.81504
3650.0 1250.0 -0.07430
3750.0 1250.0 0.59551
3850.0 1250.0 0.59474
3950.0 1250.0 -0.01538
4050.0 1250.0 -0.66504
4150.0 1250.0 -0.76003
4250.0 1250.0 -0.13027
4350.0 1250.0 0.65815
4450.0 1250.0 0.95230
4550.0 1250.0 0.62807
4650.0 1250.0 0.02366
4750.0 1250.0 -0.30740
4850.0 1250.0 -0.04146
4950.0 1250.0 0.39110
5050.0 1250.0 0.41646
5150.0 1250.0 0.04581
5250.0 1250.0 -0.37809
5350.0 1250.0 -0.47588
5450.0 1250.0 -0.11697
5550.0 1250.0 0.47477
5650.0 1250.0 1.26181
5750.0 1250.0 1.78024
5850.0 1250.0 1.61389
5950.0 1250.0 0.88848
6050.0 1250.0 0.10020
6150.0 1250.0 -0.56320
6250.0 1250.0 -0.94137
6350.0 1250.0 -0.83360
50.0 1350.0 0.00476
150.0 1350.0 -0.12613
250.0 1350.0 -0.10427
350.0 1350.0 0.05368
450.0 1350.0 0.22463
550.0 1350.0 0.27530
650.0 1350.0 0.16949
750.0 1350.0 0.02582
850.0 1350.0 -0.07485
950.0 1350.0 -0.09368
1050.0 1350.0 -0.04612
1150.0 1350.0 -0.00018
1250.0 1350.0 -0.01318
1350.0 1350.0 -0.19026
1450.0 1350.0 -0.79783
1550.0 1350.0 -1.43913
1650.0 1350.0 -1.60022
1750.0 1350.0 -1.14961
1850.0 1350.0 -0.36859
1950.0 1350.0 0.31134
2050.0 1350.0 0.36931
2150.0 1350.0 -0.10797
2250.0 1350.0 -0.59606
2350.0 1350.0 -0.56541
2450.0 1350.0 0.11154
2550.0 1350.0 0.93534
2650.0 1350.0 1.41157
2750.0 1350.0 1.27936
2850.0 1350.0 0.68585
2950.0 1350.0 0.14095
3050.0 1350.0 0.06565
3150.0 1350.0 0.06951
3250.0 1350.0 -0.39460
3350.0 1350.0 -1.03652
3450.0 1350.0 -1.34092
3550.0 1350.0 -1.06351
3650.0 1350.0 -0.36895
3750.0 1350.0 0.30675
3850.0 1350.0 0.45893
3950.0 1350.0 0.13289
4050.0 1350.0 -0.22777
4150.0 1350.0 -0.15740
4250.0 1350.0 0.47967
4350.0 1350.0 1.19180
4450.0 1350.0 1.24654
4550.0 1350.0 0.54166
4650.0 1350.0 -0.44066
4750.0 1350.0 -1.00697
4850.0 1350.0 -0.80107
4950.0 1350.0 -0.33170
5050.0 1350.0 -0.05618
5150.0 1350.0 0.02169
5250.0 1350.0 0.06089
5350.0 1350.0 0.24832
5450.0 1350.0 0.65670
5550.0 1350.0 1.21515
5650.0 1350.0 1.97643
5750.0 1350.0 2.49437
5850.0 1350.0 2.35579
5950.0 1350.0 1.66727
6050.0 1350.0 0.90100
6150.0 1350.0 0.21344
6250.0 1350.0 -0.41734
6350.0 1350.0 -0.80915
50.0 1450.0 -0.38208
150.0 1450.0 -0.56436
250.0 1450.0 -0.42025
350.0 1450.0 0.03961
450.0 1450.0 0.56309
550.0 1450.0 0.84784
650.0 1450.0 0.78999
750.0 1450.0 0.61622
850.0 1450.0 0.37510
950.0 1450.0 0.09528
1050.0 1450.0 -0.15893
1150.0 1450.0 -0.34369
1250.0 1450.0 -0.46600
1350.0 1450.0 -0.67793
1450.0 1450.0 -1.16404
1550.0 1450.0 -1.54969
1650.0 1450.0 -1.45153
1750.0 1450.0 -0.87089
1850.0 1450.0 -0.12085
1950.0 1450.0 0.51697
2050.0 1450.0 0.65514
2150.0 1450.0 0.29839
2250.0 1450.0 -0.16256
2350.0 1450.0 -0.25721
2450.0 1450.0 0.18936
2550.0 1450.0 0.74268
2650.0 1450.0 0.92855
2750.0 1450.0 0.64200
2850.0 1450.0 0.12106
2950.0 1450.0 -0.21331
3050.0 1450.0 -0.10948
3150.0 1450.0 0.05268
3250.0 1450.0 -0.21893
3350.0 1450.0 -0.74060
3450.0 1450.0 -1.07690
3550.0 1450.0 -0.94279
3650.0 1450.0 -0.39284
3750.0 1450.0 0.20737
3850.0 1450.0 0.51514
3950.0 1450.0 0.52084
4050.0 1450.0 0.45468
4150.0 1450.0 0.60066
4250.0 1450.0 1.07525
4350.0 1450.0 1.53997
4450.0 1450.0 1.31504
4550.0 1450.0 0.38558
4650.0 1450.0 -0.69476
4750.0 1450.0 -1.26134
4850.0 1450.0 -1.04967
4950.0 1450.0 -0.56054
5050.0 1450.0 -0.12115
5150.0 1450.0 0.19927
5250.0 1450.0 0.40586
5350.0 1450.0 0.59282
5450.0 1450.0 0.86033
5550.0 1450.0 1.25299
5650.0 1450.0 1.95437
5750.0 1450.0 2.61084
5850.0 1450.0 2.77105
5950.0 1450.0 2.37880
6050.0 1450.0 1.75643
6150.0 1450.0 1.09962
6250.0 1450.0 0.26901
6350.0 1450.0 -0.62194
50.0 1550.0 -0.87757
150.0 1550.0 -1.16833
250.0 1550.0 -0.91767
350.0 1550.0 -0.11277
450.0 1550.0 0.84147
550.0 1550.0 1.42205
650.0 1550.0 1.42425
750.0 1550.0 1.22048
850.0 1550.0 0.84826
950.0 1550.0 0.30623
1050.0 1550.0 -0.27754
1150.0 1550.0 -0.74226
1250.0 1550.0 -1.02644
1350.0 1550.0 -1.29849
1450.0 1550.0 -1.58075
1550.0 1550.0 -1.53597
1650.0 1550.0 -1.00134
1750.0 1550.0 -0.20249
1850.0 1550.0 0.49383
1950.0 1550.0 1.04834
2050.0 1550.0 1.26094
2150.0 1550.0 1.00206
2250.0 1550.0 0.47646
2350.0 1550.0 0.09838
2450.0 1550.0 0.13567
2550.0 1550.0 0.23269
2650.0 1550.0 -0.04671
2750.0 1550.0 -0.54366
2850.0 1550.0 -0.88580
2950.0 1550.0 -0.82598
3050.0 1550.0 -0.40813
3150.0 1550.0 0.03176
3250.0 1550.0 0.13306
3350.0 1550.0 -0.10492
3450.0 1550.0 -0.41361
3550.0 1550.0 -0.47147
3650.0 1550.0 -0.15542
3750.0 1550.0 0.28863
3850.0 1550.0 0.69524
3950.0 1550.0 0.96853
4050.0 1550.0 1.09016
4150.0 1550.0 1.16123
4250.0 1550.0 1.30699
4350.0 1550.0 1.38737
4450.0 1550.0 0.92627
4550.0 1550.0 0.05095
4650.0 1550.0 -0.73172
4750.0 1550.0 -0.99434
4850.0 1550.0 -0.69373
4950.0 1550.0 -0.20590
5050.0 1550.0 0.28101
5150.0 1550.0 0.58882
5250.0 1550.0 0.62392
5350.0 1550.0 0.50764
5450.0 1550.0 0.45395
5550.0 1550.0 0.55601
5650.0 1550.0 1.10463
5750.0 1550.0 1.90351
5850.0 1550.0 2.47209
5950.0 1550.0 2.51761
6050.0 1550.0 2.12220
6150.0 1550.0 1.57032
6250.0 1550.0 0.77489
6350.0 1550.0 -0.25849
50.0 1650.0 -1.04425
150.0 1650.0 -1.47702
250.0 1650.0 -1.27162
350.0 1650.0 -0.37137
450.0 1650.0 0.76464
550.0 1650.0 1.49072
650.0 1650.0 1.52136
750.0 1650.0 1.31878
850.0 1650.0 0.97474
950.0 1650.0 0.43831
1050.0 1650.0 -0.20523
1150.0 1650.0 -0.78601
1250.0 1650.0 -1.19855
1350.0 1650.0 -1.55110
1450.0 1650.0 -1.72618
1550.0 1650.0 -1.41428
1650.0 1650.0 -0.60991
1750.0 1650.0 0.30264
1850.0 1650.0 0.91971
1950.0 1650.0 1.39351
2050.0 1650.0 1.70560
2150.0 1650.0 1.58720
2250.0 1650.0 1.03742
2350.0 1650.0 0.39630
2450.0 1650.0 0.02198
2550.0 1650.0 -0.34097
2650.0 1650.0 -1.06299
2750.0 1650.0 -1.71841
2850.0 1650.0 -1.81968
2950.0 1650.0 -1.32058
3050.0 1650.0 -0.57346
3150.0 1650.0 0.14726
3250.0 1650.0 0.61380
3350.0 1650.0 0.63826
3450.0 1650.0 0.32940
3550.0 1650.0 0.05747
3650.0 1650.0 0.13037
3750.0 1650.0 0.40061
3850.0 1650.0 0.82002
3950.0 1650.0 1.20861
4050.0 1650.0 1.35552
4150.0 1650.0 1.24240
4250.0 1650.0 1.02535
4350.0 1650.0 0.73205
4450.0 1650.0 0.14775
4550.0 1650.0 -0.45859
4650.0 1650.0 -0.71029
4750.0 1650.0 -0.51400
4850.0 1650.0 -0.08397
4950.0 1650.0 0.39285
5050.0 1650.0 0.86354
5150.0 1650.0 1.03964
5250.0 1650.0 0.77235
5350.0 1650.0 0.26235
5450.0 1650.0 -0.14164
5550.0 1650.0 -0.34939
5650.0 1650.0 -0.04705
5750.0 1650.0 0.72894
5850.0 1650.0 1.53248
5950.0 1650.0 1.90326
6050.0 1650.0 1.70613
6150.0 1650.0 1.29990
6250.0 1650.0 0.81772
6350.0 1650.0 0.16200
50.0 1750.0 -0.70693
150.0 1750.0 -1.26526
250.0 1750.0 -1.27225
350.0 1750.0 -0.62019
450.0 1750.0 0.31998
550.0 1750.0 0.94915
650.0 1750.0 0.95809
750.0 1750.0 0.79420
850.0 1750.0 0.66074
950.0 1750.0 0.45356
1050.0 1750.0 0.10269
1150.0 1750.0 -0.34778
1250.0 1750.0 -0.79603
1350.0 1750.0 -1.22846
1450.0 1750.0 -1.49477
1550.0 1750.0 -1.28633
1650.0 1750.0 -0.58932
1750.0 1750.0 0.22336
1850.0 1750.0 0.75309
1950.0 1750.0 1.19031
2050.0 1750.0 1.63777
2150.0 1750.0 1.73374
2250.0 1750.0 1.29984
2350.0 1750.0 0.57763
2450.0 1750.0 -0.03306
2550.0 1750.0 -0.67546
2650.0 1750.0 -1.63876
2750.0 1750.0 -2.33427
2850.0 1750.0 -2.22575
2950.0 1750.0 -1.41585
3050.0 1750.0 -0.45534
3150.0 1750.0 0.43106
3250.0 1750.0 1.07408
3350.0 1750.0 1.17266
3450.0 1750.0 0.77098
3550.0 1750.0 0.30683
3650.0 1750.0 0.21430
3750.0 1750.0 0.36977
3850.0 1750.0 0.75487
3950.0 1750.0 1.13928
4050.0 1750.0 1.22207
4150.0 1750.0 0.94298
4250.0 1750.0 0.48781
4350.0 1750.0 -0.03008
4450.0 1750.0 -0.64487
4550.0 1750.0 -1.00099
4650.0 1750.0 -0.83469
4750.0 1750.0 -0.29571
4850.0 1750.0 0.22967
4950.0 1750.0 0.70469
5050.0 1750.0 1.19830
5150.0 1750.0 1.35324
5250.0 1750.0 0.96328
5350.0 1750.0 0.25198
5450.0 1750.0 -0.35786
5550.0 1750.0 -0.77430
5650.0 1750.0 -0.73842
5750.0 1750.0 -0.18823
5850.0 1750.0 0.53246
5950.0 1750.0 0.95222
6050.0 1750.0 0.83617
6150.0 1750.0 0.55078
6250.0 1750.0 0.48272
6350.0 1750.0 0.47575
50.0 1850.0 -0.03931
150.0 1850.0 -0.67399
250.0 1850.0 -0.96576
350.0 1850.0 -0.76482
450.0 1850.0 -0.26565
550.0 1850.0 0.10090
650.0 1850.0 0.05437
750.0 1850.0 -0.05212
850.0 1850.0 0.10961
950.0 1850.0 0.39454
1050.0 1850.0 0.53272
1150.0 1850.0 0.37124
1250.0 1850.0 -0.02863
1350.0 1850.0 -0.52247
1450.0 1850.0 -1.03846
1550.0 1850.0 -1.24447
1650.0 1850.0 -0.97081
1750.0 1850.0 -0.42821
1850.0 1850.0 0.02645
1950.0 1850.0 0.47875
2050.0 1850.0 1.08369
2150.0 1850.0 1.44727
2250.0 1850.0 1.26527
2350.0 1850.0 0.66659
2450.0 1850.0 0.03569
2550.0 1850.0 -0.66240
2650.0 1850.0 -1.64063
2750.0 1850.0 -2.27671
2850.0 1850.0 -2.05023
2950.0 1850.0 -1.12570
3050.0 1850.0 -0.10666
3150.0 1850.0 0.80205
3250.0 1850.0 1.39752
3350.0 1850.0 1.35863
3450.0 1850.0 0.77502
3550.0 1850.0 0.16452
3650.0 1850.0 0.00958
3750.0 1850.0 0.13775
3850.0 1850.0 0.50568
3950.0 1850.0 0.87219
4050.0 1850.0 0.92271
4150.0 1850.0 0.59484
4250.0 1850.0 0.08339
4350.0 1850.0 -0.48616
4450.0 1850.0 -1.11624
4550.0 1850.0 -1.43164
4650.0 1850.0 -1.18800
4750.0 1850.0 -0.58292
4850.0 1850.0 -0.03895
4950.0 1850.0 0.45400
5050.0 1850.0 1.07364
5150.0 1850.0 1.44599
5250.0 1850.0 1.26661
5350.0 1850.0 0.66768
5450.0 1850.0 0.05379
5550.0 1850.0 -0.43113
5650.0 1850.0 -0.60516
5750.0 1850.0 -0.38509
5850.0 1850.0 0.01498
5950.0 1850.0 0.24384
6050.0 1850.0 0.09055
6150.0 1850.0 -0.13966
6250.0 1850.0 0.08816
6350.0 1850.0 0.60954
50.0 1950.0 0.76051
150.0 1950.0 0.07453
250.0 1950.0 -0.52049
350.0 1950.0 -0.84582
450.0 1950.0 -0.89226
550.0 1950.0 -0.87184
650.0 1950.0 -1.00689
750.0 1950.0 -1.07511
850.0 1950.0 -0.63422
950.0 1950.0 0.15457
1050.0 1950.0 0.83001
1150.0 1950.0 1.02198
1250.0 1950.0 0.72341
1350.0 1950.0 0.20910
1450.0 1950.0 -0.54537
1550.0 1950.0 -1.19744
1650.0 1950.0 -1.40465
1750.0 1950.0 -1.17825
1850.0 1950.0 -0.80832
1950.0 1950.0 -0.34452
2050.0 1950.0 0.39459
2150.0 1950.0 1.00983
2250.0 1950.0 1.09917
2350.0 1950.0 0.67880
2450.0 1950.0 0.09470
2550.0 1950.0 -0.58353
2650.0 1950.0 -1.48376
2750.0 1950.0 -2.00366
2850.0 1950.0 -1.67807
2950.0 1950.0 -0.71288
3050.0 1950.0 0.28998
3150.0 1950.0 1.15155
3250.0 1950.0 1.62437
3350.0 1950.0 1.39640
3450.0 1950.0 0.62171
3550.0 1950.0 -0.11649
3650.0 1950.0 -0.31893
3750.0 1950.0 -0.21586
3850.0 1950.0 0.12014
3950.0 1950.0 0.46569
4050.0 1950.0 0.52082
4150.0 1950.0 0.21745
4250.0 1950.0 -0.26800
4350.0 1950.0 -0.81558
4450.0 1950.0 -1.43715
4550.0 1950.0 -1.77563
4650.0 1950.0 -1.58512
4750.0 1950.0 -1.03812
4850.0 1950.0 -0.53094
4950.0 1950.0 -0.04197
5050.0 1950.0 0.69924
5150.0 1950.0 1.33161
5250.0 1950.0 1.45413
5350.0 1950.0 1.07101
5450.0 1950.0 0.52673
5550.0 1950.0 0.03670
5650.0 1950.0 -0.25477
5750.0 1950.0 -0.27745
5850.0 1950.0 -0.15876
5950.0 1950.0 -0.13450
6050.0 1950.0 -0.36019
6150.0 1950.0 -0.58456
6250.0 1950.0 -0.18687
6350.0 1950.0 0.68903
50.0 2050.0 1.63099
150.0 2050.0 0.94874
250.0 2050.0 0.09464
350.0 2050.0 -0.77529
450.0 2050.0 -1.46245
550.0 2050.0 -1.91343
650.0 2050.0 -2.23368
750.0 2050.0 -2.37282
850.0 2050.0 -1.83228
950.0 2050.0 -0.69550
1050.0 2050.0 0.48083
1150.0 2050.0 1.11024
1250.0 2050.0 1.04080
1350.0 2050.0 0.66335
1450.0 2050.0 -0.08332
1550.0 2050.0 -0.93513
1650.0 2050.0 -1.48626
1750.0 2050.0 -1.57079
1850.0 2050.0 -1.34626
1950.0 2050.0 -0.95486
2050.0 2050.0 -0.22145
2150.0 2050.0 0.49275
2250.0 2050.0 0.75172
2350.0 2050.0 0.48206
2450.0 2050.0 -0.03667
2550.0 2050.0 -0.64701
2650.0 2050.0 -1.35073
2750.0 2050.0 -1.63711
2850.0 2050.0 -1.18625
2950.0 2050.0 -0.26263
3050.0 2050.0 0.58904
3150.0 2050.0 1.28255
3250.0 2050.0 1.61006
3350.0 2050.0 1.27752
3450.0 2050.0 0.42986
3550.0 2050.0 -0.38367
3650.0 2050.0 -0.69271
3750.0 2050.0 -0.72428
3850.0 2050.0 -0.54980
3950.0 2050.0 -0.29569
4050.0 2050.0 -0.19118
4150.0 2050.0 -0.34518
4250.0 2050.0 -0.68468
4350.0 2050.0 -1.09509
4450.0 2050.0 -1.56098
4550.0 2050.0 -1.82721
4650.0 2050.0 -1.71603
4750.0 2050.0 -1.34822
4850.0 2050.0 -1.00597
4950.0 2050.0 -0.65104
5050.0 2050.0 0.01175
5150.0 2050.0 0.70022
5250.0 2050.0 1.00965
5350.0 2050.0 0.83818
5450.0 2050.0 0.41569
5550.0 2050.0 0.01370
5650.0 2050.0 -0.11630
5750.0 2050.0 0.02973
5850.0 2050.0 0.22645
5950.0 2050.0 0.21258
6050.0 2050.0 -0.11233
6150.0 2050.0 -0.44883
6250.0 2050.0 -0.16573
6350.0 2050.0 0.68066
50.0 2150.0 2.03004
150.0 2150.0 1.44592
250.0 2150.0 0.59523
350.0 2150.0 -0.46342
450.0 2150.0 -1.50226
550.0 2150.0 -2.30946
650.0 2150.0 -2.85333
750.0 2150.0 -3.19246
850.0 2150.0 -2.87409
950.0 2150.0 -1.80138
1050.0 2150.0 -0.43321
1150.0 2150.0 0.53870
1250.0 2150.0 0.77532
1350.0 2150.0 0.69157
1450.0 2150.0 0.26038
1550.0 2150.0 -0.42095
1650.0 2150.0 -1.04005
1750.0 2150.0 -1.33525
1850.0 2150.0 -1.28874
1950.0 2150.0 -1.05202
2050.0 2150.0 -0.49026
2150.0 2150.0 0.11539
2250.0 2150.0 0.37983
2350.0 2150.0 0.19010
2450.0 2150.0 -0.25739
2550.0 2150.0 -0.76437
2650.0 2150.0 -1.20724
2750.0 2150.0 -1.22759
2850.0 2150.0 -0.70273
2950.0 2150.0 0.05877
3050.0 2150.0 0.62784
3150.0 2150.0 1.05681
3250.0 2150.0 1.28440
3350.0 2150.0 1.03857
3450.0 2150.0 0.34442
3550.0 2150.0 -0.42005
3650.0 2150.0 -0.86921
3750.0 2150.0 -1.13273
3850.0 2150.0 -1.23378
3950.0 2150.0 -1.13146
4050.0 2150.0 -0.93519
4150.0 2150.0 -0.82701
4250.0 2150.0 -0.91337
4350.0 2150.0 -1.08265
4450.0 2150.0 -1.25298
4550.0 2150.0 -1.34603
4650.0 2150.0 -1.32040
4750.0 2150.0 -1.22839
4850.0 2150.0 -1.16224
4950.0 2150.0 -1.06265
5050.0 2150.0 -0.69257
5150.0 2150.0 -0.19619
5250.0 2150.0 0.12638
5350.0 2150.0 0.11560
5450.0 2150.0 -0.15127
5550.0 2150.0 -0.38683
5650.0 2150.0 -0.13794
5750.0 2150.0 0.48564
5850.0 2150.0 1.01826
5950.0 2150.0 1.07298
6050.0 2150.0 0.61360
6150.0 2150.0 0.05700
6250.0 2150.0 -0.04855
6350.0 2150.0 0.38726
50.0 2250.0 1.64746
150.0 2250.0 1.23156
250.0 2250.0 0.71531
350.0 2250.0 0.01429
450.0 2250.0 -0.83234
550.0 2250.0 -1.66996
650.0 2250.0 -2.37330
750.0 2250.0 -2.96589
850.0 2250.0 -3.11898
950.0 2250.0 -2.52186
1050.0 2250.0 -1.37102
1150.0 2250.0 -0.30115
1250.0 2250.0 0.19514
1350.0 2250.0 0.43938
1450.0 2250.0 0.46877
1550.0 2250.0 0.19494
1650.0 2250.0 -0.25720
1750.0 2250.0 -0.62222
1850.0 2250.0 -0.72594
1950.0 2250.0 -0.66018
2050.0 2250.0 -0.33955
2150.0 2250.0 0.04297
2250.0 2250.0 0.19836
2350.0 2250.0 0.01897
2450.0 2250.0 -0.37185
2550.0 2250.0 -0.78325
2650.0 2250.0 -1.01856
2750.0 2250.0 -0.87152
2850.0 2250.0 -0.38082
2950.0 2250.0 0.14398
3050.0 2250.0 0.40562
3150.0 2250.0 0.57908
3250.0 2250.0 0.80184
3350.0 2250.0 0.81854
3450.0 2250.0 0.46358
3550.0 2250.0 -0.13423
3650.0 2250.0 -0.69906
3750.0 2250.0 -1.20083
3850.0 2250.0 -1.58335
3950.0 2250.0 -1.63358
4050.0 2250.0 -1.33911
4150.0 2250.0 -0.95871
4250.0 2250.0 -0.78401
4350.0 2250.0 -0.70307
4450.0 2250.0 -0.55583
4550.0 2250.0 -0.44625
4650.0 2250.0 -0.48264
4750.0 2250.0 -0.65736
4850.0 2250.0 -0.87085
4950.0 2250.0 -1.04262
5050.0 2250.0 -1.03079
5150.0 2250.0 -0.83694
5250.0 2250.0 -0.61330
5350.0 2250.0 -0.53312
5450.0 2250.0 -0.65975
5550.0 2250.0 -0.72987
5650.0 2250.0 -0.13047
5750.0 2250.0 0.91125
5850.0 2250.0 1.71041
5950.0 2250.0 1.78285
6050.0 2250.0 1.17062
6150.0 2250.0 0.38235
6250.0 2250.0 -0.15981
6350.0 2250.0 -0.21575
50.0 2350.0 0.79278
150.0 2350.0 0.53567
250.0 2350.0 0.49133
350.0 2350.0 0.45175
450.0 2350.0 0.16458
550.0 2350.0 -0.42588
650.0 2350.0 -1.17329
750.0 2350.0 -1.95551
850.0 2350.0 -2.56025
950.0 2350.0 -2.52451
1050.0 2350.0 -1.77628
1150.0 2350.0 -0.80833
1250.0 2350.0 -0.18463
1350.0 2350.0 0.27303
1450.0 2350.0 0.63192
1550.0 2350.0 0.68299
1650.0 2350.0 0.40629
1750.0 2350.0 0.04135
1850.0 2350.0 -0.14675
1950.0 2350.0 -0.18981
2050.0 2350.0 -0.02904
2150.0 2350.0 0.19865
2250.0 2350.0 0.27032
2350.0 2350.0 0.08780
2450.0 2350.0 -0.26971
2550.0 2350.0 -0.63010
2650.0 2350.0 -0.78591
2750.0 2350.0 -0.62246
2850.0 2350.0 -0.24508
2950.0 2350.0 0.07298
3050.0 2350.0 0.12791
3150.0 2350.0 0.15261
3250.0 2350.0 0.43980
3350.0 2350.0 0.74057
3450.0 2350.0 0.72321
3550.0 2350.0 0.30996
3650.0 2350.0 -0.30778
3750.0 2350.0 -0.95878
3850.0 2350.0 -1.51663
3950.0 2350.0 -1.66037
4050.0 2350.0 -1.30202
4150.0 2350.0 -0.74941
4250.0 2350.0 -0.41060
4350.0 2350.0 -0.17178
4450.0 2350.0 0.18053
4550.0 2350.0 0.42792
4650.0 2350.0 0.36399
4750.0 2350.0 0.02942
4850.0 2350.0 -0.35754
4950.0 2350.0 -0.69943
5050.0 2350.0 -0.91181
5150.0 2350.0 -0.90683
5250.0 2350.0 -0.74426
5350.0 2350.0 -0.60640
5450.0 2350.0 -0.64490
5550.0 2350.0 -0.62866
5650.0 2350.0 0.07110
5750.0 2350.0 1.15267
5850.0 2350.0 1.87868
5950.0 2350.0 1.80162
6050.0 2350.0 1.04945
6150.0 2350.0 0.12289
6250.0 2350.0 -0.64134
6350.0 2350.0 -0.90809
50.0 2450.0 0.04517
150.0 2450.0 -0.12628
250.0 2450.0 0.17927
350.0 2450.0 0.69414
450.0 2450.0 0.93948
550.0 2450.0 0.65072
650.0 2450.0 -0.05548
750.0 2450.0 -0.90196
850.0 2450.0 -1.71508
950.0 2450.0 -1.98450
1050.0 2450.0 -1.50689
1150.0 2450.0 -0.67144
1250.0 2450.0 -0.04193
1350.0 2450.0 0.45841
1450.0 2450.0 0.85840
1550.0 2450.0 0.92475
1650.0 2450.0 0.62756
1750.0 2450.0 0.22477
1850.0 2450.0 0.00867
1950.0 2450.0 -0.05259
2050.0 2450.0 0.10911
2150.0 2450.0 0.36644
2250.0 2450.0 0.48608
2350.0 2450.0 0.34506
2450.0 2450.0 0.00502
2550.0 2450.0 -0.35229
2650.0 2450.0 -0.53898
2750.0 2450.0 -0.45783
2850.0 2450.0 -0.19593
2950.0 2450.0 0.01773
3050.0 2450.0 0.01139
3150.0 2450.0 0.01039
3250.0 2450.0 0.36356
3350.0 2450.0 0.82036
3450.0 2450.0 0.97554
3550.0 2450.0 0.66552
3650.0 2450.0 0.05041
3750.0 2450.0 -0.63494
3850.0 2450.0 -1.23263
3950.0 2450.0 -1.39675
4050.0 2450.0 -1.02234
4150.0 2450.0 -0.42908
4250.0 2450.0 -0.05212
4350.0 2450.0 0.22322
4450.0 2450.0 0.62320
4550.0 2450.0 0.90291
4650.0 2450.0 0.83312
4750.0 2450.0 0.46194
4850.0 2450.0 0.03497
4950.0 2450.0 -0.33870
5050.0 2450.0 -0.55318
5150.0 2450.0 -0.50049
5250.0 2450.0 -0.25413
5350.0 2450.0 -0.03818
5450.0 2450.0 -0.03901
5550.0 2450.0 -0.03258
5650.0 2450.0 0.48535
5750.0 2450.0 1.19458
5850.0 2450.0 1.49141
5950.0 2450.0 1.10426
6050.0 2450.0 0.24412
6150.0 2450.0 -0.69594
6250.0 2450.0 -1.37676
6350.0 2450.0 -1.43813
50.0 2550.0 -0.41789
150.0 2550.0 -0.56280
250.0 2550.0 -0.04646
350.0 2550.0 0.84974
450.0 2550.0 1.50128
550.0 2550.0 1.47832
650.0 2550.0 0.84705
750.0 2550.0 0.00876
850.0 2550.0 -0.85996
950.0 2550.0 -1.25470
1050.0 2550.0 -0.92606
1150.0 2550.0 -0.19857
1250.0 2550.0 0.39314
1350.0 2550.0 0.86368
1450.0 2550.0 1.17967
1550.0 2550.0 1.12361
1650.0 2550.0 0.71461
1750.0 2550.0 0.25102
1850.0 2550.0 0.02722
1950.0 2550.0 -0.02066
2050.0 2550.0 0.19159
2150.0 2550.0 0.54296
2250.0 2550.0 0.77426
2350.0 2550.0 0.72288
2450.0 2550.0 0.42995
2550.0 2550.0 0.09155
2650.0 2550.0 -0.14426
2750.0 2550.0 -0.18330
2850.0 2550.0 -0.06069
2950.0 2550.0 0.06118
3050.0 2550.0 0.03859
3150.0 2550.0 0.05654
3250.0 2550.0 0.47383
3350.0 2550.0 1.02993
3450.0 2550.0 1.27883
3550.0 2550.0 1.02099
3650.0 2550.0 0.41166
3750.0 2550.0 -0.28341
3850.0 2550.0 -0.89834
3950.0 2550.0 -1.08382
4050.0 2550.0 -0.72717
4150.0 2550.0 -0.14326
4250.0 2550.0 0.23153
4350.0 2550.0 0.49997
4450.0 2550.0 0.86408
4550.0 2550.0 1.09263
4650.0 2550.0 0.98712
4750.0 2550.0 0.61383
4850.0 2550.0 0.21253
4950.0 2550.0 -0.11302
5050.0 2550.0 -0.20188
5150.0 2550.0 0.03206
5250.0 2550.0 0.43972
5350.0 2550.0 0.73820
5450.0 2550.0 0.73985
5550.0 2550.0 0.68582
5650.0 2550.0 0.92040
5750.0 2550.0 1.13236
5850.0 2550.0 0.90940
5950.0 2550.0 0.18578
6050.0 2550.0 -0.76016
6150.0 2550.0 -1.67390
6250.0 2550.0 -2.19975
6350.0 2550.0 -1.96885
50.0 2650.0 -0.20180
150.0 2650.0 -0.45930
250.0 2650.0 -0.04291
350.0 2650.0 0.85567
450.0 2650.0 1.64155
550.0 2650.0 1.80984
650.0 2650.0 1.32680
750.0 2650.0 0.63090
850.0 2650.0 -0.06354
950.0 2650.0 -0.34287
1050.0 2650.0 -0.02270
1150.0 2650.0 0.60576
1250.0 2650.0 1.09465
1350.0 2650.0 1.45505
1450.0 2650.0 1.60403
1550.0 2650.0 1.38164
1650.0 2650.0 0.87720
1750.0 2650.0 0.40286
1850.0 2650.0 0.21024
1950.0 2650.0 0.18509
2050.0 2650.0 0.39360
2150.0 2650.0 0.77669
2250.0 2650.0 1.12492
2350.0 2650.0 1.25776
2450.0 2650.0 1.15680
2550.0 2650.0 0.97636
2650.0 2650.0 0.75108
2750.0 2650.0 0.53632
2850.0 2650.0 0.39399
2950.0 2650.0 0.32834
3050.0 2650.0 0.29289
3150.0 2650.0 0.37285
3250.0 2650.0 0.88625
3350.0 2650.0 1.53224
3450.0 2650.0 1.81786
3550.0 2650.0 1.53895
3650.0 2650.0 0.88477
3750.0 2650.0 0.13683
3850.0 2650.0 -0.56216
3950.0 2650.0 -0.84449
4050.0 2650.0 -0.56308
4150.0 2650.0 -0.01580
4250.0 2650.0 0.35074
4350.0 2650.0 0.58395
4450.0 2650.0 0.76958
4550.0 2650.0 0.75333
4650.0 2650.0 0.49322
4750.0 2650.0 0.13920
4850.0 2650.0 -0.10870
4950.0 2650.0 -0.21814
5050.0 2650.0 0.03308
5150.0 2650.0 0.61128
5250.0 2650.0 1.20138
5350.0 2650.0 1.48368
5450.0 2650.0 1.37032
5550.0 2650.0 1.16006
5650.0 2650.0 1.07129
5750.0 2650.0 0.85205
5850.0 2650.0 0.26228
5950.0 2650.0 -0.64461
6050.0 2650.0 -1.60382
6150.0 2650.0 -2.48531
6250.0 2650.0 -2.98620
6350.0 2650.0 -2.70800
50.0 2750.0 0.48828
150.0 2750.0 -0.01322
250.0 2750.0 -0.00364
350.0 2750.0 0.51205
450.0 2750.0 1.14416
550.0 2750.0 1.41101
650.0 2750.0 1.13754
750.0 2750.0 0.70118
850.0 2750.0 0.36540
950.0 2750.0 0.37896
1050.0 2750.0 0.77660
1150.0 2750.0 1.28858
1250.0 2750.0 1.61003
1350.0 2750.0 1.79725
1450.0 2750.0 1.75639
1550.0 2750.0 1.41744
1650.0 2750.0 0.92395
1750.0 2750.0 0.54111
1850.0 2750.0 0.42768
1950.0 2750.0 0.42348
2050.0 2750.0 0.52290
2150.0 2750.0 0.78435
2250.0 2750.0 1.15476
2350.0 2750.0 1.49531
2450.0 2750.0 1.70349
2550.0 2750.0 1.81576
2650.0 2750.0 1.70283
2750.0 2750.0 1.34513
2850.0 2750.0 0.91003
2950.0 2750.0 0.62460
3050.0 2750.0 0.59241
3150.0 2750.0 0.77009
3250.0 2750.0 1.38876
3350.0 2750.0 2.08091
3450.0 2750.0 2.31463
3550.0 2750.0 1.92450
3650.0 2750.0 1.17365
3750.0 2750.0 0.33920
3850.0 2750.0 -0.47060
3950.0 2750.0 -0.85753
4050.0 2750.0 -0.63942
4150.0 2750.0 -0.11197
4250.0 2750.0 0.25130
4350.0 2750.0 0.42981
4450.0 2750.0 0.34692
4550.0 2750.0 -0.01845
4650.0 2750.0 -0.46503
4750.0 2750.0 -0.73052
4850.0 2750.0 -0.69604
4950.0 2750.0 -0.44942
5050.0 2750.0 0.25281
5150.0 2750.0 1.16923
5250.0 2750.0 1.79580
5350.0 2750.0 1.86297
5450.0 2750.0 1.49864
5550.0 2750.0 1.06392
5650.0 2750.0 0.74509
5750.0 2750.0 0.39583
5850.0 2750.0 -0.16114
5950.0 2750.0 -0.93793
6050.0 2750.0 -1.79670
6150.0 2750.0 -2.64583
6250.0 2750.0 -3.27915
6350.0 2750.0 -3.25032
50.0 2850.0 1.02005
150.0 2850.0 0.25613
250.0 2850.0 -0.20214
350.0 2850.0 -0.16009
450.0 2850.0 0.23571
550.0 2850.0 0.55821
650.0 2850.0 0.49233
750.0 2850.0 0.31902
850.0 2850.0 0.32388
950.0 2850.0 0.58832
1050.0 2850.0 1.01274
1150.0 2850.0 1.37102
1250.0 2850.0 1.51165
1350.0 2850.0 1.53413
1450.0 2850.0 1.37472
1550.0 2850.0 1.04865
1650.0 2850.0 0.70304
1750.0 2850.0 0.49981
1850.0 2850.0 0.48749
1950.0 2850.0 0.48976
2050.0 2850.0 0.39277
2150.0 2850.0 0.38422
2250.0 2850.0 0.62966
2350.0 2850.0 1.09286
2450.0 2850.0 1.60025
2550.0 2850.0 2.02870
2650.0 2850.0 2.10344
2750.0 2850.0 1.72179
2850.0 2850.0 1.11197
2950.0 2850.0 0.68035
3050.0 2850.0 0.67102
3150.0 2850.0 0.94481
3250.0 2850.0 1.64178
3350.0 2850.0 2.32709
3450.0 2850.0 2.44978
3550.0 2850.0 1.90762
3650.0 2850.0 1.04750
3750.0 2850.0 0.13138
3850.0 2850.0 -0.74416
3950.0 2850.0 -1.15141
4050.0 2850.0 -0.90602
4150.0 2850.0 -0.33894
4250.0 2850.0 0.03616
4350.0 2850.0 0.16699
4450.0 2850.0 -0.13716
4550.0 2850.0 -0.76076
4650.0 2850.0 -1.29031
4750.0 2850.0 -1.39166
4850.0 2850.0 -1.04550
4950.0 2850.0 -0.44833
5050.0 2850.0 0.59750
5150.0 2850.0 1.63653
5250.0 2850.0 2.05634
5350.0 2850.0 1.73857
5450.0 2850.0 1.07072
5550.0 2850.0 0.43177
5650.0 2850.0 0.07182
5750.0 2850.0 -0.04464
5850.0 2850.0 -0.17037
5950.0 2850.0 -0.54671
6050.0 2850.0 -1.22845
6150.0 2850.0 -2.05254
6250.0 2850.0 -2.88676
6350.0 2850.0 -3.23643
50.0 2950.0 0.89136
150.0 2950.0 -0.02680
250.0 2950.0 -0.72200
350.0 2950.0 -0.88068
450.0 2950.0 -0.53471
550.0 2950.0 -0.11625
650.0 2950.0 -0.03776
750.0 2950.0 -0.05997
850.0 2950.0 0.08101
950.0 2950.0 0.36979
1050.0 2950.0 0.67479
1150.0 2950.0 0.85194
1250.0 2950.0 0.85976
1350.0 2950.0 0.79013
1450.0 2950.0 0.62058
1550.0 2950.0 0.41368
1650.0 2950.0 0.27513
1750.0 2950.0 0.25605
1850.0 2950.0 0.32359
1950.0 2950.0 0.31670
2050.0 2950.0 0.02273
2150.0 2950.0 -0.28214
2250.0 2950.0 -0.24465
2350.0 2950.0 0.21559
2450.0 2950.0 0.89404
2550.0 2950.0 1.53326
2650.0 2950.0 1.78526
2750.0 2950.0 1.49029
2850.0 2950.0 0.87534
2950.0 2950.0 0.41800
3050.0 2950.0 0.43913
3150.0 2950.0 0.77167
3250.0 2950.0 1.50538
3350.0 2950.0 2.16353
3450.0 2950.0 2.19196
3550.0 2950.0 1.53809
3650.0 2950.0 0.60494
3750.0 2950.0 -0.35368
3850.0 2950.0 -1.21420
3950.0 2950.0 -1.53278
4050.0 2950.0 -1.16301
4150.0 2950.0 -0.50142
4250.0 2950.0 -0.10130
4350.0 2950.0 0.00961
4450.0 2950.0 -0.36965
4550.0 2950.0 -1.03871
4650.0 2950.0 -1.49517
4750.0 2950.0 -1.41016
4850.0 2950.0 -0.84497
4950.0 2950.0 -0.04268
5050.0 2950.0 1.10757
5150.0 2950.0 2.01588
5250.0 2950.0 2.08120
5350.0 2950.0 1.37158
5450.0 2950.0 0.47179
5550.0 2950.0 -0.27938
5650.0 2950.0 -0.54569
5750.0 2950.0 -0.29176
5850.0 2950.0 0.09669
5950.0 2950.0 0.13514
6050.0 2950.0 -0.39019
6150.0 2950.0 -1.19815
6250.0 2950.0 -2.15956
6350.0 2950.0 -2.74883
50.0 3050.0 0.08907
150.0 3050.0 -0.83365
250.0 3050.0 -1.42688
350.0 3050.0 -1.36923
450.0 3050.0 -0.76991
550.0 3050.0 -0.16771
650.0 3050.0 -0.02102
750.0 3050.0 -0.03326
850.0 3050.0 0.00770
950.0 3050.0 0.07885
1050.0 3050.0 0.12924
1150.0 3050.0 0.12449
1250.0 3050.0 0.07054
1350.0 3050.0 -0.00915
1450.0 3050.0 -0.11848
1550.0 3050.0 -0.19012
1650.0 3050.0 -0.17028
1750.0 3050.0 -0.07783
1850.0 3050.0 0.02390
1950.0 3050.0 0.00141
2050.0 3050.0 -0.41267
2150.0 3050.0 -0.91453
2250.0 3050.0 -1.05664
2350.0 3050.0 -0.67868
2450.0 3050.0 0.02167
2550.0 3050.0 0.72088
2650.0 3050.0 1.07043
2750.0 3050.0 0.89281
2850.0 3050.0 0.37695
2950.0 3050.0 -0.02291
3050.0 3050.0 0.02063
3150.0 3050.0 0.36731
3250.0 3050.0 1.11050
3350.0 3050.0 1.76348
3450.0 3050.0 1.77081
3550.0 3050.0 1.09120
3650.0 3050.0 0.14086
3750.0 3050.0 -0.81624
3850.0 3050.0 -1.60224
3950.0 3050.0 -1.77259
4050.0 3050.0 -1.23917
4150.0 3050.0 -0.46826
4250.0 3050.0 -0.04024
4350.0 3050.0 0.07875
4450.0 3050.0 -0.23742
4550.0 3050.0 -0.77040
4650.0 3050.0 -1.05327
4750.0 3050.0 -0.82162
4850.0 3050.0 -0.17769
4950.0 3050.0 0.65536
5050.0 3050.0 1.71054
5150.0 3050.0 2.36734
5250.0 3050.0 2.11203
5350.0 3050.0 1.15283
5450.0 3050.0 0.15604
5550.0 3050.0 -0.61187
5650.0 3050.0 -0.78624
5750.0 3050.0 -0.31447
5850.0 3050.0 0.33651
5950.0 3050.0 0.56736
6050.0 3050.0 0.10498
6150.0 3050.0 -0.69137
6250.0 3050.0 -1.62825
6350.0 3050.0 -2.17120
50.0 3150.0 -0.91418
150.0 3150.0 -1.79508
250.0 3150.0 -2.20326
350.0 3150.0 -1.83519
450.0 3150.0 -0.91652
550.0 3150.0 -0.10944
650.0 3150.0 0.09613
750.0 3150.0 0.07311
850.0 3150.0 -0.01871
950.0 3150.0 -0.18285
1050.0 3150.0 -0.36830
1150.0 3150.0 -0.50732
1250.0 3150.0 -0.57160
1350.0 3150.0 -0.61384
1450.0 3150.0 -0.63198
1550.0 3150.0 -0.57496
1650.0 3150.0 -0.43789
1750.0 3150.0 -0.27924
1850.0 3150.0 -0.16376
1950.0 3150.0 -0.20278
2050.0 3150.0 -0.71037
2150.0 3150.0 -1.37978
2250.0 3150.0 -1.70223
2350.0 3150.0 -1.44646
2450.0 3150.0 -0.78567
2550.0 3150.0 -0.09023
2650.0 3150.0 0.30192
2750.0 3150.0 0.20818
2850.0 3150.0 -0.22137
2950.0 3150.0 -0.57293
3050.0 3150.0 -0.53010
3150.0 3150.0 -0.19598
3250.0 3150.0 0.55590
3350.0 3150.0 1.24791
3450.0 3150.0 1.31220
3550.0 3150.0 0.68112
3650.0 3150.0 -0.24727
3750.0 3150.0 -1.17716
3850.0 3150.0 -1.86023
3950.0 3150.0 -1.86798
4050.0 3150.0 -1.18130
4150.0 3150.0 -0.32731
4250.0 3150.0 0.10509
4350.0 3150.0 0.22408
4450.0 3150.0 0.01211
4550.0 3150.0 -0.31763
4650.0 3150.0 -0.38569
4750.0 3150.0 -0.02308
4850.0 3150.0 0.63677
4950.0 3150.0 1.41946
5050.0 3150.0 2.28403
5150.0 3150.0 2.62818
5250.0 3150.0 2.06342
5350.0 3150.0 0.91883
5450.0 3150.0 -0.11126
5550.0 3150.0 -0.85227
5650.0 3150.0 -0.94685
5750.0 3150.0 -0.33978
5850.0 3150.0 0.45947
5950.0 3150.0 0.79958
6050.0 3150.0 0.38547
6150.0 3150.0 -0.37248
6250.0 3150.0 -1.19289
6350.0 3150.0 -1.55274
50.0 3250.0 -1.75909
150.0 3250.0 -2.60919
250.0 3250.0 -2.98747
350.0 3250.0 -2.55888
450.0 3250.0 -1.53456
550.0 3250.0 -0.59803
650.0 3250.0 -0.27246
750.0 3250.0 -0.20003
850.0 3250.0 -0.26312
950.0 3250.0 -0.44492
1050.0 3250.0 -0.63437
1150.0 3250.0 -0.71465
1250.0 3250.0 -0.65564
1350.0 3250.0 -0.54891
1450.0 3250.0 -0.40580
1550.0 3250.0 -0.23218
1650.0 3250.0 -0.05878
1750.0 3250.0 0.08401
1850.0 3250.0 0.18955
1950.0 3250.0 0.13758
2050.0 3250.0 -0.45963
2150.0 3250.0 -1.31933
2250.0 3250.0 -1.88444
2350.0 3250.0 -1.83432
2450.0 3250.0 -1.28774
2550.0 3250.0 -0.66673
2650.0 3250.0 -0.31991
2750.0 3250.0 -0.43739
2850.0 3250.0 -0.89551
2950.0 3250.0 -1.30289
3050.0 3250.0 -1.34517
3150.0 3250.0 -1.09390
3250.0 3250.0 -0.34380
3350.0 3250.0 0.48402
3450.0 3250.0 0.78532
3550.0 3250.0 0.37668
3650.0 3250.0 -0.43810
3750.0 3250.0 -1.27990
3850.0 3250.0 -1.79591
3950.0 3250.0 -1.63250
4050.0 3250.0 -0.87202
4150.0 3250.0 -0.06533
4250.0 3250.0 0.25761
4350.0 3250.0 0.29600
4450.0 3250.0 0.18629
4550.0 3250.0 0.12554
4650.0 3250.0 0.33598
4750.0 3250.0 0.82408
4850.0 3250.0 1.41000
4950.0 3250.0 2.01025
5050.0 3250.0 2.50664
5150.0 3250.0 2.39519
5250.0 3250.0 1.49273
5350.0 3250.0 0.23830
5450.0 3250.0 -0.72574
5550.0 3250.0 -1.36059
5650.0 3250.0 -1.35008
5750.0 3250.0 -0.62498
5850.0 3250.0 0.31386
5950.0 3250.0 0.80679
6050.0 3250.0 0.54199
6150.0 3250.0 -0.04982
6250.0 3250.0 -0.60632
6350.0 3250.0 -0.68293
50.0 3350.0 -1.95512
150.0 3350.0 -2.79407
250.0 3350.0 -3.33278
350.0 3350.0 -3.15281
450.0 3350.0 -2.29871
550.0 3350.0 -1.34977
650.0 3350.0 -0.85737
750.0 3350.0 -0.59779
850.0 3350.0 -0.51705
950.0 3350.0 -0.57327
1050.0 3350.0 -0.61101
1150.0 3350.0 -0.48994
1250.0 3350.0 -0.19162
1350.0 3350.0 0.15924
1450.0 3350.0 0.48517
1550.0 3350.0 0.69019
1650.0 3350.0 0.74937
1750.0 3350.0 0.75333
1850.0 3350.0 0.81647
1950.0 3350.0 0.77071
2050.0 3350.0 0.17390
2150.0 3350.0 -0.74797
2250.0 3350.0 -1.45999
2350.0 3350.0 -1.59659
2450.0 3350.0 -1.21116
2550.0 3350.0 -0.72414
2650.0 3350.0 -0.47070
2750.0 3350.0 -0.65316
2850.0 3350.0 -1.18569
2950.0 3350.0 -1.70696
3050.0 3350.0 -1.90344
3150.0 3350.0 -1.81100
3250.0 3350.0 -1.13586
3350.0 3350.0 -0.19483
3450.0 3350.0 0.39291
3550.0 3350.0 0.29268
3650.0 3350.0 -0.34196
3750.0 3350.0 -1.04404
3850.0 3350.0 -1.36280
3950.0 3350.0 -1.07267
4050.0 3350.0 -0.36733
4150.0 3350.0 0.23537
4250.0 3350.0 0.33424
4350.0 3350.0 0.20831
4450.0 3350.0 0.14248
4550.0 3350.0 0.30902
4650.0 3350.0 0.74797
4750.0 3350.0 1.28508
4850.0 3350.0 1.69524
4950.0 3350.0 2.00927
5050.0 3350.0 2.09657
5150.0 3350.0 1.62425
5250.0 3350.0 0.60148
5350.0 3350.0 -0.53163
5450.0 3350.0 -1.29447
5550.0 3350.0 -1.75979
5650.0 3350.0 -1.69114
5750.0 3350.0 -0.99515
5850.0 3350.0 -0.06641
5950.0 3350.0 0.52511
6050.0 3350.0 0.47736
6150.0 3350.0 0.15996
6250.0 3350.0 -0.06814
6350.0 3350.0 0.09509
50.0 3450.0 -1.38542
150.0 3450.0 -2.22838
250.0 3450.0 -3.01194
350.0 3450.0 -3.22049
450.0 3450.0 -2.67346
550.0 3450.0 -1.78984
650.0 3450.0 -1.13944
750.0 3450.0 -0.69254
850.0 3450.0 -0.50414
950.0 3450.0 -0.50114
1050.0 3450.0 -0.45324
1150.0 3450.0 -0.16638
1250.0 3450.0 0.37246
1350.0 3450.0 0.96602
1450.0 3450.0 1.41677
1550.0 3450.0 1.54131
1650.0 3450.0 1.36541
1750.0 3450.0 1.15247
1850.0 3450.0 1.15520
1950.0 3450.0 1.13968
2050.0 3450.0 0.67282
2150.0 3450.0 -0.09031
2250.0 3450.0 -0.72575
2350.0 3450.0 -0.91322
2450.0 3450.0 -0.66293
2550.0 3450.0 -0.30795
2650.0 3450.0 -0.10639
2750.0 3450.0 -0.27682
2850.0 3450.0 -0.80420
2950.0 3450.0 -1.39196
3050.0 3450.0 -1.73716
3150.0 3450.0 -1.82656
3250.0 3450.0 -1.32233
3350.0 3450.0 -0.42658
3450.0 3450.0 0.28955
3550.0 3450.0 0.40212
3650.0 3450.0 -0.07108
3750.0 3450.0 -0.63469
3850.0 3450.0 -0.79366
3950.0 3450.0 -0.45431
4050.0 3450.0 0.10557
4150.0 3450.0 0.43805
4250.0 3450.0 0.28822
4350.0 3450.0 -0.02325
4450.0 3450.0 -0.12995
4550.0 3450.0 0.11688
4650.0 3450.0 0.62748
4750.0 3450.0 1.10632
4850.0 3450.0 1.30421
4950.0 3450.0 1.34713
5050.0 3450.0 1.19295
5150.0 3450.0 0.68562
5250.0 3450.0 -0.09605
5350.0 3450.0 -0.85958
5450.0 3450.0 -1.34718
5550.0 3450.0 -1.65034
5650.0 3450.0 -1.62644
5750.0 3450.0 -1.15733
5850.0 3450.0 -0.45138
5950.0 3450.0 0.10138
6050.0 3450.0 0.24168
6150.0 3450.0 0.19589
6250.0 3450.0 0.20262
6350.0 3450.0 0.41190
50.0 3550.0 -0.53748
150.0 3550.0 -1.38322
250.0 3550.0 -2.32472
350.0 3550.0 -2.78398
450.0 3550.0 -2.43545
550.0 3550.0 -1.59472
650.0 3550.0 -0.84326
750.0 3550.0 -0.29964
850.0 3550.0 -0.16101
950.0 3550.0 -0.32039
1050.0 3550.0 -0.42039
1150.0 3550.0 -0.15170
1250.0 3550.0 0.51431
1350.0 3550.0 1.25463
1450.0 3550.0 1.73907
1550.0 3550.0 1.73301
1650.0 3550.0 1.32579
1750.0 3550.0 0.92381
1850.0 3550.0 0.87661
1950.0 3550.0 0.90122
2050.0 3550.0 0.63100
2150.0 3550.0 0.16535
2250.0 3550.0 -0.21964
2350.0 3550.0 -0.31340
2450.0 3550.0 -0.12053
2550.0 3550.0 0.16376
2650.0 3550.0 0.41086
2750.0 3550.0 0.38589
2850.0 3550.0 0.00469
2950.0 3550.0 -0.53510
3050.0 3550.0 -0.95404
3150.0 3550.0 -1.17772
3250.0 3550.0 -0.88727
3350.0 3550.0 -0.20499
3450.0 3550.0 0.40053
3550.0 3550.0 0.52588
3650.0 3550.0 0.12582
3750.0 3550.0 -0.35197
3850.0 3550.0 -0.42610
3950.0 3550.0 -0.08668
4050.0 3550.0 0.34677
4150.0 3550.0 0.48456
4250.0 3550.0 0.16989
4350.0 3550.0 -0.26978
4450.0 3550.0 -0.46145
4550.0 3550.0 -0.26978
4650.0 3550.0 0.17341
4750.0 3550.0 0.54070
4850.0 3550.0 0.58326
4950.0 3550.0 0.47591
5050.0 3550.0 0.32230
5150.0 3550.0 0.07793
5250.0 3550.0 -0.24335
5350.0 3550.0 -0.56768
5450.0 3550.0 -0.82482
5550.0 3550.0 -1.03743
5650.0 3550.0 -1.13546
5750.0 3550.0 -0.98534
5850.0 3550.0 -0.60973
5950.0 3550.0 -0.20716
6050.0 3550.0 0.01927
6150.0 3550.0 0.13456
6250.0 3550.0 0.19981
6350.0 3550.0 0.26508
50.0 3650.0 -0.03237
150.0 3650.0 -0.86575
250.0 3650.0 -1.78187
350.0 3650.0 -2.19570
450.0 3650.0 -1.78849
550.0 3650.0 -0.89314
650.0 3650.0 -0.10320
750.0 3650.0 0.42488
850.0 3650.0 0.35137
950.0 3650.0 -0.18511
1050.0 3650.0 -0.66279
1150.0 3650.0 -0.60799
1250.0 3650.0 0.04377
1350.0 3650.0 0.81341
1450.0 3650.0 1.27084
1550.0 3650.0 1.17253
1650.0 3650.0 0.64710
1750.0 3650.0 0.16060
1850.0 3650.0 0.09261
1950.0 3650.0 0.14808
2050.0 3650.0 0.04071
2150.0 3650.0 -0.15400
2250.0 3650.0 -0.27386
2350.0 3650.0 -0.21689
2450.0 3650.0 -0.00859
2550.0 3650.0 0.27917
2650.0 3650.0 0.65516
2750.0 3650.0 0.87165
2850.0 3650.0 0.73976
2950.0 3650.0 0.34708
3050.0 3650.0 -0.05770
3150.0 3650.0 -0.33617
3250.0 3650.0 -0.22647
3350.0 3650.0 0.17643
3450.0 3650.0 0.51744
3550.0 3650.0 0.49377
3650.0 3650.0 0.07433
3750.0 3650.0 -0.38165
3850.0 3650.0 -0.43007
3950.0 3650.0 -0.08189
4050.0 3650.0 0.32976
4150.0 3650.0 0.42574
4250.0 3650.0 0.07214
4350.0 3650.0 -0.40572
4450.0 3650.0 -0.66088
4550.0 3650.0 -0.56010
4650.0 3650.0 -0.21567
4750.0 3650.0 0.07042
4850.0 3650.0 0.06088
4950.0 3650.0 -0.06072
5050.0 3650.0 -0.06463
5150.0 3650.0 0.03031
5250.0 3650.0 0.11649
5350.0 3650.0 0.09474
5450.0 3650.0 -0.05380
5550.0 3650.0 -0.25787
5650.0 3650.0 -0.48105
5750.0 3650.0 -0.58642
5850.0 3650.0 -0.48338
5950.0 3650.0 -0.24563
6050.0 3650.0 -0.03319
6150.0 3650.0 0.10888
6250.0 3650.0 0.09837
6350.0 3650.0 -0.04162
50.0 3750.0 0.25351
150.0 3750.0 -0.53337
250.0 3750.0 -1.31929
350.0 3750.0 -1.54671
450.0 3750.0 -0.97244
550.0 3750.0 0.01054
650.0 3750.0 0.80842
750.0 3750.0 1.27507
850.0 3750.0 0.93632
950.0 3750.0 -0.03748
1050.0 3750.0 -0.95459
1150.0 3750.0 -1.17016
1250.0 3750.0 -0.58145
1350.0 3750.0 0.17102
1450.0 3750.0 0.56764
1550.0 3750.0 0.37952
1650.0 3750.0 -0.22440
1750.0 3750.0 -0.74687
1850.0 3750.0 -0.80874
1950.0 3750.0 -0.71019
2050.0 3750.0 -0.66419
2150.0 3750.0 -0.62113
2250.0 3750.0 -0.51671
2350.0 3750.0 -0.33558
2450.0 3750.0 -0.11415
2550.0 3750.0 0.17489
2650.0 3750.0 0.65033
2750.0 3750.0 1.07383
2850.0 3750.0 1.18397
2950.0 3750.0 0.96877
3050.0 3750.0 0.63077
3150.0 3750.0 0.35852
3250.0 3750.0 0.36112
3350.0 3750.0 0.54517
3450.0 3750.0 0.64629
3550.0 3750.0 0.46808
3650.0 3750.0 0.01858
3750.0 3750.0 -0.42972
3850.0 3750.0 -0.49120
3950.0 3750.0 -0.17646
4050.0 3750.0 0.19823
4150.0 3750.0 0.27320
4250.0 3750.0 -0.07844
4350.0 3750.0 -0.55568
4450.0 3750.0 -0.85956
4550.0 3750.0 -0.85507
4650.0 3750.0 -0.61343
4750.0 3750.0 -0.39101
4850.0 3750.0 -0.40952
4950.0 3750.0 -0.49703
5050.0 3750.0 -0.33086
5150.0 3750.0 0.07291
5250.0 3750.0 0.49601
5350.0 3750.0 0.70829
5450.0 3750.0 0.63925
5550.0 3750.0 0.44202
5650.0 3750.0 0.13331
5750.0 3750.0 -0.15363
5850.0 3750.0 -0.25314
5950.0 3750.0 -0.14875
6050.0 3750.0 0.03660
6150.0 3750.0 0.17537
6250.0 3750.0 0.05444
6350.0 3750.0 -0.31251
50.0 3850.0 0.43916
150.0 3850.0 -0.16979
250.0 3850.0 -0.68073
350.0 3850.0 -0.63698
450.0 3850.0 0.08699
550.0 3850.0 1.07696
650.0 3850.0 1.81222
750.0 3850.0 2.17460
850.0 3850.0 1.59481
950.0 3850.0 0.27628
1050.0 3850.0 -0.96996
1150.0 3850.0 -1.39244
1250.0 3850.0 -0.87544
1350.0 3850.0 -0.18734
1450.0 3850.0 0.05258
1550.0 3850.0 -0.31750
1650.0 3850.0 -1.02662
1750.0 3850.0 -1.53677
1850.0 3850.0 -1.50938
1950.0 3850.0 -1.27852
2050.0 3850.0 -1.00905
2150.0 3850.0 -0.74515
2250.0 3850.0 -0.53759
2350.0 3850.0 -0.39228
2450.0 3850.0 -0.27390
2550.0 3850.0 -0.11234
2650.0 3850.0 0.20329
2750.0 3850.0 0.54972
2850.0 3850.0 0.74646
2950.0 3850.0 0.73264
3050.0 3850.0 0.59218
3150.0 3850.0 0.49138
3250.0 3850.0 0.62471
3350.0 3850.0 0.86092
3450.0 3850.0 0.94918
3550.0 3850.0 0.75772
3650.0 3850.0 0.35285
3750.0 3850.0 -0.05298
3850.0 3850.0 -0.22147
3950.0 3850.0 -0.15954
4050.0 3850.0 -0.06146
4150.0 3850.0 -0.14763
4250.0 3850.0 -0.49541
4350.0 3850.0 -0.92980
4450.0 3850.0 -1.28398
4550.0 3850.0 -1.41915
4650.0 3850.0 -1.32863
4750.0 3850.0 -1.18292
4850.0 3850.0 -1.17494
4950.0 3850.0 -1.19475
5050.0 3850.0 -0.91886
5150.0 3850.0 -0.33637
5250.0 3850.0 0.31431
5350.0 3850.0 0.74491
5450.0 3850.0 0.83754
5550.0 3850.0 0.76362
5650.0 3850.0 0.50338
5750.0 3850.0 0.17048
5850.0 3850.0 -0.01766
5950.0 3850.0 0.03970
6050.0 3850.0 0.26986
6150.0 3850.0 0.47048
6250.0 3850.0 0.25796
6350.0 3850.0 -0.39556
50.0 3950.0 0.42441
150.0 3950.0 0.10051
250.0 3950.0 -0.08376
350.0 3950.0 0.16913
450.0 3950.0 0.88345
550.0 3950.0 1.71743
650.0 3950.0 2.30510
750.0 3950.0 2.54812
850.0 3950.0 1.87969
950.0 3950.0 0.52245
1050.0 3950.0 -0.72743
1150.0 3950.0 -1.16111
1250.0 3950.0 -0.69456
1350.0 3950.0 -0.10772
1450.0 3950.0 -0.07467
1550.0 3950.0 -0.64462
1650.0 3950.0 -1.41353
1750.0 3950.0 -1.82179
1850.0 3950.0 -1.61658
1950.0 3950.0 -1.17804
2050.0 3950.0 -0.66843
2150.0 3950.0 -0.28557
2250.0 3950.0 -0.17786
2350.0 3950.0 -0.27526
2450.0 3950.0 -0.38277
2550.0 3950.0 -0.47229
2650.0 3950.0 -0.57139
2750.0 3950.0 -0.58752
2850.0 3950.0 -0.46850
2950.0 3950.0 -0.26920
3050.0 3950.0 -0.09096
3150.0 3950.0 0.12892
3250.0 3950.0 0.57614
3350.0 3950.0 1.04678
3450.0 3950.0 1.25944
3550.0 3950.0 1.13875
3650.0 3950.0 0.83702
3750.0 3950.0 0.51876
3850.0 3950.0 0.22853
3950.0 3950.0 -0.03712
4050.0 3950.0 -0.30247
4150.0 3950.0 -0.59173
4250.0 3950.0 -0.91099
4350.0 3950.0 -1.25747
4450.0 3950.0 -1.63160
4550.0 3950.0 -1.88973
4650.0 3950.0 -1.93467
4750.0 3950.0 -1.83782
4850.0 3950.0 -1.75937
4950.0 3950.0 -1.69275
5050.0 3950.0 -1.45068
5150.0 3950.0 -0.97130
5250.0 3950.0 -0.36656
5350.0 3950.0 0.15509
5450.0 3950.0 0.45718
5550.0 3950.0 0.61580
5650.0 3950.0 0.52430
5750.0 3950.0 0.26151
5850.0 3950.0 0.07931
5950.0 3950.0 0.16250
6050.0 3950.0 0.50316
6150.0 3950.0 0.84076
6250.0 3950.0 0.65061
6350.0 3950.0 -0.16470
50.0 4050.0 0.23855
150.0 4050.0 0.18886
250.0 4050.0 0.21961
350.0 4050.0 0.47718
450.0 4050.0 0.96467
550.0 4050.0 1.50276
650.0 4050.0 1.90721
750.0 4050.0 2.06421
850.0 4050.0 1.50504
950.0 4050.0 0.44892
1050.0 4050.0 -0.45868
1150.0 4050.0 -0.69181
1250.0 4050.0 -0.23237
1350.0 4050.0 0.25935
1450.0 4050.0 0.13563
1550.0 4050.0 -0.54038
1650.0 4050.0 -1.26551
1750.0 4050.0 -1.50007
1850.0 4050.0 -1.09254
1950.0 4050.0 -0.44968
2050.0 4050.0 0.23329
2150.0 4050.0 0.60366
2250.0 4050.0 0.46422
2350.0 4050.0 0.02194
2450.0 4050.0 -0.34428
2550.0 4050.0 -0.70241
2650.0 4050.0 -1.26065
2750.0 4050.0 -1.69733
2850.0 4050.0 -1.69996
2950.0 4050.0 -1.30115
3050.0 4050.0 -0.79290
3150.0 4050.0 -0.24388
3250.0 4050.0 0.48161
3350.0 4050.0 1.10625
3450.0 4050.0 1.35262
3550.0 4050.0 1.24410
3650.0 4050.0 1.03578
3750.0 4050.0 0.82747
3850.0 4050.0 0.51639
3950.0 4050.0 0.09798
4050.0 4050.0 -0.34746
4150.0 4050.0 -0.71930
4250.0 4050.0 -0.97525
4350.0 4050.0 -1.22127
4450.0 4050.0 -1.56752
4550.0 4050.0 -1.86651
4650.0 4050.0 -1.95989
4750.0 4050.0 -1.85280
4850.0 4050.0 -1.68401
4950.0 4050.0 -1.54676
5050.0 4050.0 -1.47573
5150.0 4050.0 -1.35382
5250.0 4050.0 -1.06411
5350.0 4050.0 -0.62281
5450.0 4050.0 -0.14700
5550.0 4050.0 0.25612
5650.0 4050.0 0.33905
5750.0 4050.0 0.14370
5850.0 4050.0 -0.03922
5950.0 4050.0 0.06653
6050.0 4050.0 0.52240
6150.0 4050.0 1.02478
6250.0 4050.0 1.00406
6350.0 4050.0 0.29322
50.0 4150.0 0.04506
150.0 4150.0 0.15073
250.0 4150.0 0.21116
350.0 4150.0 0.28902
450.0 4150.0 0.44607
550.0 4150.0 0.68117
650.0 4150.0 0.94355
750.0 4150.0 1.06954
850.0 4150.0 0.70687
950.0 4150.0 0.05792
1050.0 4150.0 -0.41325
1150.0 4150.0 -0.38476
1250.0 4150.0 0.09867
1350.0 4150.0 0.53913
1450.0 4150.0 0.36841
1550.0 4150.0 -0.28319
1650.0 4150.0 -0.88493
1750.0 4150.0 -0.94803
1850.0 4150.0 -0.39624
1950.0 4150.0 0.37245
2050.0 4150.0 1.13198
2150.0 4150.0 1.43257
2250.0 4150.0 1.06956
2350.0 4150.0 0.36405
2450.0 4150.0 -0.17896
2550.0 4150.0 -0.70460
2650.0 4150.0 -1.52346
2750.0 4150.0 -2.16822
2850.0 4150.0 -2.18292
2950.0 4150.0 -1.61255
3050.0 4150.0 -0.88044
3150.0 4150.0 -0.13963
3250.0 4150.0 0.64034
3350.0 4150.0 1.14214
3450.0 4150.0 1.17759
3550.0 4150.0 0.92775
3650.0 4150.0 0.74334
3750.0 4150.0 0.62728
3850.0 4150.0 0.43121
3950.0 4150.0 0.14406
4050.0 4150.0 -0.17531
4150.0 4150.0 -0.44342
4250.0 4150.0 -0.61863
4350.0 4150.0 -0.79361
4450.0 4150.0 -1.08444
4550.0 4150.0 -1.34215
4650.0 4150.0 -1.39490
4750.0 4150.0 -1.23402
4850.0 4150.0 -0.99446
4950.0 4150.0 -0.82406
5050.0 4150.0 -0.94716
5150.0 4150.0 -1.20993
5250.0 4150.0 -1.28837
5350.0 4150.0 -1.00766
5450.0 4150.0 -0.44831
5550.0 4150.0 0.10572
5650.0 4150.0 0.25106
5750.0 4150.0 0.00524
5850.0 4150.0 -0.27989
5950.0 4150.0 -0.22752
6050.0 4150.0 0.28433
6150.0 4150.0 0.91064
6250.0 4150.0 1.12349
6350.0 4150.0 0.71381
50.0 4250.0 -0.00281
150.0 4250.0 0.12040
250.0 4250.0 0.08154
350.0 4250.0 -0.06406
450.0 4250.0 -0.16927
550.0 4250.0 -0.11917
650.0 4250.0 0.08453
750.0 4250.0 0.21760
850.0 4250.0 -0.01954
950.0 4250.0 -0.43763
1050.0 4250.0 -0.66898
1150.0 4250.0 -0.49491
1250.0 4250.0 0.01184
1350.0 4250.0 0.44994
1450.0 4250.0 0.32316
1550.0 4250.0 -0.22701
1650.0 4250.0 -0.70037
1750.0 4250.0 -0.65984
1850.0 4250.0 -0.05810
1950.0 4250.0 0.74193
2050.0 4250.0 1.51838
2150.0 4250.0 1.79715
2250.0 4250.0 1.37333
2350.0 4250.0 0.59861
2450.0 4250.0 0.01031
2550.0 4250.0 -0.54136
2650.0 4250.0 -1.33401
2750.0 4250.0 -1.87043
2850.0 4250.0 -1.72127
2950.0 4250.0 -1.00172
3050.0 4250.0 -0.18785
3150.0 4250.0 0.56652
3250.0 4250.0 1.15526
3350.0 4250.0 1.26332
3450.0 4250.0 0.86618
3550.0 4250.0 0.33754
3650.0 4250.0 0.09950
3750.0 4250.0 0.03344
3850.0 4250.0 0.02965
3950.0 4250.0 0.06809
4050.0 4250.0 0.08887
4150.0 4250.0 0.04669
4250.0 4250.0 -0.05768
4350.0 4250.0 -0.20953
4450.0 4250.0 -0.45412
4550.0 4250.0 -0.64292
4650.0 4250.0 -0.62325
4750.0 4250.0 -0.40809
4850.0 4250.0 -0.14007
4950.0 4250.0 0.03124
5050.0 4250.0 -0.19030
5150.0 4250.0 -0.64099
5250.0 4250.0 -0.90969
5350.0 4250.0 -0.73389
5450.0 4250.0 -0.17062
5550.0 4250.0 0.40726
5650.0 4250.0 0.47071
5750.0 4250.0 0.03038
5850.0 4250.0 -0.47695
5950.0 4250.0 -0.56931
6050.0 4250.0 -0.07935
6150.0 4250.0 0.59499
6250.0 4250.0 0.98779
6350.0 4250.0 0.88225
50.0 4350.0 0.06673
150.0 4350.0 0.17381
250.0 4350.0 0.00087
350.0 4350.0 -0.38373
450.0 4350.0 -0.73775
550.0 4350.0 -0.84344
650.0 4350.0 -0.67476
750.0 4350.0 -0.52497
850.0 4350.0 -0.67093
950.0 4350.0 -0.93852
1050.0 4350.0 -1.02372
1150.0 4350.0 -0.76789
1250.0 4350.0 -0.25394
1350.0 4350.0 0.18883
1450.0 4350.0 0.14151
1550.0 4350.0 -0.26369
1650.0 4350.0 -0.58843
1750.0 4350.0 -0.46010
1850.0 4350.0 0.15196
1950.0 4350.0 0.94148
2050.0 4350.0 1.71571
2150.0 4350.0 2.00205
2250.0 4350.0 1.58985
2350.0 4350.0 0.82190
2450.0 4350.0 0.23085
2550.0 4350.0 -0.30668
2650.0 4350.0 -0.99217
2750.0 4350.0 -1.33890
2850.0 4350.0 -0.99565
2950.0 4350.0 -0.15855
3050.0 4350.0 0.67462
3150.0 4350.0 1.37928
3250.0 4350.0 1.73072
3350.0 4350.0 1.42899
3450.0 4350.0 0.60594
3550.0 4350.0 -0.19722
3650.0 4350.0 -0.50794
3750.0 4350.0 -0.55688
3850.0 4350.0 -0.41327
3950.0 4350.0 -0.09344
4050.0 4350.0 0.24007
4150.0 4350.0 0.41586
4250.0 4350.0 0.38338
4350.0 4350.0 0.26408
4450.0 4350.0 0.10903
4550.0 4350.0 0.04758
4650.0 4350.0 0.17591
4750.0 4350.0 0.43997
4850.0 4350.0 0.69955
4950.0 4350.0 0.84455
5050.0 4350.0 0.58554
5150.0 4350.0 0.08192
5250.0 4350.0 -0.24828
5350.0 4350.0 -0.12905
5450.0 4350.0 0.39170
5550.0 4350.0 0.91131
5650.0 4350.0 0.79466
5750.0 4350.0 0.06619
5850.0 4350.0 -0.72779
5950.0 4350.0 -0.99871
6050.0 4350.0 -0.55328
6150.0 4350.0 0.14379
6250.0 4350.0 0.68754
6350.0 4350.0 0.86865
50.0 4450.0 0.31259
150.0 4450.0 0.46336
250.0 4450.0 0.16058
350.0 4450.0 -0.53770
450.0 4450.0 -1.26218
550.0 4450.0 -1.62313
650.0 4450.0 -1.52230
750.0 4450.0 -1.35035
850.0 4450.0 -1.34602
950.0 4450.0 -1.38126
1050.0 4450.0 -1.27060
1150.0 4450.0 -0.94470
1250.0 4450.0 -0.48229
1350.0 4450.0 -0.08315
1450.0 4450.0 -0.01326
1550.0 4450.0 -0.15933
1650.0 4450.0 -0.21565
1750.0 4450.0 0.05104
1850.0 4450.0 0.63447
1950.0 4450.0 1.35118
2050.0 4450.0 2.07933
2150.0 4450.0 2.35898
2250.0 4450.0 1.96464
2350.0 4450.0 1.20493
2450.0 4450.0 0.58878
2550.0 4450.0 0.02411
2650.0 4450.0 -0.64522
2750.0 4450.0 -0.94947
2850.0 4450.0 -0.57963
2950.0 4450.0 0.23887
3050.0 4450.0 1.01179
3150.0 4450.0 1.64392
3250.0 4450.0 1.91917
3350.0 4450.0 1.54728
3450.0 4450.0 0.66781
3550.0 4450.0 -0.18124
3650.0 4450.0 -0.53715
3750.0 4450.0 -0.65295
3850.0 4450.0 -0.64656
3950.0 4450.0 -0.46250
4050.0 4450.0 -0.17035
4150.0 4450.0 0.07615
4250.0 4450.0 0.16795
4350.0 4450.0 0.21687
4450.0 4450.0 0.39272
4550.0 4450.0 0.70921
4650.0 4450.0 1.07002
4750.0 4450.0 1.34535
4850.0 4450.0 1.47360
4950.0 4450.0 1.49073
5050.0 4450.0 1.25323
5150.0 4450.0 0.89018
5250.0 4450.0 0.68021
5350.0 4450.0 0.77793
5450.0 4450.0 1.11882
5550.0 4450.0 1.37834
5650.0 4450.0 0.87067
5750.0 4450.0 -0.28679
5850.0 4450.0 -1.38759
5950.0 4450.0 -1.78112
6050.0 4450.0 -1.34122
6150.0 4450.0 -0.61195
6250.0 4450.0 0.08036
6350.0 4450.0 0.55454
50.0 4550.0 0.57506
150.0 4550.0 0.85047
250.0 4550.0 0.53544
350.0 4550.0 -0.35955
450.0 4550.0 -1.38224
550.0 4550.0 -1.97950
650.0 4550.0 -1.95411
750.0 4550.0 -1.76706
850.0 4550.0 -1.61790
950.0 4550.0 -1.44726
1050.0 4550.0 -1.19954
1150.0 4550.0 -0.88041
1250.0 4550.0 -0.54056
1350.0 4550.0 -0.24540
1450.0 4550.0 -0.09371
1550.0 4550.0 0.00699
1650.0 4550.0 0.20972
1750.0 4550.0 0.58604
1850.0 4550.0 1.08586
1950.0 4550.0 1.67198
2050.0 4550.0 2.32479
2150.0 4550.0 2.60654
2250.0 4550.0 2.25922
2350.0 4550.0 1.52366
2450.0 4550.0 0.86410
2550.0 4550.0 0.23375
2650.0 4550.0 -0.49933
2750.0 4550.0 -0.88919
2850.0 4550.0 -0.63983
2950.0 4550.0 0.03791
3050.0 4550.0 0.67608
3150.0 4550.0 1.21788
3250.0 4550.0 1.59726
3350.0 4550.0 1.52692
3450.0 4550.0 0.99353
3550.0 4550.0 0.34864
3650.0 4550.0 -0.01870
3750.0 4550.0 -0.27830
3850.0 4550.0 -0.65868
3950.0 4550.0 -0.96781
4050.0 4550.0 -1.01097
4150.0 4550.0 -0.80484
4250.0 4550.0 -0.53015
4350.0 4550.0 -0.19612
4450.0 4550.0 0.45344
4550.0 4550.0 1.22597
4650.0 4550.0 1.76451
4750.0 4550.0 1.90052
4850.0 4550.0 1.74901
4950.0 4550.0 1.54059
5050.0 4550.0 1.38515
5150.0 4550.0 1.35622
5250.0 4550.0 1.44915
5350.0 4550.0 1.56393
5450.0 4550.0 1.59353
5550.0 4550.0 1.41714
5650.0 4550.0 0.44660
5750.0 4550.0 -1.03032
5850.0 4550.0 -2.19204
5950.0 4550.0 -2.47669
6050.0 4550.0 -1.95592
6150.0 4550.0 -1.20036
6250.0 4550.0 -0.47194
6350.0 4550.0 0.09385
50.0 4650.0 0.62787
150.0 4650.0 1.07109
250.0 4650.0 0.91686
350.0 4650.0 0.10259
450.0 4650.0 -0.94610
550.0 4650.0 -1.61802
650.0 4650.0 -1.63571
750.0 4650.0 -1.45157
850.0 4650.0 -1.24489
950.0 4650.0 -1.01805
1050.0 4650.0 -0.78930
1150.0 4650.0 -0.57836
1250.0 4650.0 -0.39072
1350.0 4650.0 -0.22684
1450.0 4650.0 -0.09749
1550.0 4650.0 0.07898
1650.0 4650.0 0.36671
1750.0 4650.0 0.74147
1850.0 4650.0 1.12596
1950.0 4650.0 1.57669
2050.0 4650.0 2.16815
2150.0 4650.0 2.48448
2250.0 4650.0 2.22044
2350.0 4650.0 1.53143
2450.0 4650.0 0.83055
2550.0 4650.0 0.13112
2650.0 4650.0 -0.66555
2750.0 4650.0 -1.13912
2850.0 4650.0 -1.01026
2950.0 4650.0 -0.47734
3050.0 4650.0 0.01872
3150.0 4650.0 0.47346
3250.0 4650.0 1.01602
3350.0 4650.0 1.35912
3450.0 4650.0 1.29075
3550.0 4650.0 0.92515
3650.0 4650.0 0.56095
3750.0 4650.0 0.15255
3850.0 4650.0 -0.61429
3950.0 4650.0 -1.40352
4050.0 4650.0 -1.75655
4150.0 4650.0 -1.56318
4250.0 4650.0 -1.08649
4350.0 4650.0 -0.47062
4450.0 4650.0 0.54785
4550.0 4650.0 1.56090
4650.0 4650.0 2.02876
4750.0 4650.0 1.84671
4850.0 4650.0 1.35367
4950.0 4650.0 0.90666
5050.0 4650.0 0.84685
5150.0 4650.0 1.18848
5250.0 4650.0 1.61987
5350.0 4650.0 1.76372
5450.0 4650.0 1.46534
5550.0 4650.0 0.85489
5650.0 4650.0 -0.40654
5750.0 4650.0 -1.84875
5850.0 4650.0 -2.67078
5950.0 4650.0 -2.56940
6050.0 4650.0 -1.88848
6150.0 4650.0 -1.12839
6250.0 4650.0 -0.53164
6350.0 4650.0 -0.18921
50.0 4750.0 0.41229
150.0 4750.0 0.99535
250.0 4750.0 1.09387
350.0 4750.0 0.57837
450.0 4750.0 -0.24040
550.0 4750.0 -0.81141
650.0 4750.0 -0.82584
750.0 4750.0 -0.65925
850.0 4750.0 -0.49460
950.0 4750.0 -0.36536
1050.0 4750.0 -0.28507
1150.0 4750.0 -0.22843
1250.0 4750.0 -0.15855
1350.0 4750.0 -0.09920
1450.0 4750.0 -0.08242
1550.0 4750.0 -0.02351
1650.0 4750.0 0.14925
1750.0 4750.0 0.41716
1850.0 4750.0 0.70244
1950.0 4750.0 1.06903
2050.0 4750.0 1.64482
2150.0 4750.0 2.02612
2250.0 4750.0 1.86014
2350.0 4750.0 1.22890
2450.0 4750.0 0.50729
2550.0 4750.0 -0.22728
2650.0 4750.0 -1.00852
2750.0 4750.0 -1.43714
2850.0 4750.0 -1.28371
2950.0 4750.0 -0.77999
3050.0 4750.0 -0.36133
3150.0 4750.0 0.02781
3250.0 4750.0 0.62664
3350.0 4750.0 1.15092
3450.0 4750.0 1.29339
3550.0 4750.0 1.05066
3650.0 4750.0 0.67379
3750.0 4750.0 0.18652
3850.0 4750.0 -0.72024
3950.0 4750.0 -1.62116
4050.0 4750.0 -1.96347
4150.0 4750.0 -1.64008
4250.0 4750.0 -0.99619
4350.0 4750.0 -0.21776
4450.0 4750.0 0.90274
4550.0 4750.0 1.82022
4650.0 4750.0 1.97286
4750.0 4750.0 1.40654
4850.0 4750.0 0.64417
4950.0 4750.0 0.03925
5050.0 4750.0 0.03160
5150.0 4750.0 0.59662
5250.0 4750.0 1.22903
5350.0 4750.0 1.37830
5450.0 4750.0 0.86158
5550.0 4750.0 -0.00726
5650.0 4750.0 -1.28201
5750.0 4750.0 -2.37185
5850.0 4750.0 -2.61535
5950.0 4750.0 -2.02321
6050.0 4750.0 -1.17212
6150.0 4750.0 -0.42777
6250.0 4750.0 -0.05346
6350.0 4750.0 -0.11413
50.0 4850.0 0.05411
150.0 4850.0 0.70265
250.0 4850.0 1.01018
350.0 4850.0 0.81131
450.0 4850.0 0.29226
550.0 4850.0 -0.10696
650.0 4850.0 -0.08996
750.0 4850.0 0.05728
850.0 4850.0 0.13576
950.0 4850.0 0.11269
1050.0 4850.0 0.02591
1150.0 4850.0 -0.03638
1250.0 4850.0 -0.01421
1350.0 4850.0 -0.00109
1450.0 4850.0 -0.11403
1550.0 4850.0 -0.25714
1650.0 4850.0 -0.28923
1750.0 4850.0 -0.15764
1850.0 4850.0 0.07754
1950.0 4850.0 0.42822
2050.0 4850.0 1.03248
2150.0 4850.0 1.48686
2250.0 4850.0 1.40419
2350.0 4850.0 0.82424
2450.0 4850.0 0.10562
2550.0 4850.0 -0.61868
2650.0 4850.0 -1.28616
2750.0 4850.0 -1.51125
2850.0 4850.0 -1.15245
2950.0 4850.0 -0.53014
3050.0 4850.0 -0.10153
3150.0 4850.0 0.24579
3250.0 4850.0 0.71360
3350.0 4850.0 1.02727
3450.0 4850.0 0.95506
3550.0 4850.0 0.57153
3650.0 4850.0 0.14899
3750.0 4850.0 -0.32547
3850.0 4850.0 -1.06519
3950.0 4850.0 -1.63077
4050.0 4850.0 -1.58611
4150.0 4850.0 -0.98008
4250.0 4850.0 -0.22987
4350.0 4850.0 0.56549
4450.0 4850.0 1.55137
4550.0 4850.0 2.15169
4650.0 4850.0 1.91169
4750.0 4850.0 1.04210
4850.0 4850.0 0.15688
4950.0 4850.0 -0.49344
5050.0 4850.0 -0.51550
5150.0 4850.0 0.05620
5250.0 4850.0 0.68579
5350.0 4850.0 0.80005
5450.0 4850.0 0.21686
5550.0 4850.0 -0.69314
5650.0 4850.0 -1.79270
5750.0 4850.0 -2.45845
5850.0 4850.0 -2.19231
5950.0 4850.0 -1.23251
6050.0 4850.0 -0.27130
6150.0 4850.0 0.45193
6250.0 4850.0 0.64426
6350.0 4850.0 0.24467
50.0 4950.0 -0.41451
150.0 4950.0 0.27183
250.0 4950.0 0.75827
350.0 4950.0 0.86042
450.0 4950.0 0.64918
550.0 4950.0 0.44399
650.0 4950.0 0.51166
750.0 4950.0 0.65233
850.0 4950.0 0.64493
950.0 4950.0 0.46153
1050.0 4950.0 0.20270
1150.0 4950.0 0.02854
1250.0 4950.0 0.02200
1350.0 4950.0 0.00726
1450.0 4950.0 -0.23196
1550.0 4950.0 -0.58586
1650.0 4950.0 -0.83105
1750.0 4950.0 -0.83123
1850.0 4950.0 -0.62642
1950.0 4950.0 -0.27431
2050.0 4950.0 0.34895
2150.0 4950.0 0.84873
2250.0 4950.0 0.82840
2350.0 4950.0 0.30492
2450.0 4950.0 -0.37930
2550.0 4950.0 -1.04537
2650.0 4950.0 -1.51400
2750.0 4950.0 -1.43293
2850.0 4950.0 -0.78712
2950.0 4950.0 -0.00729
3050.0 4950.0 0.43623
3150.0 4950.0 0.72122
3250.0 4950.0 0.95922
3350.0 4950.0 0.90841
3450.0 4950.0 0.48623
3550.0 4950.0 -0.09650
3650.0 4950.0 -0.54468
3750.0 4950.0 -0.94626
3850.0 4950.0 -1.38842
3950.0 4950.0 -1.46688
4050.0 4950.0 -0.94379
4150.0 4950.0 -0.05707
4250.0 4950.0 0.73607
4350.0 4950.0 1.46647
4450.0 4950.0 2.22426
4550.0 4950.0 2.46175
4650.0 4950.0 1.87144
4750.0 4950.0 0.79954
4850.0 4950.0 -0.11504
4950.0 4950.0 -0.75306
5050.0 4950.0 -0.83870
5150.0 4950.0 -0.40189
5250.0 4950.0 0.08667
5350.0 4950.0 0.12278
5450.0 4950.0 -0.45429
5550.0 4950.0 -1.29206
5650.0 4950.0 -2.11621
5750.0 4950.0 -2.32565
5850.0 4950.0 -1.60435
5950.0 4950.0 -0.36871
6050.0 4950.0 0.64473
6150.0 4950.0 1.32214
6250.0 4950.0 1.34848
6350.0 4950.0 0.66461
50.0 5050.0 -1.19692
150.0 5050.0 -0.46537
250.0 5050.0 0.19858
350.0 5050.0 0.61498
450.0 5050.0 0.75637
550.0 5050.0 0.81345
650.0 5050.0 1.00163
750.0 5050.0 1.20147
850.0 5050.0 1.14927
950.0 5050.0 0.78837
1050.0 5050.0 0.28591
1150.0 5050.0 -0.07925
1250.0 5050.0 -0.15602
1350.0 5050.0 -0.22104
1450.0 5050.0 -0.59191
1550.0 5050.0 -1.13968
1650.0 5050.0 -1.56946
1750.0 5050.0 -1.68113
1850.0 5050.0 -1.50655
1950.0 5050.0 -1.18692
2050.0 5050.0 -0.66952
2150.0 5050.0 -0.26988
2250.0 5050.0 -0.29034
2350.0 5050.0 -0.69928
2450.0 5050.0 -1.21608
2550.0 5050.0 -1.65286
2650.0 5050.0 -1.68661
2750.0 5050.0 -1.11848
2850.0 5050.0 -0.16901
2950.0 5050.0 0.64221
3050.0 5050.0 0.94433
3150.0 5050.0 1.01633
3250.0 5050.0 0.90047
3350.0 5050.0 0.50123
3450.0 5050.0 -0.07974
3550.0 5050.0 -0.59865
3650.0 5050.0 -0.87765
3750.0 5050.0 -1.05107
3850.0 5050.0 -1.07509
3950.0 5050.0 -0.70824
4050.0 5050.0 0.05209
4150.0 5050.0 0.89910
4250.0 5050.0 1.49715
4350.0 5050.0 1.97628
4450.0 5050.0 2.36281
4550.0 5050.0 2.26391
4650.0 5050.0 1.55020
4750.0 5050.0 0.57651
4850.0 5050.0 -0.15859
4950.0 5050.0 -0.67513
5050.0 5050.0 -0.92503
5150.0 5050.0 -0.90992
5250.0 5050.0 -0.84979
5350.0 5050.0 -0.99660
5450.0 5050.0 -1.44358
5550.0 5050.0 -1.98710
5650.0 5050.0 -2.25670
5750.0 5050.0 -1.80690
5850.0 5050.0 -0.62399
5950.0 5050.0 0.73264
6050.0 5050.0 1.62433
6150.0 5050.0 2.11580
6250.0 5050.0 1.89610
6350.0 5050.0 0.93762
50.0 5150.0 -1.81515
150.0 5150.0 -1.05745
250.0 5150.0 -0.34728
350.0 5150.0 0.17976
450.0 5150.0 0.50037
550.0 5150.0 0.75504
650.0 5150.0 1.10489
750.0 5150.0 1.44203
850.0 5150.0 1.45291
950.0 5150.0 1.01114
1050.0 5150.0 0.30932
1150.0 5150.0 -0.25444
1250.0 5150.0 -0.42720
1350.0 5150.0 -0.55183
1450.0 5150.0 -0.99203
1550.0 5150.0 -1.60151
1650.0 5150.0 -2.06990
1750.0 5150.0 -2.19996
1850.0 5150.0 -2.03914
1950.0 5150.0 -1.78618
2050.0 5150.0 -1.50143
2150.0 5150.0 -1.35168
2250.0 5150.0 -1.44017
2350.0 5150.0 -1.68120
2450.0 5150.0 -1.90021
2550.0 5150.0 -1.96138
2650.0 5150.0 -1.45430
2750.0 5150.0 -0.44266
2850.0 5150.0 0.59658
2950.0 5150.0 1.16863
3050.0 5150.0 1.14021
3150.0 5150.0 0.86241
3250.0 5150.0 0.34042
3350.0 5150.0 -0.26723
3450.0 5150.0 -0.68841
3550.0 5150.0 -0.80063
3650.0 5150.0 -0.69778
3750.0 5150.0 -0.50441
3850.0 5150.0 -0.08022
3950.0 5150.0 0.53143
4050.0 5150.0 1.12312
4150.0 5150.0 1.50558
4250.0 5150.0 1.64626
4350.0 5150.0 1.70010
4450.0 5150.0 1.63631
4550.0 5150.0 1.33983
4650.0 5150.0 0.84637
4750.0 5150.0 0.34575
4850.0 5150.0 0.01642
4950.0 5150.0 -0.25769
5050.0 5150.0 -0.68407
5150.0 5150.0 -1.21350
5250.0 5150.0 -1.69376
5350.0 5150.0 -2.01343
5450.0 5150.0 -2.17779
5550.0 5150.0 -2.23225
5650.0 5150.0 -1.83835
5750.0 5150.0 -0.83868
5850.0 5150.0 0.47770
5950.0 5150.0 1.57899
6050.0 5150.0 2.11592
6150.0 5150.0 2.29700
6250.0 5150.0 1.85337
6350.0 5150.0 0.82054
50.0 5250.0 -1.75559
150.0 5250.0 -1.01111
250.0 5250.0 -0.45430
350.0 5250.0 -0.14701
450.0 5250.0 0.02600
550.0 5250.0 0.28637
650.0 5250.0 0.76617
750.0 5250.0 1.27110
850.0 5250.0 1.45471
950.0 5250.0 1.10362
1050.0 5250.0 0.36764
1150.0 5250.0 -0.29884
1250.0 5250.0 -0.55057
1350.0 5250.0 -0.71861
1450.0 5250.0 -1.12523
1550.0 5250.0 -1.61671
1650.0 5250.0 -1.93858
1750.0 5250.0 -1.97179
1850.0 5250.0 -1.79959
1950.0 5250.0 -1.61958
2050.0 5250.0 -1.59229
2150.0 5250.0 -1.72439
2250.0 5250.0 -1.90025
2350.0 5250.0 -1.97041
2450.0 5250.0 -1.87239
2550.0 5250.0 -1.56578
2650.0 5250.0 -0.67588
2750.0 5250.0 0.46711
2850.0 5250.0 1.24577
2950.0 5250.0 1.33527
3050.0 5250.0 0.89874
3150.0 5250.0 0.26596
3250.0 5250.0 -0.57412
3350.0 5250.0 -1.19782
3450.0 5250.0 -1.23099
3550.0 5250.0 -0.76843
3650.0 5250.0 -0.22226
3750.0 5250.0 0.33972
3850.0 5250.0 1.09484
3950.0 5250.0 1.70113
4050.0 5250.0 1.82987
4150.0 5250.0 1.53165
4250.0 5250.0 1.13597
4350.0 5250.0 0.75058
4450.0 5250.0 0.30947
4550.0 5250.0 -0.00772
4650.0 5250.0 -0.06209
4750.0 5250.0 0.07719
4850.0 5250.0 0.21727
4950.0 5250.0 0.22285
5050.0 5250.0 -0.26211
5150.0 5250.0 -1.13523
5250.0 5250.0 -1.93757
5350.0 5250.0 -2.27245
5450.0 5250.0 -2.08850
5550.0 5250.0 -1.65646
5650.0 5250.0 -0.81094
5750.0 5250.0 0.29508
5850.0 5250.0 1.23270
5950.0 5250.0 1.71162
6050.0 5250.0 1.77264
6150.0 5250.0 1.64281
6250.0 5250.0 1.11805
6350.0 5250.0 0.30510
50.0 5350.0 -1.04308
150.0 5350.0 -0.34036
250.0 5350.0 -0.04746
350.0 5350.0 -0.15644
450.0 5350.0 -0.35309
550.0 5350.0 -0.25394
650.0 5350.0 0.27716
750.0 5350.0 0.90958
850.0 5350.0 1.29143
950.0 5350.0 1.14198
1050.0 5350.0 0.52680
1150.0 5350.0 -0.11965
1250.0 5350.0 -0.40452
1350.0 5350.0 -0.58728
1450.0 5350.0 -0.89802
1550.0 5350.0 -1.18571
1650.0 5350.0 -1.28232
1750.0 5350.0 -1.17187
1850.0 5350.0 -0.97431
1950.0 5350.0 -0.84109
2050.0 5350.0 -0.97620
2150.0 5350.0 -1.28106
2250.0 5350.0 -1.50063
2350.0 5350.0 -1.44893
2450.0 5350.0 -1.13915
2550.0 5350.0 -0.61837
2650.0 5350.0 0.36007
2750.0 5350.0 1.30208
2850.0 5350.0 1.60977
2950.0 5350.0 1.19073
3050.0 5350.0 0.43912
3150.0 5350.0 -0.42006
3250.0 5350.0 -1.42092
3350.0 5350.0 -1.96741
3450.0 5350.0 -1.65208
3550.0 5350.0 -0.75044
3650.0 5350.0 0.10342
3750.0 5350.0 0.89965
3850.0 5350.0 1.81507
3950.0 5350.0 2.31288
4050.0 5350.0 2.02472
4150.0 5350.0 1.20455
4250.0 5350.0 0.43598
4350.0 5350.0 -0.23403
4450.0 5350.0 -0.88678
4550.0 5350.0 -1.14886
4650.0 5350.0 -0.83962
4750.0 5350.0 -0.22917
4850.0 5350.0 0.23386
4950.0 5350.0 0.44479
5050.0 5350.0 0.05500
5150.0 5350.0 -0.79941
5250.0 5350.0 -1.55109
5350.0 5350.0 -1.72159
5450.0 5350.0 -1.26064
5550.0 5350.0 -0.53707
5650.0 5350.0 0.39801
5750.0 5350.0 1.18506
5850.0 5350.0 1.45146
5950.0 5350.0 1.23755
6050.0 5350.0 0.90660
6150.0 5350.0 0.58783
6250.0 5350.0 0.13180
6350.0 5350.0 -0.30489
50.0 5450.0 -0.14031
150.0 5450.0 0.52130
250.0 5450.0 0.59638
350.0 5450.0 0.13056
450.0 5450.0 -0.41147
550.0 5450.0 -0.50502
650.0 5450.0 0.00835
750.0 5450.0 0.68976
850.0 5450.0 1.20050
950.0 5450.0 1.23301
1050.0 5450.0 0.77978
1150.0 5450.0 0.21823
1250.0 5450.0 -0.05823
1350.0 5450.0 -0.23484
1450.0 5450.0 -0.46684
1550.0 5450.0 -0.60941
1650.0 5450.0 -0.55332
1750.0 5450.0 -0.34708
1850.0 5450.0 -0.12989
1950.0 5450.0 -0.00500
2050.0 5450.0 -0.16078
2150.0 5450.0 -0.47256
2250.0 5450.0 -0.66344
2350.0 5450.0 -0.55387
2450.0 5450.0 -0.18167
2550.0 5450.0 0.36858
2650.0 5450.0 1.21369
2750.0 5450.0 1.82759
2850.0 5450.0 1.72482
2950.0 5450.0 0.98945
3050.0 5450.0 0.11067
3150.0 5450.0 -0.80945
3250.0 5450.0 -1.85579
3350.0 5450.0 -2.38612
3450.0 5450.0 -1.98236
3550.0 5450.0 -0.96642
3650.0 5450.0 -0.03110
3750.0 5450.0 0.82978
3850.0 5450.0 1.80060
3950.0 5450.0 2.29195
4050.0 5450.0 1.91617
4150.0 5450.0 0.97195
4250.0 5450.0 0.10765
4350.0 5450.0 -0.64082
4450.0 5450.0 -1.36562
4550.0 5450.0 -1.64110
4650.0 5450.0 -1.26463
4750.0 5450.0 -0.54788
4850.0 5450.0 -0.00366
4950.0 5450.0 0.28532
5050.0 5450.0 0.07400
5150.0 5450.0 -0.49422
5250.0 5450.0 -0.93102
5350.0 5450.0 -0.85827
5450.0 5450.0 -0.27007
5550.0 5450.0 0.50374
5650.0 5450.0 1.27156
5750.0 5450.0 1.61756
5850.0 5450.0 1.32017
5950.0 5450.0 0.66421
6050.0 5450.0 0.15804
6150.0 5450.0 -0.19677
6250.0 5450.0 -0.52862
6350.0 5450.0 -0.66525
50.0 5550.0 0.76903
150.0 5550.0 1.37155
250.0 5550.0 1.25599
350.0 5550.0 0.49437
450.0 5550.0 -0.33729
550.0 5550.0 -0.60795
650.0 5550.0 -0.14092
750.0 5550.0 0.54871
850.0 5550.0 1.15297
950.0 5550.0 1.35496
1050.0 5550.0 1.07784
1150.0 5550.0 0.62463
1250.0 5550.0 0.36844
1350.0 5550.0 0.19670
1450.0 5550.0 0.01436
1550.0 5550.0 -0.03087
1650.0 5550.0 0.13708
1750.0 5550.0 0.42520
1850.0 5550.0 0.67502
1950.0 5550.0 0.81484
2050.0 5550.0 0.66374
2150.0 5550.0 0.34559
2250.0 5550.0 0.14488
2350.0 5550.0 0.25146
2450.0 5550.0 0.63208
2550.0 5550.0 1.16433
2650.0 5550.0 1.84974
2750.0 5550.0 2.17276
2850.0 5550.0 1.76430
2950.0 5550.0 0.83551
3050.0 5550.0 -0.08511
3150.0 5550.0 -0.99987
3250.0 5550.0 -2.05126
3350.0 5550.0 -2.61202
3450.0 5550.0 -2.26315
3550.0 5550.0 -1.30640
3650.0 5550.0 -0.41362
3750.0 5550.0 0.42372
3850.0 5550.0 1.43119
3950.0 5550.0 2.02996
4050.0 5550.0 1.78939
4150.0 5550.0 0.94388
4250.0 5550.0 0.10773
4350.0 5550.0 -0.64662
4450.0 5550.0 -1.42120
4550.0 5550.0 -1.79896
4650.0 5550.0 -1.54609
4750.0 5550.0 -0.92677
4850.0 5550.0 -0.42786
4950.0 5550.0 -0.13003
5050.0 5550.0 -0.14285
5150.0 5550.0 -0.32259
5250.0 5550.0 -0.33707
5350.0 5550.0 0.01151
5450.0 5550.0 0.66123
5550.0 5550.0 1.38350
5650.0 5550.0 1.90456
5750.0 5550.0 1.82473
5850.0 5550.0 1.09429
5950.0 5550.0 0.17272
6050.0 5550.0 -0.38255
6150.0 5550.0 -0.69484
6250.0 5550.0 -0.89669
6350.0 5550.0 -0.81773
50.0 5650.0 1.72085
150.0 5650.0 2.13172
250.0 5650.0 1.76070
350.0 5650.0 0.72484
450.0 5650.0 -0.33180
550.0 5650.0 -0.74926
650.0 5650.0 -0.37623
750.0 5650.0 0.26143
850.0 5650.0 0.95897
950.0 5650.0 1.39983
1050.0 5650.0 1.39634
1150.0 5650.0 1.11345
1250.0 5650.0 0.87216
1350.0 5650.0 0.66689
1450.0 5650.0 0.47154
1550.0 5650.0 0.49036
1650.0 5650.0 0.80954
1750.0 5650.0 1.27717
1850.0 5650.0 1.66535
1950.0 5650.0 1.88114
2050.0 5650.0 1.61643
2150.0 5650.0 1.00211
2250.0 5650.0 0.47337
2350.0 5650.0 0.39497
2450.0 5650.0 0.79417
2550.0 5650.0 1.39334
2650.0 5650.0 2.06726
2750.0 5650.0 2.29202
2850.0 5650.0 1.75608
2950.0 5650.0 0.75071
3050.0 5650.0 -0.15777
3150.0 5650.0 -1.01066
3250.0 5650.0 -1.95882
3350.0 5650.0 -2.48692
3450.0 5650.0 -2.26416
3550.0 5650.0 -1.55452
3650.0 5650.0 -0.91614
3750.0 5650.0 -0.28545
3850.0 5650.0 0.70767
3950.0 5650.0 1.57022
4050.0 5650.0 1.76067
4150.0 5650.0 1.27232
4250.0 5650.0 0.55003
4350.0 5650.0 -0.20145
4450.0 5650.0 -1.05374
4550.0 5650.0 -1.65765
4650.0 5650.0 -1.74940
4750.0 5650.0 -1.47064
4850.0 5650.0 -1.19880
4950.0 5650.0 -1.01833
5050.0 5650.0 -0.83546
5150.0 5650.0 -0.49121
5250.0 5650.0 0.09676
5350.0 5650.0 0.81870
5450.0 5650.0 1.48306
5550.0 5650.0 2.04264
5650.0 5650.0 2.20527
5750.0 5650.0 1.69134
5850.0 5650.0 0.67982
5950.0 5650.0 -0.26442
6050.0 5650.0 -0.66105
6150.0 5650.0 -0.77969
6250.0 5650.0 -0.81881
6350.0 5650.0 -0.63772
50.0 5750.0 2.16828
150.0 5750.0 2.27812
250.0 5750.0 1.70561
350.0 5750.0 0.61612
450.0 5750.0 -0.40059
550.0 5750.0 -0.81306
650.0 5750.0 -0.55654
750.0 5750.0 -0.04600
850.0 5750.0 0.67050
950.0 5750.0 1.29504
1050.0 5750.0 1.53671
1150.0 5750.0 1.40878
1250.0 5750.0 1.16005
1350.0 5750.0 0.87324
1450.0 5750.0 0.55292
1550.0 5750.0 0.51893
1650.0 5750.0 0.94405
1750.0 5750.0 1.63690
1850.0 5750.0 2.25820
1950.0 5750.0 2.62776
2050.0 5750.0 2.21920
2150.0 5750.0 1.17039
2250.0 5750.0 0.15125
2350.0 5750.0 -0.19613
2450.0 5750.0 0.25509
2550.0 5750.0 1.00910
2650.0 5750.0 1.83307
2750.0 5750.0 2.17460
2850.0 5750.0 1.71219
2950.0 5750.0 0.76139
3050.0 5750.0 -0.07754
3150.0 5750.0 -0.80410
3250.0 5750.0 -1.49467
3350.0 5750.0 -1.84615
3450.0 5750.0 -1.73696
3550.0 5750.0 -1.40960
3650.0 5750.0 -1.22567
3750.0 5750.0 -1.00144
3850.0 5750.0 -0.16847
3950.0 5750.0 0.94595
4050.0 5750.0 1.68655
4150.0 5750.0 1.69968
4250.0 5750.0 1.14807
4350.0 5750.0 0.42674
4450.0 5750.0 -0.41237
4550.0 5750.0 -1.15094
4650.0 5750.0 -1.57982
4750.0 5750.0 -1.73570
4850.0 5750.0 -1.83476
4950.0 5750.0 -1.91995
5050.0 5750.0 -1.68541
5150.0 5750.0 -0.94016
5250.0 5750.0 0.15370
5350.0 5750.0 1.16348
5450.0 5750.0 1.74634
5550.0 5750.0 2.04348
5650.0 5750.0 1.81915
5750.0 5750.0 1.01863
5850.0 5750.0 0.04730
5950.0 5750.0 -0.56262
6050.0 5750.0 -0.56066
6150.0 5750.0 -0.34055
6250.0 5750.0 -0.23548
6350.0 5750.0 -0.16348
50.0 5850.0 1.77636
150.0 5850.0 1.59948
250.0 5850.0 0.99888
350.0 5850.0 0.16764
450.0 5850.0 -0.48844
550.0 5850.0 -0.70292
650.0 5850.0 -0.53181
750.0 5850.0 -0.18151
850.0 5850.0 0.43904
950.0 5850.0 1.06565
1050.0 5850.0 1.37340
1150.0 5850.0 1.29096
1250.0 5850.0 1.00772
1350.0 5850.0 0.61827
1450.0 5850.0 0.08633
1550.0 5850.0 -0.13542
1650.0 5850.0 0.27079
1750.0 5850.0 1.12425
1850.0 5850.0 1.97889
1950.0 5850.0 2.53820
2050.0 5850.0 2.10290
2150.0 5850.0 0.80692
2250.0 5850.0 -0.51342
2350.0 5850.0 -1.00796
2450.0 5850.0 -0.46738
2550.0 5850.0 0.45969
2650.0 5850.0 1.47832
2750.0 5850.0 2.00287
2850.0 5850.0 1.67890
2950.0 5850.0 0.82444
3050.0 5850.0 0.06957
3150.0 5850.0 -0.50887
3250.0 5850.0 -0.85284
3350.0 5850.0 -0.89268
3450.0 5850.0 -0.77987
3550.0 5850.0 -0.78462
3650.0 5850.0 -1.07185
3750.0 5850.0 -1.31008
3850.0 5850.0 -0.79222
3950.0 5850.0 0.33985
4050.0 5850.0 1.40656
4150.0 5850.0 1.78772
4250.0 5850.0 1.37663
4350.0 5850.0 0.71592
4450.0 5850.0 0.06929
4550.0 5850.0 -0.49141
4650.0 5850.0 -0.94085
4750.0 5850.0 -1.34136
4850.0 5850.0 -1.78269
4950.0 5850.0 -2.18860
5050.0 5850.0 -2.12124
5150.0 5850.0 -1.35244
5250.0 5850.0 -0.15107
5350.0 5850.0 0.87925
5450.0 5850.0 1.29646
5550.0 5850.0 1.33034
5650.0 5850.0 0.82921
5750.0 5850.0 -0.01796
5850.0 5850.0 -0.66167
5950.0 5850.0 -0.72042
6050.0 5850.0 -0.23566
6150.0 5850.0 0.33876
6250.0 5850.0 0.51402
6350.0 5850.0 0.30669
50.0 5950.0 0.87145
150.0 5950.0 0.53266
250.0 5950.0 0.05937
350.0 5950.0 -0.35566
450.0 5950.0 -0.52612
550.0 5950.0 -0.45990
650.0 5950.0 -0.31470
750.0 5950.0 -0.09052
850.0 5950.0 0.36906
950.0 5950.0 0.83369
1050.0 5950.0 1.02024
1150.0 5950.0 0.86674
1250.0 5950.0 0.53842
1350.0 5950.0 0.06817
1450.0 5950.0 -0.66940
1550.0 5950.0 -1.12621
1650.0 5950.0 -0.84448
1750.0 5950.0 0.04695
1850.0 5950.0 1.04200
1950.0 5950.0 1.75775
2050.0 5950.0 1.46629
2150.0 5950.0 0.28439
2250.0 5950.0 -0.94990
2350.0 5950.0 -1.36258
2450.0 5950.0 -0.72063
2550.0 5950.0 0.31493
2650.0 5950.0 1.42295
2750.0 5950.0 1.99866
2850.0 5950.0 1.69340
2950.0 5950.0 0.85653
3050.0 5950.0 0.14669
3150.0 5950.0 -0.32081
3250.0 5950.0 -0.36302
3350.0 5950.0 -0.07051
3450.0 5950.0 0.17446
3550.0 5950.0 0.03092
3650.0 5950.0 -0.55080
3750.0 5950.0 -1.12225
3850.0 5950.0 -0.96238
3950.0 5950.0 -0.08257
4050.0 5950.0 0.92371
4150.0 5950.0 1.37050
4250.0 5950.0 1.00777
4350.0 5950.0 0.41746
4450.0 5950.0 0.08950
4550.0 5950.0 -0.00760
4650.0 5950.0 -0.10435
4750.0 5950.0 -0.42847
4850.0 5950.0 -1.03622
4950.0 5950.0 -1.68314
5050.0 5950.0 -1.90440
5150.0 5950.0 -1.44487
5250.0 5950.0 -0.51997
5350.0 5950.0 0.29366
5450.0 5950.0 0.53861
5550.0 5950.0 0.40632
5650.0 5950.0 -0.21108
5750.0 5950.0 -0.96151
5850.0 5950.0 -1.24807
5950.0 5950.0 -0.84608
6050.0 5950.0 -0.01331
6150.0 5950.0 0.79141
6250.0 5950.0 0.96611
6350.0 5950.0 0.48255
50.0 6050.0 0.10536
150.0 6050.0 -0.25234
250.0 6050.0 -0.56504
350.0 6050.0 -0.65635
450.0 6050.0 -0.48320
550.0 6050.0 -0.21234
650.0 6050.0 -0.04744
750.0 6050.0 0.12419
850.0 6050.0 0.44831
950.0 6050.0 0.71451
1050.0 6050.0 0.71193
1150.0 6050.0 0.44332
1250.0 6050.0 0.08187
1350.0 6050.0 -0.42214
1450.0 6050.0 -1.27718
1550.0 6050.0 -1.90268
1650.0 6050.0 -1.76141
1750.0 6050.0 -0.92551
1850.0 6050.0 0.09330
1950.0 6050.0 0.89027
2050.0 6050.0 0.84731
2150.0 6050.0 0.05770
2250.0 6050.0 -0.78157
2350.0 6050.0 -0.93882
2450.0 6050.0 -0.21521
2550.0 6050.0 0.83096
2650.0 6050.0 1.85494
2750.0 6050.0 2.25491
2850.0 6050.0 1.75793
2950.0 6050.0 0.80107
3050.0 6050.0 0.07385
3150.0 6050.0 -0.34962
3250.0 6050.0 -0.22911
3350.0 6050.0 0.29600
3450.0 6050.0 0.72509
3550.0 6050.0 0.63822
3650.0 6050.0 -0.00106
3750.0 6050.0 -0.69169
3850.0 6050.0 -0.79925
3950.0 6050.0 -0.29176
4050.0 6050.0 0.37837
4150.0 6050.0 0.63617
4250.0 6050.0 0.23441
4350.0 6050.0 -0.30159
4450.0 6050.0 -0.31973
4550.0 6050.0 0.11378
4650.0 6050.0 0.54259
4750.0 6050.0 0.52013
4850.0 6050.0 -0.06035
4950.0 6050.0 -0.79714
5050.0 6050.0 -1.25543
5150.0 6050.0 -1.17074
5250.0 6050.0 -0.63245
5350.0 6050.0 -0.08383
5450.0 6050.0 0.05894
5550.0 6050.0 -0.11709
5650.0 6050.0 -0.75222
5750.0 6050.0 -1.44970
5850.0 6050.0 -1.60972
5950.0 6050.0 -1.06222
6050.0 6050.0 -0.12871
6150.0 6050.0 0.73643
6250.0 6050.0 0.89083
6350.0 6050.0 0.29347
50.0 6150.0 -0.43328
150.0 6150.0 -0.73914
250.0 6150.0 -0.90341
350.0 6150.0 -0.76949
450.0 6150.0 -0.37621
550.0 6150.0 0.03191
650.0 6150.0 0.23819
750.0 6150.0 0.39975
850.0 6150.0 0.60354
950.0 6150.0 0.65160
1050.0 6150.0 0.42289
1150.0 6150.0 0.01606
1250.0 6150.0 -0.36988
1350.0 6150.0 -0.87144
1450.0 6150.0 -1.75328
1550.0 6150.0 -2.44579
1650.0 6150.0 -2.39424
1750.0 6150.0 -1.63538
1850.0 6150.0 -0.65839
1950.0 6150.0 0.15499
2050.0 6150.0 0.33759
2150.0 6150.0 -0.02920
2250.0 6150.0 -0.41665
2350.0 6150.0 -0.28312
2450.0 6150.0 0.50808
2550.0 6150.0 1.52246
2650.0 6150.0 2.37712
2750.0 6150.0 2.49131
2850.0 6150.0 1.71022
2950.0 6150.0 0.58678
3050.0 6150.0 -0.16363
3150.0 6150.0 -0.55107
3250.0 6150.0 -0.31623
3350.0 6150.0 0.39684
3450.0 6150.0 1.02312
3550.0 6150.0 1.07161
3650.0 6150.0 0.48292
3750.0 6150.0 -0.22327
3850.0 6150.0 -0.54313
3950.0 6150.0 -0.43600
4050.0 6150.0 -0.19191
4150.0 6150.0 -0.20518
4250.0 6150.0 -0.66223
4350.0 6150.0 -1.14058
4450.0 6150.0 -0.88760
4550.0 6150.0 0.02567
4650.0 6150.0 0.96685
4750.0 6150.0 1.29009
4850.0 6150.0 0.81783
4950.0 6150.0 0.07618
5050.0 6150.0 -0.55281
5150.0 6150.0 -0.80530
5250.0 6150.0 -0.63453
5350.0 6150.0 -0.32587
5450.0 6150.0 -0.23567
5550.0 6150.0 -0.39130
5650.0 6150.0 -0.98652
5750.0 6150.0 -1.63684
5850.0 6150.0 -1.76512
5950.0 6150.0 -1.21157
6050.0 6150.0 -0.28980
6150.0 6150.0 0.55828
6250.0 6150.0 0.68575
6350.0 6150.0 0.05179
50.0 6250.0 -0.68356
150.0 6250.0 -0.80123
250.0 6250.0 -0.81201
350.0 6250.0 -0.58356
450.0 6250.0 -0.13903
550.0 6250.0 0.32703
650.0 6250.0 0.63606
750.0 6250.0 0.86605
850.0 6250.0 0.91896
950.0 6250.0 0.60293
1050.0 6250.0 -0.03277
1150.0 6250.0 -0.68571
1250.0 6250.0 -1.08531
1350.0 6250.0 -1.48833
1450.0 6250.0 -2.13744
1550.0 6250.0 -2.58611
1650.0 6250.0 -2.43956
1750.0 6250.0 -1.77595
1850.0 6250.0 -0.99743
1950.0 6250.0 -0.37068
2050.0 6250.0 -0.22593
2150.0 6250.0 -0.41885
2250.0 6250.0 -0.50669
2350.0 6250.0 -0.13265
2450.0 6250.0 0.71608
2550.0 6250.0 1.67376
2650.0 6250.0 2.28854
2750.0 6250.0 2.05729
2850.0 6250.0 1.00652
2950.0 6250.0 -0.19083
3050.0 6250.0 -0.84108
3150.0 6250.0 -1.08247
3250.0 6250.0 -0.68443
3350.0 6250.0 0.21667
3450.0 6250.0 1.04601
3550.0 6250.0 1.29106
3650.0 6250.0 0.87740
3750.0 6250.0 0.28246
3850.0 6250.0 -0.21355
3950.0 6250.0 -0.56917
4050.0 6250.0 -0.84316
4150.0 6250.0 -1.15776
4250.0 6250.0 -1.59680
4350.0 6250.0 -1.93844
4450.0 6250.0 -1.49771
4550.0 6250.0 -0.32938
4650.0 6250.0 0.90141
4750.0 6250.0 1.48937
4850.0 6250.0 1.21919
4950.0 6250.0 0.61771
5050.0 6250.0 -0.08224
5150.0 6250.0 -0.63580
5250.0 6250.0 -0.83227
5350.0 6250.0 -0.74371
5450.0 6250.0 -0.62865
5550.0 6250.0 -0.63849
5650.0 6250.0 -0.96970
5750.0 6250.0 -1.32578
5850.0 6250.0 -1.27613
5950.0 6250.0 -0.71423
6050.0 6250.0 0.11172
6150.0 6250.0 0.85074
6250.0 6250.0 0.89445
6350.0 6250.0 0.20649
50.0 6350.0 -0.52331
150.0 6350.0 -0.32502
250.0 6350.0 -0.23776
350.0 6350.0 -0.15023
450.0 6350.0 0.07043
550.0 6350.0 0.45136
650.0 6350.0 0.91328
750.0 6350.0 1.31458
850.0 6350.0 1.29807
950.0 6350.0 0.65829
1050.0 6350.0 -0.37764
1150.0 6350.0 -1.26935
1250.0 6350.0 -1.64579
1350.0 6350.0 -1.85995
1450.0 6350.0 -2.05400
1550.0 6350.0 -2.01522
1650.0 6350.0 -1.66136
1750.0 6350.0 -1.15990
1850.0 6350.0 -0.75171
1950.0 6350.0 -0.52741
2050.0 6350.0 -0.72979
2150.0 6350.0 -1.07104
2250.0 6350.0 -1.08388
2350.0 6350.0 -0.56361
2450.0 6350.0 0.32260
2550.0 6350.0 1.21199
2650.0 6350.0 1.59314
2750.0 6350.0 1.09285
2850.0 6350.0 -0.06986
2950.0 6350.0 -1.15512
3050.0 6350.0 -1.55658
3150.0 6350.0 -1.55590
3250.0 6350.0 -1.04624
3350.0 6350.0 -0.13763
3450.0 6350.0 0.71170
3550.0 6350.0 1.09481
3650.0 6350.0 0.95412
3750.0 6350.0 0.61974
3850.0 6350.0 0.10156
3950.0 6350.0 -0.57131
4050.0 6350.0 -1.23670
4150.0 6350.0 -1.74022
4250.0 6350.0 -2.04947
4350.0 6350.0 -2.19037
4450.0 6350.0 -1.75844
4550.0 6350.0 -0.76734
4650.0 6350.0 0.30993
4750.0 6350.0 0.93906
4850.0 6350.0 0.93095
4950.0 6350.0 0.62813
5050.0 6350.0 0.02278
5150.0 6350.0 -0.67883
5250.0 6350.0 -1.11803
5350.0 6350.0 -1.14700
5450.0 6350.0 -0.90557
5550.0 6350.0 -0.65115
5650.0 6350.0 -0.55957
5750.0 6350.0 -0.50048
5850.0 6350.0 -0.26624
5950.0 6350.0 0.21053
6050.0 6350.0 0.82809
6150.0 6350.0 1.36906
6250.0 6350.0 1.31035
6350.0 6350.0 0.62525
