50.0 50.0 0.00000
150.0 50.0 0.40267
250.0 50.0 0.79893
350.0 50.0 1.01255
450.0 50.0 0.92409
550.0 50.0 0.59379
650.0 50.0 0.22772
750.0 50.0 -0.01292
850.0 50.0 -0.24377
950.0 50.0 -0.52329
1050.0 50.0 -0.71795
1150.0 50.0 -0.70894
1250.0 50.0 -0.50096
1350.0 50.0 -0.21570
1450.0 50.0 0.02946
1550.0 50.0 0.11326
1650.0 50.0 -0.18297
1750.0 50.0 -0.67806
1850.0 50.0 -1.03122
1950.0 50.0 -0.99573
2050.0 50.0 -0.54378
2150.0 50.0 0.13693
2250.0 50.0 0.67195
2350.0 50.0 0.71024
2450.0 50.0 0.29053
2550.0 50.0 -0.27603
2650.0 50.0 -0.59799
2750.0 50.0 -0.41650
2850.0 50.0 0.16600
2950.0 50.0 0.93705
3050.0 50.0 1.79447
3150.0 50.0 2.28908
3250.0 50.0 2.11601
3350.0 50.0 1.38007
3450.0 50.0 0.50210
3550.0 50.0 -0.22762
3650.0 50.0 -0.86212
3750.0 50.0 -1.21379
3850.0 50.0 -1.13497
3950.0 50.0 -0.70363
4050.0 50.0 -0.21126
4150.0 50.0 0.01856
4250.0 50.0 -0.02695
4350.0 50.0 -0.03920
4450.0 50.0 0.04779
4550.0 50.0 0.17343
4650.0 50.0 0.25131
4750.0 50.0 0.22495
4850.0 50.0 0.09529
4950.0 50.0 -0.08867
5050.0 50.0 -0.40400
5150.0 50.0 -0.81541
5250.0 50.0 -1.08139
5350.0 50.0 -1.02893
5450.0 50.0 -0.68113
5550.0 50.0 -0.21670
5650.0 50.0 0.21090
5750.0 50.0 0.30073
5850.0 50.0 -0.09034
5950.0 50.0 -0.67393
6050.0 50.0 -1.04761
6150.0 50.0 -0.93622
6250.0 50.0 -0.33321
6350.0 50.0 0.48578
50.0 150.0 0.74519
150.0 150.0 1.12334
250.0 150.0 1.46561
350.0 150.0 1.60375
450.0 150.0 1.44298
550.0 150.0 1.06559
650.0 150.0 0.68542
750.0 150.0 0.45319
850.0 150.0 0.22435
950.0 150.0 -0.09256
1050.0 150.0 -0.36702
1150.0 150.0 -0.45784
1250.0 150.0 -0.33622
1350.0 150.0 -0.09730
1450.0 150.0 0.13953
1550.0 150.0 0.19403
1650.0 150.0 -0.22484
1750.0 150.0 -0.93641
1850.0 150.0 -1.54455
1950.0 150.0 -1.72590
2050.0 150.0 -1.39619
2150.0 150.0 -0.75475
2250.0 150.0 -0.20328
2350.0 150.0 -0.02798
2450.0 150.0 -0.20690
2550.0 150.0 -0.50882
2650.0 150.0 -0.63453
2750.0 150.0 -0.38004
2850.0 150.0 0.18269
2950.0 150.0 0.93103
3050.0 150.0 1.79501
3150.0 150.0 2.33412
3250.0 150.0 2.23180
3350.0 150.0 1.56554
3450.0 150.0 0.72928
3550.0 150.0 0.01323
3650.0 150.0 -0.62950
3750.0 150.0 -1.02960
3850.0 150.0 -1.02774
3950.0 150.0 -0.67304
4050.0 150.0 -0.22876
4150.0 150.0 -0.00607
4250.0 150.0 -0.03222
4350.0 150.0 0.01408
4450.0 150.0 0.22809
4550.0 150.0 0.52055
4650.0 150.0 0.75223
4750.0 150.0 0.82221
4850.0 150.0 0.71894
4950.0 150.0 0.52082
5050.0 150.0 0.11745
5150.0 150.0 -0.51251
5250.0 150.0 -1.08545
5350.0 150.0 -1.33544
5450.0 150.0 -1.19560
5550.0 150.0 -0.80814
5650.0 150.0 -0.38199
5750.0 150.0 -0.22135
5850.0 150.0 -0.42533
5950.0 150.0 -0.74552
6050.0 150.0 -0.86257
6150.0 150.0 -0.58072
6250.0 150.0 0.07673
6350.0 150.0 0.89026
50.0 250.0 1.24512
150.0 250.0 1.52428
250.0 250.0 1.73465
350.0 250.0 1.75234
450.0 250.0 1.53506
550.0 250.0 1.17869
650.0 250.0 0.86494
750.0 250.0 0.70030
850.0 250.0 0.53368
950.0 250.0 0.26252
1050.0 250.0 -0.00395
1150.0 250.0 -0.12850
1250.0 250.0 -0.06162
1350.0 250.0 0.13522
1450.0 250.0 0.35853
1550.0 250.0 0.39560
1650.0 250.0 -0.09689
1750.0 250.0 -0.97558
1850.0 250.0 -1.83432
1950.0 250.0 -2.29044
2050.0 250.0 -2.18488
2150.0 250.0 -1.69571
2250.0 250.0 -1.19985
2350.0 250.0 -0.84826
2450.0 250.0 -0.65573
2550.0 250.0 -0.54750
2650.0 250.0 -0.40012
2750.0 250.0 -0.11031
2850.0 250.0 0.31124
2950.0 250.0 0.87903
3050.0 250.0 1.56009
3150.0 250.0 1.98559
3250.0 250.0 1.88115
3350.0 250.0 1.29819
3450.0 250.0 0.55654
3550.0 250.0 -0.09850
3650.0 250.0 -0.72979
3750.0 250.0 -1.20792
3850.0 250.0 -1.33834
3950.0 250.0 -1.10103
4050.0 250.0 -0.70014
4150.0 250.0 -0.42875
4250.0 250.0 -0.35151
4350.0 250.0 -0.13305
4450.0 250.0 0.34721
4550.0 250.0 0.91749
4650.0 250.0 1.34355
4750.0 250.0 1.48135
4850.0 250.0 1.34542
4950.0 250.0 1.07677
5050.0 250.0 0.54260
5150.0 250.0 -0.31403
5250.0 250.0 -1.16134
5350.0 250.0 -1.65659
5450.0 250.0 -1.67409
5550.0 250.0 -1.34610
5650.0 250.0 -0.92947
5750.0 250.0 -0.72478
5850.0 250.0 -0.80221
5950.0 250.0 -0.94822
6050.0 250.0 -0.90553
6150.0 250.0 -0.53190
6250.0 250.0 0.13440
6350.0 250.0 0.91831
50.0 350.0 1.29255
150.0 350.0 1.39905
250.0 350.0 1.41159
350.0 350.0 1.28827
450.0 350.0 1.06068
550.0 350.0 0.82010
650.0 350.0 0.66849
750.0 350.0 0.63431
850.0 350.0 0.59110
950.0 350.0 0.44842
1050.0 350.0 0.27549
1150.0 350.0 0.17987
1250.0 350.0 0.22027
1350.0 350.0 0.37729
1450.0 350.0 0.58149
1550.0 350.0 0.63055
1650.0 350.0 0.18679
1750.0 350.0 -0.68590
1850.0 350.0 -1.65333
1950.0 350.0 -2.33461
2050.0 350.0 -2.50510
2150.0 350.0 -2.27738
2250.0 350.0 -1.93033
2350.0 350.0 -1.43540
2450.0 350.0 -0.85776
2550.0 350.0 -0.32214
2650.0 350.0 0.07503
2750.0 350.0 0.31452
2850.0 350.0 0.46534
2950.0 350.0 0.69869
3050.0 350.0 1.03021
3150.0 350.0 1.22397
3250.0 350.0 1.08985
3350.0 350.0 0.63971
3450.0 350.0 0.06252
3550.0 350.0 -0.48145
3650.0 350.0 -1.07600
3750.0 350.0 -1.64598
3850.0 350.0 -1.93997
3950.0 350.0 -1.83512
4050.0 350.0 -1.45317
4150.0 350.0 -1.06765
4250.0 350.0 -0.80102
4350.0 350.0 -0.31957
4450.0 350.0 0.49335
4550.0 350.0 1.34104
4650.0 350.0 1.88586
4750.0 350.0 1.97832
4850.0 350.0 1.71625
4950.0 350.0 1.31860
5050.0 350.0 0.64132
5150.0 350.0 -0.36267
5250.0 350.0 -1.32363
5350.0 350.0 -1.87762
5450.0 350.0 -1.91158
5550.0 350.0 -1.59229
5650.0 350.0 -1.19281
5750.0 350.0 -0.98733
5850.0 350.0 -1.04161
5950.0 350.0 -1.16333
6050.0 350.0 -1.11763
6150.0 350.0 -0.77169
6250.0 350.0 -0.15668
6350.0 350.0 0.57124
50.0 450.0 0.90124
150.0 450.0 0.81031
250.0 450.0 0.61808
350.0 450.0 0.37950
450.0 450.0 0.19886
550.0 450.0 0.14336
650.0 450.0 0.20796
750.0 450.0 0.33136
850.0 450.0 0.43436
950.0 450.0 0.44862
1050.0 450.0 0.39625
1150.0 450.0 0.34688
1250.0 450.0 0.36619
1350.0 450.0 0.48150
1450.0 450.0 0.66407
1550.0 450.0 0.75912
1650.0 450.0 0.50609
1750.0 450.0 -0.13267
1850.0 450.0 -0.97323
1950.0 450.0 -1.71706
2050.0 450.0 -2.11425
2150.0 450.0 -2.18119
2250.0 450.0 -2.04416
2350.0 450.0 -1.51503
2450.0 450.0 -0.70549
2550.0 450.0 0.09035
2650.0 450.0 0.59387
2750.0 450.0 0.68820
2850.0 450.0 0.51186
2950.0 450.0 0.36208
3050.0 450.0 0.31645
3150.0 450.0 0.29097
3250.0 450.0 0.17870
3350.0 450.0 -0.07271
3450.0 450.0 -0.43807
3550.0 450.0 -0.84973
3650.0 450.0 -1.39103
3750.0 450.0 -2.03642
3850.0 450.0 -2.47248
3950.0 450.0 -2.47071
4050.0 450.0 -2.07244
4150.0 450.0 -1.53691
4250.0 450.0 -1.04801
4350.0 450.0 -0.30240
4450.0 450.0 0.76808
4550.0 450.0 1.74259
4650.0 450.0 2.22263
4750.0 450.0 2.11576
4850.0 450.0 1.64829
4950.0 450.0 1.09828
5050.0 450.0 0.31463
5150.0 450.0 -0.69079
5250.0 450.0 -1.53591
5350.0 450.0 -1.90854
5450.0 450.0 -1.78757
5550.0 450.0 -1.41425
5650.0 450.0 -1.03399
5750.0 450.0 -0.86521
5850.0 450.0 -0.99054
5950.0 450.0 -1.22248
6050.0 450.0 -1.30957
6150.0 450.0 -1.08836
6250.0 450.0 -0.56540
6350.0 450.0 0.09428
50.0 550.0 0.33996
150.0 550.0 0.08856
250.0 550.0 -0.25424
350.0 550.0 -0.55252
450.0 550.0 -0.65158
550.0 550.0 -0.51769
650.0 550.0 -0.25459
750.0 550.0 0.00308
850.0 550.0 0.22466
950.0 550.0 0.35523
1050.0 550.0 0.37804
1150.0 550.0 0.33831
1250.0 550.0 0.31665
1350.0 550.0 0.38543
1450.0 550.0 0.54830
1550.0 550.0 0.70801
1650.0 550.0 0.72402
1750.0 550.0 0.46744
1850.0 550.0 -0.05717
1950.0 550.0 -0.68619
2050.0 550.0 -1.19149
2150.0 550.0 -1.49342
2250.0 550.0 -1.56104
2350.0 550.0 -1.11704
2450.0 550.0 -0.30111
2550.0 550.0 0.50659
2650.0 550.0 0.94027
2750.0 550.0 0.84090
2850.0 550.0 0.38457
2950.0 550.0 -0.06684
3050.0 550.0 -0.36665
3150.0 550.0 -0.47970
3250.0 550.0 -0.47203
3350.0 550.0 -0.48133
3450.0 550.0 -0.63680
3550.0 550.0 -0.93517
3650.0 550.0 -1.42484
3750.0 550.0 -2.10948
3850.0 550.0 -2.62753
3950.0 550.0 -2.67353
4050.0 550.0 -2.23376
4150.0 550.0 -1.56182
4250.0 550.0 -0.88831
4350.0 550.0 0.03511
4450.0 550.0 1.19487
4550.0 550.0 2.08788
4650.0 550.0 2.32207
4750.0 550.0 1.91198
4850.0 550.0 1.21973
4950.0 550.0 0.54157
5050.0 550.0 -0.28558
5150.0 550.0 -1.16700
5250.0 550.0 -1.73386
5350.0 550.0 -1.77292
5450.0 550.0 -1.39591
5550.0 550.0 -0.93074
5650.0 550.0 -0.56522
5750.0 550.0 -0.44319
5850.0 550.0 -0.67000
5950.0 550.0 -1.05351
6050.0 550.0 -1.30990
6150.0 550.0 -1.23225
6250.0 550.0 -0.79960
6350.0 550.0 -0.19961
50.0 650.0 -0.01271
150.0 650.0 -0.34585
250.0 650.0 -0.75415
350.0 650.0 -1.05882
450.0 650.0 -1.08562
550.0 650.0 -0.82772
650.0 650.0 -0.44741
750.0 650.0 -0.11695
850.0 650.0 0.15995
950.0 650.0 0.31904
1050.0 650.0 0.32390
1150.0 650.0 0.22329
1250.0 650.0 0.12649
1350.0 650.0 0.14378
1450.0 650.0 0.29231
1550.0 650.0 0.50841
1650.0 650.0 0.75947
1750.0 650.0 0.86289
1850.0 650.0 0.68280
1950.0 650.0 0.25565
2050.0 650.0 -0.23822
2150.0 650.0 -0.65510
2250.0 650.0 -0.85645
2350.0 650.0 -0.55644
2450.0 650.0 0.09986
2550.0 650.0 0.73502
2650.0 650.0 0.99365
2750.0 650.0 0.72873
2850.0 650.0 0.11848
2950.0 650.0 -0.46716
3050.0 650.0 -0.81580
3150.0 650.0 -0.84004
3250.0 650.0 -0.62465
3350.0 650.0 -0.39752
3450.0 650.0 -0.39483
3550.0 650.0 -0.62917
3650.0 650.0 -1.08657
3750.0 650.0 -1.77545
3850.0 650.0 -2.31134
3950.0 650.0 -2.35593
4050.0 650.0 -1.87485
4150.0 650.0 -1.12308
4250.0 650.0 -0.35308
4350.0 650.0 0.62286
4450.0 650.0 1.70745
4550.0 650.0 2.37503
4650.0 650.0 2.29251
4750.0 650.0 1.58886
4850.0 650.0 0.72581
4950.0 650.0 -0.02157
5050.0 650.0 -0.83979
5150.0 650.0 -1.56754
5250.0 650.0 -1.85958
5350.0 650.0 -1.59418
5450.0 650.0 -0.99270
5550.0 650.0 -0.44610
5650.0 650.0 -0.08671
5750.0 650.0 0.01278
5850.0 650.0 -0.26201
5950.0 650.0 -0.71762
6050.0 650.0 -1.05557
6150.0 650.0 -1.04836
6250.0 650.0 -0.66146
6350.0 650.0 -0.09621
50.0 750.0 0.00751
150.0 750.0 -0.33734
250.0 750.0 -0.74539
350.0 750.0 -1.03034
450.0 750.0 -1.02045
550.0 750.0 -0.72116
650.0 750.0 -0.31025
750.0 750.0 0.03438
850.0 750.0 0.30886
950.0 750.0 0.41793
1050.0 750.0 0.32311
1150.0 750.0 0.10129
1250.0 750.0 -0.09835
1350.0 750.0 -0.13524
1450.0 750.0 0.00416
1550.0 750.0 0.25351
1650.0 750.0 0.64350
1750.0 750.0 0.97629
1850.0 750.0 1.04344
1950.0 750.0 0.80024
2050.0 750.0 0.38054
2150.0 750.0 -0.04674
2250.0 750.0 -0.29920
2350.0 750.0 -0.13148
2450.0 750.0 0.32058
2550.0 750.0 0.73214
2650.0 750.0 0.81070
2750.0 750.0 0.44843
2850.0 750.0 -0.19514
2950.0 750.0 -0.76805
3050.0 750.0 -1.00140
3150.0 750.0 -0.81407
3250.0 750.0 -0.35257
3350.0 750.0 0.07374
3450.0 750.0 0.17298
3550.0 750.0 -0.04403
3650.0 750.0 -0.49163
3750.0 750.0 -1.16736
3850.0 750.0 -1.68491
3950.0 750.0 -1.70685
4050.0 750.0 -1.20228
4150.0 750.0 -0.43013
4250.0 750.0 0.35537
4350.0 750.0 1.29153
4450.0 750.0 2.21830
4550.0 750.0 2.63066
4650.0 750.0 2.27165
4750.0 750.0 1.35880
4850.0 750.0 0.40425
4950.0 750.0 -0.35749
5050.0 750.0 -1.14685
5150.0 750.0 -1.77246
5250.0 750.0 -1.90734
5350.0 750.0 -1.47926
5450.0 750.0 -0.76243
5550.0 750.0 -0.17352
5650.0 750.0 0.18707
5750.0 750.0 0.30058
5850.0 750.0 0.06423
5950.0 750.0 -0.33781
6050.0 750.0 -0.62494
6150.0 750.0 -0.58596
6250.0 750.0 -0.19174
6350.0 750.0 0.36316
50.0 850.0 0.21497
150.0 850.0 -0.11850
250.0 850.0 -0.49323
350.0 850.0 -0.73070
450.0 850.0 -0.67886
550.0 850.0 -0.35900
650.0 850.0 0.04748
750.0 850.0 0.37215
850.0 850.0 0.60378
950.0 850.0 0.60203
1050.0 850.0 0.34335
1150.0 850.0 -0.04343
1250.0 850.0 -0.35811
1350.0 850.0 -0.43695
1450.0 850.0 -0.28651
1550.0 850.0 0.00495
1650.0 850.0 0.51169
1750.0 850.0 1.03377
1850.0 850.0 1.31689
1950.0 850.0 1.25596
2050.0 850.0 0.94246
2150.0 850.0 0.55652
2250.0 850.0 0.30301
2350.0 850.0 0.37379
2450.0 850.0 0.63836
2550.0 850.0 0.83064
2650.0 850.0 0.73450
2750.0 850.0 0.29440
2850.0 850.0 -0.34853
2950.0 850.0 -0.87965
3050.0 850.0 -0.99177
3150.0 850.0 -0.61585
3250.0 850.0 0.04965
3350.0 850.0 0.63515
3450.0 850.0 0.81318
3550.0 850.0 0.61755
3650.0 850.0 0.20542
3750.0 850.0 -0.40218
3850.0 850.0 -0.84556
3950.0 850.0 -0.81998
4050.0 850.0 -0.31058
4150.0 850.0 0.43128
4250.0 850.0 1.17122
4350.0 850.0 1.99600
4450.0 850.0 2.69221
4550.0 850.0 2.80600
4650.0 850.0 2.17305
4750.0 850.0 1.08769
4850.0 850.0 0.08251
4950.0 850.0 -0.66351
5050.0 850.0 -1.39811
5150.0 850.0 -1.90872
5250.0 850.0 -1.89380
5350.0 850.0 -1.32698
5450.0 850.0 -0.52147
5550.0 850.0 0.09508
5650.0 850.0 0.45388
5750.0 850.0 0.59274
5850.0 850.0 0.42914
5950.0 850.0 0.12983
6050.0 850.0 -0.05902
6150.0 850.0 0.04194
6250.0 850.0 0.45074
6350.0 850.0 0.98998
50.0 950.0 0.64835
150.0 950.0 0.35787
250.0 950.0 0.08647
350.0 950.0 -0.02445
450.0 950.0 0.11189
550.0 950.0 0.43557
650.0 950.0 0.77325
750.0 950.0 0.99705
850.0 950.0 1.08769
950.0 950.0 0.84057
1050.0 950.0 0.29503
1150.0 950.0 -0.31372
1250.0 950.0 -0.72063
1350.0 950.0 -0.77131
1450.0 950.0 -0.53672
1550.0 950.0 -0.15556
1650.0 950.0 0.45085
1750.0 950.0 1.09996
1850.0 950.0 1.54248
1950.0 950.0 1.65897
2050.0 950.0 1.51576
2150.0 950.0 1.28099
2250.0 950.0 1.14363
2350.0 950.0 1.22414
2450.0 950.0 1.37344
2550.0 950.0 1.37605
2650.0 950.0 1.10976
2750.0 950.0 0.60347
2850.0 950.0 -0.00597
2950.0 950.0 -0.49839
3050.0 950.0 -0.58820
3150.0 950.0 -0.19607
3250.0 950.0 0.49465
3350.0 950.0 1.12378
3450.0 950.0 1.36298
3550.0 950.0 1.23836
3650.0 950.0 0.96872
3750.0 950.0 0.60613
3850.0 950.0 0.39729
3950.0 950.0 0.52818
4050.0 950.0 0.97530
4150.0 950.0 1.54130
4250.0 950.0 2.07354
4350.0 950.0 2.60543
4450.0 950.0 2.89901
4550.0 950.0 2.62539
4650.0 950.0 1.74585
4750.0 950.0 0.59310
4850.0 950.0 -0.35942
4950.0 950.0 -1.02030
5050.0 950.0 -1.62222
5150.0 950.0 -1.93708
5250.0 950.0 -1.71796
5350.0 950.0 -1.00044
5450.0 950.0 -0.12667
5550.0 950.0 0.49157
5650.0 950.0 0.83142
5750.0 950.0 0.99710
5850.0 950.0 0.93398
5950.0 950.0 0.77641
6050.0 950.0 0.71454
6150.0 950.0 0.88048
6250.0 950.0 1.28006
6350.0 950.0 1.76753
50.0 1050.0 1.08772
150.0 1050.0 0.86859
250.0 1050.0 0.75659
350.0 1050.0 0.82722
450.0 1050.0 1.06391
550.0 1050.0 1.35396
650.0 1050.0 1.54926
750.0 1050.0 1.59183
850.0 1050.0 1.45842
950.0 1050.0 0.89182
1050.0 1050.0 0.03945
1150.0 1050.0 -0.73265
1250.0 1050.0 -1.11703
1350.0 1050.0 -1.02485
1450.0 1050.0 -0.62826
1550.0 1050.0 -0.12612
1650.0 1050.0 0.50113
1750.0 1050.0 1.11109
1850.0 1050.0 1.53948
1950.0 1050.0 1.73456
2050.0 1050.0 1.77838
2150.0 1050.0 1.79549
2250.0 1050.0 1.89367
2350.0 1050.0 2.10901
2450.0 1050.0 2.24867
2550.0 1050.0 2.12933
2650.0 1050.0 1.72747
2750.0 1050.0 1.18017
2850.0 1050.0 0.63755
2950.0 1050.0 0.17671
3050.0 1050.0 -0.00099
3150.0 1050.0 0.21743
3250.0 1050.0 0.73561
3350.0 1050.0 1.27790
3450.0 1050.0 1.55314
3550.0 1050.0 1.54674
3650.0 1050.0 1.51374
3750.0 1050.0 1.53682
3850.0 1050.0 1.67038
3950.0 1050.0 1.91262
4050.0 1050.0 2.19557
4150.0 1050.0 2.42925
4250.0 1050.0 2.59645
4350.0 1050.0 2.69628
4450.0 1050.0 2.53039
4550.0 1050.0 1.94771
4650.0 1050.0 1.01705
4750.0 1050.0 0.01979
4850.0 1050.0 -0.73247
4950.0 1050.0 -1.23903
5050.0 1050.0 -1.65630
5150.0 1050.0 -1.76273
5250.0 1050.0 -1.38204
5350.0 1050.0 -0.59799
5450.0 1050.0 0.25759
5550.0 1050.0 0.82774
5650.0 1050.0 1.13013
5750.0 1050.0 1.31009
5850.0 1050.0 1.33789
5950.0 1050.0 1.30841
6050.0 1050.0 1.35073
6150.0 1050.0 1.55032
6250.0 1050.0 1.90582
6350.0 1050.0 2.31012
50.0 1150.0 1.24716
150.0 1150.0 1.10605
250.0 1150.0 1.15690
350.0 1150.0 1.39918
450.0 1150.0 1.70795
550.0 1150.0 1.92358
650.0 1150.0 1.93667
750.0 1150.0 1.76809
850.0 1150.0 1.39836
950.0 1150.0 0.56160
1050.0 1150.0 -0.47305
1150.0 1150.0 -1.23774
1250.0 1150.0 -1.43797
1350.0 1150.0 -1.10200
1450.0 1150.0 -0.50771
1550.0 1150.0 0.10639
1650.0 1150.0 0.64525
1750.0 1150.0 1.01943
1850.0 1150.0 1.21751
1950.0 1150.0 1.33297
2050.0 1150.0 1.50945
2150.0 1150.0 1.80515
2250.0 1150.0 2.18713
2350.0 1150.0 2.60863
2450.0 1150.0 2.82170
2550.0 1150.0 2.65508
2650.0 1150.0 2.16936
2750.0 1150.0 1.60802
2850.0 1150.0 1.14553
2950.0 1150.0 0.70842
3050.0 1150.0 0.38633
3150.0 1150.0 0.33621
3250.0 1150.0 0.58215
3350.0 1150.0 0.96879
3450.0 1150.0 1.26084
3550.0 1150.0 1.38756
3650.0 1150.0 1.61058
3750.0 1150.0 2.02639
3850.0 1150.0 2.47610
3950.0 1150.0 2.76555
4050.0 1150.0 2.80094
4150.0 1150.0 2.62870
4250.0 1150.0 2.37706
4350.0 1150.0 2.04622
4450.0 1150.0 1.54700
4550.0 1150.0 0.89968
4650.0 1150.0 0.20803
4750.0 1150.0 -0.39782
4850.0 1150.0 -0.83673
4950.0 1150.0 -1.16291
5050.0 1150.0 -1.40900
5150.0 1150.0 -1.38952
5250.0 1150.0 -0.98794
5350.0 1150.0 -0.29279
5450.0 1150.0 0.42690
5550.0 1150.0 0.89946
5650.0 1150.0 1.15562
5750.0 1150.0 1.32710
5850.0 1150.0 1.39434
5950.0 1150.0 1.42015
6050.0 1150.0 1.49194
6150.0 1150.0 1.66922
6250.0 1150.0 1.95310
6350.0 1150.0 2.26841
50.0 1250.0 1.01432
150.0 1250.0 0.93295
250.0 1250.0 1.09708
350.0 1250.0 1.44404
450.0 1250.0 1.77053
550.0 1250.0 1.89171
650.0 1250.0 1.73886
750.0 1250.0 1.39569
850.0 1250.0 0.85316
950.0 1250.0 -0.11389
1050.0 1250.0 -1.13949
1150.0 1250.0 -1.71782
1250.0 1250.0 -1.62188
1350.0 1250.0 -1.01394
1450.0 1250.0 -0.24806
1550.0 1250.0 0.43525
1650.0 1250.0 0.81127
1750.0 1250.0 0.83919
1850.0 1250.0 0.67660
1950.0 1250.0 0.58975
2050.0 1250.0 0.80761
2150.0 1250.0 1.32117
2250.0 1250.0 1.93794
2350.0 1250.0 2.54284
2450.0 1250.0 2.84167
2550.0 1250.0 2.66528
2650.0 1250.0 2.13359
2750.0 1250.0 1.57104
2850.0 1250.0 1.17479
2950.0 1250.0 0.75745
3050.0 1250.0 0.31976
3150.0 1250.0 0.05416
3250.0 1250.0 0.08181
3350.0 1250.0 0.34419
3450.0 1250.0 0.65086
3550.0 1250.0 0.88552
3650.0 1250.0 1.30008
3750.0 1250.0 1.98211
3850.0 1250.0 2.60719
3950.0 1250.0 2.84948
4050.0 1250.0 2.62086
4150.0 1250.0 2.09269
4250.0 1250.0 1.50040
4350.0 1250.0 0.87559
4450.0 1250.0 0.27231
4550.0 1250.0 -0.17813
4650.0 1250.0 -0.41953
4750.0 1250.0 -0.52414
4850.0 1250.0 -0.63661
4950.0 1250.0 -0.81345
5050.0 1250.0 -0.95734
5150.0 1250.0 -0.93814
5250.0 1250.0 -0.66865
5350.0 1250.0 -0.19543
5450.0 1250.0 0.30966
5550.0 1250.0 0.66449
5650.0 1250.0 0.88022
5750.0 1250.0 1.02397
5850.0 1250.0 1.06881
5950.0 1250.0 1.06265
6050.0 1250.0 1.08283
6150.0 1250.0 1.19085
6250.0 1250.0 1.39891
6350.0 1250.0 1.64755
50.0 1350.0 0.50388
150.0 1350.0 0.44901
250.0 1350.0 0.65140
350.0 1350.0 1.01664
450.0 1350.0 1.31154
550.0 1350.0 1.35136
650.0 1350.0 1.09709
750.0 1350.0 0.66284
850.0 1350.0 0.05178
950.0 1350.0 -0.89457
1050.0 1350.0 -1.76340
1150.0 1350.0 -2.07310
1250.0 1350.0 -1.68587
1350.0 1350.0 -0.86917
1450.0 1350.0 -0.00614
1550.0 1350.0 0.69398
1650.0 1350.0 0.91225
1750.0 1350.0 0.63701
1850.0 1350.0 0.14836
1950.0 1350.0 -0.15486
2050.0 1350.0 0.02868
2150.0 1350.0 0.64502
2250.0 1350.0 1.37617
2350.0 1350.0 2.05824
2450.0 1350.0 2.37513
2550.0 1350.0 2.16616
2650.0 1350.0 1.58989
2750.0 1350.0 1.01689
2850.0 1350.0 0.65311
2950.0 1350.0 0.25792
3050.0 1350.0 -0.19569
3150.0 1350.0 -0.50258
3250.0 1350.0 -0.51273
3350.0 1350.0 -0.25850
3450.0 1350.0 0.07945
3550.0 1350.0 0.37038
3650.0 1350.0 0.86354
3750.0 1350.0 1.62204
3850.0 1350.0 2.24649
3950.0 1350.0 2.37152
4050.0 1350.0 1.94103
4150.0 1350.0 1.20481
4250.0 1350.0 0.44001
4350.0 1350.0 -0.28298
4450.0 1350.0 -0.78953
4550.0 1350.0 -0.91754
4650.0 1350.0 -0.70278
4750.0 1350.0 -0.39068
4850.0 1350.0 -0.27421
4950.0 1350.0 -0.37333
5050.0 1350.0 -0.50062
5150.0 1350.0 -0.57878
5250.0 1350.0 -0.51715
5350.0 1350.0 -0.29771
5450.0 1350.0 0.00041
5550.0 1350.0 0.25946
5650.0 1350.0 0.45218
5750.0 1350.0 0.56383
5850.0 1350.0 0.55011
5950.0 1350.0 0.46106
6050.0 1350.0 0.38960
6150.0 1350.0 0.41833
6250.0 1350.0 0.57282
6350.0 1350.0 0.79302
50.0 1450.0 -0.07506
150.0 1450.0 -0.13040
250.0 1450.0 0.05477
350.0 1450.0 0.38090
450.0 1450.0 0.62204
550.0 1450.0 0.60897
650.0 1450.0 0.31823
750.0 1450.0 -0.13312
850.0 1450.0 -0.73213
950.0 1450.0 -1.57240
1050.0 1450.0 -2.23668
1150.0 1450.0 -2.29855
1250.0 1450.0 -1.69919
1350.0 1450.0 -0.76639
1450.0 1450.0 0.12359
1550.0 1450.0 0.80711
1650.0 1450.0 0.92241
1750.0 1450.0 0.46706
1850.0 1450.0 -0.22153
1950.0 1450.0 -0.67705
2050.0 1450.0 -0.55662
2150.0 1450.0 0.06741
2250.0 1450.0 0.80390
2350.0 1450.0 1.45341
2450.0 1450.0 1.70077
2550.0 1450.0 1.40784
2650.0 1450.0 0.76378
2750.0 1450.0 0.16109
2850.0 1450.0 -0.20061
2950.0 1450.0 -0.56822
3050.0 1450.0 -0.93983
3150.0 1450.0 -1.11875
3250.0 1450.0 -0.99069
3350.0 1450.0 -0.62918
3450.0 1450.0 -0.23905
3550.0 1450.0 0.06415
3650.0 1450.0 0.54584
3750.0 1450.0 1.24139
3850.0 1450.0 1.75124
3950.0 1450.0 1.73869
4050.0 1450.0 1.18992
4150.0 1450.0 0.38616
4250.0 1450.0 -0.40535
4350.0 1450.0 -1.08669
4450.0 1450.0 -1.41146
4550.0 1450.0 -1.24125
4650.0 1450.0 -0.70181
4750.0 1450.0 -0.14400
4850.0 1450.0 0.07852
4950.0 1450.0 -0.00647
5050.0 1450.0 -0.17228
5150.0 1450.0 -0.37883
5250.0 1450.0 -0.51356
5350.0 1450.0 -0.49803
5450.0 1450.0 -0.34635
5550.0 1450.0 -0.14424
5650.0 1450.0 0.04202
5750.0 1450.0 0.12908
5850.0 1450.0 0.05501
5950.0 1450.0 -0.11928
6050.0 1450.0 -0.27597
6150.0 1450.0 -0.30745
6250.0 1450.0 -0.17761
6350.0 1450.0 0.04430
50.0 1550.0 -0.76062
150.0 1550.0 -0.83372
250.0 1550.0 -0.70112
350.0 1550.0 -0.44969
450.0 1550.0 -0.27386
550.0 1550.0 -0.31780
650.0 1550.0 -0.59962
750.0 1550.0 -1.01763
850.0 1550.0 -1.54689
950.0 1550.0 -2.21339
1050.0 1550.0 -2.63193
1150.0 1550.0 -2.46179
1250.0 1550.0 -1.71908
1350.0 1550.0 -0.75670
1450.0 1550.0 0.08770
1550.0 1550.0 0.71383
1650.0 1550.0 0.77162
1750.0 1550.0 0.26258
1850.0 1550.0 -0.47331
1950.0 1550.0 -0.97105
2050.0 1550.0 -0.89205
2150.0 1550.0 -0.31180
2250.0 1550.0 0.35232
2350.0 1550.0 0.86357
2450.0 1550.0 0.93800
2550.0 1550.0 0.49430
2650.0 1550.0 -0.23619
2750.0 1550.0 -0.85475
2850.0 1550.0 -1.19309
2950.0 1550.0 -1.50905
3050.0 1550.0 -1.77198
3150.0 1550.0 -1.80191
3250.0 1550.0 -1.52644
3350.0 1550.0 -1.05921
3450.0 1550.0 -0.62211
3550.0 1550.0 -0.31025
3650.0 1550.0 0.14344
3750.0 1550.0 0.74148
3850.0 1550.0 1.10704
3950.0 1550.0 0.95466
4050.0 1550.0 0.31832
4150.0 1550.0 -0.50198
4250.0 1550.0 -1.26533
4350.0 1550.0 -1.85313
4450.0 1550.0 -1.97018
4550.0 1550.0 -1.52614
4650.0 1550.0 -0.73495
4750.0 1550.0 -0.02145
4850.0 1550.0 0.24010
4950.0 1550.0 0.13035
5050.0 1550.0 -0.09531
5150.0 1550.0 -0.41948
5250.0 1550.0 -0.71182
5350.0 1550.0 -0.85318
5450.0 1550.0 -0.81747
5550.0 1550.0 -0.67342
5650.0 1550.0 -0.51363
5750.0 1550.0 -0.45561
5850.0 1550.0 -0.55766
5950.0 1550.0 -0.74755
6050.0 1550.0 -0.90267
6150.0 1550.0 -0.92119
6250.0 1550.0 -0.77835
6350.0 1550.0 -0.54034
50.0 1650.0 -1.57978
150.0 1650.0 -1.71031
250.0 1650.0 -1.71038
350.0 1650.0 -1.61192
450.0 1650.0 -1.52203
550.0 1650.0 -1.53936
650.0 1650.0 -1.70200
750.0 1650.0 -1.96669
850.0 1650.0 -2.28882
950.0 1650.0 -2.62115
1050.0 1650.0 -2.70328
1150.0 1650.0 -2.35599
1250.0 1650.0 -1.65824
1350.0 1650.0 -0.89714
1450.0 1650.0 -0.29157
1550.0 1650.0 0.15795
1650.0 1650.0 0.24001
1750.0 1650.0 -0.04364
1850.0 1650.0 -0.47266
1950.0 1650.0 -0.74670
2050.0 1650.0 -0.64770
2150.0 1650.0 -0.22540
2250.0 1650.0 0.19259
2350.0 1650.0 0.34046
2450.0 1650.0 0.04444
2550.0 1650.0 -0.64280
2650.0 1650.0 -1.43541
2750.0 1650.0 -1.98254
2850.0 1650.0 -2.20919
2950.0 1650.0 -2.40565
3050.0 1650.0 -2.54971
3150.0 1650.0 -2.49017
3250.0 1650.0 -2.17070
3350.0 1650.0 -1.69318
3450.0 1650.0 -1.24878
3550.0 1650.0 -0.91633
3650.0 1650.0 -0.49121
3750.0 1650.0 -0.01696
3850.0 1650.0 0.18285
3950.0 1650.0 -0.09503
4050.0 1650.0 -0.76010
4150.0 1650.0 -1.50934
4250.0 1650.0 -2.15054
4350.0 1650.0 -2.55706
4450.0 1650.0 -2.43067
4550.0 1650.0 -1.77641
4650.0 1650.0 -0.89218
4750.0 1650.0 -0.21433
4850.0 1650.0 -0.05891
4950.0 1650.0 -0.28189
5050.0 1650.0 -0.60287
5150.0 1650.0 -0.98796
5250.0 1650.0 -1.31331
5350.0 1650.0 -1.48198
5450.0 1650.0 -1.49357
5550.0 1650.0 -1.43091
5650.0 1650.0 -1.37129
5750.0 1650.0 -1.37577
5850.0 1650.0 -1.44078
5950.0 1650.0 -1.47837
6050.0 1650.0 -1.41319
6150.0 1650.0 -1.23293
6250.0 1650.0 -0.98584
6350.0 1650.0 -0.70340
50.0 1750.0 -2.12603
150.0 1750.0 -2.34894
250.0 1750.0 -2.54712
350.0 1750.0 -2.65865
450.0 1750.0 -2.65612
550.0 1750.0 -2.57942
650.0 1750.0 -2.51385
750.0 1750.0 -2.51365
850.0 1750.0 -2.51052
950.0 1750.0 -2.39905
1050.0 1750.0 -2.12803
1150.0 1750.0 -1.73051
1250.0 1750.0 -1.31294
1350.0 1750.0 -0.99668
1450.0 1750.0 -0.81223
1550.0 1750.0 -0.65707
1650.0 1750.0 -0.50958
1750.0 1750.0 -0.36903
1850.0 1750.0 -0.23041
1950.0 1750.0 -0.08769
2050.0 1750.0 0.06294
2150.0 1750.0 0.21926
2250.0 1750.0 0.25353
2350.0 1750.0 -0.08501
2450.0 1750.0 -0.79513
2550.0 1750.0 -1.65997
2650.0 1750.0 -2.37531
2750.0 1750.0 -2.71685
2850.0 1750.0 -2.74483
2950.0 1750.0 -2.76844
3050.0 1750.0 -2.81557
3150.0 1750.0 -2.77109
3250.0 1750.0 -2.55608
3350.0 1750.0 -2.19629
3450.0 1750.0 -1.79873
3550.0 1750.0 -1.43618
3650.0 1750.0 -1.03256
3750.0 1750.0 -0.68193
3850.0 1750.0 -0.63010
3950.0 1750.0 -0.98094
4050.0 1750.0 -1.59171
4150.0 1750.0 -2.17738
4250.0 1750.0 -2.60958
4350.0 1750.0 -2.76914
4450.0 1750.0 -2.41117
4550.0 1750.0 -1.67203
4650.0 1750.0 -0.90928
4750.0 1750.0 -0.49207
4850.0 1750.0 -0.59548
4950.0 1750.0 -1.01362
5050.0 1750.0 -1.44944
5150.0 1750.0 -1.80687
5250.0 1750.0 -1.99773
5350.0 1750.0 -2.02141
5450.0 1750.0 -1.98015
5550.0 1750.0 -2.00668
5650.0 1750.0 -2.11553
5750.0 1750.0 -2.23495
5850.0 1750.0 -2.25988
5950.0 1750.0 -2.07088
6050.0 1750.0 -1.66303
6150.0 1750.0 -1.16640
6250.0 1750.0 -0.74953
6350.0 1750.0 -0.39944
50.0 1850.0 -2.06375
150.0 1850.0 -2.38727
250.0 1850.0 -2.79204
350.0 1850.0 -3.11051
450.0 1850.0 -3.17239
550.0 1850.0 -2.96225
650.0 1850.0 -2.62598
750.0 1850.0 -2.32615
850.0 1850.0 -1.97368
950.0 1850.0 -1.43646
1050.0 1850.0 -0.89621
1150.0 1850.0 -0.58798
1250.0 1850.0 -0.60303
1350.0 1850.0 -0.84547
1450.0 1850.0 -1.14229
1550.0 1850.0 -1.32717
1650.0 1850.0 -1.14741
1750.0 1850.0 -0.60095
1850.0 1850.0 0.09601
1950.0 1850.0 0.64404
2050.0 1850.0 0.82257
2150.0 1850.0 0.67689
2250.0 1850.0 0.31619
2350.0 1850.0 -0.43317
2450.0 1850.0 -1.38638
2550.0 1850.0 -2.20756
2650.0 1850.0 -2.64831
2750.0 1850.0 -2.67270
2850.0 1850.0 -2.46856
2950.0 1850.0 -2.31553
3050.0 1850.0 -2.31399
3150.0 1850.0 -2.38189
3250.0 1850.0 -2.38653
3350.0 1850.0 -2.23608
3450.0 1850.0 -1.92492
3550.0 1850.0 -1.53141
3650.0 1850.0 -1.13709
3750.0 1850.0 -0.87757
3850.0 1850.0 -0.91843
3950.0 1850.0 -1.27422
4050.0 1850.0 -1.76754
4150.0 1850.0 -2.14625
4250.0 1850.0 -2.34313
4350.0 1850.0 -2.25633
4450.0 1850.0 -1.72991
4550.0 1850.0 -1.03214
4650.0 1850.0 -0.54587
4750.0 1850.0 -0.52136
4850.0 1850.0 -0.95445
4950.0 1850.0 -1.59281
5050.0 1850.0 -2.13176
5150.0 1850.0 -2.38670
5250.0 1850.0 -2.32288
5350.0 1850.0 -2.07964
5450.0 1850.0 -1.90654
5550.0 1850.0 -2.00636
5650.0 1850.0 -2.30462
5750.0 1850.0 -2.58344
5850.0 1850.0 -2.64299
5950.0 1850.0 -2.31226
6050.0 1850.0 -1.63048
6150.0 1850.0 -0.85369
6250.0 1850.0 -0.27217
6350.0 1850.0 0.14871
50.0 1950.0 -1.42836
150.0 1950.0 -1.82990
250.0 1950.0 -2.38935
350.0 1950.0 -2.85518
450.0 1950.0 -2.94846
550.0 1950.0 -2.61611
650.0 1950.0 -2.05655
750.0 1950.0 -1.51761
850.0 1950.0 -0.89739
950.0 1950.0 -0.06574
1050.0 1950.0 0.61187
1150.0 1950.0 0.76191
1250.0 1950.0 0.33275
1350.0 1950.0 -0.38859
1450.0 1950.0 -1.07248
1550.0 1950.0 -1.54594
1650.0 1950.0 -1.41959
1750.0 1950.0 -0.68546
1850.0 1950.0 0.30370
1950.0 1950.0 1.05374
2050.0 1950.0 1.19674
2150.0 1950.0 0.80434
2250.0 1950.0 0.16688
2350.0 1950.0 -0.76969
2450.0 1950.0 -1.68803
2550.0 1950.0 -2.22485
2650.0 1950.0 -2.25460
2750.0 1950.0 -1.93847
2850.0 1950.0 -1.54063
2950.0 1950.0 -1.25761
3050.0 1950.0 -1.25256
3150.0 1950.0 -1.46539
3250.0 1950.0 -1.70407
3350.0 1950.0 -1.76480
3450.0 1950.0 -1.54194
3550.0 1950.0 -1.12553
3650.0 1950.0 -0.73057
3750.0 1950.0 -0.51755
3850.0 1950.0 -0.59223
3950.0 1950.0 -0.91028
4050.0 1950.0 -1.27984
4150.0 1950.0 -1.48170
4250.0 1950.0 -1.49139
4350.0 1950.0 -1.22282
4450.0 1950.0 -0.60339
4550.0 1950.0 0.00087
4650.0 1950.0 0.20556
4750.0 1950.0 -0.12597
4850.0 1950.0 -0.83802
4950.0 1950.0 -1.65151
5050.0 1950.0 -2.25852
5150.0 1950.0 -2.39395
5250.0 1950.0 -2.07260
5350.0 1950.0 -1.56191
5450.0 1950.0 -1.24541
5550.0 1950.0 -1.38904
5650.0 1950.0 -1.83919
5750.0 1950.0 -2.28774
5850.0 1950.0 -2.48778
5950.0 1950.0 -2.20433
6050.0 1950.0 -1.46220
6150.0 1950.0 -0.56935
6250.0 1950.0 0.10613
6350.0 1950.0 0.57953
50.0 2050.0 -0.58792
150.0 2050.0 -1.02641
250.0 2050.0 -1.65680
350.0 2050.0 -2.18696
450.0 2050.0 -2.28743
550.0 2050.0 -1.88949
650.0 2050.0 -1.21867
750.0 2050.0 -0.56375
850.0 2050.0 0.18158
950.0 2050.0 1.13627
1050.0 2050.0 1.84662
1150.0 2050.0 1.88180
1250.0 2050.0 1.22150
1350.0 2050.0 0.25325
1450.0 2050.0 -0.61983
1550.0 2050.0 -1.26067
1650.0 2050.0 -1.27762
1750.0 2050.0 -0.65265
1850.0 2050.0 0.25348
1950.0 2050.0 0.92332
2050.0 2050.0 0.96342
2150.0 2050.0 0.44115
2250.0 2050.0 -0.29066
2350.0 2050.0 -1.16861
2450.0 2050.0 -1.82541
2550.0 2050.0 -1.95660
2650.0 2050.0 -1.58034
2750.0 2050.0 -1.00425
2850.0 2050.0 -0.50252
2950.0 2050.0 -0.16079
3050.0 2050.0 -0.16807
3150.0 2050.0 -0.47313
3250.0 2050.0 -0.84869
3350.0 2050.0 -1.02939
3450.0 2050.0 -0.85704
3550.0 2050.0 -0.43026
3650.0 2050.0 -0.03276
3750.0 2050.0 0.16494
3850.0 2050.0 0.08491
3950.0 2050.0 -0.20341
4050.0 2050.0 -0.50478
4150.0 2050.0 -0.61776
4250.0 2050.0 -0.53681
4350.0 2050.0 -0.17927
4450.0 2050.0 0.48879
4550.0 2050.0 1.05352
4650.0 2050.0 1.12806
4750.0 2050.0 0.62882
4850.0 2050.0 -0.21626
4950.0 2050.0 -1.11403
5050.0 2050.0 -1.75037
5150.0 2050.0 -1.81834
5250.0 2050.0 -1.35853
5350.0 2050.0 -0.70450
5450.0 2050.0 -0.30888
5550.0 2050.0 -0.46999
5650.0 2050.0 -0.99634
5750.0 2050.0 -1.58396
5850.0 2050.0 -2.00102
5950.0 2050.0 -1.95117
6050.0 2050.0 -1.38704
6150.0 2050.0 -0.57828
6250.0 2050.0 0.09421
6350.0 2050.0 0.59050
50.0 2150.0 0.13344
150.0 2150.0 -0.30967
250.0 2150.0 -0.94860
350.0 2150.0 -1.48609
450.0 2150.0 -1.58648
550.0 2150.0 -1.17939
650.0 2150.0 -0.49403
750.0 2150.0 0.17567
850.0 2150.0 0.93581
950.0 2150.0 1.90125
1050.0 2150.0 2.60718
1150.0 2150.0 2.61792
1250.0 2150.0 1.92021
1350.0 2150.0 0.91650
1450.0 2150.0 0.01863
1550.0 2150.0 -0.68504
1650.0 2150.0 -0.89377
1750.0 2150.0 -0.57757
1850.0 2150.0 -0.01276
1950.0 2150.0 0.38457
2050.0 2150.0 0.28500
2150.0 2150.0 -0.26977
2250.0 2150.0 -0.96349
2350.0 2150.0 -1.64371
2450.0 2150.0 -1.95464
2550.0 2150.0 -1.69127
2650.0 2150.0 -0.99791
2750.0 2150.0 -0.26640
2850.0 2150.0 0.26206
2950.0 2150.0 0.61108
3050.0 2150.0 0.60122
3150.0 2150.0 0.28270
3250.0 2150.0 -0.11215
3350.0 2150.0 -0.30951
3450.0 2150.0 -0.14414
3550.0 2150.0 0.28398
3650.0 2150.0 0.68013
3750.0 2150.0 0.87024
3850.0 2150.0 0.78080
3950.0 2150.0 0.48711
4050.0 2150.0 0.18773
4150.0 2150.0 0.08337
4250.0 2150.0 0.17617
4350.0 2150.0 0.55819
4450.0 2150.0 1.27127
4550.0 2150.0 1.88889
4650.0 2150.0 2.00619
4750.0 2150.0 1.52797
4850.0 2150.0 0.68251
4950.0 2150.0 -0.22523
5050.0 2150.0 -0.86900
5150.0 2150.0 -0.93849
5250.0 2150.0 -0.47564
5350.0 2150.0 0.18202
5450.0 2150.0 0.57758
5550.0 2150.0 0.41052
5650.0 2150.0 -0.12998
5750.0 2150.0 -0.81579
5850.0 2150.0 -1.47070
5950.0 2150.0 -1.74770
6050.0 2150.0 -1.49830
6150.0 2150.0 -0.89797
6250.0 2150.0 -0.29428
6350.0 2150.0 0.20258
50.0 2250.0 0.87014
150.0 2250.0 0.43736
250.0 2250.0 -0.16437
350.0 2250.0 -0.64834
450.0 2250.0 -0.70375
550.0 2250.0 -0.27929
650.0 2250.0 0.39256
750.0 2250.0 1.03042
850.0 2250.0 1.74837
950.0 2250.0 2.65407
1050.0 2250.0 3.30315
1150.0 2250.0 3.28433
1250.0 2250.0 2.59199
1350.0 2250.0 1.61588
1450.0 2250.0 0.74868
1550.0 2250.0 0.02287
1650.0 2250.0 -0.37359
1750.0 2250.0 -0.39727
1850.0 2250.0 -0.21727
1950.0 2250.0 -0.11883
2050.0 2250.0 -0.34701
2150.0 2250.0 -0.89176
2250.0 2250.0 -1.50808
2350.0 2250.0 -1.98203
2450.0 2250.0 -1.98024
2550.0 2250.0 -1.38582
2650.0 2250.0 -0.44000
2750.0 2250.0 0.41157
2850.0 2250.0 0.96318
2950.0 2250.0 1.31854
3050.0 2250.0 1.30330
3150.0 2250.0 0.97185
3250.0 2250.0 0.56552
3350.0 2250.0 0.36609
3450.0 2250.0 0.54153
3550.0 2250.0 0.98696
3650.0 2250.0 1.39357
3750.0 2250.0 1.57515
3850.0 2250.0 1.45907
3950.0 2250.0 1.13171
4050.0 2250.0 0.80685
4150.0 2250.0 0.69581
4250.0 2250.0 0.79648
4350.0 2250.0 1.20679
4450.0 2250.0 1.98597
4550.0 2250.0 2.69577
4650.0 2250.0 2.90431
4750.0 2250.0 2.49015
4850.0 2250.0 1.67056
4950.0 2250.0 0.76549
5050.0 2250.0 0.10203
5150.0 2250.0 -0.02229
5250.0 2250.0 0.36660
5350.0 2250.0 0.95852
5450.0 2250.0 1.31879
5550.0 2250.0 1.15215
5650.0 2250.0 0.62669
5750.0 2250.0 -0.10372
5850.0 2250.0 -0.92351
5950.0 2250.0 -1.47106
6050.0 2250.0 -1.52464
6150.0 2250.0 -1.16609
6250.0 2250.0 -0.68671
6350.0 2250.0 -0.24501
50.0 2350.0 1.56199
150.0 2350.0 1.16608
250.0 2350.0 0.69331
350.0 2350.0 0.39003
450.0 2350.0 0.47897
550.0 2350.0 0.94736
650.0 2350.0 1.55627
750.0 2350.0 2.07122
850.0 2350.0 2.63358
950.0 2350.0 3.33414
1050.0 2350.0 3.80561
1150.0 2350.0 3.71859
1250.0 2350.0 3.08238
1350.0 2350.0 2.22915
1450.0 2350.0 1.48142
1550.0 2350.0 0.81227
1650.0 2350.0 0.29128
1750.0 2350.0 -0.02325
1850.0 2350.0 -0.18294
1950.0 2350.0 -0.32995
2050.0 2350.0 -0.61724
2150.0 2350.0 -1.06972
2250.0 2350.0 -1.55784
2350.0 2350.0 -1.87819
2450.0 2350.0 -1.72326
2550.0 2350.0 -1.00630
2650.0 2350.0 0.02036
2750.0 2350.0 0.92356
2850.0 2350.0 1.51893
2950.0 2350.0 1.89801
3050.0 2350.0 1.86122
3150.0 2350.0 1.47887
3250.0 2350.0 1.02702
3350.0 2350.0 0.81826
3450.0 2350.0 1.03131
3550.0 2350.0 1.54262
3650.0 2350.0 1.99759
3750.0 2350.0 2.17459
3850.0 2350.0 2.00016
3950.0 2350.0 1.58988
4050.0 2350.0 1.20127
4150.0 2350.0 1.07860
4250.0 2350.0 1.20872
4350.0 2350.0 1.67449
4450.0 2350.0 2.54983
4550.0 2350.0 3.37814
4650.0 2350.0 3.69549
4750.0 2350.0 3.35456
4850.0 2350.0 2.56649
4950.0 2350.0 1.66855
5050.0 2350.0 0.95345
5150.0 2350.0 0.68530
5250.0 2350.0 0.88687
5350.0 2350.0 1.32306
5450.0 2350.0 1.61471
5550.0 2350.0 1.47381
5650.0 2350.0 1.02095
5750.0 2350.0 0.38889
5850.0 2350.0 -0.35814
5950.0 2350.0 -0.94580
6050.0 2350.0 -1.17990
6150.0 2350.0 -1.08336
6250.0 2350.0 -0.84964
6350.0 2350.0 -0.61172
50.0 2450.0 1.87134
150.0 2450.0 1.53128
250.0 2450.0 1.24584
350.0 2450.0 1.19459
450.0 2450.0 1.46806
550.0 2450.0 1.96484
650.0 2450.0 2.44736
750.0 2450.0 2.75652
850.0 2450.0 3.06898
950.0 2450.0 3.45890
1050.0 2450.0 3.68500
1150.0 2450.0 3.53911
1250.0 2450.0 3.03834
1350.0 2450.0 2.40873
1450.0 2450.0 1.86059
1550.0 2450.0 1.33215
1650.0 2450.0 0.80583
1750.0 2450.0 0.35216
1850.0 2450.0 0.01429
1950.0 2450.0 -0.23466
2050.0 2450.0 -0.47368
2150.0 2450.0 -0.75620
2250.0 2450.0 -1.08635
2350.0 2450.0 -1.35422
2450.0 2450.0 -1.27591
2550.0 2450.0 -0.71766
2650.0 2450.0 0.16326
2750.0 2450.0 1.02302
2850.0 2450.0 1.67624
2950.0 2450.0 2.09444
3050.0 2450.0 2.02282
3150.0 2450.0 1.55774
3250.0 2450.0 1.03207
3350.0 2450.0 0.80870
3450.0 2450.0 1.08384
3550.0 2450.0 1.70349
3650.0 2450.0 2.24322
3750.0 2450.0 2.42974
3850.0 2450.0 2.18577
3950.0 2450.0 1.66688
4050.0 2450.0 1.19382
4150.0 2450.0 1.06046
4250.0 2450.0 1.23882
4350.0 2450.0 1.76974
4450.0 2450.0 2.72571
4550.0 2450.0 3.63306
4650.0 2450.0 4.01041
4750.0 2450.0 3.70482
4850.0 2450.0 2.93521
4950.0 2450.0 2.04790
5050.0 2450.0 1.27021
5150.0 2450.0 0.82761
5250.0 2450.0 0.81132
5350.0 2450.0 1.08191
5450.0 2450.0 1.32364
5550.0 2450.0 1.24818
5650.0 2450.0 0.92006
5750.0 2450.0 0.53241
5850.0 2450.0 0.12127
5950.0 2450.0 -0.22663
6050.0 2450.0 -0.45696
6150.0 2450.0 -0.58765
6250.0 2450.0 -0.68736
6350.0 2450.0 -0.78373
50.0 2550.0 1.62218
150.0 2550.0 1.33705
250.0 2550.0 1.22414
350.0 2550.0 1.38909
450.0 2550.0 1.79425
550.0 2550.0 2.26332
650.0 2550.0 2.57628
750.0 2550.0 2.65445
850.0 2550.0 2.69984
950.0 2550.0 2.78180
1050.0 2550.0 2.79645
1150.0 2550.0 2.65221
1250.0 2550.0 2.35379
1350.0 2550.0 1.99660
1450.0 2550.0 1.67147
1550.0 2550.0 1.32526
1650.0 2550.0 0.90970
1750.0 2550.0 0.50156
1850.0 2550.0 0.19053
1950.0 2550.0 0.00607
2050.0 2550.0 -0.09492
2150.0 2550.0 -0.18025
2250.0 2550.0 -0.36467
2350.0 2550.0 -0.67960
2450.0 2550.0 -0.85719
2550.0 2550.0 -0.66154
2650.0 2550.0 -0.08632
2750.0 2550.0 0.65862
2850.0 2550.0 1.36797
2950.0 2550.0 1.82941
3050.0 2550.0 1.72078
3150.0 2550.0 1.16683
3250.0 2550.0 0.56223
3350.0 2550.0 0.32435
3450.0 2550.0 0.66827
3550.0 2550.0 1.40691
3650.0 2550.0 2.04492
3750.0 2550.0 2.25887
3850.0 2550.0 1.96479
3950.0 2550.0 1.35425
4050.0 2550.0 0.80875
4150.0 2550.0 0.67205
4250.0 2550.0 0.90329
4350.0 2550.0 1.48283
4450.0 2550.0 2.45916
4550.0 2550.0 3.35140
4650.0 2550.0 3.69007
4750.0 2550.0 3.34847
4850.0 2550.0 2.56979
4950.0 2550.0 1.69346
5050.0 2550.0 0.87330
5150.0 2550.0 0.31221
5250.0 2550.0 0.16278
5350.0 2550.0 0.35801
5450.0 2550.0 0.61895
5550.0 2550.0 0.64255
5650.0 2550.0 0.45471
5750.0 2550.0 0.37654
5850.0 2550.0 0.44184
5950.0 2550.0 0.50955
6050.0 2550.0 0.43331
6150.0 2550.0 0.15481
6250.0 2550.0 -0.27564
6350.0 2550.0 -0.73979
50.0 2650.0 0.97767
150.0 2650.0 0.72769
250.0 2650.0 0.71003
350.0 2650.0 0.97235
450.0 2650.0 1.39730
550.0 2650.0 1.77664
650.0 2650.0 1.92249
750.0 2650.0 1.81584
850.0 2650.0 1.66255
950.0 2650.0 1.54309
1050.0 2650.0 1.45905
1150.0 2650.0 1.39057
1250.0 2650.0 1.30923
1350.0 2650.0 1.19335
1450.0 2650.0 1.04533
1550.0 2650.0 0.85650
1650.0 2650.0 0.59516
1750.0 2650.0 0.33869
1850.0 2650.0 0.17905
1950.0 2650.0 0.14806
2050.0 2650.0 0.20386
2150.0 2650.0 0.27745
2250.0 2650.0 0.19289
2350.0 2650.0 -0.20744
2450.0 2650.0 -0.66350
2550.0 2650.0 -0.83666
2650.0 2650.0 -0.56626
2750.0 2650.0 0.05839
2850.0 2650.0 0.80774
2950.0 2650.0 1.30310
3050.0 2650.0 1.16739
3150.0 2650.0 0.54719
3250.0 2650.0 -0.11582
3350.0 2650.0 -0.36290
3450.0 2650.0 0.03513
3550.0 2650.0 0.86602
3650.0 2650.0 1.58539
3750.0 2650.0 1.83765
3850.0 2650.0 1.53113
3950.0 2650.0 0.87731
4050.0 2650.0 0.29607
4150.0 2650.0 0.16523
4250.0 2650.0 0.43739
4350.0 2650.0 1.03336
4450.0 2650.0 1.96231
4550.0 2650.0 2.74845
4650.0 2650.0 2.96026
4750.0 2650.0 2.52145
4850.0 2650.0 1.70854
4950.0 2650.0 0.84026
5050.0 2650.0 0.01600
5150.0 2650.0 -0.55679
5250.0 2650.0 -0.69303
5350.0 2650.0 -0.43939
5450.0 2650.0 -0.08235
5550.0 2650.0 0.04785
5650.0 2650.0 -0.02917
5750.0 2650.0 0.14919
5850.0 2650.0 0.62775
5950.0 2650.0 1.08004
6050.0 2650.0 1.18497
6150.0 2650.0 0.83400
6250.0 2650.0 0.16211
6350.0 2650.0 -0.58864
50.0 2750.0 0.32905
150.0 2750.0 0.08653
250.0 2750.0 0.06731
350.0 2750.0 0.29141
450.0 2750.0 0.62798
550.0 2750.0 0.88486
650.0 2750.0 0.91108
750.0 2750.0 0.71208
850.0 2750.0 0.47652
950.0 2750.0 0.30716
1050.0 2750.0 0.25315
1150.0 2750.0 0.30616
1250.0 2750.0 0.39516
1350.0 2750.0 0.42589
1450.0 2750.0 0.36472
1550.0 2750.0 0.25507
1650.0 2750.0 0.09275
1750.0 2750.0 -0.04629
1850.0 2750.0 -0.08284
1950.0 2750.0 -0.00081
2050.0 2750.0 0.14762
2150.0 2750.0 0.29703
2250.0 2750.0 0.25837
2350.0 2750.0 -0.18160
2450.0 2750.0 -0.76642
2550.0 2750.0 -1.10998
2650.0 2750.0 -0.98039
2750.0 2750.0 -0.41133
2850.0 2750.0 0.35642
2950.0 2750.0 0.86798
3050.0 2750.0 0.72183
3150.0 2750.0 0.07433
3250.0 2750.0 -0.61212
3350.0 2750.0 -0.86084
3450.0 2750.0 -0.43676
3550.0 2750.0 0.43682
3650.0 2750.0 1.19933
3750.0 2750.0 1.48743
3850.0 2750.0 1.20323
3950.0 2750.0 0.55890
4050.0 2750.0 -0.01717
4150.0 2750.0 -0.13633
4250.0 2750.0 0.15475
4350.0 2750.0 0.73736
4450.0 2750.0 1.58217
4550.0 2750.0 2.22624
4650.0 2750.0 2.28396
4750.0 2750.0 1.73191
4850.0 2750.0 0.87640
4950.0 2750.0 0.01155
5050.0 2750.0 -0.78174
5150.0 2750.0 -1.26853
5250.0 2750.0 -1.26594
5350.0 2750.0 -0.85207
5450.0 2750.0 -0.35797
5550.0 2750.0 -0.14446
5650.0 2750.0 -0.16913
5750.0 2750.0 0.12295
5850.0 2750.0 0.78029
5950.0 2750.0 1.39341
6050.0 2750.0 1.56575
6150.0 2750.0 1.17058
6250.0 2750.0 0.38378
6350.0 2750.0 -0.50199
50.0 2850.0 -0.09836
150.0 2850.0 -0.35166
250.0 2850.0 -0.43202
350.0 2850.0 -0.32378
450.0 2850.0 -0.12818
550.0 2850.0 0.00593
650.0 2850.0 -0.03855
750.0 2850.0 -0.25757
850.0 2850.0 -0.49001
950.0 2850.0 -0.60808
1050.0 2850.0 -0.55880
1150.0 2850.0 -0.37777
1250.0 2850.0 -0.17701
1350.0 2850.0 -0.08341
1450.0 2850.0 -0.12833
1550.0 2850.0 -0.22837
1650.0 2850.0 -0.37506
1750.0 2850.0 -0.49288
1850.0 2850.0 -0.50648
1950.0 2850.0 -0.40456
2050.0 2850.0 -0.24241
2150.0 2850.0 -0.08432
2250.0 2850.0 -0.10888
2350.0 2850.0 -0.51836
2450.0 2850.0 -1.05994
2550.0 2850.0 -1.35924
2650.0 2850.0 -1.19639
2750.0 2850.0 -0.61106
2850.0 2850.0 0.16106
2950.0 2850.0 0.67511
3050.0 2850.0 0.53052
3150.0 2850.0 -0.11562
3250.0 2850.0 -0.80001
3350.0 2850.0 -1.04549
3450.0 2850.0 -0.61719
3550.0 2850.0 0.26116
3650.0 2850.0 1.03567
3750.0 2850.0 1.35137
3850.0 2850.0 1.10607
3950.0 2850.0 0.50085
4050.0 2850.0 -0.04695
4150.0 2850.0 -0.15371
4250.0 2850.0 0.13899
4350.0 2850.0 0.69388
4450.0 2850.0 1.45271
4550.0 2850.0 1.96720
4650.0 2850.0 1.89166
4750.0 2850.0 1.24452
4850.0 2850.0 0.35246
4950.0 2850.0 -0.51146
5050.0 2850.0 -1.25701
5150.0 2850.0 -1.61249
5250.0 2850.0 -1.41833
5350.0 2850.0 -0.81032
5450.0 2850.0 -0.17866
5550.0 2850.0 0.08889
5650.0 2850.0 0.07053
5750.0 2850.0 0.35295
5850.0 2850.0 0.97292
5950.0 2850.0 1.52382
6050.0 2850.0 1.62575
6150.0 2850.0 1.17374
6250.0 2850.0 0.35712
6350.0 2850.0 -0.54694
50.0 2950.0 -0.24752
150.0 2950.0 -0.50066
250.0 2950.0 -0.63806
350.0 2950.0 -0.65345
450.0 2950.0 -0.61752
550.0 2950.0 -0.62861
650.0 2950.0 -0.76023
750.0 2950.0 -1.00580
850.0 2950.0 -1.23980
950.0 2950.0 -1.31753
1050.0 2950.0 -1.18980
1150.0 2950.0 -0.92069
1250.0 2950.0 -0.65546
1350.0 2950.0 -0.54137
1450.0 2950.0 -0.60184
1550.0 2950.0 -0.72016
1650.0 2950.0 -0.87253
1750.0 2950.0 -0.98121
1850.0 2950.0 -0.97694
1950.0 2950.0 -0.85952
2050.0 2950.0 -0.69426
2150.0 2950.0 -0.54543
2250.0 2950.0 -0.57243
2350.0 2950.0 -0.95902
2450.0 2950.0 -1.45482
2550.0 2950.0 -1.70158
2650.0 2950.0 -1.49921
2750.0 2950.0 -0.90009
2850.0 2950.0 -0.13423
2950.0 2950.0 0.37293
3050.0 2950.0 0.22472
3150.0 2950.0 -0.42479
3250.0 2950.0 -1.11584
3350.0 2950.0 -1.37276
3450.0 2950.0 -0.95949
3550.0 2950.0 -0.09677
3650.0 2950.0 0.69011
3750.0 2950.0 1.07405
3850.0 2950.0 0.92930
3950.0 2950.0 0.41290
4050.0 2950.0 -0.09408
4150.0 2950.0 -0.21768
4250.0 2950.0 0.02467
4350.0 2950.0 0.48560
4450.0 2950.0 1.09145
4550.0 2950.0 1.44754
4650.0 2950.0 1.26870
4750.0 2950.0 0.59965
4850.0 2950.0 -0.25111
4950.0 2950.0 -1.04929
5050.0 2950.0 -1.66136
5150.0 2950.0 -1.77945
5250.0 2950.0 -1.30479
5350.0 2950.0 -0.46071
5450.0 2950.0 0.30251
5550.0 2950.0 0.59472
5650.0 2950.0 0.54813
5750.0 2950.0 0.72295
5850.0 2950.0 1.12913
5950.0 2950.0 1.43211
6050.0 2950.0 1.34485
6150.0 2950.0 0.81954
6250.0 2950.0 0.03898
6350.0 2950.0 -0.78853
50.0 3050.0 0.10487
150.0 3050.0 -0.11134
250.0 3050.0 -0.25790
350.0 3050.0 -0.35735
450.0 3050.0 -0.47066
550.0 3050.0 -0.64880
650.0 3050.0 -0.90580
750.0 3050.0 -1.21356
850.0 3050.0 -1.48546
950.0 3050.0 -1.57364
1050.0 3050.0 -1.43860
1150.0 3050.0 -1.16783
1250.0 3050.0 -0.92594
1350.0 3050.0 -0.86547
1450.0 3050.0 -0.99860
1550.0 3050.0 -1.18216
1650.0 3050.0 -1.36130
1750.0 3050.0 -1.45007
1850.0 3050.0 -1.39694
1950.0 3050.0 -1.23618
2050.0 3050.0 -1.06518
2150.0 3050.0 -0.94937
2250.0 3050.0 -1.01104
2350.0 3050.0 -1.41753
2450.0 3050.0 -1.91754
2550.0 3050.0 -2.16081
2650.0 3050.0 -1.95968
2750.0 3050.0 -1.37646
2850.0 3050.0 -0.63937
2950.0 3050.0 -0.15579
3050.0 3050.0 -0.31538
3150.0 3050.0 -0.97462
3250.0 3050.0 -1.68670
3350.0 3050.0 -1.98179
3450.0 3050.0 -1.62013
3550.0 3050.0 -0.81219
3650.0 3050.0 -0.00800
3750.0 3050.0 0.53081
3850.0 3050.0 0.60870
3950.0 3050.0 0.26789
4050.0 3050.0 -0.19510
4150.0 3050.0 -0.41805
4250.0 3050.0 -0.35171
4350.0 3050.0 -0.14215
4450.0 3050.0 0.15648
4550.0 3050.0 0.29795
4650.0 3050.0 0.10509
4750.0 3050.0 -0.39309
4850.0 3050.0 -1.00332
4950.0 3050.0 -1.57294
5050.0 3050.0 -1.86636
5150.0 3050.0 -1.56385
5250.0 3050.0 -0.70214
5350.0 3050.0 0.37192
5450.0 3050.0 1.18129
5550.0 3050.0 1.40749
5650.0 3050.0 1.26065
5750.0 3050.0 1.15155
5850.0 3050.0 1.04996
5950.0 3050.0 0.82380
6050.0 3050.0 0.40592
6150.0 3050.0 -0.15290
6250.0 3050.0 -0.73159
6350.0 3050.0 -1.28026
50.0 3150.0 0.71558
150.0 3150.0 0.57360
250.0 3150.0 0.49311
350.0 3150.0 0.40747
450.0 3150.0 0.23001
550.0 3150.0 -0.06969
650.0 3150.0 -0.45032
750.0 3150.0 -0.84408
850.0 3150.0 -1.18192
950.0 3150.0 -1.31314
1050.0 3150.0 -1.21298
1150.0 3150.0 -0.99294
1250.0 3150.0 -0.83155
1350.0 3150.0 -0.87820
1450.0 3150.0 -1.13012
1550.0 3150.0 -1.41767
1650.0 3150.0 -1.64053
1750.0 3150.0 -1.69954
1850.0 3150.0 -1.57091
1950.0 3150.0 -1.34295
2050.0 3150.0 -1.16366
2150.0 3150.0 -1.10048
2250.0 3150.0 -1.22198
2350.0 3150.0 -1.67804
2450.0 3150.0 -2.21418
2550.0 3150.0 -2.48420
2650.0 3150.0 -2.31002
2750.0 3150.0 -1.76358
2850.0 3150.0 -1.07345
2950.0 3150.0 -0.62301
3050.0 3150.0 -0.78553
3150.0 3150.0 -1.43615
3250.0 3150.0 -2.15582
3350.0 3150.0 -2.49210
3450.0 3150.0 -2.20396
3550.0 3150.0 -1.48264
3650.0 3150.0 -0.66687
3750.0 3150.0 0.06698
3850.0 3150.0 0.41999
3950.0 3150.0 0.27558
4050.0 3150.0 -0.17832
4150.0 3150.0 -0.58449
4250.0 3150.0 -0.79911
4350.0 3150.0 -0.96144
4450.0 3150.0 -1.06856
4550.0 3150.0 -1.14464
4650.0 3150.0 -1.23281
4750.0 3150.0 -1.36846
4850.0 3150.0 -1.56061
4950.0 3150.0 -1.76791
5050.0 3150.0 -1.63354
5150.0 3150.0 -0.88170
5250.0 3150.0 0.27671
5350.0 3150.0 1.39634
5450.0 3150.0 2.05629
5550.0 3150.0 2.09539
5650.0 3150.0 1.78920
5750.0 3150.0 1.29906
5850.0 3150.0 0.57391
5950.0 3150.0 -0.23395
6050.0 3150.0 -0.92242
6150.0 3150.0 -1.36196
6250.0 3150.0 -1.56014
6350.0 3150.0 -1.66211
50.0 3250.0 1.16139
150.0 3250.0 1.11036
250.0 3250.0 1.15960
350.0 3250.0 1.19635
450.0 3250.0 1.07641
550.0 3250.0 0.75142
650.0 3250.0 0.29346
750.0 3250.0 -0.18317
850.0 3250.0 -0.58966
950.0 3250.0 -0.75728
1050.0 3250.0 -0.67736
1150.0 3250.0 -0.49202
1250.0 3250.0 -0.40096
1350.0 3250.0 -0.55445
1450.0 3250.0 -0.93259
1550.0 3250.0 -1.33157
1650.0 3250.0 -1.60073
1750.0 3250.0 -1.62684
1850.0 3250.0 -1.41609
1950.0 3250.0 -1.11516
2050.0 3250.0 -0.92655
2150.0 3250.0 -0.91977
2250.0 3250.0 -1.10396
2350.0 3250.0 -1.60749
2450.0 3250.0 -2.17301
2550.0 3250.0 -2.46144
2650.0 3250.0 -2.30822
2750.0 3250.0 -1.79757
2850.0 3250.0 -1.15735
2950.0 3250.0 -0.73604
3050.0 3250.0 -0.87945
3150.0 3250.0 -1.48542
3250.0 3250.0 -2.17523
3350.0 3250.0 -2.52705
3450.0 3250.0 -2.30523
3550.0 3250.0 -1.67598
3650.0 3250.0 -0.86327
3750.0 3250.0 0.03017
3850.0 3250.0 0.60180
3950.0 3250.0 0.58779
4050.0 3250.0 0.08464
4150.0 3250.0 -0.54259
4250.0 3250.0 -1.05995
4350.0 3250.0 -1.60436
4450.0 3250.0 -2.09649
4550.0 3250.0 -2.33077
4650.0 3250.0 -2.22945
4750.0 3250.0 -1.92095
4850.0 3250.0 -1.64293
4950.0 3250.0 -1.46311
5050.0 3250.0 -0.94025
5150.0 3250.0 0.09773
5250.0 3250.0 1.28982
5350.0 3250.0 2.17249
5450.0 3250.0 2.47320
5550.0 3250.0 2.23820
5650.0 3250.0 1.76181
5750.0 3250.0 0.93873
5850.0 3250.0 -0.25741
5950.0 3250.0 -1.40967
6050.0 3250.0 -2.11365
6150.0 3250.0 -2.23935
6250.0 3250.0 -1.96519
6350.0 3250.0 -1.58703
50.0 3350.0 1.12720
150.0 3350.0 1.15355
250.0 3350.0 1.34637
350.0 3350.0 1.55900
450.0 3350.0 1.58055
550.0 3350.0 1.31811
650.0 3350.0 0.84472
750.0 3350.0 0.31288
850.0 3350.0 -0.13848
950.0 3350.0 -0.30146
1050.0 3350.0 -0.18026
1150.0 3350.0 0.04379
1250.0 3350.0 0.13451
1350.0 3350.0 -0.07298
1450.0 3350.0 -0.54238
1550.0 3350.0 -1.02503
1650.0 3350.0 -1.32746
1750.0 3350.0 -1.32597
1850.0 3350.0 -1.05013
1950.0 3350.0 -0.69166
2050.0 3350.0 -0.49482
2150.0 3350.0 -0.53040
2250.0 3350.0 -0.75654
2350.0 3350.0 -1.27557
2450.0 3350.0 -1.82991
2550.0 3350.0 -2.09565
2650.0 3350.0 -1.92994
2750.0 3350.0 -1.43327
2850.0 3350.0 -0.82917
2950.0 3350.0 -0.42216
3050.0 3350.0 -0.52438
3150.0 3350.0 -1.05410
3250.0 3350.0 -1.67574
3350.0 3350.0 -2.00484
3450.0 3350.0 -1.81797
3550.0 3350.0 -1.25708
3650.0 3350.0 -0.46193
3750.0 3350.0 0.50296
3850.0 3350.0 1.16408
3950.0 3350.0 1.16928
4050.0 3350.0 0.57080
4150.0 3350.0 -0.24734
4250.0 3350.0 -0.99458
4350.0 3350.0 -1.81696
4450.0 3350.0 -2.56900
4550.0 3350.0 -2.87697
4650.0 3350.0 -2.58585
4750.0 3350.0 -1.90878
4850.0 3350.0 -1.26294
4950.0 3350.0 -0.79295
5050.0 3350.0 -0.04261
5150.0 3350.0 1.02884
5250.0 3350.0 1.98136
5350.0 3350.0 2.41918
5450.0 3350.0 2.26367
5550.0 3350.0 1.75362
5650.0 3350.0 1.15000
5750.0 3350.0 0.15529
5850.0 3350.0 -1.18848
5950.0 3350.0 -2.30717
6050.0 3350.0 -2.73463
6150.0 3350.0 -2.42863
6250.0 3350.0 -1.73089
6350.0 3350.0 -0.99111
50.0 3450.0 0.56444
150.0 3450.0 0.63171
250.0 3450.0 0.92398
350.0 3450.0 1.28050
450.0 3450.0 1.44250
550.0 3450.0 1.27276
650.0 3450.0 0.82696
750.0 3450.0 0.27677
850.0 3450.0 -0.18233
950.0 3450.0 -0.28793
1050.0 3450.0 -0.05120
1150.0 3450.0 0.30164
1250.0 3450.0 0.48308
1350.0 3450.0 0.29777
1450.0 3450.0 -0.20480
1550.0 3450.0 -0.72343
1650.0 3450.0 -1.03769
1750.0 3450.0 -1.01940
1850.0 3450.0 -0.70980
1950.0 3450.0 -0.32195
2050.0 3450.0 -0.11949
2150.0 3450.0 -0.17331
2250.0 3450.0 -0.40850
2350.0 3450.0 -0.89890
2450.0 3450.0 -1.39015
2550.0 3450.0 -1.58213
2650.0 3450.0 -1.36156
2750.0 3450.0 -0.84827
2850.0 3450.0 -0.25741
2950.0 3450.0 0.15279
3050.0 3450.0 0.10148
3150.0 3450.0 -0.34258
3250.0 3450.0 -0.87830
3350.0 3450.0 -1.15516
3450.0 3450.0 -0.96507
3550.0 3450.0 -0.43274
3650.0 3450.0 0.33860
3750.0 3450.0 1.28307
3850.0 3450.0 1.90370
3950.0 3450.0 1.83370
4050.0 3450.0 1.13199
4150.0 3450.0 0.20469
4250.0 3450.0 -0.64502
4350.0 3450.0 -1.58444
4450.0 3450.0 -2.43621
4550.0 3450.0 -2.75535
4650.0 3450.0 -2.35941
4750.0 3450.0 -1.50537
4850.0 3450.0 -0.69232
4950.0 3450.0 -0.09751
5050.0 3450.0 0.68689
5150.0 3450.0 1.59052
5250.0 3450.0 2.17300
5350.0 3450.0 2.14969
5450.0 3450.0 1.60901
5550.0 3450.0 0.91011
5650.0 3450.0 0.25240
5750.0 3450.0 -0.72888
5850.0 3450.0 -1.90600
5950.0 3450.0 -2.68321
6050.0 3450.0 -2.66843
6150.0 3450.0 -1.95612
6250.0 3450.0 -0.99787
6350.0 3450.0 -0.10168
50.0 3550.0 -0.27981
150.0 3550.0 -0.20101
250.0 3550.0 0.13894
350.0 3550.0 0.57879
450.0 3550.0 0.83592
550.0 3550.0 0.74318
650.0 3550.0 0.33611
750.0 3550.0 -0.20926
850.0 3550.0 -0.65060
950.0 3550.0 -0.66678
1050.0 3550.0 -0.27164
1150.0 3550.0 0.26239
1250.0 3550.0 0.58969
1350.0 3550.0 0.47578
1450.0 3550.0 -0.01943
1550.0 3550.0 -0.54009
1650.0 3550.0 -0.85047
1750.0 3550.0 -0.82239
1850.0 3550.0 -0.50059
1950.0 3550.0 -0.10298
2050.0 3550.0 0.10326
2150.0 3550.0 0.04807
2250.0 3550.0 -0.17421
2350.0 3550.0 -0.60926
2450.0 3550.0 -1.00815
2550.0 3550.0 -1.09858
2650.0 3550.0 -0.79991
2750.0 3550.0 -0.25181
2850.0 3550.0 0.34107
2950.0 3550.0 0.76405
3050.0 3550.0 0.76240
3150.0 3550.0 0.39825
3250.0 3550.0 -0.05203
3350.0 3550.0 -0.26549
3450.0 3550.0 -0.04946
3550.0 3550.0 0.48206
3650.0 3550.0 1.23040
3750.0 3550.0 2.10669
3850.0 3550.0 2.62174
3950.0 3550.0 2.43824
4050.0 3550.0 1.64902
4150.0 3550.0 0.67961
4250.0 3550.0 -0.18142
4350.0 3550.0 -1.12874
4450.0 3550.0 -1.98238
4550.0 3550.0 -2.29241
4650.0 3550.0 -1.87718
4750.0 3550.0 -1.00067
4850.0 3550.0 -0.17057
4950.0 3550.0 0.43160
5050.0 3550.0 1.13722
5150.0 3550.0 1.79970
5250.0 3550.0 2.02132
5350.0 3550.0 1.62816
5450.0 3550.0 0.82476
5550.0 3550.0 0.02517
5650.0 3550.0 -0.63455
5750.0 3550.0 -1.49833
5850.0 3550.0 -2.35801
5950.0 3550.0 -2.67813
6050.0 3550.0 -2.20553
6150.0 3550.0 -1.17477
6250.0 3550.0 -0.09678
6350.0 3550.0 0.80873
50.0 3650.0 -0.95824
150.0 3650.0 -0.85394
250.0 3650.0 -0.48140
350.0 3650.0 -0.00244
450.0 3650.0 0.29531
550.0 3650.0 0.23899
650.0 3650.0 -0.13926
750.0 3650.0 -0.66215
850.0 3650.0 -1.06595
950.0 3650.0 -0.98798
1050.0 3650.0 -0.44899
1150.0 3650.0 0.23900
1250.0 3650.0 0.68601
1350.0 3650.0 0.63205
1450.0 3650.0 0.14922
1550.0 3650.0 -0.35755
1650.0 3650.0 -0.62659
1750.0 3650.0 -0.53693
1850.0 3650.0 -0.15417
1950.0 3650.0 0.28385
2050.0 3650.0 0.50146
2150.0 3650.0 0.43764
2250.0 3650.0 0.20844
2350.0 3650.0 -0.22497
2450.0 3650.0 -0.62132
2550.0 3650.0 -0.71786
2650.0 3650.0 -0.43810
2750.0 3650.0 0.08138
2850.0 3650.0 0.64280
2950.0 3650.0 1.05897
3050.0 3650.0 1.11713
3150.0 3650.0 0.87540
3250.0 3650.0 0.57007
3350.0 3650.0 0.47116
3450.0 3650.0 0.73509
3550.0 3650.0 1.26239
3650.0 3650.0 1.97072
3750.0 3650.0 2.74463
3850.0 3650.0 3.11802
3950.0 3650.0 2.80103
4050.0 3650.0 1.92825
4150.0 3650.0 0.93933
4250.0 3650.0 0.09663
4350.0 3650.0 -0.81154
4450.0 3650.0 -1.60436
4550.0 3650.0 -1.86061
4650.0 3650.0 -1.42556
4750.0 3650.0 -0.56908
4850.0 3650.0 0.21688
4950.0 3650.0 0.76663
5050.0 3650.0 1.33378
5150.0 3650.0 1.71538
5250.0 3650.0 1.58149
5350.0 3650.0 0.87041
5450.0 3650.0 -0.12438
5550.0 3650.0 -0.97035
5650.0 3650.0 -1.59753
5750.0 3650.0 -2.29305
5850.0 3650.0 -2.78424
5950.0 3650.0 -2.63880
6050.0 3650.0 -1.76309
6150.0 3650.0 -0.51351
6250.0 3650.0 0.58021
6350.0 3650.0 1.40300
50.0 3750.0 -1.12739
150.0 3750.0 -0.95902
250.0 3750.0 -0.57440
350.0 3750.0 -0.13907
450.0 3750.0 0.09048
550.0 3750.0 -0.01419
650.0 3750.0 -0.38686
750.0 3750.0 -0.85235
850.0 3750.0 -1.18311
950.0 3750.0 -1.02314
1050.0 3750.0 -0.41014
1150.0 3750.0 0.32707
1250.0 3750.0 0.79683
1350.0 3750.0 0.75295
1450.0 3750.0 0.28274
1550.0 3750.0 -0.18685
1650.0 3750.0 -0.35437
1750.0 3750.0 -0.11993
1850.0 3750.0 0.39916
1950.0 3750.0 0.91988
2050.0 3750.0 1.15129
2150.0 3750.0 1.05675
2250.0 3750.0 0.78081
2350.0 3750.0 0.25951
2450.0 3750.0 -0.28170
2550.0 3750.0 -0.56572
2650.0 3750.0 -0.47648
2750.0 3750.0 -0.10859
2850.0 3750.0 0.34485
2950.0 3750.0 0.69938
3050.0 3750.0 0.81105
3150.0 3750.0 0.74207
3250.0 3750.0 0.66573
3350.0 3750.0 0.75631
3450.0 3750.0 1.09589
3550.0 3750.0 1.60364
3650.0 3750.0 2.24114
3750.0 3750.0 2.87125
3850.0 3750.0 3.07478
3950.0 3750.0 2.62816
4050.0 3750.0 1.70682
4150.0 3750.0 0.74646
4250.0 3750.0 -0.03086
4350.0 3750.0 -0.82068
4450.0 3750.0 -1.44005
4550.0 3750.0 -1.55621
4650.0 3750.0 -1.09088
4750.0 3750.0 -0.32253
4850.0 3750.0 0.31242
4950.0 3750.0 0.70209
5050.0 3750.0 1.03934
5150.0 3750.0 1.11619
5250.0 3750.0 0.70817
5350.0 3750.0 -0.15270
5450.0 3750.0 -1.15585
5550.0 3750.0 -1.92723
5650.0 3750.0 -2.45604
5750.0 3750.0 -2.91302
5850.0 3750.0 -3.00868
5950.0 3750.0 -2.48099
6050.0 3750.0 -1.40402
6150.0 3750.0 -0.19113
6250.0 3750.0 0.69811
6350.0 3750.0 1.26468
50.0 3850.0 -0.76565
150.0 3850.0 -0.50305
250.0 3850.0 -0.12334
350.0 3850.0 0.20175
450.0 3850.0 0.27569
550.0 3850.0 0.05452
650.0 3850.0 -0.33163
750.0 3850.0 -0.71244
850.0 3850.0 -0.94780
950.0 3850.0 -0.74119
1050.0 3850.0 -0.15454
1150.0 3850.0 0.49742
1250.0 3850.0 0.87134
1350.0 3850.0 0.77697
1450.0 3850.0 0.31639
1550.0 3850.0 -0.10567
1650.0 3850.0 -0.15751
1750.0 3850.0 0.23072
1850.0 3850.0 0.88215
1950.0 3850.0 1.46865
2050.0 3850.0 1.69157
2150.0 3850.0 1.54590
2250.0 3850.0 1.20761
2350.0 3850.0 0.58764
2450.0 3850.0 -0.11644
2550.0 3850.0 -0.62313
2650.0 3850.0 -0.77626
2750.0 3850.0 -0.61839
2850.0 3850.0 -0.32903
2950.0 3850.0 -0.09323
3050.0 3850.0 0.01829
3150.0 3850.0 0.08421
3250.0 3850.0 0.21990
3350.0 3850.0 0.49622
3450.0 3850.0 0.90583
3550.0 3850.0 1.37973
3650.0 3850.0 1.93560
3750.0 3850.0 2.43249
3850.0 3850.0 2.51047
3950.0 3850.0 2.00700
4050.0 3850.0 1.11588
4150.0 3850.0 0.24315
4250.0 3850.0 -0.43032
4350.0 3850.0 -1.04412
4450.0 3850.0 -1.41513
4550.0 3850.0 -1.34372
4650.0 3850.0 -0.86081
4750.0 3850.0 -0.24907
4850.0 3850.0 0.14499
4950.0 3850.0 0.29093
5050.0 3850.0 0.35932
5150.0 3850.0 0.20412
5250.0 3850.0 -0.28117
5350.0 3850.0 -1.02621
5450.0 3850.0 -1.80093
5550.0 3850.0 -2.36838
5650.0 3850.0 -2.74756
5750.0 3850.0 -2.94896
5850.0 3850.0 -2.72751
5950.0 3850.0 -2.02384
6050.0 3850.0 -1.04262
6150.0 3850.0 -0.16084
6250.0 3850.0 0.31854
6350.0 3850.0 0.49371
50.0 3950.0 -0.14608
150.0 3950.0 0.21473
250.0 3950.0 0.58595
350.0 3950.0 0.78921
450.0 3950.0 0.69266
550.0 3950.0 0.34322
650.0 3950.0 -0.06023
750.0 3950.0 -0.35271
850.0 3950.0 -0.49733
950.0 3950.0 -0.28525
1050.0 3950.0 0.19720
1150.0 3950.0 0.67187
1250.0 3950.0 0.87384
1350.0 3950.0 0.69048
1450.0 3950.0 0.23464
1550.0 3950.0 -0.14957
1650.0 3950.0 -0.13028
1750.0 3950.0 0.33394
1850.0 3950.0 1.02845
1950.0 3950.0 1.60799
2050.0 3950.0 1.78534
2150.0 3950.0 1.58144
2250.0 3950.0 1.20060
2350.0 3950.0 0.56401
2450.0 3950.0 -0.16818
2550.0 3950.0 -0.75194
2650.0 3950.0 -1.03823
2750.0 3950.0 -1.04494
2850.0 3950.0 -0.92191
2950.0 3950.0 -0.83250
3050.0 3950.0 -0.79695
3150.0 3950.0 -0.71002
3250.0 3950.0 -0.48119
3350.0 3950.0 -0.10751
3450.0 3950.0 0.33284
3550.0 3950.0 0.76772
3650.0 3950.0 1.25932
3750.0 3950.0 1.68498
3850.0 3950.0 1.73687
3950.0 3950.0 1.28463
4050.0 3950.0 0.50672
4150.0 3950.0 -0.24020
4250.0 3950.0 -0.80237
4350.0 3950.0 -1.23846
4450.0 3950.0 -1.36969
4550.0 3950.0 -1.13262
4650.0 3950.0 -0.66323
4750.0 3950.0 -0.23873
4850.0 3950.0 -0.10642
4950.0 3950.0 -0.21460
5050.0 3950.0 -0.37442
5150.0 3950.0 -0.62314
5250.0 3950.0 -0.97162
5350.0 3950.0 -1.37627
5450.0 3950.0 -1.75897
5550.0 3950.0 -2.05625
5650.0 3950.0 -2.27928
5750.0 3950.0 -2.27625
5850.0 3950.0 -1.88851
5950.0 3950.0 -1.23538
6050.0 3950.0 -0.58572
6150.0 3950.0 -0.20770
6250.0 3950.0 -0.21235
6350.0 3950.0 -0.44589
50.0 4050.0 0.30515
150.0 4050.0 0.73998
250.0 4050.0 1.11447
350.0 4050.0 1.24562
450.0 4050.0 1.04423
550.0 4050.0 0.61754
650.0 4050.0 0.21033
750.0 4050.0 -0.01572
850.0 4050.0 -0.09804
950.0 4050.0 0.09769
1050.0 4050.0 0.46766
1150.0 4050.0 0.77084
1250.0 4050.0 0.81296
1350.0 4050.0 0.54733
1450.0 4050.0 0.09242
1550.0 4050.0 -0.27746
1650.0 4050.0 -0.26230
1750.0 4050.0 0.16187
1850.0 4050.0 0.78049
1950.0 4050.0 1.26962
2050.0 4050.0 1.37230
2150.0 4050.0 1.12049
2250.0 4050.0 0.73976
2350.0 4050.0 0.21018
2450.0 4050.0 -0.34688
2550.0 4050.0 -0.77248
2650.0 4050.0 -0.99045
2750.0 4050.0 -1.04161
2850.0 4050.0 -1.03269
2950.0 4050.0 -1.07147
3050.0 4050.0 -1.16343
3150.0 4050.0 -1.17501
3250.0 4050.0 -0.99996
3350.0 4050.0 -0.64694
3450.0 4050.0 -0.22439
3550.0 4050.0 0.17846
3650.0 4050.0 0.64028
3750.0 4050.0 1.06964
3850.0 4050.0 1.18873
3950.0 4050.0 0.86479
4050.0 4050.0 0.23669
4150.0 4050.0 -0.39009
4250.0 4050.0 -0.86862
4350.0 4050.0 -1.18151
4450.0 4050.0 -1.15860
4550.0 4050.0 -0.83281
4650.0 4050.0 -0.40729
4750.0 4050.0 -0.14467
4850.0 4050.0 -0.21424
4950.0 4050.0 -0.50840
5050.0 4050.0 -0.80205
5150.0 4050.0 -1.02521
5250.0 4050.0 -1.13616
5350.0 4050.0 -1.15307
5450.0 4050.0 -1.15190
5550.0 4050.0 -1.21529
5650.0 4050.0 -1.32373
5750.0 4050.0 -1.20352
5850.0 4050.0 -0.77987
5950.0 4050.0 -0.28579
6050.0 4050.0 0.00039
6150.0 4050.0 -0.07286
6250.0 4050.0 -0.46121
6350.0 4050.0 -0.99404
50.0 4150.0 0.25666
150.0 4150.0 0.72657
250.0 4150.0 1.12495
350.0 4150.0 1.26734
450.0 4150.0 1.07075
550.0 4150.0 0.65222
650.0 4150.0 0.26460
750.0 4150.0 0.06973
850.0 4150.0 0.01326
950.0 4150.0 0.20204
1050.0 4150.0 0.52503
1150.0 4150.0 0.75668
1250.0 4150.0 0.73217
1350.0 4150.0 0.43225
1450.0 4150.0 -0.02232
1550.0 4150.0 -0.40224
1650.0 4150.0 -0.45566
1750.0 4150.0 -0.16175
1850.0 4150.0 0.29789
1950.0 4150.0 0.64838
2050.0 4150.0 0.67127
2150.0 4150.0 0.39353
2250.0 4150.0 0.05484
2350.0 4150.0 -0.27078
2450.0 4150.0 -0.49307
2550.0 4150.0 -0.56558
2650.0 4150.0 -0.53280
2750.0 4150.0 -0.50001
2850.0 4150.0 -0.52753
2950.0 4150.0 -0.64069
3050.0 4150.0 -0.85917
3150.0 4150.0 -1.02862
3250.0 4150.0 -1.00138
3350.0 4150.0 -0.75159
3450.0 4150.0 -0.37789
3550.0 4150.0 0.00815
3650.0 4150.0 0.47280
3750.0 4150.0 0.95244
3850.0 4150.0 1.17455
3950.0 4150.0 0.98272
4050.0 4150.0 0.47478
4150.0 4150.0 -0.07805
4250.0 4150.0 -0.52029
4350.0 4150.0 -0.79044
4450.0 4150.0 -0.72860
4550.0 4150.0 -0.40348
4650.0 4150.0 -0.03469
4750.0 4150.0 0.13315
4850.0 4150.0 -0.03108
4950.0 4150.0 -0.40240
5050.0 4150.0 -0.73396
5150.0 4150.0 -0.89734
5250.0 4150.0 -0.83824
5350.0 4150.0 -0.62239
5450.0 4150.0 -0.41188
5550.0 4150.0 -0.35973
5650.0 4150.0 -0.42010
5750.0 4150.0 -0.25785
5850.0 4150.0 0.16341
5950.0 4150.0 0.56697
6050.0 4150.0 0.67817
6150.0 4150.0 0.40125
6250.0 4150.0 -0.15207
6350.0 4150.0 -0.80889
50.0 4250.0 -0.19265
150.0 4250.0 0.28762
250.0 4250.0 0.72575
350.0 4250.0 0.93798
450.0 4250.0 0.82274
550.0 4250.0 0.47237
650.0 4250.0 0.12209
750.0 4250.0 -0.06376
850.0 4250.0 -0.11543
950.0 4250.0 0.08362
1050.0 4250.0 0.42161
1150.0 4250.0 0.66909
1250.0 4250.0 0.65702
1350.0 4250.0 0.36373
1450.0 4250.0 -0.08878
1550.0 4250.0 -0.48986
1650.0 4250.0 -0.63662
1750.0 4250.0 -0.50349
1850.0 4250.0 -0.22603
1950.0 4250.0 -0.02167
2050.0 4250.0 -0.07089
2150.0 4250.0 -0.35942
2250.0 4250.0 -0.63701
2350.0 4250.0 -0.72483
2450.0 4250.0 -0.55553
2550.0 4250.0 -0.19881
2650.0 4250.0 0.16499
2750.0 4250.0 0.34840
2850.0 4250.0 0.33421
2950.0 4250.0 0.19003
3050.0 4250.0 -0.12842
3150.0 4250.0 -0.45475
3250.0 4250.0 -0.59525
3350.0 4250.0 -0.47241
3450.0 4250.0 -0.15565
3550.0 4250.0 0.22327
3650.0 4250.0 0.70402
3750.0 4250.0 1.24181
3850.0 4250.0 1.55665
3950.0 4250.0 1.46453
4050.0 4250.0 1.03185
4150.0 4250.0 0.51200
4250.0 4250.0 0.07390
4350.0 4250.0 -0.20451
4450.0 4250.0 -0.17280
4550.0 4250.0 0.10374
4650.0 4250.0 0.41939
4750.0 4250.0 0.54613
4850.0 4250.0 0.36257
4950.0 4250.0 -0.01342
5050.0 4250.0 -0.33603
5150.0 4250.0 -0.46492
5250.0 4250.0 -0.35033
5350.0 4250.0 -0.07433
5450.0 4250.0 0.18179
5550.0 4250.0 0.25425
5650.0 4250.0 0.19955
5750.0 4250.0 0.37571
5850.0 4250.0 0.82280
5950.0 4250.0 1.25534
6050.0 4250.0 1.38789
6150.0 4250.0 1.11854
6250.0 4250.0 0.56044
6350.0 4250.0 -0.10602
50.0 4350.0 -0.83566
150.0 4350.0 -0.32209
250.0 4350.0 0.20776
350.0 4350.0 0.57310
450.0 4350.0 0.63655
550.0 4350.0 0.44089
650.0 4350.0 0.18442
750.0 4350.0 0.03499
850.0 4350.0 -0.00703
950.0 4350.0 0.14811
1050.0 4350.0 0.39145
1150.0 4350.0 0.52858
1250.0 4350.0 0.43363
1350.0 4350.0 0.11328
1450.0 4350.0 -0.31898
1550.0 4350.0 -0.70990
1650.0 4350.0 -0.91422
1750.0 4350.0 -0.91819
1850.0 4350.0 -0.82442
1950.0 4350.0 -0.79065
2050.0 4350.0 -0.94379
2150.0 4350.0 -1.26921
2250.0 4350.0 -1.51014
2350.0 4350.0 -1.37579
2450.0 4350.0 -0.80707
2550.0 4350.0 0.01380
2650.0 4350.0 0.75797
2750.0 4350.0 1.13462
2850.0 4350.0 1.16132
2950.0 4350.0 1.02397
3050.0 4350.0 0.66132
3150.0 4350.0 0.22516
3250.0 4350.0 -0.07014
3350.0 4350.0 -0.09966
3450.0 4350.0 0.11360
3550.0 4350.0 0.43734
3650.0 4350.0 0.88784
3750.0 4350.0 1.44717
3850.0 4350.0 1.83701
3950.0 4350.0 1.84532
4050.0 4350.0 1.49535
4150.0 4350.0 1.00736
4250.0 4350.0 0.56069
4350.0 4350.0 0.25480
4450.0 4350.0 0.24130
4550.0 4350.0 0.48057
4650.0 4350.0 0.79001
4750.0 4350.0 0.94552
4850.0 4350.0 0.81067
4950.0 4350.0 0.48525
5050.0 4350.0 0.18932
5150.0 4350.0 0.03980
5250.0 4350.0 0.09552
5350.0 4350.0 0.30502
5450.0 4350.0 0.52227
5550.0 4350.0 0.60276
5650.0 4350.0 0.58631
5750.0 4350.0 0.83800
5850.0 4350.0 1.40995
5950.0 4350.0 1.98323
6050.0 4350.0 2.22928
6150.0 4350.0 2.01966
6250.0 4350.0 1.47050
6350.0 4350.0 0.79461
50.0 4450.0 -1.55582
150.0 4450.0 -0.96723
250.0 4450.0 -0.28987
350.0 4450.0 0.30178
450.0 4450.0 0.62770
550.0 4450.0 0.66837
650.0 4450.0 0.57330
750.0 4450.0 0.51228
850.0 4450.0 0.50092
950.0 4450.0 0.53411
1050.0 4450.0 0.51110
1150.0 4450.0 0.33741
1250.0 4450.0 0.01013
1350.0 4450.0 -0.38353
1450.0 4450.0 -0.75425
1550.0 4450.0 -1.06362
1650.0 4450.0 -1.22503
1750.0 4450.0 -1.27309
1850.0 4450.0 -1.31783
1950.0 4450.0 -1.46813
2050.0 4450.0 -1.77443
2150.0 4450.0 -2.19041
2250.0 4450.0 -2.46699
2350.0 4450.0 -2.22097
2450.0 4450.0 -1.36610
2550.0 4450.0 -0.15378
2650.0 4450.0 0.95658
2750.0 4450.0 1.55572
2850.0 4450.0 1.66629
2950.0 4450.0 1.61168
3050.0 4450.0 1.33431
3150.0 4450.0 0.91592
3250.0 4450.0 0.52950
3350.0 4450.0 0.32526
3450.0 4450.0 0.35248
3550.0 4450.0 0.52224
3650.0 4450.0 0.84483
3750.0 4450.0 1.34696
3850.0 4450.0 1.77323
3950.0 4450.0 1.88445
4050.0 4450.0 1.63668
4150.0 4450.0 1.18368
4250.0 4450.0 0.70757
4350.0 4450.0 0.33872
4450.0 4450.0 0.24690
4550.0 4450.0 0.45938
4650.0 4450.0 0.83683
4750.0 4450.0 1.13997
4850.0 4450.0 1.17453
4950.0 4450.0 1.00065
5050.0 4450.0 0.77115
5150.0 4450.0 0.52387
5250.0 4450.0 0.35150
5350.0 4450.0 0.30996
5450.0 4450.0 0.37458
5550.0 4450.0 0.46540
5650.0 4450.0 0.55998
5750.0 4450.0 0.99403
5850.0 4450.0 1.82650
5950.0 4450.0 2.66163
6050.0 4450.0 3.09116
6150.0 4450.0 2.95487
6250.0 4450.0 2.39627
6350.0 4450.0 1.69211
50.0 4550.0 -1.95311
150.0 4550.0 -1.27250
250.0 4550.0 -0.47950
350.0 4550.0 0.25867
450.0 4550.0 0.75179
550.0 4550.0 0.95839
650.0 4550.0 1.00613
750.0 4550.0 1.06057
850.0 4550.0 1.10768
950.0 4550.0 1.01707
1050.0 4550.0 0.69886
1150.0 4550.0 0.17868
1250.0 4550.0 -0.39988
1350.0 4550.0 -0.85467
1450.0 4550.0 -1.12610
1550.0 4550.0 -1.29158
1650.0 4550.0 -1.29703
1750.0 4550.0 -1.25506
1850.0 4550.0 -1.33200
1950.0 4550.0 -1.61881
2050.0 4550.0 -2.08719
2150.0 4550.0 -2.63038
2250.0 4550.0 -3.02718
2350.0 4550.0 -2.86826
2450.0 4550.0 -2.00289
2550.0 4550.0 -0.66301
2650.0 4550.0 0.64073
2750.0 4550.0 1.40944
2850.0 4550.0 1.62792
2950.0 4550.0 1.72238
3050.0 4550.0 1.66075
3150.0 4550.0 1.40916
3250.0 4550.0 1.03691
3350.0 4550.0 0.68486
3450.0 4550.0 0.48358
3550.0 4550.0 0.42740
3650.0 4550.0 0.54707
3750.0 4550.0 0.92638
3850.0 4550.0 1.34962
3950.0 4550.0 1.55443
4050.0 4550.0 1.41516
4150.0 4550.0 0.99609
4250.0 4550.0 0.47451
4350.0 4550.0 0.00944
4450.0 4550.0 -0.20561
4550.0 4550.0 -0.04230
4650.0 4550.0 0.42746
4750.0 4550.0 0.94466
4850.0 4550.0 1.22993
4950.0 4550.0 1.28299
5050.0 4550.0 1.16478
5150.0 4550.0 0.80447
5250.0 4550.0 0.33920
5350.0 4550.0 -0.02936
5450.0 4550.0 -0.15932
5550.0 4550.0 -0.04063
5650.0 4550.0 0.21817
5750.0 4550.0 0.88021
5850.0 4550.0 1.98552
5950.0 4550.0 3.04731
6050.0 4550.0 3.58917
6150.0 4550.0 3.45291
6250.0 4550.0 2.84234
6350.0 4550.0 2.09512
50.0 4650.0 -1.77713
150.0 4650.0 -1.02346
250.0 4650.0 -0.22313
350.0 4650.0 0.46183
450.0 4650.0 0.88751
550.0 4650.0 1.06553
650.0 4650.0 1.15525
750.0 4650.0 1.31046
850.0 4650.0 1.43573
950.0 4650.0 1.30224
1050.0 4650.0 0.82931
1150.0 4650.0 0.12361
1250.0 4650.0 -0.57463
1350.0 4650.0 -1.02243
1450.0 4650.0 -1.18155
1550.0 4650.0 -1.18501
1650.0 4650.0 -0.97063
1750.0 4650.0 -0.73471
1850.0 4650.0 -0.73081
1950.0 4650.0 -1.06743
2050.0 4650.0 -1.65860
2150.0 4650.0 -2.32705
2250.0 4650.0 -2.89492
2350.0 4650.0 -3.00652
2450.0 4650.0 -2.42780
2550.0 4650.0 -1.28323
2650.0 4650.0 -0.03342
2750.0 4650.0 0.79313
2850.0 4650.0 1.10985
2950.0 4650.0 1.37271
3050.0 4650.0 1.58603
3150.0 4650.0 1.59071
3250.0 4650.0 1.32424
3350.0 4650.0 0.88926
3450.0 4650.0 0.48356
3550.0 4650.0 0.19811
3650.0 4650.0 0.10576
3750.0 4650.0 0.34701
3850.0 4650.0 0.74874
3950.0 4650.0 1.03029
4050.0 4650.0 0.98819
4150.0 4650.0 0.59804
4250.0 4650.0 0.02908
4350.0 4650.0 -0.54464
4450.0 4650.0 -0.91562
4550.0 4650.0 -0.84679
4650.0 4650.0 -0.32742
4750.0 4650.0 0.37721
4850.0 4650.0 0.90719
4950.0 4650.0 1.19338
5050.0 4650.0 1.21190
5150.0 4650.0 0.79815
5250.0 4650.0 0.12311
5350.0 4650.0 -0.48985
5450.0 4650.0 -0.75600
5550.0 4650.0 -0.58527
5650.0 4650.0 -0.15958
5750.0 4650.0 0.68513
5850.0 4650.0 1.93642
5950.0 4650.0 3.04140
6050.0 4650.0 3.51240
6150.0 4650.0 3.25024
6250.0 4650.0 2.54288
6350.0 4650.0 1.75034
50.0 4750.0 -1.13057
150.0 4750.0 -0.34686
250.0 4750.0 0.34300
350.0 4750.0 0.77836
450.0 4750.0 0.90740
550.0 4750.0 0.85832
650.0 4750.0 0.86941
750.0 4750.0 1.07827
850.0 4750.0 1.28128
950.0 4750.0 1.21838
1050.0 4750.0 0.81313
1150.0 4750.0 0.17936
1250.0 4750.0 -0.43821
1350.0 4750.0 -0.79712
1450.0 4750.0 -0.86339
1550.0 4750.0 -0.74172
1650.0 4750.0 -0.33150
1750.0 4750.0 0.10869
1850.0 4750.0 0.24389
1950.0 4750.0 -0.07010
2050.0 4750.0 -0.72102
2150.0 4750.0 -1.47567
2250.0 4750.0 -2.20090
2350.0 4750.0 -2.63882
2450.0 4750.0 -2.48327
2550.0 4750.0 -1.71766
2650.0 4750.0 -0.69149
2750.0 4750.0 0.09122
2850.0 4750.0 0.46901
2950.0 4750.0 0.86114
3050.0 4750.0 1.30169
3150.0 4750.0 1.53821
3250.0 4750.0 1.39943
3350.0 4750.0 0.94434
3450.0 4750.0 0.40956
3550.0 4750.0 -0.03833
3650.0 4750.0 -0.28089
3750.0 4750.0 -0.13356
3850.0 4750.0 0.26024
3950.0 4750.0 0.60455
4050.0 4750.0 0.63774
4150.0 4750.0 0.27069
4250.0 4750.0 -0.33244
4350.0 4750.0 -0.99897
4450.0 4750.0 -1.52642
4550.0 4750.0 -1.59233
4650.0 4750.0 -1.10639
4750.0 4750.0 -0.31697
4850.0 4750.0 0.36875
4950.0 4750.0 0.82180
5050.0 4750.0 0.96769
5150.0 4750.0 0.59783
5250.0 4750.0 -0.10798
5350.0 4750.0 -0.77598
5450.0 4750.0 -1.05616
5550.0 4750.0 -0.81743
5650.0 4750.0 -0.27393
5750.0 4750.0 0.64567
5850.0 4750.0 1.85566
5950.0 4750.0 2.78567
6050.0 4750.0 3.00367
6150.0 4750.0 2.51459
6250.0 4750.0 1.69075
6350.0 4750.0 0.86446
50.0 4850.0 -0.36813
150.0 4850.0 0.40225
250.0 4850.0 0.91818
350.0 4850.0 1.01683
450.0 4850.0 0.74915
550.0 4850.0 0.37769
650.0 4850.0 0.23528
750.0 4850.0 0.44433
850.0 4850.0 0.70519
950.0 4850.0 0.79701
1050.0 4850.0 0.64198
1150.0 4850.0 0.29310
1250.0 4850.0 -0.08427
1350.0 4850.0 -0.30313
1450.0 4850.0 -0.31734
1550.0 4850.0 -0.14135
1650.0 4850.0 0.36757
1750.0 4850.0 0.92507
1850.0 4850.0 1.15350
1950.0 4850.0 0.88148
2050.0 4850.0 0.22309
2150.0 4850.0 -0.56346
2250.0 4850.0 -1.37647
2350.0 4850.0 -2.04138
2450.0 4850.0 -2.21445
2550.0 4850.0 -1.77585
2650.0 4850.0 -0.97543
2750.0 4850.0 -0.27348
2850.0 4850.0 0.12136
2950.0 4850.0 0.56746
3050.0 4850.0 1.10852
3150.0 4850.0 1.45408
3250.0 4850.0 1.38481
3350.0 4850.0 0.93650
3450.0 4850.0 0.35751
3550.0 4850.0 -0.15338
3650.0 4850.0 -0.44820
3750.0 4850.0 -0.31637
3850.0 4850.0 0.10722
3950.0 4850.0 0.51065
4050.0 4850.0 0.59873
4150.0 4850.0 0.25128
4250.0 4850.0 -0.36509
4350.0 4850.0 -1.08945
4450.0 4850.0 -1.74212
4550.0 4850.0 -1.95638
4650.0 4850.0 -1.58158
4750.0 4850.0 -0.82905
4850.0 4850.0 -0.10976
4950.0 4850.0 0.40868
5050.0 4850.0 0.64350
5150.0 4850.0 0.39930
5250.0 4850.0 -0.16102
5350.0 4850.0 -0.69238
5450.0 4850.0 -0.86793
5550.0 4850.0 -0.56192
5650.0 4850.0 0.02614
5750.0 4850.0 0.90984
5850.0 4850.0 1.93323
5950.0 4850.0 2.55388
6050.0 4850.0 2.43613
6150.0 4850.0 1.69805
6250.0 4850.0 0.77332
6350.0 4850.0 -0.06786
50.0 4950.0 0.30799
150.0 4950.0 1.04179
250.0 4950.0 1.37484
350.0 4950.0 1.14176
450.0 4950.0 0.48661
550.0 4950.0 -0.20546
650.0 4950.0 -0.51484
750.0 4950.0 -0.33233
850.0 4950.0 -0.03049
950.0 4950.0 0.24370
1050.0 4950.0 0.40754
1150.0 4950.0 0.42326
1250.0 4950.0 0.34138
1350.0 4950.0 0.27123
1450.0 4950.0 0.27909
1550.0 4950.0 0.45958
1650.0 4950.0 0.98772
1750.0 4950.0 1.57859
1850.0 4950.0 1.84545
1950.0 4950.0 1.60505
2050.0 4950.0 0.96329
2150.0 4950.0 0.18052
2250.0 4950.0 -0.66086
2350.0 4950.0 -1.43979
2450.0 4950.0 -1.80247
2550.0 4950.0 -1.57342
2650.0 4950.0 -0.93625
2750.0 4950.0 -0.31026
2850.0 4950.0 0.07561
2950.0 4950.0 0.52374
3050.0 4950.0 1.07354
3150.0 4950.0 1.43309
3250.0 4950.0 1.37842
3350.0 4950.0 0.94042
3450.0 4950.0 0.36489
3550.0 4950.0 -0.14701
3650.0 4950.0 -0.43221
3750.0 4950.0 -0.26510
3850.0 4950.0 0.21498
3950.0 4950.0 0.67939
4050.0 4950.0 0.81371
4150.0 4950.0 0.48671
4250.0 4950.0 -0.12766
4350.0 4950.0 -0.88452
4450.0 4950.0 -1.63634
4550.0 4950.0 -1.99835
4650.0 4950.0 -1.77359
4750.0 4950.0 -1.12605
4850.0 4950.0 -0.44465
4950.0 4950.0 0.07832
5050.0 4950.0 0.37206
5150.0 4950.0 0.28276
5250.0 4950.0 -0.05533
5350.0 4950.0 -0.36426
5450.0 4950.0 -0.38438
5550.0 4950.0 -0.01903
5650.0 4950.0 0.57007
5750.0 4950.0 1.36593
5850.0 4950.0 2.15342
5950.0 4950.0 2.43759
6050.0 4950.0 1.98699
6150.0 4950.0 1.02223
6250.0 4950.0 0.01824
6350.0 4950.0 -0.82626
50.0 5050.0 1.13706
150.0 5050.0 1.76092
250.0 5050.0 1.86107
350.0 5050.0 1.29412
450.0 5050.0 0.29937
550.0 5050.0 -0.64251
650.0 5050.0 -1.06671
750.0 5050.0 -0.89734
850.0 5050.0 -0.54540
950.0 5050.0 -0.06751
1050.0 5050.0 0.43080
1150.0 5050.0 0.80151
1250.0 5050.0 0.97626
1350.0 5050.0 0.99974
1450.0 5050.0 0.97470
1550.0 5050.0 1.08938
1650.0 5050.0 1.53966
1750.0 5050.0 2.09018
1850.0 5050.0 2.39255
1950.0 5050.0 2.25574
2050.0 5050.0 1.73825
2150.0 5050.0 1.06130
2250.0 5050.0 0.28833
2350.0 5050.0 -0.54197
2450.0 5050.0 -1.11181
2550.0 5050.0 -1.19784
2650.0 5050.0 -0.87226
2750.0 5050.0 -0.44304
2850.0 5050.0 -0.13350
2950.0 5050.0 0.26348
3050.0 5050.0 0.80509
3150.0 5050.0 1.22858
3250.0 5050.0 1.30221
3350.0 5050.0 1.01033
3450.0 5050.0 0.54192
3550.0 5050.0 0.08849
3650.0 5050.0 -0.14963
3750.0 5050.0 0.05379
3850.0 5050.0 0.56417
3950.0 5050.0 1.06146
4050.0 5050.0 1.23813
4150.0 5050.0 0.96461
4250.0 5050.0 0.40818
4350.0 5050.0 -0.34748
4450.0 5050.0 -1.22255
4550.0 5050.0 -1.81283
4650.0 5050.0 -1.84234
4750.0 5050.0 -1.38073
4850.0 5050.0 -0.76143
4950.0 5050.0 -0.21871
5050.0 5050.0 0.13037
5150.0 5050.0 0.15045
5250.0 5050.0 -0.04347
5350.0 5050.0 -0.21281
5450.0 5050.0 -0.13441
5550.0 5050.0 0.27504
5650.0 5050.0 0.87450
5750.0 5050.0 1.59503
5850.0 5050.0 2.15948
5950.0 5050.0 2.11582
6050.0 5050.0 1.33442
6150.0 5050.0 0.14010
6250.0 5050.0 -0.94682
6350.0 5050.0 -1.79888
50.0 5150.0 1.96350
150.0 5150.0 2.35250
250.0 5150.0 2.17387
350.0 5150.0 1.35299
450.0 5150.0 0.20589
550.0 5150.0 -0.77163
650.0 5150.0 -1.16857
750.0 5150.0 -0.97686
850.0 5150.0 -0.56487
950.0 5150.0 0.11144
1050.0 5150.0 0.89174
1150.0 5150.0 1.50592
1250.0 5150.0 1.79000
1350.0 5150.0 1.76900
1450.0 5150.0 1.60707
1550.0 5150.0 1.52915
1650.0 5150.0 1.72312
1750.0 5150.0 2.09382
1850.0 5150.0 2.41919
1950.0 5150.0 2.51043
2050.0 5150.0 2.30962
2150.0 5150.0 1.92364
2250.0 5150.0 1.40812
2350.0 5150.0 0.68988
2450.0 5150.0 -0.03748
2550.0 5150.0 -0.54062
2650.0 5150.0 -0.72638
2750.0 5150.0 -0.68085
2850.0 5150.0 -0.56594
2950.0 5150.0 -0.32467
3050.0 5150.0 0.14747
3150.0 5150.0 0.67459
3250.0 5150.0 1.02545
3350.0 5150.0 1.07998
3450.0 5150.0 0.88320
3550.0 5150.0 0.58952
3650.0 5150.0 0.45544
3750.0 5150.0 0.67357
3850.0 5150.0 1.13524
3950.0 5150.0 1.58442
4050.0 5150.0 1.77634
4150.0 5150.0 1.60899
4250.0 5150.0 1.21275
4350.0 5150.0 0.53695
4450.0 5150.0 -0.45300
4550.0 5150.0 -1.33737
4650.0 5150.0 -1.72423
4750.0 5150.0 -1.52945
4850.0 5150.0 -0.98469
4950.0 5150.0 -0.38548
5050.0 5150.0 0.01177
5150.0 5150.0 0.04188
5250.0 5150.0 -0.17847
5350.0 5150.0 -0.38881
5450.0 5150.0 -0.33519
5550.0 5150.0 0.08675
5650.0 5150.0 0.72008
5750.0 5150.0 1.41889
5850.0 5150.0 1.85337
5950.0 5150.0 1.59061
6050.0 5150.0 0.56976
6150.0 5150.0 -0.80265
6250.0 5150.0 -1.96135
6350.0 5150.0 -2.83039
50.0 5250.0 2.32915
150.0 5250.0 2.40879
250.0 5250.0 1.99085
350.0 5250.0 1.10397
450.0 5250.0 0.09119
550.0 5250.0 -0.64218
650.0 5250.0 -0.84390
750.0 5250.0 -0.59332
850.0 5250.0 -0.12812
950.0 5250.0 0.67842
1050.0 5250.0 1.59004
1150.0 5250.0 2.23855
1250.0 5250.0 2.42196
1350.0 5250.0 2.20545
1450.0 5250.0 1.82519
1550.0 5250.0 1.46217
1650.0 5250.0 1.26154
1750.0 5250.0 1.33326
1850.0 5250.0 1.64970
1950.0 5250.0 2.03866
2050.0 5250.0 2.28173
2150.0 5250.0 2.31662
2250.0 5250.0 2.21696
2350.0 5250.0 1.82053
2450.0 5250.0 1.12552
2550.0 5250.0 0.30292
2650.0 5250.0 -0.40406
2750.0 5250.0 -0.81387
2850.0 5250.0 -0.97080
2950.0 5250.0 -0.97691
3050.0 5250.0 -0.67938
3150.0 5250.0 -0.11889
3250.0 5250.0 0.50903
3350.0 5250.0 0.97200
3450.0 5250.0 1.12832
3550.0 5250.0 1.06262
3650.0 5250.0 1.06477
3750.0 5250.0 1.25640
3850.0 5250.0 1.57351
3950.0 5250.0 1.87536
4050.0 5250.0 2.03251
4150.0 5250.0 1.99578
4250.0 5250.0 1.83187
4350.0 5250.0 1.31999
4450.0 5250.0 0.30581
4550.0 5250.0 -0.79247
4650.0 5250.0 -1.47945
4750.0 5250.0 -1.51560
4850.0 5250.0 -1.01766
4950.0 5250.0 -0.33409
5050.0 5250.0 0.09964
5150.0 5250.0 0.05113
5250.0 5250.0 -0.34297
5350.0 5250.0 -0.74884
5450.0 5250.0 -0.82583
5550.0 5250.0 -0.42064
5650.0 5250.0 0.26487
5750.0 5250.0 1.01742
5850.0 5250.0 1.48569
5950.0 5250.0 1.21913
6050.0 5250.0 0.15942
6150.0 5250.0 -1.26270
6250.0 5250.0 -2.45355
6350.0 5250.0 -3.34647
50.0 5350.0 2.00775
150.0 5350.0 1.79750
250.0 5350.0 1.24740
350.0 5350.0 0.49206
450.0 5350.0 -0.15356
550.0 5350.0 -0.44848
650.0 5350.0 -0.35253
750.0 5350.0 -0.02555
850.0 5350.0 0.47216
950.0 5350.0 1.31235
1050.0 5350.0 2.18480
1150.0 5350.0 2.67147
1250.0 5350.0 2.59427
1350.0 5350.0 2.10097
1450.0 5350.0 1.48947
1550.0 5350.0 0.83577
1650.0 5350.0 0.22067
1750.0 5350.0 -0.03876
1850.0 5350.0 0.23407
1950.0 5350.0 0.89457
2050.0 5350.0 1.57016
2150.0 5350.0 2.02625
2250.0 5350.0 2.38144
2350.0 5350.0 2.44947
2450.0 5350.0 2.01900
2550.0 5350.0 1.13007
2650.0 5350.0 0.09655
2750.0 5350.0 -0.67988
2850.0 5350.0 -1.10020
2950.0 5350.0 -1.38133
3050.0 5350.0 -1.35156
3150.0 5350.0 -0.90447
3250.0 5350.0 -0.15590
3350.0 5350.0 0.59839
3450.0 5350.0 1.05724
3550.0 5350.0 1.21553
3650.0 5350.0 1.34236
3750.0 5350.0 1.46842
3850.0 5350.0 1.58031
3950.0 5350.0 1.67121
4050.0 5350.0 1.74715
4150.0 5350.0 1.82236
4250.0 5350.0 1.89159
4350.0 5350.0 1.58697
4450.0 5350.0 0.67551
4550.0 5350.0 -0.44760
4650.0 5350.0 -1.24097
4750.0 5350.0 -1.36949
4850.0 5350.0 -0.86383
4950.0 5350.0 -0.09270
5050.0 5350.0 0.36753
5150.0 5350.0 0.21189
5250.0 5350.0 -0.39766
5350.0 5350.0 -1.04101
5450.0 5350.0 -1.27779
5550.0 5350.0 -0.89999
5650.0 5350.0 -0.15951
5750.0 5350.0 0.70348
5850.0 5350.0 1.35316
5950.0 5350.0 1.29109
6050.0 5350.0 0.39704
6150.0 5350.0 -0.93654
6250.0 5350.0 -2.11191
6350.0 5350.0 -3.02916
50.0 5450.0 1.19600
150.0 5450.0 0.79717
250.0 5450.0 0.22378
350.0 5450.0 -0.31444
450.0 5450.0 -0.55706
550.0 5450.0 -0.42412
650.0 5450.0 -0.05648
750.0 5450.0 0.33464
850.0 5450.0 0.84307
950.0 5450.0 1.65141
1050.0 5450.0 2.39923
1150.0 5450.0 2.66157
1250.0 5450.0 2.31221
1350.0 5450.0 1.58048
1450.0 5450.0 0.80121
1550.0 5450.0 -0.05849
1650.0 5450.0 -0.97746
1750.0 5450.0 -1.49355
1850.0 5450.0 -1.28041
1950.0 5450.0 -0.45417
2050.0 5450.0 0.51124
2150.0 5450.0 1.25923
2250.0 5450.0 1.96499
2350.0 5450.0 2.48536
2450.0 5450.0 2.45103
2550.0 5450.0 1.74848
2650.0 5450.0 0.66761
2750.0 5450.0 -0.28114
2850.0 5450.0 -0.87607
2950.0 5450.0 -1.37888
3050.0 5450.0 -1.64075
3150.0 5450.0 -1.43995
3250.0 5450.0 -0.78694
3350.0 5450.0 0.03468
3450.0 5450.0 0.64477
3550.0 5450.0 0.95335
3650.0 5450.0 1.15674
3750.0 5450.0 1.20434
3850.0 5450.0 1.12284
3950.0 5450.0 1.01384
4050.0 5450.0 0.99425
4150.0 5450.0 1.13119
4250.0 5450.0 1.36260
4350.0 5450.0 1.24128
4450.0 5450.0 0.51762
4550.0 5450.0 -0.44884
4650.0 5450.0 -1.13770
4750.0 5450.0 -1.20274
4850.0 5450.0 -0.64160
4950.0 5450.0 0.19368
5050.0 5450.0 0.67829
5150.0 5450.0 0.46458
5250.0 5450.0 -0.27096
5350.0 5450.0 -1.05552
5450.0 5450.0 -1.38678
5550.0 5450.0 -1.02185
5650.0 5450.0 -0.24086
5750.0 5450.0 0.73569
5850.0 5450.0 1.60742
5950.0 5450.0 1.82301
6050.0 5450.0 1.17725
6150.0 5450.0 -0.00477
6250.0 5450.0 -1.13833
6350.0 5450.0 -2.07366
50.0 5550.0 0.34286
150.0 5550.0 -0.11819
250.0 5550.0 -0.66207
350.0 5550.0 -1.05056
450.0 5550.0 -1.06279
550.0 5550.0 -0.70402
650.0 5550.0 -0.20039
750.0 5550.0 0.22045
850.0 5550.0 0.72831
950.0 5550.0 1.50388
1050.0 5550.0 2.16872
1150.0 5550.0 2.30584
1250.0 5550.0 1.82160
1350.0 5550.0 0.98453
1450.0 5550.0 0.14080
1550.0 5550.0 -0.79831
1650.0 5550.0 -1.84369
1750.0 5550.0 -2.47883
1850.0 5550.0 -2.31507
1950.0 5550.0 -1.44942
2050.0 5550.0 -0.38761
2150.0 5550.0 0.46688
2250.0 5550.0 1.33641
2350.0 5550.0 2.15462
2450.0 5550.0 2.48156
2550.0 5550.0 2.08380
2650.0 5550.0 1.16809
2750.0 5550.0 0.23990
2850.0 5550.0 -0.41065
2950.0 5550.0 -1.03220
3050.0 5550.0 -1.53031
3150.0 5550.0 -1.62493
3250.0 5550.0 -1.22666
3350.0 5550.0 -0.54578
3450.0 5550.0 0.04755
3550.0 5550.0 0.40475
3650.0 5550.0 0.62690
3750.0 5550.0 0.61517
3850.0 5550.0 0.41551
3950.0 5550.0 0.18364
4050.0 5550.0 0.09270
4150.0 5550.0 0.23740
4250.0 5550.0 0.52865
4350.0 5550.0 0.51464
4450.0 5550.0 -0.02147
4550.0 5550.0 -0.75324
4650.0 5550.0 -1.22195
4750.0 5550.0 -1.13363
4850.0 5550.0 -0.50107
4950.0 5550.0 0.36177
5050.0 5550.0 0.87731
5150.0 5550.0 0.70321
5250.0 5550.0 0.00986
5350.0 5550.0 -0.73776
5450.0 5550.0 -1.04188
5550.0 5550.0 -0.65885
5650.0 5550.0 0.13927
5750.0 5550.0 1.17932
5850.0 5550.0 2.18938
5950.0 5550.0 2.58709
6050.0 5550.0 2.11121
6150.0 5550.0 1.03807
6250.0 5550.0 -0.06178
6350.0 5550.0 -1.00577
50.0 5650.0 -0.36249
150.0 5650.0 -0.81519
250.0 5650.0 -1.32098
350.0 5650.0 -1.64200
450.0 5650.0 -1.57691
550.0 5650.0 -1.15564
650.0 5650.0 -0.62095
750.0 5650.0 -0.19700
850.0 5650.0 0.30603
950.0 5650.0 1.06906
1050.0 5650.0 1.71528
1150.0 5650.0 1.83357
1250.0 5650.0 1.33610
1350.0 5650.0 0.49407
1450.0 5650.0 -0.34858
1550.0 5650.0 -1.29070
1650.0 5650.0 -2.35585
1750.0 5650.0 -3.02724
1850.0 5650.0 -2.90611
1950.0 5650.0 -2.07582
2050.0 5650.0 -1.03234
2150.0 5650.0 -0.18130
2250.0 5650.0 0.73289
2350.0 5650.0 1.72516
2450.0 5650.0 2.33961
2550.0 5650.0 2.25817
2650.0 5650.0 1.58784
2750.0 5650.0 0.77300
2850.0 5650.0 0.13447
2950.0 5650.0 -0.54025
3050.0 5650.0 -1.22330
3150.0 5650.0 -1.61103
3250.0 5650.0 -1.52575
3350.0 5650.0 -1.07924
3450.0 5650.0 -0.58643
3550.0 5650.0 -0.23570
3650.0 5650.0 -0.02183
3750.0 5650.0 -0.06740
3850.0 5650.0 -0.32139
3950.0 5650.0 -0.61100
4050.0 5650.0 -0.74420
4150.0 5650.0 -0.61598
4250.0 5650.0 -0.32262
4350.0 5650.0 -0.28355
4450.0 5650.0 -0.66660
4550.0 5650.0 -1.17234
4650.0 5650.0 -1.41147
4750.0 5650.0 -1.16104
4850.0 5650.0 -0.46702
4950.0 5650.0 0.39844
5050.0 5650.0 0.94929
5150.0 5650.0 0.87854
5250.0 5650.0 0.33705
5350.0 5650.0 -0.25738
5450.0 5650.0 -0.45497
5550.0 5650.0 -0.03344
5650.0 5650.0 0.76611
5750.0 5650.0 1.82464
5850.0 5650.0 2.88602
5950.0 5650.0 3.35812
6050.0 5650.0 2.95692
6150.0 5650.0 1.93568
6250.0 5650.0 0.85508
6350.0 5650.0 -0.09040
50.0 5750.0 -1.06056
150.0 5750.0 -1.40856
250.0 5750.0 -1.76834
350.0 5750.0 -1.94372
450.0 5750.0 -1.78944
550.0 5750.0 -1.35682
650.0 5750.0 -0.86443
750.0 5750.0 -0.49371
850.0 5750.0 -0.05322
950.0 5750.0 0.62904
1050.0 5750.0 1.21910
1150.0 5750.0 1.34559
1250.0 5750.0 0.92132
1350.0 5750.0 0.17999
1450.0 5750.0 -0.57230
1550.0 5750.0 -1.42834
1650.0 5750.0 -2.44040
1750.0 5750.0 -3.15258
1850.0 5750.0 -3.18476
1950.0 5750.0 -2.57157
2050.0 5750.0 -1.72212
2150.0 5750.0 -1.00015
2250.0 5750.0 -0.15083
2350.0 5750.0 0.95271
2450.0 5750.0 1.88756
2550.0 5750.0 2.25329
2650.0 5750.0 2.00059
2750.0 5750.0 1.43165
2850.0 5750.0 0.87185
2950.0 5750.0 0.17985
3050.0 5750.0 -0.71298
3150.0 5750.0 -1.48418
3250.0 5750.0 -1.83604
3350.0 5750.0 -1.73030
3450.0 5750.0 -1.38471
3550.0 5750.0 -1.03567
3650.0 5750.0 -0.79693
3750.0 5750.0 -0.79743
3850.0 5750.0 -0.99978
3950.0 5750.0 -1.24984
4050.0 5750.0 -1.36665
4150.0 5750.0 -1.24346
4250.0 5750.0 -0.96304
4350.0 5750.0 -0.89099
4450.0 5750.0 -1.15863
4550.0 5750.0 -1.50643
4650.0 5750.0 -1.61145
4750.0 5750.0 -1.30200
4850.0 5750.0 -0.63370
4950.0 5750.0 0.16563
5050.0 5750.0 0.71473
5150.0 5750.0 0.77369
5250.0 5750.0 0.46591
5350.0 5750.0 0.12303
5450.0 5750.0 0.09782
5550.0 5750.0 0.56121
5650.0 5750.0 1.32560
5750.0 5750.0 2.35026
5850.0 5750.0 3.40403
5950.0 5750.0 3.91159
6050.0 5750.0 3.58250
6150.0 5750.0 2.64093
6250.0 5750.0 1.61628
6350.0 5750.0 0.70233
50.0 5850.0 -1.54682
150.0 5850.0 -1.63541
250.0 5850.0 -1.68641
350.0 5850.0 -1.61398
450.0 5850.0 -1.38231
550.0 5850.0 -1.04945
650.0 5850.0 -0.73550
750.0 5850.0 -0.51530
850.0 5850.0 -0.23727
950.0 5850.0 0.23786
1050.0 5850.0 0.68793
1150.0 5850.0 0.84342
1250.0 5850.0 0.61645
1350.0 5850.0 0.14116
1450.0 5850.0 -0.37475
1550.0 5850.0 -0.98831
1650.0 5850.0 -1.78774
1750.0 5850.0 -2.48060
1850.0 5850.0 -2.77188
1950.0 5850.0 -2.61355
2050.0 5850.0 -2.21666
2150.0 5850.0 -1.82523
2250.0 5850.0 -1.24047
2350.0 5850.0 -0.20805
2450.0 5850.0 0.96931
2550.0 5850.0 1.85096
2650.0 5850.0 2.18449
2750.0 5850.0 2.02539
2850.0 5850.0 1.64699
2950.0 5850.0 1.01970
3050.0 5850.0 -0.03885
3150.0 5850.0 -1.20383
3250.0 5850.0 -2.04543
3350.0 5850.0 -2.33788
3450.0 5850.0 -2.16134
3550.0 5850.0 -1.79689
3650.0 5850.0 -1.48390
3750.0 5850.0 -1.33685
3850.0 5850.0 -1.35829
3950.0 5850.0 -1.45678
4050.0 5850.0 -1.49528
4150.0 5850.0 -1.37045
4250.0 5850.0 -1.12507
4350.0 5850.0 -1.04827
4450.0 5850.0 -1.25695
4550.0 5850.0 -1.55479
4650.0 5850.0 -1.68169
4750.0 5850.0 -1.48434
4850.0 5850.0 -0.98761
4950.0 5850.0 -0.37033
5050.0 5850.0 0.09404
5150.0 5850.0 0.26871
5250.0 5850.0 0.24721
5350.0 5850.0 0.23578
5450.0 5850.0 0.43419
5550.0 5850.0 0.92337
5650.0 5850.0 1.59039
5750.0 5850.0 2.49355
5850.0 5850.0 3.44107
5950.0 5850.0 3.91922
6050.0 5850.0 3.65851
6150.0 5850.0 2.84385
6250.0 5850.0 1.93727
6350.0 5850.0 1.11191
50.0 5950.0 -1.57418
150.0 5950.0 -1.30597
250.0 5950.0 -0.97106
350.0 5950.0 -0.64053
450.0 5950.0 -0.40754
550.0 5950.0 -0.30545
650.0 5950.0 -0.29084
750.0 5950.0 -0.29131
850.0 5950.0 -0.24483
950.0 5950.0 -0.07177
1050.0 5950.0 0.16385
1150.0 5950.0 0.34116
1250.0 5950.0 0.37735
1350.0 5950.0 0.27003
1450.0 5950.0 0.08693
1550.0 5950.0 -0.16427
1650.0 5950.0 -0.58046
1750.0 5950.0 -1.10520
1850.0 5950.0 -1.60458
1950.0 5950.0 -1.96355
2050.0 5950.0 -2.14552
2150.0 5950.0 -2.21361
2250.0 5950.0 -2.06008
2350.0 5950.0 -1.34658
2450.0 5950.0 -0.18544
2550.0 5950.0 1.03150
2650.0 5950.0 1.88867
2750.0 5950.0 2.16831
2850.0 5950.0 2.03159
2950.0 5950.0 1.56203
3050.0 5950.0 0.50003
3150.0 5950.0 -0.85453
3250.0 5950.0 -1.99456
3350.0 5950.0 -2.55277
3450.0 5950.0 -2.48504
3550.0 5950.0 -2.08716
3650.0 5950.0 -1.68029
3750.0 5950.0 -1.36020
3850.0 5950.0 -1.18062
3950.0 5950.0 -1.12222
4050.0 5950.0 -1.09216
4150.0 5950.0 -0.98248
4250.0 5950.0 -0.78846
4350.0 5950.0 -0.72402
4450.0 5950.0 -0.90622
4550.0 5950.0 -1.21845
4650.0 5950.0 -1.46352
4750.0 5950.0 -1.48694
4850.0 5950.0 -1.25705
4950.0 5950.0 -0.90036
5050.0 5950.0 -0.60411
5150.0 5950.0 -0.40068
5250.0 5950.0 -0.21346
5350.0 5950.0 0.04682
5450.0 5950.0 0.42435
5550.0 5950.0 0.89952
5650.0 5950.0 1.42604
5750.0 5950.0 2.14536
5850.0 5950.0 2.91095
5950.0 5950.0 3.30256
6050.0 5950.0 3.09425
6150.0 5950.0 2.42897
6250.0 5950.0 1.67887
6350.0 5950.0 0.98209
50.0 6050.0 -1.14146
150.0 6050.0 -0.53164
250.0 6050.0 0.13578
350.0 6050.0 0.63458
450.0 6050.0 0.76871
550.0 6050.0 0.56071
650.0 6050.0 0.23737
750.0 6050.0 0.01263
850.0 6050.0 -0.17176
950.0 6050.0 -0.31115
1050.0 6050.0 -0.31379
1150.0 6050.0 -0.14665
1250.0 6050.0 0.12242
1350.0 6050.0 0.36370
1450.0 6050.0 0.50572
1550.0 6050.0 0.63320
1650.0 6050.0 0.68824
1750.0 6050.0 0.48955
1850.0 6050.0 -0.03382
1950.0 6050.0 -0.75794
2050.0 6050.0 -1.43960
2150.0 6050.0 -1.95058
2250.0 6050.0 -2.26923
2350.0 6050.0 -2.05315
2450.0 6050.0 -1.21029
2550.0 6050.0 0.00445
2650.0 6050.0 1.11955
2750.0 6050.0 1.71212
2850.0 6050.0 1.80058
2950.0 6050.0 1.54184
3050.0 6050.0 0.67074
3150.0 6050.0 -0.56117
3250.0 6050.0 -1.66301
3350.0 6050.0 -2.23235
3450.0 6050.0 -2.16203
3550.0 6050.0 -1.72167
3650.0 6050.0 -1.24272
3750.0 6050.0 -0.81725
3850.0 6050.0 -0.53980
3950.0 6050.0 -0.43181
4050.0 6050.0 -0.41122
4150.0 6050.0 -0.34835
4250.0 6050.0 -0.20707
4350.0 6050.0 -0.15125
4450.0 6050.0 -0.29694
4550.0 6050.0 -0.60763
4650.0 6050.0 -0.95270
4750.0 6050.0 -1.18152
4850.0 6050.0 -1.20931
4950.0 6050.0 -1.11004
5050.0 6050.0 -1.01979
5150.0 6050.0 -0.90162
5250.0 6050.0 -0.67424
5350.0 6050.0 -0.31263
5450.0 6050.0 0.12562
5550.0 6050.0 0.54451
5650.0 6050.0 0.93077
5750.0 6050.0 1.46426
5850.0 6050.0 2.03751
5950.0 6050.0 2.32490
6050.0 6050.0 2.14921
6150.0 6050.0 1.61797
6250.0 6050.0 1.01723
6350.0 6050.0 0.44944
50.0 6150.0 -0.53134
150.0 6150.0 0.30109
250.0 6150.0 1.14934
350.0 6150.0 1.68137
450.0 6150.0 1.65398
550.0 6150.0 1.15747
650.0 6150.0 0.56413
750.0 6150.0 0.18066
850.0 6150.0 -0.16423
950.0 6150.0 -0.53500
1050.0 6150.0 -0.73410
1150.0 6150.0 -0.61432
1250.0 6150.0 -0.22061
1350.0 6150.0 0.23987
1450.0 6150.0 0.59940
1550.0 6150.0 1.00768
1650.0 6150.0 1.48458
1750.0 6150.0 1.68167
1850.0 6150.0 1.33862
1950.0 6150.0 0.52339
2050.0 6150.0 -0.42105
2150.0 6150.0 -1.22219
2250.0 6150.0 -1.90226
2350.0 6150.0 -2.18231
2450.0 6150.0 -1.81699
2550.0 6150.0 -0.89141
2650.0 6150.0 0.17558
2750.0 6150.0 0.87733
2850.0 6150.0 1.10746
2950.0 6150.0 1.03975
3050.0 6150.0 0.46627
3150.0 6150.0 -0.41478
3250.0 6150.0 -1.20342
3350.0 6150.0 -1.56351
3450.0 6150.0 -1.39645
3550.0 6150.0 -0.91920
3650.0 6150.0 -0.41814
3750.0 6150.0 -0.00690
3850.0 6150.0 0.20498
3950.0 6150.0 0.20825
4050.0 6150.0 0.12080
4150.0 6150.0 0.10981
4250.0 6150.0 0.21283
4350.0 6150.0 0.28242
4450.0 6150.0 0.21983
4550.0 6150.0 -0.00248
4650.0 6150.0 -0.32554
4750.0 6150.0 -0.62915
4850.0 6150.0 -0.80608
4950.0 6150.0 -0.88088
5050.0 6150.0 -0.96537
5150.0 6150.0 -1.00336
5250.0 6150.0 -0.89190
5350.0 6150.0 -0.60544
5450.0 6150.0 -0.22615
5550.0 6150.0 0.11779
5650.0 6150.0 0.40749
5750.0 6150.0 0.81504
5850.0 6150.0 1.25760
5950.0 6150.0 1.47367
6050.0 6150.0 1.31924
6150.0 6150.0 0.87811
6250.0 6150.0 0.37820
6350.0 6150.0 -0.10022
50.0 6250.0 -0.10199
150.0 6250.0 0.79824
250.0 6250.0 1.66206
350.0 6250.0 2.11994
450.0 6250.0 1.93629
550.0 6250.0 1.25658
650.0 6250.0 0.52609
750.0 6250.0 0.08036
850.0 6250.0 -0.32564
950.0 6250.0 -0.80286
1050.0 6250.0 -1.11661
1150.0 6250.0 -1.06696
1250.0 6250.0 -0.67394
1350.0 6250.0 -0.15985
1450.0 6250.0 0.27151
1550.0 6250.0 0.80620
1650.0 6250.0 1.55204
1750.0 6250.0 2.09536
1850.0 6250.0 2.04972
1950.0 6250.0 1.38958
2050.0 6250.0 0.44449
2150.0 6250.0 -0.44544
2250.0 6250.0 -1.29108
2350.0 6250.0 -1.89750
2450.0 6250.0 -1.95184
2550.0 6250.0 -1.40561
2650.0 6250.0 -0.57151
2750.0 6250.0 0.06830
2850.0 6250.0 0.33695
2950.0 6250.0 0.38222
3050.0 6250.0 0.07512
3150.0 6250.0 -0.42461
3250.0 6250.0 -0.82597
3350.0 6250.0 -0.90324
3450.0 6250.0 -0.61055
3550.0 6250.0 -0.11282
3650.0 6250.0 0.35985
3750.0 6250.0 0.65061
3850.0 6250.0 0.66176
3950.0 6250.0 0.44200
4050.0 6250.0 0.17990
4150.0 6250.0 0.08638
4250.0 6250.0 0.17301
4350.0 6250.0 0.28467
4450.0 6250.0 0.36193
4550.0 6250.0 0.33638
4650.0 6250.0 0.19159
4750.0 6250.0 -0.01571
4850.0 6250.0 -0.19620
4950.0 6250.0 -0.32961
5050.0 6250.0 -0.50882
5150.0 6250.0 -0.69644
5250.0 6250.0 -0.76405
5350.0 6250.0 -0.64320
5450.0 6250.0 -0.38147
5550.0 6250.0 -0.09925
5650.0 6250.0 0.15575
5750.0 6250.0 0.52436
5850.0 6250.0 0.93360
5950.0 6250.0 1.14169
6050.0 6250.0 1.01095
6150.0 6250.0 0.61197
6250.0 6250.0 0.15068
6350.0 6250.0 -0.29504
50.0 6350.0 0.11531
150.0 6350.0 1.00658
250.0 6350.0 1.81352
350.0 6350.0 2.16448
450.0 6350.0 1.85347
550.0 6350.0 1.06650
650.0 6350.0 0.27877
750.0 6350.0 -0.17733
850.0 6350.0 -0.59215
950.0 6350.0 -1.10782
1050.0 6350.0 -1.48891
1150.0 6350.0 -1.51665
1250.0 6350.0 -1.18692
1350.0 6350.0 -0.70540
1450.0 6350.0 -0.27982
1550.0 6350.0 0.29294
1650.0 6350.0 1.20197
1750.0 6350.0 2.02400
1850.0 6350.0 2.29191
1950.0 6350.0 1.88108
2050.0 6350.0 1.05675
2150.0 6350.0 0.18244
2250.0 6350.0 -0.71150
2350.0 6350.0 -1.50314
2450.0 6350.0 -1.86309
2550.0 6350.0 -1.65361
2650.0 6350.0 -1.08170
2750.0 6350.0 -0.56447
2850.0 6350.0 -0.31094
2950.0 6350.0 -0.20869
3050.0 6350.0 -0.31186
3150.0 6350.0 -0.48750
3250.0 6350.0 -0.54325
3350.0 6350.0 -0.36308
3450.0 6350.0 0.03778
3550.0 6350.0 0.53784
3650.0 6350.0 0.95546
3750.0 6350.0 1.08706
3850.0 6350.0 0.85967
3950.0 6350.0 0.39360
4050.0 6350.0 -0.04722
4150.0 6350.0 -0.21412
4250.0 6350.0 -0.13124
4350.0 6350.0 0.03576
4450.0 6350.0 0.27746
4550.0 6350.0 0.49746
4650.0 6350.0 0.60430
4750.0 6350.0 0.57657
4850.0 6350.0 0.46596
4950.0 6350.0 0.33422
5050.0 6350.0 0.11129
5150.0 6350.0 -0.19727
5250.0 6350.0 -0.44142
5350.0 6350.0 -0.49936
5450.0 6350.0 -0.36401
5550.0 6350.0 -0.13100
5650.0 6350.0 0.11864
5750.0 6350.0 0.49206
5850.0 6350.0 0.92188
5950.0 6350.0 1.16399
6050.0 6350.0 1.07091
6150.0 6350.0 0.70115
6250.0 6350.0 0.25364
6350.0 6350.0 -0.18533
