50.0 50.0 0.00000
150.0 50.0 -0.08694
250.0 50.0 -0.14002
350.0 50.0 -0.14488
450.0 50.0 -0.10371
550.0 50.0 -0.03026
650.0 50.0 0.05499
750.0 50.0 0.12939
850.0 50.0 0.17253
950.0 50.0 0.17040
1050.0 50.0 0.11935
1150.0 50.0 0.02988
1250.0 50.0 -0.07539
1350.0 50.0 -0.20233
1450.0 50.0 -0.34931
1550.0 50.0 -0.49041
1650.0 50.0 -0.59349
1750.0 50.0 -0.63349
1850.0 50.0 -0.60047
1950.0 50.0 -0.50228
2050.0 50.0 -0.36208
2150.0 50.0 -0.21048
2250.0 50.0 -0.07244
2350.0 50.0 0.04967
2450.0 50.0 0.14669
2550.0 50.0 0.18677
2650.0 50.0 0.16148
2750.0 50.0 0.08200
2850.0 50.0 -0.02794
2950.0 50.0 -0.13866
3050.0 50.0 -0.22063
3150.0 50.0 -0.25021
3250.0 50.0 -0.21484
3350.0 50.0 -0.11786
3450.0 50.0 0.01724
3550.0 50.0 0.16763
3650.0 50.0 0.34142
3750.0 50.0 0.51950
3850.0 50.0 0.66600
3950.0 50.0 0.74702
4050.0 50.0 0.74309
4150.0 50.0 0.65530
4250.0 50.0 0.50513
4350.0 50.0 0.32803
4450.0 50.0 0.16062
4550.0 50.0 0.02166
4650.0 50.0 -0.10636
4750.0 50.0 -0.23663
4850.0 50.0 -0.35587
4950.0 50.0 -0.44301
5050.0 50.0 -0.48016
5150.0 50.0 -0.45970
5250.0 50.0 -0.38747
5350.0 50.0 -0.28202
5450.0 50.0 -0.17004
5550.0 50.0 -0.07781
5650.0 50.0 -0.01882
5750.0 50.0 0.02202
5850.0 50.0 0.08100
5950.0 50.0 0.16911
6050.0 50.0 0.27238
6150.0 50.0 0.36643
6250.0 50.0 0.42749
6350.0 50.0 0.43990
50.0 150.0 -0.12603
150.0 150.0 -0.21291
250.0 150.0 -0.26391
350.0 150.0 -0.26370
450.0 150.0 -0.21444
550.0 150.0 -0.13057
650.0 150.0 -0.03375
750.0 150.0 0.05195
850.0 150.0 0.10475
950.0 150.0 0.10959
1050.0 150.0 0.06241
1150.0 150.0 -0.02574
1250.0 150.0 -0.13043
1350.0 150.0 -0.25516
1450.0 150.0 -0.39716
1550.0 150.0 -0.53054
1650.0 150.0 -0.62397
1750.0 150.0 -0.65367
1850.0 150.0 -0.61104
1950.0 150.0 -0.50513
2050.0 150.0 -0.35989
2150.0 150.0 -0.20616
2250.0 150.0 -0.06840
2350.0 150.0 0.05227
2450.0 150.0 0.14670
2550.0 150.0 0.18165
2650.0 150.0 0.14836
2750.0 150.0 0.05856
2850.0 150.0 -0.06293
2950.0 150.0 -0.18509
3050.0 150.0 -0.27709
3150.0 150.0 -0.31431
3250.0 150.0 -0.28370
3350.0 150.0 -0.18879
3450.0 150.0 -0.05410
3550.0 150.0 0.09691
3650.0 150.0 0.27446
3750.0 150.0 0.46052
3850.0 150.0 0.61898
3950.0 150.0 0.71473
4050.0 150.0 0.72653
4150.0 150.0 0.65351
4250.0 150.0 0.51537
4350.0 150.0 0.34635
4450.0 150.0 0.18278
4550.0 150.0 0.04446
4650.0 150.0 -0.08424
4750.0 150.0 -0.21827
4850.0 150.0 -0.34632
4950.0 150.0 -0.44755
5050.0 150.0 -0.50295
5150.0 150.0 -0.50293
5250.0 150.0 -0.45087
5350.0 150.0 -0.36296
5450.0 150.0 -0.26401
5550.0 150.0 -0.17945
5650.0 150.0 -0.12346
5750.0 150.0 -0.08344
5850.0 150.0 -0.02241
5950.0 150.0 0.07373
6050.0 150.0 0.19193
6150.0 150.0 0.30684
6250.0 150.0 0.39243
6350.0 150.0 0.43000
50.0 250.0 -0.28048
150.0 250.0 -0.36896
250.0 250.0 -0.41936
350.0 250.0 -0.41492
450.0 250.0 -0.35731
550.0 250.0 -0.26136
650.0 250.0 -0.14995
750.0 250.0 -0.04886
850.0 250.0 0.01813
950.0 250.0 0.03421
1050.0 250.0 -0.00568
1150.0 250.0 -0.09008
1250.0 250.0 -0.19201
1350.0 250.0 -0.31122
1450.0 250.0 -0.44360
1550.0 250.0 -0.56432
1650.0 250.0 -0.64433
1750.0 250.0 -0.66231
1850.0 250.0 -0.61168
1950.0 250.0 -0.50260
2050.0 250.0 -0.35907
2150.0 250.0 -0.21096
2250.0 250.0 -0.08116
2350.0 250.0 0.03080
2450.0 250.0 0.11600
2550.0 250.0 0.14105
2650.0 250.0 0.09792
2750.0 250.0 -0.00061
2850.0 250.0 -0.12878
2950.0 250.0 -0.25515
3050.0 250.0 -0.34906
3150.0 250.0 -0.38660
3250.0 250.0 -0.35577
3350.0 250.0 -0.26106
3450.0 250.0 -0.12730
3550.0 250.0 0.02320
3650.0 250.0 0.20233
3750.0 250.0 0.39277
3850.0 250.0 0.55817
3950.0 250.0 0.66258
4050.0 250.0 0.68357
4150.0 250.0 0.61896
4250.0 250.0 0.48732
4350.0 250.0 0.32213
4450.0 250.0 0.15963
4550.0 250.0 0.02032
4650.0 250.0 -0.10998
4750.0 250.0 -0.24586
4850.0 250.0 -0.37655
4950.0 250.0 -0.48166
5050.0 250.0 -0.54249
5150.0 250.0 -0.54938
5250.0 250.0 -0.50534
5350.0 250.0 -0.42591
5450.0 250.0 -0.33510
5550.0 250.0 -0.25770
5650.0 250.0 -0.20765
5750.0 250.0 -0.17277
5850.0 250.0 -0.11368
5950.0 250.0 -0.01235
6050.0 250.0 0.11975
6150.0 250.0 0.25669
6250.0 250.0 0.37006
6350.0 250.0 0.43761
50.0 350.0 -0.45109
150.0 350.0 -0.54368
250.0 350.0 -0.59617
350.0 350.0 -0.58993
450.0 350.0 -0.52546
550.0 350.0 -0.41740
650.0 350.0 -0.28956
750.0 350.0 -0.16964
850.0 350.0 -0.08394
950.0 350.0 -0.05184
1050.0 350.0 -0.08019
1150.0 350.0 -0.15750
1250.0 350.0 -0.25358
1350.0 350.0 -0.36253
1450.0 350.0 -0.47874
1550.0 350.0 -0.57996
1650.0 350.0 -0.64144
1750.0 350.0 -0.64610
1850.0 350.0 -0.59026
1950.0 350.0 -0.48502
2050.0 350.0 -0.35326
2150.0 350.0 -0.22217
2250.0 350.0 -0.11150
2350.0 350.0 -0.01879
2450.0 350.0 0.04760
2550.0 350.0 0.05595
2650.0 350.0 0.00055
2750.0 350.0 -0.10402
2850.0 350.0 -0.23143
2950.0 350.0 -0.35112
3050.0 350.0 -0.43477
3150.0 350.0 -0.46173
3250.0 350.0 -0.42329
3350.0 350.0 -0.32601
3450.0 350.0 -0.19387
3550.0 350.0 -0.04552
3650.0 350.0 0.13219
3750.0 350.0 0.32211
3850.0 350.0 0.48767
3950.0 350.0 0.59257
4050.0 350.0 0.61390
4150.0 350.0 0.54908
4250.0 350.0 0.41642
4350.0 350.0 0.24928
4450.0 350.0 0.08399
4550.0 350.0 -0.05865
4650.0 350.0 -0.19188
4750.0 350.0 -0.32709
4850.0 350.0 -0.45193
4950.0 350.0 -0.54690
5050.0 350.0 -0.59552
5150.0 350.0 -0.59080
5250.0 350.0 -0.53823
5350.0 350.0 -0.45505
5450.0 350.0 -0.36598
5550.0 350.0 -0.29536
5650.0 350.0 -0.25562
5750.0 350.0 -0.23217
5850.0 350.0 -0.18125
5950.0 350.0 -0.08022
6050.0 350.0 0.06190
6150.0 350.0 0.21926
6250.0 350.0 0.36135
6350.0 350.0 0.46202
50.0 450.0 -0.60405
150.0 450.0 -0.70334
250.0 450.0 -0.76128
350.0 450.0 -0.75727
450.0 450.0 -0.68990
550.0 450.0 -0.57284
650.0 450.0 -0.43020
750.0 450.0 -0.29133
850.0 450.0 -0.18522
950.0 450.0 -0.13434
1050.0 450.0 -0.14800
1150.0 450.0 -0.21521
1250.0 450.0 -0.30239
1350.0 450.0 -0.39654
1450.0 450.0 -0.49042
1550.0 450.0 -0.56585
1650.0 450.0 -0.60437
1750.0 450.0 -0.59475
1850.0 450.0 -0.53703
1950.0 450.0 -0.44301
2050.0 450.0 -0.33324
2150.0 450.0 -0.23055
2250.0 450.0 -0.15003
2350.0 450.0 -0.08688
2450.0 450.0 -0.04863
2550.0 450.0 -0.06342
2650.0 450.0 -0.13314
2750.0 450.0 -0.24068
2850.0 450.0 -0.35948
2950.0 450.0 -0.46127
3050.0 450.0 -0.52226
3150.0 450.0 -0.52757
3250.0 450.0 -0.47404
3350.0 450.0 -0.37137
3450.0 450.0 -0.24153
3550.0 450.0 -0.09689
3650.0 450.0 0.07669
3750.0 450.0 0.26173
3850.0 450.0 0.42150
3950.0 450.0 0.51967
4050.0 450.0 0.53355
4150.0 450.0 0.46092
4250.0 450.0 0.32054
4350.0 450.0 0.14623
4450.0 450.0 -0.02539
4550.0 450.0 -0.17360
4650.0 450.0 -0.31112
4750.0 450.0 -0.44340
4850.0 450.0 -0.55473
4950.0 450.0 -0.62686
5050.0 450.0 -0.64734
5150.0 450.0 -0.61436
5250.0 450.0 -0.53847
5350.0 450.0 -0.44080
5450.0 450.0 -0.34808
5550.0 450.0 -0.28436
5650.0 450.0 -0.25935
5750.0 450.0 -0.25350
5850.0 450.0 -0.21746
5950.0 450.0 -0.12393
6050.0 450.0 0.02119
6150.0 450.0 0.19303
6250.0 450.0 0.35968
6350.0 450.0 0.49139
50.0 550.0 -0.70354
150.0 550.0 -0.81155
250.0 550.0 -0.87833
350.0 550.0 -0.88146
450.0 550.0 -0.81713
550.0 550.0 -0.69717
650.0 550.0 -0.54506
750.0 550.0 -0.39111
850.0 550.0 -0.26666
950.0 550.0 -0.19728
1050.0 550.0 -0.19514
1150.0 550.0 -0.25035
1250.0 550.0 -0.32643
1350.0 550.0 -0.40259
1450.0 550.0 -0.46993
1550.0 550.0 -0.51546
1650.0 550.0 -0.52840
1750.0 550.0 -0.50454
1850.0 550.0 -0.44811
1950.0 550.0 -0.37133
2050.0 550.0 -0.29151
2150.0 550.0 -0.22582
2250.0 550.0 -0.18360
2350.0 550.0 -0.15757
2450.0 550.0 -0.15421
2550.0 550.0 -0.19666
2650.0 550.0 -0.28177
2750.0 550.0 -0.38948
2850.0 550.0 -0.49327
2950.0 550.0 -0.56828
3050.0 550.0 -0.59690
3150.0 550.0 -0.57198
3250.0 550.0 -0.49759
3350.0 550.0 -0.38734
3450.0 550.0 -0.26027
3550.0 550.0 -0.12043
3650.0 550.0 0.04729
3750.0 550.0 0.22481
3850.0 550.0 0.37520
3950.0 550.0 0.46236
4050.0 550.0 0.46412
4150.0 550.0 0.37909
4250.0 550.0 0.22691
4350.0 550.0 0.04217
4450.0 550.0 -0.13812
4550.0 550.0 -0.29347
4650.0 550.0 -0.43629
4750.0 550.0 -0.56434
4850.0 550.0 -0.65732
4950.0 550.0 -0.69854
5050.0 550.0 -0.68079
5150.0 550.0 -0.60914
5250.0 550.0 -0.50084
5350.0 550.0 -0.38229
5450.0 550.0 -0.28305
5550.0 550.0 -0.22690
5650.0 550.0 -0.22003
5750.0 550.0 -0.23636
5850.0 550.0 -0.22084
5950.0 550.0 -0.14231
6050.0 550.0 -0.00321
6150.0 550.0 0.17346
6250.0 550.0 0.35549
6350.0 550.0 0.51052
50.0 650.0 -0.72518
150.0 650.0 -0.84299
250.0 650.0 -0.92125
350.0 650.0 -0.93630
450.0 650.0 -0.88168
550.0 650.0 -0.76658
650.0 650.0 -0.61289
750.0 650.0 -0.45091
850.0 650.0 -0.31347
950.0 650.0 -0.22885
1050.0 650.0 -0.21208
1150.0 650.0 -0.25492
1250.0 650.0 -0.31898
1350.0 650.0 -0.37593
1450.0 650.0 -0.41535
1550.0 650.0 -0.42991
1650.0 650.0 -0.41707
1750.0 650.0 -0.37998
1850.0 650.0 -0.32718
1950.0 650.0 -0.27106
2050.0 650.0 -0.22520
2150.0 650.0 -0.20053
2250.0 650.0 -0.20019
2350.0 650.0 -0.21448
2450.0 650.0 -0.24880
2550.0 650.0 -0.32051
2650.0 650.0 -0.42094
2750.0 650.0 -0.52685
2850.0 650.0 -0.61202
2950.0 650.0 -0.65556
3050.0 650.0 -0.64686
3150.0 650.0 -0.58742
3250.0 650.0 -0.48930
3350.0 650.0 -0.37037
3450.0 650.0 -0.24624
3550.0 650.0 -0.11159
3650.0 650.0 0.04988
3750.0 650.0 0.21948
3850.0 650.0 0.36007
3950.0 650.0 0.43572
4050.0 650.0 0.42482
4150.0 650.0 0.32678
4250.0 650.0 0.16216
4350.0 650.0 -0.03366
4450.0 650.0 -0.22323
4550.0 650.0 -0.38632
4650.0 650.0 -0.53492
4750.0 650.0 -0.65860
4850.0 650.0 -0.73221
4950.0 650.0 -0.74078
5050.0 650.0 -0.68270
5150.0 650.0 -0.57035
5250.0 650.0 -0.42813
5350.0 650.0 -0.28800
5450.0 650.0 -0.18245
5550.0 650.0 -0.13498
5650.0 650.0 -0.14795
5750.0 650.0 -0.18845
5850.0 650.0 -0.19684
5950.0 650.0 -0.13949
6050.0 650.0 -0.01556
6150.0 650.0 0.15463
6250.0 650.0 0.33981
6350.0 650.0 0.50640
50.0 750.0 -0.66348
150.0 750.0 -0.79098
250.0 750.0 -0.88205
350.0 750.0 -0.91255
450.0 750.0 -0.87343
550.0 750.0 -0.77077
650.0 750.0 -0.62407
750.0 750.0 -0.46249
850.0 750.0 -0.31941
950.0 750.0 -0.22494
1050.0 750.0 -0.19662
1150.0 750.0 -0.22827
1250.0 750.0 -0.28086
1350.0 750.0 -0.31961
1450.0 750.0 -0.33281
1550.0 750.0 -0.31852
1650.0 750.0 -0.28205
1750.0 750.0 -0.23346
1850.0 750.0 -0.18527
1950.0 750.0 -0.14990
2050.0 750.0 -0.13726
2150.0 750.0 -0.15223
2250.0 750.0 -0.19209
2350.0 750.0 -0.24494
2450.0 750.0 -0.31520
2550.0 750.0 -0.41460
2650.0 750.0 -0.52913
2750.0 750.0 -0.63257
2850.0 750.0 -0.69907
2950.0 750.0 -0.71161
3050.0 750.0 -0.66640
3150.0 750.0 -0.57331
3250.0 750.0 -0.45210
3350.0 750.0 -0.32469
3450.0 750.0 -0.20336
3550.0 750.0 -0.07352
3650.0 750.0 0.08273
3750.0 750.0 0.24629
3850.0 750.0 0.37978
3950.0 750.0 0.44724
4050.0 750.0 0.42725
4150.0 750.0 0.31960
4250.0 750.0 0.14539
4350.0 750.0 -0.05945
4450.0 750.0 -0.25711
4550.0 750.0 -0.42742
4650.0 750.0 -0.58167
4750.0 750.0 -0.70203
4850.0 750.0 -0.75922
4950.0 750.0 -0.73992
5050.0 750.0 -0.64762
5150.0 750.0 -0.50117
5250.0 750.0 -0.33123
5350.0 750.0 -0.17450
5450.0 750.0 -0.06585
5550.0 750.0 -0.02828
5650.0 750.0 -0.06072
5750.0 750.0 -0.12444
5850.0 750.0 -0.15716
5950.0 750.0 -0.12448
6050.0 750.0 -0.02279
6150.0 750.0 0.13063
6250.0 750.0 0.30660
6350.0 750.0 0.47185
50.0 850.0 -0.53321
150.0 850.0 -0.66908
250.0 850.0 -0.77263
350.0 850.0 -0.81998
450.0 850.0 -0.79986
550.0 850.0 -0.71521
650.0 850.0 -0.58259
750.0 850.0 -0.42926
850.0 850.0 -0.28807
950.0 850.0 -0.18998
1050.0 850.0 -0.15443
1150.0 850.0 -0.17735
1250.0 850.0 -0.22039
1350.0 850.0 -0.24398
1450.0 850.0 -0.23535
1550.0 850.0 -0.19709
1650.0 850.0 -0.14101
1750.0 850.0 -0.08297
1850.0 850.0 -0.03875
1950.0 850.0 -0.02081
2050.0 850.0 -0.03597
2150.0 850.0 -0.08405
2250.0 850.0 -0.15747
2350.0 850.0 -0.24250
2450.0 850.0 -0.34278
2550.0 850.0 -0.46544
2650.0 850.0 -0.59202
2750.0 850.0 -0.69381
2850.0 850.0 -0.74519
2950.0 850.0 -0.73234
3050.0 850.0 -0.65711
3150.0 850.0 -0.53629
3250.0 850.0 -0.39602
3350.0 850.0 -0.26163
3450.0 850.0 -0.14265
3550.0 850.0 -0.01654
3650.0 850.0 0.13666
3750.0 850.0 0.29792
3850.0 850.0 0.42959
3950.0 850.0 0.49524
4050.0 850.0 0.47303
4150.0 850.0 0.36242
4250.0 850.0 0.18436
4350.0 850.0 -0.02519
4450.0 850.0 -0.22822
4550.0 850.0 -0.40425
4650.0 850.0 -0.56338
4750.0 850.0 -0.68243
4850.0 850.0 -0.72944
4950.0 850.0 -0.69256
5050.0 850.0 -0.57903
5150.0 850.0 -0.41228
5250.0 850.0 -0.22715
5350.0 850.0 -0.06337
5450.0 850.0 0.04296
5550.0 850.0 0.06953
5650.0 850.0 0.02000
5750.0 850.0 -0.06318
5850.0 850.0 -0.11752
5950.0 850.0 -0.10939
6050.0 850.0 -0.03324
6150.0 850.0 0.09670
6250.0 850.0 0.25399
6350.0 850.0 0.40698
50.0 950.0 -0.36465
150.0 950.0 -0.50668
250.0 950.0 -0.62075
350.0 950.0 -0.68385
450.0 950.0 -0.68309
550.0 950.0 -0.61868
650.0 950.0 -0.50422
750.0 950.0 -0.36462
850.0 950.0 -0.23139
950.0 950.0 -0.13542
1050.0 950.0 -0.09722
1150.0 950.0 -0.11469
1250.0 950.0 -0.15105
1350.0 950.0 -0.16391
1450.0 950.0 -0.13965
1550.0 950.0 -0.08403
1650.0 950.0 -0.01342
1750.0 950.0 0.05218
1850.0 950.0 0.09458
1950.0 950.0 0.10118
2050.0 950.0 0.06724
2150.0 950.0 -0.00361
2250.0 950.0 -0.10033
2350.0 950.0 -0.20781
2450.0 950.0 -0.32923
2550.0 950.0 -0.46877
2650.0 950.0 -0.60494
2750.0 950.0 -0.70720
2850.0 950.0 -0.74996
2950.0 950.0 -0.72138
3050.0 950.0 -0.62700
3150.0 950.0 -0.48822
3250.0 950.0 -0.33554
3350.0 950.0 -0.19666
3450.0 950.0 -0.07936
3550.0 950.0 0.04455
3650.0 950.0 0.19762
3750.0 950.0 0.36141
3850.0 950.0 0.49795
3950.0 950.0 0.56991
4050.0 950.0 0.55424
4150.0 950.0 0.44919
4250.0 950.0 0.27467
4350.0 950.0 0.06607
4450.0 950.0 -0.13862
4550.0 950.0 -0.31818
4650.0 950.0 -0.48097
4750.0 950.0 -0.60124
4850.0 950.0 -0.64634
4950.0 950.0 -0.60553
5050.0 950.0 -0.48794
5150.0 950.0 -0.31896
5250.0 950.0 -0.13492
5350.0 950.0 0.02379
5450.0 950.0 0.12127
5550.0 950.0 0.13617
5650.0 950.0 0.07345
5750.0 950.0 -0.02342
5850.0 950.0 -0.09405
5950.0 950.0 -0.10667
6050.0 950.0 -0.05472
6150.0 950.0 0.05015
6250.0 950.0 0.18436
6350.0 950.0 0.31862
50.0 1050.0 -0.19290
150.0 1050.0 -0.33847
250.0 1050.0 -0.46002
350.0 1050.0 -0.53571
450.0 1050.0 -0.55179
550.0 1050.0 -0.50640
650.0 1050.0 -0.41061
750.0 1050.0 -0.28698
850.0 1050.0 -0.16525
950.0 1050.0 -0.07552
1050.0 1050.0 -0.03862
1150.0 1050.0 -0.05395
1250.0 1050.0 -0.08682
1350.0 1050.0 -0.09376
1450.0 1050.0 -0.06049
1550.0 1050.0 0.00567
1650.0 1050.0 0.08581
1750.0 1050.0 0.15757
1850.0 1050.0 0.20123
1950.0 1050.0 0.20388
2050.0 1050.0 0.16161
2150.0 1050.0 0.07976
2250.0 1050.0 -0.02878
2350.0 1050.0 -0.14792
2450.0 1050.0 -0.28070
2550.0 1050.0 -0.43023
2650.0 1050.0 -0.57364
2750.0 1050.0 -0.67930
2850.0 1050.0 -0.72128
2950.0 1050.0 -0.68834
3050.0 1050.0 -0.58747
3150.0 1050.0 -0.44207
3250.0 1050.0 -0.28464
3350.0 1050.0 -0.14414
3450.0 1050.0 -0.02782
3550.0 1050.0 0.09555
3650.0 1050.0 0.25147
3750.0 1050.0 0.42264
3850.0 1050.0 0.57072
3950.0 1050.0 0.65705
4050.0 1050.0 0.65663
4150.0 1050.0 0.56563
4250.0 1050.0 0.40209
4350.0 1050.0 0.20019
4450.0 1050.0 -0.00230
4550.0 1050.0 -0.18302
4650.0 1050.0 -0.34808
4750.0 1050.0 -0.47207
4850.0 1050.0 -0.52370
4950.0 1050.0 -0.49290
5050.0 1050.0 -0.38878
5150.0 1050.0 -0.23596
5250.0 1050.0 -0.06939
5350.0 1050.0 0.07222
5450.0 1050.0 0.15464
5550.0 1050.0 0.15767
5650.0 1050.0 0.08631
5750.0 1050.0 -0.01781
5850.0 1050.0 -0.09811
5950.0 1050.0 -0.12514
6050.0 1050.0 -0.09211
6150.0 1050.0 -0.00894
6250.0 1050.0 0.10327
6350.0 1050.0 0.21764
50.0 1150.0 -0.04104
150.0 1150.0 -0.18796
250.0 1150.0 -0.31403
350.0 1150.0 -0.39870
450.0 1150.0 -0.42792
550.0 1150.0 -0.39846
650.0 1150.0 -0.31947
750.0 1150.0 -0.21140
850.0 1150.0 -0.10219
950.0 1150.0 -0.02073
1050.0 1150.0 0.01238
1150.0 1150.0 -0.00329
1250.0 1150.0 -0.03521
1350.0 1150.0 -0.04003
1450.0 1150.0 -0.00287
1550.0 1150.0 0.06860
1650.0 1150.0 0.15463
1750.0 1150.0 0.23184
1850.0 1150.0 0.27966
1950.0 1150.0 0.28461
2050.0 1150.0 0.24264
2150.0 1150.0 0.15937
2250.0 1150.0 0.04826
2350.0 1150.0 -0.07389
2450.0 1150.0 -0.21021
2550.0 1150.0 -0.36435
2650.0 1150.0 -0.51334
2750.0 1150.0 -0.62504
2850.0 1150.0 -0.67291
2950.0 1150.0 -0.64510
3050.0 1150.0 -0.54822
3150.0 1150.0 -0.40553
3250.0 1150.0 -0.24967
3350.0 1150.0 -0.10994
3450.0 1150.0 0.00598
3550.0 1150.0 0.13011
3650.0 1150.0 0.29112
3750.0 1150.0 0.47324
3850.0 1150.0 0.63778
3950.0 1150.0 0.74439
4050.0 1150.0 0.76564
4150.0 1150.0 0.69494
4250.0 1150.0 0.54790
4350.0 1150.0 0.35699
4450.0 1150.0 0.15964
4550.0 1150.0 -0.02036
4650.0 1150.0 -0.18656
4750.0 1150.0 -0.31612
4850.0 1150.0 -0.38060
4950.0 1150.0 -0.37032
5050.0 1150.0 -0.29283
5150.0 1150.0 -0.16990
5250.0 1150.0 -0.03299
5350.0 1150.0 0.08270
5450.0 1150.0 0.14567
5550.0 1150.0 0.13700
5650.0 1150.0 0.06072
5750.0 1150.0 -0.04545
5850.0 1150.0 -0.12970
5950.0 1150.0 -0.16482
6050.0 1150.0 -0.14434
6150.0 1150.0 -0.07721
6250.0 1150.0 0.01723
6350.0 1150.0 0.11423
50.0 1250.0 0.09753
150.0 1250.0 -0.04977
250.0 1250.0 -0.17911
350.0 1250.0 -0.27120
450.0 1250.0 -0.31190
550.0 1250.0 -0.29686
650.0 1250.0 -0.23351
750.0 1250.0 -0.14036
850.0 1250.0 -0.04350
950.0 1250.0 0.02946
1050.0 1250.0 0.05831
1150.0 1250.0 0.04179
1250.0 1250.0 0.01025
1350.0 1250.0 0.00647
1450.0 1250.0 0.04587
1550.0 1250.0 0.12085
1650.0 1250.0 0.21145
1750.0 1250.0 0.29386
1850.0 1250.0 0.34690
1950.0 1250.0 0.35652
2050.0 1250.0 0.31819
2150.0 1250.0 0.23728
2250.0 1250.0 0.12736
2350.0 1250.0 0.00577
2450.0 1250.0 -0.13075
2550.0 1250.0 -0.28695
2650.0 1250.0 -0.44029
2750.0 1250.0 -0.55848
2850.0 1250.0 -0.61429
2950.0 1250.0 -0.59494
3050.0 1250.0 -0.50597
3150.0 1250.0 -0.36967
3250.0 1250.0 -0.21803
3350.0 1250.0 -0.08028
3450.0 1250.0 0.03512
3550.0 1250.0 0.16013
3650.0 1250.0 0.32650
3750.0 1250.0 0.52011
3850.0 1250.0 0.70206
3950.0 1250.0 0.83037
4050.0 1250.0 0.87509
4150.0 1250.0 0.82676
4250.0 1250.0 0.69832
4350.0 1250.0 0.52033
4450.0 1250.0 0.32969
4550.0 1250.0 0.15162
4650.0 1250.0 -0.01476
4750.0 1250.0 -0.14997
4850.0 1250.0 -0.22905
4950.0 1250.0 -0.24265
5050.0 1250.0 -0.19627
5150.0 1250.0 -0.10810
5250.0 1250.0 -0.00531
5350.0 1250.0 0.08109
5450.0 1250.0 0.12283
5550.0 1250.0 0.10238
5650.0 1250.0 0.02248
5750.0 1250.0 -0.08386
5850.0 1250.0 -0.17000
5950.0 1250.0 -0.21096
6050.0 1250.0 -0.20080
6150.0 1250.0 -0.14775
6250.0 1250.0 -0.06961
6350.0 1250.0 0.01087
50.0 1350.0 0.22119
150.0 1350.0 0.07559
250.0 1350.0 -0.05555
350.0 1350.0 -0.15442
450.0 1350.0 -0.20660
550.0 1350.0 -0.20628
650.0 1350.0 -0.15879
750.0 1350.0 -0.08027
850.0 1350.0 0.00523
950.0 1350.0 0.07152
1050.0 1350.0 0.09873
1150.0 1350.0 0.08450
1250.0 1350.0 0.05651
1350.0 1350.0 0.05589
1450.0 1350.0 0.09792
1550.0 1350.0 0.17537
1650.0 1350.0 0.26875
1750.0 1350.0 0.35468
1850.0 1350.0 0.41224
1950.0 1350.0 0.42739
2050.0 1350.0 0.39538
2150.0 1350.0 0.32119
2250.0 1350.0 0.21804
2350.0 1350.0 0.10314
2450.0 1350.0 -0.02694
2550.0 1350.0 -0.17790
2650.0 1350.0 -0.32852
2750.0 1350.0 -0.44754
2850.0 1350.0 -0.50811
2950.0 1350.0 -0.49692
3050.0 1350.0 -0.41818
3150.0 1350.0 -0.29232
3250.0 1350.0 -0.14943
3350.0 1350.0 -0.01756
3450.0 1350.0 0.09438
3550.0 1350.0 0.21693
3650.0 1350.0 0.38356
3750.0 1350.0 0.58209
3850.0 1350.0 0.77462
3950.0 1350.0 0.91902
4050.0 1350.0 0.98401
4150.0 1350.0 0.95785
4250.0 1350.0 0.85068
4350.0 1350.0 0.69043
4450.0 1350.0 0.51235
4550.0 1350.0 0.34218
4650.0 1350.0 0.18143
4750.0 1350.0 0.04581
4850.0 1350.0 -0.04400
4950.0 1350.0 -0.07958
5050.0 1350.0 -0.06471
5150.0 1350.0 -0.01378
5250.0 1350.0 0.05099
5350.0 1350.0 0.10381
5450.0 1350.0 0.12076
5550.0 1350.0 0.08665
5650.0 1350.0 0.00315
5750.0 1350.0 -0.10241
5850.0 1350.0 -0.19032
5950.0 1350.0 -0.23885
6050.0 1350.0 -0.24289
6150.0 1350.0 -0.20964
6250.0 1350.0 -0.15464
6350.0 1350.0 -0.09773
50.0 1450.0 0.31025
150.0 1450.0 0.17010
250.0 1450.0 0.03989
350.0 1450.0 -0.06429
450.0 1450.0 -0.12748
550.0 1450.0 -0.14184
650.0 1450.0 -0.10990
750.0 1450.0 -0.04490
850.0 1450.0 0.03159
950.0 1450.0 0.09491
1050.0 1450.0 0.12539
1150.0 1450.0 0.11913
1250.0 1450.0 0.10041
1350.0 1450.0 0.10651
1450.0 1450.0 0.15134
1550.0 1450.0 0.22836
1650.0 1450.0 0.31992
1750.0 1450.0 0.40481
1850.0 1450.0 0.46405
1950.0 1450.0 0.48486
2050.0 1450.0 0.46288
2150.0 1450.0 0.40260
2250.0 1450.0 0.31599
2350.0 1450.0 0.21865
2450.0 1450.0 0.10687
2550.0 1450.0 -0.02582
2650.0 1450.0 -0.16109
2750.0 1450.0 -0.27091
2850.0 1450.0 -0.33057
2950.0 1450.0 -0.32705
3050.0 1450.0 -0.26274
3150.0 1450.0 -0.15460
3250.0 1450.0 -0.02860
3350.0 1450.0 0.09042
3450.0 1450.0 0.19355
3550.0 1450.0 0.30755
3650.0 1450.0 0.46488
3750.0 1450.0 0.65565
3850.0 1450.0 0.84520
3950.0 1450.0 0.99401
4050.0 1450.0 1.07180
4150.0 1450.0 1.06585
4250.0 1450.0 0.98346
4350.0 1450.0 0.84868
4450.0 1450.0 0.69322
4550.0 1450.0 0.54156
4650.0 1450.0 0.39694
4750.0 1450.0 0.27094
4850.0 1450.0 0.17893
4950.0 1450.0 0.12721
5050.0 1450.0 0.11306
5150.0 1450.0 0.12583
5250.0 1450.0 0.14903
5350.0 1450.0 0.16349
5450.0 1450.0 0.15138
5550.0 1450.0 0.10136
5650.0 1450.0 0.01464
5750.0 1450.0 -0.08845
5850.0 1450.0 -0.17749
5950.0 1450.0 -0.23537
6050.0 1450.0 -0.25814
6150.0 1450.0 -0.25163
6250.0 1450.0 -0.22819
6350.0 1450.0 -0.20356
50.0 1550.0 0.35026
150.0 1550.0 0.21959
250.0 1550.0 0.09346
350.0 1550.0 -0.01399
450.0 1550.0 -0.08693
550.0 1550.0 -0.11497
650.0 1550.0 -0.09725
750.0 1550.0 -0.04359
850.0 1550.0 0.02722
950.0 1550.0 0.09211
1050.0 1550.0 0.13138
1150.0 1550.0 0.13926
1250.0 1550.0 0.13588
1350.0 1550.0 0.15218
1450.0 1550.0 0.19904
1550.0 1550.0 0.27099
1650.0 1550.0 0.35376
1750.0 1550.0 0.43044
1850.0 1550.0 0.48602
1950.0 1550.0 0.51063
2050.0 1550.0 0.50120
2150.0 1550.0 0.46165
2250.0 1550.0 0.40171
2350.0 1550.0 0.33356
2450.0 1550.0 0.25275
2550.0 1550.0 0.15220
2650.0 1550.0 0.04567
2750.0 1550.0 -0.04437
2850.0 1550.0 -0.09727
2950.0 1550.0 -0.10108
3050.0 1550.0 -0.05588
3150.0 1550.0 0.02661
3250.0 1550.0 0.12693
3350.0 1550.0 0.22559
3450.0 1550.0 0.31421
3550.0 1550.0 0.41302
3650.0 1550.0 0.55022
3750.0 1550.0 0.71841
3850.0 1550.0 0.88861
3950.0 1550.0 1.02705
4050.0 1550.0 1.10724
4150.0 1550.0 1.11710
4250.0 1550.0 1.06134
4350.0 1550.0 0.95905
4450.0 1550.0 0.83636
4550.0 1550.0 0.71439
4650.0 1550.0 0.59724
4750.0 1550.0 0.49250
4850.0 1550.0 0.40958
4950.0 1550.0 0.35152
5050.0 1550.0 0.31554
5150.0 1550.0 0.29421
5250.0 1550.0 0.27697
5350.0 1550.0 0.25217
5450.0 1550.0 0.20950
5550.0 1550.0 0.14288
5650.0 1550.0 0.05384
5750.0 1550.0 -0.04491
5850.0 1550.0 -0.13371
5950.0 1550.0 -0.20073
6050.0 1550.0 -0.24340
6150.0 1550.0 -0.26601
6250.0 1550.0 -0.27735
6350.0 1550.0 -0.28841
50.0 1650.0 0.33625
150.0 1650.0 0.21836
250.0 1650.0 0.09909
350.0 1650.0 -0.00937
450.0 1650.0 -0.09015
550.0 1650.0 -0.12992
650.0 1650.0 -0.12409
750.0 1650.0 -0.07883
850.0 1650.0 -0.01005
950.0 1650.0 0.06072
1050.0 1650.0 0.11359
1150.0 1650.0 0.14065
1250.0 1650.0 0.15743
1350.0 1650.0 0.18628
1450.0 1650.0 0.23343
1550.0 1650.0 0.29470
1650.0 1650.0 0.36062
1750.0 1650.0 0.42050
1850.0 1650.0 0.46536
1950.0 1650.0 0.48986
2050.0 1650.0 0.49317
2150.0 1650.0 0.47879
2250.0 1650.0 0.45329
2350.0 1650.0 0.42361
2450.0 1650.0 0.38389
2550.0 1650.0 0.32653
2650.0 1650.0 0.25932
2750.0 1650.0 0.19733
2850.0 1650.0 0.15565
2950.0 1650.0 0.14453
3050.0 1650.0 0.16667
3150.0 1650.0 0.21697
3250.0 1650.0 0.28447
3350.0 1650.0 0.35669
3450.0 1650.0 0.42623
3550.0 1650.0 0.50439
3650.0 1650.0 0.61204
3750.0 1650.0 0.74427
3850.0 1650.0 0.87975
3950.0 1650.0 0.99322
4050.0 1650.0 1.06448
4150.0 1650.0 1.08382
4250.0 1650.0 1.05391
4350.0 1650.0 0.98816
4450.0 1650.0 0.90558
4550.0 1650.0 0.82211
4650.0 1650.0 0.74165
4750.0 1650.0 0.66859
4850.0 1650.0 0.60650
4950.0 1650.0 0.55421
5050.0 1650.0 0.50771
5150.0 1650.0 0.46169
5250.0 1650.0 0.41092
5350.0 1650.0 0.35130
5450.0 1650.0 0.28056
5550.0 1650.0 0.19885
5650.0 1650.0 0.10887
5750.0 1650.0 0.01602
5850.0 1650.0 -0.07059
5950.0 1650.0 -0.14402
6050.0 1650.0 -0.20304
6150.0 1650.0 -0.25059
6250.0 1650.0 -0.29219
6350.0 1650.0 -0.33451
50.0 1750.0 0.27451
150.0 1750.0 0.17121
250.0 1750.0 0.06065
350.0 1750.0 -0.04687
450.0 1750.0 -0.13329
550.0 1750.0 -0.18228
650.0 1750.0 -0.18550
750.0 1750.0 -0.14552
850.0 1750.0 -0.07554
950.0 1750.0 0.00431
1050.0 1750.0 0.07381
1150.0 1750.0 0.12286
1250.0 1750.0 0.16234
1350.0 1750.0 0.20444
1450.0 1750.0 0.24949
1550.0 1750.0 0.29466
1650.0 1750.0 0.33622
1750.0 1750.0 0.37112
1850.0 1750.0 0.39789
1950.0 1750.0 0.41706
2050.0 1750.0 0.43092
2150.0 1750.0 0.44274
2250.0 1750.0 0.45537
2350.0 1750.0 0.46910
2450.0 1750.0 0.47585
2550.0 1750.0 0.46748
2650.0 1750.0 0.44506
2750.0 1750.0 0.41529
2850.0 1750.0 0.38692
2950.0 1750.0 0.36819
3050.0 1750.0 0.36486
3150.0 1750.0 0.37926
3250.0 1750.0 0.40998
3350.0 1750.0 0.45247
3450.0 1750.0 0.50046
3550.0 1750.0 0.55485
3650.0 1750.0 0.62699
3750.0 1750.0 0.71416
3850.0 1750.0 0.80379
3950.0 1750.0 0.88090
4050.0 1750.0 0.93337
4150.0 1750.0 0.95523
4250.0 1750.0 0.94779
4350.0 1750.0 0.91876
4450.0 1750.0 0.87925
4550.0 1750.0 0.83876
4650.0 1750.0 0.80008
4750.0 1750.0 0.76569
4850.0 1750.0 0.73412
4950.0 1750.0 0.69960
5050.0 1750.0 0.65572
5150.0 1750.0 0.59794
5250.0 1750.0 0.52506
5350.0 1750.0 0.43957
5450.0 1750.0 0.34689
5550.0 1750.0 0.25353
5650.0 1750.0 0.16417
5750.0 1750.0 0.07813
5850.0 1750.0 -0.00414
5950.0 1750.0 -0.07926
6050.0 1750.0 -0.14697
6150.0 1750.0 -0.20935
6250.0 1750.0 -0.26972
6350.0 1750.0 -0.33173
50.0 1850.0 0.18187
150.0 1850.0 0.09315
250.0 1850.0 -0.00819
350.0 1850.0 -0.11352
450.0 1850.0 -0.20360
550.0 1850.0 -0.25931
650.0 1850.0 -0.26887
750.0 1850.0 -0.23164
850.0 1850.0 -0.15835
950.0 1850.0 -0.06802
1050.0 1850.0 0.01874
1150.0 1850.0 0.08981
1250.0 1850.0 0.15173
1350.0 1850.0 0.20604
1450.0 1850.0 0.24652
1550.0 1850.0 0.27157
1650.0 1850.0 0.28349
1750.0 1850.0 0.28743
1850.0 1850.0 0.29013
1950.0 1850.0 0.29868
2050.0 1850.0 0.31906
2150.0 1850.0 0.35460
2250.0 1850.0 0.40427
2350.0 1850.0 0.46103
2450.0 1850.0 0.51384
2550.0 1850.0 0.55388
2650.0 1850.0 0.57557
2750.0 1850.0 0.57727
2850.0 1850.0 0.56153
2950.0 1850.0 0.53464
3050.0 1850.0 0.50550
3150.0 1850.0 0.48386
3250.0 1850.0 0.47780
3350.0 1850.0 0.49068
3450.0 1850.0 0.51728
3550.0 1850.0 0.54775
3650.0 1850.0 0.58308
3750.0 1850.0 0.62227
3850.0 1850.0 0.66156
3950.0 1850.0 0.69662
4050.0 1850.0 0.72408
4150.0 1850.0 0.74244
4250.0 1850.0 0.75238
4350.0 1850.0 0.75644
4450.0 1850.0 0.75802
4550.0 1850.0 0.75982
4650.0 1850.0 0.76289
4750.0 1850.0 0.76925
4850.0 1850.0 0.77374
4950.0 1850.0 0.76613
5050.0 1850.0 0.73684
5150.0 1850.0 0.68071
5250.0 1850.0 0.59890
5350.0 1850.0 0.49887
5450.0 1850.0 0.39246
5550.0 1850.0 0.29200
5650.0 1850.0 0.20464
5750.0 1850.0 0.12553
5850.0 1850.0 0.04940
5950.0 1850.0 -0.02178
6050.0 1850.0 -0.08828
6150.0 1850.0 -0.15199
6250.0 1850.0 -0.21548
6350.0 1850.0 -0.28131
50.0 1950.0 0.08280
150.0 1950.0 0.00681
250.0 1950.0 -0.08628
350.0 1950.0 -0.18919
450.0 1950.0 -0.28166
550.0 1950.0 -0.34222
650.0 1950.0 -0.35623
750.0 1950.0 -0.32033
850.0 1950.0 -0.24331
950.0 1950.0 -0.14326
1050.0 1950.0 -0.04116
1150.0 1950.0 0.04916
1250.0 1950.0 0.13053
1350.0 1950.0 0.19450
1450.0 1950.0 0.22845
1550.0 1950.0 0.23176
1650.0 1950.0 0.21231
1750.0 1950.0 0.18299
1850.0 1950.0 0.15848
1950.0 1950.0 0.15235
2050.0 1950.0 0.17437
2150.0 1950.0 0.22821
2250.0 1950.0 0.30933
2350.0 1950.0 0.40349
2450.0 1950.0 0.49622
2550.0 1950.0 0.57786
2650.0 1950.0 0.63693
2750.0 1950.0 0.66461
2850.0 1950.0 0.65820
2950.0 1950.0 0.62251
3050.0 1950.0 0.56936
3150.0 1950.0 0.51513
3250.0 1950.0 0.47631
3350.0 1950.0 0.46308
3450.0 1950.0 0.47101
3550.0 1950.0 0.48045
3650.0 1950.0 0.48268
3750.0 1950.0 0.47791
3850.0 1950.0 0.47011
3950.0 1950.0 0.46454
4050.0 1950.0 0.46591
4150.0 1950.0 0.47717
4250.0 1950.0 0.49893
4350.0 1950.0 0.52954
4450.0 1950.0 0.56578
4550.0 1950.0 0.60414
4650.0 1950.0 0.64378
4750.0 1950.0 0.68755
4850.0 1950.0 0.72813
4950.0 1950.0 0.75148
5050.0 1950.0 0.74463
5150.0 1950.0 0.70074
5250.0 1950.0 0.62173
5350.0 1950.0 0.51810
5450.0 1950.0 0.40627
5550.0 1950.0 0.30327
5650.0 1950.0 0.21877
5750.0 1950.0 0.14582
5850.0 1950.0 0.07691
5950.0 1950.0 0.01478
6050.0 1950.0 -0.04078
6150.0 1950.0 -0.09217
6250.0 1950.0 -0.14281
6350.0 1950.0 -0.19617
50.0 2050.0 0.00406
150.0 2050.0 -0.06252
250.0 2050.0 -0.14961
350.0 2050.0 -0.25096
450.0 2050.0 -0.34558
550.0 2050.0 -0.41021
650.0 2050.0 -0.42802
750.0 2050.0 -0.39362
850.0 2050.0 -0.31424
950.0 2050.0 -0.20727
1050.0 2050.0 -0.09395
1150.0 2050.0 0.01058
1250.0 2050.0 0.10627
1350.0 2050.0 0.17639
1450.0 2050.0 0.20286
1550.0 2050.0 0.18565
1650.0 2050.0 0.13714
1750.0 2050.0 0.07660
1850.0 2050.0 0.02542
1950.0 2050.0 0.00272
2050.0 2050.0 0.02176
2150.0 2050.0 0.08673
2250.0 2050.0 0.19030
2350.0 2050.0 0.31210
2450.0 2050.0 0.43413
2550.0 2050.0 0.54564
2650.0 2050.0 0.63068
2750.0 2050.0 0.67523
2850.0 2050.0 0.67291
2950.0 2050.0 0.62780
3050.0 2050.0 0.55423
3150.0 2050.0 0.47382
3250.0 2050.0 0.40942
3350.0 2050.0 0.37631
3450.0 2050.0 0.37034
3550.0 2050.0 0.36408
3650.0 2050.0 0.34125
3750.0 2050.0 0.30277
3850.0 2050.0 0.25839
3950.0 2050.0 0.22064
4050.0 2050.0 0.20045
4150.0 2050.0 0.20434
4250.0 2050.0 0.23312
4350.0 2050.0 0.28224
4450.0 2050.0 0.34356
4550.0 2050.0 0.40889
4650.0 2050.0 0.47580
4750.0 2050.0 0.54879
4850.0 2050.0 0.61976
4950.0 2050.0 0.67194
5050.0 2050.0 0.68930
5150.0 2050.0 0.66294
5250.0 2050.0 0.59425
5350.0 2050.0 0.49500
5450.0 2050.0 0.38427
5550.0 2050.0 0.28221
5650.0 2050.0 0.20071
5750.0 2050.0 0.13246
5850.0 2050.0 0.07082
5950.0 2050.0 0.02116
6050.0 2050.0 -0.01615
6150.0 2050.0 -0.04460
6250.0 2050.0 -0.06973
6350.0 2050.0 -0.09765
50.0 2150.0 -0.03287
150.0 2150.0 -0.09410
250.0 2150.0 -0.17822
350.0 2150.0 -0.27977
450.0 2150.0 -0.37733
550.0 2150.0 -0.44643
650.0 2150.0 -0.46875
750.0 2150.0 -0.43741
850.0 2150.0 -0.35851
950.0 2150.0 -0.24882
1050.0 2150.0 -0.12969
1150.0 2150.0 -0.01710
1250.0 2150.0 0.08676
1350.0 2150.0 0.15931
1450.0 2150.0 0.17847
1550.0 2150.0 0.14445
1650.0 2150.0 0.07259
1750.0 2150.0 -0.01338
1850.0 2150.0 -0.08732
1950.0 2150.0 -0.12597
2050.0 2150.0 -0.11339
2150.0 2150.0 -0.04471
2250.0 2150.0 0.07090
2350.0 2150.0 0.20862
2450.0 2150.0 0.34717
2550.0 2150.0 0.47454
2650.0 2150.0 0.57198
2750.0 2150.0 0.62262
2850.0 2150.0 0.61837
2950.0 2150.0 0.56337
3050.0 2150.0 0.47399
3150.0 2150.0 0.37529
3250.0 2150.0 0.29413
3350.0 2150.0 0.24869
3450.0 2150.0 0.23456
3550.0 2150.0 0.21922
3650.0 2150.0 0.18185
3750.0 2150.0 0.12382
3850.0 2150.0 0.05817
3950.0 2150.0 0.00167
4050.0 2150.0 -0.03113
4150.0 2150.0 -0.03163
4250.0 2150.0 0.00112
4350.0 2150.0 0.06086
4450.0 2150.0 0.13666
4550.0 2150.0 0.21756
4650.0 2150.0 0.30039
4750.0 2150.0 0.39143
4850.0 2150.0 0.48281
4950.0 2150.0 0.55618
5050.0 2150.0 0.59340
5150.0 2150.0 0.58366
5250.0 2150.0 0.52728
5350.0 2150.0 0.43599
5450.0 2150.0 0.32982
5550.0 2150.0 0.23048
5650.0 2150.0 0.15140
5750.0 2150.0 0.08599
5850.0 2150.0 0.03068
5950.0 2150.0 -0.00539
6050.0 2150.0 -0.02094
6150.0 2150.0 -0.02084
6250.0 2150.0 -0.01355
6350.0 2150.0 -0.00884
50.0 2250.0 -0.02179
150.0 2250.0 -0.08133
250.0 2250.0 -0.16539
350.0 2250.0 -0.26915
450.0 2250.0 -0.37100
550.0 2250.0 -0.44577
650.0 2250.0 -0.47411
750.0 2250.0 -0.44811
850.0 2250.0 -0.37294
950.0 2250.0 -0.26480
1050.0 2250.0 -0.14495
1150.0 2250.0 -0.02991
1250.0 2250.0 0.07664
1350.0 2250.0 0.14859
1450.0 2250.0 0.16142
1550.0 2250.0 0.11524
1650.0 2250.0 0.02695
1750.0 2250.0 -0.07725
1850.0 2250.0 -0.16843
1950.0 2250.0 -0.22075
2050.0 2250.0 -0.21645
2150.0 2250.0 -0.14998
2250.0 2250.0 -0.03142
2350.0 2250.0 0.11171
2450.0 2250.0 0.25533
2550.0 2250.0 0.38602
2650.0 2250.0 0.48379
2750.0 2250.0 0.53101
2850.0 2250.0 0.51958
2950.0 2250.0 0.45447
3050.0 2250.0 0.35354
3150.0 2250.0 0.24379
3250.0 2250.0 0.15384
3350.0 2250.0 0.10286
3450.0 2250.0 0.08575
3550.0 2250.0 0.06736
3650.0 2250.0 0.02544
3750.0 2250.0 -0.03839
3850.0 2250.0 -0.10993
3950.0 2250.0 -0.17112
4050.0 2250.0 -0.20637
4150.0 2250.0 -0.20660
4250.0 2250.0 -0.17101
4350.0 2250.0 -0.10660
4450.0 2250.0 -0.02530
4550.0 2250.0 0.06110
4650.0 2250.0 0.14955
4750.0 2250.0 0.24785
4850.0 2250.0 0.34874
4950.0 2250.0 0.43340
5050.0 2250.0 0.48259
5150.0 2250.0 0.48427
5250.0 2250.0 0.43769
5350.0 2250.0 0.35390
5450.0 2250.0 0.25274
5550.0 2250.0 0.15625
5650.0 2250.0 0.07859
5750.0 2250.0 0.01433
5850.0 2250.0 -0.03612
5950.0 2250.0 -0.05941
6050.0 2250.0 -0.05324
6150.0 2250.0 -0.02395
6250.0 2250.0 0.01691
6350.0 2250.0 0.05557
50.0 2350.0 0.01745
150.0 2350.0 -0.04230
250.0 2350.0 -0.12789
350.0 2350.0 -0.23512
450.0 2350.0 -0.34231
550.0 2350.0 -0.42378
650.0 2350.0 -0.45941
750.0 2350.0 -0.44034
850.0 2350.0 -0.37094
950.0 2350.0 -0.26678
1050.0 2350.0 -0.14894
1150.0 2350.0 -0.03435
1250.0 2350.0 0.07212
1350.0 2350.0 0.14201
1450.0 2350.0 0.14925
1550.0 2350.0 0.09374
1650.0 2350.0 -0.00685
1750.0 2350.0 -0.12488
1850.0 2350.0 -0.22971
1950.0 2350.0 -0.29381
2050.0 2350.0 -0.29810
2150.0 2350.0 -0.23644
2250.0 2350.0 -0.11930
2350.0 2350.0 0.02404
2450.0 2350.0 0.16707
2550.0 2350.0 0.29490
2650.0 2350.0 0.38706
2750.0 2350.0 0.42619
2850.0 2350.0 0.40503
2950.0 2350.0 0.32971
3050.0 2350.0 0.21938
3150.0 2350.0 0.10214
3250.0 2350.0 0.00734
3350.0 2350.0 -0.04583
3450.0 2350.0 -0.06341
3550.0 2350.0 -0.08183
3650.0 2350.0 -0.12315
3750.0 2350.0 -0.18547
3850.0 2350.0 -0.25460
3950.0 2350.0 -0.31266
4050.0 2350.0 -0.34440
4150.0 2350.0 -0.34117
4250.0 2350.0 -0.30262
4350.0 2350.0 -0.23604
4450.0 2350.0 -0.15352
4550.0 2350.0 -0.06663
4650.0 2350.0 0.02225
4750.0 2350.0 0.12211
4850.0 2350.0 0.22639
4950.0 2350.0 0.31630
5050.0 2350.0 0.37217
5150.0 2350.0 0.38120
5250.0 2350.0 0.34177
5350.0 2350.0 0.26408
5450.0 2350.0 0.16734
5550.0 2350.0 0.07336
5650.0 2350.0 -0.00343
5750.0 2350.0 -0.06732
5850.0 2350.0 -0.11380
5950.0 2350.0 -0.12541
6050.0 2350.0 -0.09883
6150.0 2350.0 -0.04176
6250.0 2350.0 0.03119
6350.0 2350.0 0.10237
50.0 2450.0 0.07594
150.0 2450.0 0.01393
250.0 2450.0 -0.07572
350.0 2450.0 -0.18962
450.0 2450.0 -0.30615
550.0 2450.0 -0.39899
650.0 2450.0 -0.44698
750.0 2450.0 -0.44002
850.0 2450.0 -0.38125
950.0 2450.0 -0.28535
1050.0 2450.0 -0.17304
1150.0 2450.0 -0.06175
1250.0 2450.0 0.04207
1350.0 2450.0 0.10793
1450.0 2450.0 0.10887
1550.0 2450.0 0.04498
1650.0 2450.0 -0.06525
1750.0 2450.0 -0.19308
1850.0 2450.0 -0.30675
1950.0 2450.0 -0.37785
2050.0 2450.0 -0.38682
2150.0 2450.0 -0.32752
2250.0 2450.0 -0.21096
2350.0 2450.0 -0.06743
2450.0 2450.0 0.07498
2550.0 2450.0 0.20001
2650.0 2450.0 0.28661
2750.0 2450.0 0.31757
2850.0 2450.0 0.28636
2950.0 2450.0 0.20021
3050.0 2450.0 0.07956
3150.0 2450.0 -0.04629
3250.0 2450.0 -0.14714
3350.0 2450.0 -0.20365
3450.0 2450.0 -0.22276
3550.0 2450.0 -0.24186
3650.0 2450.0 -0.28173
3750.0 2450.0 -0.33980
3850.0 2450.0 -0.40214
3950.0 2450.0 -0.45177
4050.0 2450.0 -0.47467
4150.0 2450.0 -0.46347
4250.0 2450.0 -0.41894
4350.0 2450.0 -0.34908
4450.0 2450.0 -0.26603
4550.0 2450.0 -0.18064
4650.0 2450.0 -0.09372
4750.0 2450.0 0.00518
4850.0 2450.0 0.11052
4950.0 2450.0 0.20418
5050.0 2450.0 0.26657
5150.0 2450.0 0.28443
5250.0 2450.0 0.25515
5350.0 2450.0 0.18760
5450.0 2450.0 0.09963
5550.0 2450.0 0.01204
5650.0 2450.0 -0.06084
5750.0 2450.0 -0.12192
5850.0 2450.0 -0.16317
5950.0 2450.0 -0.16433
6050.0 2450.0 -0.12143
6150.0 2450.0 -0.04314
6250.0 2450.0 0.05386
6350.0 2450.0 0.14929
50.0 2550.0 0.16601
150.0 2550.0 0.09711
250.0 2550.0 -0.00169
350.0 2550.0 -0.12824
450.0 2550.0 -0.26107
550.0 2550.0 -0.37322
650.0 2550.0 -0.44221
750.0 2550.0 -0.45628
850.0 2550.0 -0.41689
950.0 2550.0 -0.33734
1050.0 2550.0 -0.23771
1150.0 2550.0 -0.13598
1250.0 2550.0 -0.04067
1350.0 2550.0 0.01649
1450.0 2550.0 0.00910
1550.0 2550.0 -0.06160
1650.0 2550.0 -0.17603
1750.0 2550.0 -0.30491
1850.0 2550.0 -0.41663
1950.0 2550.0 -0.48369
2050.0 2550.0 -0.48796
2150.0 2550.0 -0.42477
2250.0 2550.0 -0.30605
2350.0 2550.0 -0.16159
2450.0 2550.0 -0.01885
2550.0 2550.0 0.10490
2650.0 2550.0 0.18774
2750.0 2550.0 0.21208
2850.0 2550.0 0.17157
2950.0 2550.0 0.07423
3050.0 2550.0 -0.05829
3150.0 2550.0 -0.19524
3250.0 2550.0 -0.30519
3350.0 2550.0 -0.36818
3450.0 2550.0 -0.39181
3550.0 2550.0 -0.41374
3650.0 2550.0 -0.45137
3750.0 2550.0 -0.50060
3850.0 2550.0 -0.54825
3950.0 2550.0 -0.57954
4050.0 2550.0 -0.58338
4150.0 2550.0 -0.55545
4250.0 2550.0 -0.49906
4350.0 2550.0 -0.42375
4450.0 2550.0 -0.34171
4550.0 2550.0 -0.26202
4650.0 2550.0 -0.18208
4750.0 2550.0 -0.08969
4850.0 2550.0 0.01135
4950.0 2550.0 0.10496
5050.0 2550.0 0.17301
5150.0 2550.0 0.20249
5250.0 2550.0 0.18967
5350.0 2550.0 0.14114
5450.0 2550.0 0.07178
5550.0 2550.0 -0.00031
5650.0 2550.0 -0.06191
5750.0 2550.0 -0.11402
5850.0 2550.0 -0.14675
5950.0 2550.0 -0.14020
6050.0 2550.0 -0.09060
6150.0 2550.0 -0.00663
6250.0 2550.0 0.09529
6350.0 2550.0 0.19526
50.0 2650.0 0.27522
150.0 2650.0 0.19417
250.0 2650.0 0.08147
350.0 2650.0 -0.06187
450.0 2650.0 -0.21479
550.0 2650.0 -0.35002
650.0 2650.0 -0.44413
750.0 2650.0 -0.48399
850.0 2650.0 -0.46946
950.0 2650.0 -0.41244
1050.0 2650.0 -0.33220
1150.0 2650.0 -0.24701
1250.0 2650.0 -0.16713
1350.0 2650.0 -0.12433
1450.0 2650.0 -0.14273
1550.0 2650.0 -0.21880
1650.0 2650.0 -0.33155
1750.0 2650.0 -0.45172
1850.0 2650.0 -0.54932
1950.0 2650.0 -0.59982
2050.0 2650.0 -0.58866
2150.0 2650.0 -0.51442
2250.0 2650.0 -0.39038
2350.0 2650.0 -0.24408
2450.0 2650.0 -0.09969
2550.0 2650.0 0.02523
2650.0 2650.0 0.10763
2750.0 2650.0 0.12882
2850.0 2650.0 0.08186
2950.0 2650.0 -0.02509
3050.0 2650.0 -0.16947
3150.0 2650.0 -0.31907
3250.0 2650.0 -0.44083
3350.0 2650.0 -0.51365
3450.0 2650.0 -0.54530
3550.0 2650.0 -0.57278
3650.0 2650.0 -0.60800
3750.0 2650.0 -0.64457
3850.0 2650.0 -0.67054
3950.0 2650.0 -0.67467
4050.0 2650.0 -0.65049
4150.0 2650.0 -0.59841
4250.0 2650.0 -0.52562
4350.0 2650.0 -0.44393
4450.0 2650.0 -0.36556
4550.0 2650.0 -0.29672
4650.0 2650.0 -0.22979
4750.0 2650.0 -0.15098
4850.0 2650.0 -0.06182
4950.0 2650.0 0.02529
5050.0 2650.0 0.09543
5150.0 2650.0 0.13703
5250.0 2650.0 0.14546
5350.0 2650.0 0.12413
5450.0 2650.0 0.08335
5550.0 2650.0 0.03663
5650.0 2650.0 -0.00523
5750.0 2650.0 -0.04110
5850.0 2650.0 -0.06137
5950.0 2650.0 -0.05021
6050.0 2650.0 -0.00513
6150.0 2650.0 0.06640
6250.0 2650.0 0.15086
6350.0 2650.0 0.23232
50.0 2750.0 0.37824
150.0 2750.0 0.28074
250.0 2750.0 0.15166
350.0 2750.0 -0.00843
450.0 2750.0 -0.17913
550.0 2750.0 -0.33370
650.0 2750.0 -0.44889
750.0 2750.0 -0.51137
850.0 2750.0 -0.52040
950.0 2750.0 -0.48706
1050.0 2750.0 -0.42983
1150.0 2750.0 -0.36670
1250.0 2750.0 -0.30829
1350.0 2750.0 -0.28487
1450.0 2750.0 -0.31695
1550.0 2750.0 -0.39767
1650.0 2750.0 -0.50432
1750.0 2750.0 -0.60809
1850.0 2750.0 -0.68179
1950.0 2750.0 -0.70549
2050.0 2750.0 -0.67009
2150.0 2750.0 -0.57885
2250.0 2750.0 -0.44684
2350.0 2750.0 -0.29791
2450.0 2750.0 -0.15050
2550.0 2750.0 -0.02147
2650.0 2750.0 0.06486
2750.0 2750.0 0.08801
2850.0 2750.0 0.03952
2950.0 2750.0 -0.07316
3050.0 2750.0 -0.22714
3150.0 2750.0 -0.38896
3250.0 2750.0 -0.52378
3350.0 2750.0 -0.60886
3450.0 2750.0 -0.65151
3550.0 2750.0 -0.68712
3650.0 2750.0 -0.72075
3750.0 2750.0 -0.74333
3850.0 2750.0 -0.74454
3950.0 2750.0 -0.71750
4050.0 2750.0 -0.66144
4150.0 2750.0 -0.58244
4250.0 2750.0 -0.49232
4350.0 2750.0 -0.40553
4450.0 2750.0 -0.33413
4550.0 2750.0 -0.28085
4650.0 2750.0 -0.23227
4750.0 2750.0 -0.17382
4850.0 2750.0 -0.10467
4950.0 2750.0 -0.03210
5050.0 2750.0 0.03389
5150.0 2750.0 0.08456
5250.0 2750.0 0.11496
5350.0 2750.0 0.12506
5450.0 2750.0 0.11943
5550.0 2750.0 0.10550
5650.0 2750.0 0.09039
5750.0 2750.0 0.07710
5850.0 2750.0 0.07276
5950.0 2750.0 0.08596
6050.0 2750.0 0.11703
6150.0 2750.0 0.16067
6250.0 2750.0 0.20861
6350.0 2750.0 0.25190
50.0 2850.0 0.44911
150.0 2850.0 0.33281
250.0 2850.0 0.18787
350.0 2850.0 0.01557
450.0 2850.0 -0.16455
550.0 2850.0 -0.32742
650.0 2850.0 -0.45175
750.0 2850.0 -0.52585
850.0 2850.0 -0.55008
950.0 2850.0 -0.53585
1050.0 2850.0 -0.50118
1150.0 2850.0 -0.46283
1250.0 2850.0 -0.42968
1350.0 2850.0 -0.42894
1450.0 2850.0 -0.47674
1550.0 2850.0 -0.56234
1650.0 2850.0 -0.66101
1750.0 2850.0 -0.74458
1850.0 2850.0 -0.78924
1950.0 2850.0 -0.78061
2050.0 2850.0 -0.71609
2150.0 2850.0 -0.60452
2250.0 2850.0 -0.46301
2350.0 2850.0 -0.31096
2450.0 2850.0 -0.15936
2550.0 2850.0 -0.02339
2650.0 2850.0 0.07143
2750.0 2850.0 0.10227
2850.0 2850.0 0.05833
2950.0 2850.0 -0.05455
3050.0 2850.0 -0.21390
3150.0 2850.0 -0.38549
3250.0 2850.0 -0.53276
3350.0 2850.0 -0.63105
3450.0 2850.0 -0.68648
3550.0 2850.0 -0.73206
3650.0 2850.0 -0.76582
3750.0 2850.0 -0.77606
3850.0 2850.0 -0.75428
3950.0 2850.0 -0.69814
4050.0 2850.0 -0.61264
4150.0 2850.0 -0.50958
4250.0 2850.0 -0.40531
4350.0 2850.0 -0.31675
4450.0 2850.0 -0.25565
4550.0 2850.0 -0.22115
4650.0 2850.0 -0.19434
4750.0 2850.0 -0.16125
4850.0 2850.0 -0.11905
4950.0 2850.0 -0.06906
5050.0 2850.0 -0.01501
5150.0 2850.0 0.03850
5250.0 2850.0 0.08712
5350.0 2850.0 0.12766
5450.0 2850.0 0.15867
5550.0 2850.0 0.18070
5650.0 2850.0 0.19627
5750.0 2850.0 0.20949
5850.0 2850.0 0.22331
5950.0 2850.0 0.23714
6050.0 2850.0 0.24859
6150.0 2850.0 0.25515
6250.0 2850.0 0.25519
6350.0 2850.0 0.24858
50.0 2950.0 0.46967
150.0 2950.0 0.33465
250.0 2950.0 0.17713
350.0 2950.0 0.00053
450.0 2950.0 -0.17657
550.0 2950.0 -0.33207
650.0 2950.0 -0.44848
750.0 2950.0 -0.51799
850.0 2950.0 -0.54407
950.0 2950.0 -0.53989
1050.0 2950.0 -0.52344
1150.0 2950.0 -0.50931
1250.0 2950.0 -0.50216
1350.0 2950.0 -0.52498
1450.0 2950.0 -0.58954
1550.0 2950.0 -0.68109
1650.0 2950.0 -0.77277
1750.0 2950.0 -0.83693
1850.0 2950.0 -0.85307
1950.0 2950.0 -0.81235
2050.0 2950.0 -0.71875
2150.0 2950.0 -0.58674
2250.0 2950.0 -0.43563
2350.0 2950.0 -0.28037
2450.0 2950.0 -0.12389
2550.0 2950.0 0.02114
2650.0 2950.0 0.12820
2750.0 2950.0 0.17184
2850.0 2950.0 0.13831
2950.0 2950.0 0.03114
3050.0 2950.0 -0.12839
3150.0 2950.0 -0.30585
3250.0 2950.0 -0.46329
3350.0 2950.0 -0.57405
3450.0 2950.0 -0.64251
3550.0 2950.0 -0.69881
3650.0 2950.0 -0.73490
3750.0 2950.0 -0.73699
3850.0 2950.0 -0.69833
3950.0 2950.0 -0.62057
4050.0 2950.0 -0.51368
4150.0 2950.0 -0.39423
4250.0 2950.0 -0.28227
4350.0 2950.0 -0.19657
4450.0 2950.0 -0.14838
4550.0 2950.0 -0.13372
4650.0 2950.0 -0.12950
4750.0 2950.0 -0.12397
4850.0 2950.0 -0.11300
4950.0 2950.0 -0.09187
5050.0 2950.0 -0.05733
5150.0 2950.0 -0.00894
5250.0 2950.0 0.05058
5350.0 2950.0 0.11575
5450.0 2950.0 0.17964
5550.0 2950.0 0.23600
5650.0 2950.0 0.28232
5750.0 2950.0 0.32281
5850.0 2950.0 0.35534
5950.0 2950.0 0.36979
6050.0 2950.0 0.36104
6150.0 2950.0 0.32940
6250.0 2950.0 0.28009
6350.0 2950.0 0.22205
50.0 3050.0 0.43413
150.0 3050.0 0.28284
250.0 3050.0 0.11797
350.0 3050.0 -0.05359
450.0 3050.0 -0.21426
550.0 3050.0 -0.34586
650.0 3050.0 -0.43642
750.0 3050.0 -0.48391
850.0 3050.0 -0.49676
950.0 3050.0 -0.49128
1050.0 3050.0 -0.48593
1150.0 3050.0 -0.49234
1250.0 3050.0 -0.50877
1350.0 3050.0 -0.55345
1450.0 3050.0 -0.63452
1550.0 3050.0 -0.73369
1650.0 3050.0 -0.82198
1750.0 3050.0 -0.87187
1850.0 3050.0 -0.86545
1950.0 3050.0 -0.79853
2050.0 3050.0 -0.68069
2150.0 3050.0 -0.53140
2250.0 3050.0 -0.37202
2350.0 3050.0 -0.21386
2450.0 3050.0 -0.05244
2550.0 3050.0 0.10252
2650.0 3050.0 0.22386
2750.0 3050.0 0.28355
2850.0 3050.0 0.26471
2950.0 3050.0 0.16811
3050.0 3050.0 0.01330
3150.0 3050.0 -0.16566
3250.0 3050.0 -0.32992
3350.0 3050.0 -0.45096
3450.0 3050.0 -0.53106
3550.0 3050.0 -0.59757
3650.0 3050.0 -0.63814
3750.0 3050.0 -0.63777
3850.0 3050.0 -0.59112
3950.0 3050.0 -0.50278
4050.0 3050.0 -0.38614
4150.0 3050.0 -0.26092
4250.0 3050.0 -0.14940
4350.0 3050.0 -0.07132
4450.0 3050.0 -0.03731
4550.0 3050.0 -0.04118
4650.0 3050.0 -0.05760
4750.0 3050.0 -0.07850
4850.0 3050.0 -0.09940
4950.0 3050.0 -0.11013
5050.0 3050.0 -0.10067
5150.0 3050.0 -0.06511
5250.0 3050.0 -0.00373
5350.0 3050.0 0.07689
5450.0 3050.0 0.16560
5550.0 3050.0 0.25032
5650.0 3050.0 0.32364
5750.0 3050.0 0.38882
5850.0 3050.0 0.43879
5950.0 3050.0 0.45529
6050.0 3050.0 0.43081
6150.0 3050.0 0.36809
6250.0 3050.0 0.27814
6350.0 3050.0 0.17766
50.0 3150.0 0.34986
150.0 3150.0 0.18661
250.0 3150.0 0.02040
350.0 3150.0 -0.13753
450.0 3150.0 -0.27050
550.0 3150.0 -0.36479
650.0 3150.0 -0.41491
750.0 3150.0 -0.42582
850.0 3150.0 -0.41217
950.0 3150.0 -0.39440
1050.0 3150.0 -0.39185
1150.0 3150.0 -0.41278
1250.0 3150.0 -0.44768
1350.0 3150.0 -0.51023
1450.0 3150.0 -0.60633
1550.0 3150.0 -0.71499
1650.0 3150.0 -0.80530
1750.0 3150.0 -0.84933
1850.0 3150.0 -0.83055
1950.0 3150.0 -0.74773
2050.0 3150.0 -0.61435
2150.0 3150.0 -0.45352
2250.0 3150.0 -0.28836
2350.0 3150.0 -0.12796
2450.0 3150.0 0.03778
2550.0 3150.0 0.20210
2650.0 3150.0 0.33750
2750.0 3150.0 0.41379
2850.0 3150.0 0.41121
2950.0 3150.0 0.32780
3050.0 3150.0 0.18116
3150.0 3150.0 0.00453
3250.0 3150.0 -0.16285
3350.0 3150.0 -0.29098
3450.0 3150.0 -0.38007
3550.0 3150.0 -0.45508
3650.0 3150.0 -0.50171
3750.0 3150.0 -0.50473
3850.0 3150.0 -0.45979
3950.0 3150.0 -0.37295
4050.0 3150.0 -0.25912
4150.0 3150.0 -0.13921
4250.0 3150.0 -0.03609
4350.0 3150.0 0.03059
4450.0 3150.0 0.05083
4550.0 3150.0 0.03189
4650.0 3150.0 -0.00083
4750.0 3150.0 -0.04388
4850.0 3150.0 -0.09333
4950.0 3150.0 -0.13485
5050.0 3150.0 -0.15259
5150.0 3150.0 -0.13554
5250.0 3150.0 -0.08098
5350.0 3150.0 0.00462
5450.0 3150.0 0.10758
5550.0 3150.0 0.21160
5650.0 3150.0 0.30513
5750.0 3150.0 0.38961
5850.0 3150.0 0.45418
5950.0 3150.0 0.47525
6050.0 3150.0 0.44372
6150.0 3150.0 0.36386
6250.0 3150.0 0.25043
6350.0 3150.0 0.12517
50.0 3250.0 0.23435
150.0 3250.0 0.06441
250.0 3250.0 -0.09763
350.0 3250.0 -0.23588
450.0 3250.0 -0.33438
550.0 3250.0 -0.38381
650.0 3250.0 -0.38524
750.0 3250.0 -0.35093
850.0 3250.0 -0.30209
950.0 3250.0 -0.26367
1050.0 3250.0 -0.25619
1150.0 3250.0 -0.28454
1250.0 3250.0 -0.33118
1350.0 3250.0 -0.40620
1450.0 3250.0 -0.51490
1550.0 3250.0 -0.63475
1650.0 3250.0 -0.73319
1750.0 3250.0 -0.78126
1850.0 3250.0 -0.76236
1950.0 3250.0 -0.67619
2050.0 3250.0 -0.53796
2150.0 3250.0 -0.37271
2250.0 3250.0 -0.20488
2350.0 3250.0 -0.04312
2450.0 3250.0 0.12580
2550.0 3250.0 0.29754
2650.0 3250.0 0.44460
2750.0 3250.0 0.53527
2850.0 3250.0 0.54753
2950.0 3250.0 0.47716
3050.0 3250.0 0.33994
3150.0 3250.0 0.16811
3250.0 3250.0 0.00087
3350.0 3250.0 -0.13085
3450.0 3250.0 -0.22548
3550.0 3250.0 -0.30646
3650.0 3250.0 -0.35985
3750.0 3250.0 -0.37110
3850.0 3250.0 -0.33629
3950.0 3250.0 -0.26154
4050.0 3250.0 -0.16141
4150.0 3250.0 -0.05607
4250.0 3250.0 0.03257
4350.0 3250.0 0.08581
4450.0 3250.0 0.09429
4550.0 3250.0 0.06516
4650.0 3250.0 0.02195
4750.0 3250.0 -0.03673
4850.0 3250.0 -0.10822
4950.0 3250.0 -0.17561
5050.0 3250.0 -0.21886
5150.0 3250.0 -0.22273
5250.0 3250.0 -0.18152
5350.0 3250.0 -0.10050
5450.0 3250.0 0.00587
5550.0 3250.0 0.11897
5650.0 3250.0 0.22429
5750.0 3250.0 0.32100
5850.0 3250.0 0.39636
5950.0 3250.0 0.42512
6050.0 3250.0 0.39757
6150.0 3250.0 0.31837
6250.0 3250.0 0.20339
6350.0 3250.0 0.07594
50.0 3350.0 0.10834
150.0 3350.0 -0.06336
250.0 3350.0 -0.21725
350.0 3350.0 -0.33311
450.0 3350.0 -0.39544
550.0 3350.0 -0.39878
650.0 3350.0 -0.35019
750.0 3350.0 -0.26861
850.0 3350.0 -0.18140
950.0 3350.0 -0.11786
1050.0 3350.0 -0.09978
1150.0 3350.0 -0.12908
1250.0 3350.0 -0.18081
1350.0 3350.0 -0.26285
1450.0 3350.0 -0.38149
1550.0 3350.0 -0.51371
1650.0 3350.0 -0.62568
1750.0 3350.0 -0.68685
1850.0 3350.0 -0.67919
1950.0 3350.0 -0.60143
2050.0 3350.0 -0.46843
2150.0 3350.0 -0.30552
2250.0 3350.0 -0.13802
2350.0 3350.0 0.02424
2450.0 3350.0 0.19500
2550.0 3350.0 0.37154
2650.0 3350.0 0.52658
2750.0 3350.0 0.62759
2850.0 3350.0 0.65113
2950.0 3350.0 0.59143
3050.0 3350.0 0.46287
3150.0 3350.0 0.29671
3250.0 3350.0 0.13183
3350.0 3350.0 -0.00043
3450.0 3350.0 -0.09729
3550.0 3350.0 -0.18156
3650.0 3350.0 -0.24155
3750.0 3350.0 -0.26401
3850.0 3350.0 -0.24499
3950.0 3350.0 -0.18951
4050.0 3350.0 -0.11031
4150.0 3350.0 -0.02537
4250.0 3350.0 0.04547
4350.0 3350.0 0.08510
4450.0 3350.0 0.08469
4550.0 3350.0 0.05039
4650.0 3350.0 0.00248
4750.0 3350.0 -0.06485
4850.0 3350.0 -0.15061
4950.0 3350.0 -0.23688
5050.0 3350.0 -0.30114
5150.0 3350.0 -0.32522
5250.0 3350.0 -0.30075
5350.0 3350.0 -0.23116
5450.0 3350.0 -0.13021
5550.0 3350.0 -0.01707
5650.0 3350.0 0.09206
5750.0 3350.0 0.19403
5850.0 3350.0 0.27642
5950.0 3350.0 0.31579
6050.0 3350.0 0.30285
6150.0 3350.0 0.24154
6250.0 3350.0 0.14628
6350.0 3350.0 0.03856
50.0 3450.0 -0.01489
150.0 3450.0 -0.18532
250.0 3450.0 -0.32921
350.0 3450.0 -0.42246
450.0 3450.0 -0.44984
550.0 3450.0 -0.40925
650.0 3450.0 -0.31294
750.0 3450.0 -0.18580
850.0 3450.0 -0.06074
950.0 3450.0 0.02901
1050.0 3450.0 0.06037
1150.0 3450.0 0.03403
1250.0 3450.0 -0.01857
1350.0 3450.0 -0.10412
1450.0 3450.0 -0.23085
1550.0 3450.0 -0.37597
1650.0 3450.0 -0.50460
1750.0 3450.0 -0.58429
1850.0 3450.0 -0.59478
1950.0 3450.0 -0.53265
2050.0 3450.0 -0.41107
2150.0 3450.0 -0.25469
2250.0 3450.0 -0.08938
2350.0 3450.0 0.07283
2450.0 3450.0 0.24447
2550.0 3450.0 0.42380
2650.0 3450.0 0.58387
2750.0 3450.0 0.69177
2850.0 3450.0 0.72333
2950.0 3450.0 0.67175
3050.0 3450.0 0.55041
3150.0 3450.0 0.38975
3250.0 3450.0 0.22817
3350.0 3450.0 0.09710
3450.0 3450.0 0.00012
3550.0 3450.0 -0.08566
3650.0 3450.0 -0.15172
3750.0 3450.0 -0.18646
3850.0 3450.0 -0.18559
3950.0 3450.0 -0.15245
4050.0 3450.0 -0.09715
4150.0 3450.0 -0.03481
4250.0 3450.0 0.01739
4350.0 3450.0 0.04414
4450.0 3450.0 0.03710
4550.0 3450.0 0.00090
4650.0 3450.0 -0.04798
4750.0 3450.0 -0.11926
4850.0 3450.0 -0.21370
4950.0 3450.0 -0.31337
5050.0 3450.0 -0.39450
5150.0 3450.0 -0.43690
5250.0 3450.0 -0.42993
5350.0 3450.0 -0.37491
5450.0 3450.0 -0.28412
5550.0 3450.0 -0.17621
5650.0 3450.0 -0.06819
5750.0 3450.0 0.03461
5850.0 3450.0 0.12159
5950.0 3450.0 0.17338
6050.0 3450.0 0.18171
6150.0 3450.0 0.14912
6250.0 3450.0 0.08695
6350.0 3450.0 0.01274
50.0 3550.0 -0.12356
150.0 3550.0 -0.28984
250.0 3550.0 -0.42245
350.0 3550.0 -0.49416
450.0 3550.0 -0.49007
550.0 3550.0 -0.41087
650.0 3550.0 -0.27309
750.0 3550.0 -0.10646
850.0 3550.0 0.05170
950.0 3550.0 0.16501
1050.0 3550.0 0.20948
1150.0 3550.0 0.18792
1250.0 3550.0 0.13707
1350.0 3550.0 0.05129
1450.0 3550.0 -0.07952
1550.0 3550.0 -0.23333
1650.0 3550.0 -0.37490
1750.0 3550.0 -0.47060
1850.0 3550.0 -0.49826
1950.0 3550.0 -0.45229
2050.0 3550.0 -0.34388
2150.0 3550.0 -0.19633
2250.0 3550.0 -0.03556
2350.0 3550.0 0.12441
2450.0 3550.0 0.29428
2550.0 3550.0 0.47287
2650.0 3550.0 0.63386
2750.0 3550.0 0.74468
2850.0 3550.0 0.78106
2950.0 3550.0 0.73573
3050.0 3550.0 0.62124
3150.0 3550.0 0.46701
3250.0 3550.0 0.31056
3350.0 3550.0 0.18285
3450.0 3550.0 0.08786
3550.0 3550.0 0.00249
3650.0 3550.0 -0.06836
3750.0 3550.0 -0.11499
3850.0 3550.0 -0.13283
3950.0 3550.0 -0.12325
4050.0 3550.0 -0.09346
4150.0 3550.0 -0.05524
4250.0 3550.0 -0.02273
4350.0 3550.0 -0.00905
4450.0 3550.0 -0.02201
4550.0 3550.0 -0.05864
4650.0 3550.0 -0.10676
4750.0 3550.0 -0.18012
4850.0 3550.0 -0.28134
4950.0 3550.0 -0.39274
5050.0 3550.0 -0.48960
5150.0 3550.0 -0.54990
5250.0 3550.0 -0.56074
5350.0 3550.0 -0.52119
5450.0 3550.0 -0.44173
5550.0 3550.0 -0.34014
5650.0 3550.0 -0.23405
5750.0 3550.0 -0.13101
5850.0 3550.0 -0.03942
5950.0 3550.0 0.02601
6050.0 3550.0 0.05817
6150.0 3550.0 0.05788
6250.0 3550.0 0.03289
6350.0 3550.0 -0.00383
50.0 3650.0 -0.18224
150.0 3650.0 -0.33510
250.0 3650.0 -0.45244
350.0 3650.0 -0.50657
450.0 3650.0 -0.48314
550.0 3650.0 -0.38392
650.0 3650.0 -0.22666
750.0 3650.0 -0.04214
850.0 3650.0 0.13165
950.0 3650.0 0.25810
1050.0 3650.0 0.31354
1150.0 3650.0 0.30157
1250.0 3650.0 0.26003
1350.0 3650.0 0.18436
1450.0 3650.0 0.06354
1550.0 3650.0 -0.08276
1650.0 3650.0 -0.22170
1750.0 3650.0 -0.32105
1850.0 3650.0 -0.35859
1950.0 3650.0 -0.32716
2050.0 3650.0 -0.23526
2150.0 3650.0 -0.10319
2250.0 3650.0 0.04506
2350.0 3650.0 0.19467
2450.0 3650.0 0.35323
2550.0 3650.0 0.51902
2650.0 3650.0 0.66754
2750.0 3650.0 0.76882
2850.0 3650.0 0.80074
2950.0 3650.0 0.75701
3050.0 3650.0 0.64967
3150.0 3650.0 0.50633
3250.0 3650.0 0.36190
3350.0 3650.0 0.24498
3450.0 3650.0 0.15892
3550.0 3650.0 0.08037
3650.0 3650.0 0.00957
3750.0 3650.0 -0.04650
3850.0 3650.0 -0.08313
3950.0 3650.0 -0.09940
4050.0 3650.0 -0.09874
4150.0 3650.0 -0.08850
4250.0 3650.0 -0.07853
4350.0 3650.0 -0.07878
4450.0 3650.0 -0.09600
4550.0 3650.0 -0.12933
4650.0 3650.0 -0.17232
4750.0 3650.0 -0.24333
4850.0 3650.0 -0.34717
4950.0 3650.0 -0.46697
5050.0 3650.0 -0.57745
5150.0 3650.0 -0.65496
5250.0 3650.0 -0.68418
5350.0 3650.0 -0.66147
5450.0 3650.0 -0.59484
5550.0 3650.0 -0.50058
5650.0 3650.0 -0.39660
5750.0 3650.0 -0.29296
5850.0 3650.0 -0.19562
5950.0 3650.0 -0.11392
6050.0 3650.0 -0.05390
6150.0 3650.0 -0.01703
6250.0 3650.0 0.00008
6350.0 3650.0 0.00508
50.0 3750.0 -0.17531
150.0 3750.0 -0.30223
250.0 3750.0 -0.39910
350.0 3750.0 -0.44147
450.0 3750.0 -0.41583
550.0 3750.0 -0.32263
650.0 3750.0 -0.17660
750.0 3750.0 -0.00433
850.0 3750.0 0.16065
950.0 3750.0 0.28560
1050.0 3750.0 0.34888
1150.0 3750.0 0.35289
1250.0 3750.0 0.33087
1350.0 3750.0 0.27920
1450.0 3750.0 0.18701
1550.0 3750.0 0.06942
1650.0 3750.0 -0.04669
1750.0 3750.0 -0.13399
1850.0 3750.0 -0.17257
1950.0 3750.0 -0.15437
2050.0 3750.0 -0.08413
2150.0 3750.0 0.02308
2250.0 3750.0 0.14788
2350.0 3750.0 0.27613
2450.0 3750.0 0.41060
2550.0 3750.0 0.54771
2650.0 3750.0 0.66646
2750.0 3750.0 0.74246
2850.0 3750.0 0.75867
2950.0 3750.0 0.71159
3050.0 3750.0 0.61307
3150.0 3750.0 0.48761
3250.0 3750.0 0.36513
3350.0 3750.0 0.26935
3450.0 3750.0 0.20164
3550.0 3750.0 0.13871
3650.0 3750.0 0.07519
3750.0 3750.0 0.01445
3850.0 3750.0 -0.03896
3950.0 3750.0 -0.08154
4050.0 3750.0 -0.11213
4150.0 3750.0 -0.13244
4250.0 3750.0 -0.14672
4350.0 3750.0 -0.16060
4450.0 3750.0 -0.17912
4550.0 3750.0 -0.20393
4650.0 3750.0 -0.23582
4750.0 3750.0 -0.29820
4850.0 3750.0 -0.39839
4950.0 3750.0 -0.52098
5050.0 3750.0 -0.64083
5150.0 3750.0 -0.73305
5250.0 3750.0 -0.77991
5350.0 3750.0 -0.77459
5450.0 3750.0 -0.72189
5550.0 3750.0 -0.63580
5650.0 3750.0 -0.53400
5750.0 3750.0 -0.42934
5850.0 3750.0 -0.32542
5950.0 3750.0 -0.22607
6050.0 3750.0 -0.13659
6150.0 3750.0 -0.06121
6250.0 3750.0 -0.00139
6350.0 3750.0 0.04491
50.0 3850.0 -0.10906
150.0 3850.0 -0.19825
250.0 3850.0 -0.27002
350.0 3850.0 -0.30670
450.0 3850.0 -0.29593
550.0 3850.0 -0.23451
650.0 3850.0 -0.12997
750.0 3850.0 0.00036
850.0 3850.0 0.13247
950.0 3850.0 0.24141
1050.0 3850.0 0.30918
1150.0 3850.0 0.33516
1250.0 3850.0 0.34228
1350.0 3850.0 0.32750
1450.0 3850.0 0.28102
1550.0 3850.0 0.21128
1650.0 3850.0 0.13590
1750.0 3850.0 0.07414
1850.0 3850.0 0.04157
1950.0 3850.0 0.04665
2050.0 3850.0 0.08948
2150.0 3850.0 0.16250
2250.0 3850.0 0.25334
2350.0 3850.0 0.34984
2450.0 3850.0 0.44833
2550.0 3850.0 0.54231
2650.0 3850.0 0.61598
2750.0 3850.0 0.65332
2850.0 3850.0 0.64490
2950.0 3850.0 0.59160
3050.0 3850.0 0.50509
3150.0 3850.0 0.40536
3250.0 3850.0 0.31501
3350.0 3850.0 0.25046
3450.0 3850.0 0.21006
3550.0 3850.0 0.17125
3650.0 3850.0 0.12273
3750.0 3850.0 0.06370
3850.0 3850.0 -0.00182
3950.0 3850.0 -0.06773
4050.0 3850.0 -0.12791
4150.0 3850.0 -0.17777
4250.0 3850.0 -0.21511
4350.0 3850.0 -0.24041
4450.0 3850.0 -0.25650
4550.0 3850.0 -0.26766
4650.0 3850.0 -0.28277
4750.0 3850.0 -0.33023
4850.0 3850.0 -0.41995
4950.0 3850.0 -0.53863
5050.0 3850.0 -0.66202
5150.0 3850.0 -0.76458
5250.0 3850.0 -0.82639
5350.0 3850.0 -0.83728
5450.0 3850.0 -0.79833
5550.0 3850.0 -0.72053
5650.0 3850.0 -0.62078
5750.0 3850.0 -0.51472
5850.0 3850.0 -0.40438
5950.0 3850.0 -0.28894
6050.0 3850.0 -0.17349
6150.0 3850.0 -0.06515
6250.0 3850.0 0.03007
6350.0 3850.0 0.10926
50.0 3950.0 -0.00440
150.0 3950.0 -0.04767
250.0 3950.0 -0.09139
350.0 3950.0 -0.12739
450.0 3950.0 -0.14459
550.0 3950.0 -0.13441
650.0 3950.0 -0.09409
750.0 3950.0 -0.02798
850.0 3950.0 0.05318
950.0 3950.0 0.13507
1050.0 3950.0 0.20455
1150.0 3950.0 0.25657
1250.0 3950.0 0.29957
1350.0 3950.0 0.33048
1450.0 3950.0 0.34103
1550.0 3950.0 0.33150
1650.0 3950.0 0.30797
1750.0 3950.0 0.27961
1850.0 3950.0 0.25638
1950.0 3950.0 0.24703
2050.0 3950.0 0.25739
2150.0 3950.0 0.28907
2250.0 3950.0 0.33839
2350.0 3950.0 0.39585
2450.0 3950.0 0.45021
2550.0 3950.0 0.49163
2650.0 3950.0 0.51075
2750.0 3950.0 0.50181
2850.0 3950.0 0.46463
2950.0 3950.0 0.40523
3050.0 3950.0 0.33491
3150.0 3950.0 0.26796
3250.0 3950.0 0.21785
3350.0 3950.0 0.19203
3450.0 3950.0 0.18526
3550.0 3950.0 0.17677
3650.0 3950.0 0.14977
3750.0 3950.0 0.09917
3850.0 3950.0 0.02818
3950.0 3950.0 -0.05481
4050.0 3950.0 -0.13899
4150.0 3950.0 -0.21352
4250.0 3950.0 -0.26966
4350.0 3950.0 -0.30250
4450.0 3950.0 -0.31240
4550.0 3950.0 -0.30606
4650.0 3950.0 -0.30035
4750.0 3950.0 -0.32803
4850.0 3950.0 -0.40144
4950.0 3950.0 -0.50979
5050.0 3950.0 -0.63041
5150.0 3950.0 -0.73779
5250.0 3950.0 -0.81025
5350.0 3950.0 -0.83449
5450.0 3950.0 -0.80767
5550.0 3950.0 -0.73741
5650.0 3950.0 -0.63936
5750.0 3950.0 -0.53169
5850.0 3950.0 -0.41620
5950.0 3950.0 -0.28922
6050.0 3950.0 -0.15633
6150.0 3950.0 -0.02723
6250.0 3950.0 0.08865
6350.0 3950.0 0.18513
50.0 4050.0 0.10986
150.0 4050.0 0.11547
250.0 4050.0 0.10040
350.0 4050.0 0.06223
450.0 4050.0 0.01067
550.0 4050.0 -0.03950
650.0 4050.0 -0.07391
750.0 4050.0 -0.08224
850.0 4050.0 -0.06038
950.0 4050.0 -0.01079
1050.0 4050.0 0.05878
1150.0 4050.0 0.13817
1250.0 4050.0 0.21949
1350.0 4050.0 0.29898
1450.0 4050.0 0.36982
1550.0 4050.0 0.42353
1650.0 4050.0 0.45394
1750.0 4050.0 0.45960
1850.0 4050.0 0.44470
1950.0 4050.0 0.41847
2050.0 4050.0 0.39305
2150.0 4050.0 0.37991
2250.0 4050.0 0.38463
2350.0 4050.0 0.40035
2450.0 4050.0 0.40787
2550.0 4050.0 0.39424
2650.0 4050.0 0.35714
2750.0 4050.0 0.30161
2850.0 4050.0 0.23708
2950.0 4050.0 0.17467
3050.0 4050.0 0.12484
3150.0 4050.0 0.09540
3250.0 4050.0 0.08987
3350.0 4050.0 0.10611
3450.0 4050.0 0.13538
3550.0 4050.0 0.15980
3650.0 4050.0 0.15826
3750.0 4050.0 0.12175
3850.0 4050.0 0.05248
3950.0 4050.0 -0.03948
4050.0 4050.0 -0.13936
4150.0 4050.0 -0.23090
4250.0 4050.0 -0.29947
4350.0 4050.0 -0.33518
4450.0 4050.0 -0.33590
4550.0 4050.0 -0.31027
4650.0 4050.0 -0.28217
4750.0 4050.0 -0.28768
4850.0 4050.0 -0.34113
4950.0 4050.0 -0.43437
5050.0 4050.0 -0.54680
5150.0 4050.0 -0.65349
5250.0 4050.0 -0.73166
5350.0 4050.0 -0.76529
5450.0 4050.0 -0.74793
5550.0 4050.0 -0.68378
5650.0 4050.0 -0.58694
5750.0 4050.0 -0.47765
5850.0 4050.0 -0.35909
5950.0 4050.0 -0.22711
6050.0 4050.0 -0.08848
6150.0 4050.0 0.04525
6250.0 4050.0 0.16291
6350.0 4050.0 0.25725
50.0 4150.0 0.20340
150.0 4150.0 0.25500
250.0 4150.0 0.26679
350.0 4150.0 0.22636
450.0 4150.0 0.14212
550.0 4150.0 0.03470
650.0 4150.0 -0.07051
750.0 4150.0 -0.14936
850.0 4150.0 -0.18370
950.0 4150.0 -0.16476
1050.0 4150.0 -0.09526
1150.0 4150.0 0.00986
1250.0 4150.0 0.12720
1350.0 4150.0 0.25172
1450.0 4150.0 0.37746
1550.0 4150.0 0.48763
1650.0 4150.0 0.56477
1750.0 4150.0 0.59789
1850.0 4150.0 0.58628
1950.0 4150.0 0.54020
2050.0 4150.0 0.47819
2150.0 4150.0 0.42117
2250.0 4150.0 0.38331
2350.0 4150.0 0.35972
2450.0 4150.0 0.32364
2550.0 4150.0 0.25982
2650.0 4150.0 0.17276
2750.0 4150.0 0.07756
2850.0 4150.0 -0.00781
2950.0 4150.0 -0.06800
3050.0 4150.0 -0.09397
3150.0 4150.0 -0.08452
3250.0 4150.0 -0.04584
3350.0 4150.0 0.01096
3450.0 4150.0 0.07427
3550.0 4150.0 0.13009
3650.0 4150.0 0.15448
3750.0 4150.0 0.13535
3850.0 4150.0 0.07380
3950.0 4150.0 -0.01907
4050.0 4150.0 -0.12570
4150.0 4150.0 -0.22569
4250.0 4150.0 -0.29977
4350.0 4150.0 -0.33397
4450.0 4150.0 -0.32396
4550.0 4150.0 -0.27972
4650.0 4150.0 -0.23046
4750.0 4150.0 -0.21435
4850.0 4150.0 -0.24718
4950.0 4150.0 -0.32329
5050.0 4150.0 -0.42423
5150.0 4150.0 -0.52608
5250.0 4150.0 -0.60553
5350.0 4150.0 -0.64449
5450.0 4150.0 -0.63349
5550.0 4150.0 -0.57369
5650.0 4150.0 -0.47755
5750.0 4150.0 -0.36683
5850.0 4150.0 -0.24759
5950.0 4150.0 -0.11756
6050.0 4150.0 0.01482
6150.0 4150.0 0.13701
6250.0 4150.0 0.23794
6350.0 4150.0 0.31163
50.0 4250.0 0.25018
150.0 4250.0 0.33962
250.0 4250.0 0.37448
350.0 4250.0 0.33453
450.0 4250.0 0.22713
550.0 4250.0 0.07735
650.0 4250.0 -0.08094
750.0 4250.0 -0.21285
850.0 4250.0 -0.28930
950.0 4250.0 -0.29274
1050.0 4250.0 -0.22187
1150.0 4250.0 -0.09531
1250.0 4250.0 0.05142
1350.0 4250.0 0.21169
1450.0 4250.0 0.37942
1550.0 4250.0 0.53087
1650.0 4250.0 0.63975
1750.0 4250.0 0.68798
1850.0 4250.0 0.67176
1950.0 4250.0 0.60307
2050.0 4250.0 0.50637
2150.0 4250.0 0.41069
2250.0 4250.0 0.33704
2350.0 4250.0 0.28121
2450.0 4250.0 0.21005
2550.0 4250.0 0.10724
2650.0 4250.0 -0.01684
2750.0 4250.0 -0.13913
2850.0 4250.0 -0.23518
2950.0 4250.0 -0.28700
3050.0 4250.0 -0.28750
3150.0 4250.0 -0.24156
3250.0 4250.0 -0.16374
3350.0 4250.0 -0.07250
3450.0 4250.0 0.01886
3550.0 4250.0 0.10070
3650.0 4250.0 0.14787
3750.0 4250.0 0.14615
3850.0 4250.0 0.09567
3950.0 4250.0 0.00788
4050.0 4250.0 -0.09802
4150.0 4250.0 -0.19905
4250.0 4250.0 -0.27284
4350.0 4250.0 -0.30253
4450.0 4250.0 -0.28213
4550.0 4250.0 -0.22230
4650.0 4250.0 -0.15564
4750.0 4250.0 -0.12136
4850.0 4250.0 -0.13616
4950.0 4250.0 -0.19639
5050.0 4250.0 -0.28552
5150.0 4250.0 -0.38076
5250.0 4250.0 -0.45866
5350.0 4250.0 -0.49978
5450.0 4250.0 -0.49239
5550.0 4250.0 -0.43526
5650.0 4250.0 -0.33942
5750.0 4250.0 -0.22762
5850.0 4250.0 -0.10981
5950.0 4250.0 0.01263
6050.0 4250.0 0.12934
6150.0 4250.0 0.22770
6250.0 4250.0 0.29832
6350.0 4250.0 0.33825
50.0 4350.0 0.23387
150.0 4350.0 0.34941
250.0 4350.0 0.40230
350.0 4350.0 0.36789
450.0 4350.0 0.25276
550.0 4350.0 0.08424
650.0 4350.0 -0.09919
750.0 4350.0 -0.25672
850.0 4350.0 -0.35307
950.0 4350.0 -0.36563
1050.0 4350.0 -0.29067
1150.0 4350.0 -0.14874
1250.0 4350.0 0.01781
1350.0 4350.0 0.20073
1450.0 4350.0 0.39266
1550.0 4350.0 0.56498
1650.0 4350.0 0.68596
1750.0 4350.0 0.73375
1850.0 4350.0 0.70380
1950.0 4350.0 0.61052
2050.0 4350.0 0.48342
2150.0 4350.0 0.35754
2250.0 4350.0 0.25821
2350.0 4350.0 0.18044
2450.0 4350.0 0.08626
2550.0 4350.0 -0.04031
2650.0 4350.0 -0.18454
2750.0 4350.0 -0.31825
2850.0 4350.0 -0.41336
2950.0 4350.0 -0.45105
3050.0 4350.0 -0.42658
3150.0 4350.0 -0.34990
3250.0 4350.0 -0.24173
3350.0 4350.0 -0.12550
3450.0 4350.0 -0.01487
3550.0 4350.0 0.08487
3650.0 4350.0 0.14863
3750.0 4350.0 0.16105
3850.0 4350.0 0.12156
3950.0 4350.0 0.04148
4050.0 4350.0 -0.05939
4150.0 4350.0 -0.15684
4250.0 4350.0 -0.22691
4350.0 4350.0 -0.25116
4450.0 4350.0 -0.22254
4550.0 4350.0 -0.15185
4650.0 4350.0 -0.07336
4750.0 4350.0 -0.02653
4850.0 4350.0 -0.02862
4950.0 4350.0 -0.07730
5050.0 4350.0 -0.15744
5150.0 4350.0 -0.24710
5250.0 4350.0 -0.32288
5350.0 4350.0 -0.36455
5450.0 4350.0 -0.35895
5550.0 4350.0 -0.30326
5650.0 4350.0 -0.20751
5750.0 4350.0 -0.09507
5850.0 4350.0 0.01992
5950.0 4350.0 0.13165
6050.0 4350.0 0.22796
6150.0 4350.0 0.29686
6250.0 4350.0 0.33152
6350.0 4350.0 0.33294
50.0 4450.0 0.15274
150.0 4450.0 0.28183
250.0 4450.0 0.34764
350.0 4450.0 0.32484
450.0 4450.0 0.21953
550.0 4450.0 0.05887
650.0 4450.0 -0.11839
750.0 4450.0 -0.27079
850.0 4450.0 -0.36213
950.0 4450.0 -0.36886
1050.0 4450.0 -0.28652
1150.0 4450.0 -0.13561
1250.0 4450.0 0.04052
1350.0 4450.0 0.23224
1450.0 4450.0 0.42987
1550.0 4450.0 0.60212
1650.0 4450.0 0.71538
1750.0 4450.0 0.74752
1850.0 4450.0 0.69546
1950.0 4450.0 0.57672
2050.0 4450.0 0.42476
2150.0 4450.0 0.27826
2250.0 4450.0 0.16429
2350.0 4450.0 0.07561
2450.0 4450.0 -0.02882
2550.0 4450.0 -0.16343
2650.0 4450.0 -0.31084
2750.0 4450.0 -0.44075
2850.0 4450.0 -0.52430
2950.0 4450.0 -0.54359
3050.0 4450.0 -0.49648
3150.0 4450.0 -0.39655
3250.0 4450.0 -0.26831
3350.0 4450.0 -0.13760
3450.0 4450.0 -0.01719
3550.0 4450.0 0.09154
3650.0 4450.0 0.16427
3750.0 4450.0 0.18533
3850.0 4450.0 0.15371
3950.0 4450.0 0.08046
4050.0 4450.0 -0.01468
4150.0 4450.0 -0.10732
4250.0 4450.0 -0.17307
4350.0 4450.0 -0.19294
4450.0 4450.0 -0.15942
4550.0 4450.0 -0.08320
4650.0 4450.0 0.00111
4750.0 4450.0 0.05404
4850.0 4450.0 0.05802
4950.0 4450.0 0.01471
5050.0 4450.0 -0.06142
5150.0 4450.0 -0.14879
5250.0 4450.0 -0.22398
5350.0 4450.0 -0.26631
5450.0 4450.0 -0.26188
5550.0 4450.0 -0.20706
5650.0 4450.0 -0.11140
5750.0 4450.0 0.00125
5850.0 4450.0 0.11297
5950.0 4450.0 0.21374
6050.0 4450.0 0.29001
6150.0 4450.0 0.33077
6250.0 4450.0 0.33197
6350.0 4450.0 0.29843
50.0 4550.0 0.02411
150.0 4550.0 0.15727
250.0 4550.0 0.23229
350.0 4550.0 0.22605
450.0 4550.0 0.14437
550.0 4550.0 0.01239
650.0 4550.0 -0.13425
750.0 4550.0 -0.25753
850.0 4550.0 -0.32443
950.0 4550.0 -0.31357
1050.0 4550.0 -0.22113
1150.0 4550.0 -0.06604
1250.0 4550.0 0.11193
1350.0 4550.0 0.30208
1450.0 4550.0 0.49173
1550.0 4550.0 0.64857
1650.0 4550.0 0.73982
1750.0 4550.0 0.74556
1850.0 4550.0 0.66585
1950.0 4550.0 0.52165
2050.0 4550.0 0.34951
2150.0 4550.0 0.18996
2250.0 4550.0 0.06982
2350.0 4550.0 -0.02141
2450.0 4550.0 -0.12655
2550.0 4550.0 -0.25762
2650.0 4550.0 -0.39599
2750.0 4550.0 -0.51146
2850.0 4550.0 -0.57643
2950.0 4550.0 -0.57516
3050.0 4550.0 -0.50808
3150.0 4550.0 -0.39134
3250.0 4550.0 -0.25130
3350.0 4550.0 -0.11427
3450.0 4550.0 0.00874
3550.0 4550.0 0.11960
3650.0 4550.0 0.19501
3750.0 4550.0 0.21941
3850.0 4550.0 0.19167
3950.0 4550.0 0.12257
4050.0 4550.0 0.03150
4150.0 4550.0 -0.05742
4250.0 4550.0 -0.12004
4350.0 4550.0 -0.13747
4450.0 4550.0 -0.10215
4550.0 4550.0 -0.02454
4650.0 4550.0 0.06102
4750.0 4550.0 0.11496
4850.0 4550.0 0.11945
4950.0 4550.0 0.07599
5050.0 4550.0 -0.00097
5150.0 4550.0 -0.08975
5250.0 4550.0 -0.16669
5350.0 4550.0 -0.21076
5450.0 4550.0 -0.20774
5550.0 4550.0 -0.15376
5650.0 4550.0 -0.05832
5750.0 4550.0 0.05425
5850.0 4550.0 0.16291
5950.0 4550.0 0.25421
6050.0 4550.0 0.31367
6150.0 4550.0 0.33135
6250.0 4550.0 0.30564
6350.0 4550.0 0.24460
50.0 4650.0 -0.12114
150.0 4650.0 0.01238
250.0 4650.0 0.09479
350.0 4650.0 0.10615
450.0 4650.0 0.05209
550.0 4650.0 -0.04490
650.0 4650.0 -0.15338
750.0 4650.0 -0.24013
850.0 4650.0 -0.27664
950.0 4650.0 -0.24478
1050.0 4650.0 -0.14180
1150.0 4650.0 0.01542
1250.0 4650.0 0.19220
1350.0 4650.0 0.37700
1450.0 4650.0 0.55403
1550.0 4650.0 0.69068
1650.0 4650.0 0.75592
1750.0 4650.0 0.73286
1850.0 4650.0 0.62510
1950.0 4650.0 0.45700
2050.0 4650.0 0.26763
2150.0 4650.0 0.09863
2250.0 4650.0 -0.02420
2350.0 4650.0 -0.11474
2450.0 4650.0 -0.21707
2550.0 4650.0 -0.34077
2650.0 4650.0 -0.46643
2750.0 4650.0 -0.56471
2850.0 4650.0 -0.60986
2950.0 4650.0 -0.58853
3050.0 4650.0 -0.50357
3150.0 4650.0 -0.37310
3250.0 4650.0 -0.22457
3350.0 4650.0 -0.08408
3450.0 4650.0 0.03922
3550.0 4650.0 0.15018
3650.0 4650.0 0.22676
3750.0 4650.0 0.25374
3850.0 4650.0 0.22985
3950.0 4650.0 0.16542
4050.0 4650.0 0.07922
4150.0 4650.0 -0.00528
4250.0 4650.0 -0.06448
4350.0 4650.0 -0.07984
4450.0 4650.0 -0.04383
4550.0 4650.0 0.03344
4650.0 4650.0 0.11833
4750.0 4650.0 0.17118
4850.0 4650.0 0.17398
4950.0 4650.0 0.12828
5050.0 4650.0 0.04875
5150.0 4650.0 -0.04263
5250.0 4650.0 -0.12190
5350.0 4650.0 -0.16783
5450.0 4650.0 -0.16605
5550.0 4650.0 -0.11269
5650.0 4650.0 -0.01742
5750.0 4650.0 0.09502
5850.0 4650.0 0.20089
5950.0 4650.0 0.28373
6050.0 4650.0 0.32825
6150.0 4650.0 0.32550
6250.0 4650.0 0.27606
6350.0 4650.0 0.19085
50.0 4750.0 -0.28345
150.0 4750.0 -0.15712
250.0 4750.0 -0.07336
350.0 4750.0 -0.04803
450.0 4750.0 -0.07552
550.0 4750.0 -0.13639
650.0 4750.0 -0.20425
750.0 4750.0 -0.25186
850.0 4750.0 -0.25639
950.0 4750.0 -0.20399
1050.0 4750.0 -0.09349
1150.0 4750.0 0.06064
1250.0 4750.0 0.23016
1350.0 4750.0 0.40328
1450.0 4750.0 0.56192
1550.0 4750.0 0.67470
1650.0 4750.0 0.71374
1750.0 4750.0 0.66587
1850.0 4750.0 0.53800
1950.0 4750.0 0.35662
2050.0 4750.0 0.16146
2150.0 4750.0 -0.00674
2250.0 4750.0 -0.12431
2350.0 4750.0 -0.20786
2450.0 4750.0 -0.30154
2550.0 4750.0 -0.41329
2650.0 4750.0 -0.52410
2750.0 4750.0 -0.60618
2850.0 4750.0 -0.63580
2950.0 4750.0 -0.60141
3050.0 4750.0 -0.50703
3150.0 4750.0 -0.37112
3250.0 4750.0 -0.22068
3350.0 4750.0 -0.08066
3450.0 4750.0 0.04116
3550.0 4750.0 0.15164
3650.0 4750.0 0.23179
3750.0 4750.0 0.26749
3850.0 4750.0 0.25669
3950.0 4750.0 0.20784
4050.0 4750.0 0.13734
4150.0 4750.0 0.06629
4250.0 4750.0 0.01643
4350.0 4750.0 0.00529
4450.0 4750.0 0.04056
4550.0 4750.0 0.11360
4650.0 4750.0 0.19327
4750.0 4750.0 0.24060
4850.0 4750.0 0.23789
4950.0 4750.0 0.18734
5050.0 4750.0 0.10429
5150.0 4750.0 0.01110
5250.0 4750.0 -0.06829
5350.0 4750.0 -0.11307
5450.0 4750.0 -0.10962
5550.0 4750.0 -0.05485
5650.0 4750.0 0.04109
5750.0 4750.0 0.15360
5850.0 4750.0 0.25757
5950.0 4750.0 0.33414
6050.0 4750.0 0.36709
6150.0 4750.0 0.34789
6250.0 4750.0 0.27860
6350.0 4750.0 0.17231
50.0 4850.0 -0.45149
150.0 4850.0 -0.34475
250.0 4850.0 -0.27003
350.0 4850.0 -0.23800
450.0 4850.0 -0.24272
550.0 4850.0 -0.26826
650.0 4850.0 -0.29440
750.0 4850.0 -0.30134
850.0 4850.0 -0.27360
950.0 4850.0 -0.20302
1050.0 4850.0 -0.09072
1150.0 4850.0 0.05163
1250.0 4850.0 0.20404
1350.0 4850.0 0.35535
1450.0 4850.0 0.48665
1550.0 4850.0 0.57028
1650.0 4850.0 0.58373
1750.0 4850.0 0.51859
1850.0 4850.0 0.38451
1950.0 4850.0 0.20801
2050.0 4850.0 0.02630
2150.0 4850.0 -0.12403
2250.0 4850.0 -0.22332
2350.0 4850.0 -0.28964
2450.0 4850.0 -0.36522
2550.0 4850.0 -0.45786
2650.0 4850.0 -0.55071
2750.0 4850.0 -0.61880
2850.0 4850.0 -0.64055
2950.0 4850.0 -0.60515
3050.0 4850.0 -0.51573
3150.0 4850.0 -0.38839
3250.0 4850.0 -0.24701
3350.0 4850.0 -0.11393
3450.0 4850.0 0.00351
3550.0 4850.0 0.11238
3650.0 4850.0 0.19919
3750.0 4850.0 0.25183
3850.0 4850.0 0.26655
3950.0 4850.0 0.24782
4050.0 4850.0 0.20717
4150.0 4850.0 0.16100
4250.0 4850.0 0.12745
4350.0 4850.0 0.12225
4450.0 4850.0 0.15358
4550.0 4850.0 0.21589
4650.0 4850.0 0.28296
4750.0 4850.0 0.31768
4850.0 4850.0 0.30347
4950.0 4850.0 0.24420
5050.0 4850.0 0.15655
5150.0 4850.0 0.06335
5250.0 4850.0 -0.01203
5350.0 4850.0 -0.05036
5450.0 4850.0 -0.04018
5550.0 4850.0 0.01949
5650.0 4850.0 0.11751
5750.0 4850.0 0.23046
5850.0 4850.0 0.33417
5950.0 4850.0 0.40865
6050.0 4850.0 0.43660
6150.0 4850.0 0.40891
6250.0 4850.0 0.32780
6350.0 4850.0 0.20723
50.0 4950.0 -0.59460
150.0 4950.0 -0.52033
250.0 4950.0 -0.46624
350.0 4950.0 -0.43687
450.0 4950.0 -0.42564
550.0 4950.0 -0.42034
650.0 4950.0 -0.40758
750.0 4950.0 -0.37608
850.0 4950.0 -0.31896
950.0 4950.0 -0.23481
1050.0 4950.0 -0.12776
1150.0 4950.0 -0.00642
1250.0 4950.0 0.11876
1350.0 4950.0 0.23806
1450.0 4950.0 0.33338
1550.0 4950.0 0.38339
1650.0 4950.0 0.37314
1750.0 4950.0 0.29994
1850.0 4950.0 0.17538
1950.0 4950.0 0.02369
2050.0 4950.0 -0.12386
2150.0 4950.0 -0.23821
2250.0 4950.0 -0.30566
2350.0 4950.0 -0.34418
2450.0 4950.0 -0.39203
2550.0 4950.0 -0.45849
2650.0 4950.0 -0.53079
2750.0 4950.0 -0.58796
2850.0 4950.0 -0.61065
2950.0 4950.0 -0.58763
3050.0 4950.0 -0.51885
3150.0 4950.0 -0.41515
3250.0 4950.0 -0.29456
3350.0 4950.0 -0.17529
3450.0 4950.0 -0.06523
3550.0 4950.0 0.04063
3650.0 4950.0 0.13607
3750.0 4950.0 0.21165
3850.0 4950.0 0.26099
3950.0 4950.0 0.28281
4050.0 4950.0 0.28173
4150.0 4950.0 0.26764
4250.0 4950.0 0.25385
4350.0 4950.0 0.25381
4450.0 4950.0 0.27666
4550.0 4950.0 0.32125
4650.0 4950.0 0.36816
4750.0 4950.0 0.38308
4850.0 4950.0 0.35155
4950.0 4950.0 0.28009
5050.0 4950.0 0.18738
5150.0 4950.0 0.09676
5250.0 4950.0 0.03035
5350.0 4950.0 0.00455
5450.0 4950.0 0.02710
5550.0 4950.0 0.09552
5650.0 4950.0 0.19714
5750.0 4950.0 0.31091
5850.0 4950.0 0.41636
5950.0 4950.0 0.49393
6050.0 4950.0 0.52518
6150.0 4950.0 0.49932
6250.0 4950.0 0.41709
6350.0 4950.0 0.29170
50.0 5050.0 -0.68102
150.0 5050.0 -0.64935
250.0 5050.0 -0.62587
350.0 5050.0 -0.60872
450.0 5050.0 -0.59035
550.0 5050.0 -0.56209
650.0 5050.0 -0.51743
750.0 5050.0 -0.45384
850.0 5050.0 -0.37340
950.0 5050.0 -0.28194
1050.0 5050.0 -0.18697
1150.0 5050.0 -0.09414
1250.0 5050.0 -0.00400
1350.0 5050.0 0.07567
1450.0 5050.0 0.12905
1550.0 5050.0 0.14316
1650.0 5050.0 0.11223
1750.0 5050.0 0.03980
1850.0 5050.0 -0.06134
1950.0 5050.0 -0.17134
2050.0 5050.0 -0.26761
2150.0 5050.0 -0.33137
2250.0 5050.0 -0.35625
2350.0 5050.0 -0.35881
2450.0 5050.0 -0.37162
2550.0 5050.0 -0.40681
2650.0 5050.0 -0.45724
2750.0 5050.0 -0.50682
2850.0 5050.0 -0.53841
2950.0 5050.0 -0.53928
3050.0 5050.0 -0.50431
3150.0 5050.0 -0.43673
3250.0 5050.0 -0.34653
3350.0 5050.0 -0.24658
3450.0 5050.0 -0.14625
3550.0 5050.0 -0.04477
3650.0 5050.0 0.05937
3750.0 5050.0 0.15952
3850.0 5050.0 0.24603
3950.0 5050.0 0.31095
4050.0 5050.0 0.35107
4150.0 5050.0 0.36909
4250.0 5050.0 0.37317
4350.0 5050.0 0.37462
4450.0 5050.0 0.38395
4550.0 5050.0 0.40511
4650.0 5050.0 0.42602
4750.0 5050.0 0.41576
4850.0 5050.0 0.36278
4950.0 5050.0 0.27707
5050.0 5050.0 0.17974
5150.0 5050.0 0.09459
5250.0 5050.0 0.04185
5350.0 5050.0 0.03403
5450.0 5050.0 0.07384
5550.0 5050.0 0.15427
5650.0 5050.0 0.26076
5750.0 5050.0 0.37567
5850.0 5050.0 0.48474
5950.0 5050.0 0.57050
6050.0 5050.0 0.61336
6150.0 5050.0 0.59985
6250.0 5050.0 0.52775
6350.0 5050.0 0.40786
50.0 5150.0 -0.69049
150.0 5150.0 -0.70664
250.0 5150.0 -0.72005
350.0 5150.0 -0.72283
450.0 5150.0 -0.70629
550.0 5150.0 -0.66478
650.0 5150.0 -0.59798
750.0 5150.0 -0.51146
850.0 5150.0 -0.41572
950.0 5150.0 -0.32356
1050.0 5150.0 -0.24585
1150.0 5150.0 -0.18569
1250.0 5150.0 -0.13440
1350.0 5150.0 -0.09774
1450.0 5150.0 -0.08832
1550.0 5150.0 -0.10971
1650.0 5150.0 -0.15782
1750.0 5150.0 -0.22285
1850.0 5150.0 -0.29149
1950.0 5150.0 -0.34950
2050.0 5150.0 -0.38461
2150.0 5150.0 -0.38974
2250.0 5150.0 -0.36650
2350.0 5150.0 -0.32909
2450.0 5150.0 -0.30339
2550.0 5150.0 -0.30532
2650.0 5150.0 -0.33414
2750.0 5150.0 -0.37905
2850.0 5150.0 -0.42493
2950.0 5150.0 -0.45690
3050.0 5150.0 -0.46361
3150.0 5150.0 -0.43937
3250.0 5150.0 -0.38497
3350.0 5150.0 -0.30733
3450.0 5150.0 -0.21793
3550.0 5150.0 -0.12191
3650.0 5150.0 -0.01093
3750.0 5150.0 0.11066
3850.0 5150.0 0.22973
3950.0 5150.0 0.33179
4050.0 5150.0 0.40620
4150.0 5150.0 0.44908
4250.0 5150.0 0.46416
4350.0 5150.0 0.46124
4450.0 5150.0 0.45261
4550.0 5150.0 0.44707
4650.0 5150.0 0.43914
4750.0 5150.0 0.40126
4850.0 5150.0 0.32531
4950.0 5150.0 0.22515
5050.0 5150.0 0.12448
5150.0 5150.0 0.04738
5250.0 5150.0 0.01176
5350.0 5150.0 0.02556
5450.0 5150.0 0.08574
5550.0 5150.0 0.18018
5650.0 5150.0 0.29229
5750.0 5150.0 0.40852
5850.0 5150.0 0.52261
5950.0 5150.0 0.62045
6050.0 5150.0 0.68147
6150.0 5150.0 0.68886
6250.0 5150.0 0.63631
6350.0 5150.0 0.53095
50.0 5250.0 -0.62105
150.0 5250.0 -0.68428
250.0 5250.0 -0.73584
350.0 5250.0 -0.76273
450.0 5250.0 -0.75508
550.0 5250.0 -0.70955
650.0 5250.0 -0.63082
750.0 5250.0 -0.53116
850.0 5250.0 -0.42820
950.0 5250.0 -0.34074
1050.0 5250.0 -0.28270
1150.0 5250.0 -0.25520
1250.0 5250.0 -0.24182
1350.0 5250.0 -0.24672
1450.0 5250.0 -0.27899
1550.0 5250.0 -0.33295
1650.0 5250.0 -0.39507
1750.0 5250.0 -0.44972
1850.0 5250.0 -0.48348
1950.0 5250.0 -0.48798
2050.0 5250.0 -0.46134
2150.0 5250.0 -0.40802
2250.0 5250.0 -0.33735
2350.0 5250.0 -0.26085
2450.0 5250.0 -0.19773
2550.0 5250.0 -0.16783
2650.0 5250.0 -0.17677
2750.0 5250.0 -0.21885
2850.0 5250.0 -0.28073
2950.0 5250.0 -0.34517
3050.0 5250.0 -0.39451
3150.0 5250.0 -0.41410
3250.0 5250.0 -0.39560
3350.0 5250.0 -0.34017
3450.0 5250.0 -0.26150
3550.0 5250.0 -0.17146
3650.0 5250.0 -0.05695
3750.0 5250.0 0.07904
3850.0 5250.0 0.22019
3950.0 5250.0 0.34657
4050.0 5250.0 0.44167
4150.0 5250.0 0.49679
4250.0 5250.0 0.51275
4350.0 5250.0 0.49887
4450.0 5250.0 0.46938
4550.0 5250.0 0.43702
4650.0 5250.0 0.40094
4750.0 5250.0 0.33641
4850.0 5250.0 0.23883
4950.0 5250.0 0.12587
5050.0 5250.0 0.02362
5150.0 5250.0 -0.04372
5250.0 5250.0 -0.06077
5350.0 5250.0 -0.02428
5450.0 5250.0 0.05695
5550.0 5250.0 0.16570
5650.0 5250.0 0.28350
5750.0 5250.0 0.40107
5850.0 5250.0 0.52078
5950.0 5250.0 0.63257
6050.0 5250.0 0.71511
6150.0 5250.0 0.74807
6250.0 5250.0 0.72057
6350.0 5250.0 0.63544
50.0 5350.0 -0.49003
150.0 5350.0 -0.59377
250.0 5350.0 -0.67936
350.0 5350.0 -0.72994
450.0 5350.0 -0.73461
550.0 5350.0 -0.69154
650.0 5350.0 -0.60901
750.0 5350.0 -0.50424
850.0 5350.0 -0.40023
950.0 5350.0 -0.32036
1050.0 5350.0 -0.28100
1150.0 5350.0 -0.28192
1250.0 5350.0 -0.30099
1350.0 5350.0 -0.34143
1450.0 5350.0 -0.40933
1550.0 5350.0 -0.49113
1650.0 5350.0 -0.56519
1750.0 5350.0 -0.61091
1850.0 5350.0 -0.61479
1950.0 5350.0 -0.57348
2050.0 5350.0 -0.49396
2150.0 5350.0 -0.39062
2250.0 5350.0 -0.27939
2350.0 5350.0 -0.16945
2450.0 5350.0 -0.07431
2550.0 5350.0 -0.01713
2650.0 5350.0 -0.00898
2750.0 5350.0 -0.04851
2850.0 5350.0 -0.12395
2950.0 5350.0 -0.21602
3050.0 5350.0 -0.30170
3150.0 5350.0 -0.35868
3250.0 5350.0 -0.37084
3350.0 5350.0 -0.33438
3450.0 5350.0 -0.26488
3550.0 5350.0 -0.18067
3650.0 5350.0 -0.06659
3750.0 5350.0 0.07457
3850.0 5350.0 0.22396
3950.0 5350.0 0.35802
4050.0 5350.0 0.45681
4150.0 5350.0 0.50921
4250.0 5350.0 0.51512
4350.0 5350.0 0.48453
4450.0 5350.0 0.43357
4550.0 5350.0 0.37747
4650.0 5350.0 0.31735
4750.0 5350.0 0.23034
4850.0 5350.0 0.11505
4950.0 5350.0 -0.00762
5050.0 5350.0 -0.10959
5150.0 5350.0 -0.16680
5250.0 5350.0 -0.16620
5350.0 5350.0 -0.10880
5450.0 5350.0 -0.00849
5550.0 5350.0 0.11313
5650.0 5350.0 0.23597
5750.0 5350.0 0.35472
5850.0 5350.0 0.47970
5950.0 5350.0 0.60480
6050.0 5350.0 0.70816
6150.0 5350.0 0.76630
6250.0 5350.0 0.76404
6350.0 5350.0 0.70008
50.0 5450.0 -0.32929
150.0 5450.0 -0.46243
250.0 5450.0 -0.57332
350.0 5450.0 -0.64252
450.0 5450.0 -0.65838
550.0 5450.0 -0.61997
650.0 5450.0 -0.53781
750.0 5450.0 -0.43233
850.0 5450.0 -0.33004
950.0 5450.0 -0.25740
1050.0 5450.0 -0.23246
1150.0 5450.0 -0.25416
1250.0 5450.0 -0.29674
1350.0 5450.0 -0.36338
1450.0 5450.0 -0.45835
1550.0 5450.0 -0.56243
1650.0 5450.0 -0.64798
1750.0 5450.0 -0.69046
1850.0 5450.0 -0.67591
1950.0 5450.0 -0.60425
2050.0 5450.0 -0.48855
2150.0 5450.0 -0.35023
2250.0 5450.0 -0.21006
2350.0 5450.0 -0.07596
2450.0 5450.0 0.04259
2550.0 5450.0 0.12030
2650.0 5450.0 0.14228
2750.0 5450.0 0.10666
2850.0 5450.0 0.02386
2950.0 5450.0 -0.08571
3050.0 5450.0 -0.19539
3150.0 5450.0 -0.27765
3250.0 5450.0 -0.31086
3350.0 5450.0 -0.28764
3450.0 5450.0 -0.22472
3550.0 5450.0 -0.14552
3650.0 5450.0 -0.03560
3750.0 5450.0 0.10130
3850.0 5450.0 0.24474
3950.0 5450.0 0.36972
4050.0 5450.0 0.45553
4150.0 5450.0 0.49122
4250.0 5450.0 0.47780
4350.0 5450.0 0.42692
4450.0 5450.0 0.35640
4550.0 5450.0 0.28223
4650.0 5450.0 0.20476
4750.0 5450.0 0.10181
4850.0 5450.0 -0.02554
4950.0 5450.0 -0.15400
5050.0 5450.0 -0.25420
5150.0 5450.0 -0.30231
5250.0 5450.0 -0.28725
5350.0 5450.0 -0.21325
5450.0 5450.0 -0.09807
5550.0 5450.0 0.03343
5650.0 5450.0 0.16011
5750.0 5450.0 0.27972
5850.0 5450.0 0.40871
5950.0 5450.0 0.54404
6050.0 5450.0 0.66352
6150.0 5450.0 0.74130
6250.0 5450.0 0.75896
6350.0 5450.0 0.71200
50.0 5550.0 -0.17458
150.0 5550.0 -0.32403
250.0 5550.0 -0.44889
350.0 5550.0 -0.52832
450.0 5550.0 -0.55023
550.0 5550.0 -0.51420
650.0 5550.0 -0.43203
750.0 5550.0 -0.32595
850.0 5550.0 -0.22444
950.0 5550.0 -0.15569
1050.0 5550.0 -0.13868
1150.0 5550.0 -0.17189
1250.0 5550.0 -0.22761
1350.0 5550.0 -0.30986
1450.0 5550.0 -0.42269
1550.0 5550.0 -0.54387
1650.0 5550.0 -0.64204
1750.0 5550.0 -0.68980
1850.0 5550.0 -0.67204
1950.0 5550.0 -0.58964
2050.0 5550.0 -0.45841
2150.0 5550.0 -0.30330
2250.0 5550.0 -0.14798
2350.0 5550.0 -0.00052
2450.0 5550.0 0.13151
2550.0 5550.0 0.22232
2650.0 5550.0 0.25510
2750.0 5550.0 0.22603
2850.0 5550.0 0.14429
2950.0 5550.0 0.03034
3050.0 5550.0 -0.08786
3150.0 5550.0 -0.18038
3250.0 5550.0 -0.22289
3350.0 5550.0 -0.20602
3450.0 5550.0 -0.14661
3550.0 5550.0 -0.07114
3650.0 5550.0 0.03183
3750.0 5550.0 0.15677
3850.0 5550.0 0.28262
3950.0 5550.0 0.38497
4050.0 5550.0 0.44476
4150.0 5550.0 0.45349
4250.0 5550.0 0.41485
4350.0 5550.0 0.34288
4450.0 5550.0 0.25665
4550.0 5550.0 0.17140
4650.0 5550.0 0.08434
4750.0 5550.0 -0.02712
4850.0 5550.0 -0.16035
4950.0 5550.0 -0.29073
5050.0 5550.0 -0.38827
5150.0 5550.0 -0.42948
5250.0 5550.0 -0.40457
5350.0 5550.0 -0.31982
5450.0 5550.0 -0.19527
5550.0 5550.0 -0.05767
5650.0 5550.0 0.07133
5750.0 5550.0 0.19143
5850.0 5550.0 0.32257
5950.0 5550.0 0.46338
6050.0 5550.0 0.59145
6150.0 5550.0 0.67965
6250.0 5550.0 0.70781
6350.0 5550.0 0.66973
50.0 5650.0 -0.04923
150.0 5650.0 -0.20362
250.0 5650.0 -0.33207
350.0 5650.0 -0.41303
450.0 5650.0 -0.43429
550.0 5650.0 -0.39582
650.0 5650.0 -0.31020
750.0 5650.0 -0.20063
850.0 5650.0 -0.09662
950.0 5650.0 -0.02716
1050.0 5650.0 -0.01161
1150.0 5650.0 -0.04814
1250.0 5650.0 -0.10810
1350.0 5650.0 -0.19703
1450.0 5650.0 -0.32028
1550.0 5650.0 -0.45487
1650.0 5650.0 -0.56764
1750.0 5650.0 -0.62909
1850.0 5650.0 -0.62230
1950.0 5650.0 -0.54700
2050.0 5650.0 -0.41865
2150.0 5650.0 -0.26279
2250.0 5650.0 -0.10432
2350.0 5650.0 0.04722
2450.0 5650.0 0.18429
2550.0 5650.0 0.28206
2650.0 5650.0 0.32350
2750.0 5650.0 0.30386
2850.0 5650.0 0.23117
2950.0 5650.0 0.12482
3050.0 5650.0 0.01211
3150.0 5650.0 -0.07725
3250.0 5650.0 -0.11865
3350.0 5650.0 -0.10205
3450.0 5650.0 -0.04350
3550.0 5650.0 0.02952
3650.0 5650.0 0.12410
3750.0 5650.0 0.23241
3850.0 5650.0 0.33355
3950.0 5650.0 0.40519
4050.0 5650.0 0.43160
4150.0 5650.0 0.40814
4250.0 5650.0 0.34215
4350.0 5650.0 0.25038
4450.0 5650.0 0.15275
4550.0 5650.0 0.06260
4650.0 5650.0 -0.02739
4750.0 5650.0 -0.14108
4850.0 5650.0 -0.27513
4950.0 5650.0 -0.40450
5050.0 5650.0 -0.49914
5150.0 5650.0 -0.53591
5250.0 5650.0 -0.50569
5350.0 5650.0 -0.41567
5450.0 5650.0 -0.28682
5550.0 5650.0 -0.14655
5650.0 5650.0 -0.01659
5750.0 5650.0 0.10365
5850.0 5650.0 0.23513
5950.0 5650.0 0.37664
6050.0 5650.0 0.50563
6150.0 5650.0 0.59467
6250.0 5650.0 0.62332
6350.0 5650.0 0.58518
50.0 5750.0 0.05746
150.0 5750.0 -0.09674
250.0 5750.0 -0.22393
350.0 5750.0 -0.30211
450.0 5750.0 -0.31913
550.0 5750.0 -0.27538
650.0 5750.0 -0.18408
750.0 5750.0 -0.06917
850.0 5750.0 0.03923
950.0 5750.0 0.11165
1050.0 5750.0 0.12860
1150.0 5750.0 0.09225
1250.0 5750.0 0.03183
1350.0 5750.0 -0.05998
1450.0 5750.0 -0.19039
1550.0 5750.0 -0.33672
1650.0 5750.0 -0.46490
1750.0 5750.0 -0.54370
1850.0 5750.0 -0.55411
1950.0 5750.0 -0.49377
2050.0 5750.0 -0.37655
2150.0 5750.0 -0.22719
2250.0 5750.0 -0.07107
2350.0 5750.0 0.08020
2450.0 5750.0 0.21834
2550.0 5750.0 0.32010
2650.0 5750.0 0.36903
2750.0 5750.0 0.35991
2850.0 5750.0 0.29963
2950.0 5750.0 0.20608
3050.0 5750.0 0.10496
3150.0 5750.0 0.02462
3250.0 5750.0 -0.01113
3350.0 5750.0 0.00779
3450.0 5750.0 0.06651
3550.0 5750.0 0.13760
3650.0 5750.0 0.22338
3750.0 5750.0 0.31362
3850.0 5750.0 0.38796
3950.0 5750.0 0.42674
4050.0 5750.0 0.41812
4150.0 5750.0 0.36176
4250.0 5750.0 0.26892
4350.0 5750.0 0.15900
4450.0 5750.0 0.05251
4550.0 5750.0 -0.03949
4650.0 5750.0 -0.12928
4750.0 5750.0 -0.24226
4850.0 5750.0 -0.37484
4950.0 5750.0 -0.50198
5050.0 5750.0 -0.59388
5150.0 5750.0 -0.62773
5250.0 5750.0 -0.59478
5350.0 5750.0 -0.50255
5450.0 5750.0 -0.37223
5550.0 5750.0 -0.23129
5650.0 5750.0 -0.10130
5750.0 5750.0 0.01867
5850.0 5750.0 0.14936
5950.0 5750.0 0.28901
6050.0 5750.0 0.41499
6150.0 5750.0 0.50010
6250.0 5750.0 0.52435
6350.0 5750.0 0.48187
50.0 5850.0 0.18471
150.0 5850.0 0.03393
250.0 5850.0 -0.08919
350.0 5850.0 -0.16280
450.0 5850.0 -0.17542
550.0 5850.0 -0.12817
650.0 5850.0 -0.03482
750.0 5850.0 0.08051
850.0 5850.0 0.18789
950.0 5850.0 0.25838
1050.0 5850.0 0.27318
1150.0 5850.0 0.23491
1250.0 5850.0 0.17269
1350.0 5850.0 0.07840
1450.0 5850.0 -0.05612
1550.0 5850.0 -0.20884
1650.0 5850.0 -0.34590
1750.0 5850.0 -0.43578
1850.0 5850.0 -0.45868
1950.0 5850.0 -0.41110
2050.0 5850.0 -0.30567
2150.0 5850.0 -0.16614
2250.0 5850.0 -0.01763
2350.0 5850.0 0.12733
2450.0 5850.0 0.26019
2550.0 5850.0 0.35924
2650.0 5850.0 0.40897
2750.0 5850.0 0.40429
2850.0 5850.0 0.35147
2950.0 5850.0 0.26710
3050.0 5850.0 0.17519
3150.0 5850.0 0.10235
3250.0 5850.0 0.07103
3350.0 5850.0 0.09080
3450.0 5850.0 0.14787
3550.0 5850.0 0.21513
3650.0 5850.0 0.29067
3750.0 5850.0 0.36269
3850.0 5850.0 0.41221
3950.0 5850.0 0.42265
4050.0 5850.0 0.38598
4150.0 5850.0 0.30549
4250.0 5850.0 0.19521
4350.0 5850.0 0.07590
4450.0 5850.0 -0.03234
4550.0 5850.0 -0.12084
4650.0 5850.0 -0.20565
4750.0 5850.0 -0.31319
4850.0 5850.0 -0.44046
4950.0 5850.0 -0.56367
5050.0 5850.0 -0.65417
5150.0 5850.0 -0.68984
5250.0 5850.0 -0.66183
5350.0 5850.0 -0.57679
5450.0 5850.0 -0.45452
5550.0 5850.0 -0.32100
5650.0 5850.0 -0.19693
5750.0 5850.0 -0.08200
5850.0 5850.0 0.04288
5950.0 5850.0 0.17559
6050.0 5850.0 0.29431
6150.0 5850.0 0.37309
6250.0 5850.0 0.39306
6350.0 5850.0 0.34898
50.0 5950.0 0.33975
150.0 5950.0 0.19882
250.0 5950.0 0.08556
350.0 5950.0 0.02036
450.0 5950.0 0.01278
550.0 5950.0 0.06026
650.0 5950.0 0.14859
750.0 5950.0 0.25446
850.0 5950.0 0.34986
950.0 5950.0 0.40835
1050.0 5950.0 0.41340
1150.0 5950.0 0.36852
1250.0 5950.0 0.30138
1350.0 5950.0 0.20517
1450.0 5950.0 0.07296
1550.0 5950.0 -0.07459
1650.0 5950.0 -0.20621
1750.0 5950.0 -0.29309
1850.0 5950.0 -0.31749
1950.0 5950.0 -0.27690
2050.0 5950.0 -0.18370
2150.0 5950.0 -0.06034
2250.0 5950.0 0.06991
2350.0 5950.0 0.19611
2450.0 5950.0 0.31072
2550.0 5950.0 0.39367
2650.0 5950.0 0.43127
2750.0 5950.0 0.41968
2850.0 5950.0 0.36540
2950.0 5950.0 0.28404
3050.0 5950.0 0.19759
3150.0 5950.0 0.12996
3250.0 5950.0 0.10096
3350.0 5950.0 0.11866
3450.0 5950.0 0.17011
3550.0 5950.0 0.22947
3650.0 5950.0 0.29164
3750.0 5950.0 0.34505
3850.0 5950.0 0.37378
3950.0 5950.0 0.36529
4050.0 5950.0 0.31512
4150.0 5950.0 0.22878
4250.0 5950.0 0.12069
4350.0 5950.0 0.01027
4450.0 5950.0 -0.08492
4550.0 5950.0 -0.15885
4650.0 5950.0 -0.22873
4750.0 5950.0 -0.32064
4850.0 5950.0 -0.43375
4950.0 5950.0 -0.54803
5050.0 5950.0 -0.63813
5150.0 5950.0 -0.68349
5250.0 5950.0 -0.67444
5350.0 5950.0 -0.61457
5450.0 5950.0 -0.51906
5550.0 5950.0 -0.40931
5650.0 5950.0 -0.30351
5750.0 5950.0 -0.20369
5850.0 5950.0 -0.09521
5950.0 5950.0 0.01990
6050.0 5950.0 0.12257
6150.0 5950.0 0.19024
6250.0 5950.0 0.20651
6350.0 5950.0 0.16691
50.0 6050.0 0.49780
150.0 6050.0 0.37409
250.0 6050.0 0.27755
350.0 6050.0 0.22577
450.0 6050.0 0.22499
550.0 6050.0 0.27027
650.0 6050.0 0.34697
750.0 6050.0 0.43354
850.0 6050.0 0.50562
950.0 6050.0 0.54146
1050.0 6050.0 0.52858
1150.0 6050.0 0.47184
1250.0 6050.0 0.39626
1350.0 6050.0 0.29888
1450.0 6050.0 0.17653
1550.0 6050.0 0.04772
1650.0 6050.0 -0.06159
1750.0 6050.0 -0.12878
1850.0 6050.0 -0.14155
1950.0 6050.0 -0.10082
2050.0 6050.0 -0.01989
2150.0 6050.0 0.08039
2250.0 6050.0 0.18041
2350.0 6050.0 0.27372
2450.0 6050.0 0.35569
2550.0 6050.0 0.40839
2650.0 6050.0 0.42108
2750.0 6050.0 0.39234
2850.0 6050.0 0.32959
2950.0 6050.0 0.24746
3050.0 6050.0 0.16508
3150.0 6050.0 0.10227
3250.0 6050.0 0.07465
3350.0 6050.0 0.08756
3450.0 6050.0 0.12901
3550.0 6050.0 0.17579
3650.0 6050.0 0.22091
3750.0 6050.0 0.25495
3850.0 6050.0 0.26702
3950.0 6050.0 0.24971
4050.0 6050.0 0.20196
4150.0 6050.0 0.12992
4250.0 6050.0 0.04581
4350.0 6050.0 -0.03532
4450.0 6050.0 -0.10081
4550.0 6050.0 -0.14765
4650.0 6050.0 -0.19126
4750.0 6050.0 -0.25539
4850.0 6050.0 -0.34288
4950.0 6050.0 -0.44026
5050.0 6050.0 -0.52810
5150.0 6050.0 -0.58874
5250.0 6050.0 -0.61133
5350.0 6050.0 -0.59422
5450.0 6050.0 -0.54470
5550.0 6050.0 -0.47611
5650.0 6050.0 -0.40224
5750.0 6050.0 -0.32895
5850.0 6050.0 -0.24890
5950.0 6050.0 -0.16356
6050.0 6050.0 -0.08700
6150.0 6050.0 -0.03607
6250.0 6050.0 -0.02307
6350.0 6050.0 -0.05150
50.0 6150.0 0.62334
150.0 6150.0 0.52311
250.0 6150.0 0.44942
350.0 6150.0 0.41611
450.0 6150.0 0.42486
550.0 6150.0 0.46749
650.0 6150.0 0.52870
750.0 6150.0 0.58932
850.0 6150.0 0.62994
950.0 6150.0 0.63511
1050.0 6150.0 0.59791
1150.0 6150.0 0.52504
1250.0 6150.0 0.43807
1350.0 6150.0 0.34029
1450.0 6150.0 0.23449
1550.0 6150.0 0.13641
1650.0 6150.0 0.06438
1750.0 6150.0 0.03176
1850.0 6150.0 0.04256
1950.0 6150.0 0.09019
2050.0 6150.0 0.15934
2150.0 6150.0 0.23106
2250.0 6150.0 0.29087
2350.0 6150.0 0.33944
2450.0 6150.0 0.37703
2550.0 6150.0 0.38884
2650.0 6150.0 0.36818
2750.0 6150.0 0.31690
2850.0 6150.0 0.24358
2950.0 6150.0 0.16139
3050.0 6150.0 0.08547
3150.0 6150.0 0.02997
3250.0 6150.0 0.00467
3350.0 6150.0 0.01124
3450.0 6150.0 0.03908
3550.0 6150.0 0.06934
3650.0 6150.0 0.09412
3750.0 6150.0 0.10778
3850.0 6150.0 0.10611
3950.0 6150.0 0.08781
4050.0 6150.0 0.05513
4150.0 6150.0 0.01369
4250.0 6150.0 -0.02866
4350.0 6150.0 -0.06372
4450.0 6150.0 -0.08571
4550.0 6150.0 -0.09495
4650.0 6150.0 -0.10267
4750.0 6150.0 -0.12807
4850.0 6150.0 -0.17851
4950.0 6150.0 -0.24944
5050.0 6150.0 -0.32978
5150.0 6150.0 -0.40634
5250.0 6150.0 -0.46724
5350.0 6150.0 -0.50429
5450.0 6150.0 -0.51446
5550.0 6150.0 -0.50031
5650.0 6150.0 -0.46943
5750.0 6150.0 -0.43226
5850.0 6150.0 -0.39079
5950.0 6150.0 -0.34553
6050.0 6150.0 -0.30376
6150.0 6150.0 -0.27452
6250.0 6150.0 -0.26469
6350.0 6150.0 -0.27660
50.0 6250.0 0.68581
150.0 6250.0 0.61282
250.0 6250.0 0.56606
350.0 6250.0 0.55521
450.0 6250.0 0.57668
550.0 6250.0 0.61837
650.0 6250.0 0.66398
750.0 6250.0 0.69679
850.0 6250.0 0.70286
950.0 6250.0 0.67384
1050.0 6250.0 0.60918
1150.0 6250.0 0.51784
1250.0 6250.0 0.41775
1350.0 6250.0 0.32018
1450.0 6250.0 0.23532
1550.0 6250.0 0.17578
1650.0 6250.0 0.15078
1750.0 6250.0 0.16259
1850.0 6250.0 0.20504
1950.0 6250.0 0.26448
2050.0 6250.0 0.32287
2150.0 6250.0 0.36318
2250.0 6250.0 0.37706
2350.0 6250.0 0.37393
2450.0 6250.0 0.36069
2550.0 6250.0 0.32693
2650.0 6250.0 0.27086
2750.0 6250.0 0.19791
2850.0 6250.0 0.11756
2950.0 6250.0 0.04066
3050.0 6250.0 -0.02295
3150.0 6250.0 -0.06624
3250.0 6250.0 -0.08647
3350.0 6250.0 -0.08622
3450.0 6250.0 -0.07399
3550.0 6250.0 -0.06263
3650.0 6250.0 -0.06033
3750.0 6250.0 -0.06810
3850.0 6250.0 -0.08248
3950.0 6250.0 -0.09802
4050.0 6250.0 -0.10907
4150.0 6250.0 -0.11119
4250.0 6250.0 -0.10202
4350.0 6250.0 -0.08158
4450.0 6250.0 -0.05218
4550.0 6250.0 -0.01770
4650.0 6250.0 0.01626
4750.0 6250.0 0.03694
4850.0 6250.0 0.03249
4950.0 6250.0 -0.00281
5050.0 6250.0 -0.06795
5150.0 6250.0 -0.15569
5250.0 6250.0 -0.25381
5350.0 6250.0 -0.34746
5450.0 6250.0 -0.42230
5550.0 6250.0 -0.46870
5650.0 6250.0 -0.48678
5750.0 6250.0 -0.49137
5850.0 6250.0 -0.49449
5950.0 6250.0 -0.49552
6050.0 6250.0 -0.49384
6150.0 6250.0 -0.48950
6250.0 6250.0 -0.48310
6350.0 6250.0 -0.47569
50.0 6350.0 0.66959
150.0 6350.0 0.62436
250.0 6350.0 0.60571
350.0 6350.0 0.61943
450.0 6350.0 0.65653
550.0 6350.0 0.70072
650.0 6350.0 0.73426
750.0 6350.0 0.74245
850.0 6350.0 0.71648
950.0 6350.0 0.65488
1050.0 6350.0 0.56345
1150.0 6350.0 0.45367
1250.0 6350.0 0.34031
1350.0 6350.0 0.24329
1450.0 6350.0 0.18054
1550.0 6350.0 0.16152
1650.0 6350.0 0.18614
1750.0 6350.0 0.24516
1850.0 6350.0 0.32187
1950.0 6350.0 0.39517
2050.0 6350.0 0.44403
2150.0 6350.0 0.45330
2250.0 6350.0 0.42089
2350.0 6350.0 0.36539
2450.0 6350.0 0.30143
2550.0 6350.0 0.22422
2650.0 6350.0 0.13730
2750.0 6350.0 0.04943
2850.0 6350.0 -0.02975
2950.0 6350.0 -0.09276
3050.0 6350.0 -0.13615
3150.0 6350.0 -0.16100
3250.0 6350.0 -0.17227
3350.0 6350.0 -0.17681
3450.0 6350.0 -0.18019
3550.0 6350.0 -0.18805
3650.0 6350.0 -0.20883
3750.0 6350.0 -0.23889
3850.0 6350.0 -0.26702
3950.0 6350.0 -0.28080
4050.0 6350.0 -0.27105
4150.0 6350.0 -0.23436
4250.0 6350.0 -0.17381
4350.0 6350.0 -0.09771
4450.0 6350.0 -0.01649
4550.0 6350.0 0.06225
4650.0 6350.0 0.13866
4750.0 6350.0 0.20769
4850.0 6350.0 0.25379
4950.0 6350.0 0.26094
5050.0 6350.0 0.21934
5150.0 6350.0 0.12932
5250.0 6350.0 0.00229
5350.0 6350.0 -0.14116
5450.0 6350.0 -0.27610
5550.0 6350.0 -0.38085
5650.0 6350.0 -0.44764
5750.0 6350.0 -0.49452
5850.0 6350.0 -0.54293
5950.0 6350.0 -0.59107
6050.0 6350.0 -0.63037
6150.0 6350.0 -0.65173
6250.0 6350.0 -0.64935
6350.0 6350.0 -0.62288
