50.0 50.0 0.00000
150.0 50.0 0.17258
250.0 50.0 0.43304
350.0 50.0 0.69063
450.0 50.0 0.81357
550.0 50.0 0.73527
650.0 50.0 0.49156
750.0 50.0 0.18890
850.0 50.0 -0.09421
950.0 50.0 -0.31780
1050.0 50.0 -0.39434
1150.0 50.0 -0.30778
1250.0 50.0 -0.11783
1350.0 50.0 0.06759
1450.0 50.0 0.13896
1550.0 50.0 0.05080
1650.0 50.0 -0.08959
1750.0 50.0 -0.03430
1850.0 50.0 0.24861
1950.0 50.0 0.59725
2050.0 50.0 0.81423
2150.0 50.0 0.77167
2250.0 50.0 0.46120
2350.0 50.0 -0.01097
2450.0 50.0 -0.44459
2550.0 50.0 -0.59746
2650.0 50.0 -0.42120
2750.0 50.0 -0.04245
2850.0 50.0 0.32138
2950.0 50.0 0.45667
3050.0 50.0 0.25856
3150.0 50.0 -0.16198
3250.0 50.0 -0.72132
3350.0 50.0 -1.37907
3450.0 50.0 -1.85026
3550.0 50.0 -1.89280
3650.0 50.0 -1.48167
3750.0 50.0 -0.81778
3850.0 50.0 -0.17159
3950.0 50.0 0.41477
4050.0 50.0 1.04442
4150.0 50.0 1.55131
4250.0 50.0 1.71062
4350.0 50.0 1.44841
4450.0 50.0 0.90582
4550.0 50.0 0.35777
4650.0 50.0 -0.01385
4750.0 50.0 -0.39868
4850.0 50.0 -0.95350
4950.0 50.0 -1.47677
5050.0 50.0 -1.70104
5150.0 50.0 -1.50491
5250.0 50.0 -0.98060
5350.0 50.0 -0.35702
5450.0 50.0 0.22143
5550.0 50.0 0.87677
5650.0 50.0 1.54161
5750.0 50.0 1.93497
5850.0 50.0 1.86245
5950.0 50.0 1.36383
6050.0 50.0 0.69270
6150.0 50.0 0.12798
6250.0 50.0 -0.33591
6350.0 50.0 -0.77772
50.0 150.0 0.14662
150.0 150.0 0.30614
250.0 150.0 0.55302
350.0 150.0 0.80177
450.0 150.0 0.92547
550.0 150.0 0.85783
650.0 150.0 0.62991
750.0 150.0 0.34134
850.0 150.0 0.06804
950.0 150.0 -0.15698
1050.0 150.0 -0.26013
1150.0 150.0 -0.22310
1250.0 150.0 -0.09193
1350.0 150.0 0.04315
1450.0 150.0 0.08674
1550.0 150.0 -0.00401
1650.0 150.0 -0.13904
1750.0 150.0 -0.10393
1850.0 150.0 0.12165
1950.0 150.0 0.38881
2050.0 150.0 0.52454
2150.0 150.0 0.42489
2250.0 150.0 0.09454
2350.0 150.0 -0.36712
2450.0 150.0 -0.77290
2550.0 150.0 -0.85456
2650.0 150.0 -0.56341
2750.0 150.0 -0.05169
2850.0 150.0 0.42982
2950.0 150.0 0.64138
3050.0 150.0 0.47119
3150.0 150.0 0.05093
3250.0 150.0 -0.49581
3350.0 150.0 -1.11082
3450.0 150.0 -1.51694
3550.0 150.0 -1.49184
3650.0 150.0 -1.03086
3750.0 150.0 -0.34709
3850.0 150.0 0.29111
3950.0 150.0 0.85700
4050.0 150.0 1.44590
4150.0 150.0 1.88611
4250.0 150.0 1.96569
4350.0 150.0 1.62988
4450.0 150.0 1.03564
4550.0 150.0 0.46372
4650.0 150.0 0.08817
4750.0 150.0 -0.28770
4850.0 150.0 -0.79879
4950.0 150.0 -1.24358
5050.0 150.0 -1.37497
5150.0 150.0 -1.09806
5250.0 150.0 -0.52588
5350.0 150.0 0.10713
5450.0 150.0 0.67278
5550.0 150.0 1.30409
5650.0 150.0 1.92823
5750.0 150.0 2.27297
5850.0 150.0 2.15769
5950.0 150.0 1.63266
6050.0 150.0 0.95418
6150.0 150.0 0.39561
6250.0 150.0 -0.06207
6350.0 150.0 -0.53120
50.0 250.0 0.50101
150.0 250.0 0.58071
250.0 250.0 0.70294
350.0 250.0 0.80483
450.0 250.0 0.80631
550.0 250.0 0.67551
650.0 250.0 0.44807
750.0 250.0 0.20033
850.0 250.0 -0.02214
950.0 250.0 -0.20797
1050.0 250.0 -0.30054
1150.0 250.0 -0.28054
1250.0 250.0 -0.17954
1350.0 250.0 -0.06739
1450.0 250.0 -0.02201
1550.0 250.0 -0.08169
1650.0 250.0 -0.17841
1750.0 250.0 -0.15640
1850.0 250.0 -0.01213
1950.0 250.0 0.13833
2050.0 250.0 0.17205
2150.0 250.0 0.02698
2250.0 250.0 -0.27605
2350.0 250.0 -0.65726
2450.0 250.0 -0.96274
2550.0 250.0 -0.91711
2650.0 250.0 -0.49399
2750.0 250.0 0.11931
2850.0 250.0 0.65192
2950.0 250.0 0.86959
3050.0 250.0 0.68524
3150.0 250.0 0.25233
3250.0 250.0 -0.27506
3350.0 250.0 -0.81479
3450.0 250.0 -1.11944
3550.0 250.0 -1.01377
3650.0 250.0 -0.52843
3750.0 250.0 0.11500
3850.0 250.0 0.66752
3950.0 250.0 1.13300
4050.0 250.0 1.60993
4150.0 250.0 1.94208
4250.0 250.0 1.94496
4350.0 250.0 1.57786
4450.0 250.0 0.98857
4550.0 250.0 0.43150
4650.0 250.0 0.05938
4750.0 250.0 -0.29721
4850.0 250.0 -0.71690
4950.0 250.0 -1.00966
5050.0 250.0 -0.98012
5150.0 250.0 -0.58786
5250.0 250.0 0.02193
5350.0 250.0 0.61785
5450.0 250.0 1.10888
5550.0 250.0 1.63609
5650.0 250.0 2.11980
5750.0 250.0 2.32787
5850.0 250.0 2.12398
5950.0 250.0 1.57779
6050.0 250.0 0.93204
6150.0 250.0 0.42697
6250.0 250.0 0.02297
6350.0 250.0 -0.39732
50.0 350.0 0.93895
150.0 350.0 0.86714
250.0 350.0 0.76079
350.0 350.0 0.60182
450.0 350.0 0.39578
550.0 350.0 0.16983
650.0 350.0 -0.03816
750.0 350.0 -0.19967
850.0 350.0 -0.32351
950.0 350.0 -0.42606
1050.0 350.0 -0.47256
1150.0 350.0 -0.44363
1250.0 350.0 -0.35283
1350.0 350.0 -0.24334
1450.0 350.0 -0.16923
1550.0 350.0 -0.16155
1650.0 350.0 -0.18220
1750.0 350.0 -0.16060
1850.0 350.0 -0.11395
1950.0 350.0 -0.10465
2050.0 350.0 -0.18035
2150.0 350.0 -0.34495
2250.0 350.0 -0.56060
2350.0 350.0 -0.78074
2450.0 350.0 -0.90675
2550.0 350.0 -0.68618
2650.0 350.0 -0.14227
2750.0 350.0 0.49841
2850.0 350.0 0.96994
2950.0 350.0 1.08861
3050.0 350.0 0.83200
3150.0 350.0 0.37090
3250.0 350.0 -0.13090
3350.0 350.0 -0.56296
3450.0 350.0 -0.73211
3550.0 350.0 -0.53950
3650.0 350.0 -0.06593
3750.0 350.0 0.46442
3850.0 350.0 0.84178
3950.0 350.0 1.11692
4050.0 350.0 1.41030
4150.0 350.0 1.60909
4250.0 350.0 1.56920
4350.0 350.0 1.25045
4450.0 350.0 0.75486
4550.0 350.0 0.26903
4650.0 350.0 -0.08921
4750.0 350.0 -0.41870
4850.0 350.0 -0.71229
4950.0 350.0 -0.80601
5050.0 350.0 -0.58402
5150.0 350.0 -0.08031
5250.0 350.0 0.52572
5350.0 350.0 1.01986
5450.0 350.0 1.36538
5550.0 350.0 1.70525
5650.0 350.0 1.95926
5750.0 350.0 1.96885
5850.0 350.0 1.66757
5950.0 350.0 1.14319
6050.0 350.0 0.59783
6150.0 350.0 0.20628
6250.0 350.0 -0.09059
6350.0 350.0 -0.38059
50.0 450.0 1.22662
150.0 450.0 0.96815
250.0 450.0 0.60329
350.0 450.0 0.17447
450.0 450.0 -0.21686
550.0 450.0 -0.48881
650.0 450.0 -0.61959
750.0 450.0 -0.64976
850.0 450.0 -0.64636
950.0 450.0 -0.64339
1050.0 450.0 -0.63250
1150.0 450.0 -0.59413
1250.0 450.0 -0.51850
1350.0 450.0 -0.41429
1450.0 450.0 -0.30482
1550.0 450.0 -0.21187
1650.0 450.0 -0.13461
1750.0 450.0 -0.10027
1850.0 450.0 -0.14625
1950.0 450.0 -0.27182
2050.0 450.0 -0.44019
2150.0 450.0 -0.59334
2250.0 450.0 -0.67926
2350.0 450.0 -0.69130
2450.0 450.0 -0.59714
2550.0 450.0 -0.19555
2650.0 450.0 0.42329
2750.0 450.0 0.99945
2850.0 450.0 1.29915
2950.0 450.0 1.22654
3050.0 450.0 0.85146
3150.0 450.0 0.35228
3250.0 450.0 -0.12224
3350.0 450.0 -0.43421
3450.0 450.0 -0.45811
3550.0 450.0 -0.18576
3650.0 450.0 0.24634
3750.0 450.0 0.61691
3850.0 450.0 0.76692
3950.0 450.0 0.80206
4050.0 450.0 0.88348
4150.0 450.0 0.96273
4250.0 450.0 0.93873
4350.0 450.0 0.75422
4450.0 450.0 0.43419
4550.0 450.0 0.06751
4650.0 450.0 -0.26818
4750.0 450.0 -0.57120
4850.0 450.0 -0.74429
4950.0 450.0 -0.65972
5050.0 450.0 -0.28680
5150.0 450.0 0.27027
5250.0 450.0 0.81064
5350.0 450.0 1.15106
5450.0 450.0 1.31017
5550.0 450.0 1.42565
5650.0 450.0 1.43062
5750.0 450.0 1.25632
5850.0 450.0 0.90875
5950.0 450.0 0.47841
6050.0 450.0 0.10036
6150.0 450.0 -0.13568
6250.0 450.0 -0.29579
6350.0 450.0 -0.41602
50.0 550.0 1.20488
150.0 550.0 0.77657
250.0 550.0 0.20948
350.0 550.0 -0.39138
450.0 550.0 -0.85087
550.0 550.0 -1.06311
650.0 550.0 -1.04767
750.0 550.0 -0.92251
850.0 550.0 -0.79529
950.0 550.0 -0.69619
1050.0 550.0 -0.64547
1150.0 550.0 -0.62228
1250.0 550.0 -0.58887
1350.0 550.0 -0.51374
1450.0 550.0 -0.38520
1550.0 550.0 -0.21526
1650.0 550.0 -0.04393
1750.0 550.0 0.01065
1850.0 550.0 -0.10445
1950.0 550.0 -0.33146
2050.0 550.0 -0.55984
2150.0 550.0 -0.67991
2250.0 550.0 -0.63068
2350.0 550.0 -0.44216
2450.0 550.0 -0.14355
2550.0 550.0 0.40171
2650.0 550.0 1.03686
2750.0 550.0 1.48182
2850.0 550.0 1.55155
2950.0 550.0 1.25055
3050.0 550.0 0.74380
3150.0 550.0 0.20677
3250.0 550.0 -0.24403
3350.0 550.0 -0.44878
3450.0 550.0 -0.34591
3550.0 550.0 -0.01095
3650.0 550.0 0.37000
3750.0 550.0 0.58113
3850.0 550.0 0.51222
3950.0 550.0 0.32001
4050.0 550.0 0.21641
4150.0 550.0 0.22178
4250.0 550.0 0.26940
4350.0 550.0 0.27142
4450.0 550.0 0.16422
4550.0 550.0 -0.06582
4650.0 550.0 -0.37605
4750.0 550.0 -0.66123
4850.0 550.0 -0.75622
4950.0 550.0 -0.57076
5050.0 550.0 -0.14063
5150.0 550.0 0.38556
5250.0 550.0 0.80693
5350.0 550.0 0.97821
5450.0 550.0 0.95822
5550.0 550.0 0.87455
5650.0 550.0 0.68845
5750.0 550.0 0.41280
5850.0 550.0 0.10495
5950.0 550.0 -0.16391
6050.0 550.0 -0.33944
6150.0 550.0 -0.41501
6250.0 550.0 -0.44570
6350.0 550.0 -0.41599
50.0 650.0 0.87115
150.0 650.0 0.33401
250.0 650.0 -0.32043
350.0 650.0 -0.93730
450.0 650.0 -1.31168
550.0 650.0 -1.35537
650.0 650.0 -1.14876
750.0 650.0 -0.87810
850.0 650.0 -0.66120
950.0 650.0 -0.50270
1050.0 650.0 -0.44998
1150.0 650.0 -0.47947
1250.0 650.0 -0.52385
1350.0 650.0 -0.51087
1450.0 650.0 -0.39447
1550.0 650.0 -0.17819
1650.0 650.0 0.05925
1750.0 650.0 0.13199
1850.0 650.0 -0.02203
1950.0 650.0 -0.30662
2050.0 650.0 -0.56302
2150.0 650.0 -0.64896
2250.0 650.0 -0.49947
2350.0 650.0 -0.16949
2450.0 650.0 0.26858
2550.0 650.0 0.89526
2650.0 650.0 1.50531
2750.0 650.0 1.81228
2850.0 650.0 1.67721
2950.0 650.0 1.18591
3050.0 650.0 0.57459
3150.0 650.0 0.01006
3250.0 650.0 -0.42406
3350.0 650.0 -0.55352
3450.0 650.0 -0.36157
3550.0 650.0 0.01760
3650.0 650.0 0.36303
3750.0 650.0 0.46269
3850.0 650.0 0.24051
3950.0 650.0 -0.10959
4050.0 650.0 -0.32890
4150.0 650.0 -0.34285
4250.0 650.0 -0.19953
4350.0 650.0 -0.01970
4450.0 650.0 0.05874
4550.0 650.0 -0.05709
4650.0 650.0 -0.34632
4750.0 650.0 -0.62594
4850.0 650.0 -0.70081
4950.0 650.0 -0.50963
5050.0 650.0 -0.12085
5150.0 650.0 0.30698
5250.0 650.0 0.59214
5350.0 650.0 0.62385
5450.0 650.0 0.47730
5550.0 650.0 0.27003
5650.0 650.0 -0.00043
5750.0 650.0 -0.26831
5850.0 650.0 -0.45917
5950.0 650.0 -0.53867
6050.0 650.0 -0.52674
6150.0 650.0 -0.47705
6250.0 650.0 -0.41950
6350.0 650.0 -0.30969
50.0 750.0 0.35887
150.0 750.0 -0.21029
250.0 750.0 -0.83093
350.0 750.0 -1.31981
450.0 750.0 -1.48786
550.0 750.0 -1.29855
650.0 750.0 -0.89852
750.0 750.0 -0.52036
850.0 750.0 -0.26261
950.0 750.0 -0.09167
1050.0 750.0 -0.07781
1150.0 750.0 -0.19349
1250.0 750.0 -0.34393
1350.0 750.0 -0.42066
1450.0 750.0 -0.34833
1550.0 750.0 -0.12451
1650.0 750.0 0.14009
1750.0 750.0 0.22064
1850.0 750.0 0.05121
1950.0 750.0 -0.25624
2050.0 750.0 -0.52322
2150.0 750.0 -0.59426
2250.0 750.0 -0.40289
2350.0 750.0 -0.01431
2450.0 750.0 0.47926
2550.0 750.0 1.12827
2650.0 750.0 1.70637
2750.0 750.0 1.92902
2850.0 750.0 1.68342
2950.0 750.0 1.09545
3050.0 750.0 0.43359
3150.0 750.0 -0.14283
3250.0 750.0 -0.56761
3350.0 750.0 -0.65813
3450.0 750.0 -0.41677
3550.0 750.0 -0.00502
3650.0 750.0 0.33803
3750.0 750.0 0.39900
3850.0 750.0 0.11557
3950.0 750.0 -0.29866
4050.0 750.0 -0.55386
4150.0 750.0 -0.54782
4250.0 750.0 -0.32557
4350.0 750.0 -0.03146
4450.0 750.0 0.15536
4550.0 750.0 0.10279
4650.0 750.0 -0.17501
4750.0 750.0 -0.45956
4850.0 750.0 -0.56200
4950.0 750.0 -0.43587
5050.0 750.0 -0.14873
5150.0 750.0 0.15875
5250.0 750.0 0.33268
5350.0 750.0 0.28474
5450.0 750.0 0.08471
5550.0 750.0 -0.15522
5650.0 750.0 -0.40300
5750.0 750.0 -0.57600
5850.0 750.0 -0.61465
5950.0 750.0 -0.52703
6050.0 750.0 -0.38444
6150.0 750.0 -0.26795
6250.0 750.0 -0.17784
6350.0 750.0 -0.07544
50.0 850.0 -0.18596
150.0 850.0 -0.73912
250.0 850.0 -1.25883
350.0 850.0 -1.54898
450.0 850.0 -1.46129
550.0 850.0 -1.02547
650.0 850.0 -0.45071
750.0 850.0 0.00158
850.0 850.0 0.26735
950.0 850.0 0.42106
1050.0 850.0 0.37315
1150.0 850.0 0.15566
1250.0 850.0 -0.11203
1350.0 850.0 -0.29023
1450.0 850.0 -0.27913
1550.0 850.0 -0.07219
1650.0 850.0 0.19366
1750.0 850.0 0.27242
1850.0 850.0 0.09671
1950.0 850.0 -0.21938
2050.0 850.0 -0.49415
2150.0 850.0 -0.56931
2250.0 850.0 -0.37731
2350.0 850.0 0.01541
2450.0 850.0 0.51146
2550.0 850.0 1.15254
2650.0 850.0 1.70995
2750.0 850.0 1.90335
2850.0 850.0 1.62802
2950.0 850.0 1.01829
3050.0 850.0 0.34728
3150.0 850.0 -0.22959
3250.0 850.0 -0.64829
3350.0 850.0 -0.72063
3450.0 850.0 -0.45178
3550.0 850.0 -0.01090
3650.0 850.0 0.35468
3750.0 850.0 0.42637
3850.0 850.0 0.14230
3950.0 850.0 -0.27529
4050.0 850.0 -0.51933
4150.0 850.0 -0.47949
4250.0 850.0 -0.20592
4350.0 850.0 0.14384
4450.0 850.0 0.37541
4550.0 850.0 0.34626
4650.0 850.0 0.07271
4750.0 850.0 -0.22111
4850.0 850.0 -0.37094
4950.0 850.0 -0.33522
5050.0 850.0 -0.16335
5150.0 850.0 0.03324
5250.0 850.0 0.12825
5350.0 850.0 0.04571
5450.0 850.0 -0.16034
5550.0 850.0 -0.37850
5650.0 850.0 -0.54754
5750.0 850.0 -0.59005
5850.0 850.0 -0.47702
5950.0 850.0 -0.25645
6050.0 850.0 -0.03167
6150.0 850.0 0.11063
6250.0 850.0 0.19765
6350.0 850.0 0.23892
50.0 950.0 -0.75436
150.0 950.0 -1.25626
250.0 950.0 -1.62368
350.0 950.0 -1.66066
450.0 950.0 -1.28079
550.0 950.0 -0.59231
650.0 950.0 0.13616
750.0 950.0 0.62920
850.0 950.0 0.87016
950.0 950.0 0.98123
1050.0 950.0 0.86278
1150.0 950.0 0.55026
1250.0 950.0 0.17889
1350.0 950.0 -0.09213
1450.0 950.0 -0.14827
1550.0 950.0 0.01897
1650.0 950.0 0.25715
1750.0 950.0 0.31630
1850.0 950.0 0.13500
1950.0 950.0 -0.17364
2050.0 950.0 -0.43481
2150.0 950.0 -0.50020
2250.0 950.0 -0.31058
2350.0 950.0 0.06712
2450.0 950.0 0.53679
2550.0 950.0 1.12397
2650.0 950.0 1.61181
2750.0 950.0 1.74650
2850.0 950.0 1.44412
2950.0 950.0 0.84393
3050.0 950.0 0.20789
3150.0 950.0 -0.32605
3250.0 950.0 -0.70695
3350.0 950.0 -0.75521
3450.0 950.0 -0.47674
3550.0 950.0 -0.03464
3650.0 950.0 0.33372
3750.0 950.0 0.41927
3850.0 950.0 0.16356
3950.0 950.0 -0.21835
4050.0 950.0 -0.41941
4150.0 950.0 -0.33096
4250.0 950.0 -0.01167
4350.0 950.0 0.37344
4450.0 950.0 0.62787
4550.0 950.0 0.61280
4650.0 950.0 0.35063
4750.0 950.0 0.05959
4850.0 950.0 -0.12374
4950.0 950.0 -0.16566
5050.0 950.0 -0.10100
5150.0 950.0 -0.01319
5250.0 950.0 0.00077
5350.0 950.0 -0.11923
5450.0 950.0 -0.33297
5550.0 950.0 -0.52851
5650.0 950.0 -0.61240
5750.0 950.0 -0.51243
5850.0 950.0 -0.23274
5950.0 950.0 0.13476
6050.0 950.0 0.45107
6150.0 950.0 0.62277
6250.0 950.0 0.70760
6350.0 950.0 0.68576
50.0 1050.0 -1.25369
150.0 1050.0 -1.63752
250.0 1050.0 -1.77390
350.0 1050.0 -1.49702
450.0 1050.0 -0.81534
550.0 1050.0 0.07570
650.0 1050.0 0.86988
750.0 1050.0 1.31535
850.0 1050.0 1.46076
950.0 1050.0 1.48141
1050.0 1050.0 1.29301
1150.0 1050.0 0.93072
1250.0 1050.0 0.51967
1350.0 1050.0 0.20440
1450.0 1050.0 0.08659
1550.0 1050.0 0.17100
1650.0 1050.0 0.31993
1750.0 1050.0 0.32057
1850.0 1050.0 0.13456
1950.0 1050.0 -0.13042
2050.0 1050.0 -0.32707
2150.0 1050.0 -0.34479
2250.0 1050.0 -0.15492
2350.0 1050.0 0.17503
2450.0 1050.0 0.56370
2550.0 1050.0 1.00204
2650.0 1050.0 1.31472
2750.0 1050.0 1.32356
2850.0 1050.0 0.99561
2950.0 1050.0 0.47042
3050.0 1050.0 -0.03332
3150.0 1050.0 -0.42559
3250.0 1050.0 -0.69586
3350.0 1050.0 -0.70724
3450.0 1050.0 -0.46471
3550.0 1050.0 -0.09545
3650.0 1050.0 0.21584
3750.0 1050.0 0.30682
3850.0 1050.0 0.13236
3950.0 1050.0 -0.13652
4050.0 1050.0 -0.23475
4150.0 1050.0 -0.07567
4250.0 1050.0 0.26887
4350.0 1050.0 0.64085
4450.0 1050.0 0.87021
4550.0 1050.0 0.85061
4650.0 1050.0 0.61705
4750.0 1050.0 0.35905
4850.0 1050.0 0.18522
4950.0 1050.0 0.11280
5050.0 1050.0 0.10703
5150.0 1050.0 0.10305
5250.0 1050.0 0.03383
5350.0 1050.0 -0.13608
5450.0 1050.0 -0.37147
5550.0 1050.0 -0.56090
5650.0 1050.0 -0.57788
5750.0 1050.0 -0.34867
5850.0 1050.0 0.09471
5950.0 1050.0 0.61655
6050.0 1050.0 1.03715
6150.0 1050.0 1.25001
6250.0 1050.0 1.34364
6350.0 1050.0 1.27873
50.0 1150.0 -1.48505
150.0 1150.0 -1.69927
250.0 1150.0 -1.57923
350.0 1150.0 -1.02104
450.0 1150.0 -0.13951
550.0 1150.0 0.80359
650.0 1150.0 1.51068
750.0 1150.0 1.79880
850.0 1150.0 1.78281
950.0 1150.0 1.67839
1050.0 1150.0 1.44750
1150.0 1150.0 1.11970
1250.0 1150.0 0.77645
1350.0 1150.0 0.50391
1450.0 1150.0 0.35588
1550.0 1150.0 0.32667
1650.0 1150.0 0.33129
1750.0 1150.0 0.23894
1850.0 1150.0 0.04988
1950.0 1150.0 -0.13769
2050.0 1150.0 -0.22280
2150.0 1150.0 -0.15784
2250.0 1150.0 0.03517
2350.0 1150.0 0.28809
2450.0 1150.0 0.54885
2550.0 1150.0 0.76392
2650.0 1150.0 0.82705
2750.0 1150.0 0.67552
2850.0 1150.0 0.34765
2950.0 1150.0 -0.02691
3050.0 1150.0 -0.30421
3150.0 1150.0 -0.46578
3250.0 1150.0 -0.56270
3350.0 1150.0 -0.53404
3450.0 1150.0 -0.38168
3550.0 1150.0 -0.16695
3650.0 1150.0 0.02051
3750.0 1150.0 0.10141
3850.0 1150.0 0.05334
3950.0 1150.0 -0.03390
4050.0 1150.0 0.01680
4150.0 1150.0 0.24853
4250.0 1150.0 0.57507
4350.0 1150.0 0.86470
4450.0 1150.0 1.00602
4550.0 1150.0 0.95508
4650.0 1150.0 0.76385
4750.0 1150.0 0.56851
4850.0 1150.0 0.45512
4950.0 1150.0 0.41780
5050.0 1150.0 0.40375
5150.0 1150.0 0.35077
5250.0 1150.0 0.21541
5350.0 1150.0 -0.00800
5450.0 1150.0 -0.27732
5550.0 1150.0 -0.48725
5650.0 1150.0 -0.49037
5750.0 1150.0 -0.20229
5850.0 1150.0 0.33587
5950.0 1150.0 0.96207
6050.0 1150.0 1.46452
6150.0 1150.0 1.71952
6250.0 1150.0 1.83392
6350.0 1150.0 1.76565
50.0 1250.0 -1.34390
150.0 1250.0 -1.37982
250.0 1250.0 -1.05285
350.0 1250.0 -0.33978
450.0 1250.0 0.55765
550.0 1250.0 1.35698
650.0 1250.0 1.82167
750.0 1250.0 1.87035
850.0 1250.0 1.66458
950.0 1250.0 1.43260
1050.0 1250.0 1.20498
1150.0 1250.0 1.00114
1250.0 1250.0 0.83244
1350.0 1250.0 0.69278
1450.0 1250.0 0.56126
1550.0 1250.0 0.41699
1650.0 1250.0 0.25646
1750.0 1250.0 0.05839
1850.0 1250.0 -0.13189
1950.0 1250.0 -0.22747
2050.0 1250.0 -0.18131
2150.0 1250.0 -0.01890
2250.0 1250.0 0.17903
2350.0 1250.0 0.34387
2450.0 1250.0 0.46146
2550.0 1250.0 0.43877
2650.0 1250.0 0.25053
2750.0 1250.0 -0.04096
2850.0 1250.0 -0.32705
2950.0 1250.0 -0.49991
3050.0 1250.0 -0.50572
3150.0 1250.0 -0.40187
3250.0 1250.0 -0.30485
3350.0 1250.0 -0.24585
3450.0 1250.0 -0.22194
3550.0 1250.0 -0.21295
3650.0 1250.0 -0.19210
3750.0 1250.0 -0.13758
3850.0 1250.0 -0.04499
3950.0 1250.0 0.07465
4050.0 1250.0 0.28200
4150.0 1250.0 0.56397
4250.0 1250.0 0.82337
4350.0 1250.0 0.97038
4450.0 1250.0 0.97337
4550.0 1250.0 0.86756
4650.0 1250.0 0.72164
4750.0 1250.0 0.60356
4850.0 1250.0 0.58638
4950.0 1250.0 0.63977
5050.0 1250.0 0.67951
5150.0 1250.0 0.62995
5250.0 1250.0 0.45981
5350.0 1250.0 0.19145
5450.0 1250.0 -0.11620
5550.0 1250.0 -0.37223
5650.0 1250.0 -0.42994
5750.0 1250.0 -0.18656
5850.0 1250.0 0.33325
5950.0 1250.0 0.97046
6050.0 1250.0 1.50178
6150.0 1250.0 1.78676
6250.0 1250.0 1.92927
6350.0 1250.0 1.90139
50.0 1350.0 -0.91024
150.0 1350.0 -0.80473
250.0 1350.0 -0.36864
350.0 1350.0 0.34361
450.0 1350.0 1.08320
550.0 1350.0 1.59422
650.0 1350.0 1.73423
750.0 1350.0 1.52804
850.0 1350.0 1.15410
950.0 1350.0 0.82433
1050.0 1350.0 0.64120
1150.0 1350.0 0.61235
1250.0 1350.0 0.67241
1350.0 1350.0 0.71503
1450.0 1350.0 0.63882
1550.0 1350.0 0.40704
1650.0 1350.0 0.10369
1750.0 1350.0 -0.18559
1850.0 1350.0 -0.37601
1950.0 1350.0 -0.39060
2050.0 1350.0 -0.22937
2150.0 1350.0 0.01851
2250.0 1350.0 0.22126
2350.0 1350.0 0.30988
2450.0 1350.0 0.30704
2550.0 1350.0 0.09707
2650.0 1350.0 -0.27344
2750.0 1350.0 -0.64135
2850.0 1350.0 -0.84871
2950.0 1350.0 -0.81728
3050.0 1350.0 -0.57586
3150.0 1350.0 -0.24122
3250.0 1350.0 0.01964
3350.0 1350.0 0.09159
3450.0 1350.0 -0.01723
3550.0 1350.0 -0.21093
3650.0 1350.0 -0.35545
3750.0 1350.0 -0.33649
3850.0 1350.0 -0.12573
3950.0 1350.0 0.17192
4050.0 1350.0 0.50282
4150.0 1350.0 0.79987
4250.0 1350.0 0.96114
4350.0 1350.0 0.94322
4450.0 1350.0 0.79428
4550.0 1350.0 0.62469
4650.0 1350.0 0.51523
4750.0 1350.0 0.46742
4850.0 1350.0 0.55014
4950.0 1350.0 0.71321
5050.0 1350.0 0.83854
5150.0 1350.0 0.82869
5250.0 1350.0 0.65375
5350.0 1350.0 0.35654
5450.0 1350.0 0.01594
5550.0 1350.0 -0.29844
5650.0 1350.0 -0.46076
5750.0 1350.0 -0.34737
5850.0 1350.0 0.05317
5950.0 1350.0 0.61150
6050.0 1350.0 1.11495
6150.0 1350.0 1.41100
6250.0 1350.0 1.58091
6350.0 1350.0 1.61976
50.0 1450.0 -0.41365
150.0 1450.0 -0.23230
250.0 1450.0 0.21415
350.0 1450.0 0.81767
450.0 1450.0 1.32335
550.0 1450.0 1.52718
650.0 1450.0 1.37714
750.0 1450.0 0.97740
850.0 1450.0 0.49783
950.0 1450.0 0.11852
1050.0 1450.0 -0.00428
1150.0 1450.0 0.12750
1250.0 1450.0 0.38891
1350.0 1450.0 0.59626
1450.0 1450.0 0.58643
1550.0 1450.0 0.31099
1650.0 1450.0 -0.07936
1750.0 1450.0 -0.42441
1850.0 1450.0 -0.61521
1950.0 1450.0 -0.58081
2050.0 1450.0 -0.34980
2150.0 1450.0 -0.05011
2250.0 1450.0 0.15541
2350.0 1450.0 0.19748
2450.0 1450.0 0.12492
2550.0 1450.0 -0.17992
2650.0 1450.0 -0.62475
2750.0 1450.0 -0.99270
2850.0 1450.0 -1.10785
2950.0 1450.0 -0.92108
3050.0 1450.0 -0.51634
3150.0 1450.0 -0.03997
3250.0 1450.0 0.31724
3350.0 1450.0 0.38548
3450.0 1450.0 0.17702
3550.0 1450.0 -0.16161
3650.0 1450.0 -0.42533
3750.0 1450.0 -0.43914
3850.0 1450.0 -0.15947
3950.0 1450.0 0.24573
4050.0 1450.0 0.64140
4150.0 1450.0 0.92283
4250.0 1450.0 0.98934
4350.0 1450.0 0.83466
4450.0 1450.0 0.56501
4550.0 1450.0 0.34231
4650.0 1450.0 0.25266
4750.0 1450.0 0.24926
4850.0 1450.0 0.40053
4950.0 1450.0 0.64478
5050.0 1450.0 0.84021
5150.0 1450.0 0.87143
5250.0 1450.0 0.70517
5350.0 1450.0 0.39499
5450.0 1450.0 0.03422
5550.0 1450.0 -0.33072
5650.0 1450.0 -0.60354
5750.0 1450.0 -0.64376
5850.0 1450.0 -0.40012
5950.0 1450.0 0.03813
6050.0 1450.0 0.48154
6150.0 1450.0 0.77219
6250.0 1450.0 0.96083
6350.0 1450.0 1.06154
50.0 1550.0 -0.07313
150.0 1550.0 0.12115
250.0 1550.0 0.51879
350.0 1550.0 0.99007
450.0 1550.0 1.29914
550.0 1550.0 1.29039
650.0 1550.0 0.96917
750.0 1550.0 0.47671
850.0 1550.0 -0.03708
950.0 1550.0 -0.42186
1050.0 1550.0 -0.49635
1150.0 1550.0 -0.26748
1250.0 1550.0 0.11036
1350.0 1550.0 0.41571
1450.0 1550.0 0.45551
1550.0 1550.0 0.17596
1650.0 1550.0 -0.24018
1750.0 1550.0 -0.60246
1850.0 1550.0 -0.79490
1950.0 1550.0 -0.74806
2050.0 1550.0 -0.49851
2150.0 1550.0 -0.18514
2250.0 1550.0 0.02029
2350.0 1550.0 0.04836
2450.0 1550.0 -0.04046
2550.0 1550.0 -0.35026
2650.0 1550.0 -0.77296
2750.0 1550.0 -1.08505
2850.0 1550.0 -1.11977
2950.0 1550.0 -0.84995
3050.0 1550.0 -0.38164
3150.0 1550.0 0.13801
3250.0 1550.0 0.52020
3350.0 1550.0 0.57553
3450.0 1550.0 0.31843
3550.0 1550.0 -0.08497
3650.0 1550.0 -0.40280
3750.0 1550.0 -0.43761
3850.0 1550.0 -0.14069
3950.0 1550.0 0.29543
4050.0 1550.0 0.69953
4150.0 1550.0 0.95095
4250.0 1550.0 0.95362
4350.0 1550.0 0.72133
4450.0 1550.0 0.38712
4550.0 1550.0 0.13412
4650.0 1550.0 0.04789
4750.0 1550.0 0.05773
4850.0 1550.0 0.22952
4950.0 1550.0 0.49816
5050.0 1550.0 0.71473
5150.0 1550.0 0.75844
5250.0 1550.0 0.59493
5350.0 1550.0 0.28097
5450.0 1550.0 -0.08619
5550.0 1550.0 -0.48026
5650.0 1550.0 -0.82988
5750.0 1550.0 -0.98572
5850.0 1550.0 -0.86795
5950.0 1550.0 -0.53315
6050.0 1550.0 -0.14811
6150.0 1550.0 0.12951
6250.0 1550.0 0.32504
6350.0 1550.0 0.45844
50.0 1650.0 0.13989
150.0 1650.0 0.32389
250.0 1650.0 0.65761
350.0 1650.0 1.00490
450.0 1650.0 1.15714
550.0 1650.0 1.00054
650.0 1650.0 0.57830
750.0 1650.0 0.04762
850.0 1650.0 -0.46407
950.0 1650.0 -0.83195
1050.0 1650.0 -0.86468
1150.0 1650.0 -0.57333
1250.0 1650.0 -0.12710
1350.0 1650.0 0.23532
1450.0 1650.0 0.30876
1550.0 1650.0 0.03878
1650.0 1650.0 -0.37766
1750.0 1650.0 -0.74277
1850.0 1650.0 -0.94130
1950.0 1650.0 -0.90248
2050.0 1650.0 -0.66064
2150.0 1650.0 -0.35260
2250.0 1650.0 -0.14913
2350.0 1650.0 -0.12042
2450.0 1650.0 -0.20184
2550.0 1650.0 -0.47836
2650.0 1650.0 -0.83892
2750.0 1650.0 -1.07294
2850.0 1650.0 -1.03365
2950.0 1650.0 -0.71217
3050.0 1650.0 -0.22228
3150.0 1650.0 0.29988
3250.0 1650.0 0.67791
3350.0 1650.0 0.71746
3450.0 1650.0 0.43385
3550.0 1650.0 -0.00062
3650.0 1650.0 -0.34589
3750.0 1650.0 -0.39786
3850.0 1650.0 -0.10648
3950.0 1650.0 0.32785
4050.0 1650.0 0.72036
4150.0 1650.0 0.94538
4250.0 1650.0 0.91085
4350.0 1650.0 0.63962
4450.0 1650.0 0.27455
4550.0 1650.0 0.00497
4650.0 1650.0 -0.08550
4750.0 1650.0 -0.07833
4850.0 1650.0 0.08710
4950.0 1650.0 0.34610
5050.0 1650.0 0.55222
5150.0 1650.0 0.58748
5250.0 1650.0 0.41934
5350.0 1650.0 0.10463
5450.0 1650.0 -0.26170
5550.0 1650.0 -0.67106
5650.0 1650.0 -1.07218
5750.0 1650.0 -1.31239
5850.0 1650.0 -1.29240
5950.0 1650.0 -1.04341
6050.0 1650.0 -0.71190
6150.0 1650.0 -0.45198
6250.0 1650.0 -0.25858
6350.0 1650.0 -0.11472
50.0 1750.0 0.24235
150.0 1750.0 0.42539
250.0 1750.0 0.68149
350.0 1750.0 0.87610
450.0 1750.0 0.84884
550.0 1750.0 0.54546
650.0 1750.0 0.05283
750.0 1750.0 -0.46319
850.0 1750.0 -0.91164
950.0 1750.0 -1.20259
1050.0 1750.0 -1.14688
1150.0 1750.0 -0.77412
1250.0 1750.0 -0.27192
1350.0 1750.0 0.11565
1450.0 1750.0 0.19325
1550.0 1750.0 -0.07666
1650.0 1750.0 -0.49216
1750.0 1750.0 -0.87312
1850.0 1750.0 -1.11017
1950.0 1750.0 -1.12218
2050.0 1750.0 -0.92717
2150.0 1750.0 -0.64792
2250.0 1750.0 -0.44933
2350.0 1750.0 -0.40769
2450.0 1750.0 -0.46346
2550.0 1750.0 -0.67769
2650.0 1750.0 -0.93837
2750.0 1750.0 -1.05601
2850.0 1750.0 -0.91208
2950.0 1750.0 -0.52036
3050.0 1750.0 -0.00140
3150.0 1750.0 0.52548
3250.0 1750.0 0.89942
3350.0 1750.0 0.91671
3450.0 1750.0 0.59019
3550.0 1750.0 0.09916
3650.0 1750.0 -0.30292
3750.0 1750.0 -0.39792
3850.0 1750.0 -0.12976
3950.0 1750.0 0.29193
4050.0 1750.0 0.68574
4150.0 1750.0 0.93110
4250.0 1750.0 0.92852
4350.0 1750.0 0.68791
4450.0 1750.0 0.34005
4550.0 1750.0 0.06824
4650.0 1750.0 -0.03968
4750.0 1750.0 -0.05820
4850.0 1750.0 0.06531
4950.0 1750.0 0.27376
5050.0 1750.0 0.43661
5150.0 1750.0 0.44792
5250.0 1750.0 0.27754
5350.0 1750.0 -0.02479
5450.0 1750.0 -0.37462
5550.0 1750.0 -0.77722
5650.0 1750.0 -1.20248
5750.0 1750.0 -1.50857
5850.0 1750.0 -1.58891
5950.0 1750.0 -1.45078
6050.0 1750.0 -1.21064
6150.0 1750.0 -1.00584
6250.0 1750.0 -0.85055
6350.0 1750.0 -0.74293
50.0 1850.0 0.18350
150.0 1850.0 0.38284
250.0 1850.0 0.55447
350.0 1850.0 0.57872
450.0 1850.0 0.36954
550.0 1850.0 -0.04925
650.0 1850.0 -0.54570
750.0 1850.0 -0.95925
850.0 1850.0 -1.25214
950.0 1850.0 -1.38040
1050.0 1850.0 -1.18041
1150.0 1850.0 -0.72111
1250.0 1850.0 -0.20849
1350.0 1850.0 0.13260
1450.0 1850.0 0.15527
1550.0 1850.0 -0.13378
1650.0 1850.0 -0.54670
1750.0 1850.0 -0.95773
1850.0 1850.0 -1.26825
1950.0 1850.0 -1.37545
2050.0 1850.0 -1.26508
2150.0 1850.0 -1.03340
2250.0 1850.0 -0.83573
2350.0 1850.0 -0.76144
2450.0 1850.0 -0.76823
2550.0 1850.0 -0.89637
2650.0 1850.0 -1.03745
2750.0 1850.0 -1.02720
2850.0 1850.0 -0.77554
2950.0 1850.0 -0.31484
3050.0 1850.0 0.23341
3150.0 1850.0 0.76863
3250.0 1850.0 1.14371
3350.0 1850.0 1.14281
3450.0 1850.0 0.77010
3550.0 1850.0 0.20822
3650.0 1850.0 -0.27412
3750.0 1850.0 -0.43831
3850.0 1850.0 -0.21573
3950.0 1850.0 0.17723
4050.0 1850.0 0.58627
4150.0 1850.0 0.90831
4250.0 1850.0 1.02144
4350.0 1850.0 0.89484
4450.0 1850.0 0.61985
4550.0 1850.0 0.35894
4650.0 1850.0 0.21233
4750.0 1850.0 0.13533
4850.0 1850.0 0.17188
4950.0 1850.0 0.28407
5050.0 1850.0 0.37395
5150.0 1850.0 0.35651
5250.0 1850.0 0.20023
5350.0 1850.0 -0.06496
5450.0 1850.0 -0.37421
5550.0 1850.0 -0.73126
5650.0 1850.0 -1.12194
5750.0 1850.0 -1.43826
5850.0 1850.0 -1.59129
5950.0 1850.0 -1.57486
6050.0 1850.0 -1.46705
6150.0 1850.0 -1.36933
6250.0 1850.0 -1.30626
6350.0 1850.0 -1.30404
50.0 1950.0 0.01139
150.0 1950.0 0.24300
250.0 1950.0 0.34423
350.0 1950.0 0.22194
450.0 1950.0 -0.12439
550.0 1950.0 -0.59169
650.0 1950.0 -1.01303
750.0 1950.0 -1.24814
850.0 1950.0 -1.31811
950.0 1950.0 -1.22847
1050.0 1950.0 -0.86516
1150.0 1950.0 -0.34990
1250.0 1950.0 0.10108
1350.0 1950.0 0.31014
1450.0 1950.0 0.21462
1550.0 1950.0 -0.11356
1650.0 1950.0 -0.52209
1750.0 1950.0 -0.96517
1850.0 1950.0 -1.35474
1950.0 1950.0 -1.56134
2050.0 1950.0 -1.53391
2150.0 1950.0 -1.34077
2250.0 1950.0 -1.12962
2350.0 1950.0 -1.00644
2450.0 1950.0 -0.95263
2550.0 1950.0 -1.00418
2650.0 1950.0 -1.06208
2750.0 1950.0 -0.97956
2850.0 1950.0 -0.67853
2950.0 1950.0 -0.19183
3050.0 1950.0 0.36874
3150.0 1950.0 0.91368
3250.0 1950.0 1.29969
3350.0 1950.0 1.30274
3450.0 1950.0 0.91238
3550.0 1950.0 0.30459
3650.0 1950.0 -0.24459
3750.0 1950.0 -0.47847
3850.0 1950.0 -0.31225
3950.0 1950.0 0.03967
4050.0 1950.0 0.46542
4150.0 1950.0 0.88472
4250.0 1950.0 1.14581
4350.0 1950.0 1.16415
4450.0 1950.0 0.97957
4550.0 1950.0 0.72760
4650.0 1950.0 0.52508
4750.0 1950.0 0.36828
4850.0 1950.0 0.29677
4950.0 1950.0 0.30096
5050.0 1950.0 0.32305
5150.0 1950.0 0.29842
5250.0 1950.0 0.18518
5350.0 1950.0 -0.01817
5450.0 1950.0 -0.26879
5550.0 1950.0 -0.54438
5650.0 1950.0 -0.83321
5750.0 1950.0 -1.07983
5850.0 1950.0 -1.24050
5950.0 1950.0 -1.31492
6050.0 1950.0 -1.34579
6150.0 1950.0 -1.38598
6250.0 1950.0 -1.45382
6350.0 1950.0 -1.60548
50.0 2050.0 -0.17288
150.0 2050.0 0.09833
250.0 2050.0 0.15853
350.0 2050.0 -0.05427
450.0 2050.0 -0.46447
550.0 2050.0 -0.90690
650.0 2050.0 -1.19719
750.0 2050.0 -1.22456
850.0 2050.0 -1.06066
950.0 2050.0 -0.75455
1050.0 2050.0 -0.25561
1150.0 2050.0 0.26195
1250.0 2050.0 0.58446
1350.0 2050.0 0.60031
1450.0 2050.0 0.34769
1550.0 2050.0 -0.03137
1650.0 2050.0 -0.43433
1750.0 2050.0 -0.89791
1850.0 2050.0 -1.33916
1950.0 2050.0 -1.60588
2050.0 2050.0 -1.61960
2150.0 2050.0 -1.43127
2250.0 2050.0 -1.18794
2350.0 2050.0 -1.01058
2450.0 2050.0 -0.90193
2550.0 2050.0 -0.91658
2650.0 2050.0 -0.96933
2750.0 2050.0 -0.91442
2850.0 2050.0 -0.65955
2950.0 2050.0 -0.21356
3050.0 2050.0 0.33229
3150.0 2050.0 0.88541
3250.0 2050.0 1.29240
3350.0 2050.0 1.33021
3450.0 2050.0 0.97073
3550.0 2050.0 0.37126
3650.0 2050.0 -0.19922
3750.0 2050.0 -0.47652
3850.0 2050.0 -0.36054
3950.0 2050.0 -0.05248
4050.0 2050.0 0.37791
4150.0 2050.0 0.86870
4250.0 2050.0 1.24199
4350.0 2050.0 1.36793
4450.0 2050.0 1.24386
4550.0 2050.0 0.98416
4650.0 2050.0 0.72045
4750.0 2050.0 0.48408
4850.0 2050.0 0.31773
4950.0 2050.0 0.24272
5050.0 2050.0 0.23594
5150.0 2050.0 0.24315
5250.0 2050.0 0.20188
5350.0 2050.0 0.07377
5450.0 2050.0 -0.11460
5550.0 2050.0 -0.29204
5650.0 2050.0 -0.43338
5750.0 2050.0 -0.54151
5850.0 2050.0 -0.63552
5950.0 2050.0 -0.74077
6050.0 2050.0 -0.87795
6150.0 2050.0 -1.05104
6250.0 2050.0 -1.25499
6350.0 2050.0 -1.56561
50.0 2150.0 -0.26347
150.0 2150.0 0.04250
250.0 2150.0 0.09119
350.0 2150.0 -0.15274
450.0 2150.0 -0.56255
550.0 2150.0 -0.93759
650.0 2150.0 -1.09193
750.0 2150.0 -0.94314
850.0 2150.0 -0.59559
950.0 2150.0 -0.12958
1050.0 2150.0 0.44527
1150.0 2150.0 0.91588
1250.0 2150.0 1.08215
1350.0 2150.0 0.89867
1450.0 2150.0 0.49380
1550.0 2150.0 0.06621
1650.0 2150.0 -0.33124
1750.0 2150.0 -0.79624
1850.0 2150.0 -1.24321
1950.0 2150.0 -1.50780
2050.0 2150.0 -1.50254
2150.0 2150.0 -1.27803
2250.0 2150.0 -0.98906
2350.0 2150.0 -0.76573
2450.0 2150.0 -0.62222
2550.0 2150.0 -0.64928
2650.0 2150.0 -0.77638
2750.0 2150.0 -0.84199
2850.0 2150.0 -0.71701
2950.0 2150.0 -0.36800
3050.0 2150.0 0.13987
3150.0 2150.0 0.69751
3250.0 2150.0 1.13071
3350.0 2150.0 1.22702
3450.0 2150.0 0.94205
3550.0 2150.0 0.40651
3650.0 2150.0 -0.13116
3750.0 2150.0 -0.41249
3850.0 2150.0 -0.32710
3950.0 2150.0 -0.05493
4050.0 2150.0 0.36079
4150.0 2150.0 0.86465
4250.0 2150.0 1.26550
4350.0 2150.0 1.41325
4450.0 2150.0 1.28820
4550.0 2150.0 0.99801
4650.0 2150.0 0.68234
4750.0 2150.0 0.38775
4850.0 2150.0 0.16692
4950.0 2150.0 0.06684
5050.0 2150.0 0.08365
5150.0 2150.0 0.15923
5250.0 2150.0 0.20413
5350.0 2150.0 0.14675
5450.0 2150.0 0.00817
5550.0 2150.0 -0.08188
5650.0 2150.0 -0.07457
5750.0 2150.0 -0.02125
5850.0 2150.0 -0.00287
5950.0 2150.0 -0.08060
6050.0 2150.0 -0.26995
6150.0 2150.0 -0.53813
6250.0 2150.0 -0.84773
6350.0 2150.0 -1.27699
50.0 2250.0 -0.19644
150.0 2250.0 0.12927
250.0 2250.0 0.18228
350.0 2250.0 -0.05796
450.0 2250.0 -0.44255
550.0 2250.0 -0.75916
650.0 2250.0 -0.82704
750.0 2250.0 -0.58096
850.0 2250.0 -0.13876
950.0 2250.0 0.40093
1050.0 2250.0 0.98737
1150.0 2250.0 1.38949
1250.0 2250.0 1.42469
1350.0 2250.0 1.09482
1450.0 2250.0 0.58491
1550.0 2250.0 0.12440
1650.0 2250.0 -0.26883
1750.0 2250.0 -0.71749
1850.0 2250.0 -1.12685
1950.0 2250.0 -1.33293
2050.0 2250.0 -1.25811
2150.0 2250.0 -0.96831
2250.0 2250.0 -0.63196
2350.0 2250.0 -0.38076
2450.0 2250.0 -0.22748
2550.0 2250.0 -0.30288
2650.0 2250.0 -0.54793
2750.0 2250.0 -0.77611
2850.0 2250.0 -0.81329
2950.0 2250.0 -0.58040
3050.0 2250.0 -0.11900
3150.0 2250.0 0.43908
3250.0 2250.0 0.89632
3350.0 2250.0 1.05648
3450.0 2250.0 0.86414
3550.0 2250.0 0.42338
3650.0 2250.0 -0.04410
3750.0 2250.0 -0.29526
3850.0 2250.0 -0.21621
3950.0 2250.0 0.03531
4050.0 2250.0 0.41874
4150.0 2250.0 0.87145
4250.0 2250.0 1.20513
4350.0 2250.0 1.27987
4450.0 2250.0 1.08902
4550.0 2250.0 0.75011
4650.0 2250.0 0.40211
4750.0 2250.0 0.08218
4850.0 2250.0 -0.14406
4950.0 2250.0 -0.21467
5050.0 2250.0 -0.13268
5150.0 2250.0 0.02800
5250.0 2250.0 0.15158
5350.0 2250.0 0.14426
5450.0 2250.0 0.03247
5550.0 2250.0 -0.00388
5650.0 2250.0 0.10732
5750.0 2250.0 0.28744
5850.0 2250.0 0.41328
5950.0 2250.0 0.39226
6050.0 2250.0 0.20162
6150.0 2250.0 -0.10817
6250.0 2250.0 -0.47088
6350.0 2250.0 -0.95115
50.0 2350.0 0.00507
150.0 2350.0 0.33497
250.0 2350.0 0.39238
350.0 2350.0 0.15977
450.0 2350.0 -0.21145
550.0 2350.0 -0.50916
650.0 2350.0 -0.55567
750.0 2350.0 -0.28975
850.0 2350.0 0.16936
950.0 2350.0 0.71275
1050.0 2350.0 1.27023
1150.0 2350.0 1.60978
1250.0 2350.0 1.56383
1350.0 2350.0 1.15779
1450.0 2350.0 0.59860
1550.0 2350.0 0.12313
1650.0 2350.0 -0.26744
1750.0 2350.0 -0.69031
1850.0 2350.0 -1.03858
1950.0 2350.0 -1.15720
2050.0 2350.0 -0.98972
2150.0 2350.0 -0.62559
2250.0 2350.0 -0.24863
2350.0 2350.0 0.01329
2450.0 2350.0 0.15831
2550.0 2350.0 0.02255
2650.0 2350.0 -0.34190
2750.0 2350.0 -0.72327
2850.0 2350.0 -0.90714
2950.0 2350.0 -0.77676
3050.0 2350.0 -0.35690
3150.0 2350.0 0.19894
3250.0 2350.0 0.67403
3350.0 2350.0 0.88892
3450.0 2350.0 0.78273
3550.0 2350.0 0.43824
3650.0 2350.0 0.05160
3750.0 2350.0 -0.15291
3850.0 2350.0 -0.06304
3950.0 2350.0 0.18155
4050.0 2350.0 0.52355
4150.0 2350.0 0.88380
4250.0 2350.0 1.08839
4350.0 2350.0 1.02886
4450.0 2350.0 0.73222
4550.0 2350.0 0.33699
4650.0 2350.0 -0.02496
4750.0 2350.0 -0.34339
4850.0 2350.0 -0.54064
4950.0 2350.0 -0.54973
5050.0 2350.0 -0.38557
5150.0 2350.0 -0.14322
5250.0 2350.0 0.04021
5350.0 2350.0 0.06011
5450.0 2350.0 -0.04528
5550.0 2350.0 -0.06286
5650.0 2350.0 0.09552
5750.0 2350.0 0.34386
5850.0 2350.0 0.54051
5950.0 2350.0 0.57377
6050.0 2350.0 0.40930
6150.0 2350.0 0.09953
6250.0 2350.0 -0.27097
6350.0 2350.0 -0.74462
50.0 2450.0 0.29938
150.0 2450.0 0.62310
250.0 2450.0 0.67458
350.0 2450.0 0.43590
450.0 2450.0 0.05799
550.0 2450.0 -0.24725
650.0 2450.0 -0.30188
750.0 2450.0 -0.04420
850.0 2450.0 0.40652
950.0 2450.0 0.92784
1050.0 2450.0 1.43488
1150.0 2450.0 1.70415
1250.0 2450.0 1.58767
1350.0 2450.0 1.12993
1450.0 2450.0 0.54813
1550.0 2450.0 0.07591
1650.0 2450.0 -0.29968
1750.0 2450.0 -0.68435
1850.0 2450.0 -0.96173
1950.0 2450.0 -0.98901
2050.0 2450.0 -0.73170
2150.0 2450.0 -0.30015
2250.0 2450.0 0.11107
2350.0 2450.0 0.38075
2450.0 2450.0 0.51780
2550.0 2450.0 0.33069
2650.0 2450.0 -0.13509
2750.0 2450.0 -0.64750
2850.0 2450.0 -0.95854
2950.0 2450.0 -0.91931
3050.0 2450.0 -0.53947
3150.0 2450.0 0.00976
3250.0 2450.0 0.49544
3350.0 2450.0 0.75419
3450.0 2450.0 0.72311
3550.0 2450.0 0.46765
3650.0 2450.0 0.16042
3750.0 2450.0 0.00616
3850.0 2450.0 0.11274
3950.0 2450.0 0.35597
4050.0 2450.0 0.65773
4150.0 2450.0 0.92152
4250.0 2450.0 0.99121
4350.0 2450.0 0.79404
4450.0 2450.0 0.39371
4550.0 2450.0 -0.04983
4650.0 2450.0 -0.41394
4750.0 2450.0 -0.71824
4850.0 2450.0 -0.87474
4950.0 2450.0 -0.81534
5050.0 2450.0 -0.56955
5150.0 2450.0 -0.25276
5250.0 2450.0 -0.01911
5350.0 2450.0 0.02108
5450.0 2450.0 -0.08153
5550.0 2450.0 -0.09153
5650.0 2450.0 0.08938
5750.0 2450.0 0.37571
5850.0 2450.0 0.61903
5950.0 2450.0 0.69683
6050.0 2450.0 0.56469
6150.0 2450.0 0.27166
6250.0 2450.0 -0.08612
6350.0 2450.0 -0.52684
50.0 2550.0 0.76888
150.0 2550.0 1.05974
250.0 2550.0 1.07592
350.0 2550.0 0.79696
450.0 2550.0 0.37307
550.0 2550.0 0.01811
650.0 2550.0 -0.08610
750.0 2550.0 0.12583
850.0 2550.0 0.53390
950.0 2550.0 0.98871
1050.0 2550.0 1.39076
1150.0 2550.0 1.54959
1250.0 2550.0 1.35863
1350.0 2550.0 0.88488
1450.0 2550.0 0.33959
1550.0 2550.0 -0.07017
1650.0 2550.0 -0.37817
1750.0 2550.0 -0.68300
1850.0 2550.0 -0.87345
1950.0 2550.0 -0.82457
2050.0 2550.0 -0.51550
2150.0 2550.0 -0.05762
2250.0 2550.0 0.36537
2350.0 2550.0 0.64560
2450.0 2550.0 0.79106
2550.0 2550.0 0.59512
2650.0 2550.0 0.09321
2750.0 2550.0 -0.48083
2850.0 2550.0 -0.86545
2950.0 2550.0 -0.89178
3050.0 2550.0 -0.55392
3150.0 2550.0 -0.02742
3250.0 2550.0 0.44487
3350.0 2550.0 0.71296
3450.0 2550.0 0.72063
3550.0 2550.0 0.52705
3650.0 2550.0 0.28752
3750.0 2550.0 0.18587
3850.0 2550.0 0.31879
3950.0 2550.0 0.57151
4050.0 2550.0 0.84613
4150.0 2550.0 1.03409
4250.0 2550.0 1.00057
4350.0 2550.0 0.70716
4450.0 2550.0 0.24796
4550.0 2550.0 -0.20364
4650.0 2550.0 -0.53754
4750.0 2550.0 -0.79952
4850.0 2550.0 -0.89862
4950.0 2550.0 -0.77299
5050.0 2550.0 -0.46613
5150.0 2550.0 -0.10467
5250.0 2550.0 0.15423
5350.0 2550.0 0.20575
5450.0 2550.0 0.10941
5550.0 2550.0 0.09462
5650.0 2550.0 0.25498
5750.0 2550.0 0.51946
5850.0 2550.0 0.75691
5950.0 2550.0 0.85371
6050.0 2550.0 0.76224
6150.0 2550.0 0.52012
6250.0 2550.0 0.21946
6350.0 2550.0 -0.13114
50.0 2650.0 1.24592
150.0 2650.0 1.47687
250.0 2650.0 1.43973
350.0 2650.0 1.11071
450.0 2650.0 0.63313
550.0 2650.0 0.21579
650.0 2650.0 0.03986
750.0 2650.0 0.17415
850.0 2650.0 0.50221
950.0 2650.0 0.84451
1050.0 2650.0 1.09257
1150.0 2650.0 1.11539
1250.0 2650.0 0.86761
1350.0 2650.0 0.43691
1450.0 2650.0 0.00580
1550.0 2650.0 -0.27188
1650.0 2650.0 -0.45427
1750.0 2650.0 -0.64183
1850.0 2650.0 -0.74898
1950.0 2650.0 -0.67142
2050.0 2650.0 -0.38489
2150.0 2650.0 0.02856
2250.0 2650.0 0.42547
2350.0 2650.0 0.71711
2450.0 2650.0 0.89058
2550.0 2650.0 0.74003
2650.0 2650.0 0.28763
2750.0 2650.0 -0.25435
2850.0 2650.0 -0.63732
2950.0 2650.0 -0.68998
3050.0 2650.0 -0.39197
3150.0 2650.0 0.09405
3250.0 2650.0 0.52343
3350.0 2650.0 0.75341
3450.0 2650.0 0.74498
3550.0 2650.0 0.56675
3650.0 2650.0 0.36781
3750.0 2650.0 0.31298
3850.0 2650.0 0.48054
3950.0 2650.0 0.75540
4050.0 2650.0 1.02354
4150.0 2650.0 1.17280
4250.0 2650.0 1.09126
4350.0 2650.0 0.76834
4450.0 2650.0 0.31621
4550.0 2650.0 -0.09045
4650.0 2650.0 -0.35660
4750.0 2650.0 -0.54691
4850.0 2650.0 -0.58069
4950.0 2650.0 -0.41136
5050.0 2650.0 -0.09147
5150.0 2650.0 0.25778
5250.0 2650.0 0.49775
5350.0 2650.0 0.54408
5450.0 2650.0 0.45743
5550.0 2650.0 0.42373
5650.0 2650.0 0.51444
5750.0 2650.0 0.68870
5850.0 2650.0 0.85985
5950.0 2650.0 0.94560
6050.0 2650.0 0.90326
6150.0 2650.0 0.74994
6250.0 2650.0 0.55584
6350.0 2650.0 0.35782
50.0 2750.0 1.48390
150.0 2750.0 1.64352
250.0 2750.0 1.56217
350.0 2750.0 1.21442
450.0 2750.0 0.72561
550.0 2750.0 0.28349
650.0 2750.0 0.05480
750.0 2750.0 0.10669
850.0 2750.0 0.33524
950.0 2750.0 0.54424
1050.0 2750.0 0.62651
1150.0 2750.0 0.52409
1250.0 2750.0 0.25790
1350.0 2750.0 -0.07228
1450.0 2750.0 -0.33103
1550.0 2750.0 -0.43357
1650.0 2750.0 -0.45919
1750.0 2750.0 -0.52047
1850.0 2750.0 -0.57421
1950.0 2750.0 -0.53374
2050.0 2750.0 -0.35202
2150.0 2750.0 -0.05430
2250.0 2750.0 0.27906
2350.0 2750.0 0.57963
2450.0 2750.0 0.79368
2550.0 2750.0 0.72727
2650.0 2750.0 0.38841
2750.0 2750.0 -0.04866
2850.0 2750.0 -0.36845
2950.0 2750.0 -0.41190
3050.0 2750.0 -0.14695
3150.0 2750.0 0.28913
3250.0 2750.0 0.65563
3350.0 2750.0 0.80975
3450.0 2750.0 0.73638
3550.0 2750.0 0.52670
3650.0 2750.0 0.33527
3750.0 2750.0 0.31310
3850.0 2750.0 0.51673
3950.0 2750.0 0.82145
4050.0 2750.0 1.10237
4150.0 2750.0 1.25170
4250.0 2750.0 1.17831
4350.0 2750.0 0.88935
4450.0 2750.0 0.50139
4550.0 2750.0 0.17945
4650.0 2750.0 0.00364
4750.0 2750.0 -0.10153
4850.0 2750.0 -0.07937
4950.0 2750.0 0.09531
5050.0 2750.0 0.36917
5150.0 2750.0 0.64412
5250.0 2750.0 0.81962
5350.0 2750.0 0.84319
5450.0 2750.0 0.76749
5550.0 2750.0 0.70666
5650.0 2750.0 0.69925
5750.0 2750.0 0.74340
5850.0 2750.0 0.81251
5950.0 2750.0 0.86863
6050.0 2750.0 0.87892
6150.0 2750.0 0.83508
6250.0 2750.0 0.77475
6350.0 2750.0 0.76209
50.0 2850.0 1.35307
150.0 2850.0 1.45045
250.0 2850.0 1.35626
350.0 2850.0 1.04673
450.0 2850.0 0.61843
550.0 2850.0 0.22069
650.0 2850.0 -0.01049
750.0 2850.0 -0.01707
850.0 2850.0 0.11893
950.0 2850.0 0.20807
1050.0 2850.0 0.15453
1150.0 2850.0 -0.03190
1250.0 2850.0 -0.27570
1350.0 2850.0 -0.47604
1450.0 2850.0 -0.55029
1550.0 2850.0 -0.48049
1650.0 2850.0 -0.35882
1750.0 2850.0 -0.31671
1850.0 2850.0 -0.35867
1950.0 2850.0 -0.40841
2050.0 2850.0 -0.38343
2150.0 2850.0 -0.24024
2250.0 2850.0 0.00989
2350.0 2850.0 0.31483
2450.0 2850.0 0.56929
2550.0 2850.0 0.59273
2650.0 2850.0 0.38069
2750.0 2850.0 0.06726
2850.0 2850.0 -0.16972
2950.0 2850.0 -0.18852
3050.0 2850.0 0.05155
3150.0 2850.0 0.44068
3250.0 2850.0 0.74294
3350.0 2850.0 0.81042
3450.0 2850.0 0.65180
3550.0 2850.0 0.38532
3650.0 2850.0 0.17778
3750.0 2850.0 0.17256
3850.0 2850.0 0.40632
3950.0 2850.0 0.74021
4050.0 2850.0 1.04285
4150.0 2850.0 1.21467
4250.0 2850.0 1.18053
4350.0 2850.0 0.95639
4450.0 2850.0 0.65459
4550.0 2850.0 0.42581
4650.0 2850.0 0.33785
4750.0 2850.0 0.30959
4850.0 2850.0 0.36576
4950.0 2850.0 0.50979
5050.0 2850.0 0.69518
5150.0 2850.0 0.85745
5250.0 2850.0 0.94272
5350.0 2850.0 0.93309
5450.0 2850.0 0.86692
5550.0 2850.0 0.78029
5650.0 2850.0 0.67963
5750.0 2850.0 0.60009
5850.0 2850.0 0.57205
5950.0 2850.0 0.59974
6050.0 2850.0 0.65976
6150.0 2850.0 0.71966
6250.0 2850.0 0.78600
6350.0 2850.0 0.94732
50.0 2950.0 0.91094
150.0 2950.0 0.97140
250.0 2950.0 0.90227
350.0 2950.0 0.68467
450.0 2950.0 0.38153
550.0 2950.0 0.09393
650.0 2950.0 -0.08344
750.0 2950.0 -0.10765
850.0 2950.0 -0.03390
950.0 2950.0 -0.02326
1050.0 2950.0 -0.15549
1150.0 2950.0 -0.37490
1250.0 2950.0 -0.57404
1350.0 2950.0 -0.65896
1450.0 2950.0 -0.58964
1550.0 2950.0 -0.39554
1650.0 2950.0 -0.17256
1750.0 2950.0 -0.07065
1850.0 2950.0 -0.13302
1950.0 2950.0 -0.28592
2050.0 2950.0 -0.41201
2150.0 2950.0 -0.40912
2250.0 2950.0 -0.23372
2350.0 2950.0 0.07123
2450.0 2950.0 0.35310
2550.0 2950.0 0.43555
2650.0 2950.0 0.30508
2750.0 2950.0 0.06932
2850.0 2950.0 -0.11792
2950.0 2950.0 -0.12501
3050.0 2950.0 0.09557
3150.0 2950.0 0.45188
3250.0 2950.0 0.70818
3350.0 2950.0 0.71118
3450.0 2950.0 0.48648
3550.0 2950.0 0.17270
3650.0 2950.0 -0.05276
3750.0 2950.0 -0.05027
3850.0 2950.0 0.20324
3950.0 2950.0 0.55742
4050.0 2950.0 0.87562
4150.0 2950.0 1.06418
4250.0 2950.0 1.05886
4350.0 2950.0 0.88138
4450.0 2950.0 0.64068
4550.0 2950.0 0.47724
4650.0 2950.0 0.45043
4750.0 2950.0 0.47298
4850.0 2950.0 0.53974
4950.0 2950.0 0.63799
5050.0 2950.0 0.73123
5150.0 2950.0 0.78630
5250.0 2950.0 0.78895
5350.0 2950.0 0.74831
5450.0 2950.0 0.68824
5550.0 2950.0 0.58619
5650.0 2950.0 0.42858
5750.0 2950.0 0.27555
5850.0 2950.0 0.19413
5950.0 2950.0 0.21413
6050.0 2950.0 0.31590
6150.0 2950.0 0.44991
6250.0 2950.0 0.60453
6350.0 2950.0 0.88937
50.0 3050.0 0.34729
150.0 3050.0 0.40067
250.0 3050.0 0.38429
350.0 3050.0 0.28599
450.0 3050.0 0.13789
550.0 3050.0 -0.00557
650.0 3050.0 -0.09146
750.0 3050.0 -0.09405
850.0 3050.0 -0.04309
950.0 3050.0 -0.06083
1050.0 3050.0 -0.21353
1150.0 3050.0 -0.42763
1250.0 3050.0 -0.58716
1350.0 3050.0 -0.60657
1450.0 3050.0 -0.46756
1550.0 3050.0 -0.21955
1650.0 3050.0 0.04387
1750.0 3050.0 0.16110
1850.0 3050.0 0.06910
1950.0 3050.0 -0.15596
2050.0 3050.0 -0.37494
2150.0 3050.0 -0.45368
2250.0 3050.0 -0.32127
2350.0 3050.0 -0.01857
2450.0 3050.0 0.27108
2550.0 3050.0 0.36013
2650.0 3050.0 0.22978
2750.0 3050.0 -0.01611
2850.0 3050.0 -0.22268
2950.0 3050.0 -0.25250
3050.0 3050.0 -0.05100
3150.0 3050.0 0.29112
3250.0 3050.0 0.53055
3350.0 3050.0 0.51313
3450.0 3050.0 0.27087
3550.0 3050.0 -0.05153
3650.0 3050.0 -0.27516
3750.0 3050.0 -0.26403
3850.0 3050.0 -0.00089
3950.0 3050.0 0.36073
4050.0 3050.0 0.67660
4150.0 3050.0 0.85174
4250.0 3050.0 0.82973
4350.0 3050.0 0.64179
4450.0 3050.0 0.40311
4550.0 3050.0 0.25468
4650.0 3050.0 0.25075
4750.0 3050.0 0.29225
4850.0 3050.0 0.35491
4950.0 3050.0 0.41875
5050.0 3050.0 0.45473
5150.0 3050.0 0.44755
5250.0 3050.0 0.40376
5350.0 3050.0 0.34537
5450.0 3050.0 0.28755
5550.0 3050.0 0.18461
5650.0 3050.0 0.02059
5750.0 3050.0 -0.13566
5850.0 3050.0 -0.20858
5950.0 3050.0 -0.16588
6050.0 3050.0 -0.03169
6150.0 3050.0 0.13680
6250.0 3050.0 0.32812
6350.0 3050.0 0.67056
50.0 3150.0 -0.19177
150.0 3150.0 -0.12863
250.0 3150.0 -0.08279
350.0 3150.0 -0.05930
450.0 3150.0 -0.05196
550.0 3150.0 -0.04725
650.0 3150.0 -0.03005
750.0 3150.0 0.00868
850.0 3150.0 0.06113
950.0 3150.0 0.04444
1050.0 3150.0 -0.09874
1150.0 3150.0 -0.29428
1250.0 3150.0 -0.42982
1350.0 3150.0 -0.42598
1450.0 3150.0 -0.27047
1550.0 3150.0 -0.01500
1650.0 3150.0 0.25078
1750.0 3150.0 0.36041
1850.0 3150.0 0.24511
1950.0 3150.0 -0.01556
2050.0 3150.0 -0.27332
2150.0 3150.0 -0.38345
2250.0 3150.0 -0.26770
2350.0 3150.0 0.03181
2450.0 3150.0 0.31535
2550.0 3150.0 0.37343
2650.0 3150.0 0.18405
2750.0 3150.0 -0.13683
2850.0 3150.0 -0.41512
2950.0 3150.0 -0.49550
3050.0 3150.0 -0.31552
3150.0 3150.0 0.02366
3250.0 3150.0 0.26569
3350.0 3150.0 0.26010
3450.0 3150.0 0.03836
3550.0 3150.0 -0.25956
3650.0 3150.0 -0.46128
3750.0 3150.0 -0.43628
3850.0 3150.0 -0.16859
3950.0 3150.0 0.19205
4050.0 3150.0 0.49130
4150.0 3150.0 0.62700
4250.0 3150.0 0.54966
4350.0 3150.0 0.30487
4450.0 3150.0 0.02277
4550.0 3150.0 -0.14672
4650.0 3150.0 -0.15291
4750.0 3150.0 -0.11156
4850.0 3150.0 -0.05629
4950.0 3150.0 -0.00820
5050.0 3150.0 0.00695
5150.0 3150.0 -0.02059
5250.0 3150.0 -0.07883
5350.0 3150.0 -0.14317
5450.0 3150.0 -0.20130
5550.0 3150.0 -0.29642
5650.0 3150.0 -0.43542
5750.0 3150.0 -0.55086
5850.0 3150.0 -0.57633
5950.0 3150.0 -0.49159
6050.0 3150.0 -0.33060
6150.0 3150.0 -0.15239
6250.0 3150.0 0.04335
6350.0 3150.0 0.40303
50.0 3250.0 -0.62578
150.0 3250.0 -0.57304
250.0 3250.0 -0.47728
350.0 3250.0 -0.33101
450.0 3250.0 -0.15405
550.0 3250.0 0.02002
650.0 3250.0 0.15858
750.0 3250.0 0.24577
850.0 3250.0 0.29718
950.0 3250.0 0.27450
1050.0 3250.0 0.12494
1150.0 3250.0 -0.07698
1250.0 3250.0 -0.21851
1350.0 3250.0 -0.22006
1450.0 3250.0 -0.06940
1550.0 3250.0 0.18146
1650.0 3250.0 0.44362
1750.0 3250.0 0.55723
1850.0 3250.0 0.45155
1950.0 3250.0 0.19639
2050.0 3250.0 -0.06822
2150.0 3250.0 -0.19937
2250.0 3250.0 -0.11405
2350.0 3250.0 0.15274
2450.0 3250.0 0.39626
2550.0 3250.0 0.38511
2650.0 3250.0 0.09810
2750.0 3250.0 -0.33069
2850.0 3250.0 -0.70472
2950.0 3250.0 -0.85208
3050.0 3250.0 -0.70696
3150.0 3250.0 -0.38447
3250.0 3250.0 -0.15191
3350.0 3250.0 -0.15186
3450.0 3250.0 -0.35110
3550.0 3250.0 -0.61570
3650.0 3250.0 -0.78438
3750.0 3250.0 -0.73801
3850.0 3250.0 -0.46529
3950.0 3250.0 -0.10779
4050.0 3250.0 0.18039
4150.0 3250.0 0.29133
4250.0 3250.0 0.17659
4350.0 3250.0 -0.11143
4450.0 3250.0 -0.43288
4550.0 3250.0 -0.62980
4650.0 3250.0 -0.65123
4750.0 3250.0 -0.61855
4850.0 3250.0 -0.55727
4950.0 3250.0 -0.48805
5050.0 3250.0 -0.44487
5150.0 3250.0 -0.44870
5250.0 3250.0 -0.49675
5350.0 3250.0 -0.56734
5450.0 3250.0 -0.64133
5550.0 3250.0 -0.75203
5650.0 3250.0 -0.90041
5750.0 3250.0 -1.01344
5850.0 3250.0 -1.02390
5950.0 3250.0 -0.91694
6050.0 3250.0 -0.73568
6150.0 3250.0 -0.54590
6250.0 3250.0 -0.34118
6350.0 3250.0 0.04741
50.0 3350.0 -0.79347
150.0 3350.0 -0.80237
250.0 3350.0 -0.70012
350.0 3350.0 -0.45596
450.0 3350.0 -0.11138
550.0 3350.0 0.24667
650.0 3350.0 0.52289
750.0 3350.0 0.66144
850.0 3350.0 0.70063
950.0 3350.0 0.65338
1050.0 3350.0 0.46568
1150.0 3350.0 0.21442
1250.0 3350.0 0.02060
1350.0 3350.0 -0.02686
1450.0 3350.0 0.09078
1550.0 3350.0 0.32170
1650.0 3350.0 0.57402
1750.0 3350.0 0.72059
1850.0 3350.0 0.69369
1950.0 3350.0 0.52420
2050.0 3350.0 0.30872
2150.0 3350.0 0.16583
2250.0 3350.0 0.18240
2350.0 3350.0 0.34977
2450.0 3350.0 0.48336
2550.0 3350.0 0.34360
2650.0 3350.0 -0.07939
2750.0 3350.0 -0.63081
2850.0 3350.0 -1.10010
2950.0 3350.0 -1.31516
3050.0 3350.0 -1.22190
3150.0 3350.0 -0.94826
3250.0 3350.0 -0.75705
3350.0 3350.0 -0.77437
3450.0 3350.0 -0.95862
3550.0 3350.0 -1.18163
3650.0 3350.0 -1.30062
3750.0 3350.0 -1.21971
3850.0 3350.0 -0.94073
3950.0 3350.0 -0.58943
4050.0 3350.0 -0.29570
4150.0 3350.0 -0.16826
4250.0 3350.0 -0.26811
4350.0 3350.0 -0.55505
4450.0 3350.0 -0.89429
4550.0 3350.0 -1.12415
4650.0 3350.0 -1.18490
4750.0 3350.0 -1.17806
4850.0 3350.0 -1.08825
4950.0 3350.0 -0.93403
5050.0 3350.0 -0.77936
5150.0 3350.0 -0.68674
5250.0 3350.0 -0.68800
5350.0 3350.0 -0.77286
5450.0 3350.0 -0.89754
5550.0 3350.0 -1.07533
5650.0 3350.0 -1.30754
5750.0 3350.0 -1.49871
5850.0 3350.0 -1.55847
5950.0 3350.0 -1.46368
6050.0 3350.0 -1.26740
6150.0 3350.0 -1.05466
6250.0 3350.0 -0.82585
6350.0 3350.0 -0.38802
50.0 3450.0 -0.65388
150.0 3450.0 -0.77411
250.0 3450.0 -0.72727
350.0 3450.0 -0.45255
450.0 3450.0 0.00031
550.0 3450.0 0.50030
650.0 3450.0 0.89012
750.0 3450.0 1.06666
850.0 3450.0 1.08251
950.0 3450.0 0.99873
1050.0 3450.0 0.75945
1150.0 3450.0 0.44471
1250.0 3450.0 0.18493
1350.0 3450.0 0.07937
1450.0 3450.0 0.15351
1550.0 3450.0 0.35523
1650.0 3450.0 0.59212
1750.0 3450.0 0.79554
1850.0 3450.0 0.90446
1950.0 3450.0 0.88566
2050.0 3450.0 0.76266
2150.0 3450.0 0.61148
2250.0 3450.0 0.52297
2350.0 3450.0 0.53152
2450.0 3450.0 0.49931
2550.0 3450.0 0.20924
2650.0 3450.0 -0.32509
2750.0 3450.0 -0.93826
2850.0 3450.0 -1.43232
2950.0 3450.0 -1.66701
3050.0 3450.0 -1.62089
3150.0 3450.0 -1.42300
3250.0 3450.0 -1.30251
3350.0 3450.0 -1.36135
3450.0 3450.0 -1.54340
3550.0 3450.0 -1.72448
3650.0 3450.0 -1.78508
3750.0 3450.0 -1.66159
3850.0 3450.0 -1.37631
3950.0 3450.0 -1.03381
4050.0 3450.0 -0.71817
4150.0 3450.0 -0.53386
4250.0 3450.0 -0.56715
4350.0 3450.0 -0.80823
4450.0 3450.0 -1.14182
4550.0 3450.0 -1.40728
4650.0 3450.0 -1.52825
4750.0 3450.0 -1.56493
4850.0 3450.0 -1.43908
4950.0 3450.0 -1.16667
5050.0 3450.0 -0.85593
5150.0 3450.0 -0.63008
5250.0 3450.0 -0.57115
5350.0 3450.0 -0.68494
5450.0 3450.0 -0.89155
5550.0 3450.0 -1.17724
5650.0 3450.0 -1.54447
5750.0 3450.0 -1.86164
5850.0 3450.0 -2.00108
5950.0 3450.0 -1.92625
6050.0 3450.0 -1.70607
6150.0 3450.0 -1.45649
6250.0 3450.0 -1.19242
6350.0 3450.0 -0.70935
50.0 3550.0 -0.30628
150.0 3550.0 -0.56195
250.0 3550.0 -0.62436
350.0 3550.0 -0.40351
450.0 3550.0 0.05996
550.0 3550.0 0.61413
650.0 3550.0 1.05804
750.0 3550.0 1.24673
850.0 3550.0 1.23346
950.0 3550.0 1.11463
1050.0 3550.0 0.83807
1150.0 3550.0 0.48589
1250.0 3550.0 0.19099
1350.0 3550.0 0.05392
1450.0 3550.0 0.09965
1550.0 3550.0 0.27439
1650.0 3550.0 0.49369
1750.0 3550.0 0.76049
1850.0 3550.0 1.02086
1950.0 3550.0 1.16910
2050.0 3550.0 1.14658
2150.0 3550.0 0.98212
2250.0 3550.0 0.77188
2350.0 3550.0 0.59908
2450.0 3550.0 0.38825
2550.0 3550.0 -0.01966
2650.0 3550.0 -0.57929
2750.0 3550.0 -1.13455
2850.0 3550.0 -1.53519
2950.0 3550.0 -1.70776
3050.0 3550.0 -1.68100
3150.0 3550.0 -1.56678
3250.0 3550.0 -1.52944
3350.0 3550.0 -1.64375
3450.0 3550.0 -1.83637
3550.0 3550.0 -1.98459
3650.0 3550.0 -1.99146
3750.0 3550.0 -1.82723
3850.0 3550.0 -1.53701
3950.0 3550.0 -1.20407
4050.0 3550.0 -0.85830
4150.0 3550.0 -0.59712
4250.0 3550.0 -0.53760
4350.0 3550.0 -0.70886
4450.0 3550.0 -1.02241
4550.0 3550.0 -1.32155
4650.0 3550.0 -1.50997
4750.0 3550.0 -1.59996
4850.0 3550.0 -1.45162
4950.0 3550.0 -1.07937
5050.0 3550.0 -0.63449
5150.0 3550.0 -0.29801
5250.0 3550.0 -0.19885
5350.0 3550.0 -0.35695
5450.0 3550.0 -0.65760
5550.0 3550.0 -1.06010
5650.0 3550.0 -1.56197
5750.0 3550.0 -1.99211
5850.0 3550.0 -2.18770
5950.0 3550.0 -2.10597
6050.0 3550.0 -1.84081
6150.0 3550.0 -1.54424
6250.0 3550.0 -1.24367
6350.0 3550.0 -0.74575
50.0 3650.0 0.05199
150.0 3650.0 -0.32679
250.0 3650.0 -0.51823
350.0 3650.0 -0.41107
450.0 3650.0 -0.02406
550.0 3650.0 0.49510
650.0 3650.0 0.92839
750.0 3650.0 1.10386
850.0 3650.0 1.06371
950.0 3650.0 0.92354
1050.0 3650.0 0.64387
1150.0 3650.0 0.30647
1250.0 3650.0 0.03525
1350.0 3650.0 -0.08226
1450.0 3650.0 -0.03249
1550.0 3650.0 0.12752
1650.0 3650.0 0.33142
1750.0 3650.0 0.64818
1850.0 3650.0 1.02803
1950.0 3650.0 1.30461
2050.0 3650.0 1.35251
2150.0 3650.0 1.16404
2250.0 3650.0 0.84257
2350.0 3650.0 0.51251
2450.0 3650.0 0.15809
2550.0 3650.0 -0.29868
2650.0 3650.0 -0.78012
2750.0 3650.0 -1.15933
2850.0 3650.0 -1.35990
2950.0 3650.0 -1.39587
3050.0 3650.0 -1.35198
3150.0 3650.0 -1.30714
3250.0 3650.0 -1.34294
3350.0 3650.0 -1.50999
3450.0 3650.0 -1.71973
3550.0 3650.0 -1.84880
3650.0 3650.0 -1.81731
3750.0 3650.0 -1.62274
3850.0 3650.0 -1.32965
3950.0 3650.0 -1.00491
4050.0 3650.0 -0.63266
4150.0 3650.0 -0.30403
4250.0 3650.0 -0.16283
4350.0 3650.0 -0.27213
4450.0 3650.0 -0.56698
4550.0 3650.0 -0.89439
4650.0 3650.0 -1.14074
4750.0 3650.0 -1.28148
4850.0 3650.0 -1.13791
4950.0 3650.0 -0.72505
5050.0 3650.0 -0.22152
5150.0 3650.0 0.15663
5250.0 3650.0 0.25349
5350.0 3650.0 0.04252
5450.0 3650.0 -0.33989
5550.0 3650.0 -0.83290
5650.0 3650.0 -1.41941
5750.0 3650.0 -1.89703
5850.0 3650.0 -2.08457
5950.0 3650.0 -1.94867
6050.0 3650.0 -1.61595
6150.0 3650.0 -1.27080
6250.0 3650.0 -0.94269
6350.0 3650.0 -0.47097
50.0 3750.0 0.21113
150.0 3750.0 -0.24680
250.0 3750.0 -0.54187
350.0 3750.0 -0.55282
450.0 3750.0 -0.27484
550.0 3750.0 0.16321
650.0 3750.0 0.54810
750.0 3750.0 0.69823
850.0 3750.0 0.64060
950.0 3750.0 0.49866
1050.0 3750.0 0.25349
1150.0 3750.0 -0.01592
1250.0 3750.0 -0.20509
1350.0 3750.0 -0.25208
1450.0 3750.0 -0.16405
1550.0 3750.0 -0.00228
1650.0 3750.0 0.19181
1750.0 3750.0 0.53117
1850.0 3750.0 0.96517
1950.0 3750.0 1.29374
2050.0 3750.0 1.35757
2150.0 3750.0 1.13382
2250.0 3750.0 0.73448
2350.0 3750.0 0.30750
2450.0 3750.0 -0.12342
2550.0 3750.0 -0.55671
2650.0 3750.0 -0.89019
2750.0 3750.0 -1.03585
2850.0 3750.0 -0.99494
2950.0 3750.0 -0.86460
3050.0 3750.0 -0.77631
3150.0 3750.0 -0.77071
3250.0 3750.0 -0.85139
3350.0 3750.0 -1.05255
3450.0 3750.0 -1.27624
3550.0 3750.0 -1.39785
3650.0 3750.0 -1.34670
3750.0 3750.0 -1.13596
3850.0 3750.0 -0.84175
3950.0 3750.0 -0.52232
4050.0 3750.0 -0.13770
4150.0 3750.0 0.22317
4250.0 3750.0 0.40178
4350.0 3750.0 0.31755
4450.0 3750.0 0.02442
4550.0 3750.0 -0.32493
4650.0 3750.0 -0.60712
4750.0 3750.0 -0.78449
4850.0 3750.0 -0.67356
4950.0 3750.0 -0.29204
5050.0 3750.0 0.17687
5150.0 3750.0 0.51416
5250.0 3750.0 0.56415
5350.0 3750.0 0.30307
5450.0 3750.0 -0.12970
5550.0 3750.0 -0.66363
5650.0 3750.0 -1.25835
5750.0 3750.0 -1.69630
5850.0 3750.0 -1.80158
5950.0 3750.0 -1.56676
6050.0 3750.0 -1.15362
6150.0 3750.0 -0.76795
6250.0 3750.0 -0.42734
6350.0 3750.0 -0.01344
50.0 3850.0 0.07791
150.0 3850.0 -0.40687
250.0 3850.0 -0.75296
350.0 3850.0 -0.83852
450.0 3850.0 -0.64347
550.0 3850.0 -0.27790
650.0 3850.0 0.05866
750.0 3850.0 0.18725
850.0 3850.0 0.12366
950.0 3850.0 -0.00363
1050.0 3850.0 -0.18913
1150.0 3850.0 -0.35823
1250.0 3850.0 -0.43118
1350.0 3850.0 -0.37764
1450.0 3850.0 -0.22966
1550.0 3850.0 -0.05284
1650.0 3850.0 0.13760
1750.0 3850.0 0.47176
1850.0 3850.0 0.89351
1950.0 3850.0 1.19758
2050.0 3850.0 1.22480
2150.0 3850.0 0.95861
2250.0 3850.0 0.52017
2350.0 3850.0 0.06214
2450.0 3850.0 -0.37892
2550.0 3850.0 -0.74317
2650.0 3850.0 -0.91543
2750.0 3850.0 -0.84401
2850.0 3850.0 -0.59144
2950.0 3850.0 -0.31449
3050.0 3850.0 -0.17333
3150.0 3850.0 -0.17594
3250.0 3850.0 -0.26963
3350.0 3850.0 -0.48062
3450.0 3850.0 -0.70829
3550.0 3850.0 -0.82766
3650.0 3850.0 -0.77075
3750.0 3850.0 -0.55527
3850.0 3850.0 -0.26072
3950.0 3850.0 0.05636
4050.0 3850.0 0.43628
4150.0 3850.0 0.78714
4250.0 3850.0 0.94939
4350.0 3850.0 0.84425
4450.0 3850.0 0.52975
4550.0 3850.0 0.16298
4650.0 3850.0 -0.13150
4750.0 3850.0 -0.32756
4850.0 3850.0 -0.26624
4950.0 3850.0 0.03079
5050.0 3850.0 0.39511
5150.0 3850.0 0.63146
5250.0 3850.0 0.60647
5350.0 3850.0 0.30635
5450.0 3850.0 -0.14230
5550.0 3850.0 -0.66841
5650.0 3850.0 -1.20413
5750.0 3850.0 -1.53288
5850.0 3850.0 -1.50367
5950.0 3850.0 -1.14553
6050.0 3850.0 -0.65247
6150.0 3850.0 -0.23908
6250.0 3850.0 0.10006
6350.0 3850.0 0.44533
50.0 3950.0 -0.21370
150.0 3950.0 -0.70028
250.0 3950.0 -1.06391
350.0 3950.0 -1.18576
450.0 3950.0 -1.03871
550.0 3950.0 -0.72059
650.0 3950.0 -0.41872
750.0 3950.0 -0.30593
850.0 3950.0 -0.37222
950.0 3950.0 -0.48190
1050.0 3950.0 -0.60484
1150.0 3950.0 -0.67014
1250.0 3950.0 -0.62230
1350.0 3950.0 -0.46268
1450.0 3950.0 -0.24872
1550.0 3950.0 -0.05106
1650.0 3950.0 0.13972
1750.0 3950.0 0.45874
1850.0 3950.0 0.84237
1950.0 3950.0 1.09164
2050.0 3950.0 1.06150
2150.0 3950.0 0.75059
2250.0 3950.0 0.28963
2350.0 3950.0 -0.17160
2450.0 3950.0 -0.59591
2550.0 3950.0 -0.87805
2650.0 3950.0 -0.89589
2750.0 3950.0 -0.63081
2850.0 3950.0 -0.19584
2950.0 3950.0 0.20667
3050.0 3950.0 0.39766
3150.0 3950.0 0.39748
3250.0 3950.0 0.30318
3350.0 3950.0 0.09385
3450.0 3950.0 -0.13005
3550.0 3950.0 -0.24481
3650.0 3950.0 -0.18406
3750.0 3950.0 0.03322
3850.0 3950.0 0.32728
3950.0 3950.0 0.64166
4050.0 3950.0 1.00676
4150.0 3950.0 1.32526
4250.0 3950.0 1.44319
4350.0 3950.0 1.29291
4450.0 3950.0 0.94392
4550.0 3950.0 0.55994
4650.0 3950.0 0.26266
4750.0 3950.0 0.05588
4850.0 3950.0 0.06394
4950.0 3950.0 0.26211
5050.0 3950.0 0.50430
5150.0 3950.0 0.62780
5250.0 3950.0 0.52765
5350.0 3950.0 0.20079
5450.0 3950.0 -0.24474
5550.0 3950.0 -0.74191
5650.0 3950.0 -1.19839
5750.0 3950.0 -1.40538
5850.0 3950.0 -1.24106
5950.0 3950.0 -0.76917
6050.0 3950.0 -0.20906
6150.0 3950.0 0.22289
6250.0 3950.0 0.55556
6350.0 3950.0 0.83672
50.0 4050.0 -0.66960
150.0 4050.0 -1.13066
250.0 4050.0 -1.45273
350.0 4050.0 -1.52456
450.0 4050.0 -1.33532
550.0 4050.0 -0.99512
650.0 4050.0 -0.69347
750.0 4050.0 -0.59554
850.0 4050.0 -0.68057
950.0 4050.0 -0.79787
1050.0 4050.0 -0.89647
1150.0 4050.0 -0.89929
1250.0 4050.0 -0.76194
1350.0 4050.0 -0.50962
1450.0 4050.0 -0.22612
1550.0 4050.0 0.00528
1650.0 4050.0 0.21049
1750.0 4050.0 0.52338
1850.0 4050.0 0.87003
1950.0 4050.0 1.05984
2050.0 4050.0 0.96657
2150.0 4050.0 0.60929
2250.0 4050.0 0.13170
2350.0 4050.0 -0.32020
2450.0 4050.0 -0.71350
2550.0 4050.0 -0.90143
2650.0 4050.0 -0.76187
2750.0 4050.0 -0.31393
2850.0 4050.0 0.28075
2950.0 4050.0 0.78223
3050.0 4050.0 1.00192
3150.0 4050.0 0.99018
3250.0 4050.0 0.88815
3350.0 4050.0 0.68723
3450.0 4050.0 0.48613
3550.0 4050.0 0.39966
3650.0 4050.0 0.48294
3750.0 4050.0 0.70816
3850.0 4050.0 0.99422
3950.0 4050.0 1.29173
4050.0 4050.0 1.61854
4150.0 4050.0 1.87095
4250.0 4050.0 1.90826
4350.0 4050.0 1.68310
4450.0 4050.0 1.28205
4550.0 4050.0 0.87557
4650.0 4050.0 0.57730
4750.0 4050.0 0.36154
4850.0 4050.0 0.31860
4950.0 4050.0 0.43172
5050.0 4050.0 0.58598
5150.0 4050.0 0.65036
5250.0 4050.0 0.53745
5350.0 4050.0 0.24077
5450.0 4050.0 -0.15405
5550.0 4050.0 -0.59606
5650.0 4050.0 -1.00003
5750.0 4050.0 -1.17176
5850.0 4050.0 -0.99800
5950.0 4050.0 -0.53819
6050.0 4050.0 0.00352
6150.0 4050.0 0.42585
6250.0 4050.0 0.75271
6350.0 4050.0 1.00327
50.0 4150.0 -1.19318
150.0 4150.0 -1.59130
250.0 4150.0 -1.79869
350.0 4150.0 -1.71978
450.0 4150.0 -1.38890
550.0 4150.0 -0.95608
650.0 4150.0 -0.62617
750.0 4150.0 -0.55106
850.0 4150.0 -0.67952
950.0 4150.0 -0.84447
1050.0 4150.0 -0.98394
1150.0 4150.0 -0.99938
1250.0 4150.0 -0.83476
1350.0 4150.0 -0.52347
1450.0 4150.0 -0.17363
1550.0 4150.0 0.10797
1650.0 4150.0 0.34870
1750.0 4150.0 0.67255
1850.0 4150.0 0.99292
1950.0 4150.0 1.12889
2050.0 4150.0 0.97679
2150.0 4150.0 0.58046
2250.0 4150.0 0.09955
2350.0 4150.0 -0.32420
2450.0 4150.0 -0.66969
2550.0 4150.0 -0.76498
2650.0 4150.0 -0.49995
2750.0 4150.0 0.06932
2850.0 4150.0 0.74706
2950.0 4150.0 1.27828
3050.0 4150.0 1.48309
3150.0 4150.0 1.43779
3250.0 4150.0 1.31591
3350.0 4150.0 1.12889
3450.0 4150.0 0.97183
3550.0 4150.0 0.94096
3650.0 4150.0 1.06779
3750.0 4150.0 1.30609
3850.0 4150.0 1.57186
3950.0 4150.0 1.83250
4050.0 4150.0 2.09621
4150.0 4150.0 2.25581
4250.0 4150.0 2.19135
4350.0 4150.0 1.88090
4450.0 4150.0 1.42776
4550.0 4150.0 1.00390
4650.0 4150.0 0.70938
4750.0 4150.0 0.48700
4850.0 4150.0 0.39641
4950.0 4150.0 0.44507
5050.0 4150.0 0.56226
5150.0 4150.0 0.64722
5250.0 4150.0 0.61380
5350.0 4150.0 0.43132
5450.0 4150.0 0.15734
5550.0 4150.0 -0.18762
5650.0 4150.0 -0.56823
5750.0 4150.0 -0.81571
5850.0 4150.0 -0.79902
5950.0 4150.0 -0.52063
6050.0 4150.0 -0.11352
6150.0 4150.0 0.26046
6250.0 4150.0 0.58236
6350.0 4150.0 0.84900
50.0 4250.0 -1.52772
150.0 4250.0 -1.83988
250.0 4250.0 -1.89949
350.0 4250.0 -1.63452
450.0 4250.0 -1.13734
550.0 4250.0 -0.60559
650.0 4250.0 -0.25784
750.0 4250.0 -0.22384
850.0 4250.0 -0.41435
950.0 4250.0 -0.65891
1050.0 4250.0 -0.89724
1150.0 4250.0 -0.99763
1250.0 4250.0 -0.87182
1350.0 4250.0 -0.54445
1450.0 4250.0 -0.14213
1550.0 4250.0 0.19787
1650.0 4250.0 0.48943
1750.0 4250.0 0.84123
1850.0 4250.0 1.15446
1950.0 4250.0 1.25701
2050.0 4250.0 1.06623
2150.0 4250.0 0.64936
2250.0 4250.0 0.18142
2350.0 4250.0 -0.19962
2450.0 4250.0 -0.49054
2550.0 4250.0 -0.52089
2650.0 4250.0 -0.20356
2750.0 4250.0 0.37964
2850.0 4250.0 1.02565
2950.0 4250.0 1.49551
3050.0 4250.0 1.63749
3150.0 4250.0 1.54167
3250.0 4250.0 1.38953
3350.0 4250.0 1.21448
3450.0 4250.0 1.10718
3550.0 4250.0 1.14061
3650.0 4250.0 1.31674
3750.0 4250.0 1.56622
3850.0 4250.0 1.80141
3950.0 4250.0 2.01225
4050.0 4250.0 2.20870
4150.0 4250.0 2.28792
4250.0 4250.0 2.15078
4350.0 4250.0 1.79328
4450.0 4250.0 1.32342
4550.0 4250.0 0.90375
4650.0 4250.0 0.61941
4750.0 4250.0 0.39206
4850.0 4250.0 0.25611
4950.0 4250.0 0.25477
5050.0 4250.0 0.37073
5150.0 4250.0 0.53255
5250.0 4250.0 0.64388
5350.0 4250.0 0.63508
5450.0 4250.0 0.53173
5550.0 4250.0 0.31830
5650.0 4250.0 -0.04461
5750.0 4250.0 -0.42261
5850.0 4250.0 -0.65392
5950.0 4250.0 -0.65380
6050.0 4250.0 -0.44978
6150.0 4250.0 -0.14768
6250.0 4250.0 0.16953
6350.0 4250.0 0.48141
50.0 4350.0 -1.49462
150.0 4350.0 -1.72305
250.0 4350.0 -1.65799
350.0 4350.0 -1.25494
450.0 4350.0 -0.65494
550.0 4350.0 -0.08695
650.0 4350.0 0.23291
750.0 4350.0 0.20514
850.0 4350.0 -0.05137
950.0 4350.0 -0.38471
1050.0 4350.0 -0.74617
1150.0 4350.0 -0.96823
1250.0 4350.0 -0.92125
1350.0 4350.0 -0.61072
1450.0 4350.0 -0.17450
1550.0 4350.0 0.21990
1650.0 4350.0 0.56472
1750.0 4350.0 0.95366
1850.0 4350.0 1.27894
1950.0 4350.0 1.37442
2050.0 4350.0 1.17228
2150.0 4350.0 0.75657
2250.0 4350.0 0.31355
2350.0 4350.0 -0.02121
2450.0 4350.0 -0.26421
2550.0 4350.0 -0.27165
2650.0 4350.0 0.01552
2750.0 4350.0 0.50670
2850.0 4350.0 1.01892
2950.0 4350.0 1.35513
3050.0 4350.0 1.40355
3150.0 4350.0 1.25308
3250.0 4350.0 1.06676
3350.0 4350.0 0.89501
3450.0 4350.0 0.82460
3550.0 4350.0 0.90795
3650.0 4350.0 1.12078
3750.0 4350.0 1.37318
3850.0 4350.0 1.57417
3950.0 4350.0 1.73547
4050.0 4350.0 1.88364
4150.0 4350.0 1.92958
4250.0 4350.0 1.78737
4350.0 4350.0 1.45382
4450.0 4350.0 1.02302
4550.0 4350.0 0.63624
4650.0 4350.0 0.36732
4750.0 4350.0 0.13518
4850.0 4350.0 -0.04595
4950.0 4350.0 -0.09570
5050.0 4350.0 0.02318
5150.0 4350.0 0.26857
5250.0 4350.0 0.53250
5350.0 4350.0 0.70463
5450.0 4350.0 0.77824
5550.0 4350.0 0.70757
5650.0 4350.0 0.38344
5750.0 4350.0 -0.09716
5850.0 4350.0 -0.54837
5950.0 4350.0 -0.80484
6050.0 4350.0 -0.79227
6150.0 4350.0 -0.55928
6250.0 4350.0 -0.24724
6350.0 4350.0 0.10786
50.0 4450.0 -1.10422
150.0 4450.0 -1.27496
250.0 4450.0 -1.15214
350.0 4450.0 -0.71692
450.0 4450.0 -0.13244
550.0 4450.0 0.37277
650.0 4450.0 0.60735
750.0 4450.0 0.50536
850.0 4450.0 0.19539
950.0 4450.0 -0.20872
1050.0 4450.0 -0.67195
1150.0 4450.0 -0.99854
1250.0 4450.0 -1.02435
1350.0 4450.0 -0.73699
1450.0 4450.0 -0.28064
1550.0 4450.0 0.15411
1650.0 4450.0 0.54067
1750.0 4450.0 0.96353
1850.0 4450.0 1.31035
1950.0 4450.0 1.41761
2050.0 4450.0 1.22465
2150.0 4450.0 0.82387
2250.0 4450.0 0.40739
2350.0 4450.0 0.10981
2450.0 4450.0 -0.10177
2550.0 4450.0 -0.12118
2650.0 4450.0 0.08611
2750.0 4450.0 0.43459
2850.0 4450.0 0.77541
2950.0 4450.0 0.96099
3050.0 4450.0 0.91775
3150.0 4450.0 0.72330
3250.0 4450.0 0.50728
3350.0 4450.0 0.32789
3450.0 4450.0 0.26969
3550.0 4450.0 0.37307
3650.0 4450.0 0.59827
3750.0 4450.0 0.84321
3850.0 4450.0 1.01487
3950.0 4450.0 1.13975
4050.0 4450.0 1.27186
4150.0 4450.0 1.34193
4250.0 4450.0 1.26597
4350.0 4450.0 1.02368
4450.0 4450.0 0.67952
4550.0 4450.0 0.34680
4650.0 4450.0 0.09474
4750.0 4450.0 -0.14356
4850.0 4450.0 -0.37187
4950.0 4450.0 -0.48199
5050.0 4450.0 -0.38944
5150.0 4450.0 -0.10622
5250.0 4450.0 0.25750
5350.0 4450.0 0.56253
5450.0 4450.0 0.77323
5550.0 4450.0 0.82786
5650.0 4450.0 0.57932
5750.0 4450.0 0.09160
5850.0 4450.0 -0.44812
5950.0 4450.0 -0.83342
6050.0 4450.0 -0.92734
6150.0 4450.0 -0.73611
6250.0 4450.0 -0.43019
6350.0 4450.0 -0.06373
50.0 4550.0 -0.53431
150.0 4550.0 -0.68543
250.0 4550.0 -0.58502
350.0 4550.0 -0.23295
450.0 4550.0 0.21725
550.0 4550.0 0.57006
650.0 4550.0 0.67697
750.0 4550.0 0.50244
850.0 4550.0 0.16248
950.0 4550.0 -0.27515
1050.0 4550.0 -0.78231
1150.0 4550.0 -1.14950
1250.0 4550.0 -1.19803
1350.0 4550.0 -0.91013
1450.0 4550.0 -0.43610
1550.0 4550.0 0.02132
1650.0 4550.0 0.42927
1750.0 4550.0 0.87175
1850.0 4550.0 1.23526
1950.0 4550.0 1.35669
2050.0 4550.0 1.17690
2150.0 4550.0 0.79036
2250.0 4550.0 0.39074
2350.0 4550.0 0.11260
2450.0 4550.0 -0.08638
2550.0 4550.0 -0.12898
2650.0 4550.0 0.00528
2750.0 4550.0 0.24037
2850.0 4550.0 0.45539
2950.0 4550.0 0.53758
3050.0 4550.0 0.43690
3150.0 4550.0 0.21923
3250.0 4550.0 -0.01556
3350.0 4550.0 -0.21073
3450.0 4550.0 -0.28186
3550.0 4550.0 -0.19014
3650.0 4550.0 0.02256
3750.0 4550.0 0.25239
3850.0 4550.0 0.40591
3950.0 4550.0 0.51447
4050.0 4550.0 0.66110
4150.0 4550.0 0.79635
4250.0 4550.0 0.82835
4350.0 4550.0 0.70933
4450.0 4550.0 0.46881
4550.0 4550.0 0.19374
4650.0 4550.0 -0.04460
4750.0 4550.0 -0.29135
4850.0 4550.0 -0.57015
4950.0 4550.0 -0.76075
5050.0 4550.0 -0.74412
5150.0 4550.0 -0.50071
5250.0 4550.0 -0.12709
5350.0 4550.0 0.22903
5450.0 4550.0 0.50860
5550.0 4550.0 0.65008
5650.0 4550.0 0.51268
5750.0 4550.0 0.13736
5850.0 4550.0 -0.31582
5950.0 4550.0 -0.65401
6050.0 4550.0 -0.73468
6150.0 4550.0 -0.54563
6250.0 4550.0 -0.24682
6350.0 4550.0 0.08370
50.0 4650.0 0.02361
150.0 4650.0 -0.13786
250.0 4650.0 -0.11505
350.0 4650.0 0.08084
450.0 4650.0 0.32756
550.0 4650.0 0.48209
650.0 4650.0 0.44655
750.0 4650.0 0.20971
850.0 4650.0 -0.13948
950.0 4650.0 -0.57645
1050.0 4650.0 -1.07018
1150.0 4650.0 -1.41029
1250.0 4650.0 -1.42369
1350.0 4650.0 -1.10189
1450.0 4650.0 -0.60421
1550.0 4650.0 -0.13676
1650.0 4650.0 0.27503
1750.0 4650.0 0.72158
1850.0 4650.0 1.08961
1950.0 4650.0 1.21581
2050.0 4650.0 1.04074
2150.0 4650.0 0.65856
2250.0 4650.0 0.26281
2350.0 4650.0 -0.01182
2450.0 4650.0 -0.21063
2550.0 4650.0 -0.26749
2650.0 4650.0 -0.16532
2750.0 4650.0 0.02564
2850.0 4650.0 0.19567
2950.0 4650.0 0.24388
3050.0 4650.0 0.12674
3150.0 4650.0 -0.09556
3250.0 4650.0 -0.33856
3350.0 4650.0 -0.55238
3450.0 4650.0 -0.65136
3550.0 4650.0 -0.59085
3650.0 4650.0 -0.40543
3750.0 4650.0 -0.19338
3850.0 4650.0 -0.04738
3950.0 4650.0 0.06109
4050.0 4650.0 0.23893
4150.0 4650.0 0.45247
4250.0 4650.0 0.59729
4350.0 4650.0 0.59707
4450.0 4650.0 0.45007
4550.0 4650.0 0.22324
4650.0 4650.0 -0.00616
4750.0 4650.0 -0.26332
4850.0 4650.0 -0.59535
4950.0 4650.0 -0.88345
5050.0 4650.0 -0.98480
5150.0 4650.0 -0.84713
5250.0 4650.0 -0.53998
5350.0 4650.0 -0.20231
5450.0 4650.0 0.08803
5550.0 4650.0 0.28030
5650.0 4650.0 0.27388
5750.0 4650.0 0.09602
5850.0 4650.0 -0.14053
5950.0 4650.0 -0.29804
6050.0 4650.0 -0.27320
6150.0 4650.0 -0.05540
6250.0 4650.0 0.23568
6350.0 4650.0 0.49275
50.0 4750.0 0.61767
150.0 4750.0 0.43218
250.0 4750.0 0.35782
350.0 4750.0 0.37812
450.0 4750.0 0.41103
550.0 4750.0 0.37053
650.0 4750.0 0.20692
750.0 4750.0 -0.07385
850.0 4750.0 -0.41509
950.0 4750.0 -0.83367
1050.0 4750.0 -1.29853
1150.0 4750.0 -1.60516
1250.0 4750.0 -1.58957
1350.0 4750.0 -1.24989
1450.0 4750.0 -0.74673
1550.0 4750.0 -0.28221
1650.0 4750.0 0.12403
1750.0 4750.0 0.56315
1850.0 4750.0 0.92540
1950.0 4750.0 1.05309
2050.0 4750.0 0.88934
2150.0 4750.0 0.52583
2250.0 4750.0 0.15012
2350.0 4750.0 -0.10765
2450.0 4750.0 -0.29300
2550.0 4750.0 -0.34707
2650.0 4750.0 -0.25709
2750.0 4750.0 -0.09066
2850.0 4750.0 0.05086
2950.0 4750.0 0.07708
3050.0 4750.0 -0.04828
3150.0 4750.0 -0.26871
3250.0 4750.0 -0.51756
3350.0 4750.0 -0.75785
3450.0 4750.0 -0.90333
3550.0 4750.0 -0.89908
3650.0 4750.0 -0.76501
3750.0 4750.0 -0.58664
3850.0 4750.0 -0.45325
3950.0 4750.0 -0.34518
4050.0 4750.0 -0.13532
4150.0 4750.0 0.16095
4250.0 4750.0 0.42849
4350.0 4750.0 0.56184
4450.0 4750.0 0.52495
4550.0 4750.0 0.36084
4650.0 4750.0 0.15099
4750.0 4750.0 -0.10731
4850.0 4750.0 -0.48778
4950.0 4750.0 -0.87977
5050.0 4750.0 -1.11958
5150.0 4750.0 -1.11857
5250.0 4750.0 -0.91010
5350.0 4750.0 -0.61522
5450.0 4750.0 -0.33036
5550.0 4750.0 -0.09993
5650.0 4750.0 0.01952
5750.0 4750.0 0.04265
5850.0 4750.0 0.03204
5950.0 4750.0 0.06472
6050.0 4750.0 0.19892
6150.0 4750.0 0.44112
6250.0 4750.0 0.71696
6350.0 4750.0 0.89697
50.0 4850.0 1.31059
150.0 4850.0 1.07227
250.0 4850.0 0.87271
350.0 4850.0 0.70900
450.0 4850.0 0.55498
550.0 4850.0 0.38057
650.0 4850.0 0.16571
750.0 4850.0 -0.09124
850.0 4850.0 -0.37302
950.0 4850.0 -0.73058
1050.0 4850.0 -1.15163
1150.0 4850.0 -1.45370
1250.0 4850.0 -1.47976
1350.0 4850.0 -1.21222
1450.0 4850.0 -0.78010
1550.0 4850.0 -0.35940
1650.0 4850.0 0.01822
1750.0 4850.0 0.41579
1850.0 4850.0 0.73823
1950.0 4850.0 0.85777
2050.0 4850.0 0.73412
2150.0 4850.0 0.45087
2250.0 4850.0 0.16844
2350.0 4850.0 -0.00659
2450.0 4850.0 -0.11715
2550.0 4850.0 -0.11692
2650.0 4850.0 -0.01096
2750.0 4850.0 0.13028
2850.0 4850.0 0.22170
2950.0 4850.0 0.20233
3050.0 4850.0 0.06194
3150.0 4850.0 -0.14646
3250.0 4850.0 -0.39678
3350.0 4850.0 -0.68058
3450.0 4850.0 -0.91569
3550.0 4850.0 -1.02986
3650.0 4850.0 -1.01221
3750.0 4850.0 -0.91739
3850.0 4850.0 -0.82239
3950.0 4850.0 -0.72974
4050.0 4850.0 -0.50420
4150.0 4850.0 -0.13200
4250.0 4850.0 0.27446
4350.0 4850.0 0.58400
4450.0 4850.0 0.71621
4550.0 4850.0 0.67228
4650.0 4850.0 0.52691
4750.0 4850.0 0.30829
4850.0 4850.0 -0.08757
4950.0 4850.0 -0.57269
5050.0 4850.0 -0.97015
5150.0 4850.0 -1.14840
5250.0 4850.0 -1.08597
5350.0 4850.0 -0.86624
5450.0 4850.0 -0.60323
5550.0 4850.0 -0.35646
5650.0 4850.0 -0.15170
5750.0 4850.0 0.01009
5850.0 4850.0 0.14819
5950.0 4850.0 0.29284
6050.0 4850.0 0.47211
6150.0 4850.0 0.69496
6250.0 4850.0 0.92642
6350.0 4850.0 1.04876
50.0 4950.0 1.85382
150.0 4950.0 1.53486
250.0 4950.0 1.20008
350.0 4950.0 0.88307
450.0 4950.0 0.62239
550.0 4950.0 0.42969
650.0 4950.0 0.28186
750.0 4950.0 0.13716
850.0 4950.0 -0.02730
950.0 4950.0 -0.27431
1050.0 4950.0 -0.62630
1150.0 4950.0 -0.94121
1250.0 4950.0 -1.07002
1350.0 4950.0 -0.95919
1450.0 4950.0 -0.67347
1550.0 4950.0 -0.33892
1650.0 4950.0 -0.01567
1750.0 4950.0 0.29723
1850.0 4950.0 0.52915
1950.0 4950.0 0.61105
2050.0 4950.0 0.53944
2150.0 4950.0 0.38876
2250.0 4950.0 0.27216
2350.0 4950.0 0.25084
2450.0 4950.0 0.28208
2550.0 4950.0 0.39135
2650.0 4950.0 0.54078
2750.0 4950.0 0.65168
2850.0 4950.0 0.66515
2950.0 4950.0 0.57133
3050.0 4950.0 0.40729
3150.0 4950.0 0.22219
3250.0 4950.0 -0.01622
3350.0 4950.0 -0.33490
3450.0 4950.0 -0.66302
3550.0 4950.0 -0.91374
3650.0 4950.0 -1.04084
3750.0 4950.0 -1.05828
3850.0 4950.0 -1.02244
3950.0 4950.0 -0.96352
4050.0 4950.0 -0.76042
4150.0 4950.0 -0.36690
4250.0 4950.0 0.13005
4350.0 4950.0 0.59401
4450.0 4950.0 0.90693
4550.0 4950.0 1.01938
4650.0 4950.0 0.98320
4750.0 4950.0 0.85391
4850.0 4950.0 0.50292
4950.0 4950.0 -0.01858
5050.0 4950.0 -0.53838
5150.0 4950.0 -0.88957
5250.0 4950.0 -0.98860
5350.0 4950.0 -0.86495
5450.0 4950.0 -0.64085
5550.0 4950.0 -0.40728
5650.0 4950.0 -0.17917
5750.0 4950.0 0.02511
5850.0 4950.0 0.19572
5950.0 4950.0 0.33960
6050.0 4950.0 0.47728
6150.0 4950.0 0.62817
6250.0 4950.0 0.78402
6350.0 4950.0 0.87819
50.0 5050.0 1.98221
150.0 5050.0 1.57249
250.0 5050.0 1.12385
350.0 5050.0 0.72178
450.0 5050.0 0.46361
550.0 5050.0 0.37796
650.0 5050.0 0.40521
750.0 5050.0 0.43893
850.0 5050.0 0.42479
950.0 5050.0 0.31873
1050.0 5050.0 0.06097
1150.0 5050.0 -0.25767
1250.0 5050.0 -0.50112
1350.0 5050.0 -0.57450
1450.0 5050.0 -0.46482
1550.0 5050.0 -0.23607
1650.0 5050.0 0.01820
1750.0 5050.0 0.21578
1850.0 5050.0 0.31243
1950.0 5050.0 0.31629
2050.0 5050.0 0.27782
2150.0 5050.0 0.26825
2250.0 5050.0 0.34669
2350.0 5050.0 0.51580
2450.0 5050.0 0.72478
2550.0 5050.0 0.97046
2650.0 5050.0 1.17379
2750.0 5050.0 1.24590
2850.0 5050.0 1.16091
2950.0 5050.0 0.97325
3050.0 5050.0 0.77934
3150.0 5050.0 0.62381
3250.0 5050.0 0.41563
3350.0 5050.0 0.10211
3450.0 5050.0 -0.26405
3550.0 5050.0 -0.59642
3650.0 5050.0 -0.82794
3750.0 5050.0 -0.93955
3850.0 5050.0 -0.96439
3950.0 5050.0 -0.95152
4050.0 5050.0 -0.81762
4150.0 5050.0 -0.49327
4250.0 5050.0 -0.01767
4350.0 5050.0 0.50032
4450.0 5050.0 0.93157
4550.0 5050.0 1.18527
4650.0 5050.0 1.27660
4750.0 5050.0 1.26982
4850.0 5050.0 1.02733
4950.0 5050.0 0.55833
5050.0 5050.0 0.00816
5150.0 5050.0 -0.44392
5250.0 5050.0 -0.66552
5350.0 5050.0 -0.63047
5450.0 5050.0 -0.45333
5550.0 5050.0 -0.25623
5650.0 5050.0 -0.06088
5750.0 5050.0 0.09790
5850.0 5050.0 0.19739
5950.0 5050.0 0.24463
6050.0 5050.0 0.27294
6150.0 5050.0 0.31744
6250.0 5050.0 0.38173
6350.0 5050.0 0.47435
50.0 5150.0 1.63049
150.0 5150.0 1.14182
250.0 5150.0 0.62130
350.0 5150.0 0.20724
450.0 5150.0 0.03810
550.0 5150.0 0.13604
650.0 5150.0 0.38622
750.0 5150.0 0.61204
850.0 5150.0 0.74174
950.0 5150.0 0.77425
1050.0 5150.0 0.62407
1150.0 5150.0 0.33240
1250.0 5150.0 0.01585
1350.0 5150.0 -0.20085
1450.0 5150.0 -0.23860
1550.0 5150.0 -0.10406
1650.0 5150.0 0.08432
1750.0 5150.0 0.16229
1850.0 5150.0 0.10553
1950.0 5150.0 -0.00089
2050.0 5150.0 -0.04642
2150.0 5150.0 0.04712
2250.0 5150.0 0.29405
2350.0 5150.0 0.63989
2450.0 5150.0 1.01558
2550.0 5150.0 1.38565
2650.0 5150.0 1.63187
2750.0 5150.0 1.65742
2850.0 5150.0 1.47016
2950.0 5150.0 1.18747
3050.0 5150.0 0.96274
3150.0 5150.0 0.83525
3250.0 5150.0 0.67194
3350.0 5150.0 0.41556
3450.0 5150.0 0.09758
3550.0 5150.0 -0.21597
3650.0 5150.0 -0.46345
3750.0 5150.0 -0.61402
3850.0 5150.0 -0.68160
3950.0 5150.0 -0.71551
4050.0 5150.0 -0.68421
4150.0 5150.0 -0.51244
4250.0 5150.0 -0.17975
4350.0 5150.0 0.26201
4450.0 5150.0 0.70618
4550.0 5150.0 1.04306
4650.0 5150.0 1.24600
4750.0 5150.0 1.36343
4850.0 5150.0 1.26679
4950.0 5150.0 0.92911
5050.0 5150.0 0.45293
5150.0 5150.0 0.00248
5250.0 5150.0 -0.26799
5350.0 5150.0 -0.28982
5450.0 5150.0 -0.15520
5550.0 5150.0 -0.00089
5650.0 5150.0 0.13736
5750.0 5150.0 0.21151
5850.0 5150.0 0.19671
5950.0 5150.0 0.11243
6050.0 5150.0 0.01348
6150.0 5150.0 -0.04911
6250.0 5150.0 -0.07003
6350.0 5150.0 0.03245
50.0 5250.0 0.97874
150.0 5250.0 0.43923
250.0 5250.0 -0.11174
350.0 5250.0 -0.49734
450.0 5250.0 -0.55842
550.0 5250.0 -0.28945
650.0 5250.0 0.14552
750.0 5250.0 0.51662
850.0 5250.0 0.74668
950.0 5250.0 0.88320
1050.0 5250.0 0.83506
1150.0 5250.0 0.60729
1250.0 5250.0 0.29235
1350.0 5250.0 0.02193
1450.0 5250.0 -0.08994
1550.0 5250.0 -0.01213
1650.0 5250.0 0.12989
1750.0 5250.0 0.11307
1850.0 5250.0 -0.07880
1950.0 5250.0 -0.30288
2050.0 5250.0 -0.39666
2150.0 5250.0 -0.26598
2250.0 5250.0 0.07964
2350.0 5250.0 0.54415
2450.0 5250.0 1.03329
2550.0 5250.0 1.48175
2650.0 5250.0 1.74362
2750.0 5250.0 1.71955
2850.0 5250.0 1.44519
2950.0 5250.0 1.08548
3050.0 5250.0 0.83481
3150.0 5250.0 0.72668
3250.0 5250.0 0.61158
3350.0 5250.0 0.44981
3450.0 5250.0 0.25381
3550.0 5250.0 0.05441
3650.0 5250.0 -0.11697
3750.0 5250.0 -0.24175
3850.0 5250.0 -0.32353
3950.0 5250.0 -0.39276
4050.0 5250.0 -0.46672
4150.0 5250.0 -0.48083
4250.0 5250.0 -0.36008
4350.0 5250.0 -0.08834
4450.0 5250.0 0.27360
4550.0 5250.0 0.62163
4650.0 5250.0 0.89357
4750.0 5250.0 1.10395
4850.0 5250.0 1.14451
4950.0 5250.0 0.96623
5050.0 5250.0 0.62745
5150.0 5250.0 0.25957
5250.0 5250.0 0.01154
5350.0 5250.0 -0.02708
5450.0 5250.0 0.07991
5550.0 5250.0 0.20565
5650.0 5250.0 0.30738
5750.0 5250.0 0.32770
5850.0 5250.0 0.23923
5950.0 5250.0 0.06869
6050.0 5250.0 -0.11536
6150.0 5250.0 -0.25099
6250.0 5250.0 -0.33132
6350.0 5250.0 -0.22892
50.0 5350.0 0.32708
150.0 5350.0 -0.23184
250.0 5350.0 -0.79019
350.0 5350.0 -1.15524
450.0 5350.0 -1.16151
550.0 5350.0 -0.81310
650.0 5350.0 -0.29655
750.0 5350.0 0.13577
850.0 5350.0 0.40643
950.0 5350.0 0.59677
1050.0 5350.0 0.62961
1150.0 5350.0 0.49265
1250.0 5350.0 0.25326
1350.0 5350.0 0.02628
1450.0 5350.0 -0.07558
1550.0 5350.0 -0.00863
1650.0 5350.0 0.11370
1750.0 5350.0 0.04381
1850.0 5350.0 -0.23821
1950.0 5350.0 -0.56053
2050.0 5350.0 -0.72699
2150.0 5350.0 -0.62320
2250.0 5350.0 -0.25958
2350.0 5350.0 0.24849
2450.0 5350.0 0.78073
2550.0 5350.0 1.24921
2650.0 5350.0 1.49586
2750.0 5350.0 1.42489
2850.0 5350.0 1.09005
2950.0 5350.0 0.68174
3050.0 5350.0 0.41345
3150.0 5350.0 0.31297
3250.0 5350.0 0.23727
3350.0 5350.0 0.17765
3450.0 5350.0 0.13383
3550.0 5350.0 0.09793
3650.0 5350.0 0.05845
3750.0 5350.0 0.00529
3850.0 5350.0 -0.06437
3950.0 5350.0 -0.15086
4050.0 5350.0 -0.30239
4150.0 5350.0 -0.47383
4250.0 5350.0 -0.55447
4350.0 5350.0 -0.47154
4450.0 5350.0 -0.23622
4550.0 5350.0 0.06876
4650.0 5350.0 0.36010
4750.0 5350.0 0.61441
4850.0 5350.0 0.74362
4950.0 5350.0 0.69260
5050.0 5350.0 0.48844
5150.0 5350.0 0.22870
5250.0 5350.0 0.04143
5350.0 5350.0 0.01679
5450.0 5350.0 0.11456
5550.0 5350.0 0.23927
5650.0 5350.0 0.35876
5750.0 5350.0 0.40909
5850.0 5350.0 0.34954
5950.0 5350.0 0.19442
6050.0 5350.0 0.00624
6150.0 5350.0 -0.15014
6250.0 5350.0 -0.25673
6350.0 5350.0 -0.18031
50.0 5450.0 -0.19821
150.0 5450.0 -0.75914
250.0 5450.0 -1.32118
350.0 5450.0 -1.69069
450.0 5450.0 -1.70042
550.0 5450.0 -1.35317
650.0 5450.0 -0.83535
750.0 5450.0 -0.40026
850.0 5450.0 -0.12610
950.0 5450.0 0.08632
1050.0 5450.0 0.18366
1150.0 5450.0 0.14802
1250.0 5450.0 0.02244
1350.0 5450.0 -0.10779
1450.0 5450.0 -0.15201
1550.0 5450.0 -0.06910
1650.0 5450.0 0.05002
1750.0 5450.0 -0.04437
1850.0 5450.0 -0.38167
1950.0 5450.0 -0.78007
2050.0 5450.0 -1.02363
2150.0 5450.0 -0.97795
2250.0 5450.0 -0.64197
2350.0 5450.0 -0.13612
2450.0 5450.0 0.39562
2550.0 5450.0 0.84787
2650.0 5450.0 1.06024
2750.0 5450.0 0.94433
2850.0 5450.0 0.56608
2950.0 5450.0 0.12745
3050.0 5450.0 -0.15264
3150.0 5450.0 -0.25231
3250.0 5450.0 -0.29768
3350.0 5450.0 -0.26324
3450.0 5450.0 -0.15712
3550.0 5450.0 -0.02303
3650.0 5450.0 0.08316
3750.0 5450.0 0.11749
3850.0 5450.0 0.07276
3950.0 5450.0 -0.01860
4050.0 5450.0 -0.22001
4150.0 5450.0 -0.50679
4250.0 5450.0 -0.74850
4350.0 5450.0 -0.83129
4450.0 5450.0 -0.72340
4550.0 5450.0 -0.48179
4650.0 5450.0 -0.19980
4750.0 5450.0 0.06519
4850.0 5450.0 0.24021
4950.0 5450.0 0.27300
5050.0 5450.0 0.17252
5150.0 5450.0 0.00945
5250.0 5450.0 -0.11198
5350.0 5450.0 -0.11090
5450.0 5450.0 -0.01128
5550.0 5450.0 0.13219
5650.0 5450.0 0.31121
5750.0 5450.0 0.45632
5850.0 5450.0 0.50368
5950.0 5450.0 0.43936
6050.0 5450.0 0.30456
6150.0 5450.0 0.16194
6250.0 5450.0 0.04932
6350.0 5450.0 0.08018
50.0 5550.0 -0.79826
150.0 5550.0 -1.35988
250.0 5550.0 -1.92789
350.0 5550.0 -2.30682
450.0 5550.0 -2.32455
550.0 5550.0 -1.97984
650.0 5550.0 -1.45774
750.0 5550.0 -1.01327
850.0 5550.0 -0.72730
950.0 5550.0 -0.47835
1050.0 5550.0 -0.29050
1150.0 5550.0 -0.19242
1250.0 5550.0 -0.17457
1350.0 5550.0 -0.18872
1450.0 5550.0 -0.16888
1550.0 5550.0 -0.07342
1650.0 5550.0 0.03715
1750.0 5550.0 -0.07629
1850.0 5550.0 -0.44873
1950.0 5550.0 -0.89483
2050.0 5550.0 -1.18933
2150.0 5550.0 -1.18699
2250.0 5550.0 -0.87925
2350.0 5550.0 -0.38786
2450.0 5550.0 0.12283
2550.0 5550.0 0.51715
2650.0 5550.0 0.63754
2750.0 5550.0 0.42000
2850.0 5550.0 -0.04124
2950.0 5550.0 -0.52499
3050.0 5550.0 -0.81043
3150.0 5550.0 -0.89332
3250.0 5550.0 -0.88843
3350.0 5550.0 -0.73333
3450.0 5550.0 -0.44606
3550.0 5550.0 -0.11080
3650.0 5550.0 0.16771
3750.0 5550.0 0.30932
3850.0 5550.0 0.30326
3950.0 5550.0 0.22004
4050.0 5550.0 -0.00757
4150.0 5550.0 -0.37733
4250.0 5550.0 -0.75130
4350.0 5550.0 -0.98558
4450.0 5550.0 -1.00895
4550.0 5550.0 -0.84767
4650.0 5550.0 -0.59639
4750.0 5550.0 -0.34599
4850.0 5550.0 -0.16162
4950.0 5550.0 -0.08626
5050.0 5550.0 -0.11726
5150.0 5550.0 -0.20255
5250.0 5550.0 -0.26116
5350.0 5550.0 -0.22782
5450.0 5550.0 -0.11787
5550.0 5550.0 0.04649
5650.0 5550.0 0.27347
5750.0 5550.0 0.48992
5850.0 5550.0 0.61666
5950.0 5550.0 0.62099
6050.0 5550.0 0.53002
6150.0 5550.0 0.40495
6250.0 5550.0 0.29581
6350.0 5550.0 0.29636
50.0 5650.0 -1.42855
150.0 5650.0 -1.99105
250.0 5650.0 -2.57098
350.0 5650.0 -2.96632
450.0 5650.0 -2.99261
550.0 5650.0 -2.64012
650.0 5650.0 -2.09374
750.0 5650.0 -1.61547
850.0 5650.0 -1.29329
950.0 5650.0 -0.97775
1050.0 5650.0 -0.66259
1150.0 5650.0 -0.39899
1250.0 5650.0 -0.22224
1350.0 5650.0 -0.12423
1450.0 5650.0 -0.05707
1550.0 5650.0 0.03218
1650.0 5650.0 0.11961
1750.0 5650.0 -0.00511
1850.0 5650.0 -0.37273
1950.0 5650.0 -0.80558
2050.0 5650.0 -1.09016
2150.0 5650.0 -1.09114
2250.0 5650.0 -0.80383
2350.0 5650.0 -0.34543
2450.0 5650.0 0.11039
2550.0 5650.0 0.37965
2650.0 5650.0 0.31884
2750.0 5650.0 -0.08224
2850.0 5650.0 -0.67578
2950.0 5650.0 -1.21242
3050.0 5650.0 -1.47883
3150.0 5650.0 -1.50832
3250.0 5650.0 -1.41877
3350.0 5650.0 -1.11746
3450.0 5650.0 -0.63511
3550.0 5650.0 -0.09400
3650.0 5650.0 0.35907
3750.0 5650.0 0.61601
3850.0 5650.0 0.66699
3950.0 5650.0 0.61869
4050.0 5650.0 0.41837
4150.0 5650.0 0.04458
4250.0 5650.0 -0.38383
4350.0 5650.0 -0.71980
4450.0 5650.0 -0.86495
4550.0 5650.0 -0.80851
4650.0 5650.0 -0.62805
4750.0 5650.0 -0.44142
4850.0 5650.0 -0.31883
4950.0 5650.0 -0.28161
5050.0 5650.0 -0.31016
5150.0 5650.0 -0.35482
5250.0 5650.0 -0.35668
5350.0 5650.0 -0.27831
5450.0 5650.0 -0.14147
5550.0 5650.0 0.04374
5650.0 5650.0 0.28218
5750.0 5650.0 0.50120
5850.0 5650.0 0.62646
5950.0 5650.0 0.63190
6050.0 5650.0 0.55025
6150.0 5650.0 0.44393
6250.0 5650.0 0.35541
6350.0 5650.0 0.36144
50.0 5750.0 -1.82033
150.0 5750.0 -2.38427
250.0 5750.0 -2.98333
350.0 5750.0 -3.40509
450.0 5750.0 -3.44534
550.0 5750.0 -3.08081
650.0 5750.0 -2.49600
750.0 5750.0 -1.96401
850.0 5750.0 -1.58470
950.0 5750.0 -1.18763
1050.0 5750.0 -0.74995
1150.0 5750.0 -0.35294
1250.0 5750.0 -0.07247
1350.0 5750.0 0.07479
1450.0 5750.0 0.13839
1550.0 5750.0 0.19427
1650.0 5750.0 0.24583
1750.0 5750.0 0.11839
1850.0 5750.0 -0.20535
1950.0 5750.0 -0.56582
2050.0 5750.0 -0.78118
2150.0 5750.0 -0.74569
2250.0 5750.0 -0.46950
2350.0 5750.0 -0.05982
2450.0 5750.0 0.31705
2550.0 5750.0 0.43072
2650.0 5750.0 0.16415
2750.0 5750.0 -0.42470
2850.0 5750.0 -1.12986
2950.0 5750.0 -1.68191
3050.0 5750.0 -1.89006
3150.0 5750.0 -1.83323
3250.0 5750.0 -1.64651
3350.0 5750.0 -1.23262
3450.0 5750.0 -0.63289
3550.0 5750.0 0.01577
3650.0 5750.0 0.55721
3750.0 5750.0 0.88325
3850.0 5750.0 0.99186
3950.0 5750.0 1.00275
4050.0 5750.0 0.88848
4150.0 5750.0 0.60783
4250.0 5750.0 0.23262
4350.0 5750.0 -0.12040
4450.0 5750.0 -0.34711
4550.0 5750.0 -0.40071
4650.0 5750.0 -0.32324
4750.0 5750.0 -0.24331
4850.0 5750.0 -0.24484
4950.0 5750.0 -0.31669
5050.0 5750.0 -0.40199
5150.0 5750.0 -0.43911
5250.0 5750.0 -0.38997
5350.0 5750.0 -0.25562
5450.0 5750.0 -0.07753
5550.0 5750.0 0.12689
5650.0 5750.0 0.33990
5750.0 5750.0 0.49351
5850.0 5750.0 0.53771
5950.0 5750.0 0.47762
6050.0 5750.0 0.37052
6150.0 5750.0 0.28271
6250.0 5750.0 0.22952
6350.0 5750.0 0.27022
50.0 5850.0 -1.77763
150.0 5850.0 -2.34370
250.0 5850.0 -2.96712
350.0 5850.0 -3.42399
450.0 5850.0 -3.48666
550.0 5850.0 -3.11480
650.0 5850.0 -2.49087
750.0 5850.0 -1.89988
850.0 5850.0 -1.45645
950.0 5850.0 -0.98738
1050.0 5850.0 -0.47758
1150.0 5850.0 -0.03759
1250.0 5850.0 0.23636
1350.0 5850.0 0.33199
1450.0 5850.0 0.32601
1550.0 5850.0 0.32458
1650.0 5850.0 0.33570
1750.0 5850.0 0.21093
1850.0 5850.0 -0.04943
1950.0 5850.0 -0.30853
2050.0 5850.0 -0.42529
2150.0 5850.0 -0.33274
2250.0 5850.0 -0.06105
2350.0 5850.0 0.29491
2450.0 5850.0 0.59140
2550.0 5850.0 0.57555
2650.0 5850.0 0.16466
2750.0 5850.0 -0.52484
2850.0 5850.0 -1.25020
2950.0 5850.0 -1.74591
3050.0 5850.0 -1.85809
3150.0 5850.0 -1.70188
3250.0 5850.0 -1.43664
3350.0 5850.0 -0.99591
3450.0 5850.0 -0.42505
3550.0 5850.0 0.16103
3650.0 5850.0 0.64383
3750.0 5850.0 0.95224
3850.0 5850.0 1.09829
3950.0 5850.0 1.17826
4050.0 5850.0 1.18696
4150.0 5850.0 1.07145
4250.0 5850.0 0.84032
4350.0 5850.0 0.55479
4450.0 5850.0 0.30303
4550.0 5850.0 0.15893
4650.0 5850.0 0.12559
4750.0 5850.0 0.08345
4850.0 5850.0 -0.06482
4950.0 5850.0 -0.27179
5050.0 5850.0 -0.43589
5150.0 5850.0 -0.47817
5250.0 5850.0 -0.38071
5350.0 5850.0 -0.18675
5450.0 5850.0 0.03765
5550.0 5850.0 0.25855
5650.0 5850.0 0.42634
5750.0 5850.0 0.47974
5850.0 5850.0 0.40253
5950.0 5850.0 0.24289
6050.0 5850.0 0.09183
6150.0 5850.0 0.02070
6250.0 5850.0 0.00779
6350.0 5850.0 0.09089
50.0 5950.0 -1.32336
150.0 5950.0 -1.89205
250.0 5950.0 -2.54059
350.0 5950.0 -3.03576
450.0 5950.0 -3.12811
550.0 5950.0 -2.76000
650.0 5950.0 -2.10963
750.0 5950.0 -1.47108
850.0 5950.0 -0.97342
950.0 5950.0 -0.46092
1050.0 5950.0 0.05118
1150.0 5950.0 0.43154
1250.0 5950.0 0.58936
1350.0 5950.0 0.54506
1450.0 5950.0 0.42113
1550.0 5950.0 0.35329
1650.0 5950.0 0.32951
1750.0 5950.0 0.20713
1850.0 5950.0 0.00120
1950.0 5950.0 -0.17090
2050.0 5950.0 -0.20300
2150.0 5950.0 -0.06139
2250.0 5950.0 0.20658
2350.0 5950.0 0.51662
2450.0 5950.0 0.75390
2550.0 5950.0 0.67656
2650.0 5950.0 0.23596
2750.0 5950.0 -0.42129
2850.0 5950.0 -1.05172
2950.0 5950.0 -1.42130
3050.0 5950.0 -1.41971
3150.0 5950.0 -1.17667
3250.0 5950.0 -0.87255
3350.0 5950.0 -0.49921
3450.0 5950.0 -0.09822
3550.0 5950.0 0.26885
3650.0 5950.0 0.55905
3750.0 5950.0 0.76631
3850.0 5950.0 0.91945
3950.0 5950.0 1.05961
4050.0 5950.0 1.18904
4150.0 5950.0 1.25111
4250.0 5950.0 1.19428
4350.0 5950.0 1.01937
4450.0 5950.0 0.78719
4550.0 5950.0 0.58645
4650.0 5950.0 0.46191
4750.0 5950.0 0.31649
4850.0 5950.0 0.04833
4950.0 5950.0 -0.26364
5050.0 5950.0 -0.48190
5150.0 5950.0 -0.51612
5250.0 5950.0 -0.36874
5350.0 5950.0 -0.12035
5450.0 5950.0 0.14389
5550.0 5950.0 0.37885
5650.0 5950.0 0.50783
5750.0 5950.0 0.47530
5850.0 5950.0 0.29401
5950.0 5950.0 0.04902
6050.0 5950.0 -0.13976
6150.0 5950.0 -0.19666
6250.0 5950.0 -0.17622
6350.0 5950.0 -0.06751
50.0 6050.0 -0.68638
150.0 6050.0 -1.25773
250.0 6050.0 -1.92716
350.0 6050.0 -2.45650
450.0 6050.0 -2.58093
550.0 6050.0 -2.22874
650.0 6050.0 -1.57214
750.0 6050.0 -0.90910
850.0 6050.0 -0.37969
950.0 6050.0 0.14222
1050.0 6050.0 0.60144
1150.0 6050.0 0.85809
1250.0 6050.0 0.84548
1350.0 6050.0 0.62998
1450.0 6050.0 0.38212
1550.0 6050.0 0.25868
1650.0 6050.0 0.21329
1750.0 6050.0 0.08723
1850.0 6050.0 -0.09824
1950.0 6050.0 -0.23544
2050.0 6050.0 -0.23476
2150.0 6050.0 -0.07775
2250.0 6050.0 0.18084
2350.0 6050.0 0.46214
2450.0 6050.0 0.67424
2550.0 6050.0 0.61306
2650.0 6050.0 0.25531
2750.0 6050.0 -0.25562
2850.0 6050.0 -0.70881
2950.0 6050.0 -0.91927
3050.0 6050.0 -0.81562
3150.0 6050.0 -0.51857
3250.0 6050.0 -0.21723
3350.0 6050.0 0.03270
3450.0 6050.0 0.19848
3550.0 6050.0 0.28231
3650.0 6050.0 0.32625
3750.0 6050.0 0.39382
3850.0 6050.0 0.52824
3950.0 6050.0 0.70472
4050.0 6050.0 0.91317
4150.0 6050.0 1.09736
4250.0 6050.0 1.16714
4350.0 6050.0 1.08153
4450.0 6050.0 0.87902
4550.0 6050.0 0.65350
4650.0 6050.0 0.47597
4750.0 6050.0 0.27210
4850.0 6050.0 -0.05120
4950.0 6050.0 -0.39489
5050.0 6050.0 -0.60657
5150.0 6050.0 -0.59924
5250.0 6050.0 -0.39669
5350.0 6050.0 -0.10565
5450.0 6050.0 0.18331
5550.0 6050.0 0.43141
5650.0 6050.0 0.55195
5750.0 6050.0 0.49153
5850.0 6050.0 0.27460
5950.0 6050.0 0.00133
6050.0 6050.0 -0.19640
6150.0 6050.0 -0.24094
6250.0 6050.0 -0.20290
6350.0 6050.0 -0.10244
50.0 6150.0 -0.12943
150.0 6150.0 -0.70308
250.0 6150.0 -1.38677
350.0 6150.0 -1.94185
450.0 6150.0 -2.09579
550.0 6150.0 -1.76761
650.0 6150.0 -1.12292
750.0 6150.0 -0.45864
850.0 6150.0 0.07889
950.0 6150.0 0.58556
1050.0 6150.0 0.97128
1150.0 6150.0 1.09795
1250.0 6150.0 0.92821
1350.0 6150.0 0.56995
1450.0 6150.0 0.22948
1550.0 6150.0 0.07318
1650.0 6150.0 0.02040
1750.0 6150.0 -0.11764
1850.0 6150.0 -0.32335
1950.0 6150.0 -0.48754
2050.0 6150.0 -0.51599
2150.0 6150.0 -0.38462
2250.0 6150.0 -0.14405
2350.0 6150.0 0.12638
2450.0 6150.0 0.34404
2550.0 6150.0 0.35289
2650.0 6150.0 0.14296
2750.0 6150.0 -0.16958
2850.0 6150.0 -0.42378
2950.0 6150.0 -0.48585
3050.0 6150.0 -0.31134
3150.0 6150.0 0.00361
3250.0 6150.0 0.27587
3350.0 6150.0 0.40059
3450.0 6150.0 0.35473
3550.0 6150.0 0.19308
3650.0 6150.0 0.02502
3750.0 6150.0 -0.03293
3850.0 6150.0 0.07124
3950.0 6150.0 0.25755
4050.0 6150.0 0.48786
4150.0 6150.0 0.70549
4250.0 6150.0 0.80956
4350.0 6150.0 0.74767
4450.0 6150.0 0.55239
4550.0 6150.0 0.31929
4650.0 6150.0 0.12671
4750.0 6150.0 -0.08765
4850.0 6150.0 -0.39661
4950.0 6150.0 -0.69312
5050.0 6150.0 -0.83255
5150.0 6150.0 -0.74715
5250.0 6150.0 -0.48333
5350.0 6150.0 -0.16200
5450.0 6150.0 0.13555
5550.0 6150.0 0.39750
5650.0 6150.0 0.54726
5750.0 6150.0 0.52931
5850.0 6150.0 0.35932
5950.0 6150.0 0.12682
6050.0 6150.0 -0.04427
6150.0 6150.0 -0.07710
6250.0 6150.0 -0.03807
6350.0 6150.0 0.02008
50.0 6250.0 0.30814
150.0 6250.0 -0.25918
250.0 6250.0 -0.94146
350.0 6250.0 -1.50331
450.0 6250.0 -1.67195
550.0 6250.0 -1.36249
650.0 6250.0 -0.73453
750.0 6250.0 -0.08004
850.0 6250.0 0.45310
950.0 6250.0 0.93367
1050.0 6250.0 1.24183
1150.0 6250.0 1.24545
1250.0 6250.0 0.93608
1350.0 6250.0 0.45763
1450.0 6250.0 0.04392
1550.0 6250.0 -0.13468
1650.0 6250.0 -0.18980
1750.0 6250.0 -0.34066
1850.0 6250.0 -0.57646
1950.0 6250.0 -0.78423
2050.0 6250.0 -0.85974
2150.0 6250.0 -0.76728
2250.0 6250.0 -0.54945
2350.0 6250.0 -0.28696
2450.0 6250.0 -0.05730
2550.0 6250.0 0.03306
2650.0 6250.0 -0.01752
2750.0 6250.0 -0.12727
2850.0 6250.0 -0.18900
2950.0 6250.0 -0.11826
3050.0 6250.0 0.10812
3150.0 6250.0 0.42289
3250.0 6250.0 0.65526
3350.0 6250.0 0.66125
3450.0 6250.0 0.42781
3550.0 6250.0 0.05425
3650.0 6250.0 -0.29516
3750.0 6250.0 -0.46230
3850.0 6250.0 -0.39004
3950.0 6250.0 -0.20500
4050.0 6250.0 0.02247
4150.0 6250.0 0.23447
4250.0 6250.0 0.33126
4350.0 6250.0 0.26236
4450.0 6250.0 0.06207
4550.0 6250.0 -0.17315
4650.0 6250.0 -0.36565
4750.0 6250.0 -0.57084
4850.0 6250.0 -0.83647
4950.0 6250.0 -1.05258
5050.0 6250.0 -1.09212
5150.0 6250.0 -0.91347
5250.0 6250.0 -0.58630
5350.0 6250.0 -0.24069
5450.0 6250.0 0.05768
5550.0 6250.0 0.33103
5650.0 6250.0 0.51978
5750.0 6250.0 0.56549
5850.0 6250.0 0.46884
5950.0 6250.0 0.30009
6050.0 6250.0 0.16798
6150.0 6250.0 0.14697
6250.0 6250.0 0.18211
6350.0 6250.0 0.19152
50.0 6350.0 0.49082
150.0 6350.0 0.00263
250.0 6350.0 -0.57414
350.0 6350.0 -1.02581
450.0 6350.0 -1.11444
550.0 6350.0 -0.77526
650.0 6350.0 -0.16242
750.0 6350.0 0.45684
850.0 6350.0 0.95521
950.0 6350.0 1.37926
1050.0 6350.0 1.58281
1150.0 6350.0 1.44556
1250.0 6350.0 0.99044
1350.0 6350.0 0.39405
1450.0 6350.0 -0.08989
1550.0 6350.0 -0.29379
1650.0 6350.0 -0.35533
1750.0 6350.0 -0.49596
1850.0 6350.0 -0.70437
1950.0 6350.0 -0.88303
2050.0 6350.0 -0.94443
2150.0 6350.0 -0.86176
2250.0 6350.0 -0.67544
2350.0 6350.0 -0.45567
2450.0 6350.0 -0.25241
2550.0 6350.0 -0.11316
2650.0 6350.0 -0.02928
2750.0 6350.0 0.04480
2850.0 6350.0 0.15806
2950.0 6350.0 0.34021
3050.0 6350.0 0.58976
3150.0 6350.0 0.87038
3250.0 6350.0 1.02790
3350.0 6350.0 0.88392
3450.0 6350.0 0.44263
3550.0 6350.0 -0.14897
3650.0 6350.0 -0.67553
3750.0 6350.0 -0.94646
3850.0 6350.0 -0.90759
3950.0 6350.0 -0.72937
4050.0 6350.0 -0.50482
4150.0 6350.0 -0.28759
4250.0 6350.0 -0.17580
4350.0 6350.0 -0.22265
4450.0 6350.0 -0.40010
4550.0 6350.0 -0.61848
4650.0 6350.0 -0.80202
4750.0 6350.0 -0.98975
4850.0 6350.0 -1.19899
4950.0 6350.0 -1.32132
5050.0 6350.0 -1.25371
5150.0 6350.0 -0.98414
5250.0 6350.0 -0.60413
5350.0 6350.0 -0.24805
5450.0 6350.0 0.03738
5550.0 6350.0 0.29603
5650.0 6350.0 0.47413
5750.0 6350.0 0.51922
5850.0 6350.0 0.43410
5950.0 6350.0 0.28510
6050.0 6350.0 0.17284
6150.0 6350.0 0.16506
6250.0 6350.0 0.20942
6350.0 6350.0 0.22448
