50.0 50.0 0.00000
150.0 50.0 0.13087
250.0 50.0 0.23707
350.0 50.0 0.28314
450.0 50.0 0.25288
550.0 50.0 0.16465
650.0 50.0 0.06611
750.0 50.0 0.00834
850.0 50.0 0.00050
950.0 50.0 0.07222
1050.0 50.0 0.28998
1150.0 50.0 0.55888
1250.0 50.0 0.73448
1350.0 50.0 0.72059
1450.0 50.0 0.51246
1550.0 50.0 0.18539
1650.0 50.0 -0.16237
1750.0 50.0 -0.33530
1850.0 50.0 -0.19865
1950.0 50.0 0.15340
2050.0 50.0 0.51807
2150.0 50.0 0.69280
2250.0 50.0 0.55952
2350.0 50.0 0.14439
2450.0 50.0 -0.38960
2550.0 50.0 -1.01919
2650.0 50.0 -1.58924
2750.0 50.0 -1.84431
2850.0 50.0 -1.65974
2950.0 50.0 -1.13008
3050.0 50.0 -0.51150
3150.0 50.0 -0.01843
3250.0 50.0 0.40305
3350.0 50.0 0.72467
3450.0 50.0 0.83973
3550.0 50.0 0.71520
3650.0 50.0 0.42560
3750.0 50.0 0.12872
3850.0 50.0 -0.01639
3950.0 50.0 0.01049
4050.0 50.0 -0.03239
4150.0 50.0 -0.30246
4250.0 50.0 -0.68275
4350.0 50.0 -0.96642
4450.0 50.0 -0.99804
4550.0 50.0 -0.74376
4650.0 50.0 -0.29046
4750.0 50.0 0.22416
4850.0 50.0 0.65736
4950.0 50.0 0.86066
5050.0 50.0 0.77553
5150.0 50.0 0.46786
5250.0 50.0 0.10768
5350.0 50.0 -0.10323
5450.0 50.0 -0.05579
5550.0 50.0 0.14495
5650.0 50.0 0.53204
5750.0 50.0 1.04579
5850.0 50.0 1.43669
5950.0 50.0 1.49857
6050.0 50.0 1.19100
6150.0 50.0 0.64464
6250.0 50.0 0.04949
6350.0 50.0 -0.53145
50.0 150.0 0.22697
150.0 150.0 0.36007
250.0 150.0 0.45945
350.0 150.0 0.48912
450.0 150.0 0.43789
550.0 150.0 0.33108
650.0 150.0 0.22221
750.0 150.0 0.16450
850.0 150.0 0.16343
950.0 150.0 0.22368
1050.0 150.0 0.37698
1150.0 150.0 0.52889
1250.0 150.0 0.56175
1350.0 150.0 0.41716
1450.0 150.0 0.12328
1550.0 150.0 -0.23300
1650.0 150.0 -0.57774
1750.0 150.0 -0.72499
1850.0 150.0 -0.52091
1950.0 150.0 -0.06436
2050.0 150.0 0.41980
2150.0 150.0 0.70044
2250.0 150.0 0.63646
2350.0 150.0 0.24972
2450.0 150.0 -0.27698
2550.0 150.0 -0.94322
2650.0 150.0 -1.61841
2750.0 150.0 -2.03352
2850.0 150.0 -2.02566
2950.0 150.0 -1.64343
3050.0 150.0 -1.10952
3150.0 150.0 -0.64041
3250.0 150.0 -0.22364
3350.0 150.0 0.11091
3450.0 150.0 0.26085
3550.0 150.0 0.18587
3650.0 150.0 -0.05330
3750.0 150.0 -0.31317
3850.0 150.0 -0.44297
3950.0 150.0 -0.41745
4050.0 150.0 -0.45736
4150.0 150.0 -0.70515
4250.0 150.0 -1.04500
4350.0 150.0 -1.28089
4450.0 150.0 -1.27117
4550.0 150.0 -0.99300
4650.0 150.0 -0.53618
4750.0 150.0 -0.02859
4850.0 150.0 0.41553
4950.0 150.0 0.67009
5050.0 150.0 0.67439
5150.0 150.0 0.47431
5250.0 150.0 0.21189
5350.0 150.0 0.06463
5450.0 150.0 0.13499
5550.0 150.0 0.34126
5650.0 150.0 0.73923
5750.0 150.0 1.27490
5850.0 150.0 1.69906
5950.0 150.0 1.80083
6050.0 150.0 1.53190
6150.0 150.0 1.01541
6250.0 150.0 0.43947
6350.0 150.0 -0.13979
50.0 250.0 0.61209
150.0 250.0 0.75962
250.0 250.0 0.83514
350.0 250.0 0.80129
450.0 250.0 0.66891
550.0 250.0 0.49290
650.0 250.0 0.35062
750.0 250.0 0.30323
850.0 250.0 0.34050
950.0 250.0 0.42120
1050.0 250.0 0.53338
1150.0 250.0 0.57889
1250.0 250.0 0.46798
1350.0 250.0 0.18649
1450.0 250.0 -0.19524
1550.0 250.0 -0.57203
1650.0 250.0 -0.89835
1750.0 250.0 -1.02379
1850.0 250.0 -0.78801
1950.0 250.0 -0.27988
2050.0 250.0 0.27784
2150.0 250.0 0.64549
2250.0 250.0 0.66662
2350.0 250.0 0.35133
2450.0 250.0 -0.11565
2550.0 250.0 -0.76519
2650.0 250.0 -1.50923
2750.0 250.0 -2.08557
2850.0 250.0 -2.29754
2950.0 250.0 -2.13152
3050.0 250.0 -1.74815
3150.0 250.0 -1.34725
3250.0 250.0 -0.96334
3350.0 250.0 -0.60273
3450.0 250.0 -0.35116
3550.0 250.0 -0.27149
3650.0 250.0 -0.34890
3750.0 250.0 -0.48971
3850.0 250.0 -0.57373
3950.0 250.0 -0.56029
4050.0 250.0 -0.61366
4150.0 250.0 -0.85750
4250.0 250.0 -1.18227
4350.0 250.0 -1.40571
4450.0 250.0 -1.39831
4550.0 250.0 -1.14227
4650.0 250.0 -0.72391
4750.0 250.0 -0.26141
4850.0 250.0 0.14120
4950.0 250.0 0.37457
5050.0 250.0 0.39413
5150.0 250.0 0.24739
5250.0 250.0 0.05973
5350.0 250.0 -0.01900
5450.0 250.0 0.09301
5550.0 250.0 0.32334
5650.0 250.0 0.73190
5750.0 250.0 1.27034
5850.0 250.0 1.70871
5950.0 250.0 1.85113
6050.0 250.0 1.65103
6150.0 250.0 1.22019
6250.0 250.0 0.73179
6350.0 250.0 0.22368
50.0 350.0 1.02662
150.0 350.0 1.20426
250.0 350.0 1.24535
350.0 350.0 1.11127
450.0 350.0 0.85103
550.0 350.0 0.56930
650.0 350.0 0.38275
750.0 350.0 0.36438
850.0 350.0 0.47712
950.0 350.0 0.61977
1050.0 350.0 0.73561
1150.0 350.0 0.71765
1250.0 350.0 0.49846
1350.0 350.0 0.10626
1450.0 350.0 -0.34379
1550.0 350.0 -0.72303
1650.0 350.0 -1.01312
1750.0 350.0 -1.12799
1850.0 350.0 -0.92082
1950.0 350.0 -0.45163
2050.0 350.0 0.09374
2150.0 350.0 0.49858
2250.0 350.0 0.60628
2350.0 350.0 0.40716
2450.0 350.0 0.06208
2550.0 350.0 -0.48938
2650.0 350.0 -1.21402
2750.0 350.0 -1.88732
2850.0 350.0 -2.30016
2950.0 350.0 -2.37525
3050.0 350.0 -2.18946
3150.0 350.0 -1.90190
3250.0 350.0 -1.58704
3350.0 350.0 -1.20758
3450.0 350.0 -0.82193
3550.0 350.0 -0.52433
3650.0 350.0 -0.36838
3750.0 350.0 -0.33704
3850.0 350.0 -0.35908
3950.0 350.0 -0.37235
4050.0 350.0 -0.45629
4150.0 350.0 -0.71020
4250.0 350.0 -1.03670
4350.0 350.0 -1.27346
4450.0 350.0 -1.30488
4550.0 350.0 -1.11472
4650.0 350.0 -0.77956
4750.0 350.0 -0.40572
4850.0 350.0 -0.10581
4950.0 350.0 0.02031
5050.0 350.0 -0.03444
5150.0 350.0 -0.19512
5250.0 350.0 -0.33865
5350.0 350.0 -0.34582
5450.0 350.0 -0.17141
5550.0 350.0 0.10351
5650.0 350.0 0.51377
5750.0 350.0 1.01248
5850.0 350.0 1.41378
5950.0 350.0 1.56670
6050.0 350.0 1.44529
6150.0 350.0 1.15077
6250.0 350.0 0.82555
6350.0 350.0 0.47152
50.0 450.0 1.26113
150.0 450.0 1.48023
250.0 450.0 1.49237
350.0 450.0 1.25920
450.0 450.0 0.87273
550.0 450.0 0.49203
650.0 450.0 0.27506
750.0 450.0 0.30564
850.0 450.0 0.51663
950.0 450.0 0.75177
1050.0 450.0 0.92077
1150.0 450.0 0.90425
1250.0 450.0 0.64508
1350.0 450.0 0.20060
1450.0 450.0 -0.27791
1550.0 450.0 -0.63864
1650.0 450.0 -0.88189
1750.0 450.0 -1.00154
1850.0 450.0 -0.88323
1950.0 450.0 -0.54440
2050.0 450.0 -0.10456
2150.0 450.0 0.27192
2250.0 450.0 0.44537
2350.0 450.0 0.38246
2450.0 450.0 0.19819
2550.0 450.0 -0.18160
2650.0 450.0 -0.77488
2750.0 450.0 -1.42258
2850.0 450.0 -1.93644
2950.0 450.0 -2.19714
3050.0 450.0 -2.19944
3150.0 450.0 -2.04425
3250.0 450.0 -1.82456
3350.0 450.0 -1.45932
3450.0 450.0 -0.97786
3550.0 450.0 -0.49977
3650.0 450.0 -0.14149
3750.0 450.0 0.03979
3850.0 450.0 0.06483
3950.0 450.0 0.01330
4050.0 450.0 -0.10892
4150.0 450.0 -0.37198
4250.0 450.0 -0.69414
4350.0 450.0 -0.94004
4450.0 450.0 -1.01398
4550.0 450.0 -0.90346
4650.0 450.0 -0.67320
4750.0 450.0 -0.41329
4850.0 450.0 -0.25311
4950.0 450.0 -0.28820
5050.0 450.0 -0.47535
5150.0 450.0 -0.69572
5250.0 450.0 -0.81852
5350.0 450.0 -0.75568
5450.0 450.0 -0.50769
5550.0 450.0 -0.17718
5650.0 450.0 0.21850
5750.0 450.0 0.62600
5850.0 450.0 0.92222
5950.0 450.0 1.02780
6050.0 450.0 0.95872
6150.0 450.0 0.81280
6250.0 450.0 0.69133
6350.0 450.0 0.54391
50.0 550.0 1.19097
150.0 550.0 1.45352
250.0 550.0 1.45550
350.0 550.0 1.16095
450.0 550.0 0.69663
550.0 550.0 0.26306
650.0 550.0 0.04759
750.0 550.0 0.13930
850.0 550.0 0.44705
950.0 550.0 0.78076
1050.0 550.0 1.03478
1150.0 550.0 1.07709
1250.0 550.0 0.84775
1350.0 550.0 0.41484
1450.0 550.0 -0.05021
1550.0 550.0 -0.37801
1650.0 550.0 -0.57569
1750.0 550.0 -0.71259
1850.0 550.0 -0.71628
1950.0 550.0 -0.55912
2050.0 550.0 -0.28330
2150.0 550.0 0.01329
2250.0 550.0 0.21916
2350.0 550.0 0.27929
2450.0 550.0 0.25444
2550.0 550.0 0.07923
2650.0 550.0 -0.29774
2750.0 550.0 -0.79508
2850.0 550.0 -1.27559
2950.0 550.0 -1.61243
3050.0 550.0 -1.74208
3150.0 550.0 -1.70413
3250.0 550.0 -1.58415
3350.0 550.0 -1.27674
3450.0 550.0 -0.78994
3550.0 550.0 -0.25080
3650.0 550.0 0.19203
3750.0 550.0 0.43710
3850.0 550.0 0.47054
3950.0 550.0 0.37737
4050.0 550.0 0.22186
4150.0 550.0 -0.03520
4250.0 550.0 -0.32719
4350.0 550.0 -0.55058
4450.0 550.0 -0.63688
4550.0 550.0 -0.58418
4650.0 550.0 -0.44816
4750.0 550.0 -0.29817
4850.0 550.0 -0.27443
4950.0 550.0 -0.46902
5050.0 550.0 -0.78968
5150.0 550.0 -1.07385
5250.0 550.0 -1.18172
5350.0 550.0 -1.05421
5450.0 550.0 -0.73591
5550.0 550.0 -0.35305
5650.0 550.0 0.01183
5750.0 550.0 0.29099
5850.0 550.0 0.42816
5950.0 550.0 0.42740
6050.0 550.0 0.36057
6150.0 550.0 0.33234
6250.0 550.0 0.40255
6350.0 550.0 0.46090
50.0 650.0 0.84296
150.0 650.0 1.14051
250.0 650.0 1.15511
350.0 650.0 0.85499
450.0 650.0 0.38417
550.0 650.0 -0.03948
650.0 650.0 -0.21930
750.0 650.0 -0.06821
850.0 650.0 0.31099
950.0 650.0 0.72156
1050.0 650.0 1.05869
1150.0 650.0 1.18079
1250.0 650.0 1.01758
1350.0 650.0 0.63353
1450.0 650.0 0.20489
1550.0 650.0 -0.08940
1650.0 650.0 -0.25411
1750.0 650.0 -0.41160
1850.0 650.0 -0.52638
1950.0 650.0 -0.53589
2050.0 650.0 -0.41814
2150.0 650.0 -0.21296
2250.0 650.0 -0.00394
2350.0 650.0 0.13910
2450.0 650.0 0.23224
2550.0 650.0 0.23688
2650.0 650.0 0.09125
2750.0 650.0 -0.19135
2850.0 650.0 -0.53665
2950.0 650.0 -0.84053
3050.0 650.0 -1.01547
3150.0 650.0 -1.05270
3250.0 650.0 -1.01285
3350.0 650.0 -0.79565
3450.0 650.0 -0.40139
3550.0 650.0 0.05640
3650.0 650.0 0.43737
3750.0 650.0 0.63867
3850.0 650.0 0.63714
3950.0 650.0 0.50896
4050.0 650.0 0.33546
4150.0 650.0 0.10635
4250.0 650.0 -0.12265
4350.0 650.0 -0.27995
4450.0 650.0 -0.32938
4550.0 650.0 -0.28762
4650.0 650.0 -0.20782
4750.0 650.0 -0.13612
4850.0 650.0 -0.20642
4950.0 650.0 -0.50334
5050.0 650.0 -0.90047
5150.0 650.0 -1.20836
5250.0 650.0 -1.28639
5350.0 650.0 -1.10071
5450.0 650.0 -0.72830
5550.0 650.0 -0.30915
5650.0 650.0 0.01690
5750.0 650.0 0.16368
5850.0 650.0 0.12919
5950.0 650.0 -0.00854
6050.0 650.0 -0.12205
6150.0 650.0 -0.09164
6250.0 650.0 0.11104
6350.0 650.0 0.32076
50.0 750.0 0.36341
150.0 750.0 0.68091
250.0 750.0 0.72502
350.0 750.0 0.46871
450.0 750.0 0.05439
550.0 750.0 -0.30735
650.0 750.0 -0.42993
750.0 750.0 -0.23410
850.0 750.0 0.17888
950.0 750.0 0.62679
1050.0 750.0 1.01287
1150.0 750.0 1.19101
1250.0 750.0 1.08180
1350.0 750.0 0.74178
1450.0 750.0 0.34405
1550.0 750.0 0.07001
1650.0 750.0 -0.07997
1750.0 750.0 -0.25100
1850.0 750.0 -0.42758
1950.0 750.0 -0.53033
2050.0 750.0 -0.50423
2150.0 750.0 -0.35787
2250.0 750.0 -0.15831
2350.0 750.0 0.01844
2450.0 750.0 0.16686
2550.0 750.0 0.28091
2650.0 750.0 0.30671
2750.0 750.0 0.21633
2850.0 750.0 0.03227
2950.0 750.0 -0.17702
3050.0 750.0 -0.32978
3150.0 750.0 -0.39194
3250.0 750.0 -0.39750
3350.0 750.0 -0.27793
3450.0 750.0 -0.03901
3550.0 750.0 0.23405
3650.0 750.0 0.44200
3750.0 750.0 0.51748
3850.0 750.0 0.45182
3950.0 750.0 0.30214
4050.0 750.0 0.12944
4150.0 750.0 -0.05260
4250.0 750.0 -0.19311
4350.0 750.0 -0.24792
4450.0 750.0 -0.21382
4550.0 750.0 -0.13190
4650.0 750.0 -0.05993
4750.0 750.0 -0.02156
4850.0 750.0 -0.12355
4950.0 750.0 -0.43606
5050.0 750.0 -0.82034
5150.0 750.0 -1.08597
5250.0 750.0 -1.10544
5350.0 750.0 -0.86641
5450.0 750.0 -0.46178
5550.0 750.0 -0.02798
5650.0 750.0 0.26271
5750.0 750.0 0.30725
5850.0 750.0 0.13432
5950.0 750.0 -0.12995
6050.0 750.0 -0.31680
6150.0 750.0 -0.28884
6250.0 750.0 -0.03347
6350.0 750.0 0.24430
50.0 850.0 -0.11112
150.0 850.0 0.21454
250.0 850.0 0.29429
350.0 850.0 0.10562
450.0 850.0 -0.22183
550.0 850.0 -0.49859
650.0 850.0 -0.55853
750.0 850.0 -0.33273
850.0 850.0 0.08684
950.0 850.0 0.54099
1050.0 850.0 0.94020
1150.0 850.0 1.13776
1250.0 850.0 1.05034
1350.0 850.0 0.72960
1450.0 850.0 0.34487
1550.0 850.0 0.07669
1650.0 850.0 -0.07144
1750.0 850.0 -0.24663
1850.0 850.0 -0.43791
1950.0 850.0 -0.56319
2050.0 850.0 -0.56088
2150.0 850.0 -0.43260
2250.0 850.0 -0.24094
2350.0 850.0 -0.06232
2450.0 850.0 0.09578
2550.0 850.0 0.25673
2650.0 850.0 0.38212
2750.0 850.0 0.42650
2850.0 850.0 0.37872
2950.0 850.0 0.27336
3050.0 850.0 0.17242
3150.0 850.0 0.11728
3250.0 850.0 0.09330
3350.0 850.0 0.12419
3450.0 850.0 0.19142
3550.0 850.0 0.24314
3650.0 850.0 0.23514
3750.0 850.0 0.15285
3850.0 850.0 0.01428
3950.0 850.0 -0.14594
4050.0 850.0 -0.30576
4150.0 850.0 -0.43181
4250.0 850.0 -0.47378
4350.0 850.0 -0.41002
4450.0 850.0 -0.26827
4550.0 850.0 -0.11600
4650.0 850.0 -0.01996
4750.0 850.0 0.01671
4850.0 850.0 -0.07213
4950.0 850.0 -0.33663
5050.0 850.0 -0.64139
5150.0 850.0 -0.81424
5250.0 850.0 -0.75165
5350.0 850.0 -0.46094
5450.0 850.0 -0.03928
5550.0 850.0 0.39403
5650.0 850.0 0.65695
5750.0 850.0 0.63336
5850.0 850.0 0.36405
5950.0 850.0 0.00026
6050.0 850.0 -0.26303
6150.0 850.0 -0.27225
6250.0 850.0 -0.01893
6350.0 850.0 0.26585
50.0 950.0 -0.46297
150.0 950.0 -0.13965
250.0 950.0 -0.03268
350.0 950.0 -0.15761
450.0 950.0 -0.39666
550.0 950.0 -0.58305
650.0 950.0 -0.57458
750.0 950.0 -0.31627
850.0 950.0 0.10871
950.0 950.0 0.56235
1050.0 950.0 0.95648
1150.0 950.0 1.14819
1250.0 950.0 1.05926
1350.0 950.0 0.74429
1450.0 950.0 0.37203
1550.0 950.0 0.11971
1650.0 950.0 -0.01266
1750.0 950.0 -0.18373
1850.0 950.0 -0.39442
1950.0 950.0 -0.56049
2050.0 950.0 -0.60824
2150.0 950.0 -0.52310
2250.0 950.0 -0.35423
2350.0 950.0 -0.17518
2450.0 950.0 -0.00227
2550.0 950.0 0.21702
2650.0 950.0 0.46134
2750.0 950.0 0.66370
2850.0 950.0 0.77347
2950.0 950.0 0.78655
3050.0 950.0 0.74339
3150.0 950.0 0.69493
3250.0 950.0 0.65139
3350.0 950.0 0.59473
3450.0 950.0 0.49253
3550.0 950.0 0.32378
3650.0 950.0 0.09751
3750.0 950.0 -0.14836
3850.0 950.0 -0.36783
3950.0 950.0 -0.54710
4050.0 950.0 -0.70384
4150.0 950.0 -0.78792
4250.0 950.0 -0.75031
4350.0 950.0 -0.59024
4450.0 950.0 -0.36341
4550.0 950.0 -0.16032
4650.0 950.0 -0.05490
4750.0 950.0 -0.03084
4850.0 950.0 -0.09892
4950.0 950.0 -0.27442
5050.0 950.0 -0.43599
5150.0 950.0 -0.45230
5250.0 950.0 -0.26569
5350.0 950.0 0.08481
5450.0 950.0 0.50116
5550.0 950.0 0.90036
5650.0 950.0 1.10266
5750.0 950.0 0.98428
5850.0 950.0 0.60306
5950.0 950.0 0.13559
6050.0 950.0 -0.20229
6150.0 950.0 -0.24916
6250.0 950.0 -0.00574
6350.0 950.0 0.27553
50.0 1050.0 -0.49870
150.0 1050.0 -0.20338
250.0 1050.0 -0.09910
350.0 1050.0 -0.18819
450.0 1050.0 -0.35657
550.0 1050.0 -0.45676
650.0 1050.0 -0.37384
750.0 1050.0 -0.07447
850.0 1050.0 0.36173
950.0 1050.0 0.80810
1050.0 1050.0 1.16332
1150.0 1050.0 1.29896
1250.0 1050.0 1.16354
1350.0 1050.0 0.83304
1450.0 1050.0 0.48276
1550.0 1050.0 0.28061
1650.0 1050.0 0.20699
1750.0 1050.0 0.06297
1850.0 1050.0 -0.18681
1950.0 1050.0 -0.45358
2050.0 1050.0 -0.63065
2150.0 1050.0 -0.65772
2250.0 1050.0 -0.54486
2350.0 1050.0 -0.35601
2450.0 1050.0 -0.13950
2550.0 1050.0 0.18029
2650.0 1050.0 0.59609
2750.0 1050.0 1.00428
2850.0 1050.0 1.30123
2950.0 1050.0 1.43983
3050.0 1050.0 1.44500
3150.0 1050.0 1.38807
3250.0 1050.0 1.31489
3350.0 1050.0 1.18443
3450.0 1050.0 0.95187
3550.0 1050.0 0.61314
3650.0 1050.0 0.21165
3750.0 1050.0 -0.17739
3850.0 1050.0 -0.48514
3950.0 1050.0 -0.70930
4050.0 1050.0 -0.89339
4150.0 1050.0 -0.97425
4250.0 1050.0 -0.90763
4350.0 1050.0 -0.71210
4450.0 1050.0 -0.46501
4550.0 1050.0 -0.27154
4650.0 1050.0 -0.20683
4750.0 1050.0 -0.23651
4850.0 1050.0 -0.28701
4950.0 1050.0 -0.30809
5050.0 1050.0 -0.21421
5150.0 1050.0 0.03898
5250.0 1050.0 0.41828
5350.0 1050.0 0.82790
5450.0 1050.0 1.17567
5550.0 1050.0 1.45408
5650.0 1050.0 1.51169
5750.0 1050.0 1.23497
5850.0 1050.0 0.71551
5950.0 1050.0 0.15626
6050.0 1050.0 -0.22392
6150.0 1050.0 -0.28359
6250.0 1050.0 -0.04969
6350.0 1050.0 0.22150
50.0 1150.0 -0.23068
150.0 1150.0 0.00988
250.0 1150.0 0.07250
350.0 1150.0 -0.02696
450.0 1150.0 -0.16645
550.0 1150.0 -0.20824
650.0 1150.0 -0.06212
750.0 1150.0 0.27904
850.0 1150.0 0.73125
950.0 1150.0 1.16465
1050.0 1150.0 1.45126
1150.0 1150.0 1.48751
1250.0 1150.0 1.26843
1350.0 1150.0 0.90758
1450.0 1150.0 0.59249
1550.0 1150.0 0.47527
1650.0 1150.0 0.50260
1750.0 1150.0 0.41517
1850.0 1150.0 0.12787
1950.0 1150.0 -0.26594
2050.0 1150.0 -0.61381
2150.0 1150.0 -0.79009
2250.0 1150.0 -0.74755
2350.0 1150.0 -0.53471
2450.0 1150.0 -0.24885
2550.0 1150.0 0.18915
2650.0 1150.0 0.77348
2750.0 1150.0 1.35784
2850.0 1150.0 1.79119
2950.0 1150.0 1.99936
3050.0 1150.0 2.01042
3150.0 1150.0 1.92368
3250.0 1150.0 1.81592
3350.0 1150.0 1.65357
3450.0 1150.0 1.38524
3550.0 1150.0 0.99918
3650.0 1150.0 0.53643
3750.0 1150.0 0.07676
3850.0 1150.0 -0.30238
3950.0 1150.0 -0.59357
4050.0 1150.0 -0.83368
4150.0 1150.0 -0.94541
4250.0 1150.0 -0.89267
4350.0 1150.0 -0.71322
4450.0 1150.0 -0.50195
4550.0 1150.0 -0.37219
4650.0 1150.0 -0.39511
4750.0 1150.0 -0.51895
4850.0 1150.0 -0.56977
4950.0 1150.0 -0.41678
5050.0 1150.0 -0.02725
5150.0 1150.0 0.52745
5250.0 1150.0 1.09940
5350.0 1150.0 1.52691
5450.0 1150.0 1.73246
5550.0 1150.0 1.80715
5650.0 1150.0 1.65584
5750.0 1150.0 1.20093
5850.0 1150.0 0.57765
5950.0 1150.0 0.00164
6050.0 1150.0 -0.33870
6150.0 1150.0 -0.35955
6250.0 1150.0 -0.12895
6350.0 1150.0 0.12752
50.0 1250.0 0.17422
150.0 1250.0 0.34518
250.0 1250.0 0.33529
350.0 1250.0 0.17926
450.0 1250.0 0.01759
550.0 1250.0 -0.00939
650.0 1250.0 0.17266
750.0 1250.0 0.54615
850.0 1250.0 1.01552
950.0 1250.0 1.43440
1050.0 1250.0 1.64270
1150.0 1250.0 1.56646
1250.0 1250.0 1.25482
1350.0 1250.0 0.86440
1450.0 1250.0 0.59567
1550.0 1250.0 0.58143
1650.0 1250.0 0.72987
1750.0 1250.0 0.72217
1850.0 1250.0 0.42474
1950.0 1250.0 -0.06725
2050.0 1250.0 -0.55939
2150.0 1250.0 -0.86321
2250.0 1250.0 -0.87447
2350.0 1250.0 -0.62447
2450.0 1250.0 -0.26018
2550.0 1250.0 0.27430
2650.0 1250.0 0.95609
2750.0 1250.0 1.60461
2850.0 1250.0 2.04813
2950.0 1250.0 2.21880
3050.0 1250.0 2.17314
3150.0 1250.0 2.03810
3250.0 1250.0 1.89977
3350.0 1250.0 1.76180
3450.0 1250.0 1.57469
3550.0 1250.0 1.29332
3650.0 1250.0 0.91530
3750.0 1250.0 0.48670
3850.0 1250.0 0.07507
3950.0 1250.0 -0.28960
4050.0 1250.0 -0.59791
4150.0 1250.0 -0.75176
4250.0 1250.0 -0.72479
4350.0 1250.0 -0.57565
4450.0 1250.0 -0.41733
4550.0 1250.0 -0.37045
4650.0 1250.0 -0.50057
4750.0 1250.0 -0.73794
4850.0 1250.0 -0.81649
4950.0 1250.0 -0.53693
5050.0 1250.0 0.07807
5150.0 1250.0 0.84888
5250.0 1250.0 1.52735
5350.0 1250.0 1.90122
5450.0 1250.0 1.91467
5550.0 1250.0 1.74871
5650.0 1250.0 1.38110
5750.0 1250.0 0.79286
5850.0 1250.0 0.15920
5950.0 1250.0 -0.31690
6050.0 1250.0 -0.51370
6150.0 1250.0 -0.43629
6250.0 1250.0 -0.19850
6350.0 1250.0 0.04327
50.0 1350.0 0.49139
150.0 1350.0 0.59634
250.0 1350.0 0.50517
350.0 1350.0 0.26787
450.0 1350.0 0.04763
550.0 1350.0 -0.00312
650.0 1350.0 0.18471
750.0 1350.0 0.57564
850.0 1350.0 1.05927
950.0 1350.0 1.46681
1050.0 1350.0 1.61091
1150.0 1350.0 1.44431
1250.0 1350.0 1.06269
1350.0 1350.0 0.65813
1450.0 1350.0 0.43984
1550.0 1350.0 0.52209
1650.0 1350.0 0.78117
1750.0 1350.0 0.85941
1850.0 1350.0 0.59149
1950.0 1350.0 0.07008
2050.0 1350.0 -0.48643
2150.0 1350.0 -0.84953
2250.0 1350.0 -0.87597
2350.0 1350.0 -0.58271
2450.0 1350.0 -0.15120
2550.0 1350.0 0.43000
2650.0 1350.0 1.10537
2750.0 1350.0 1.67846
2850.0 1350.0 1.99160
2950.0 1350.0 2.01798
3050.0 1350.0 1.86257
3150.0 1350.0 1.67206
3250.0 1350.0 1.51392
3350.0 1350.0 1.44440
3450.0 1350.0 1.42292
3550.0 1350.0 1.35608
3650.0 1350.0 1.17204
3750.0 1350.0 0.85719
3850.0 1350.0 0.45521
3950.0 1350.0 0.02871
4050.0 1350.0 -0.33842
4150.0 1350.0 -0.51835
4250.0 1350.0 -0.49358
4350.0 1350.0 -0.34634
4450.0 1350.0 -0.21257
4550.0 1350.0 -0.22514
4650.0 1350.0 -0.44653
4750.0 1350.0 -0.78748
4850.0 1350.0 -0.91769
4950.0 1350.0 -0.60187
5050.0 1350.0 0.09440
5150.0 1350.0 0.92218
5250.0 1350.0 1.57782
5350.0 1350.0 1.83046
5450.0 1350.0 1.64797
5550.0 1350.0 1.26600
5650.0 1350.0 0.73304
5750.0 1350.0 0.09798
5850.0 1350.0 -0.43902
5950.0 1350.0 -0.71234
6050.0 1350.0 -0.68921
6150.0 1350.0 -0.47411
6250.0 1350.0 -0.21941
6350.0 1350.0 0.01221
50.0 1450.0 0.53319
150.0 1450.0 0.59289
250.0 1450.0 0.43883
350.0 1450.0 0.12995
450.0 1450.0 -0.15200
550.0 1450.0 -0.24078
650.0 1450.0 -0.06524
750.0 1450.0 0.33005
850.0 1450.0 0.82231
950.0 1450.0 1.22499
1050.0 1450.0 1.33648
1150.0 1450.0 1.12695
1250.0 1450.0 0.71907
1350.0 1450.0 0.32322
1450.0 1450.0 0.15008
1550.0 1450.0 0.30032
1650.0 1450.0 0.63325
1750.0 1450.0 0.78313
1850.0 1450.0 0.57722
1950.0 1450.0 0.10202
2050.0 1450.0 -0.42374
2150.0 1450.0 -0.76386
2250.0 1450.0 -0.76332
2350.0 1450.0 -0.43105
2450.0 1450.0 0.04114
2550.0 1450.0 0.61522
2650.0 1450.0 1.19822
2750.0 1450.0 1.59735
2850.0 1450.0 1.69477
2950.0 1450.0 1.52352
3050.0 1450.0 1.24155
3150.0 1450.0 1.00365
3250.0 1450.0 0.83807
3350.0 1450.0 0.84655
3450.0 1450.0 0.99952
3550.0 1450.0 1.15898
3650.0 1450.0 1.18594
3750.0 1450.0 1.00683
3850.0 1450.0 0.63895
3950.0 1450.0 0.17515
4050.0 1450.0 -0.22385
4150.0 1450.0 -0.39373
4250.0 1450.0 -0.32281
4350.0 1450.0 -0.11931
4450.0 1450.0 0.05108
4550.0 1450.0 0.03470
4650.0 1450.0 -0.23342
4750.0 1450.0 -0.64279
4850.0 1450.0 -0.83305
4950.0 1450.0 -0.57042
5050.0 1450.0 0.05848
5150.0 1450.0 0.78730
5250.0 1450.0 1.31068
5350.0 1450.0 1.41217
5450.0 1450.0 1.07922
5550.0 1450.0 0.55700
5650.0 1450.0 -0.05565
5750.0 1450.0 -0.65117
5850.0 1450.0 -1.02367
5950.0 1450.0 -1.05683
6050.0 1450.0 -0.80348
6150.0 1450.0 -0.45151
6250.0 1450.0 -0.17578
6350.0 1450.0 0.05261
50.0 1550.0 0.24155
150.0 1550.0 0.28389
250.0 1550.0 0.10252
350.0 1550.0 -0.24088
450.0 1550.0 -0.55610
550.0 1550.0 -0.66914
650.0 1550.0 -0.50556
750.0 1550.0 -0.11198
850.0 1550.0 0.38311
950.0 1550.0 0.78774
1050.0 1550.0 0.90120
1150.0 1550.0 0.69977
1250.0 1550.0 0.31068
1350.0 1550.0 -0.05620
1450.0 1550.0 -0.19582
1550.0 1550.0 -0.01448
1650.0 1550.0 0.34660
1750.0 1550.0 0.54097
1850.0 1550.0 0.40975
1950.0 1550.0 0.03168
2050.0 1550.0 -0.39339
2150.0 1550.0 -0.64924
2250.0 1550.0 -0.59360
2350.0 1550.0 -0.23425
2450.0 1550.0 0.24901
2550.0 1550.0 0.78048
2650.0 1550.0 1.23671
2750.0 1550.0 1.44118
2850.0 1550.0 1.32282
2950.0 1550.0 0.97120
3050.0 1550.0 0.58576
3150.0 1550.0 0.31912
3250.0 1550.0 0.15487
3350.0 1550.0 0.21555
3450.0 1550.0 0.47930
3550.0 1550.0 0.78262
3650.0 1550.0 0.94658
3750.0 1550.0 0.86085
3850.0 1550.0 0.52542
3950.0 1550.0 0.05050
4050.0 1550.0 -0.34850
4150.0 1550.0 -0.46868
4250.0 1550.0 -0.30051
4350.0 1550.0 0.02070
4450.0 1550.0 0.29365
4550.0 1550.0 0.33564
4650.0 1550.0 0.07315
4750.0 1550.0 -0.36090
4850.0 1550.0 -0.60202
4950.0 1550.0 -0.44457
5050.0 1550.0 0.02518
5150.0 1550.0 0.56602
5250.0 1550.0 0.91070
5350.0 1550.0 0.87772
5450.0 1550.0 0.46612
5550.0 1550.0 -0.10505
5650.0 1550.0 -0.71525
5750.0 1550.0 -1.22042
5850.0 1550.0 -1.42417
5950.0 1550.0 -1.25473
6050.0 1550.0 -0.82536
6150.0 1550.0 -0.37365
6250.0 1550.0 -0.07959
6350.0 1550.0 0.15185
50.0 1650.0 -0.22143
150.0 1650.0 -0.18044
250.0 1650.0 -0.36599
350.0 1650.0 -0.71699
450.0 1650.0 -1.04196
550.0 1650.0 -1.16475
650.0 1650.0 -1.00870
750.0 1650.0 -0.61925
850.0 1650.0 -0.12573
950.0 1650.0 0.28288
1050.0 1650.0 0.41494
1150.0 1650.0 0.24670
1250.0 1650.0 -0.10191
1350.0 1650.0 -0.43146
1450.0 1650.0 -0.54607
1550.0 1650.0 -0.35535
1650.0 1650.0 0.00755
1750.0 1650.0 0.22838
1850.0 1650.0 0.17213
1950.0 1650.0 -0.09038
2050.0 1650.0 -0.38650
2150.0 1650.0 -0.53282
2250.0 1650.0 -0.41170
2350.0 1650.0 -0.03348
2450.0 1650.0 0.44505
2550.0 1650.0 0.92284
2650.0 1650.0 1.25375
2750.0 1650.0 1.28140
2850.0 1650.0 0.97826
2950.0 1650.0 0.48074
3050.0 1650.0 0.01828
3150.0 1650.0 -0.26349
3250.0 1650.0 -0.42293
3350.0 1650.0 -0.33557
3450.0 1650.0 -0.01896
3550.0 1650.0 0.35329
3650.0 1650.0 0.58515
3750.0 1650.0 0.54954
3850.0 1650.0 0.23769
3950.0 1650.0 -0.23325
4050.0 1650.0 -0.61399
4150.0 1650.0 -0.66537
4250.0 1650.0 -0.37793
4350.0 1650.0 0.08711
4450.0 1650.0 0.49204
4550.0 1650.0 0.62275
4650.0 1650.0 0.39447
4750.0 1650.0 -0.03805
4850.0 1650.0 -0.31683
4950.0 1650.0 -0.27331
5050.0 1650.0 0.01624
5150.0 1650.0 0.35234
5250.0 1650.0 0.51983
5350.0 1650.0 0.37779
5450.0 1650.0 -0.06801
5550.0 1650.0 -0.63818
5650.0 1650.0 -1.20795
5750.0 1650.0 -1.61280
5850.0 1650.0 -1.67170
5950.0 1650.0 -1.34857
6050.0 1650.0 -0.79610
6150.0 1650.0 -0.27810
6250.0 1650.0 0.02935
6350.0 1650.0 0.26577
50.0 1750.0 -0.49022
150.0 1750.0 -0.44842
250.0 1750.0 -0.63830
350.0 1750.0 -1.00775
450.0 1750.0 -1.37007
550.0 1750.0 -1.54534
650.0 1750.0 -1.44544
750.0 1750.0 -1.10308
850.0 1750.0 -0.64490
950.0 1750.0 -0.26149
1050.0 1750.0 -0.13093
1150.0 1750.0 -0.27623
1250.0 1750.0 -0.58867
1350.0 1750.0 -0.88581
1450.0 1750.0 -0.98737
1550.0 1750.0 -0.80926
1650.0 1750.0 -0.47172
1750.0 1750.0 -0.23608
1850.0 1750.0 -0.19528
1950.0 1750.0 -0.28712
2050.0 1750.0 -0.38206
2150.0 1750.0 -0.35306
2250.0 1750.0 -0.12843
2350.0 1750.0 0.27254
2450.0 1750.0 0.73513
2550.0 1750.0 1.14347
2650.0 1750.0 1.33281
2750.0 1750.0 1.17523
2850.0 1750.0 0.69187
2950.0 1750.0 0.06459
3050.0 1750.0 -0.45391
3150.0 1750.0 -0.73165
3250.0 1750.0 -0.87310
3350.0 1750.0 -0.76572
3450.0 1750.0 -0.42032
3550.0 1750.0 -0.00565
3650.0 1750.0 0.28094
3750.0 1750.0 0.30486
3850.0 1750.0 0.04787
3950.0 1750.0 -0.37609
4050.0 1750.0 -0.71154
4150.0 1750.0 -0.71775
4250.0 1750.0 -0.38416
4350.0 1750.0 0.12893
4450.0 1750.0 0.58387
4550.0 1750.0 0.76556
4650.0 1750.0 0.58796
4750.0 1750.0 0.20425
4850.0 1750.0 -0.06006
4950.0 1750.0 -0.07834
5050.0 1750.0 0.07417
5150.0 1750.0 0.23371
5250.0 1750.0 0.23852
5350.0 1750.0 -0.00372
5450.0 1750.0 -0.47157
5550.0 1750.0 -1.02607
5650.0 1750.0 -1.55382
5750.0 1750.0 -1.88362
5850.0 1750.0 -1.85194
5950.0 1750.0 -1.44785
6050.0 1750.0 -0.84400
6150.0 1750.0 -0.31091
6250.0 1750.0 -0.01493
6350.0 1750.0 0.20833
50.0 1850.0 -0.38352
150.0 1850.0 -0.33615
250.0 1850.0 -0.52081
350.0 1850.0 -0.90878
450.0 1850.0 -1.33379
550.0 1850.0 -1.61611
650.0 1850.0 -1.64558
750.0 1850.0 -1.42367
850.0 1850.0 -1.06457
950.0 1850.0 -0.76177
1050.0 1850.0 -0.66879
1150.0 1850.0 -0.80576
1250.0 1850.0 -1.08328
1350.0 1850.0 -1.34988
1450.0 1850.0 -1.45499
1550.0 1850.0 -1.32763
1650.0 1850.0 -1.06566
1750.0 1850.0 -0.84840
1850.0 1850.0 -0.70356
1950.0 1850.0 -0.57532
2050.0 1850.0 -0.39388
2150.0 1850.0 -0.11718
2250.0 1850.0 0.25230
2350.0 1850.0 0.67561
2450.0 1850.0 1.10329
2550.0 1850.0 1.42410
2650.0 1850.0 1.46647
2750.0 1850.0 1.14238
2850.0 1850.0 0.52279
2950.0 1850.0 -0.17630
3050.0 1850.0 -0.69701
3150.0 1850.0 -0.93190
3250.0 1850.0 -1.03142
3350.0 1850.0 -0.92116
3450.0 1850.0 -0.60112
3550.0 1850.0 -0.20530
3650.0 1850.0 0.10031
3750.0 1850.0 0.19373
3850.0 1850.0 0.04711
3950.0 1850.0 -0.24901
4050.0 1850.0 -0.48850
4150.0 1850.0 -0.49604
4250.0 1850.0 -0.25784
4350.0 1850.0 0.11805
4450.0 1850.0 0.46375
4550.0 1850.0 0.62187
4650.0 1850.0 0.52438
4750.0 1850.0 0.27827
4850.0 1850.0 0.12976
4950.0 1850.0 0.15720
5050.0 1850.0 0.26751
5150.0 1850.0 0.31705
5250.0 1850.0 0.19588
5350.0 1850.0 -0.12682
5450.0 1850.0 -0.59637
5550.0 1850.0 -1.11193
5650.0 1850.0 -1.59632
5750.0 1850.0 -1.89540
5850.0 1850.0 -1.86754
5950.0 1850.0 -1.50948
6050.0 1850.0 -0.98054
6150.0 1850.0 -0.52415
6250.0 1850.0 -0.28640
6350.0 1850.0 -0.11330
50.0 1950.0 0.00947
150.0 1950.0 0.06988
250.0 1950.0 -0.08258
350.0 1950.0 -0.45241
450.0 1950.0 -0.91416
550.0 1950.0 -1.30354
650.0 1950.0 -1.49070
750.0 1950.0 -1.43599
850.0 1950.0 -1.22764
950.0 1950.0 -1.04994
1050.0 1950.0 -1.01782
1150.0 1950.0 -1.14694
1250.0 1950.0 -1.37657
1350.0 1950.0 -1.60149
1450.0 1950.0 -1.71565
1550.0 1950.0 -1.66785
1650.0 1950.0 -1.52412
1750.0 1950.0 -1.37228
1850.0 1950.0 -1.17244
1950.0 1950.0 -0.86740
2050.0 1950.0 -0.44108
2150.0 1950.0 0.06381
2250.0 1950.0 0.56502
2350.0 1950.0 0.99679
2450.0 1950.0 1.37529
2550.0 1950.0 1.61135
2650.0 1950.0 1.54374
2750.0 1950.0 1.12728
2850.0 1950.0 0.46935
2950.0 1950.0 -0.20485
3050.0 1950.0 -0.65723
3150.0 1950.0 -0.81173
3250.0 1950.0 -0.85128
3350.0 1950.0 -0.76402
3450.0 1950.0 -0.53753
3550.0 1950.0 -0.24157
3650.0 1950.0 0.02403
3750.0 1950.0 0.17394
3850.0 1950.0 0.17439
3950.0 1950.0 0.07250
4050.0 1950.0 -0.02823
4150.0 1950.0 -0.07413
4250.0 1950.0 -0.04649
4350.0 1950.0 0.04113
4450.0 1950.0 0.14796
4550.0 1950.0 0.22256
4650.0 1950.0 0.23065
4750.0 1950.0 0.19655
4850.0 1950.0 0.25206
4950.0 1950.0 0.42542
5050.0 1950.0 0.58900
5150.0 1950.0 0.60241
5250.0 1950.0 0.40161
5350.0 1950.0 0.02448
5450.0 1950.0 -0.42692
5550.0 1950.0 -0.88375
5650.0 1950.0 -1.32076
5750.0 1950.0 -1.61917
5850.0 1950.0 -1.66408
5950.0 1950.0 -1.44761
6050.0 1950.0 -1.09073
6150.0 1950.0 -0.78319
6250.0 1950.0 -0.64179
6350.0 1950.0 -0.55239
50.0 2050.0 0.45930
150.0 2050.0 0.53989
250.0 2050.0 0.45375
350.0 2050.0 0.16309
450.0 2050.0 -0.26403
550.0 2050.0 -0.69957
650.0 2050.0 -1.00986
750.0 2050.0 -1.11820
850.0 2050.0 -1.07532
950.0 2050.0 -1.03485
1050.0 2050.0 -1.06206
1150.0 2050.0 -1.16783
1250.0 2050.0 -1.32664
1350.0 2050.0 -1.48925
1450.0 2050.0 -1.60308
1550.0 2050.0 -1.64019
1650.0 2050.0 -1.62959
1750.0 2050.0 -1.58429
1850.0 2050.0 -1.41871
1950.0 2050.0 -1.06392
2050.0 2050.0 -0.52891
2150.0 2050.0 0.09102
2250.0 2050.0 0.65603
2350.0 2050.0 1.07368
2450.0 2050.0 1.40049
2550.0 2050.0 1.57652
2650.0 2050.0 1.46642
2750.0 2050.0 1.05989
2850.0 2050.0 0.47721
2950.0 2050.0 -0.07605
3050.0 2050.0 -0.40297
3150.0 2050.0 -0.45799
3250.0 2050.0 -0.43431
3350.0 2050.0 -0.39391
3450.0 2050.0 -0.31386
3550.0 2050.0 -0.18405
3650.0 2050.0 -0.01672
3750.0 2050.0 0.15698
3850.0 2050.0 0.30349
3950.0 2050.0 0.41599
4050.0 2050.0 0.46866
4150.0 2050.0 0.37468
4250.0 2050.0 0.15828
4350.0 2050.0 -0.08675
4450.0 2050.0 -0.25654
4550.0 2050.0 -0.28196
4650.0 2050.0 -0.15873
4750.0 2050.0 0.04378
4850.0 2050.0 0.33684
4950.0 2050.0 0.70269
5050.0 2050.0 0.97235
5150.0 2050.0 0.99819
5250.0 2050.0 0.75383
5350.0 2050.0 0.34348
5450.0 2050.0 -0.07947
5550.0 2050.0 -0.47069
5650.0 2050.0 -0.85511
5750.0 2050.0 -1.15336
5850.0 2050.0 -1.28024
5950.0 2050.0 -1.22257
6050.0 2050.0 -1.05825
6150.0 2050.0 -0.91710
6250.0 2050.0 -0.88322
6350.0 2050.0 -0.89200
50.0 2150.0 0.71634
150.0 2150.0 0.82049
250.0 2150.0 0.82536
350.0 2150.0 0.66913
450.0 2150.0 0.35775
550.0 2150.0 -0.03335
650.0 2150.0 -0.38784
750.0 2150.0 -0.60776
850.0 2150.0 -0.70222
950.0 2150.0 -0.77389
1050.0 2150.0 -0.83559
1150.0 2150.0 -0.89447
1250.0 2150.0 -0.96088
1350.0 2150.0 -1.04132
1450.0 2150.0 -1.13551
1550.0 2150.0 -1.23756
1650.0 2150.0 -1.34091
1750.0 2150.0 -1.41781
1850.0 2150.0 -1.37181
1950.0 2150.0 -1.11444
2050.0 2150.0 -0.64293
2150.0 2150.0 -0.05749
2250.0 2150.0 0.48292
2350.0 2150.0 0.86631
2450.0 2150.0 1.15146
2550.0 2150.0 1.30161
2650.0 2150.0 1.21363
2750.0 2150.0 0.89749
2850.0 2150.0 0.46424
2950.0 2150.0 0.08118
3050.0 2150.0 -0.10357
3150.0 2150.0 -0.06707
3250.0 2150.0 0.00724
3350.0 2150.0 -0.00969
3450.0 2150.0 -0.08875
3550.0 2150.0 -0.14523
3650.0 2150.0 -0.10570
3750.0 2150.0 0.05569
3850.0 2150.0 0.31126
3950.0 2150.0 0.60378
4050.0 2150.0 0.79016
4150.0 2150.0 0.66955
4250.0 2150.0 0.27085
4350.0 2150.0 -0.22647
4450.0 2150.0 -0.60348
4550.0 2150.0 -0.69536
4650.0 2150.0 -0.46749
4750.0 2150.0 -0.06383
4850.0 2150.0 0.43120
4950.0 2150.0 0.96175
5050.0 2150.0 1.32364
5150.0 2150.0 1.36254
5250.0 2150.0 1.08341
5350.0 2150.0 0.64621
5450.0 2150.0 0.24777
5550.0 2150.0 -0.08673
5650.0 2150.0 -0.41471
5750.0 2150.0 -0.68443
5850.0 2150.0 -0.84021
5950.0 2150.0 -0.87429
6050.0 2150.0 -0.83897
6150.0 2150.0 -0.82035
6250.0 2150.0 -0.87370
6350.0 2150.0 -0.96970
50.0 2250.0 0.61512
150.0 2250.0 0.74066
250.0 2250.0 0.83950
350.0 2250.0 0.84032
450.0 2250.0 0.69661
550.0 2250.0 0.42758
650.0 2250.0 0.11558
750.0 2250.0 -0.14029
850.0 2250.0 -0.31314
950.0 2250.0 -0.44546
1050.0 2250.0 -0.50468
1150.0 2250.0 -0.49618
1250.0 2250.0 -0.46044
1350.0 2250.0 -0.44920
1450.0 2250.0 -0.50353
1550.0 2250.0 -0.63398
1650.0 2250.0 -0.80606
1750.0 2250.0 -0.98683
1850.0 2250.0 -1.10043
1950.0 2250.0 -1.03731
2050.0 2250.0 -0.75553
2150.0 2250.0 -0.31947
2250.0 2250.0 0.12951
2350.0 2250.0 0.47071
2450.0 2250.0 0.73244
2550.0 2250.0 0.88408
2650.0 2250.0 0.84861
2750.0 2250.0 0.64174
2850.0 2250.0 0.35542
2950.0 2250.0 0.11950
3050.0 2250.0 0.04366
3150.0 2250.0 0.13951
3250.0 2250.0 0.24149
3350.0 2250.0 0.17572
3450.0 2250.0 -0.02728
3550.0 2250.0 -0.23267
3650.0 2250.0 -0.30638
3750.0 2250.0 -0.17943
3850.0 2250.0 0.12874
3950.0 2250.0 0.52708
4050.0 2250.0 0.80139
4150.0 2250.0 0.69751
4250.0 2250.0 0.24710
4350.0 2250.0 -0.33177
4450.0 2250.0 -0.76912
4550.0 2250.0 -0.85826
4650.0 2250.0 -0.55193
4750.0 2250.0 -0.02771
4850.0 2250.0 0.57932
4950.0 2250.0 1.18316
5050.0 2250.0 1.56101
5150.0 2250.0 1.56368
5250.0 2250.0 1.22604
5350.0 2250.0 0.74988
5450.0 2250.0 0.35921
5550.0 2250.0 0.06045
5650.0 2250.0 -0.21051
5750.0 2250.0 -0.40712
5850.0 2250.0 -0.49984
5950.0 2250.0 -0.50378
6050.0 2250.0 -0.47747
6150.0 2250.0 -0.49516
6250.0 2250.0 -0.59263
6350.0 2250.0 -0.74385
50.0 2350.0 0.16305
150.0 2350.0 0.30417
250.0 2350.0 0.48099
350.0 2350.0 0.62576
450.0 2350.0 0.65715
550.0 2350.0 0.54627
650.0 2350.0 0.33529
750.0 2350.0 0.10874
850.0 2350.0 -0.08185
950.0 2350.0 -0.22224
1050.0 2350.0 -0.24679
1150.0 2350.0 -0.16107
1250.0 2350.0 -0.02702
1350.0 2350.0 0.07315
1450.0 2350.0 0.07162
1550.0 2350.0 -0.05169
1650.0 2350.0 -0.24401
1750.0 2350.0 -0.48985
1850.0 2350.0 -0.75006
1950.0 2350.0 -0.89835
2050.0 2350.0 -0.84469
2150.0 2350.0 -0.59885
2250.0 2350.0 -0.26393
2350.0 2350.0 0.04034
2450.0 2350.0 0.29630
2550.0 2350.0 0.46039
2650.0 2350.0 0.46772
2750.0 2350.0 0.33117
2850.0 2350.0 0.12759
2950.0 2350.0 -0.03417
3050.0 2350.0 -0.06198
3150.0 2350.0 0.05412
3250.0 2350.0 0.16147
3350.0 2350.0 0.06746
3450.0 2350.0 -0.19923
3550.0 2350.0 -0.48397
3650.0 2350.0 -0.62617
3750.0 2350.0 -0.53557
3850.0 2350.0 -0.22465
3950.0 2350.0 0.20224
4050.0 2350.0 0.51567
4150.0 2350.0 0.47252
4250.0 2350.0 0.10525
4350.0 2350.0 -0.37855
4450.0 2350.0 -0.72451
4550.0 2350.0 -0.74014
4650.0 2350.0 -0.38394
4750.0 2350.0 0.17550
4850.0 2350.0 0.79589
4950.0 2350.0 1.36603
5050.0 2350.0 1.66294
5150.0 2350.0 1.55889
5250.0 2350.0 1.12185
5350.0 2350.0 0.58435
5450.0 2350.0 0.18087
5550.0 2350.0 -0.10462
5650.0 2350.0 -0.32088
5750.0 2350.0 -0.40430
5850.0 2350.0 -0.34685
5950.0 2350.0 -0.20245
6050.0 2350.0 -0.06683
6150.0 2350.0 -0.03429
6250.0 2350.0 -0.13131
6350.0 2350.0 -0.30125
50.0 2450.0 -0.43371
150.0 2450.0 -0.27952
250.0 2450.0 -0.03813
350.0 2450.0 0.23119
450.0 2450.0 0.42331
550.0 2450.0 0.46974
650.0 2450.0 0.37432
750.0 2450.0 0.20211
850.0 2450.0 0.02208
950.0 2450.0 -0.09970
1050.0 2450.0 -0.06887
1150.0 2450.0 0.10689
1250.0 2450.0 0.34571
1350.0 2450.0 0.53930
1450.0 2450.0 0.59866
1550.0 2450.0 0.49772
1650.0 2450.0 0.30503
1750.0 2450.0 0.01188
1850.0 2450.0 -0.38372
1950.0 2450.0 -0.74068
2050.0 2450.0 -0.91916
2150.0 2450.0 -0.86944
2250.0 2450.0 -0.65032
2350.0 2450.0 -0.37735
2450.0 2450.0 -0.11835
2550.0 2450.0 0.06212
2650.0 2450.0 0.10379
2750.0 2450.0 0.01317
2850.0 2450.0 -0.14463
2950.0 2450.0 -0.27223
3050.0 2450.0 -0.28387
3150.0 2450.0 -0.16676
3250.0 2450.0 -0.06470
3350.0 2450.0 -0.17670
3450.0 2450.0 -0.47614
3550.0 2450.0 -0.80215
3650.0 2450.0 -0.98419
3750.0 2450.0 -0.92269
3850.0 2450.0 -0.62561
3950.0 2450.0 -0.20142
4050.0 2450.0 0.13073
4150.0 2450.0 0.16543
4250.0 2450.0 -0.06447
4350.0 2450.0 -0.38131
4450.0 2450.0 -0.57326
4550.0 2450.0 -0.48513
4650.0 2450.0 -0.08908
4750.0 2450.0 0.47222
4850.0 2450.0 1.06505
4950.0 2450.0 1.55277
5050.0 2450.0 1.72056
5150.0 2450.0 1.47136
5250.0 2450.0 0.91044
5350.0 2450.0 0.29867
5450.0 2450.0 -0.12561
5550.0 2450.0 -0.40510
5650.0 2450.0 -0.56773
5750.0 2450.0 -0.52507
5850.0 2450.0 -0.28807
5950.0 2450.0 0.04591
6050.0 2450.0 0.33352
6150.0 2450.0 0.44907
6250.0 2450.0 0.37119
6350.0 2450.0 0.19997
50.0 2550.0 -1.08700
150.0 2550.0 -0.91554
250.0 2550.0 -0.64036
350.0 2550.0 -0.30934
450.0 2550.0 -0.02765
550.0 2550.0 0.12369
650.0 2550.0 0.12815
750.0 2550.0 0.03302
850.0 2550.0 -0.09156
950.0 2550.0 -0.13896
1050.0 2550.0 0.02055
1150.0 2550.0 0.36668
1250.0 2550.0 0.78097
1350.0 2550.0 1.11744
1450.0 2550.0 1.26451
1550.0 2550.0 1.19813
1650.0 2550.0 1.01252
1750.0 2550.0 0.66455
1850.0 2550.0 0.09933
1950.0 2550.0 -0.51982
2050.0 2550.0 -0.98627
2150.0 2550.0 -1.17316
2250.0 2550.0 -1.08424
2350.0 2550.0 -0.83240
2450.0 2550.0 -0.54981
2550.0 2550.0 -0.32267
2650.0 2550.0 -0.21148
2750.0 2550.0 -0.23032
2850.0 2550.0 -0.33631
2950.0 2550.0 -0.44411
3050.0 2550.0 -0.46550
3150.0 2550.0 -0.37402
3250.0 2550.0 -0.29907
3350.0 2550.0 -0.43203
3450.0 2550.0 -0.74251
3550.0 2550.0 -1.07016
3650.0 2550.0 -1.24916
3750.0 2550.0 -1.18702
3850.0 2550.0 -0.89767
3950.0 2550.0 -0.48905
4050.0 2550.0 -0.15186
4150.0 2550.0 -0.04502
4250.0 2550.0 -0.13146
4350.0 2550.0 -0.26462
4450.0 2550.0 -0.28129
4550.0 2550.0 -0.07196
4650.0 2550.0 0.37124
4750.0 2550.0 0.93383
4850.0 2550.0 1.48723
4950.0 2550.0 1.86159
5050.0 2550.0 1.85718
5150.0 2550.0 1.42112
5250.0 2550.0 0.70841
5350.0 2550.0 0.01435
5450.0 2550.0 -0.42163
5550.0 2550.0 -0.68128
5650.0 2550.0 -0.79001
5750.0 2550.0 -0.64156
5850.0 2550.0 -0.25992
5950.0 2550.0 0.22674
6050.0 2550.0 0.64089
6150.0 2550.0 0.83386
6250.0 2550.0 0.78750
6350.0 2550.0 0.63917
50.0 2650.0 -1.62668
150.0 2650.0 -1.43344
250.0 2650.0 -1.17880
350.0 2650.0 -0.89624
450.0 2650.0 -0.65254
550.0 2650.0 -0.49574
650.0 2650.0 -0.43085
750.0 2650.0 -0.42304
850.0 2650.0 -0.42752
950.0 2650.0 -0.32929
1050.0 2650.0 0.02784
1150.0 2650.0 0.59635
1250.0 2650.0 1.21130
1350.0 2650.0 1.69190
1450.0 2650.0 1.91886
1550.0 2650.0 1.88744
1650.0 2650.0 1.71937
1750.0 2650.0 1.32303
1850.0 2650.0 0.58847
1950.0 2650.0 -0.29325
2050.0 2650.0 -1.04223
2150.0 2650.0 -1.45103
2250.0 2650.0 -1.46921
2350.0 2650.0 -1.21108
2450.0 2650.0 -0.87520
2550.0 2650.0 -0.56222
2650.0 2650.0 -0.34206
2750.0 2650.0 -0.26817
2850.0 2650.0 -0.33114
2950.0 2650.0 -0.45402
3050.0 2650.0 -0.53038
3150.0 2650.0 -0.50490
3250.0 2650.0 -0.48909
3350.0 2650.0 -0.64827
3450.0 2650.0 -0.93981
3550.0 2650.0 -1.21327
3650.0 2650.0 -1.32837
3750.0 2650.0 -1.22323
3850.0 2650.0 -0.93284
3950.0 2650.0 -0.55824
4050.0 2650.0 -0.24197
4150.0 2650.0 -0.09617
4250.0 2650.0 -0.07400
4350.0 2650.0 -0.05197
4450.0 2650.0 0.08937
4550.0 2650.0 0.41316
4650.0 2650.0 0.90239
4750.0 2650.0 1.46574
4850.0 2650.0 1.97429
4950.0 2650.0 2.22390
5050.0 2650.0 2.03700
5150.0 2650.0 1.41234
5250.0 2650.0 0.55776
5350.0 2650.0 -0.19939
5450.0 2650.0 -0.62436
5550.0 2650.0 -0.84446
5650.0 2650.0 -0.90975
5750.0 2650.0 -0.71178
5850.0 2650.0 -0.27492
5950.0 2650.0 0.26975
6050.0 2650.0 0.74045
6150.0 2650.0 0.98487
6250.0 2650.0 0.98424
6350.0 2650.0 0.89376
50.0 2750.0 -1.81804
150.0 2750.0 -1.60215
250.0 2750.0 -1.41989
350.0 2750.0 -1.28974
450.0 2750.0 -1.20748
550.0 2750.0 -1.14751
650.0 2750.0 -1.07274
750.0 2750.0 -0.95326
850.0 2750.0 -0.79241
950.0 2750.0 -0.51162
1050.0 2750.0 0.03960
1150.0 2750.0 0.77705
1250.0 2750.0 1.50237
1350.0 2750.0 2.02966
1450.0 2750.0 2.26605
1550.0 2750.0 2.24617
1650.0 2750.0 2.10300
1750.0 2750.0 1.68758
1850.0 2750.0 0.85402
1950.0 2750.0 -0.18234
2050.0 2750.0 -1.08929
2150.0 2750.0 -1.60711
2250.0 2750.0 -1.65482
2350.0 2750.0 -1.35343
2450.0 2750.0 -0.94344
2550.0 2750.0 -0.52394
2650.0 2750.0 -0.18379
2750.0 2750.0 -0.02652
2850.0 2750.0 -0.07827
2950.0 2750.0 -0.26143
3050.0 2750.0 -0.43588
3150.0 2750.0 -0.50753
3250.0 2750.0 -0.57404
3350.0 2750.0 -0.76412
3450.0 2750.0 -1.01695
3550.0 2750.0 -1.19845
3650.0 2750.0 -1.20823
3750.0 2750.0 -1.03131
3850.0 2750.0 -0.73437
3950.0 2750.0 -0.40719
4050.0 2750.0 -0.13900
4150.0 2750.0 -0.01172
4250.0 2750.0 0.03529
4350.0 2750.0 0.12105
4450.0 2750.0 0.34281
4550.0 2750.0 0.73253
4650.0 2750.0 1.25038
4750.0 2750.0 1.81364
4850.0 2750.0 2.28883
4950.0 2750.0 2.45122
5050.0 2750.0 2.14612
5150.0 2750.0 1.41247
5250.0 2750.0 0.49261
5350.0 2750.0 -0.27166
5450.0 2750.0 -0.65673
5550.0 2750.0 -0.82421
5650.0 2750.0 -0.86856
5750.0 2750.0 -0.69746
5850.0 2750.0 -0.32107
5950.0 2750.0 0.15922
6050.0 2750.0 0.59272
6150.0 2750.0 0.84637
6250.0 2750.0 0.89664
6350.0 2750.0 0.88882
50.0 2850.0 -1.57258
150.0 2850.0 -1.33730
250.0 2850.0 -1.25381
350.0 2850.0 -1.32768
450.0 2850.0 -1.47160
550.0 2850.0 -1.56847
650.0 2850.0 -1.52349
750.0 2850.0 -1.30518
850.0 2850.0 -0.97382
950.0 2850.0 -0.52526
1050.0 2850.0 0.14324
1150.0 2850.0 0.91093
1250.0 2850.0 1.57701
1350.0 2850.0 1.99471
1450.0 2850.0 2.13651
1550.0 2850.0 2.09046
1650.0 2850.0 1.97308
1750.0 2850.0 1.57853
1850.0 2850.0 0.75761
1950.0 2850.0 -0.26133
2050.0 2850.0 -1.13373
2150.0 2850.0 -1.59614
2250.0 2850.0 -1.57381
2350.0 2850.0 -1.19865
2450.0 2850.0 -0.71209
2550.0 2850.0 -0.19360
2650.0 2850.0 0.24334
2750.0 2850.0 0.44746
2850.0 2850.0 0.36541
2950.0 2850.0 0.08608
3050.0 2850.0 -0.20838
3150.0 2850.0 -0.38499
3250.0 2850.0 -0.53759
3350.0 2850.0 -0.76060
3450.0 2850.0 -0.97428
3550.0 2850.0 -1.06136
3650.0 2850.0 -0.96275
3750.0 2850.0 -0.71203
3850.0 2850.0 -0.40879
3950.0 2850.0 -0.13128
4050.0 2850.0 0.07240
4150.0 2850.0 0.12400
4250.0 2850.0 0.09853
4350.0 2850.0 0.13195
4450.0 2850.0 0.32853
4550.0 2850.0 0.71393
4650.0 2850.0 1.23386
4750.0 2850.0 1.79621
4850.0 2850.0 2.26195
4950.0 2850.0 2.40854
5050.0 2850.0 2.09813
5150.0 2850.0 1.38399
5250.0 2850.0 0.51042
5350.0 2850.0 -0.19175
5450.0 2850.0 -0.51439
5550.0 2850.0 -0.62882
5650.0 2850.0 -0.67723
5750.0 2850.0 -0.59642
5850.0 2850.0 -0.37222
5950.0 2850.0 -0.05325
6050.0 2850.0 0.26612
6150.0 2850.0 0.48870
6250.0 2850.0 0.58342
6350.0 2850.0 0.66162
50.0 2950.0 -1.01903
150.0 2950.0 -0.77012
250.0 2950.0 -0.77364
350.0 2950.0 -1.02610
450.0 2950.0 -1.37104
550.0 2950.0 -1.61347
650.0 2950.0 -1.60764
750.0 2950.0 -1.31821
850.0 2950.0 -0.85317
950.0 2950.0 -0.29530
1050.0 2950.0 0.37947
1150.0 2950.0 1.02326
1250.0 2950.0 1.46615
1350.0 2950.0 1.63726
1450.0 2950.0 1.59882
1550.0 2950.0 1.49349
1650.0 2950.0 1.39598
1750.0 2950.0 1.05300
1850.0 2950.0 0.34184
1950.0 2950.0 -0.50947
2050.0 2950.0 -1.18301
2150.0 2950.0 -1.45612
2250.0 2950.0 -1.29172
2350.0 2950.0 -0.83373
2450.0 2950.0 -0.28746
2550.0 2950.0 0.29840
2650.0 2950.0 0.78668
2750.0 2950.0 0.99244
2850.0 2950.0 0.84950
2950.0 2950.0 0.46504
3050.0 2950.0 0.06037
3150.0 2950.0 -0.20220
3250.0 2950.0 -0.42371
3350.0 2950.0 -0.67803
3450.0 2950.0 -0.87133
3550.0 2950.0 -0.89757
3650.0 2950.0 -0.72679
3750.0 2950.0 -0.42761
3850.0 2950.0 -0.12388
3950.0 2950.0 0.11378
4050.0 2950.0 0.25524
4150.0 2950.0 0.20253
4250.0 2950.0 0.04208
4350.0 2950.0 -0.05982
4450.0 2950.0 0.03061
4550.0 2950.0 0.35477
4650.0 2950.0 0.85436
4750.0 2950.0 1.41545
4850.0 2950.0 1.89603
4950.0 2950.0 2.09632
5050.0 2950.0 1.88559
5150.0 2950.0 1.30405
5250.0 2950.0 0.56767
5350.0 2950.0 -0.02432
5450.0 2950.0 -0.27943
5550.0 2950.0 -0.35304
5650.0 2950.0 -0.42061
5750.0 2950.0 -0.44938
5850.0 2950.0 -0.40015
5950.0 2950.0 -0.26644
6050.0 2950.0 -0.08350
6150.0 2950.0 0.08950
6250.0 2950.0 0.21395
6350.0 2950.0 0.35872
50.0 3050.0 -0.43153
150.0 3050.0 -0.17460
250.0 3050.0 -0.21977
350.0 3050.0 -0.55821
450.0 3050.0 -0.99861
550.0 3050.0 -1.30751
650.0 3050.0 -1.31483
750.0 3050.0 -0.98443
850.0 3050.0 -0.44854
950.0 3050.0 0.14248
1050.0 3050.0 0.72874
1150.0 3050.0 1.14987
1250.0 3050.0 1.28718
1350.0 3050.0 1.15770
1450.0 3050.0 0.91173
1550.0 3050.0 0.73399
1650.0 3050.0 0.64621
1750.0 3050.0 0.36182
1850.0 3050.0 -0.20219
1950.0 3050.0 -0.82742
2050.0 3050.0 -1.24253
2150.0 3050.0 -1.28554
2250.0 3050.0 -0.96856
2350.0 3050.0 -0.44481
2450.0 3050.0 0.13235
2550.0 3050.0 0.74392
2650.0 3050.0 1.23629
2750.0 3050.0 1.41043
2850.0 3050.0 1.20136
2950.0 3050.0 0.73452
3050.0 3050.0 0.25740
3150.0 3050.0 -0.05346
3250.0 3050.0 -0.31315
3350.0 3050.0 -0.59421
3450.0 3050.0 -0.79694
3550.0 3050.0 -0.81727
3650.0 3050.0 -0.63406
3750.0 3050.0 -0.32807
3850.0 3050.0 -0.03266
3950.0 3050.0 0.18281
4050.0 3050.0 0.28242
4150.0 3050.0 0.13925
4250.0 3050.0 -0.15422
4350.0 3050.0 -0.40216
4450.0 3050.0 -0.43624
4550.0 3050.0 -0.19031
4650.0 3050.0 0.28109
4750.0 3050.0 0.84117
4850.0 3050.0 1.35008
4950.0 3050.0 1.63954
5050.0 3050.0 1.57687
5150.0 3050.0 1.17304
5250.0 3050.0 0.60159
5350.0 3050.0 0.12398
5450.0 3050.0 -0.07869
5550.0 3050.0 -0.13103
5650.0 3050.0 -0.21574
5750.0 3050.0 -0.31929
5850.0 3050.0 -0.38666
5950.0 3050.0 -0.37636
6050.0 3050.0 -0.28593
6150.0 3050.0 -0.15017
6250.0 3050.0 -0.01235
6350.0 3050.0 0.16519
50.0 3150.0 -0.01473
150.0 3150.0 0.24695
250.0 3150.0 0.21056
350.0 3150.0 -0.11197
450.0 3150.0 -0.52898
550.0 3150.0 -0.81005
650.0 3150.0 -0.79039
750.0 3150.0 -0.43868
850.0 3150.0 0.11253
950.0 3150.0 0.67904
1050.0 3150.0 1.13168
1150.0 3150.0 1.30992
1250.0 3150.0 1.14939
1350.0 3150.0 0.74502
1450.0 3150.0 0.31591
1550.0 3150.0 0.07186
1650.0 3150.0 -0.01517
1750.0 3150.0 -0.25326
1850.0 3150.0 -0.68944
1950.0 3150.0 -1.11771
2050.0 3150.0 -1.31192
2150.0 3150.0 -1.16539
2250.0 3150.0 -0.73235
2350.0 3150.0 -0.17123
2450.0 3150.0 0.41129
2550.0 3150.0 1.01676
2650.0 3150.0 1.48386
2750.0 3150.0 1.61493
2850.0 3150.0 1.35426
2950.0 3150.0 0.84065
3050.0 3150.0 0.33303
3150.0 3150.0 0.00933
3250.0 3150.0 -0.26082
3350.0 3150.0 -0.56383
3450.0 3150.0 -0.80140
3550.0 3150.0 -0.86343
3650.0 3150.0 -0.71972
3750.0 3150.0 -0.44306
3850.0 3150.0 -0.16334
3950.0 3150.0 0.04592
4050.0 3150.0 0.12841
4150.0 3150.0 -0.06738
4250.0 3150.0 -0.44779
4350.0 3150.0 -0.79786
4450.0 3150.0 -0.92378
4550.0 3150.0 -0.73838
4650.0 3150.0 -0.28967
4750.0 3150.0 0.26999
4850.0 3150.0 0.80773
4950.0 3150.0 1.18375
5050.0 3150.0 1.25852
5150.0 3150.0 1.01189
5250.0 3150.0 0.57789
5350.0 3150.0 0.18661
5450.0 3150.0 0.01335
5550.0 3150.0 -0.03445
5650.0 3150.0 -0.12319
5750.0 3150.0 -0.24313
5850.0 3150.0 -0.33585
5950.0 3150.0 -0.35239
6050.0 3150.0 -0.28218
6150.0 3150.0 -0.15481
6250.0 3150.0 -0.01453
6350.0 3150.0 0.16566
50.0 3250.0 0.27556
150.0 3250.0 0.54731
250.0 3250.0 0.54739
350.0 3250.0 0.28667
450.0 3250.0 -0.06018
550.0 3250.0 -0.28316
650.0 3250.0 -0.23207
750.0 3250.0 0.12166
850.0 3250.0 0.65692
950.0 3250.0 1.17072
1050.0 3250.0 1.47733
1150.0 3250.0 1.42287
1250.0 3250.0 0.99444
1350.0 3250.0 0.35303
1450.0 3250.0 -0.22963
1550.0 3250.0 -0.52996
1650.0 3250.0 -0.61969
1750.0 3250.0 -0.81428
1850.0 3250.0 -1.12513
1950.0 3250.0 -1.36240
2050.0 3250.0 -1.34780
2150.0 3250.0 -1.02955
2250.0 3250.0 -0.50088
2350.0 3250.0 0.07824
2450.0 3250.0 0.64732
2550.0 3250.0 1.22495
2650.0 3250.0 1.64832
2750.0 3250.0 1.73068
2850.0 3250.0 1.42983
2950.0 3250.0 0.89363
3050.0 3250.0 0.38218
3150.0 3250.0 0.06662
3250.0 3250.0 -0.19751
3350.0 3250.0 -0.51674
3450.0 3250.0 -0.79857
3550.0 3250.0 -0.92394
3650.0 3250.0 -0.84532
3750.0 3250.0 -0.61712
3850.0 3250.0 -0.35839
3950.0 3250.0 -0.14876
4050.0 3250.0 -0.07266
4150.0 3250.0 -0.30450
4250.0 3250.0 -0.75142
4350.0 3250.0 -1.18397
4450.0 3250.0 -1.38693
4550.0 3250.0 -1.25386
4650.0 3250.0 -0.82518
4750.0 3250.0 -0.26579
4850.0 3250.0 0.29492
4950.0 3250.0 0.74010
5050.0 3250.0 0.92581
5150.0 3250.0 0.80767
5250.0 3250.0 0.48792
5350.0 3250.0 0.17063
5450.0 3250.0 0.02542
5550.0 3250.0 -0.01380
5650.0 3250.0 -0.09271
5750.0 3250.0 -0.20214
5850.0 3250.0 -0.28637
5950.0 3250.0 -0.29836
6050.0 3250.0 -0.22750
6150.0 3250.0 -0.10149
6250.0 3250.0 0.03755
6350.0 3250.0 0.21082
50.0 3350.0 0.30698
150.0 3350.0 0.61638
250.0 3350.0 0.71535
350.0 3350.0 0.59462
450.0 3350.0 0.37391
550.0 3350.0 0.21557
650.0 3350.0 0.25243
750.0 3350.0 0.53015
850.0 3350.0 0.96409
950.0 3350.0 1.35440
1050.0 3350.0 1.49519
1150.0 3350.0 1.25725
1250.0 3350.0 0.66739
1350.0 3350.0 -0.08529
1450.0 3350.0 -0.72505
1550.0 3350.0 -1.04691
1650.0 3350.0 -1.14512
1750.0 3350.0 -1.28856
1850.0 3350.0 -1.44440
1950.0 3350.0 -1.45598
2050.0 3350.0 -1.21406
2150.0 3350.0 -0.73459
2250.0 3350.0 -0.14900
2350.0 3350.0 0.39305
2450.0 3350.0 0.88831
2550.0 3350.0 1.36885
2650.0 3350.0 1.68900
2750.0 3350.0 1.70146
2850.0 3350.0 1.39004
2950.0 3350.0 0.89890
3050.0 3350.0 0.45865
3150.0 3350.0 0.20932
3250.0 3350.0 -0.00170
3350.0 3350.0 -0.31093
3450.0 3350.0 -0.64341
3550.0 3350.0 -0.86848
3650.0 3350.0 -0.90523
3750.0 3350.0 -0.76663
3850.0 3350.0 -0.54201
3950.0 3350.0 -0.31908
4050.0 3350.0 -0.23066
4150.0 3350.0 -0.47706
4250.0 3350.0 -0.97034
4350.0 3350.0 -1.47109
4450.0 3350.0 -1.74439
4550.0 3350.0 -1.66251
4650.0 3350.0 -1.25409
4750.0 3350.0 -0.69511
4850.0 3350.0 -0.13377
4950.0 3350.0 0.31931
5050.0 3350.0 0.53138
5150.0 3350.0 0.46234
5250.0 3350.0 0.20769
5350.0 3350.0 -0.04328
5450.0 3350.0 -0.13377
5550.0 3350.0 -0.12534
5650.0 3350.0 -0.15233
5750.0 3350.0 -0.21358
5850.0 3350.0 -0.26710
5950.0 3350.0 -0.27249
6050.0 3350.0 -0.21375
6150.0 3350.0 -0.10436
6250.0 3350.0 0.02564
6350.0 3350.0 0.18209
50.0 3450.0 0.06390
150.0 3450.0 0.44188
250.0 3450.0 0.70398
350.0 3450.0 0.79695
450.0 3450.0 0.74434
550.0 3450.0 0.63461
650.0 3450.0 0.58585
750.0 3450.0 0.68729
850.0 3450.0 0.91773
950.0 3450.0 1.10760
1050.0 3450.0 1.08568
1150.0 3450.0 0.76829
1250.0 3450.0 0.19786
1350.0 3450.0 -0.46733
1450.0 3450.0 -1.01712
1550.0 3450.0 -1.30729
1650.0 3450.0 -1.42084
1750.0 3450.0 -1.51673
1850.0 3450.0 -1.51846
1950.0 3450.0 -1.31889
2050.0 3450.0 -0.88988
2150.0 3450.0 -0.31441
2250.0 3450.0 0.25070
2350.0 3450.0 0.68138
2450.0 3450.0 1.03125
2550.0 3450.0 1.33535
2650.0 3450.0 1.48839
2750.0 3450.0 1.41532
2850.0 3450.0 1.13847
2950.0 3450.0 0.78061
3050.0 3450.0 0.50486
3150.0 3450.0 0.39160
3250.0 3450.0 0.29139
3350.0 3450.0 0.03373
3450.0 3450.0 -0.33634
3550.0 3450.0 -0.67743
3650.0 3450.0 -0.86301
3750.0 3450.0 -0.84364
3850.0 3450.0 -0.65994
3950.0 3450.0 -0.40724
4050.0 3450.0 -0.28229
4150.0 3450.0 -0.50999
4250.0 3450.0 -1.01217
4350.0 3450.0 -1.54780
4450.0 3450.0 -1.86849
4550.0 3450.0 -1.82638
4650.0 3450.0 -1.43466
4750.0 3450.0 -0.87612
4850.0 3450.0 -0.34287
4950.0 3450.0 0.03875
5050.0 3450.0 0.16643
5150.0 3450.0 0.04059
5250.0 3450.0 -0.21732
5350.0 3450.0 -0.41712
5450.0 3450.0 -0.42303
5550.0 3450.0 -0.32092
5650.0 3450.0 -0.24980
5750.0 3450.0 -0.22726
5850.0 3450.0 -0.23678
5950.0 3450.0 -0.24695
6050.0 3450.0 -0.22659
6150.0 3450.0 -0.15792
6250.0 3450.0 -0.04753
6350.0 3450.0 0.08080
50.0 3550.0 -0.30254
150.0 3550.0 0.16038
250.0 3550.0 0.61166
350.0 3550.0 0.93806
450.0 3550.0 1.04698
550.0 3550.0 0.94521
650.0 3550.0 0.74531
750.0 3550.0 0.59984
850.0 3550.0 0.56388
950.0 3550.0 0.51602
1050.0 3550.0 0.36790
1150.0 3550.0 0.09336
1250.0 3550.0 -0.27737
1350.0 3550.0 -0.67049
1450.0 3550.0 -0.99888
1550.0 3550.0 -1.20967
1650.0 3550.0 -1.34260
1750.0 3550.0 -1.40965
1850.0 3550.0 -1.30487
1950.0 3550.0 -0.97552
2050.0 3550.0 -0.46470
2150.0 3550.0 0.09865
2250.0 3550.0 0.55548
2350.0 3550.0 0.81820
2450.0 3550.0 0.97955
2550.0 3550.0 1.06294
2650.0 3550.0 1.01901
2750.0 3550.0 0.86333
2850.0 3550.0 0.66137
2950.0 3550.0 0.50049
3050.0 3550.0 0.45116
3150.0 3550.0 0.51733
3250.0 3550.0 0.56521
3350.0 3550.0 0.39782
3450.0 3550.0 0.02493
3550.0 3550.0 -0.40712
3650.0 3550.0 -0.72756
3750.0 3550.0 -0.82036
3850.0 3550.0 -0.67028
3950.0 3550.0 -0.37640
4050.0 3550.0 -0.19771
4150.0 3550.0 -0.37650
4250.0 3550.0 -0.84726
4350.0 3550.0 -1.37634
4450.0 3550.0 -1.71098
4550.0 3550.0 -1.68863
4650.0 3550.0 -1.30647
4750.0 3550.0 -0.74817
4850.0 3550.0 -0.26330
4950.0 3550.0 -0.00974
5050.0 3550.0 -0.04689
5150.0 3550.0 -0.30881
5250.0 3550.0 -0.62435
5350.0 3550.0 -0.79004
5450.0 3550.0 -0.69561
5550.0 3550.0 -0.47242
5650.0 3550.0 -0.28020
5750.0 3550.0 -0.16421
5850.0 3550.0 -0.13870
5950.0 3550.0 -0.17854
6050.0 3550.0 -0.22687
6150.0 3550.0 -0.22131
6250.0 3550.0 -0.13860
6350.0 3550.0 -0.04462
50.0 3650.0 -0.58815
150.0 3650.0 -0.04562
250.0 3650.0 0.57158
350.0 3650.0 1.08909
450.0 3650.0 1.30808
550.0 3650.0 1.16749
650.0 3650.0 0.78597
750.0 3650.0 0.38375
850.0 3650.0 0.08531
950.0 3650.0 -0.18183
1050.0 3650.0 -0.40299
1150.0 3650.0 -0.54902
1250.0 3650.0 -0.62085
1350.0 3650.0 -0.65378
1450.0 3650.0 -0.70351
1550.0 3650.0 -0.81392
1650.0 3650.0 -0.96572
1750.0 3650.0 -1.02921
1850.0 3650.0 -0.89031
1950.0 3650.0 -0.54210
2050.0 3650.0 -0.07185
2150.0 3650.0 0.37723
2250.0 3650.0 0.66697
2350.0 3650.0 0.74788
2450.0 3650.0 0.72492
2550.0 3650.0 0.59772
2650.0 3650.0 0.37380
2750.0 3650.0 0.15549
2850.0 3650.0 0.04595
2950.0 3650.0 0.09305
3050.0 3650.0 0.27346
3150.0 3650.0 0.51699
3250.0 3650.0 0.71341
3350.0 3650.0 0.65490
3450.0 3650.0 0.31985
3550.0 3650.0 -0.14849
3650.0 3650.0 -0.54931
3750.0 3650.0 -0.71417
3850.0 3650.0 -0.57975
3950.0 3650.0 -0.24338
4050.0 3650.0 -0.00832
4150.0 3650.0 -0.12447
4250.0 3650.0 -0.53874
4350.0 3650.0 -1.03031
4450.0 3650.0 -1.35007
4550.0 3650.0 -1.32795
4650.0 3650.0 -0.94789
4750.0 3650.0 -0.38951
4850.0 3650.0 0.04409
4950.0 3650.0 0.16074
5050.0 3650.0 -0.05590
5150.0 3650.0 -0.47144
5250.0 3650.0 -0.86089
5350.0 3650.0 -1.00379
5450.0 3650.0 -0.81426
5550.0 3650.0 -0.47322
5650.0 3650.0 -0.17000
5750.0 3650.0 0.01919
5850.0 3650.0 0.05279
5950.0 3650.0 -0.04381
6050.0 3650.0 -0.18158
6150.0 3650.0 -0.24982
6250.0 3650.0 -0.19679
6350.0 3650.0 -0.13562
50.0 3750.0 -0.62778
150.0 3750.0 -0.03016
250.0 3750.0 0.69170
350.0 3750.0 1.31672
450.0 3750.0 1.57490
550.0 3750.0 1.36597
650.0 3750.0 0.82294
750.0 3750.0 0.22032
850.0 3750.0 -0.27132
950.0 3750.0 -0.69238
1050.0 3750.0 -0.94331
1150.0 3750.0 -0.95502
1250.0 3750.0 -0.76020
1350.0 3750.0 -0.48613
1450.0 3750.0 -0.30336
1550.0 3750.0 -0.32987
1650.0 3750.0 -0.49571
1750.0 3750.0 -0.57482
1850.0 3750.0 -0.46285
1950.0 3750.0 -0.18084
2050.0 3750.0 0.17056
2150.0 3750.0 0.46048
2250.0 3750.0 0.58302
2350.0 3750.0 0.51829
2450.0 3750.0 0.36076
2550.0 3750.0 0.08277
2650.0 3750.0 -0.26542
2750.0 3750.0 -0.51929
2850.0 3750.0 -0.55060
2950.0 3750.0 -0.34306
3050.0 3750.0 0.00971
3150.0 3750.0 0.38373
3250.0 3750.0 0.69186
3350.0 3750.0 0.73126
3450.0 3750.0 0.46025
3550.0 3750.0 0.01270
3650.0 3750.0 -0.40052
3750.0 3750.0 -0.58419
3850.0 3750.0 -0.44572
3950.0 3750.0 -0.07638
4050.0 3750.0 0.20167
4150.0 3750.0 0.13839
4250.0 3750.0 -0.22221
4350.0 3750.0 -0.67140
4450.0 3750.0 -0.96656
4550.0 3750.0 -0.93538
4650.0 3750.0 -0.55336
4750.0 3750.0 0.00537
4850.0 3750.0 0.40381
4950.0 3750.0 0.42719
5050.0 3750.0 0.09005
5150.0 3750.0 -0.42572
5250.0 3750.0 -0.85885
5350.0 3750.0 -0.97881
5450.0 3750.0 -0.71790
5550.0 3750.0 -0.29145
5650.0 3750.0 0.08434
5750.0 3750.0 0.30653
5850.0 3750.0 0.31670
5950.0 3750.0 0.14761
6050.0 3750.0 -0.08033
6150.0 3750.0 -0.21593
6250.0 3750.0 -0.18746
6350.0 3750.0 -0.15050
50.0 3850.0 -0.36572
150.0 3850.0 0.25426
250.0 3850.0 1.00871
350.0 3850.0 1.65337
450.0 3850.0 1.89160
550.0 3850.0 1.61479
650.0 3850.0 0.97155
750.0 3850.0 0.26561
850.0 3850.0 -0.31563
950.0 3850.0 -0.80745
1050.0 3850.0 -1.07355
1150.0 3850.0 -1.02655
1250.0 3850.0 -0.71303
1350.0 3850.0 -0.30155
1450.0 3850.0 -0.01442
1550.0 3850.0 -0.00328
1650.0 3850.0 -0.17615
1750.0 3850.0 -0.27571
1850.0 3850.0 -0.21387
1950.0 3850.0 -0.02045
2050.0 3850.0 0.21158
2150.0 3850.0 0.37357
2250.0 3850.0 0.38682
2350.0 3850.0 0.24620
2450.0 3850.0 0.02714
2550.0 3850.0 -0.31885
2650.0 3850.0 -0.72172
2750.0 3850.0 -0.98883
2850.0 3850.0 -0.98126
2950.0 3850.0 -0.69792
3050.0 3850.0 -0.26507
3150.0 3850.0 0.16886
3250.0 3850.0 0.53108
3350.0 3850.0 0.63299
3450.0 3850.0 0.42649
3550.0 3850.0 0.03428
3650.0 3850.0 -0.33971
3750.0 3850.0 -0.49916
3850.0 3850.0 -0.34385
3950.0 3850.0 0.04241
4050.0 3850.0 0.34011
4150.0 3850.0 0.30099
4250.0 3850.0 -0.03509
4350.0 3850.0 -0.46493
4450.0 3850.0 -0.74885
4550.0 3850.0 -0.71355
4650.0 3850.0 -0.33063
4750.0 3850.0 0.22857
4850.0 3850.0 0.61964
4950.0 3850.0 0.62624
5050.0 3850.0 0.27456
5150.0 3850.0 -0.24127
5250.0 3850.0 -0.65509
5350.0 3850.0 -0.74071
5450.0 3850.0 -0.44006
5550.0 3850.0 0.02465
5650.0 3850.0 0.42341
5750.0 3850.0 0.63621
5850.0 3850.0 0.60067
5950.0 3850.0 0.36146
6050.0 3850.0 0.06272
6150.0 3850.0 -0.11968
6250.0 3850.0 -0.10587
6350.0 3850.0 -0.08129
50.0 3950.0 0.09606
150.0 3950.0 0.71546
250.0 3950.0 1.45605
350.0 3950.0 2.06859
450.0 3950.0 2.26012
550.0 3950.0 1.93218
650.0 3950.0 1.24585
750.0 3950.0 0.51362
850.0 3950.0 -0.08012
950.0 3950.0 -0.58613
1050.0 3950.0 -0.87478
1150.0 3950.0 -0.85607
1250.0 3950.0 -0.57043
1350.0 3950.0 -0.18064
1450.0 3950.0 0.09381
1550.0 3950.0 0.10022
1650.0 3950.0 -0.07463
1750.0 3950.0 -0.18949
1850.0 3950.0 -0.17011
1950.0 3950.0 -0.04351
2050.0 3950.0 0.11151
2150.0 3950.0 0.20492
2250.0 3950.0 0.17324
2350.0 3950.0 0.01437
2450.0 3950.0 -0.21242
2550.0 3950.0 -0.56725
2650.0 3950.0 -0.97797
2750.0 3950.0 -1.24831
2850.0 3950.0 -1.23765
2950.0 3950.0 -0.94633
3050.0 3950.0 -0.50435
3150.0 3950.0 -0.06322
3250.0 3950.0 0.30931
3350.0 3950.0 0.44039
3450.0 3950.0 0.28451
3550.0 3950.0 -0.04538
3650.0 3950.0 -0.36015
3750.0 3950.0 -0.47688
3850.0 3950.0 -0.30133
3950.0 3950.0 0.08924
4050.0 3950.0 0.38801
4150.0 3950.0 0.34655
4250.0 3950.0 0.00420
4350.0 3950.0 -0.43450
4450.0 3950.0 -0.72740
4550.0 3950.0 -0.69858
4650.0 3950.0 -0.31825
4750.0 3950.0 0.24134
4850.0 3950.0 0.64702
4950.0 3950.0 0.69771
5050.0 3950.0 0.41670
5150.0 3950.0 -0.01739
5250.0 3950.0 -0.35867
5350.0 3950.0 -0.39750
5450.0 3950.0 -0.07935
5550.0 3950.0 0.38897
5650.0 3950.0 0.77666
5750.0 3950.0 0.95516
5850.0 3950.0 0.86667
5950.0 3950.0 0.56889
6050.0 3950.0 0.22151
6150.0 3950.0 0.01177
6250.0 3950.0 0.01916
6350.0 3950.0 0.03975
50.0 4050.0 0.55322
150.0 4050.0 1.15790
250.0 4050.0 1.85926
350.0 4050.0 2.41251
450.0 4050.0 2.54352
550.0 4050.0 2.17286
650.0 4050.0 1.47190
750.0 4050.0 0.75110
850.0 4050.0 0.18203
950.0 4050.0 -0.30130
1050.0 4050.0 -0.58149
1150.0 4050.0 -0.57702
1250.0 4050.0 -0.32760
1350.0 4050.0 0.01482
1450.0 4050.0 0.24753
1550.0 4050.0 0.23073
1650.0 4050.0 0.04546
1750.0 4050.0 -0.09730
1850.0 4050.0 -0.13838
1950.0 4050.0 -0.09528
2050.0 4050.0 -0.02570
2150.0 4050.0 0.00170
2250.0 4050.0 -0.06381
2350.0 4050.0 -0.22671
2450.0 4050.0 -0.44591
2550.0 4050.0 -0.78596
2650.0 4050.0 -1.17507
2750.0 4050.0 -1.42377
2850.0 4050.0 -1.39844
2950.0 4050.0 -1.10291
3050.0 4050.0 -0.66589
3150.0 4050.0 -0.23430
3250.0 4050.0 0.13236
3350.0 4050.0 0.27924
3450.0 4050.0 0.16655
3550.0 4050.0 -0.10136
3650.0 4050.0 -0.35226
3750.0 4050.0 -0.42118
3850.0 4050.0 -0.22463
3950.0 4050.0 0.16602
4050.0 4050.0 0.46265
4150.0 4050.0 0.42011
4250.0 4050.0 0.07523
4350.0 4050.0 -0.36991
4450.0 4050.0 -0.67374
4550.0 4050.0 -0.65870
4650.0 4050.0 -0.29231
4750.0 4050.0 0.25507
4850.0 4050.0 0.66795
4950.0 4050.0 0.76311
5050.0 4050.0 0.55531
5150.0 4050.0 0.20029
5250.0 4050.0 -0.08098
5350.0 4050.0 -0.09541
5450.0 4050.0 0.21191
5550.0 4050.0 0.65493
5650.0 4050.0 1.01303
5750.0 4050.0 1.16100
5850.0 4050.0 1.04856
5950.0 4050.0 0.73841
6050.0 4050.0 0.38941
6150.0 4050.0 0.18294
6250.0 4050.0 0.19232
6350.0 4050.0 0.21132
50.0 4150.0 0.86056
150.0 4150.0 1.41845
250.0 4150.0 2.02593
350.0 4150.0 2.46325
450.0 4150.0 2.50688
550.0 4150.0 2.11426
650.0 4150.0 1.46121
750.0 4150.0 0.83232
850.0 4150.0 0.36602
950.0 4150.0 -0.00879
1050.0 4150.0 -0.18467
1150.0 4150.0 -0.11494
1250.0 4150.0 0.13644
1350.0 4150.0 0.42350
1450.0 4150.0 0.57816
1550.0 4150.0 0.50154
1650.0 4150.0 0.27881
1750.0 4150.0 0.07201
1850.0 4150.0 -0.07676
1950.0 4150.0 -0.16125
2050.0 4150.0 -0.20368
2150.0 4150.0 -0.24577
2250.0 4150.0 -0.33094
2350.0 4150.0 -0.47751
2450.0 4150.0 -0.66651
2550.0 4150.0 -0.94997
2650.0 4150.0 -1.25783
2750.0 4150.0 -1.42674
2850.0 4150.0 -1.34942
2950.0 4150.0 -1.04191
3050.0 4150.0 -0.62694
3150.0 4150.0 -0.23347
3250.0 4150.0 0.09747
3350.0 4150.0 0.23311
3450.0 4150.0 0.14493
3550.0 4150.0 -0.06821
3650.0 4150.0 -0.25298
3750.0 4150.0 -0.26915
3850.0 4150.0 -0.05182
3950.0 4150.0 0.33149
4050.0 4150.0 0.62484
4150.0 4150.0 0.59836
4250.0 4150.0 0.27905
4350.0 4150.0 -0.14855
4450.0 4150.0 -0.45610
4550.0 4150.0 -0.46903
4650.0 4150.0 -0.14760
4750.0 4150.0 0.35039
4850.0 4150.0 0.74039
4950.0 4150.0 0.85886
5050.0 4150.0 0.70116
5150.0 4150.0 0.38874
5250.0 4150.0 0.11295
5350.0 4150.0 0.05428
5450.0 4150.0 0.27695
5550.0 4150.0 0.62312
5650.0 4150.0 0.90666
5750.0 4150.0 1.03533
5850.0 4150.0 0.97323
5950.0 4150.0 0.76726
6050.0 4150.0 0.53426
6150.0 4150.0 0.40694
6250.0 4150.0 0.43837
6350.0 4150.0 0.45965
50.0 4250.0 0.91427
150.0 4250.0 1.39421
250.0 4250.0 1.85804
350.0 4250.0 2.13216
450.0 4250.0 2.07362
550.0 4250.0 1.69146
650.0 4250.0 1.15721
750.0 4250.0 0.70445
850.0 4250.0 0.41938
950.0 4250.0 0.23731
1050.0 4250.0 0.25574
1150.0 4250.0 0.46017
1250.0 4250.0 0.73974
1350.0 4250.0 0.95258
1450.0 4250.0 0.98578
1550.0 4250.0 0.81011
1650.0 4250.0 0.52316
1750.0 4250.0 0.22563
1850.0 4250.0 -0.05116
1950.0 4250.0 -0.26589
2050.0 4250.0 -0.40067
2150.0 4250.0 -0.47656
2250.0 4250.0 -0.54387
2350.0 4250.0 -0.64714
2450.0 4250.0 -0.78394
2550.0 4250.0 -0.97609
2650.0 4250.0 -1.15950
2750.0 4250.0 -1.21368
2850.0 4250.0 -1.07129
2950.0 4250.0 -0.76315
3050.0 4250.0 -0.39740
3150.0 4250.0 -0.07265
3250.0 4250.0 0.19183
3350.0 4250.0 0.28407
3450.0 4250.0 0.19145
3550.0 4250.0 0.01255
3650.0 4250.0 -0.11688
3750.0 4250.0 -0.08488
3850.0 4250.0 0.14862
3950.0 4250.0 0.51665
4050.0 4250.0 0.80612
4150.0 4250.0 0.81495
4250.0 4250.0 0.55294
4350.0 4250.0 0.17129
4450.0 4250.0 -0.12871
4550.0 4250.0 -0.18106
4650.0 4250.0 0.06544
4750.0 4250.0 0.47702
4850.0 4250.0 0.81660
4950.0 4250.0 0.94476
5050.0 4250.0 0.82589
5150.0 4250.0 0.53292
5250.0 4250.0 0.21954
5350.0 4250.0 0.05498
5450.0 4250.0 0.12128
5550.0 4250.0 0.29850
5650.0 4250.0 0.45584
5750.0 4250.0 0.56044
5850.0 4250.0 0.60002
5950.0 4250.0 0.59053
6050.0 4250.0 0.57176
6150.0 4250.0 0.58896
6250.0 4250.0 0.66024
6350.0 4250.0 0.68815
50.0 4350.0 0.71064
150.0 4350.0 1.09858
250.0 4350.0 1.40070
350.0 4350.0 1.50065
450.0 4350.0 1.34819
550.0 4350.0 1.00731
650.0 4350.0 0.63727
750.0 4350.0 0.40651
850.0 4350.0 0.34147
950.0 4350.0 0.39124
1050.0 4350.0 0.64033
1150.0 4350.0 1.00046
1250.0 4350.0 1.30565
1350.0 4350.0 1.42110
1450.0 4350.0 1.30244
1550.0 4350.0 1.00522
1650.0 4350.0 0.64136
1750.0 4350.0 0.25222
1850.0 4350.0 -0.12794
1950.0 4350.0 -0.42090
2050.0 4350.0 -0.57899
2150.0 4350.0 -0.62082
2250.0 4350.0 -0.62191
2350.0 4350.0 -0.66020
2450.0 4350.0 -0.73488
2550.0 4350.0 -0.82787
2650.0 4350.0 -0.88693
2750.0 4350.0 -0.83915
2850.0 4350.0 -0.65643
2950.0 4350.0 -0.37781
3050.0 4350.0 -0.08754
3150.0 4350.0 0.15096
3250.0 4350.0 0.33284
3350.0 4350.0 0.35933
3450.0 4350.0 0.23497
3550.0 4350.0 0.06315
3650.0 4350.0 -0.03298
3750.0 4350.0 0.03267
3850.0 4350.0 0.27452
3950.0 4350.0 0.62268
4050.0 4350.0 0.90866
4150.0 4350.0 0.96489
4250.0 4350.0 0.78039
4350.0 4350.0 0.46423
4450.0 4350.0 0.18252
4550.0 4350.0 0.08866
4650.0 4350.0 0.24693
4750.0 4350.0 0.55424
4850.0 4350.0 0.83324
4950.0 4350.0 0.97413
5050.0 4350.0 0.90379
5150.0 4350.0 0.63614
5250.0 4350.0 0.27890
5350.0 4350.0 -0.01271
5450.0 4350.0 -0.13511
5550.0 4350.0 -0.16272
5650.0 4350.0 -0.16535
5750.0 4350.0 -0.10775
5850.0 4350.0 0.02908
5950.0 4350.0 0.22996
6050.0 4350.0 0.44843
6150.0 4350.0 0.62856
6250.0 4350.0 0.74548
6350.0 4350.0 0.78275
50.0 4450.0 0.36467
150.0 4450.0 0.66957
250.0 4450.0 0.83092
350.0 4450.0 0.78583
450.0 4450.0 0.56621
550.0 4450.0 0.28168
650.0 4450.0 0.07567
750.0 4450.0 0.05460
850.0 4450.0 0.19216
950.0 4450.0 0.45119
1050.0 4450.0 0.89874
1150.0 4450.0 1.37906
1250.0 4450.0 1.68061
1350.0 4450.0 1.68203
1450.0 4450.0 1.40772
1550.0 4450.0 0.99297
1650.0 4450.0 0.55894
1750.0 4450.0 0.10269
1850.0 4450.0 -0.32407
1950.0 4450.0 -0.61436
2050.0 4450.0 -0.71079
2150.0 4450.0 -0.65092
2250.0 4450.0 -0.54923
2350.0 4450.0 -0.51598
2450.0 4450.0 -0.53482
2550.0 4450.0 -0.55044
2650.0 4450.0 -0.52703
2750.0 4450.0 -0.43028
2850.0 4450.0 -0.25718
2950.0 4450.0 -0.04249
3050.0 4450.0 0.15900
3150.0 4450.0 0.31445
3250.0 4450.0 0.41915
3350.0 4450.0 0.37735
3450.0 4450.0 0.20813
3550.0 4450.0 0.02234
3650.0 4450.0 -0.06329
3750.0 4450.0 0.01860
3850.0 4450.0 0.26141
3950.0 4450.0 0.59053
4050.0 4450.0 0.87418
4150.0 4450.0 0.97741
4250.0 4450.0 0.87016
4350.0 4450.0 0.62149
4450.0 4450.0 0.36332
4550.0 4450.0 0.23589
4650.0 4450.0 0.31490
4750.0 4450.0 0.52682
4850.0 4450.0 0.75654
4950.0 4450.0 0.92791
5050.0 4450.0 0.93161
5150.0 4450.0 0.72049
5250.0 4450.0 0.35155
5350.0 4450.0 -0.03932
5450.0 4450.0 -0.32977
5550.0 4450.0 -0.54656
5650.0 4450.0 -0.71013
5750.0 4450.0 -0.72945
5850.0 4450.0 -0.55166
5950.0 4450.0 -0.20873
6050.0 4450.0 0.18667
6150.0 4450.0 0.49426
6250.0 4450.0 0.64835
6350.0 4450.0 0.69485
50.0 4550.0 0.06550
150.0 4550.0 0.31551
250.0 4550.0 0.38661
350.0 4550.0 0.25229
450.0 4550.0 -0.00210
550.0 4550.0 -0.23891
650.0 4550.0 -0.32779
750.0 4550.0 -0.20511
850.0 4550.0 0.06860
950.0 4550.0 0.46223
1050.0 4550.0 1.02166
1150.0 4550.0 1.54633
1250.0 4550.0 1.80221
1350.0 4550.0 1.68796
1450.0 4550.0 1.28343
1550.0 4550.0 0.78042
1650.0 4550.0 0.29956
1750.0 4550.0 -0.18548
1850.0 4550.0 -0.59740
1950.0 4550.0 -0.81485
2050.0 4550.0 -0.79071
2150.0 4550.0 -0.59544
2250.0 4550.0 -0.38480
2350.0 4550.0 -0.29223
2450.0 4550.0 -0.27507
2550.0 4550.0 -0.25461
2650.0 4550.0 -0.21262
2750.0 4550.0 -0.13481
2850.0 4550.0 -0.02221
2950.0 4550.0 0.10694
3050.0 4550.0 0.22634
3150.0 4550.0 0.32160
3250.0 4550.0 0.37396
3350.0 4550.0 0.28295
3450.0 4550.0 0.07682
3550.0 4550.0 -0.12721
3650.0 4550.0 -0.21448
3750.0 4550.0 -0.12805
3850.0 4550.0 0.11250
3950.0 4550.0 0.42849
4050.0 4550.0 0.71121
4150.0 4550.0 0.84841
4250.0 4550.0 0.79725
4350.0 4550.0 0.59903
4450.0 4550.0 0.36142
4550.0 4550.0 0.21469
4650.0 4550.0 0.24177
4750.0 4550.0 0.39024
4850.0 4550.0 0.59839
4950.0 4550.0 0.82424
5050.0 4550.0 0.93099
5150.0 4550.0 0.81805
5250.0 4550.0 0.49302
5350.0 4550.0 0.06704
5450.0 4550.0 -0.32669
5550.0 4550.0 -0.67189
5650.0 4550.0 -0.96315
5750.0 4550.0 -1.08156
5850.0 4550.0 -0.94430
5950.0 4550.0 -0.57796
6050.0 4550.0 -0.12143
6150.0 4550.0 0.24053
6250.0 4550.0 0.41287
6350.0 4550.0 0.46564
50.0 4650.0 -0.03120
150.0 4650.0 0.19813
250.0 4650.0 0.23602
350.0 4650.0 0.06987
450.0 4650.0 -0.19505
550.0 4650.0 -0.41113
650.0 4650.0 -0.45363
750.0 4650.0 -0.27547
850.0 4650.0 0.05000
950.0 4650.0 0.48627
1050.0 4650.0 1.05650
1150.0 4650.0 1.54374
1250.0 4650.0 1.71745
1350.0 4650.0 1.50044
1450.0 4650.0 1.00765
1550.0 4650.0 0.45690
1650.0 4650.0 -0.04175
1750.0 4650.0 -0.52031
1850.0 4650.0 -0.87705
1950.0 4650.0 -0.99039
2050.0 4650.0 -0.83522
2150.0 4650.0 -0.51621
2250.0 4650.0 -0.22108
2350.0 4650.0 -0.09376
2450.0 4650.0 -0.06475
2550.0 4650.0 -0.05052
2650.0 4650.0 -0.04783
2750.0 4650.0 -0.04253
2850.0 4650.0 -0.02115
2950.0 4650.0 0.02161
3050.0 4650.0 0.08131
3150.0 4650.0 0.14801
3250.0 4650.0 0.18059
3350.0 4650.0 0.07154
3450.0 4650.0 -0.14730
3550.0 4650.0 -0.35654
3650.0 4650.0 -0.44276
3750.0 4650.0 -0.35338
3850.0 4650.0 -0.11313
3950.0 4650.0 0.19795
4050.0 4650.0 0.48075
4150.0 4650.0 0.63260
4250.0 4650.0 0.60580
4350.0 4650.0 0.43042
4450.0 4650.0 0.20400
4550.0 4650.0 0.05219
4650.0 4650.0 0.06039
4750.0 4650.0 0.18544
4850.0 4650.0 0.40348
4950.0 4650.0 0.70366
5050.0 4650.0 0.93373
5150.0 4650.0 0.95305
5250.0 4650.0 0.72624
5350.0 4650.0 0.33644
5450.0 4650.0 -0.08177
5550.0 4650.0 -0.47799
5650.0 4650.0 -0.84581
5750.0 4650.0 -1.06913
5850.0 4650.0 -1.04349
5950.0 4650.0 -0.76991
6050.0 4650.0 -0.37148
6150.0 4650.0 -0.03287
6250.0 4650.0 0.13698
6350.0 4650.0 0.19166
50.0 4750.0 0.02816
150.0 4750.0 0.25623
250.0 4750.0 0.29257
350.0 4750.0 0.12528
450.0 4750.0 -0.13961
550.0 4750.0 -0.35427
650.0 4750.0 -0.39441
750.0 4750.0 -0.21382
850.0 4750.0 0.11354
950.0 4750.0 0.53890
1050.0 4750.0 1.06275
1150.0 4750.0 1.46839
1250.0 4750.0 1.54313
1350.0 4750.0 1.23507
1450.0 4750.0 0.68126
1550.0 4750.0 0.10735
1650.0 4750.0 -0.39241
1750.0 4750.0 -0.84774
1850.0 4750.0 -1.13634
1950.0 4750.0 -1.14375
2050.0 4750.0 -0.86991
2150.0 4750.0 -0.44990
2250.0 4750.0 -0.09441
2350.0 4750.0 0.05004
2450.0 4750.0 0.07649
2550.0 4750.0 0.06284
2650.0 4750.0 0.00043
2750.0 4750.0 -0.08654
2850.0 4750.0 -0.16225
2950.0 4750.0 -0.19695
3050.0 4750.0 -0.17916
3150.0 4750.0 -0.12209
3250.0 4750.0 -0.09049
3350.0 4750.0 -0.19765
3450.0 4750.0 -0.41087
3550.0 4750.0 -0.61187
3650.0 4750.0 -0.68944
3750.0 4750.0 -0.59349
3850.0 4750.0 -0.35026
3950.0 4750.0 -0.03905
4050.0 4750.0 0.24426
4150.0 4750.0 0.39874
4250.0 4750.0 0.37630
4350.0 4750.0 0.20560
4450.0 4750.0 -0.01730
4550.0 4750.0 -0.16773
4650.0 4750.0 -0.16026
4750.0 4750.0 -0.03600
4850.0 4750.0 0.20833
4950.0 4750.0 0.59000
5050.0 4750.0 0.94869
5150.0 4750.0 1.11299
5250.0 4750.0 1.00993
5350.0 4750.0 0.69404
5450.0 4750.0 0.29587
5550.0 4750.0 -0.10636
5650.0 4750.0 -0.51788
5750.0 4750.0 -0.84174
5850.0 4750.0 -0.95804
5950.0 4750.0 -0.83340
6050.0 4750.0 -0.55365
6150.0 4750.0 -0.27932
6250.0 4750.0 -0.12379
6350.0 4750.0 -0.07064
50.0 4850.0 -0.02864
150.0 4850.0 0.20169
250.0 4850.0 0.26274
350.0 4850.0 0.13896
450.0 4850.0 -0.08048
550.0 4850.0 -0.26515
650.0 4850.0 -0.30062
750.0 4850.0 -0.13937
850.0 4850.0 0.15595
950.0 4850.0 0.53245
1050.0 4850.0 0.96976
1150.0 4850.0 1.26096
1250.0 4850.0 1.21960
1350.0 4850.0 0.81982
1450.0 4850.0 0.21340
1550.0 4850.0 -0.37665
1650.0 4850.0 -0.87442
1750.0 4850.0 -1.29260
1850.0 4850.0 -1.48215
1950.0 4850.0 -1.34537
2050.0 4850.0 -0.92141
2150.0 4850.0 -0.38616
2250.0 4850.0 0.02423
2350.0 4850.0 0.16649
2450.0 4850.0 0.16828
2550.0 4850.0 0.11602
2650.0 4850.0 -0.00219
2750.0 4850.0 -0.15326
2850.0 4850.0 -0.28853
2950.0 4850.0 -0.36786
3050.0 4850.0 -0.37598
3150.0 4850.0 -0.33110
3250.0 4850.0 -0.30788
3350.0 4850.0 -0.41844
3450.0 4850.0 -0.62656
3550.0 4850.0 -0.81395
3650.0 4850.0 -0.87321
3750.0 4850.0 -0.76040
3850.0 4850.0 -0.50725
3950.0 4850.0 -0.19302
4050.0 4850.0 0.09279
4150.0 4850.0 0.25001
4250.0 4850.0 0.22782
4350.0 4850.0 0.05269
4450.0 4850.0 -0.17932
4550.0 4850.0 -0.34117
4650.0 4850.0 -0.34430
4750.0 4850.0 -0.22830
4850.0 4850.0 0.02729
4950.0 4850.0 0.46227
5050.0 4850.0 0.91428
5150.0 4850.0 1.19125
5250.0 4850.0 1.19097
5350.0 4850.0 0.94250
5450.0 4850.0 0.56918
5550.0 4850.0 0.17056
5650.0 4850.0 -0.26586
5750.0 4850.0 -0.66397
5850.0 4850.0 -0.89955
5950.0 4850.0 -0.91477
6050.0 4850.0 -0.76133
6150.0 4850.0 -0.57101
6250.0 4850.0 -0.45348
6350.0 4850.0 -0.42130
50.0 4950.0 -0.28250
150.0 4950.0 -0.04647
250.0 4950.0 0.08252
350.0 4950.0 0.07742
450.0 4950.0 -0.02052
550.0 4950.0 -0.12917
650.0 4950.0 -0.16011
750.0 4950.0 -0.06038
850.0 4950.0 0.13970
950.0 4950.0 0.40198
1050.0 4950.0 0.69693
1150.0 4950.0 0.84445
1250.0 4950.0 0.69231
1350.0 4950.0 0.23247
1450.0 4950.0 -0.39020
1550.0 4950.0 -0.97693
1650.0 4950.0 -1.46856
1750.0 4950.0 -1.83142
1850.0 4950.0 -1.88327
1950.0 4950.0 -1.55957
2050.0 4950.0 -0.95878
2150.0 4950.0 -0.30947
2250.0 4950.0 0.12804
2350.0 4950.0 0.22532
2450.0 4950.0 0.15932
2550.0 4950.0 0.05121
2650.0 4950.0 -0.09611
2750.0 4950.0 -0.24508
2850.0 4950.0 -0.35622
2950.0 4950.0 -0.40931
3050.0 4950.0 -0.41047
3150.0 4950.0 -0.38497
3250.0 4950.0 -0.38809
3350.0 4950.0 -0.51735
3450.0 4950.0 -0.72746
3550.0 4950.0 -0.89673
3650.0 4950.0 -0.92343
3750.0 4950.0 -0.77655
3850.0 4950.0 -0.50126
3950.0 4950.0 -0.17895
4050.0 4950.0 0.11420
4150.0 4950.0 0.27913
4250.0 4950.0 0.25700
4350.0 4950.0 0.06788
4450.0 4950.0 -0.19191
4550.0 4950.0 -0.38815
4650.0 4950.0 -0.42293
4750.0 4950.0 -0.33350
4850.0 4950.0 -0.10136
4950.0 4950.0 0.32312
5050.0 4950.0 0.78735
5150.0 4950.0 1.09995
5250.0 4950.0 1.14818
5350.0 4950.0 0.94391
5450.0 4950.0 0.59787
5550.0 4950.0 0.21711
5650.0 4950.0 -0.20286
5750.0 4950.0 -0.60459
5850.0 4950.0 -0.88403
5950.0 4950.0 -0.98660
6050.0 4950.0 -0.94581
6150.0 4950.0 -0.86292
6250.0 4950.0 -0.82774
6350.0 4950.0 -0.85716
50.0 5050.0 -0.60542
150.0 5050.0 -0.36255
250.0 5050.0 -0.13836
350.0 5050.0 0.02067
450.0 5050.0 0.08503
550.0 5050.0 0.06821
650.0 5050.0 0.02462
750.0 5050.0 0.01905
850.0 5050.0 0.06884
950.0 5050.0 0.16862
1050.0 5050.0 0.30250
1150.0 5050.0 0.33115
1250.0 5050.0 0.13241
1350.0 5050.0 -0.30624
1450.0 5050.0 -0.87828
1550.0 5050.0 -1.43196
1650.0 5050.0 -1.91375
1750.0 5050.0 -2.21859
1850.0 5050.0 -2.13622
1950.0 5050.0 -1.64545
2050.0 5050.0 -0.90800
2150.0 5050.0 -0.19910
2250.0 5050.0 0.20980
2350.0 5050.0 0.21633
2450.0 5050.0 0.04569
2550.0 5050.0 -0.12991
2650.0 5050.0 -0.27610
2750.0 5050.0 -0.35586
2850.0 5050.0 -0.36026
2950.0 5050.0 -0.31778
3050.0 5050.0 -0.27924
3150.0 5050.0 -0.27843
3250.0 5050.0 -0.32373
3350.0 5050.0 -0.48737
3450.0 5050.0 -0.71054
3550.0 5050.0 -0.86434
3650.0 5050.0 -0.85263
3750.0 5050.0 -0.66156
3850.0 5050.0 -0.35576
3950.0 5050.0 -0.02130
4050.0 5050.0 0.28453
4150.0 5050.0 0.46623
4250.0 5050.0 0.45237
4350.0 5050.0 0.25114
4450.0 5050.0 -0.04319
4550.0 5050.0 -0.28734
4650.0 5050.0 -0.36948
4750.0 5050.0 -0.32228
4850.0 5050.0 -0.14624
4950.0 5050.0 0.20445
5050.0 5050.0 0.59798
5150.0 5050.0 0.86504
5250.0 5050.0 0.90230
5350.0 5050.0 0.71452
5450.0 5050.0 0.39550
5550.0 5050.0 0.04580
5650.0 5050.0 -0.31063
5750.0 5050.0 -0.62752
5850.0 5050.0 -0.84625
5950.0 5050.0 -0.94905
6050.0 5050.0 -0.97552
6150.0 5050.0 -1.00196
6250.0 5050.0 -1.08330
6350.0 5050.0 -1.21123
50.0 5150.0 -0.82041
150.0 5150.0 -0.57272
250.0 5150.0 -0.25671
350.0 5150.0 0.05733
450.0 5150.0 0.26605
550.0 5150.0 0.31532
650.0 5150.0 0.23042
750.0 5150.0 0.09403
850.0 5150.0 -0.02696
950.0 5150.0 -0.09643
1050.0 5150.0 -0.09167
1150.0 5150.0 -0.10708
1250.0 5150.0 -0.25090
1350.0 5150.0 -0.56808
1450.0 5150.0 -1.01867
1550.0 5150.0 -1.51152
1650.0 5150.0 -1.98199
1750.0 5150.0 -2.24490
1850.0 5150.0 -2.07804
1950.0 5150.0 -1.50199
2050.0 5150.0 -0.72547
2150.0 5150.0 -0.04701
2250.0 5150.0 0.27142
2350.0 5150.0 0.15904
2450.0 5150.0 -0.12902
2550.0 5150.0 -0.37206
2650.0 5150.0 -0.49677
2750.0 5150.0 -0.46991
2850.0 5150.0 -0.32410
2950.0 5150.0 -0.15029
3050.0 5150.0 -0.05452
3150.0 5150.0 -0.07908
3250.0 5150.0 -0.17274
3350.0 5150.0 -0.37963
3450.0 5150.0 -0.62642
3550.0 5150.0 -0.77430
3650.0 5150.0 -0.73055
3750.0 5150.0 -0.49788
3850.0 5150.0 -0.16143
3950.0 5150.0 0.18630
4050.0 5150.0 0.50831
4150.0 5150.0 0.71631
4250.0 5150.0 0.72463
4350.0 5150.0 0.52530
4450.0 5150.0 0.20627
4550.0 5150.0 -0.08236
4650.0 5150.0 -0.21429
4750.0 5150.0 -0.21482
4850.0 5150.0 -0.11023
4950.0 5150.0 0.13309
5050.0 5150.0 0.40895
5150.0 5150.0 0.58191
5250.0 5150.0 0.57010
5350.0 5150.0 0.37862
5450.0 5150.0 0.08345
5550.0 5150.0 -0.22920
5650.0 5150.0 -0.49009
5750.0 5150.0 -0.65403
5850.0 5150.0 -0.72242
5950.0 5150.0 -0.73898
6050.0 5150.0 -0.77214
6150.0 5150.0 -0.88450
6250.0 5150.0 -1.08931
6350.0 5150.0 -1.33150
50.0 5250.0 -0.80783
150.0 5250.0 -0.55941
250.0 5250.0 -0.18298
350.0 5250.0 0.22849
450.0 5250.0 0.51542
550.0 5250.0 0.57713
650.0 5250.0 0.42484
750.0 5250.0 0.16198
850.0 5250.0 -0.10712
950.0 5250.0 -0.30916
1050.0 5250.0 -0.36782
1150.0 5250.0 -0.33986
1250.0 5250.0 -0.33959
1350.0 5250.0 -0.46454
1450.0 5250.0 -0.75284
1550.0 5250.0 -1.17225
1650.0 5250.0 -1.63280
1750.0 5250.0 -1.88036
1850.0 5250.0 -1.69968
1950.0 5250.0 -1.14101
2050.0 5250.0 -0.43195
2150.0 5250.0 0.13469
2250.0 5250.0 0.32436
2350.0 5250.0 0.09543
2450.0 5250.0 -0.29347
2550.0 5250.0 -0.59265
2650.0 5250.0 -0.69477
2750.0 5250.0 -0.57053
2850.0 5250.0 -0.28965
2950.0 5250.0 0.00175
3050.0 5250.0 0.14920
3150.0 5250.0 0.10336
3250.0 5250.0 -0.03254
3350.0 5250.0 -0.28077
3450.0 5250.0 -0.55617
3550.0 5250.0 -0.70979
3650.0 5250.0 -0.64914
3750.0 5250.0 -0.38851
3850.0 5250.0 -0.02929
3950.0 5250.0 0.32940
4050.0 5250.0 0.66762
4150.0 5250.0 0.90735
4250.0 5250.0 0.95071
4350.0 5250.0 0.77231
4450.0 5250.0 0.44981
4550.0 5250.0 0.13486
4650.0 5250.0 -0.03531
4750.0 5250.0 -0.07659
4850.0 5250.0 -0.03470
4950.0 5250.0 0.11237
5050.0 5250.0 0.28085
5150.0 5250.0 0.36583
5250.0 5250.0 0.30573
5350.0 5250.0 0.10733
5450.0 5250.0 -0.16848
5550.0 5250.0 -0.44796
5650.0 5250.0 -0.61118
5750.0 5250.0 -0.60628
5850.0 5250.0 -0.49191
5950.0 5250.0 -0.37770
6050.0 5250.0 -0.37123
6150.0 5250.0 -0.53282
6250.0 5250.0 -0.83839
6350.0 5250.0 -1.18258
50.0 5350.0 -0.55447
150.0 5350.0 -0.30958
250.0 5350.0 0.08212
350.0 5350.0 0.51128
450.0 5350.0 0.79247
550.0 5350.0 0.81018
650.0 5350.0 0.57981
750.0 5350.0 0.22363
850.0 5350.0 -0.13717
950.0 5350.0 -0.40799
1050.0 5350.0 -0.46136
1150.0 5350.0 -0.33206
1250.0 5350.0 -0.15476
1350.0 5350.0 -0.08174
1450.0 5350.0 -0.21791
1550.0 5350.0 -0.57311
1650.0 5350.0 -1.02741
1750.0 5350.0 -1.28413
1850.0 5350.0 -1.14765
1950.0 5350.0 -0.68064
2050.0 5350.0 -0.10300
2150.0 5350.0 0.31901
2250.0 5350.0 0.38474
2350.0 5350.0 0.07205
2450.0 5350.0 -0.37873
2550.0 5350.0 -0.71654
2650.0 5350.0 -0.81547
2750.0 5350.0 -0.64692
2850.0 5350.0 -0.29949
2950.0 5350.0 0.05111
3050.0 5350.0 0.22348
3150.0 5350.0 0.16342
3250.0 5350.0 0.00116
3350.0 5350.0 -0.27622
3450.0 5350.0 -0.57703
3550.0 5350.0 -0.74459
3650.0 5350.0 -0.68391
3750.0 5350.0 -0.41376
3850.0 5350.0 -0.04412
3950.0 5350.0 0.32082
4050.0 5350.0 0.67168
4150.0 5350.0 0.94167
4250.0 5350.0 1.02551
4350.0 5350.0 0.88305
4450.0 5350.0 0.57973
4550.0 5350.0 0.26309
4650.0 5350.0 0.07511
4750.0 5350.0 0.00959
4850.0 5350.0 0.01820
4950.0 5350.0 0.12110
5050.0 5350.0 0.24678
5150.0 5350.0 0.30363
5250.0 5350.0 0.23593
5350.0 5350.0 0.04654
5450.0 5350.0 -0.21357
5550.0 5350.0 -0.47208
5650.0 5350.0 -0.56751
5750.0 5350.0 -0.43973
5850.0 5350.0 -0.18527
5950.0 5350.0 0.03907
6050.0 5350.0 0.09418
6150.0 5350.0 -0.08402
6250.0 5350.0 -0.44794
6350.0 5350.0 -0.85887
50.0 5450.0 -0.14540
150.0 5450.0 0.09327
250.0 5450.0 0.46162
350.0 5450.0 0.84202
450.0 5450.0 1.05215
550.0 5450.0 0.98960
650.0 5450.0 0.68759
750.0 5450.0 0.28212
850.0 5450.0 -0.10831
950.0 5450.0 -0.38690
1050.0 5450.0 -0.39118
1150.0 5450.0 -0.15038
1250.0 5450.0 0.17674
1350.0 5450.0 0.39685
1450.0 5450.0 0.36411
1550.0 5450.0 0.04930
1650.0 5450.0 -0.40287
1750.0 5450.0 -0.68176
1850.0 5450.0 -0.61373
1950.0 5450.0 -0.25930
2050.0 5450.0 0.18409
2150.0 5450.0 0.48233
2250.0 5450.0 0.46305
2350.0 5450.0 0.11177
2450.0 5450.0 -0.35879
2550.0 5450.0 -0.71954
2650.0 5450.0 -0.84407
2750.0 5450.0 -0.69973
2850.0 5450.0 -0.37153
2950.0 5450.0 -0.03415
3050.0 5450.0 0.12933
3150.0 5450.0 0.06177
3250.0 5450.0 -0.10913
3350.0 5450.0 -0.39978
3450.0 5450.0 -0.71723
3550.0 5450.0 -0.90073
3650.0 5450.0 -0.85158
3750.0 5450.0 -0.58703
3850.0 5450.0 -0.21814
3950.0 5450.0 0.14820
4050.0 5450.0 0.50653
4150.0 5450.0 0.80017
4250.0 5450.0 0.92160
4350.0 5450.0 0.82068
4450.0 5450.0 0.55139
4550.0 5450.0 0.25321
4650.0 5450.0 0.06714
4750.0 5450.0 -0.00475
4850.0 5450.0 0.00557
4950.0 5450.0 0.12981
5050.0 5450.0 0.29689
5150.0 5450.0 0.40648
5250.0 5450.0 0.38899
5350.0 5450.0 0.23416
5450.0 5450.0 -0.01176
5550.0 5450.0 -0.26358
5650.0 5450.0 -0.33591
5750.0 5450.0 -0.16458
5850.0 5450.0 0.14155
5950.0 5450.0 0.40918
6050.0 5450.0 0.48716
6150.0 5450.0 0.30852
6250.0 5450.0 -0.07183
6350.0 5450.0 -0.50902
50.0 5550.0 0.28844
150.0 5550.0 0.52014
250.0 5550.0 0.85442
350.0 5550.0 1.16954
450.0 5550.0 1.29598
550.0 5550.0 1.15216
650.0 5550.0 0.79118
750.0 5550.0 0.35881
850.0 5550.0 -0.03558
950.0 5550.0 -0.30001
1050.0 5550.0 -0.24794
1150.0 5550.0 0.09066
1250.0 5550.0 0.53543
1350.0 5550.0 0.86298
1450.0 5550.0 0.90162
1550.0 5550.0 0.61333
1650.0 5550.0 0.16187
1750.0 5550.0 -0.14155
1850.0 5550.0 -0.14375
1950.0 5550.0 0.10286
2050.0 5550.0 0.42687
2150.0 5550.0 0.62501
2250.0 5550.0 0.54750
2350.0 5550.0 0.18166
2450.0 5550.0 -0.28801
2550.0 5550.0 -0.66140
2650.0 5550.0 -0.81978
2750.0 5550.0 -0.72590
2850.0 5550.0 -0.45269
2950.0 5550.0 -0.16066
3050.0 5550.0 -0.02286
3150.0 5550.0 -0.09741
3250.0 5550.0 -0.27194
3350.0 5550.0 -0.57304
3450.0 5550.0 -0.90881
3550.0 5550.0 -1.11507
3650.0 5550.0 -1.08777
3750.0 5550.0 -0.83922
3850.0 5550.0 -0.47814
3950.0 5550.0 -0.11371
4050.0 5550.0 0.25002
4150.0 5550.0 0.56806
4250.0 5550.0 0.73253
4350.0 5550.0 0.68327
4450.0 5550.0 0.46059
4550.0 5550.0 0.19247
4650.0 5550.0 0.01608
4750.0 5550.0 -0.05708
4850.0 5550.0 -0.03289
4950.0 5550.0 0.13778
5050.0 5550.0 0.37948
5150.0 5550.0 0.57395
5250.0 5550.0 0.62939
5350.0 5550.0 0.51831
5450.0 5550.0 0.28422
5550.0 5550.0 0.03099
5650.0 5550.0 -0.04166
5750.0 5550.0 0.13158
5850.0 5550.0 0.44146
5950.0 5550.0 0.71349
6050.0 5550.0 0.79500
6150.0 5550.0 0.61790
6250.0 5550.0 0.23706
6350.0 5550.0 -0.20934
50.0 5650.0 0.55493
150.0 5650.0 0.77836
250.0 5650.0 1.10633
350.0 5650.0 1.41747
450.0 5650.0 1.54146
550.0 5650.0 1.39520
650.0 5650.0 1.03027
750.0 5650.0 0.59161
850.0 5650.0 0.18924
950.0 5650.0 -0.07696
1050.0 5650.0 -0.00707
1150.0 5650.0 0.37173
1250.0 5650.0 0.87143
1350.0 5650.0 1.25442
1450.0 5650.0 1.33411
1550.0 5650.0 1.06480
1650.0 5650.0 0.61759
1750.0 5650.0 0.28961
1850.0 5650.0 0.21387
1950.0 5650.0 0.35368
2050.0 5650.0 0.57028
2150.0 5650.0 0.69231
2250.0 5650.0 0.58795
2350.0 5650.0 0.23956
2450.0 5650.0 -0.19662
2550.0 5650.0 -0.53646
2650.0 5650.0 -0.67326
2750.0 5650.0 -0.58253
2850.0 5650.0 -0.33947
2950.0 5650.0 -0.09349
3050.0 5650.0 0.00110
3150.0 5650.0 -0.10193
3250.0 5650.0 -0.30433
3350.0 5650.0 -0.65512
3450.0 5650.0 -1.06417
3550.0 5650.0 -1.35494
3650.0 5650.0 -1.40621
3750.0 5650.0 -1.21593
3850.0 5650.0 -0.88755
3950.0 5650.0 -0.53843
4050.0 5650.0 -0.16769
4150.0 5650.0 0.21461
4250.0 5650.0 0.49680
4350.0 5650.0 0.58648
4450.0 5650.0 0.48307
4550.0 5650.0 0.28230
4650.0 5650.0 0.11303
4750.0 5650.0 0.01432
4850.0 5650.0 0.02137
4950.0 5650.0 0.19753
5050.0 5650.0 0.46596
5150.0 5650.0 0.69714
5250.0 5650.0 0.78354
5350.0 5650.0 0.68423
5450.0 5650.0 0.43911
5550.0 5650.0 0.16495
5650.0 5650.0 0.07269
5750.0 5650.0 0.23138
5850.0 5650.0 0.53423
5950.0 5650.0 0.80601
6050.0 5650.0 0.88998
6150.0 5650.0 0.71260
6250.0 5650.0 0.32591
6350.0 5650.0 -0.13197
50.0 5750.0 0.54076
150.0 5750.0 0.75253
250.0 5750.0 1.10948
350.0 5750.0 1.49657
450.0 5750.0 1.72433
550.0 5750.0 1.67841
650.0 5750.0 1.38048
750.0 5750.0 0.96065
850.0 5750.0 0.54273
950.0 5750.0 0.25011
1050.0 5750.0 0.28012
1150.0 5750.0 0.61399
1250.0 5750.0 1.07674
1350.0 5750.0 1.43963
1450.0 5750.0 1.51684
1550.0 5750.0 1.25615
1650.0 5750.0 0.81887
1750.0 5750.0 0.46985
1850.0 5750.0 0.32547
1950.0 5750.0 0.37532
2050.0 5750.0 0.51964
2150.0 5750.0 0.61637
2250.0 5750.0 0.54132
2350.0 5750.0 0.26136
2450.0 5750.0 -0.09190
2550.0 5750.0 -0.32922
2650.0 5750.0 -0.36306
2750.0 5750.0 -0.20781
2850.0 5750.0 0.03819
2950.0 5750.0 0.23316
3050.0 5750.0 0.25552
3150.0 5750.0 0.09044
3250.0 5750.0 -0.17419
3350.0 5750.0 -0.61701
3450.0 5750.0 -1.14788
3550.0 5750.0 -1.57123
3650.0 5750.0 -1.74222
3750.0 5750.0 -1.64152
3850.0 5750.0 -1.36862
3950.0 5750.0 -1.05350
4050.0 5750.0 -0.67940
4150.0 5750.0 -0.19618
4250.0 5750.0 0.27543
4350.0 5750.0 0.58612
4450.0 5750.0 0.66567
4550.0 5750.0 0.55735
4650.0 5750.0 0.37885
4750.0 5750.0 0.21648
4850.0 5750.0 0.16123
4950.0 5750.0 0.28777
5050.0 5750.0 0.52189
5150.0 5750.0 0.73000
5250.0 5750.0 0.79529
5350.0 5750.0 0.66626
5450.0 5750.0 0.37739
5550.0 5750.0 0.05275
5650.0 5750.0 -0.08574
5750.0 5750.0 0.04000
5850.0 5750.0 0.32880
5950.0 5750.0 0.60296
6050.0 5750.0 0.69521
6150.0 5750.0 0.51843
6250.0 5750.0 0.11801
6350.0 5750.0 -0.35342
50.0 5850.0 0.28741
150.0 5850.0 0.48303
250.0 5850.0 0.88436
350.0 5850.0 1.38576
450.0 5850.0 1.76924
550.0 5850.0 1.87388
650.0 5850.0 1.67688
750.0 5850.0 1.28623
850.0 5850.0 0.84625
950.0 5850.0 0.50962
1050.0 5850.0 0.45950
1150.0 5850.0 0.68958
1250.0 5850.0 1.05228
1350.0 5850.0 1.34363
1450.0 5850.0 1.38908
1550.0 5850.0 1.13039
1650.0 5850.0 0.70749
1750.0 5850.0 0.34503
1850.0 5850.0 0.14974
1950.0 5850.0 0.14383
2050.0 5850.0 0.26609
2150.0 5850.0 0.39563
2250.0 5850.0 0.40364
2350.0 5850.0 0.23323
2450.0 5850.0 -0.00080
2550.0 5850.0 -0.08717
2650.0 5850.0 0.03620
2750.0 5850.0 0.29774
2850.0 5850.0 0.56253
2950.0 5850.0 0.69604
3050.0 5850.0 0.62116
3150.0 5850.0 0.36851
3250.0 5850.0 0.02060
3350.0 5850.0 -0.52025
3450.0 5850.0 -1.15867
3550.0 5850.0 -1.68488
3650.0 5850.0 -1.94216
3750.0 5850.0 -1.90748
3850.0 5850.0 -1.68556
3950.0 5850.0 -1.41563
4050.0 5850.0 -1.04960
4150.0 5850.0 -0.47272
4250.0 5850.0 0.18131
4350.0 5850.0 0.70111
4450.0 5850.0 0.94415
4550.0 5850.0 0.90220
4650.0 5850.0 0.68545
4750.0 5850.0 0.43035
4850.0 5850.0 0.28354
4950.0 5850.0 0.33186
5050.0 5850.0 0.50553
5150.0 5850.0 0.66782
5250.0 5850.0 0.69192
5350.0 5850.0 0.51367
5450.0 5850.0 0.16021
5550.0 5850.0 -0.23638
5650.0 5850.0 -0.43750
5750.0 5850.0 -0.35049
5850.0 5850.0 -0.06973
5950.0 5850.0 0.22056
6050.0 5850.0 0.33484
6150.0 5850.0 0.16445
6250.0 5850.0 -0.25445
6350.0 5850.0 -0.73822
50.0 5950.0 -0.05606
150.0 5950.0 0.11977
250.0 5950.0 0.55330
350.0 5950.0 1.14701
450.0 5950.0 1.65851
550.0 5950.0 1.88688
650.0 5950.0 1.77104
750.0 5950.0 1.39993
850.0 5950.0 0.93539
950.0 5950.0 0.55233
1050.0 5950.0 0.41780
1150.0 5950.0 0.53867
1250.0 5950.0 0.79623
1350.0 5950.0 1.01249
1450.0 5950.0 1.02472
1550.0 5950.0 0.76825
1650.0 5950.0 0.36097
1750.0 5950.0 -0.00651
1850.0 5950.0 -0.22940
1950.0 5950.0 -0.25386
2050.0 5950.0 -0.10989
2150.0 5950.0 0.09249
2250.0 5950.0 0.21102
2350.0 5950.0 0.16283
2450.0 5950.0 0.05456
2550.0 5950.0 0.12470
2650.0 5950.0 0.40724
2750.0 5950.0 0.77129
2850.0 5950.0 1.04572
2950.0 5950.0 1.10621
3050.0 5950.0 0.92431
3150.0 5950.0 0.57828
3250.0 5950.0 0.14926
3350.0 5950.0 -0.45505
3450.0 5950.0 -1.12745
3550.0 5950.0 -1.65877
3650.0 5950.0 -1.90576
3750.0 5950.0 -1.86669
3850.0 5950.0 -1.66474
3950.0 5950.0 -1.43847
4050.0 5950.0 -1.09495
4150.0 5950.0 -0.47434
4250.0 5950.0 0.27601
4350.0 5950.0 0.90021
4450.0 5950.0 1.20901
4550.0 5950.0 1.16546
4650.0 5950.0 0.88102
4750.0 5950.0 0.52647
4850.0 5950.0 0.28835
4950.0 5950.0 0.27015
5050.0 5950.0 0.40526
5150.0 5950.0 0.54770
5250.0 5950.0 0.55279
5350.0 5950.0 0.33744
5450.0 5950.0 -0.07982
5550.0 5950.0 -0.55190
5650.0 5950.0 -0.81414
5750.0 5950.0 -0.75589
5850.0 5950.0 -0.46624
5950.0 5950.0 -0.14052
6050.0 5950.0 0.01173
6150.0 5950.0 -0.14395
6250.0 5950.0 -0.58067
6350.0 5950.0 -1.07268
50.0 6050.0 -0.29895
150.0 6050.0 -0.14392
250.0 6050.0 0.28853
350.0 6050.0 0.90415
450.0 6050.0 1.45141
550.0 6050.0 1.71423
650.0 6050.0 1.61684
750.0 6050.0 1.24072
850.0 6050.0 0.75426
950.0 6050.0 0.33844
1050.0 6050.0 0.15268
1150.0 6050.0 0.21407
1250.0 6050.0 0.42080
1350.0 6050.0 0.60719
1450.0 6050.0 0.61275
1550.0 6050.0 0.36536
1650.0 6050.0 -0.02886
1750.0 6050.0 -0.39623
1850.0 6050.0 -0.62944
1950.0 6050.0 -0.65060
2050.0 6050.0 -0.46904
2150.0 6050.0 -0.19122
2250.0 6050.0 0.02598
2350.0 6050.0 0.07846
2450.0 6050.0 0.07006
2550.0 6050.0 0.25744
2650.0 6050.0 0.64881
2750.0 6050.0 1.06877
2850.0 6050.0 1.32363
2950.0 6050.0 1.30416
3050.0 6050.0 1.02523
3150.0 6050.0 0.60221
3250.0 6050.0 0.11594
3350.0 6050.0 -0.49441
3450.0 6050.0 -1.10524
3550.0 6050.0 -1.52523
3650.0 6050.0 -1.65093
3750.0 6050.0 -1.52573
3850.0 6050.0 -1.30201
3950.0 6050.0 -1.10607
4050.0 6050.0 -0.79539
4150.0 6050.0 -0.19826
4250.0 6050.0 0.52703
4350.0 6050.0 1.11135
4450.0 6050.0 1.35947
4550.0 6050.0 1.23868
4650.0 6050.0 0.87122
4750.0 6050.0 0.43571
4850.0 6050.0 0.13538
4950.0 6050.0 0.09618
5050.0 6050.0 0.25098
5150.0 6050.0 0.43458
5250.0 6050.0 0.47343
5350.0 6050.0 0.25815
5450.0 6050.0 -0.20128
5550.0 6050.0 -0.73306
5650.0 6050.0 -1.03805
5750.0 6050.0 -0.98805
5850.0 6050.0 -0.67017
5950.0 6050.0 -0.29380
6050.0 6050.0 -0.09330
6150.0 6050.0 -0.22757
6250.0 6050.0 -0.67648
6350.0 6050.0 -1.17183
50.0 6150.0 -0.29214
150.0 6150.0 -0.15576
250.0 6150.0 0.23619
350.0 6150.0 0.78636
450.0 6150.0 1.25379
550.0 6150.0 1.43920
650.0 6150.0 1.28261
750.0 6150.0 0.87309
850.0 6150.0 0.37143
950.0 6150.0 -0.05335
1050.0 6150.0 -0.23415
1150.0 6150.0 -0.14902
1250.0 6150.0 0.09696
1350.0 6150.0 0.32775
1450.0 6150.0 0.36964
1550.0 6150.0 0.14178
1650.0 6150.0 -0.24465
1750.0 6150.0 -0.61254
1850.0 6150.0 -0.85304
1950.0 6150.0 -0.87503
2050.0 6150.0 -0.67605
2150.0 6150.0 -0.35989
2250.0 6150.0 -0.09079
2350.0 6150.0 0.01574
2450.0 6150.0 0.06005
2550.0 6150.0 0.29766
2650.0 6150.0 0.71721
2750.0 6150.0 1.12416
2850.0 6150.0 1.32325
2950.0 6150.0 1.22484
3050.0 6150.0 0.87455
3150.0 6150.0 0.40611
3250.0 6150.0 -0.10235
3350.0 6150.0 -0.66464
3450.0 6150.0 -1.14030
3550.0 6150.0 -1.36758
3650.0 6150.0 -1.29792
3750.0 6150.0 -1.03130
3850.0 6150.0 -0.75245
3950.0 6150.0 -0.56766
4050.0 6150.0 -0.29107
4150.0 6150.0 0.22890
4250.0 6150.0 0.82810
4350.0 6150.0 1.25483
4450.0 6150.0 1.34527
4550.0 6150.0 1.09899
4650.0 6150.0 0.65480
4750.0 6150.0 0.17413
4850.0 6150.0 -0.14320
4950.0 6150.0 -0.14437
5050.0 6150.0 0.09860
5150.0 6150.0 0.39194
5250.0 6150.0 0.52418
5350.0 6150.0 0.35455
5450.0 6150.0 -0.11409
5550.0 6150.0 -0.67725
5650.0 6150.0 -0.99786
5750.0 6150.0 -0.93434
5850.0 6150.0 -0.57544
5950.0 6150.0 -0.14446
6050.0 6150.0 0.10390
6150.0 6150.0 -0.00699
6250.0 6150.0 -0.45998
6350.0 6150.0 -0.95521
50.0 6250.0 -0.02860
150.0 6250.0 0.09270
250.0 6250.0 0.41613
350.0 6250.0 0.83640
450.0 6250.0 1.13803
550.0 6250.0 1.16287
650.0 6250.0 0.88990
750.0 6250.0 0.42720
850.0 6250.0 -0.08271
950.0 6250.0 -0.49490
1050.0 6250.0 -0.62055
1150.0 6250.0 -0.43778
1250.0 6250.0 -0.07293
1350.0 6250.0 0.26760
1450.0 6250.0 0.38338
1550.0 6250.0 0.18388
1650.0 6250.0 -0.19983
1750.0 6250.0 -0.57281
1850.0 6250.0 -0.82903
1950.0 6250.0 -0.87302
2050.0 6250.0 -0.69465
2150.0 6250.0 -0.39092
2250.0 6250.0 -0.12302
2350.0 6250.0 -0.00839
2450.0 6250.0 0.04510
2550.0 6250.0 0.27286
2650.0 6250.0 0.65054
2750.0 6250.0 0.98721
2850.0 6250.0 1.10384
2950.0 6250.0 0.93283
3050.0 6250.0 0.53781
3150.0 6250.0 0.05376
3250.0 6250.0 -0.44784
3350.0 6250.0 -0.93209
3450.0 6250.0 -1.24435
3550.0 6250.0 -1.25550
3650.0 6250.0 -0.97273
3750.0 6250.0 -0.55065
3850.0 6250.0 -0.20279
3950.0 6250.0 -0.01344
4050.0 6250.0 0.23482
4150.0 6250.0 0.65531
4250.0 6250.0 1.08260
4350.0 6250.0 1.30047
4450.0 6250.0 1.19639
4550.0 6250.0 0.81547
4650.0 6250.0 0.31388
4750.0 6250.0 -0.17808
4850.0 6250.0 -0.47379
4950.0 6250.0 -0.39185
5050.0 6250.0 -0.01238
5150.0 6250.0 0.43718
5250.0 6250.0 0.70337
5350.0 6250.0 0.61275
5450.0 6250.0 0.16278
5550.0 6250.0 -0.40582
5650.0 6250.0 -0.71953
5750.0 6250.0 -0.62853
5850.0 6250.0 -0.22567
5950.0 6250.0 0.25417
6050.0 6250.0 0.54252
6150.0 6250.0 0.45272
6250.0 6250.0 0.00231
6350.0 6250.0 -0.49179
50.0 6350.0 0.31083
150.0 6350.0 0.42384
250.0 6350.0 0.67451
350.0 6350.0 0.94910
450.0 6350.0 1.06387
550.0 6350.0 0.91030
650.0 6350.0 0.51329
750.0 6350.0 0.00240
850.0 6350.0 -0.50254
950.0 6350.0 -0.88661
1050.0 6350.0 -0.93943
1150.0 6350.0 -0.64169
1250.0 6350.0 -0.14392
1350.0 6350.0 0.31576
1450.0 6350.0 0.51111
1550.0 6350.0 0.34434
1650.0 6350.0 -0.03214
1750.0 6350.0 -0.40834
1850.0 6350.0 -0.68513
1950.0 6350.0 -0.76405
2050.0 6350.0 -0.62507
2150.0 6350.0 -0.35349
2250.0 6350.0 -0.10184
2350.0 6350.0 0.01315
2450.0 6350.0 0.07041
2550.0 6350.0 0.27496
2650.0 6350.0 0.59076
2750.0 6350.0 0.83935
2850.0 6350.0 0.86614
2950.0 6350.0 0.62846
3050.0 6350.0 0.20480
3150.0 6350.0 -0.27493
3250.0 6350.0 -0.75028
3350.0 6350.0 -1.14291
3450.0 6350.0 -1.28986
3550.0 6350.0 -1.09622
3650.0 6350.0 -0.62056
3750.0 6350.0 -0.06326
3850.0 6350.0 0.34209
3950.0 6350.0 0.53419
4050.0 6350.0 0.75198
4150.0 6350.0 1.06711
4250.0 6350.0 1.31645
4350.0 6350.0 1.32389
4450.0 6350.0 1.03064
4550.0 6350.0 0.52640
4650.0 6350.0 -0.01863
4750.0 6350.0 -0.50821
4850.0 6350.0 -0.77493
4950.0 6350.0 -0.61365
5050.0 6350.0 -0.10847
5150.0 6350.0 0.48738
5250.0 6350.0 0.88566
5350.0 6350.0 0.88380
5450.0 6350.0 0.47221
5550.0 6350.0 -0.07846
5650.0 6350.0 -0.36197
5750.0 6350.0 -0.22428
5850.0 6350.0 0.23320
5950.0 6350.0 0.76320
6050.0 6350.0 1.08726
6150.0 6350.0 1.01517
6250.0 6350.0 0.56917
6350.0 6350.0 0.07523
