50.0 50.0 0.00000
150.0 50.0 0.00483
250.0 50.0 0.03446
350.0 50.0 0.08276
450.0 50.0 0.12873
550.0 50.0 0.15185
650.0 50.0 0.14129
750.0 50.0 0.09924
850.0 50.0 0.03812
950.0 50.0 -0.02712
1050.0 50.0 -0.06362
1150.0 50.0 -0.04299
1250.0 50.0 0.02361
1350.0 50.0 0.10368
1450.0 50.0 0.16072
1550.0 50.0 0.16735
1650.0 50.0 0.11454
1750.0 50.0 0.01670
1850.0 50.0 -0.08826
1950.0 50.0 -0.15776
2050.0 50.0 -0.16984
2150.0 50.0 -0.12652
2250.0 50.0 -0.05011
2350.0 50.0 0.02459
2450.0 50.0 0.06222
2550.0 50.0 0.04290
2650.0 50.0 -0.01820
2750.0 50.0 -0.10919
2850.0 50.0 -0.24309
2950.0 50.0 -0.37793
3050.0 50.0 -0.45757
3150.0 50.0 -0.44738
3250.0 50.0 -0.34995
3350.0 50.0 -0.20099
3450.0 50.0 -0.04528
3550.0 50.0 0.09931
3650.0 50.0 0.20359
3750.0 50.0 0.23359
3850.0 50.0 0.18675
3950.0 50.0 0.08882
4050.0 50.0 -0.01542
4150.0 50.0 -0.07726
4250.0 50.0 -0.06483
4350.0 50.0 0.01030
4450.0 50.0 0.07937
4550.0 50.0 0.08989
4650.0 50.0 0.03876
4750.0 50.0 -0.04676
4850.0 50.0 -0.12693
4950.0 50.0 -0.16476
5050.0 50.0 -0.13851
5150.0 50.0 -0.05153
5250.0 50.0 0.05967
5350.0 50.0 0.12406
5450.0 50.0 0.10347
5550.0 50.0 0.01305
5650.0 50.0 -0.10249
5750.0 50.0 -0.19040
5850.0 50.0 -0.20835
5950.0 50.0 -0.13956
6050.0 50.0 -0.00488
6150.0 50.0 0.14433
6250.0 50.0 0.27849
6350.0 50.0 0.36265
50.0 150.0 -0.13233
150.0 150.0 -0.12885
250.0 150.0 -0.09921
350.0 150.0 -0.04885
450.0 150.0 0.00111
550.0 150.0 0.02931
650.0 150.0 0.02366
750.0 150.0 -0.01487
850.0 150.0 -0.07449
950.0 150.0 -0.13926
1050.0 150.0 -0.16933
1150.0 150.0 -0.12906
1250.0 150.0 -0.03000
1350.0 150.0 0.08967
1450.0 150.0 0.18519
1550.0 150.0 0.22136
1650.0 150.0 0.18454
1750.0 150.0 0.09062
1850.0 150.0 -0.01363
1950.0 150.0 -0.07986
2050.0 150.0 -0.08528
2150.0 150.0 -0.03291
2250.0 150.0 0.05302
2350.0 150.0 0.13566
2450.0 150.0 0.17816
2550.0 150.0 0.16034
2650.0 150.0 0.09861
2750.0 150.0 0.00117
2850.0 150.0 -0.15433
2950.0 150.0 -0.32666
3050.0 150.0 -0.45349
3150.0 150.0 -0.49053
3250.0 150.0 -0.43073
3350.0 150.0 -0.30356
3450.0 150.0 -0.15435
3550.0 150.0 -0.01040
3650.0 150.0 0.09283
3750.0 150.0 0.12075
3850.0 150.0 0.07056
3950.0 150.0 -0.03171
4050.0 150.0 -0.14068
4150.0 150.0 -0.20681
4250.0 150.0 -0.19763
4350.0 150.0 -0.12479
4450.0 150.0 -0.05723
4550.0 150.0 -0.04616
4650.0 150.0 -0.09445
4750.0 150.0 -0.17565
4850.0 150.0 -0.25140
4950.0 150.0 -0.28609
5050.0 150.0 -0.25891
5150.0 150.0 -0.17325
5250.0 150.0 -0.06419
5350.0 150.0 0.00232
5450.0 150.0 -0.00773
5550.0 150.0 -0.07942
5650.0 150.0 -0.17146
5750.0 150.0 -0.23625
5850.0 150.0 -0.23654
5950.0 150.0 -0.15862
6050.0 150.0 -0.02220
6150.0 150.0 0.12495
6250.0 150.0 0.24741
6350.0 150.0 0.30804
50.0 250.0 -0.20432
150.0 250.0 -0.21095
250.0 250.0 -0.19535
350.0 250.0 -0.16205
450.0 250.0 -0.12889
550.0 250.0 -0.11399
650.0 250.0 -0.12768
750.0 250.0 -0.16927
850.0 250.0 -0.22885
950.0 250.0 -0.29243
1050.0 250.0 -0.31257
1150.0 250.0 -0.24324
1250.0 250.0 -0.09644
1350.0 250.0 0.08148
1450.0 250.0 0.23390
1550.0 250.0 0.31418
1650.0 250.0 0.30185
1750.0 250.0 0.21491
1850.0 250.0 0.11297
1950.0 250.0 0.05256
2050.0 250.0 0.05680
2150.0 250.0 0.12040
2250.0 250.0 0.21616
2350.0 250.0 0.30490
2450.0 250.0 0.34889
2550.0 250.0 0.32870
2650.0 250.0 0.26269
2750.0 250.0 0.15590
2850.0 250.0 -0.02214
2950.0 250.0 -0.23056
3050.0 250.0 -0.40140
3150.0 250.0 -0.48194
3250.0 250.0 -0.45693
3350.0 250.0 -0.35073
3450.0 250.0 -0.20940
3550.0 250.0 -0.06844
3650.0 250.0 0.03059
3750.0 250.0 0.05081
3850.0 250.0 -0.01204
3950.0 250.0 -0.13173
4050.0 250.0 -0.26079
4150.0 250.0 -0.34646
4250.0 250.0 -0.35337
4350.0 250.0 -0.29290
4450.0 250.0 -0.23320
4550.0 250.0 -0.21669
4650.0 250.0 -0.24457
4750.0 250.0 -0.29573
4850.0 250.0 -0.34060
4950.0 250.0 -0.35261
5050.0 250.0 -0.31708
5150.0 250.0 -0.23772
5250.0 250.0 -0.14177
5350.0 250.0 -0.08700
5450.0 250.0 -0.10374
5550.0 250.0 -0.17459
5650.0 250.0 -0.25831
5750.0 250.0 -0.31019
5850.0 250.0 -0.29785
5950.0 250.0 -0.21228
6050.0 250.0 -0.07436
6150.0 250.0 0.07010
6250.0 250.0 0.17904
6350.0 250.0 0.21492
50.0 350.0 -0.19389
150.0 350.0 -0.22097
250.0 350.0 -0.23397
350.0 350.0 -0.23562
450.0 350.0 -0.23707
550.0 350.0 -0.24975
650.0 350.0 -0.28028
750.0 350.0 -0.32843
850.0 350.0 -0.38810
950.0 350.0 -0.44957
1050.0 350.0 -0.45841
1150.0 350.0 -0.35768
1250.0 350.0 -0.15965
1350.0 350.0 0.08084
1450.0 350.0 0.29471
1550.0 350.0 0.42318
1650.0 350.0 0.43845
1750.0 350.0 0.36053
1850.0 350.0 0.26281
1950.0 350.0 0.21076
2050.0 350.0 0.22701
2150.0 350.0 0.30257
2250.0 350.0 0.40636
2350.0 350.0 0.49701
2450.0 350.0 0.53699
2550.0 350.0 0.50907
2650.0 350.0 0.43422
2750.0 350.0 0.31588
2850.0 350.0 0.11939
2950.0 350.0 -0.11407
3050.0 350.0 -0.31320
3150.0 350.0 -0.42079
3250.0 350.0 -0.41761
3350.0 350.0 -0.32594
3450.0 350.0 -0.19272
3550.0 350.0 -0.05745
3650.0 350.0 0.03573
3750.0 350.0 0.04687
3850.0 350.0 -0.03187
3950.0 350.0 -0.17567
4050.0 350.0 -0.33520
4150.0 350.0 -0.45319
4250.0 350.0 -0.48930
4350.0 350.0 -0.45337
4450.0 350.0 -0.41016
4550.0 350.0 -0.38542
4650.0 350.0 -0.37737
4750.0 350.0 -0.37480
4850.0 350.0 -0.36451
4950.0 350.0 -0.33666
5050.0 350.0 -0.28792
5150.0 350.0 -0.22249
5250.0 350.0 -0.15335
5350.0 350.0 -0.12710
5450.0 350.0 -0.17065
5550.0 350.0 -0.26085
5650.0 350.0 -0.35266
5750.0 350.0 -0.40202
5850.0 350.0 -0.38156
5950.0 350.0 -0.28930
6050.0 350.0 -0.15004
6150.0 350.0 -0.00886
6250.0 350.0 0.08549
6350.0 350.0 0.09757
50.0 450.0 -0.11438
150.0 450.0 -0.16870
250.0 450.0 -0.21703
350.0 450.0 -0.25891
450.0 450.0 -0.29740
550.0 450.0 -0.33684
650.0 450.0 -0.38110
750.0 450.0 -0.43227
850.0 450.0 -0.48988
950.0 450.0 -0.54856
1050.0 450.0 -0.54901
1150.0 450.0 -0.42730
1250.0 450.0 -0.19564
1350.0 450.0 0.08603
1450.0 450.0 0.34086
1550.0 450.0 0.50229
1650.0 450.0 0.53764
1750.0 450.0 0.46799
1850.0 450.0 0.37573
1950.0 450.0 0.33307
2050.0 450.0 0.36124
2150.0 450.0 0.44675
2250.0 450.0 0.55446
2350.0 450.0 0.64150
2450.0 450.0 0.67182
2550.0 450.0 0.63160
2650.0 450.0 0.54455
2750.0 450.0 0.41492
2850.0 450.0 0.20977
2950.0 450.0 -0.02873
3050.0 450.0 -0.22954
3150.0 450.0 -0.33698
3250.0 450.0 -0.33409
3350.0 450.0 -0.24532
3450.0 450.0 -0.11838
3550.0 450.0 0.00957
3650.0 450.0 0.09865
3750.0 450.0 0.10694
3850.0 450.0 0.02083
3950.0 450.0 -0.13952
4050.0 450.0 -0.32572
4150.0 450.0 -0.47725
4250.0 450.0 -0.54832
4350.0 450.0 -0.54518
4450.0 450.0 -0.52564
4550.0 450.0 -0.49498
4650.0 450.0 -0.44795
4750.0 450.0 -0.38531
4850.0 450.0 -0.31352
4950.0 450.0 -0.24267
5050.0 450.0 -0.18286
5150.0 450.0 -0.13876
5250.0 450.0 -0.10637
5350.0 450.0 -0.12012
5450.0 450.0 -0.20330
5550.0 450.0 -0.32474
5650.0 450.0 -0.43331
5750.0 450.0 -0.48461
5850.0 450.0 -0.45708
5950.0 450.0 -0.35770
6050.0 450.0 -0.21700
6150.0 450.0 -0.07925
6250.0 450.0 0.00128
6350.0 450.0 -0.00657
50.0 550.0 -0.00445
150.0 550.0 -0.08671
250.0 550.0 -0.16669
350.0 550.0 -0.23930
450.0 550.0 -0.30067
550.0 550.0 -0.35097
650.0 550.0 -0.39484
750.0 550.0 -0.43963
850.0 550.0 -0.49147
950.0 550.0 -0.54717
1050.0 550.0 -0.54547
1150.0 550.0 -0.42247
1250.0 550.0 -0.18986
1350.0 550.0 0.09318
1450.0 550.0 0.35039
1550.0 550.0 0.51539
1650.0 550.0 0.55523
1750.0 550.0 0.49050
1850.0 550.0 0.40385
1950.0 550.0 0.36968
2050.0 550.0 0.40723
2150.0 550.0 0.49857
2250.0 550.0 0.60523
2350.0 550.0 0.68379
2450.0 550.0 0.70069
2550.0 550.0 0.64608
2650.0 550.0 0.54594
2750.0 550.0 0.40769
2850.0 550.0 0.20588
2950.0 550.0 -0.01574
3050.0 550.0 -0.19017
3150.0 550.0 -0.26919
3250.0 550.0 -0.24411
3350.0 550.0 -0.14550
3450.0 550.0 -0.02161
3550.0 550.0 0.09903
3650.0 550.0 0.18860
3750.0 550.0 0.20577
3850.0 550.0 0.12970
3950.0 550.0 -0.02787
4050.0 550.0 -0.22381
4150.0 550.0 -0.39789
4250.0 550.0 -0.50012
4350.0 550.0 -0.53104
4450.0 550.0 -0.53828
4550.0 550.0 -0.50833
4650.0 550.0 -0.43310
4750.0 550.0 -0.32406
4850.0 550.0 -0.20500
4950.0 550.0 -0.10345
5050.0 550.0 -0.04108
5150.0 550.0 -0.02277
5250.0 550.0 -0.02961
5350.0 550.0 -0.08532
5450.0 550.0 -0.20888
5550.0 550.0 -0.36067
5650.0 550.0 -0.48362
5750.0 550.0 -0.53370
5850.0 550.0 -0.49621
5950.0 550.0 -0.38801
6050.0 550.0 -0.24555
6150.0 550.0 -0.11090
6250.0 550.0 -0.04180
6350.0 550.0 -0.06413
50.0 650.0 0.08578
150.0 650.0 -0.01889
250.0 650.0 -0.11813
350.0 650.0 -0.20137
450.0 650.0 -0.26104
550.0 650.0 -0.29801
650.0 650.0 -0.32230
750.0 650.0 -0.34937
850.0 650.0 -0.39173
950.0 650.0 -0.44484
1050.0 650.0 -0.44791
1150.0 650.0 -0.34435
1250.0 650.0 -0.14498
1350.0 650.0 0.09773
1450.0 650.0 0.31669
1550.0 650.0 0.45393
1650.0 650.0 0.48110
1750.0 650.0 0.41675
1850.0 650.0 0.33472
1950.0 650.0 0.30664
2050.0 650.0 0.34964
2150.0 650.0 0.44235
2250.0 650.0 0.54412
2350.0 650.0 0.61195
2450.0 650.0 0.61507
2550.0 650.0 0.54720
2650.0 650.0 0.43587
2750.0 650.0 0.29294
2850.0 650.0 0.10382
2950.0 650.0 -0.08606
3050.0 650.0 -0.21603
3150.0 650.0 -0.24875
3250.0 650.0 -0.18719
3350.0 650.0 -0.07011
3450.0 650.0 0.05403
3550.0 650.0 0.16902
3650.0 650.0 0.26457
3750.0 650.0 0.30298
3850.0 650.0 0.25598
3950.0 650.0 0.12421
4050.0 650.0 -0.05861
4150.0 650.0 -0.23675
4250.0 650.0 -0.35853
4350.0 650.0 -0.41747
4450.0 650.0 -0.44932
4550.0 650.0 -0.42828
4650.0 650.0 -0.34479
4750.0 650.0 -0.21702
4850.0 650.0 -0.07926
4950.0 650.0 0.03059
5050.0 650.0 0.08424
5150.0 650.0 0.07696
5250.0 650.0 0.03669
5350.0 650.0 -0.05282
5450.0 650.0 -0.20539
5550.0 650.0 -0.37451
5650.0 650.0 -0.49963
5750.0 650.0 -0.53914
5850.0 650.0 -0.48612
5950.0 650.0 -0.36687
6050.0 650.0 -0.22222
6150.0 650.0 -0.09000
6250.0 650.0 -0.02936
6350.0 650.0 -0.06139
50.0 750.0 0.11216
150.0 750.0 -0.00512
250.0 750.0 -0.10714
350.0 750.0 -0.17792
450.0 750.0 -0.21024
550.0 750.0 -0.21069
650.0 750.0 -0.19863
750.0 750.0 -0.19913
850.0 750.0 -0.22980
950.0 750.0 -0.28111
1050.0 750.0 -0.29385
1150.0 750.0 -0.22332
1250.0 750.0 -0.07936
1350.0 750.0 0.09596
1450.0 750.0 0.25008
1550.0 750.0 0.33869
1650.0 750.0 0.34122
1750.0 750.0 0.27330
1850.0 750.0 0.19410
1950.0 750.0 0.16910
2050.0 750.0 0.21378
2150.0 750.0 0.30477
2250.0 750.0 0.40057
2350.0 750.0 0.45902
2450.0 750.0 0.45163
2550.0 750.0 0.37459
2650.0 750.0 0.25604
2750.0 750.0 0.11213
2850.0 750.0 -0.06146
2950.0 750.0 -0.21793
3050.0 750.0 -0.30286
3150.0 750.0 -0.28931
3250.0 750.0 -0.19116
3350.0 750.0 -0.05465
3450.0 750.0 0.07180
3550.0 750.0 0.18378
3650.0 750.0 0.28958
3750.0 750.0 0.35733
3850.0 750.0 0.35254
3950.0 750.0 0.26426
4050.0 750.0 0.11448
4150.0 750.0 -0.04882
4250.0 750.0 -0.17504
4350.0 750.0 -0.25075
4450.0 750.0 -0.30048
4550.0 750.0 -0.29489
4650.0 750.0 -0.22463
4750.0 750.0 -0.10931
4850.0 750.0 0.01505
4950.0 750.0 0.10924
5050.0 750.0 0.14449
5150.0 750.0 0.11660
5250.0 750.0 0.05496
5350.0 750.0 -0.05292
5450.0 750.0 -0.21509
5550.0 750.0 -0.38112
5650.0 750.0 -0.49086
5750.0 750.0 -0.50777
5850.0 750.0 -0.43310
5950.0 750.0 -0.30087
6050.0 750.0 -0.15370
6150.0 750.0 -0.02314
6250.0 750.0 0.03146
6350.0 750.0 -0.00809
50.0 850.0 0.05761
150.0 850.0 -0.06205
250.0 850.0 -0.15233
350.0 850.0 -0.19268
450.0 850.0 -0.17964
550.0 850.0 -0.12902
650.0 850.0 -0.07153
750.0 850.0 -0.04175
850.0 850.0 -0.06052
950.0 850.0 -0.11093
1050.0 850.0 -0.13486
1150.0 850.0 -0.10019
1250.0 850.0 -0.01589
1350.0 850.0 0.08676
1450.0 850.0 0.17057
1550.0 850.0 0.20575
1650.0 850.0 0.18019
1750.0 850.0 0.10658
1850.0 850.0 0.02833
1950.0 850.0 0.00386
2050.0 850.0 0.04783
2150.0 850.0 0.13627
2250.0 850.0 0.22775
2350.0 850.0 0.28087
2450.0 850.0 0.26833
2550.0 850.0 0.18736
2650.0 850.0 0.06611
2750.0 850.0 -0.07654
2850.0 850.0 -0.23835
2950.0 850.0 -0.37181
3050.0 850.0 -0.42659
3150.0 850.0 -0.38238
3250.0 850.0 -0.25991
3350.0 850.0 -0.11002
3450.0 850.0 0.01903
3550.0 850.0 0.13068
3650.0 850.0 0.24848
3750.0 850.0 0.34722
3850.0 850.0 0.38829
3950.0 850.0 0.35062
4050.0 850.0 0.24459
4150.0 850.0 0.10908
4250.0 850.0 -0.00850
4350.0 850.0 -0.08895
4450.0 850.0 -0.14808
4550.0 850.0 -0.16087
4650.0 850.0 -0.11950
4750.0 850.0 -0.04047
4850.0 850.0 0.04607
4950.0 850.0 0.10729
5050.0 850.0 0.11910
5150.0 850.0 0.07806
5250.0 850.0 0.00857
5350.0 850.0 -0.10112
5450.0 850.0 -0.25296
5550.0 850.0 -0.39586
5650.0 850.0 -0.47389
5750.0 850.0 -0.45784
5850.0 850.0 -0.35696
5950.0 850.0 -0.21076
6050.0 850.0 -0.06091
6150.0 850.0 0.06858
6250.0 850.0 0.11826
6350.0 850.0 0.07040
50.0 950.0 -0.04370
150.0 950.0 -0.16011
250.0 950.0 -0.23171
350.0 950.0 -0.23413
450.0 950.0 -0.16925
550.0 950.0 -0.06336
650.0 950.0 0.04123
750.0 950.0 0.10111
850.0 950.0 0.09346
950.0 950.0 0.04334
1050.0 950.0 0.00856
1150.0 950.0 0.00963
1250.0 950.0 0.03835
1350.0 950.0 0.07336
1450.0 950.0 0.09161
1550.0 950.0 0.07676
1650.0 950.0 0.02451
1750.0 950.0 -0.05511
1850.0 950.0 -0.13329
1950.0 950.0 -0.15822
2050.0 950.0 -0.11553
2150.0 950.0 -0.02904
2250.0 950.0 0.06020
2350.0 950.0 0.11128
2450.0 950.0 0.09733
2550.0 950.0 0.01575
2650.0 950.0 -0.10556
2750.0 950.0 -0.24622
2850.0 950.0 -0.40067
2950.0 950.0 -0.52115
3050.0 950.0 -0.55952
3150.0 950.0 -0.49891
3250.0 950.0 -0.36344
3350.0 950.0 -0.20617
3450.0 950.0 -0.07515
3550.0 950.0 0.03749
3650.0 950.0 0.16722
3750.0 950.0 0.29544
3850.0 950.0 0.38075
3950.0 950.0 0.39352
4050.0 950.0 0.33349
4150.0 950.0 0.23035
4250.0 950.0 0.12750
4350.0 950.0 0.04885
4450.0 950.0 -0.01461
4550.0 950.0 -0.04588
4650.0 950.0 -0.03931
4750.0 950.0 -0.00614
4850.0 950.0 0.03271
4950.0 950.0 0.05430
5050.0 950.0 0.04163
5150.0 950.0 -0.00796
5250.0 950.0 -0.07792
5350.0 950.0 -0.18049
5450.0 950.0 -0.31140
5550.0 950.0 -0.42068
5650.0 950.0 -0.45857
5750.0 950.0 -0.40436
5850.0 950.0 -0.27511
5950.0 950.0 -0.11455
6050.0 950.0 0.03804
6150.0 950.0 0.16673
6250.0 950.0 0.21173
6350.0 950.0 0.15428
50.0 1050.0 -0.11535
150.0 1050.0 -0.22244
250.0 1050.0 -0.26930
350.0 1050.0 -0.22942
450.0 1050.0 -0.11164
550.0 1050.0 0.04680
650.0 1050.0 0.19301
750.0 1050.0 0.27699
850.0 1050.0 0.27602
950.0 1050.0 0.22326
1050.0 1050.0 0.17331
1150.0 1050.0 0.13391
1250.0 1050.0 0.09895
1350.0 1050.0 0.05915
1450.0 1050.0 0.00730
1550.0 1050.0 -0.05886
1650.0 1050.0 -0.13634
1750.0 1050.0 -0.21914
1850.0 1050.0 -0.29414
1950.0 1050.0 -0.31622
2050.0 1050.0 -0.27091
2150.0 1050.0 -0.18170
2250.0 1050.0 -0.08934
2350.0 1050.0 -0.03458
2450.0 1050.0 -0.04436
2550.0 1050.0 -0.12152
2650.0 1050.0 -0.23836
2750.0 1050.0 -0.37379
2850.0 1050.0 -0.52158
2950.0 1050.0 -0.63509
3050.0 1050.0 -0.66778
3150.0 1050.0 -0.60389
3250.0 1050.0 -0.46764
3350.0 1050.0 -0.31125
3450.0 1050.0 -0.18158
3550.0 1050.0 -0.06914
3650.0 1050.0 0.07107
3750.0 1050.0 0.22746
3850.0 1050.0 0.35672
3950.0 1050.0 0.42123
4050.0 1050.0 0.40999
4150.0 1050.0 0.34285
4250.0 1050.0 0.25824
4350.0 1050.0 0.18428
4450.0 1050.0 0.11923
4550.0 1050.0 0.07168
4650.0 1050.0 0.04404
4750.0 1050.0 0.02958
4850.0 1050.0 0.01678
4950.0 1050.0 -0.00640
5050.0 1050.0 -0.04838
5150.0 1050.0 -0.10983
5250.0 1050.0 -0.18243
5350.0 1050.0 -0.27786
5450.0 1050.0 -0.38349
5550.0 1050.0 -0.45028
5650.0 1050.0 -0.43626
5750.0 1050.0 -0.33179
5850.0 1050.0 -0.16459
5950.0 1050.0 0.01552
6050.0 1050.0 0.17206
6150.0 1050.0 0.30113
6250.0 1050.0 0.34640
6350.0 1050.0 0.28706
50.0 1150.0 -0.11684
150.0 1150.0 -0.20266
250.0 1150.0 -0.21536
350.0 1150.0 -0.13034
450.0 1150.0 0.03400
550.0 1150.0 0.23017
650.0 1150.0 0.39882
750.0 1150.0 0.48933
850.0 1150.0 0.48378
950.0 1150.0 0.42204
1050.0 1150.0 0.34966
1150.0 1150.0 0.26141
1250.0 1150.0 0.15606
1350.0 1150.0 0.03908
1450.0 1150.0 -0.07985
1550.0 1150.0 -0.19013
1650.0 1150.0 -0.28427
1750.0 1150.0 -0.36268
1850.0 1150.0 -0.42778
1950.0 1150.0 -0.44088
2050.0 1150.0 -0.38725
2150.0 1150.0 -0.28936
2250.0 1150.0 -0.18699
2350.0 1150.0 -0.12051
2450.0 1150.0 -0.11716
2550.0 1150.0 -0.18050
2650.0 1150.0 -0.28349
2750.0 1150.0 -0.40628
2850.0 1150.0 -0.54679
2950.0 1150.0 -0.66229
3050.0 1150.0 -0.70732
3150.0 1150.0 -0.66332
3250.0 1150.0 -0.54861
3350.0 1150.0 -0.40874
3450.0 1150.0 -0.28714
3550.0 1150.0 -0.17791
3650.0 1150.0 -0.03254
3750.0 1150.0 0.14413
3850.0 1150.0 0.30902
3950.0 1150.0 0.41909
4050.0 1150.0 0.45420
4150.0 1150.0 0.42449
4250.0 1150.0 0.36218
4350.0 1150.0 0.29790
4450.0 1150.0 0.23727
4550.0 1150.0 0.18179
4650.0 1150.0 0.12881
4750.0 1150.0 0.07318
4850.0 1150.0 0.01070
4950.0 1150.0 -0.05994
5050.0 1150.0 -0.13693
5150.0 1150.0 -0.21664
5250.0 1150.0 -0.29774
5350.0 1150.0 -0.38975
5450.0 1150.0 -0.46883
5550.0 1150.0 -0.48591
5650.0 1150.0 -0.40797
5750.0 1150.0 -0.23943
5850.0 1150.0 -0.02241
5950.0 1150.0 0.18412
6050.0 1150.0 0.34639
6150.0 1150.0 0.47849
6250.0 1150.0 0.53561
6350.0 1150.0 0.49305
50.0 1250.0 -0.05329
150.0 1250.0 -0.10709
250.0 1250.0 -0.08116
350.0 1250.0 0.04239
450.0 1250.0 0.23441
550.0 1250.0 0.44036
650.0 1250.0 0.60127
750.0 1250.0 0.67390
850.0 1250.0 0.65011
950.0 1250.0 0.57321
1050.0 1250.0 0.47514
1150.0 1250.0 0.34160
1250.0 1250.0 0.17867
1350.0 1250.0 0.00582
1450.0 1250.0 -0.15436
1550.0 1250.0 -0.28431
1650.0 1250.0 -0.37743
1750.0 1250.0 -0.44197
1850.0 1250.0 -0.49090
1950.0 1250.0 -0.49114
2050.0 1250.0 -0.42820
2150.0 1250.0 -0.32229
2250.0 1250.0 -0.21039
2350.0 1250.0 -0.13070
2450.0 1250.0 -0.10976
2550.0 1250.0 -0.15194
2650.0 1250.0 -0.23216
2750.0 1250.0 -0.33456
2850.0 1250.0 -0.46504
2950.0 1250.0 -0.58747
3050.0 1250.0 -0.65752
3150.0 1250.0 -0.65107
3250.0 1250.0 -0.57571
3350.0 1250.0 -0.46531
3450.0 1250.0 -0.35767
3550.0 1250.0 -0.25486
3650.0 1250.0 -0.11305
3750.0 1250.0 0.06750
3850.0 1250.0 0.24686
3950.0 1250.0 0.38151
4050.0 1250.0 0.44692
4150.0 1250.0 0.44632
4250.0 1250.0 0.40577
4350.0 1250.0 0.35538
4450.0 1250.0 0.30630
4550.0 1250.0 0.25682
4650.0 1250.0 0.19819
4750.0 1250.0 0.12227
4850.0 1250.0 0.02723
4950.0 1250.0 -0.08089
5050.0 1250.0 -0.19074
5150.0 1250.0 -0.29235
5250.0 1250.0 -0.38778
5350.0 1250.0 -0.48383
5450.0 1250.0 -0.54589
5550.0 1250.0 -0.52331
5650.0 1250.0 -0.39000
5750.0 1250.0 -0.16309
5850.0 1250.0 0.10112
5950.0 1250.0 0.33364
6050.0 1250.0 0.50201
6150.0 1250.0 0.63991
6250.0 1250.0 0.72130
6350.0 1250.0 0.71606
50.0 1350.0 0.04241
150.0 1350.0 0.02551
250.0 1350.0 0.08668
350.0 1350.0 0.23330
450.0 1350.0 0.42642
550.0 1350.0 0.60952
650.0 1350.0 0.73141
750.0 1350.0 0.76332
850.0 1350.0 0.71031
950.0 1350.0 0.61477
1050.0 1350.0 0.49395
1150.0 1350.0 0.33186
1250.0 1350.0 0.14292
1350.0 1350.0 -0.04421
1450.0 1350.0 -0.20245
1550.0 1350.0 -0.31643
1650.0 1350.0 -0.38692
1750.0 1350.0 -0.42962
1850.0 1350.0 -0.45927
1950.0 1350.0 -0.44711
2050.0 1350.0 -0.38002
2150.0 1350.0 -0.27465
2250.0 1350.0 -0.16248
2350.0 1350.0 -0.07673
2450.0 1350.0 -0.04110
2550.0 1350.0 -0.06032
2650.0 1350.0 -0.11306
2750.0 1350.0 -0.19008
2850.0 1350.0 -0.30631
2950.0 1350.0 -0.43361
3050.0 1350.0 -0.52963
3150.0 1350.0 -0.56441
3250.0 1350.0 -0.53339
3350.0 1350.0 -0.45684
3450.0 1350.0 -0.36564
3550.0 1350.0 -0.27142
3650.0 1350.0 -0.14248
3750.0 1350.0 0.02185
3850.0 1350.0 0.18740
3950.0 1350.0 0.31612
4050.0 1350.0 0.38565
4150.0 1350.0 0.39735
4250.0 1350.0 0.37263
4350.0 1350.0 0.33763
4450.0 1350.0 0.30563
4550.0 1350.0 0.27726
4650.0 1350.0 0.23787
4750.0 1350.0 0.17170
4850.0 1350.0 0.07276
4950.0 1350.0 -0.05143
5050.0 1350.0 -0.18324
5150.0 1350.0 -0.30553
5250.0 1350.0 -0.41864
5350.0 1350.0 -0.52775
5450.0 1350.0 -0.59168
5550.0 1350.0 -0.55655
5650.0 1350.0 -0.39813
5750.0 1350.0 -0.14012
5850.0 1350.0 0.15198
5950.0 1350.0 0.40124
6050.0 1350.0 0.57420
6150.0 1350.0 0.71970
6250.0 1350.0 0.83373
6350.0 1350.0 0.88027
50.0 1450.0 0.12635
150.0 1450.0 0.14369
250.0 1450.0 0.23038
350.0 1450.0 0.38179
450.0 1450.0 0.55199
550.0 1450.0 0.68735
650.0 1450.0 0.74959
750.0 1450.0 0.72807
850.0 1450.0 0.64153
950.0 1450.0 0.52782
1050.0 1450.0 0.39211
1150.0 1450.0 0.22469
1250.0 1450.0 0.04760
1350.0 1450.0 -0.10819
1450.0 1450.0 -0.22068
1550.0 1450.0 -0.28561
1650.0 1450.0 -0.31618
1750.0 1450.0 -0.33354
1850.0 1450.0 -0.34501
1950.0 1450.0 -0.32492
2050.0 1450.0 -0.26290
2150.0 1450.0 -0.17103
2250.0 1450.0 -0.07291
2350.0 1450.0 0.00609
2450.0 1450.0 0.04746
2550.0 1450.0 0.04699
2650.0 1450.0 0.02057
2750.0 1450.0 -0.03059
2850.0 1450.0 -0.12853
2950.0 1450.0 -0.25266
3050.0 1450.0 -0.36388
3150.0 1450.0 -0.42865
3250.0 1450.0 -0.43268
3350.0 1450.0 -0.38438
3450.0 1450.0 -0.30784
3550.0 1450.0 -0.22257
3650.0 1450.0 -0.11289
3750.0 1450.0 0.01907
3850.0 1450.0 0.14628
3950.0 1450.0 0.24077
4050.0 1450.0 0.28828
4150.0 1450.0 0.29352
4250.0 1450.0 0.27565
4350.0 1450.0 0.25438
4450.0 1450.0 0.24143
4550.0 1450.0 0.24468
4650.0 1450.0 0.24513
4750.0 1450.0 0.21634
4850.0 1450.0 0.14258
4950.0 1450.0 0.02676
5050.0 1450.0 -0.11170
5150.0 1450.0 -0.24919
5250.0 1450.0 -0.37969
5350.0 1450.0 -0.50901
5450.0 1450.0 -0.59567
5550.0 1450.0 -0.58146
5650.0 1450.0 -0.43783
5750.0 1450.0 -0.18665
5850.0 1450.0 0.10513
5950.0 1450.0 0.35684
6050.0 1450.0 0.53162
6150.0 1450.0 0.68487
6250.0 1450.0 0.83284
6350.0 1450.0 0.93429
50.0 1550.0 0.15900
150.0 1550.0 0.20142
250.0 1550.0 0.30151
350.0 1550.0 0.44424
450.0 1550.0 0.58004
550.0 1550.0 0.66094
650.0 1550.0 0.66227
750.0 1550.0 0.59010
850.0 1550.0 0.47430
950.0 1550.0 0.34667
1050.0 1550.0 0.20564
1150.0 1550.0 0.05302
1250.0 1550.0 -0.08375
1350.0 1550.0 -0.17748
1450.0 1550.0 -0.21799
1550.0 1550.0 -0.21714
1650.0 1550.0 -0.20201
1750.0 1550.0 -0.19651
1850.0 1550.0 -0.19472
1950.0 1550.0 -0.17337
2050.0 1550.0 -0.12588
2150.0 1550.0 -0.05956
2250.0 1550.0 0.01103
2350.0 1550.0 0.07006
2450.0 1550.0 0.10584
2550.0 1550.0 0.11553
2650.0 1550.0 0.10886
2750.0 1550.0 0.07923
2850.0 1550.0 0.00179
2950.0 1550.0 -0.10842
3050.0 1550.0 -0.21671
3150.0 1550.0 -0.28979
3250.0 1550.0 -0.30899
3350.0 1550.0 -0.27562
3450.0 1550.0 -0.20840
3550.0 1550.0 -0.13043
3650.0 1550.0 -0.04080
3750.0 1550.0 0.05336
3850.0 1550.0 0.13168
3950.0 1550.0 0.17763
4050.0 1550.0 0.18789
4150.0 1550.0 0.17374
4250.0 1550.0 0.15445
4350.0 1550.0 0.14273
4450.0 1550.0 0.14630
4550.0 1550.0 0.18273
4650.0 1550.0 0.23070
4750.0 1550.0 0.25301
4850.0 1550.0 0.22186
4950.0 1550.0 0.13176
5050.0 1550.0 0.00000
5150.0 1550.0 -0.14518
5250.0 1550.0 -0.28922
5350.0 1550.0 -0.44103
5450.0 1550.0 -0.56457
5550.0 1550.0 -0.59725
5650.0 1550.0 -0.50150
5750.0 1550.0 -0.29012
5850.0 1550.0 -0.02415
5950.0 1550.0 0.21656
6050.0 1550.0 0.39028
6150.0 1550.0 0.54973
6250.0 1550.0 0.72525
6350.0 1550.0 0.87198
50.0 1650.0 0.11941
150.0 1650.0 0.17458
250.0 1650.0 0.27800
350.0 1650.0 0.40832
450.0 1650.0 0.51512
550.0 1650.0 0.55556
650.0 1650.0 0.51466
750.0 1650.0 0.40923
850.0 1650.0 0.27548
950.0 1650.0 0.14042
1050.0 1650.0 0.00185
1150.0 1650.0 -0.12637
1250.0 1650.0 -0.21422
1350.0 1650.0 -0.24141
1450.0 1650.0 -0.21106
1550.0 1650.0 -0.15026
1650.0 1650.0 -0.09743
1750.0 1650.0 -0.07663
1850.0 1650.0 -0.06850
1950.0 1650.0 -0.05237
2050.0 1650.0 -0.02566
2150.0 1650.0 0.00842
2250.0 1650.0 0.04381
2350.0 1650.0 0.07409
2450.0 1650.0 0.09471
2550.0 1650.0 0.10477
2650.0 1650.0 0.10818
2750.0 1650.0 0.09254
2850.0 1650.0 0.03514
2950.0 1650.0 -0.05162
3050.0 1650.0 -0.13807
3150.0 1650.0 -0.19526
3250.0 1650.0 -0.20640
3350.0 1650.0 -0.17172
3450.0 1650.0 -0.10688
3550.0 1650.0 -0.03316
3650.0 1650.0 0.04158
3750.0 1650.0 0.10528
3850.0 1650.0 0.14209
3950.0 1650.0 0.14455
4050.0 1650.0 0.11887
4150.0 1650.0 0.08303
4250.0 1650.0 0.05776
4350.0 1650.0 0.05042
4450.0 1650.0 0.06445
4550.0 1650.0 0.12600
4650.0 1650.0 0.21336
4750.0 1650.0 0.28142
4850.0 1650.0 0.29217
4950.0 1650.0 0.23163
5050.0 1650.0 0.11312
5150.0 1650.0 -0.03299
5250.0 1650.0 -0.18455
5350.0 1650.0 -0.35537
5450.0 1650.0 -0.51805
5550.0 1650.0 -0.60652
5650.0 1650.0 -0.57271
5750.0 1650.0 -0.41696
5850.0 1650.0 -0.19020
5950.0 1650.0 0.03182
6050.0 1650.0 0.20254
6150.0 1650.0 0.36548
6250.0 1650.0 0.55678
6350.0 1650.0 0.72985
50.0 1750.0 0.01811
150.0 1750.0 0.07576
250.0 1750.0 0.17739
350.0 1750.0 0.29969
450.0 1750.0 0.39276
550.0 1750.0 0.41637
650.0 1750.0 0.35934
750.0 1750.0 0.24216
850.0 1750.0 0.10275
950.0 1750.0 -0.03393
1050.0 1750.0 -0.16623
1150.0 1750.0 -0.27111
1250.0 1750.0 -0.31833
1350.0 1750.0 -0.29441
1450.0 1750.0 -0.21301
1550.0 1750.0 -0.11183
1650.0 1750.0 -0.03609
1750.0 1750.0 -0.00848
1850.0 1750.0 0.00004
1950.0 1750.0 0.00692
2050.0 1750.0 0.01103
2150.0 1750.0 0.01224
2250.0 1750.0 0.01146
2350.0 1750.0 0.01036
2450.0 1750.0 0.01081
2550.0 1750.0 0.01400
2650.0 1750.0 0.01909
2750.0 1750.0 0.01026
2850.0 1750.0 -0.02927
2950.0 1750.0 -0.08721
3050.0 1750.0 -0.13897
3150.0 1750.0 -0.16274
3250.0 1750.0 -0.14832
3350.0 1750.0 -0.09974
3450.0 1750.0 -0.03161
3550.0 1750.0 0.04083
3650.0 1750.0 0.10817
3750.0 1750.0 0.15512
3850.0 1750.0 0.16775
3950.0 1750.0 0.14352
4050.0 1750.0 0.09431
4150.0 1750.0 0.04270
4250.0 1750.0 0.01108
4350.0 1750.0 0.00404
4450.0 1750.0 0.02210
4550.0 1750.0 0.09680
4650.0 1750.0 0.20720
4750.0 1750.0 0.30424
4850.0 1750.0 0.34378
4950.0 1750.0 0.30587
5050.0 1750.0 0.20008
5150.0 1750.0 0.05698
5250.0 1750.0 -0.09665
5350.0 1750.0 -0.28023
5450.0 1750.0 -0.47519
5550.0 1750.0 -0.61332
5650.0 1750.0 -0.63736
5750.0 1750.0 -0.53561
5850.0 1750.0 -0.34835
5950.0 1750.0 -0.14598
6050.0 1750.0 0.02111
6150.0 1750.0 0.18498
6250.0 1750.0 0.38062
6350.0 1750.0 0.56121
50.0 1850.0 -0.10654
150.0 1850.0 -0.04873
250.0 1850.0 0.05108
350.0 1850.0 0.16929
450.0 1850.0 0.25689
550.0 1850.0 0.27506
650.0 1850.0 0.21398
750.0 1850.0 0.09499
850.0 1850.0 -0.04397
950.0 1850.0 -0.17883
1050.0 1850.0 -0.30243
1150.0 1850.0 -0.38413
1250.0 1850.0 -0.39471
1350.0 1850.0 -0.32746
1450.0 1850.0 -0.20510
1550.0 1850.0 -0.07352
1650.0 1850.0 0.01772
1750.0 1850.0 0.04808
1850.0 1850.0 0.05425
1950.0 1850.0 0.04995
2050.0 1850.0 0.03077
2150.0 1850.0 -0.00055
2250.0 1850.0 -0.03668
2350.0 1850.0 -0.06862
2450.0 1850.0 -0.08872
2550.0 1850.0 -0.09400
2650.0 1850.0 -0.08964
2750.0 1850.0 -0.09374
2850.0 1850.0 -0.11615
2950.0 1850.0 -0.14430
3050.0 1850.0 -0.15889
3150.0 1850.0 -0.14604
3250.0 1850.0 -0.10321
3350.0 1850.0 -0.03920
3450.0 1850.0 0.03211
3550.0 1850.0 0.10263
3650.0 1850.0 0.16350
3750.0 1850.0 0.19704
3850.0 1850.0 0.19065
3950.0 1850.0 0.14535
4050.0 1850.0 0.07727
4150.0 1850.0 0.01244
4250.0 1850.0 -0.02539
4350.0 1850.0 -0.03366
4450.0 1850.0 -0.01410
4550.0 1850.0 0.06897
4650.0 1850.0 0.19592
4750.0 1850.0 0.31533
4850.0 1850.0 0.37861
4950.0 1850.0 0.36087
5050.0 1850.0 0.26795
5150.0 1850.0 0.12976
5250.0 1850.0 -0.02339
5350.0 1850.0 -0.21588
5450.0 1850.0 -0.43750
5550.0 1850.0 -0.61912
5650.0 1850.0 -0.69580
5750.0 1850.0 -0.64497
5850.0 1850.0 -0.49655
5950.0 1850.0 -0.31499
6050.0 1850.0 -0.15346
6150.0 1850.0 0.00850
6250.0 1850.0 0.20249
6350.0 1850.0 0.38238
50.0 1950.0 -0.25079
150.0 1950.0 -0.18892
250.0 1950.0 -0.08656
350.0 1950.0 0.03382
450.0 1950.0 0.12529
550.0 1950.0 0.15051
650.0 1950.0 0.09981
750.0 1950.0 -0.00661
850.0 1950.0 -0.13256
950.0 1950.0 -0.25455
1050.0 1950.0 -0.35799
1150.0 1950.0 -0.40621
1250.0 1950.0 -0.37473
1350.0 1950.0 -0.26613
1450.0 1950.0 -0.11190
1550.0 1950.0 0.03718
1650.0 1950.0 0.13188
1750.0 1950.0 0.15677
1850.0 1950.0 0.15413
1950.0 1950.0 0.13305
2050.0 1950.0 0.08732
2150.0 1950.0 0.02369
2250.0 1950.0 -0.04420
2350.0 1950.0 -0.10145
2450.0 1950.0 -0.13693
2550.0 1950.0 -0.14783
2650.0 1950.0 -0.14356
2750.0 1950.0 -0.14216
2850.0 1950.0 -0.14674
2950.0 1950.0 -0.14656
3050.0 1950.0 -0.12950
3150.0 1950.0 -0.08991
3250.0 1950.0 -0.03148
3350.0 1950.0 0.03488
3450.0 1950.0 0.09812
3550.0 1950.0 0.15653
3650.0 1950.0 0.20012
3750.0 1950.0 0.20952
3850.0 1950.0 0.17517
3950.0 1950.0 0.10283
4050.0 1950.0 0.01286
4150.0 1950.0 -0.06650
4250.0 1950.0 -0.11193
4350.0 1950.0 -0.12381
4450.0 1950.0 -0.10577
4550.0 1950.0 -0.01778
4650.0 1950.0 0.12337
4750.0 1950.0 0.26565
4850.0 1950.0 0.35672
4950.0 1950.0 0.36593
5050.0 1950.0 0.29354
5150.0 1950.0 0.16696
5250.0 1950.0 0.02026
5350.0 1950.0 -0.17112
5450.0 1950.0 -0.40439
5550.0 1950.0 -0.61390
5650.0 1950.0 -0.73248
5750.0 1950.0 -0.73003
5850.0 1950.0 -0.62611
5950.0 1950.0 -0.47634
6050.0 1950.0 -0.33287
6150.0 1950.0 -0.18609
6250.0 1950.0 -0.00915
6350.0 1950.0 0.15579
50.0 2050.0 -0.38424
150.0 2050.0 -0.31331
250.0 2050.0 -0.20481
350.0 2050.0 -0.07860
450.0 2050.0 0.02280
550.0 2050.0 0.06506
650.0 2050.0 0.03857
750.0 2050.0 -0.03927
850.0 2050.0 -0.13614
950.0 2050.0 -0.22999
1050.0 2050.0 -0.29865
1150.0 2050.0 -0.30331
1250.0 2050.0 -0.22929
1350.0 2050.0 -0.09080
1450.0 2050.0 0.07421
1550.0 2050.0 0.21632
1650.0 2050.0 0.29421
1750.0 2050.0 0.30140
1850.0 2050.0 0.28123
1950.0 2050.0 0.23778
2050.0 2050.0 0.16601
2150.0 2050.0 0.07761
2250.0 2050.0 -0.00907
2350.0 2050.0 -0.07690
2450.0 2050.0 -0.11580
2550.0 2050.0 -0.12634
2650.0 2050.0 -0.12110
2750.0 2050.0 -0.11346
2850.0 2050.0 -0.10051
2950.0 2050.0 -0.07638
3050.0 2050.0 -0.03835
3150.0 2050.0 0.01114
3250.0 2050.0 0.06490
3350.0 2050.0 0.11397
3450.0 2050.0 0.15302
3550.0 2050.0 0.18533
3650.0 2050.0 0.19892
3750.0 2050.0 0.17519
3850.0 2050.0 0.10938
3950.0 2050.0 0.01190
4050.0 2050.0 -0.09483
4150.0 2050.0 -0.18393
4250.0 2050.0 -0.23581
4350.0 2050.0 -0.25421
4450.0 2050.0 -0.24252
4550.0 2050.0 -0.15729
4650.0 2050.0 -0.01062
4750.0 2050.0 0.14811
4850.0 2050.0 0.26517
4950.0 2050.0 0.30467
5050.0 2050.0 0.25976
5150.0 2050.0 0.15289
5250.0 2050.0 0.02106
5350.0 2050.0 -0.15339
5450.0 2050.0 -0.37222
5550.0 2050.0 -0.57975
5650.0 2050.0 -0.71560
5750.0 2050.0 -0.74889
5850.0 2050.0 -0.69067
5950.0 2050.0 -0.58464
6050.0 2050.0 -0.47603
6150.0 2050.0 -0.36290
6250.0 2050.0 -0.22425
6350.0 2050.0 -0.09351
50.0 2150.0 -0.45815
150.0 2150.0 -0.37484
250.0 2150.0 -0.26079
350.0 2150.0 -0.13272
450.0 2150.0 -0.02595
550.0 2150.0 0.03124
650.0 2150.0 0.03133
750.0 2150.0 -0.01079
850.0 2150.0 -0.06805
950.0 2150.0 -0.12198
1050.0 2150.0 -0.14630
1150.0 2150.0 -0.10530
1250.0 2150.0 0.00203
1350.0 2150.0 0.14980
1450.0 2150.0 0.29775
1550.0 2150.0 0.40509
1650.0 2150.0 0.44567
1750.0 2150.0 0.42450
1850.0 2150.0 0.38039
1950.0 2150.0 0.31329
2050.0 2150.0 0.22266
2150.0 2150.0 0.12504
2250.0 2150.0 0.04039
2350.0 2150.0 -0.01708
2450.0 2150.0 -0.04371
2550.0 2150.0 -0.04659
2650.0 2150.0 -0.03925
2750.0 2150.0 -0.02530
2850.0 2150.0 0.00317
2950.0 2150.0 0.04467
3050.0 2150.0 0.09135
3150.0 2150.0 0.13360
3250.0 2150.0 0.16368
3350.0 2150.0 0.17825
3450.0 2150.0 0.18000
3550.0 2150.0 0.17555
3650.0 2150.0 0.15250
3750.0 2150.0 0.09663
3850.0 2150.0 0.00867
3950.0 2150.0 -0.09868
4050.0 2150.0 -0.20557
4150.0 2150.0 -0.29176
4250.0 2150.0 -0.34509
4350.0 2150.0 -0.37170
4450.0 2150.0 -0.37099
4550.0 2150.0 -0.29838
4650.0 2150.0 -0.16024
4750.0 2150.0 0.00027
4850.0 2150.0 0.13195
4950.0 2150.0 0.19610
5050.0 2150.0 0.17906
5150.0 2150.0 0.09657
5250.0 2150.0 -0.01376
5350.0 2150.0 -0.15644
5450.0 2150.0 -0.33351
5550.0 2150.0 -0.50478
5650.0 2150.0 -0.62576
5750.0 2150.0 -0.67270
5850.0 2150.0 -0.65211
5950.0 2150.0 -0.59462
6050.0 2150.0 -0.53315
6150.0 2150.0 -0.46804
6250.0 2150.0 -0.38386
6350.0 2150.0 -0.30156
50.0 2250.0 -0.44283
150.0 2250.0 -0.34684
250.0 2250.0 -0.23197
350.0 2250.0 -0.11260
450.0 2250.0 -0.01459
550.0 2250.0 0.04345
650.0 2250.0 0.05953
750.0 2250.0 0.04828
850.0 2250.0 0.03156
950.0 2250.0 0.02131
1050.0 2250.0 0.04211
1150.0 2250.0 0.12169
1250.0 2250.0 0.24627
1350.0 2250.0 0.38052
1450.0 2250.0 0.48662
1550.0 2250.0 0.53799
1650.0 2250.0 0.52800
1750.0 2250.0 0.47338
1850.0 2250.0 0.40368
1950.0 2250.0 0.31662
2050.0 2250.0 0.21871
2150.0 2250.0 0.13023
2250.0 2250.0 0.06910
2350.0 2250.0 0.04183
2450.0 2250.0 0.04139
2550.0 2250.0 0.05223
2650.0 2250.0 0.06239
2750.0 2250.0 0.08205
2850.0 2250.0 0.12296
2950.0 2250.0 0.17536
3050.0 2250.0 0.22110
3150.0 2250.0 0.24488
3250.0 2250.0 0.24049
3350.0 2250.0 0.21224
3450.0 2250.0 0.17151
3550.0 2250.0 0.12704
3650.0 2250.0 0.06948
3750.0 2250.0 -0.00734
3850.0 2250.0 -0.09801
3950.0 2250.0 -0.19144
4050.0 2250.0 -0.27585
4150.0 2250.0 -0.34282
4250.0 2250.0 -0.39035
4350.0 2250.0 -0.42497
4450.0 2250.0 -0.43795
4550.0 2250.0 -0.38649
4650.0 2250.0 -0.27154
4750.0 2250.0 -0.12721
4850.0 2250.0 0.00174
4950.0 2250.0 0.07749
5050.0 2250.0 0.08164
5150.0 2250.0 0.02287
5250.0 2250.0 -0.06359
5350.0 2250.0 -0.16606
5450.0 2250.0 -0.28275
5550.0 2250.0 -0.39137
5650.0 2250.0 -0.46908
5750.0 2250.0 -0.50568
5850.0 2250.0 -0.50780
5950.0 2250.0 -0.49436
6050.0 2250.0 -0.48307
6150.0 2250.0 -0.47080
6250.0 2250.0 -0.44608
6350.0 2250.0 -0.41594
50.0 2350.0 -0.34505
150.0 2350.0 -0.23910
250.0 2350.0 -0.13032
350.0 2350.0 -0.03238
450.0 2350.0 0.03913
550.0 2350.0 0.07792
650.0 2350.0 0.09107
750.0 2350.0 0.09617
850.0 2350.0 0.11120
950.0 2350.0 0.13915
1050.0 2350.0 0.19699
1150.0 2350.0 0.30201
1250.0 2350.0 0.42753
1350.0 2350.0 0.53245
1450.0 2350.0 0.58471
1550.0 2350.0 0.57378
1650.0 2350.0 0.51224
1750.0 2350.0 0.42652
1850.0 2350.0 0.33485
1950.0 2350.0 0.23487
2050.0 2350.0 0.14092
2150.0 2350.0 0.07533
2250.0 2350.0 0.05132
2350.0 2350.0 0.06513
2450.0 2350.0 0.09753
2550.0 2350.0 0.12454
2650.0 2350.0 0.13759
2750.0 2350.0 0.16189
2850.0 2350.0 0.21235
2950.0 2350.0 0.27185
3050.0 2350.0 0.31358
3150.0 2350.0 0.31785
3250.0 2350.0 0.28048
3350.0 2350.0 0.21298
3450.0 2350.0 0.13435
3550.0 2350.0 0.05509
3650.0 2350.0 -0.02718
3750.0 2350.0 -0.10836
3850.0 2350.0 -0.18023
3950.0 2350.0 -0.23717
4050.0 2350.0 -0.27962
4150.0 2350.0 -0.31398
4250.0 2350.0 -0.34919
4350.0 2350.0 -0.38982
4450.0 2350.0 -0.41629
4550.0 2350.0 -0.38988
4650.0 2350.0 -0.30746
4750.0 2350.0 -0.19335
4850.0 2350.0 -0.08333
4950.0 2350.0 -0.01105
5050.0 2350.0 0.00346
5150.0 2350.0 -0.03717
5250.0 2350.0 -0.10247
5350.0 2350.0 -0.16590
5450.0 2350.0 -0.21943
5550.0 2350.0 -0.25710
5650.0 2350.0 -0.27812
5750.0 2350.0 -0.28809
5850.0 2350.0 -0.29732
5950.0 2350.0 -0.31623
6050.0 2350.0 -0.34797
6150.0 2350.0 -0.38220
6250.0 2350.0 -0.40907
6350.0 2350.0 -0.42318
50.0 2450.0 -0.20530
150.0 2450.0 -0.09413
250.0 2450.0 0.00222
350.0 2450.0 0.06891
450.0 2450.0 0.09962
550.0 2450.0 0.10098
650.0 2450.0 0.09135
750.0 2450.0 0.09416
850.0 2450.0 0.12564
950.0 2450.0 0.17896
1050.0 2450.0 0.25989
1150.0 2450.0 0.37624
1250.0 2450.0 0.49276
1350.0 2450.0 0.56618
1450.0 2450.0 0.57079
1550.0 2450.0 0.50916
1650.0 2450.0 0.40822
1750.0 2450.0 0.30047
1850.0 2450.0 0.19447
1950.0 2450.0 0.08922
2050.0 2450.0 0.00555
2150.0 2450.0 -0.03373
2250.0 2450.0 -0.02074
2350.0 2450.0 0.03134
2450.0 2450.0 0.09299
2550.0 2450.0 0.13387
2650.0 2450.0 0.14918
2750.0 2450.0 0.17704
2850.0 2450.0 0.23553
2950.0 2450.0 0.30263
3050.0 2450.0 0.34524
3150.0 2450.0 0.33995
3250.0 2450.0 0.28322
3350.0 2450.0 0.19092
3450.0 2450.0 0.08720
3550.0 2450.0 -0.01497
3650.0 2450.0 -0.10816
3750.0 2450.0 -0.17824
3850.0 2450.0 -0.21637
3950.0 2450.0 -0.22468
4050.0 2450.0 -0.21688
4150.0 2450.0 -0.21373
4250.0 2450.0 -0.23345
4350.0 2450.0 -0.27713
4450.0 2450.0 -0.31392
4550.0 2450.0 -0.31002
4650.0 2450.0 -0.26022
4750.0 2450.0 -0.18058
4850.0 2450.0 -0.09798
4950.0 2450.0 -0.04014
5050.0 2450.0 -0.02607
5150.0 2450.0 -0.05693
5250.0 2450.0 -0.10795
5350.0 2450.0 -0.14296
5450.0 2450.0 -0.14808
5550.0 2450.0 -0.12868
5650.0 2450.0 -0.10053
5750.0 2450.0 -0.08219
5850.0 2450.0 -0.08852
5950.0 2450.0 -0.12537
6050.0 2450.0 -0.18537
6150.0 2450.0 -0.25072
6250.0 2450.0 -0.31122
6350.0 2450.0 -0.35279
50.0 2550.0 -0.07497
150.0 2550.0 0.03642
250.0 2550.0 0.11668
350.0 2550.0 0.14830
450.0 2550.0 0.13192
550.0 2550.0 0.08563
650.0 2550.0 0.03922
750.0 2550.0 0.02363
850.0 2550.0 0.05551
950.0 2550.0 0.11897
1050.0 2550.0 0.20838
1150.0 2550.0 0.32586
1250.0 2550.0 0.43267
1350.0 2550.0 0.48569
1450.0 2550.0 0.46336
1550.0 2550.0 0.37519
1650.0 2550.0 0.25493
1750.0 2550.0 0.13732
1850.0 2550.0 0.02567
1950.0 2550.0 -0.07921
2050.0 2550.0 -0.15293
2150.0 2550.0 -0.17315
2250.0 2550.0 -0.13580
2350.0 2550.0 -0.05988
2450.0 2550.0 0.01927
2550.0 2550.0 0.06815
2650.0 2550.0 0.08463
2750.0 2550.0 0.11532
2850.0 2550.0 0.18210
2950.0 2550.0 0.26109
3050.0 2550.0 0.31512
3150.0 2550.0 0.31693
3250.0 2550.0 0.26095
3350.0 2550.0 0.16336
3450.0 2550.0 0.05062
3550.0 2550.0 -0.06051
3650.0 2550.0 -0.15188
3750.0 2550.0 -0.20169
3850.0 2550.0 -0.20225
3950.0 2550.0 -0.16347
4050.0 2550.0 -0.11022
4150.0 2550.0 -0.07409
4250.0 2550.0 -0.07936
4350.0 2550.0 -0.12316
4450.0 2550.0 -0.16548
4550.0 2550.0 -0.17653
4650.0 2550.0 -0.15091
4750.0 2550.0 -0.09959
4850.0 2550.0 -0.04288
4950.0 2550.0 -0.00302
5050.0 2550.0 0.00355
5150.0 2550.0 -0.02566
5250.0 2550.0 -0.07077
5350.0 2550.0 -0.09307
5450.0 2550.0 -0.07561
5550.0 2550.0 -0.02862
5650.0 2550.0 0.02452
5750.0 2550.0 0.05889
5850.0 2550.0 0.05689
5950.0 2550.0 0.01414
6050.0 2550.0 -0.05735
6150.0 2550.0 -0.13543
6250.0 2550.0 -0.20840
6350.0 2550.0 -0.25820
50.0 2650.0 0.02648
150.0 2650.0 0.13512
250.0 2650.0 0.19844
350.0 2650.0 0.19557
450.0 2650.0 0.13223
550.0 2650.0 0.03614
650.0 2650.0 -0.05228
750.0 2650.0 -0.09421
850.0 2650.0 -0.07134
950.0 2650.0 -0.00746
1050.0 2650.0 0.08184
1150.0 2650.0 0.19640
1250.0 2650.0 0.29721
1350.0 2650.0 0.34209
1450.0 2650.0 0.31118
1550.0 2650.0 0.21589
1650.0 2650.0 0.09136
1750.0 2650.0 -0.02771
1850.0 2650.0 -0.13950
1950.0 2650.0 -0.24164
2050.0 2650.0 -0.30852
2150.0 2650.0 -0.31855
2250.0 2650.0 -0.26969
2350.0 2650.0 -0.18340
2450.0 2650.0 -0.09713
2550.0 2650.0 -0.04522
2650.0 2650.0 -0.02838
2750.0 2650.0 0.00485
2850.0 2650.0 0.08083
2950.0 2650.0 0.17584
3050.0 2650.0 0.24980
3150.0 2650.0 0.27122
3250.0 2650.0 0.23041
3350.0 2650.0 0.14100
3450.0 2650.0 0.02987
3550.0 2650.0 -0.08127
3650.0 2650.0 -0.16403
3750.0 2650.0 -0.19122
3850.0 2650.0 -0.15723
3950.0 2650.0 -0.07861
4050.0 2650.0 0.01123
4150.0 2650.0 0.07328
4250.0 2650.0 0.07988
4350.0 2650.0 0.03752
4450.0 2650.0 -0.00690
4550.0 2650.0 -0.02636
4650.0 2650.0 -0.01623
4750.0 2650.0 0.01503
4850.0 2650.0 0.05130
4950.0 2650.0 0.07460
5050.0 2650.0 0.07141
5150.0 2650.0 0.03938
5250.0 2650.0 -0.00524
5350.0 2650.0 -0.02606
5450.0 2650.0 -0.00576
5550.0 2650.0 0.04489
5650.0 2650.0 0.10160
5750.0 2650.0 0.13859
5850.0 2650.0 0.13779
5950.0 2650.0 0.09483
6050.0 2650.0 0.02229
6150.0 2650.0 -0.05668
6250.0 2650.0 -0.12867
6350.0 2650.0 -0.17476
50.0 2750.0 0.13824
150.0 2750.0 0.24351
250.0 2750.0 0.28881
350.0 2750.0 0.25002
450.0 2750.0 0.13824
550.0 2750.0 -0.00878
650.0 2750.0 -0.13982
750.0 2750.0 -0.20813
850.0 2750.0 -0.19399
950.0 2750.0 -0.12934
1050.0 2750.0 -0.04243
1150.0 2750.0 0.06221
1250.0 2750.0 0.14699
1350.0 2750.0 0.17397
1450.0 2750.0 0.12809
1550.0 2750.0 0.02442
1650.0 2750.0 -0.10068
1750.0 2750.0 -0.21433
1850.0 2750.0 -0.31827
1950.0 2750.0 -0.40779
2050.0 2750.0 -0.45671
2150.0 2750.0 -0.44636
2250.0 2750.0 -0.37867
2350.0 2750.0 -0.27834
2450.0 2750.0 -0.18423
2550.0 2750.0 -0.12984
2650.0 2750.0 -0.11318
2750.0 2750.0 -0.07918
2850.0 2750.0 0.00164
2950.0 2750.0 0.10718
3050.0 2750.0 0.19700
3150.0 2750.0 0.23727
3250.0 2750.0 0.21470
3350.0 2750.0 0.13952
3450.0 2750.0 0.03731
3550.0 2750.0 -0.06645
3650.0 2750.0 -0.13417
3750.0 2750.0 -0.13553
3850.0 2750.0 -0.06871
3950.0 2750.0 0.04289
4050.0 2750.0 0.15924
4150.0 2750.0 0.23717
4250.0 2750.0 0.24871
4350.0 2750.0 0.20449
4450.0 2750.0 0.15525
4550.0 2750.0 0.12432
4650.0 2750.0 0.11610
4750.0 2750.0 0.12529
4850.0 2750.0 0.14027
4950.0 2750.0 0.14722
5050.0 2750.0 0.13496
5150.0 2750.0 0.10065
5250.0 2750.0 0.05674
5350.0 2750.0 0.03652
5450.0 2750.0 0.05708
5550.0 2750.0 0.10784
5650.0 2750.0 0.16476
5750.0 2750.0 0.20231
5850.0 2750.0 0.20246
5950.0 2750.0 0.16081
6050.0 2750.0 0.08975
6150.0 2750.0 0.01229
6250.0 2750.0 -0.05812
6350.0 2750.0 -0.10217
50.0 2850.0 0.26776
150.0 2850.0 0.36921
250.0 2850.0 0.39607
350.0 2850.0 0.32181
450.0 2850.0 0.16377
550.0 2850.0 -0.03001
650.0 2850.0 -0.19808
750.0 2850.0 -0.28694
850.0 2850.0 -0.27646
950.0 2850.0 -0.20709
1050.0 2850.0 -0.12543
1150.0 2850.0 -0.04632
1250.0 2850.0 -0.00234
1350.0 2850.0 -0.01907
1450.0 2850.0 -0.09847
1550.0 2850.0 -0.21650
1650.0 2850.0 -0.33475
1750.0 2850.0 -0.42636
1850.0 2850.0 -0.50267
1950.0 2850.0 -0.55569
2050.0 2850.0 -0.56058
2150.0 2850.0 -0.50685
2250.0 2850.0 -0.40480
2350.0 2850.0 -0.28366
2450.0 2850.0 -0.18145
2550.0 2850.0 -0.12665
2650.0 2850.0 -0.11159
2750.0 2850.0 -0.08188
2850.0 2850.0 -0.00952
2950.0 2850.0 0.08850
3050.0 2850.0 0.17804
3150.0 2850.0 0.22881
3250.0 2850.0 0.22661
3350.0 2850.0 0.17694
3450.0 2850.0 0.10006
3550.0 2850.0 0.02110
3650.0 2850.0 -0.01648
3750.0 2850.0 0.01528
3850.0 2850.0 0.10980
3950.0 2850.0 0.23647
4050.0 2850.0 0.35321
4150.0 2850.0 0.42080
4250.0 2850.0 0.41877
4350.0 2850.0 0.36318
4450.0 2850.0 0.30092
4550.0 2850.0 0.24973
4650.0 2850.0 0.21559
4750.0 2850.0 0.19850
4850.0 2850.0 0.19222
4950.0 2850.0 0.18620
5050.0 2850.0 0.16941
5150.0 2850.0 0.13629
5250.0 2850.0 0.09535
5350.0 2850.0 0.07680
5450.0 2850.0 0.09690
5550.0 2850.0 0.14581
5650.0 2850.0 0.20089
5750.0 2850.0 0.23794
5850.0 2850.0 0.23978
5950.0 2850.0 0.20201
6050.0 2850.0 0.13625
6150.0 2850.0 0.06322
6250.0 2850.0 -0.00784
6350.0 2850.0 -0.05784
50.0 2950.0 0.37557
150.0 2950.0 0.47352
250.0 2950.0 0.48589
350.0 2950.0 0.38554
450.0 2950.0 0.19568
550.0 2950.0 -0.02755
650.0 2950.0 -0.21577
750.0 2950.0 -0.31197
850.0 2950.0 -0.29726
950.0 2950.0 -0.21878
1050.0 2950.0 -0.14386
1150.0 2950.0 -0.10197
1250.0 2950.0 -0.11701
1350.0 2950.0 -0.19502
1450.0 2950.0 -0.31820
1550.0 2950.0 -0.44975
1650.0 2950.0 -0.54960
1750.0 2950.0 -0.60080
1850.0 2950.0 -0.62930
1950.0 2950.0 -0.62528
2050.0 2950.0 -0.56885
2150.0 2950.0 -0.46199
2250.0 2950.0 -0.32515
2350.0 2950.0 -0.19009
2450.0 2950.0 -0.08900
2550.0 2950.0 -0.03987
2650.0 2950.0 -0.02832
2750.0 2950.0 -0.00866
2850.0 2950.0 0.03961
2950.0 2950.0 0.10815
3050.0 2950.0 0.17672
3150.0 2950.0 0.22550
3250.0 2950.0 0.24289
3350.0 2950.0 0.22889
3450.0 2950.0 0.19412
3550.0 2950.0 0.15816
3650.0 2950.0 0.16556
3750.0 2950.0 0.23554
3850.0 2950.0 0.34857
3950.0 2950.0 0.46710
4050.0 2950.0 0.55280
4150.0 2950.0 0.57967
4250.0 2950.0 0.54332
4350.0 2950.0 0.46615
4450.0 2950.0 0.38298
4550.0 2950.0 0.30543
4650.0 2950.0 0.24343
4750.0 2950.0 0.20354
4850.0 2950.0 0.18424
4950.0 2950.0 0.17559
5050.0 2950.0 0.16319
5150.0 2950.0 0.13632
5250.0 2950.0 0.10074
5350.0 2950.0 0.08488
5450.0 2950.0 0.10340
5550.0 2950.0 0.14780
5650.0 2950.0 0.19816
5750.0 2950.0 0.23297
5850.0 2950.0 0.23676
5950.0 2950.0 0.20534
6050.0 2950.0 0.14884
6150.0 2950.0 0.08335
6250.0 2950.0 0.00939
6350.0 2950.0 -0.05467
50.0 3050.0 0.41901
150.0 3050.0 0.51468
250.0 3050.0 0.52056
350.0 3050.0 0.41111
450.0 3050.0 0.21365
550.0 3050.0 -0.01206
650.0 3050.0 -0.19613
750.0 3050.0 -0.28267
850.0 3050.0 -0.25558
950.0 3050.0 -0.16502
1050.0 3050.0 -0.09585
1150.0 3050.0 -0.09239
1250.0 3050.0 -0.16776
1350.0 3050.0 -0.30581
1450.0 3050.0 -0.46736
1550.0 3050.0 -0.60301
1650.0 3050.0 -0.67255
1750.0 3050.0 -0.67095
1850.0 3050.0 -0.63999
1950.0 3050.0 -0.57207
2050.0 3050.0 -0.45645
2150.0 3050.0 -0.30868
2250.0 3050.0 -0.15686
2350.0 3050.0 -0.02985
2450.0 3050.0 0.05254
2550.0 3050.0 0.08725
2650.0 3050.0 0.09361
2750.0 3050.0 0.09910
2850.0 3050.0 0.11158
2950.0 3050.0 0.13343
3050.0 3050.0 0.16358
3150.0 3050.0 0.19796
3250.0 3050.0 0.23070
3350.0 3050.0 0.25647
3450.0 3050.0 0.27348
3550.0 3050.0 0.29159
3650.0 3050.0 0.35178
3750.0 3050.0 0.45991
3850.0 3050.0 0.58097
3950.0 3050.0 0.67162
4050.0 3050.0 0.70191
4150.0 3050.0 0.66584
4250.0 3050.0 0.58077
4350.0 3050.0 0.47552
4450.0 3050.0 0.36746
4550.0 3050.0 0.26379
4650.0 3050.0 0.18032
4750.0 3050.0 0.12976
4850.0 3050.0 0.11286
4950.0 3050.0 0.11654
5050.0 3050.0 0.11925
5150.0 3050.0 0.10347
5250.0 3050.0 0.07480
5350.0 3050.0 0.06208
5450.0 3050.0 0.07785
5550.0 3050.0 0.11537
5650.0 3050.0 0.15835
5750.0 3050.0 0.18901
5850.0 3050.0 0.19430
5950.0 3050.0 0.17043
6050.0 3050.0 0.12557
6150.0 3050.0 0.06955
6250.0 3050.0 -0.00851
6350.0 3050.0 -0.09125
50.0 3150.0 0.38006
150.0 3150.0 0.47505
250.0 3150.0 0.48345
350.0 3150.0 0.38309
450.0 3150.0 0.20288
550.0 3150.0 0.00121
650.0 3150.0 -0.15613
750.0 3150.0 -0.21852
850.0 3150.0 -0.17367
950.0 3150.0 -0.07056
1050.0 3150.0 -0.00405
1150.0 3150.0 -0.02952
1250.0 3150.0 -0.14949
1350.0 3150.0 -0.32835
1450.0 3150.0 -0.50954
1550.0 3150.0 -0.63486
1650.0 3150.0 -0.66626
1750.0 3150.0 -0.60989
1850.0 3150.0 -0.52050
1950.0 3150.0 -0.39776
2050.0 3150.0 -0.24330
2150.0 3150.0 -0.08386
2250.0 3150.0 0.05059
2350.0 3150.0 0.14093
2450.0 3150.0 0.18527
2550.0 3150.0 0.19749
2650.0 3150.0 0.19782
2750.0 3150.0 0.18817
2850.0 3150.0 0.16128
2950.0 3150.0 0.13022
3050.0 3150.0 0.11415
3150.0 3150.0 0.12636
3250.0 3150.0 0.16839
3350.0 3150.0 0.23053
3450.0 3150.0 0.29854
3550.0 3150.0 0.37069
3650.0 3150.0 0.48172
3750.0 3150.0 0.62286
3850.0 3150.0 0.74410
3950.0 3150.0 0.79775
4050.0 3150.0 0.76420
4150.0 3150.0 0.65915
4250.0 3150.0 0.52248
4350.0 3150.0 0.38867
4450.0 3150.0 0.25705
4550.0 3150.0 0.13364
4650.0 3150.0 0.04087
4750.0 3150.0 -0.00420
4850.0 3150.0 -0.00190
4950.0 3150.0 0.02804
5050.0 3150.0 0.05441
5150.0 3150.0 0.05257
5250.0 3150.0 0.03092
5350.0 3150.0 0.02108
5450.0 3150.0 0.03333
5550.0 3150.0 0.06273
5650.0 3150.0 0.09690
5750.0 3150.0 0.12203
5850.0 3150.0 0.12783
5950.0 3150.0 0.11103
6050.0 3150.0 0.07776
6150.0 3150.0 0.03129
6250.0 3150.0 -0.05061
6350.0 3150.0 -0.15155
50.0 3250.0 0.27480
150.0 3250.0 0.37048
250.0 3250.0 0.38768
350.0 3250.0 0.30829
450.0 3250.0 0.16054
550.0 3250.0 -0.00205
650.0 3250.0 -0.12110
750.0 3250.0 -0.15343
850.0 3250.0 -0.09039
950.0 3250.0 0.02307
1050.0 3250.0 0.09079
1150.0 3250.0 0.05262
1250.0 3250.0 -0.08568
1350.0 3250.0 -0.27614
1450.0 3250.0 -0.45267
1550.0 3250.0 -0.55425
1650.0 3250.0 -0.54697
1750.0 3250.0 -0.44508
1850.0 3250.0 -0.31051
1950.0 3250.0 -0.15417
2050.0 3250.0 0.00898
2150.0 3250.0 0.14596
2250.0 3250.0 0.23156
2350.0 3250.0 0.26180
2450.0 3250.0 0.25504
2550.0 3250.0 0.24066
2650.0 3250.0 0.23533
2750.0 3250.0 0.21308
2850.0 3250.0 0.15290
2950.0 3250.0 0.07624
3050.0 3250.0 0.01898
3150.0 3250.0 0.00914
3250.0 3250.0 0.05506
3350.0 3250.0 0.14414
3450.0 3250.0 0.25218
3550.0 3250.0 0.36730
3650.0 3250.0 0.51828
3750.0 3250.0 0.68440
3850.0 3250.0 0.80381
3950.0 3250.0 0.82575
4050.0 3250.0 0.73932
4150.0 3250.0 0.57790
4250.0 3250.0 0.39949
4350.0 3250.0 0.24284
4450.0 3250.0 0.09374
4550.0 3250.0 -0.03957
4650.0 3250.0 -0.12869
4750.0 3250.0 -0.15483
4850.0 3250.0 -0.12211
4950.0 3250.0 -0.05877
5050.0 3250.0 -0.00591
5150.0 3250.0 0.00590
5250.0 3250.0 -0.01008
5350.0 3250.0 -0.01791
5450.0 3250.0 -0.00924
5550.0 3250.0 0.01247
5650.0 3250.0 0.03815
5750.0 3250.0 0.05751
5850.0 3250.0 0.06270
5950.0 3250.0 0.05101
6050.0 3250.0 0.02687
6150.0 3250.0 -0.01185
6250.0 3250.0 -0.09599
6350.0 3250.0 -0.20973
50.0 3350.0 0.14484
150.0 3350.0 0.24179
250.0 3350.0 0.26889
350.0 3350.0 0.21136
450.0 3350.0 0.09564
550.0 3350.0 -0.03022
650.0 3350.0 -0.11515
750.0 3350.0 -0.12243
850.0 3350.0 -0.04608
950.0 3350.0 0.07364
1050.0 3350.0 0.14578
1150.0 3350.0 0.11195
1250.0 3350.0 -0.01765
1350.0 3350.0 -0.19130
1450.0 3350.0 -0.34239
1550.0 3350.0 -0.41292
1650.0 3350.0 -0.37411
1750.0 3350.0 -0.24393
1850.0 3350.0 -0.08491
1950.0 3350.0 0.07940
2050.0 3350.0 0.22248
2150.0 3350.0 0.31079
2250.0 3350.0 0.32890
2350.0 3350.0 0.28983
2450.0 3350.0 0.23026
2550.0 3350.0 0.19082
2650.0 3350.0 0.18125
2750.0 3350.0 0.15162
2850.0 3350.0 0.07176
2950.0 3350.0 -0.03208
3050.0 3350.0 -0.11425
3150.0 3350.0 -0.13801
3250.0 3350.0 -0.09087
3350.0 3350.0 0.01311
3450.0 3350.0 0.14397
3550.0 3350.0 0.28387
3650.0 3350.0 0.45886
3750.0 3350.0 0.64198
3850.0 3350.0 0.76431
3950.0 3350.0 0.77259
4050.0 3350.0 0.65994
4150.0 3350.0 0.46908
4250.0 3350.0 0.26805
4350.0 3350.0 0.09849
4450.0 3350.0 -0.05945
4550.0 3350.0 -0.19298
4650.0 3350.0 -0.26966
4750.0 3350.0 -0.27125
4850.0 3350.0 -0.20689
4950.0 3350.0 -0.11262
5050.0 3350.0 -0.03738
5150.0 3350.0 -0.01535
5250.0 3350.0 -0.02799
5350.0 3350.0 -0.03498
5450.0 3350.0 -0.02920
5550.0 3350.0 -0.01322
5650.0 3350.0 0.00603
5750.0 3350.0 0.02061
5850.0 3350.0 0.02435
5950.0 3350.0 0.01505
6050.0 3350.0 -0.00395
6150.0 3350.0 -0.03799
6250.0 3350.0 -0.12198
6350.0 3350.0 -0.24015
50.0 3450.0 0.03043
150.0 3450.0 0.12843
250.0 3450.0 0.16222
350.0 3450.0 0.11870
450.0 3450.0 0.02274
550.0 3450.0 -0.08135
650.0 3450.0 -0.14692
750.0 3450.0 -0.14093
850.0 3450.0 -0.05852
950.0 3450.0 0.06326
1050.0 3450.0 0.14147
1150.0 3450.0 0.12383
1250.0 3450.0 0.02151
1350.0 3450.0 -0.11717
1450.0 3450.0 -0.23173
1550.0 3450.0 -0.27107
1650.0 3450.0 -0.21134
1750.0 3450.0 -0.07041
1850.0 3450.0 0.09356
1950.0 3450.0 0.24546
2050.0 3450.0 0.35052
2150.0 3450.0 0.37886
2250.0 3450.0 0.32696
2350.0 3450.0 0.22334
2450.0 3450.0 0.11857
2550.0 3450.0 0.05942
2650.0 3450.0 0.04740
2750.0 3450.0 0.01587
2850.0 3450.0 -0.06886
2950.0 3450.0 -0.17915
3050.0 3450.0 -0.26682
3150.0 3450.0 -0.29298
3250.0 3450.0 -0.24428
3350.0 3450.0 -0.13540
3450.0 3450.0 0.00210
3550.0 3450.0 0.14924
3650.0 3450.0 0.33384
3750.0 3450.0 0.52871
3850.0 3450.0 0.66230
3950.0 3450.0 0.67865
4050.0 3450.0 0.56951
4150.0 3450.0 0.37805
4250.0 3450.0 0.17420
4350.0 3450.0 0.00151
4450.0 3450.0 -0.15759
4550.0 3450.0 -0.28506
4650.0 3450.0 -0.34661
4750.0 3450.0 -0.32597
4850.0 3450.0 -0.23679
4950.0 3450.0 -0.12066
5050.0 3450.0 -0.03107
5150.0 3450.0 -0.00349
5250.0 3450.0 -0.01510
5350.0 3450.0 -0.02222
5450.0 3450.0 -0.01830
5550.0 3450.0 -0.00558
5650.0 3450.0 0.00991
5750.0 3450.0 0.02130
5850.0 3450.0 0.02327
5950.0 3450.0 0.01396
6050.0 3450.0 -0.00373
6150.0 3450.0 -0.03606
6250.0 3450.0 -0.11775
6350.0 3450.0 -0.23249
50.0 3550.0 -0.06288
150.0 3550.0 0.03507
250.0 3550.0 0.07299
350.0 3550.0 0.03874
450.0 3550.0 -0.04433
550.0 3550.0 -0.13474
650.0 3550.0 -0.18897
750.0 3550.0 -0.17625
850.0 3550.0 -0.09219
950.0 3550.0 0.02869
1050.0 3550.0 0.11213
1150.0 3550.0 0.11359
1250.0 3550.0 0.04393
1350.0 3550.0 -0.05447
1450.0 3550.0 -0.12973
1550.0 3550.0 -0.13904
1650.0 3550.0 -0.06351
1750.0 3550.0 0.08049
1850.0 3550.0 0.24115
1950.0 3550.0 0.37302
2050.0 3550.0 0.43490
2150.0 3550.0 0.40227
2250.0 3550.0 0.28368
2350.0 3550.0 0.12168
2450.0 3550.0 -0.02205
2550.0 3550.0 -0.09710
2650.0 3550.0 -0.11028
2750.0 3550.0 -0.14098
2850.0 3550.0 -0.22402
2950.0 3550.0 -0.33195
3050.0 3550.0 -0.41713
3150.0 3550.0 -0.44127
3250.0 3550.0 -0.39140
3350.0 3550.0 -0.28230
3450.0 3550.0 -0.14525
3550.0 3550.0 0.00158
3650.0 3550.0 0.18932
3750.0 3550.0 0.39303
3850.0 3550.0 0.54048
3950.0 3550.0 0.57307
4050.0 3550.0 0.47910
4150.0 3550.0 0.29862
4250.0 3550.0 0.10003
4350.0 3550.0 -0.07172
4450.0 3550.0 -0.22887
4550.0 3550.0 -0.34818
4650.0 3550.0 -0.39433
4750.0 3550.0 -0.35330
4850.0 3550.0 -0.24280
4950.0 3550.0 -0.10878
5050.0 3550.0 -0.00795
5150.0 3550.0 0.02382
5250.0 3550.0 0.01295
5350.0 3550.0 0.00585
5450.0 3550.0 0.00864
5550.0 3550.0 0.01910
5650.0 3550.0 0.03168
5750.0 3550.0 0.04021
5850.0 3550.0 0.04006
5950.0 3550.0 0.02981
6050.0 3550.0 0.01218
6150.0 3550.0 -0.01913
6250.0 3550.0 -0.09648
6350.0 3550.0 -0.20298
50.0 3650.0 -0.10001
150.0 3650.0 -0.01054
250.0 3650.0 0.02834
350.0 3650.0 0.00606
450.0 3650.0 -0.05806
550.0 3650.0 -0.12915
650.0 3650.0 -0.17033
750.0 3650.0 -0.15520
850.0 3650.0 -0.07963
950.0 3650.0 0.02734
1050.0 3650.0 0.10462
1150.0 3650.0 0.11830
1250.0 3650.0 0.07978
1350.0 3650.0 0.02434
1450.0 3650.0 -0.00746
1550.0 3650.0 0.01557
1650.0 3650.0 0.10466
1750.0 3650.0 0.24467
1850.0 3650.0 0.39342
1950.0 3650.0 0.49810
2050.0 3650.0 0.51405
2150.0 3650.0 0.42424
2250.0 3650.0 0.24926
2350.0 3650.0 0.04300
2450.0 3650.0 -0.12603
2550.0 3650.0 -0.20759
2650.0 3650.0 -0.21673
2750.0 3650.0 -0.24146
2850.0 3650.0 -0.31778
2950.0 3650.0 -0.42102
3050.0 3650.0 -0.50628
3150.0 3650.0 -0.53622
3250.0 3650.0 -0.49643
3350.0 3650.0 -0.39860
3450.0 3650.0 -0.27126
3550.0 3650.0 -0.13289
3650.0 3650.0 0.04702
3750.0 3650.0 0.24569
3850.0 3650.0 0.39304
3950.0 3650.0 0.43098
4050.0 3650.0 0.34619
4150.0 3650.0 0.17547
4250.0 3650.0 -0.01609
4350.0 3650.0 -0.18431
4450.0 3650.0 -0.33696
4550.0 3650.0 -0.44538
4650.0 3650.0 -0.47250
4750.0 3650.0 -0.40591
4850.0 3650.0 -0.26734
4950.0 3650.0 -0.10772
5050.0 3650.0 0.01208
5150.0 3650.0 0.05491
5250.0 3650.0 0.05096
5350.0 3650.0 0.04892
5450.0 3650.0 0.05301
5550.0 3650.0 0.06051
5650.0 3650.0 0.06695
5750.0 3650.0 0.06840
5850.0 3650.0 0.06295
5950.0 3650.0 0.05116
6050.0 3650.0 0.03569
6150.0 3650.0 0.00992
6250.0 3650.0 -0.05159
6350.0 3650.0 -0.13270
50.0 3750.0 -0.05615
150.0 3750.0 0.01130
250.0 3750.0 0.04586
350.0 3750.0 0.03945
450.0 3750.0 0.00344
550.0 3750.0 -0.03987
650.0 3750.0 -0.06572
750.0 3750.0 -0.05537
850.0 3750.0 -0.00460
950.0 3750.0 0.06766
1050.0 3750.0 0.11967
1150.0 3750.0 0.13184
1250.0 3750.0 0.11750
1350.0 3750.0 0.10386
1450.0 3750.0 0.11698
1550.0 3750.0 0.17213
1650.0 3750.0 0.26922
1750.0 3750.0 0.39358
1850.0 3750.0 0.51723
1950.0 3750.0 0.58625
2050.0 3750.0 0.55811
2150.0 3750.0 0.42606
2250.0 3750.0 0.22086
2350.0 3750.0 0.00143
2450.0 3750.0 -0.16538
2550.0 3750.0 -0.23611
2650.0 3750.0 -0.23264
2750.0 3750.0 -0.24286
2850.0 3750.0 -0.30333
2950.0 3750.0 -0.39616
3050.0 3750.0 -0.48303
3150.0 3750.0 -0.52861
3250.0 3750.0 -0.51468
3350.0 3750.0 -0.44518
3450.0 3750.0 -0.34183
3550.0 3750.0 -0.22472
3650.0 3750.0 -0.06937
3750.0 3750.0 0.10381
3850.0 3750.0 0.23122
3950.0 3750.0 0.25983
4050.0 3750.0 0.17704
4150.0 3750.0 0.01575
4250.0 3750.0 -0.16527
4350.0 3750.0 -0.32576
4450.0 3750.0 -0.47069
4550.0 3750.0 -0.56752
4650.0 3750.0 -0.57663
4750.0 3750.0 -0.48521
4850.0 3750.0 -0.31706
4950.0 3750.0 -0.12711
5050.0 3750.0 0.01934
5150.0 3750.0 0.08273
5250.0 3750.0 0.09558
5350.0 3750.0 0.10674
5450.0 3750.0 0.11622
5550.0 3750.0 0.11995
5650.0 3750.0 0.11546
5750.0 3750.0 0.10349
5850.0 3750.0 0.08790
5950.0 3750.0 0.07380
6050.0 3750.0 0.06391
6150.0 3750.0 0.05061
6250.0 3750.0 0.02143
6350.0 3750.0 -0.01084
50.0 3850.0 0.04423
150.0 3850.0 0.07817
250.0 3850.0 0.10354
350.0 3850.0 0.11550
450.0 3850.0 0.11423
550.0 3850.0 0.10468
650.0 3850.0 0.09508
750.0 3850.0 0.09396
850.0 3850.0 0.10592
950.0 3850.0 0.12583
1050.0 3850.0 0.13525
1150.0 3850.0 0.13056
1250.0 3850.0 0.12836
1350.0 3850.0 0.14798
1450.0 3850.0 0.19994
1550.0 3850.0 0.28143
1650.0 3850.0 0.37881
1750.0 3850.0 0.47700
1850.0 3850.0 0.56492
1950.0 3850.0 0.59507
2050.0 3850.0 0.53316
2150.0 3850.0 0.38399
2250.0 3850.0 0.18442
2350.0 3850.0 -0.00976
2450.0 3850.0 -0.14292
2550.0 3850.0 -0.18475
2650.0 3850.0 -0.16109
2750.0 3850.0 -0.14913
2850.0 3850.0 -0.18426
2950.0 3850.0 -0.25872
3050.0 3850.0 -0.34454
3150.0 3850.0 -0.41008
3250.0 3850.0 -0.43219
3350.0 3850.0 -0.40359
3450.0 3850.0 -0.33579
3550.0 3850.0 -0.25065
3650.0 3850.0 -0.13300
3750.0 3850.0 -0.00010
3850.0 3850.0 0.09432
3950.0 3850.0 0.10542
4050.0 3850.0 0.02243
4150.0 3850.0 -0.12696
4250.0 3850.0 -0.29321
4350.0 3850.0 -0.44228
4450.0 3850.0 -0.57789
4550.0 3850.0 -0.66763
4650.0 3850.0 -0.66929
4750.0 3850.0 -0.56643
4850.0 3850.0 -0.38070
4950.0 3850.0 -0.16740
5050.0 3850.0 0.00551
5150.0 3850.0 0.09523
5250.0 3850.0 0.13313
5350.0 3850.0 0.16449
5450.0 3850.0 0.18313
5550.0 3850.0 0.18291
5650.0 3850.0 0.16404
5750.0 3850.0 0.13382
5850.0 3850.0 0.10442
5950.0 3850.0 0.08757
6050.0 3850.0 0.08619
6150.0 3850.0 0.09077
6250.0 3850.0 0.10513
6350.0 3850.0 0.13594
50.0 3950.0 0.15317
150.0 3950.0 0.14860
250.0 3950.0 0.16220
350.0 3950.0 0.19254
450.0 3950.0 0.22739
550.0 3950.0 0.25264
650.0 3950.0 0.25838
750.0 3950.0 0.24210
850.0 3950.0 0.20899
950.0 3950.0 0.16900
1050.0 3950.0 0.12688
1150.0 3950.0 0.09395
1250.0 3950.0 0.09070
1350.0 3950.0 0.13012
1450.0 3950.0 0.20877
1550.0 3950.0 0.30687
1650.0 3950.0 0.39735
1750.0 3950.0 0.46399
1850.0 3950.0 0.51235
1950.0 3950.0 0.50744
2050.0 3950.0 0.42755
2150.0 3950.0 0.28821
2250.0 3950.0 0.12748
2350.0 3950.0 -0.00927
2450.0 3950.0 -0.08475
2550.0 3950.0 -0.08554
2650.0 3950.0 -0.03802
2750.0 3950.0 0.00001
2850.0 3950.0 -0.00344
2950.0 3950.0 -0.05209
3050.0 3950.0 -0.13054
3150.0 3950.0 -0.21273
3250.0 3950.0 -0.27106
3350.0 3950.0 -0.28634
3450.0 3950.0 -0.25835
3550.0 3950.0 -0.20959
3650.0 3950.0 -0.13391
3750.0 3950.0 -0.04437
3850.0 3950.0 0.01635
3950.0 3950.0 0.01197
4050.0 3950.0 -0.06712
4150.0 3950.0 -0.20002
4250.0 3950.0 -0.34805
4350.0 3950.0 -0.48388
4450.0 3950.0 -0.61096
4550.0 3950.0 -0.70218
4650.0 3950.0 -0.71351
4750.0 3950.0 -0.62157
4850.0 3950.0 -0.44065
4950.0 3950.0 -0.22129
5050.0 3950.0 -0.03076
5150.0 3950.0 0.08485
5250.0 3950.0 0.15120
5350.0 3950.0 0.20588
5450.0 3950.0 0.23569
5550.0 3950.0 0.23209
5650.0 3950.0 0.19813
5750.0 3950.0 0.14835
5850.0 3950.0 0.10412
5950.0 3950.0 0.08460
6050.0 3950.0 0.09301
6150.0 3950.0 0.11717
6250.0 3950.0 0.17633
6350.0 3950.0 0.26902
50.0 4050.0 0.22103
150.0 4050.0 0.18121
250.0 4050.0 0.18366
350.0 4050.0 0.23000
450.0 4050.0 0.29676
550.0 4050.0 0.35262
650.0 4050.0 0.37138
750.0 4050.0 0.34063
850.0 4050.0 0.26610
950.0 4050.0 0.17130
1050.0 4050.0 0.08032
1150.0 4050.0 0.01600
1250.0 4050.0 0.00256
1350.0 4050.0 0.04882
1450.0 4050.0 0.14093
1550.0 4050.0 0.24584
1650.0 4050.0 0.32554
1750.0 4050.0 0.36232
1850.0 4050.0 0.37535
1950.0 4050.0 0.34444
2050.0 4050.0 0.26147
2150.0 4050.0 0.15021
2250.0 4050.0 0.04600
2350.0 4050.0 -0.01972
2450.0 4050.0 -0.02999
2550.0 4050.0 0.01194
2650.0 4050.0 0.08179
2750.0 4050.0 0.14461
2850.0 4050.0 0.17367
2950.0 4050.0 0.15491
3050.0 4050.0 0.09114
3150.0 4050.0 0.00175
3250.0 4050.0 -0.08331
3350.0 4050.0 -0.13503
3450.0 4050.0 -0.14237
3550.0 4050.0 -0.12662
3650.0 4050.0 -0.08697
3750.0 4050.0 -0.03135
3850.0 4050.0 0.00712
3950.0 4050.0 -0.00165
4050.0 4050.0 -0.06825
4150.0 4050.0 -0.17978
4250.0 4050.0 -0.30826
4350.0 4050.0 -0.43158
4450.0 4050.0 -0.55290
4550.0 4050.0 -0.65476
4650.0 4050.0 -0.69253
4750.0 4050.0 -0.63381
4850.0 4050.0 -0.48139
4950.0 4050.0 -0.27644
5050.0 4050.0 -0.08200
5150.0 4050.0 0.05321
5250.0 4050.0 0.14542
5350.0 4050.0 0.22158
5450.0 4050.0 0.26209
5550.0 4050.0 0.25618
5650.0 4050.0 0.20937
5750.0 4050.0 0.14257
5850.0 4050.0 0.08545
5950.0 4050.0 0.06381
6050.0 4050.0 0.08123
6150.0 4050.0 0.12244
6250.0 4050.0 0.21754
6350.0 4050.0 0.35650
50.0 4150.0 0.21364
150.0 4150.0 0.14897
250.0 4150.0 0.14393
350.0 4150.0 0.20238
450.0 4150.0 0.29280
550.0 4150.0 0.37149
650.0 4150.0 0.40046
750.0 4150.0 0.36011
850.0 4150.0 0.25653
950.0 4150.0 0.12295
1050.0 4150.0 -0.00341
1150.0 4150.0 -0.09244
1250.0 4150.0 -0.11730
1350.0 4150.0 -0.07131
1450.0 4150.0 0.02536
1550.0 4150.0 0.13129
1650.0 4150.0 0.20134
1750.0 4150.0 0.21654
1850.0 4150.0 0.20499
1950.0 4150.0 0.15884
2050.0 4150.0 0.08067
2150.0 4150.0 -0.00079
2250.0 4150.0 -0.05407
2350.0 4150.0 -0.05988
2450.0 4150.0 -0.01750
2550.0 4150.0 0.05735
2650.0 4150.0 0.14329
2750.0 4150.0 0.22480
2850.0 4150.0 0.28119
2950.0 4150.0 0.29120
3050.0 4150.0 0.24752
3150.0 4150.0 0.16276
3250.0 4150.0 0.06653
3350.0 4150.0 -0.00650
3450.0 4150.0 -0.03758
3550.0 4150.0 -0.04485
3650.0 4150.0 -0.02720
3750.0 4150.0 0.01293
3850.0 4150.0 0.04842
3950.0 4150.0 0.05112
4050.0 4150.0 0.00665
4150.0 4150.0 -0.08035
4250.0 4150.0 -0.19066
4350.0 4150.0 -0.30451
4450.0 4150.0 -0.42375
4550.0 4150.0 -0.54223
4650.0 4150.0 -0.61595
4750.0 4150.0 -0.60348
4850.0 4150.0 -0.49484
4950.0 4150.0 -0.31961
5050.0 4150.0 -0.13435
5150.0 4150.0 0.01076
5250.0 4150.0 0.12109
5350.0 4150.0 0.21256
5450.0 4150.0 0.26093
5550.0 4150.0 0.25387
5650.0 4150.0 0.19852
5750.0 4150.0 0.12023
5850.0 4150.0 0.05437
5950.0 4150.0 0.03144
6050.0 4150.0 0.05527
6150.0 4150.0 0.10767
6250.0 4150.0 0.22308
6350.0 4150.0 0.38428
50.0 4250.0 0.12446
150.0 4250.0 0.04853
250.0 4250.0 0.04131
350.0 4250.0 0.10793
450.0 4250.0 0.21278
550.0 4250.0 0.30574
650.0 4250.0 0.34261
750.0 4250.0 0.29986
850.0 4250.0 0.18362
950.0 4250.0 0.03220
1050.0 4250.0 -0.11037
1150.0 4250.0 -0.21042
1250.0 4250.0 -0.23988
1350.0 4250.0 -0.19322
1450.0 4250.0 -0.09366
1550.0 4250.0 0.01333
1650.0 4250.0 0.07925
1750.0 4250.0 0.08455
1850.0 4250.0 0.06172
1950.0 4250.0 0.00898
2050.0 4250.0 -0.06601
2150.0 4250.0 -0.13234
2250.0 4250.0 -0.16057
2350.0 4250.0 -0.13737
2450.0 4250.0 -0.06979
2550.0 4250.0 0.02065
2650.0 4250.0 0.11406
2750.0 4250.0 0.20572
2850.0 4250.0 0.28028
2950.0 4250.0 0.31342
3050.0 4250.0 0.29147
3150.0 4250.0 0.22135
3250.0 4250.0 0.12993
3350.0 4250.0 0.05276
3450.0 4250.0 0.01235
3550.0 4250.0 -0.00506
3650.0 4250.0 0.00743
3750.0 4250.0 0.05271
3850.0 4250.0 0.10528
3950.0 4250.0 0.13433
4050.0 4250.0 0.11933
4150.0 4250.0 0.05727
4250.0 4250.0 -0.03837
4350.0 4250.0 -0.14696
4450.0 4250.0 -0.26739
4550.0 4250.0 -0.40335
4650.0 4250.0 -0.51228
4750.0 4250.0 -0.54571
4850.0 4250.0 -0.48275
4950.0 4250.0 -0.34232
5050.0 4250.0 -0.17418
5150.0 4250.0 -0.02879
5250.0 4250.0 0.08976
5350.0 4250.0 0.18834
5450.0 4250.0 0.24047
5550.0 4250.0 0.23307
5650.0 4250.0 0.17402
5750.0 4250.0 0.09065
5850.0 4250.0 0.02093
5950.0 4250.0 -0.00252
6050.0 4250.0 0.02428
6150.0 4250.0 0.08088
6250.0 4250.0 0.19996
6350.0 4250.0 0.35967
50.0 4350.0 -0.01804
150.0 4350.0 -0.09517
250.0 4350.0 -0.10045
350.0 4350.0 -0.02812
450.0 4350.0 0.08501
550.0 4350.0 0.18663
650.0 4350.0 0.23026
750.0 4350.0 0.19078
850.0 4350.0 0.07407
950.0 4350.0 -0.07978
1050.0 4350.0 -0.22377
1150.0 4350.0 -0.32261
1250.0 4350.0 -0.34812
1350.0 4350.0 -0.29574
1450.0 4350.0 -0.19032
1550.0 4350.0 -0.07901
1650.0 4350.0 -0.01144
1750.0 4350.0 -0.00703
1850.0 4350.0 -0.03169
1950.0 4350.0 -0.08695
2050.0 4350.0 -0.16496
2150.0 4350.0 -0.23410
2250.0 4350.0 -0.26426
2350.0 4350.0 -0.24177
2450.0 4350.0 -0.17385
2550.0 4350.0 -0.08256
2650.0 4350.0 0.01181
2750.0 4350.0 0.10704
2850.0 4350.0 0.19205
2950.0 4350.0 0.24237
3050.0 4350.0 0.24109
3150.0 4350.0 0.19070
3250.0 4350.0 0.11400
3350.0 4350.0 0.04431
3450.0 4350.0 0.00483
3550.0 4350.0 -0.01331
3650.0 4350.0 0.00583
3750.0 4350.0 0.07000
3850.0 4350.0 0.15224
3950.0 4350.0 0.21616
4050.0 4350.0 0.23379
4150.0 4350.0 0.19539
4250.0 4350.0 0.11114
4350.0 4350.0 0.00462
4450.0 4350.0 -0.11876
4550.0 4350.0 -0.26988
4650.0 4350.0 -0.40787
4750.0 4350.0 -0.47958
4850.0 4350.0 -0.45608
4950.0 4350.0 -0.34786
5050.0 4350.0 -0.19882
5150.0 4350.0 -0.05893
5250.0 4350.0 0.06057
5350.0 4350.0 0.16016
5450.0 4350.0 0.21284
5550.0 4350.0 0.20542
5650.0 4350.0 0.14587
5750.0 4350.0 0.06181
5850.0 4350.0 -0.00844
5950.0 4350.0 -0.03194
6050.0 4350.0 -0.00471
6150.0 4350.0 0.05120
6250.0 4350.0 0.16326
6350.0 4350.0 0.30722
50.0 4450.0 -0.17943
150.0 4450.0 -0.25766
250.0 4450.0 -0.26311
350.0 4450.0 -0.18891
450.0 4450.0 -0.07139
550.0 4450.0 0.03677
650.0 4450.0 0.08784
750.0 4450.0 0.05503
850.0 4450.0 -0.05694
950.0 4450.0 -0.20749
1050.0 4450.0 -0.34783
1150.0 4450.0 -0.44214
1250.0 4450.0 -0.46246
1350.0 4450.0 -0.40475
1450.0 4450.0 -0.29443
1550.0 4450.0 -0.17905
1650.0 4450.0 -0.10833
1750.0 4450.0 -0.10143
1850.0 4450.0 -0.12382
1950.0 4450.0 -0.17757
2050.0 4450.0 -0.25591
2150.0 4450.0 -0.32788
2250.0 4450.0 -0.36318
2350.0 4450.0 -0.34702
2450.0 4450.0 -0.28499
2550.0 4450.0 -0.19777
2650.0 4450.0 -0.10579
2750.0 4450.0 -0.00930
2850.0 4450.0 0.08637
2950.0 4450.0 0.15731
3050.0 4450.0 0.18288
3150.0 4450.0 0.15960
3250.0 4450.0 0.10421
3350.0 4450.0 0.04602
3450.0 4450.0 0.00847
3550.0 4450.0 -0.01094
3650.0 4450.0 0.01248
3750.0 4450.0 0.09093
3850.0 4450.0 0.19739
3950.0 4450.0 0.29168
4050.0 4450.0 0.33977
4150.0 4450.0 0.32567
4250.0 4450.0 0.25569
4350.0 4450.0 0.15523
4450.0 4450.0 0.03409
4550.0 4450.0 -0.12418
4650.0 4450.0 -0.28197
4750.0 4450.0 -0.38440
4850.0 4450.0 -0.39683
4950.0 4450.0 -0.32201
5050.0 4450.0 -0.19678
5150.0 4450.0 -0.06848
5250.0 4450.0 0.04583
5350.0 4450.0 0.13969
5450.0 4450.0 0.18586
5550.0 4450.0 0.17234
5650.0 4450.0 0.10836
5750.0 4450.0 0.02206
5850.0 4450.0 -0.04856
5950.0 4450.0 -0.07158
6050.0 4450.0 -0.04397
6150.0 4450.0 0.01020
6250.0 4450.0 0.11123
6350.0 4450.0 0.23334
50.0 4550.0 -0.35340
150.0 4550.0 -0.43841
250.0 4550.0 -0.45409
350.0 4550.0 -0.39066
450.0 4550.0 -0.27937
550.0 4550.0 -0.16938
650.0 4550.0 -0.10827
750.0 4550.0 -0.12590
850.0 4550.0 -0.22198
950.0 4550.0 -0.35797
1050.0 4550.0 -0.48581
1150.0 4550.0 -0.57233
1250.0 4550.0 -0.59027
1350.0 4550.0 -0.53423
1450.0 4550.0 -0.42677
1550.0 4550.0 -0.31209
1650.0 4550.0 -0.23730
1750.0 4550.0 -0.22142
1850.0 4550.0 -0.23260
1950.0 4550.0 -0.27238
2050.0 4550.0 -0.33655
2150.0 4550.0 -0.39910
2250.0 4550.0 -0.43319
2350.0 4550.0 -0.42413
2450.0 4550.0 -0.37424
2550.0 4550.0 -0.29948
2650.0 4550.0 -0.21789
2750.0 4550.0 -0.12512
2850.0 4550.0 -0.01579
2950.0 4550.0 0.08740
3050.0 4550.0 0.15711
3150.0 4550.0 0.17887
3250.0 4550.0 0.15809
3350.0 4550.0 0.11644
3450.0 4550.0 0.07756
3550.0 4550.0 0.04944
3650.0 4550.0 0.06161
3750.0 4550.0 0.12970
3850.0 4550.0 0.23330
3950.0 4550.0 0.33668
4050.0 4550.0 0.40549
4150.0 4550.0 0.41858
4250.0 4550.0 0.37507
4350.0 4550.0 0.29670
4450.0 4550.0 0.19726
4550.0 4550.0 0.05886
4650.0 4550.0 -0.08966
4750.0 4550.0 -0.20081
4850.0 4550.0 -0.24078
4950.0 4550.0 -0.20542
5050.0 4550.0 -0.11981
5150.0 4550.0 -0.02146
5250.0 4550.0 0.07015
5350.0 4550.0 0.13873
5450.0 4550.0 0.15755
5550.0 4550.0 0.11993
5650.0 4550.0 0.04002
5750.0 4550.0 -0.05237
5850.0 4550.0 -0.12166
5950.0 4550.0 -0.14097
6050.0 4550.0 -0.11133
6150.0 4550.0 -0.05971
6250.0 4550.0 0.02282
6350.0 4550.0 0.11077
50.0 4650.0 -0.49206
150.0 4650.0 -0.59038
250.0 4650.0 -0.62809
350.0 4650.0 -0.59034
450.0 4650.0 -0.49802
550.0 4650.0 -0.39220
650.0 4650.0 -0.31852
750.0 4650.0 -0.31151
850.0 4650.0 -0.37896
950.0 4650.0 -0.48746
1050.0 4650.0 -0.59300
1150.0 4650.0 -0.66917
1250.0 4650.0 -0.68988
1350.0 4650.0 -0.64588
1450.0 4650.0 -0.55249
1550.0 4650.0 -0.44573
1650.0 4650.0 -0.36677
1750.0 4650.0 -0.33467
1850.0 4650.0 -0.32439
1950.0 4650.0 -0.33631
2050.0 4650.0 -0.37064
2150.0 4650.0 -0.41108
2250.0 4650.0 -0.43820
2350.0 4650.0 -0.43850
2450.0 4650.0 -0.40886
2550.0 4650.0 -0.35658
2650.0 4650.0 -0.29462
2750.0 4650.0 -0.21275
2850.0 4650.0 -0.09168
2950.0 4650.0 0.04772
3050.0 4650.0 0.16951
3150.0 4650.0 0.24496
3250.0 4650.0 0.26456
3350.0 4650.0 0.23974
3450.0 4650.0 0.19426
3550.0 4650.0 0.14880
3650.0 4650.0 0.13140
3750.0 4650.0 0.15967
3850.0 4650.0 0.22755
3950.0 4650.0 0.31364
4050.0 4650.0 0.39017
4150.0 4650.0 0.43250
4250.0 4650.0 0.42892
4350.0 4650.0 0.39099
4450.0 4650.0 0.33598
4550.0 4650.0 0.25012
4650.0 4650.0 0.14734
4750.0 4650.0 0.05679
4850.0 4650.0 0.00310
4950.0 4650.0 -0.00455
5050.0 4650.0 0.02540
5150.0 4650.0 0.07340
5250.0 4650.0 0.12227
5350.0 4650.0 0.14477
5450.0 4650.0 0.11684
5550.0 4650.0 0.04165
5650.0 4650.0 -0.05880
5750.0 4650.0 -0.15361
5850.0 4650.0 -0.21362
5950.0 4650.0 -0.22247
6050.0 4650.0 -0.18834
6150.0 4650.0 -0.13987
6250.0 4650.0 -0.08251
6350.0 4650.0 -0.03894
50.0 4750.0 -0.54341
150.0 4750.0 -0.65950
250.0 4750.0 -0.72744
350.0 4750.0 -0.72592
450.0 4750.0 -0.66186
550.0 4750.0 -0.56497
650.0 4750.0 -0.47763
750.0 4750.0 -0.43998
850.0 4750.0 -0.47036
950.0 4750.0 -0.54267
1050.0 4750.0 -0.61978
1150.0 4750.0 -0.68531
1250.0 4750.0 -0.71474
1350.0 4750.0 -0.69278
1450.0 4750.0 -0.62391
1550.0 4750.0 -0.53218
1650.0 4750.0 -0.45015
1750.0 4750.0 -0.39721
1850.0 4750.0 -0.35864
1950.0 4750.0 -0.33390
2050.0 4750.0 -0.32905
2150.0 4750.0 -0.34059
2250.0 4750.0 -0.35884
2350.0 4750.0 -0.37175
2450.0 4750.0 -0.36902
2550.0 4750.0 -0.34650
2650.0 4750.0 -0.31049
2750.0 4750.0 -0.24620
2850.0 4750.0 -0.12147
2950.0 4750.0 0.04480
3050.0 4750.0 0.20883
3150.0 4750.0 0.32852
3250.0 4750.0 0.38024
3350.0 4750.0 0.36549
3450.0 4750.0 0.30787
3550.0 4750.0 0.23915
3650.0 4750.0 0.17922
3750.0 4750.0 0.14631
3850.0 4750.0 0.15414
3950.0 4750.0 0.20262
4050.0 4750.0 0.27584
4150.0 4750.0 0.34719
4250.0 4750.0 0.39189
4350.0 4750.0 0.40669
4450.0 4750.0 0.41189
4550.0 4750.0 0.40267
4650.0 4750.0 0.37415
4750.0 4750.0 0.32911
4850.0 4750.0 0.27635
4950.0 4750.0 0.22771
5050.0 4750.0 0.19383
5150.0 4750.0 0.17860
5250.0 4750.0 0.17137
5350.0 4750.0 0.13581
5450.0 4750.0 0.05389
5550.0 4750.0 -0.05872
5650.0 4750.0 -0.17188
5750.0 4750.0 -0.25630
5850.0 4750.0 -0.29400
5950.0 4750.0 -0.28400
6050.0 4750.0 -0.24297
6150.0 4750.0 -0.19764
6250.0 4750.0 -0.16752
6350.0 4750.0 -0.17022
50.0 4850.0 -0.48730
150.0 4850.0 -0.62192
250.0 4850.0 -0.72174
350.0 4850.0 -0.75883
450.0 4850.0 -0.72548
550.0 4850.0 -0.63933
650.0 4850.0 -0.53908
750.0 4850.0 -0.47042
850.0 4850.0 -0.46262
950.0 4850.0 -0.49742
1050.0 4850.0 -0.54585
1150.0 4850.0 -0.60289
1250.0 4850.0 -0.64559
1350.0 4850.0 -0.65164
1450.0 4850.0 -0.61322
1550.0 4850.0 -0.54088
1650.0 4850.0 -0.45773
1750.0 4850.0 -0.38363
1850.0 4850.0 -0.31580
1950.0 4850.0 -0.25388
2050.0 4850.0 -0.21025
2150.0 4850.0 -0.19448
2250.0 4850.0 -0.20648
2350.0 4850.0 -0.23510
2450.0 4850.0 -0.26206
2550.0 4850.0 -0.27113
2650.0 4850.0 -0.26216
2750.0 4850.0 -0.21922
2850.0 4850.0 -0.10214
2950.0 4850.0 0.07178
3050.0 4850.0 0.25401
3150.0 4850.0 0.39392
3250.0 4850.0 0.45848
3350.0 4850.0 0.44242
3450.0 4850.0 0.36890
3550.0 4850.0 0.27586
3650.0 4850.0 0.17051
3750.0 4850.0 0.07096
3850.0 4850.0 0.01171
3950.0 4850.0 0.01576
4050.0 4850.0 0.08058
4150.0 4850.0 0.17855
4250.0 4850.0 0.27173
4350.0 4850.0 0.34102
4450.0 4850.0 0.40957
4550.0 4850.0 0.48378
4650.0 4850.0 0.53969
4750.0 4850.0 0.55161
4850.0 4850.0 0.50992
4950.0 4850.0 0.42710
5050.0 4850.0 0.33209
5150.0 4850.0 0.25293
5250.0 4850.0 0.18774
5350.0 4850.0 0.09539
5450.0 4850.0 -0.03302
5550.0 4850.0 -0.16937
5650.0 4850.0 -0.27785
5750.0 4850.0 -0.33458
5850.0 4850.0 -0.33665
5950.0 4850.0 -0.30077
6050.0 4850.0 -0.25139
6150.0 4850.0 -0.20859
6250.0 4850.0 -0.20242
6350.0 4850.0 -0.24424
50.0 4950.0 -0.34794
150.0 4950.0 -0.49789
250.0 4950.0 -0.62408
350.0 4950.0 -0.69312
450.0 4950.0 -0.68517
550.0 4950.0 -0.60792
650.0 4950.0 -0.49698
750.0 4950.0 -0.40269
850.0 4950.0 -0.36330
950.0 4950.0 -0.36709
1050.0 4950.0 -0.39249
1150.0 4950.0 -0.44469
1250.0 4950.0 -0.50197
1350.0 4950.0 -0.53559
1450.0 4950.0 -0.52662
1550.0 4950.0 -0.47360
1650.0 4950.0 -0.39125
1750.0 4950.0 -0.30006
1850.0 4950.0 -0.20823
1950.0 4950.0 -0.11695
2050.0 4950.0 -0.04439
2150.0 4950.0 -0.01051
2250.0 4950.0 -0.02227
2350.0 4950.0 -0.06825
2450.0 4950.0 -0.12270
2550.0 4950.0 -0.15914
2650.0 4950.0 -0.17269
2750.0 4950.0 -0.15044
2850.0 4950.0 -0.05087
2950.0 4950.0 0.10963
3050.0 4950.0 0.28190
3150.0 4950.0 0.41342
3250.0 4950.0 0.46862
3350.0 4950.0 0.44000
3450.0 4950.0 0.35008
3550.0 4950.0 0.23692
3650.0 4950.0 0.09437
3750.0 4950.0 -0.05939
3850.0 4950.0 -0.17275
3950.0 4950.0 -0.20389
4050.0 4950.0 -0.14458
4150.0 4950.0 -0.02357
4250.0 4950.0 0.11019
4350.0 4950.0 0.22463
4450.0 4950.0 0.34587
4550.0 4950.0 0.49042
4650.0 4950.0 0.61869
4750.0 4950.0 0.68106
4850.0 4950.0 0.65198
4950.0 4950.0 0.54373
5050.0 4950.0 0.39990
5150.0 4950.0 0.26844
5250.0 4950.0 0.15554
5350.0 4950.0 0.02014
5450.0 4950.0 -0.13578
5550.0 4950.0 -0.27443
5650.0 4950.0 -0.35854
5750.0 4950.0 -0.37297
5850.0 4950.0 -0.33122
5950.0 4950.0 -0.26671
6050.0 4950.0 -0.20905
6150.0 4950.0 -0.16781
6250.0 4950.0 -0.17837
6350.0 4950.0 -0.24623
50.0 5050.0 -0.18281
150.0 5050.0 -0.34205
250.0 5050.0 -0.48386
350.0 5050.0 -0.57142
450.0 5050.0 -0.57764
550.0 5050.0 -0.50436
650.0 5050.0 -0.38565
750.0 5050.0 -0.27490
850.0 5050.0 -0.21591
950.0 5050.0 -0.20076
1050.0 5050.0 -0.21268
1150.0 5050.0 -0.26381
1250.0 5050.0 -0.33313
1350.0 5050.0 -0.38742
1450.0 5050.0 -0.40015
1550.0 5050.0 -0.36178
1650.0 5050.0 -0.28144
1750.0 5050.0 -0.18014
1850.0 5050.0 -0.07391
1950.0 5050.0 0.03327
2050.0 5050.0 0.11902
2150.0 5050.0 0.15753
2250.0 5050.0 0.13882
2350.0 5050.0 0.07598
2450.0 5050.0 0.00051
2550.0 5050.0 -0.05442
2650.0 5050.0 -0.08196
2750.0 5050.0 -0.07542
2850.0 5050.0 0.00213
2950.0 5050.0 0.13443
3050.0 5050.0 0.27529
3150.0 5050.0 0.37627
3250.0 5050.0 0.40552
3350.0 5050.0 0.35760
3450.0 5050.0 0.25437
3550.0 5050.0 0.12905
3650.0 5050.0 -0.03419
3750.0 5050.0 -0.21607
3850.0 5050.0 -0.35496
3950.0 5050.0 -0.39902
4050.0 5050.0 -0.33521
4150.0 5050.0 -0.19456
4250.0 5050.0 -0.03344
4350.0 5050.0 0.10897
4450.0 5050.0 0.26216
4550.0 5050.0 0.44852
4650.0 5050.0 0.61879
4750.0 5050.0 0.70905
4850.0 5050.0 0.68461
4950.0 5050.0 0.55829
5050.0 5050.0 0.38307
5150.0 5050.0 0.21913
5250.0 5050.0 0.07731
5350.0 5050.0 -0.07982
5450.0 5050.0 -0.23981
5550.0 5050.0 -0.35969
5650.0 5050.0 -0.40501
5750.0 5050.0 -0.37101
5850.0 5050.0 -0.28577
5950.0 5050.0 -0.19535
6050.0 5050.0 -0.13102
6150.0 5050.0 -0.09041
6250.0 5050.0 -0.10923
6350.0 5050.0 -0.18898
50.0 5150.0 -0.04811
150.0 5150.0 -0.21024
250.0 5150.0 -0.35617
350.0 5150.0 -0.44772
450.0 5150.0 -0.45568
550.0 5150.0 -0.38058
650.0 5150.0 -0.25661
750.0 5150.0 -0.13866
850.0 5150.0 -0.07253
950.0 5150.0 -0.05106
1050.0 5150.0 -0.05912
1150.0 5150.0 -0.11180
1250.0 5150.0 -0.18827
1350.0 5150.0 -0.25328
1450.0 5150.0 -0.27695
1550.0 5150.0 -0.24630
1650.0 5150.0 -0.16816
1750.0 5150.0 -0.06386
1850.0 5150.0 0.04676
1950.0 5150.0 0.15624
2050.0 5150.0 0.23977
2150.0 5150.0 0.27040
2250.0 5150.0 0.23898
2350.0 5150.0 0.16137
2450.0 5150.0 0.07273
2550.0 5150.0 0.00908
2650.0 5150.0 -0.02340
2750.0 5150.0 -0.02568
2850.0 5150.0 0.03126
2950.0 5150.0 0.13074
3050.0 5150.0 0.23144
3150.0 5150.0 0.29244
3250.0 5150.0 0.28932
3350.0 5150.0 0.22135
3450.0 5150.0 0.10987
3550.0 5150.0 -0.01919
3650.0 5150.0 -0.18526
3750.0 5150.0 -0.36654
3850.0 5150.0 -0.49901
3950.0 5150.0 -0.53033
4050.0 5150.0 -0.44948
4150.0 5150.0 -0.29130
4250.0 5150.0 -0.11601
4350.0 5150.0 0.03641
4450.0 5150.0 0.19936
4550.0 5150.0 0.39574
4650.0 5150.0 0.57261
4750.0 5150.0 0.66243
4850.0 5150.0 0.62947
4950.0 5150.0 0.48882
5050.0 5150.0 0.29807
5150.0 5150.0 0.12165
5250.0 5150.0 -0.02951
5350.0 5150.0 -0.18787
5450.0 5150.0 -0.33261
5550.0 5150.0 -0.41996
5650.0 5150.0 -0.42127
5750.0 5150.0 -0.34178
5850.0 5150.0 -0.22033
5950.0 5150.0 -0.11034
6050.0 5150.0 -0.04170
6150.0 5150.0 -0.00110
6250.0 5150.0 -0.02151
6350.0 5150.0 -0.10282
50.0 5250.0 0.05590
150.0 5250.0 -0.10600
250.0 5250.0 -0.25052
350.0 5250.0 -0.33912
450.0 5250.0 -0.34289
550.0 5250.0 -0.26314
650.0 5250.0 -0.13501
750.0 5250.0 -0.01417
850.0 5250.0 0.05334
950.0 5250.0 0.07528
1050.0 5250.0 0.06684
1150.0 5250.0 0.01202
1250.0 5250.0 -0.06835
1350.0 5250.0 -0.13828
1450.0 5250.0 -0.16684
1550.0 5250.0 -0.13993
1650.0 5250.0 -0.06375
1750.0 5250.0 0.04023
1850.0 5250.0 0.15046
1950.0 5250.0 0.25578
2050.0 5250.0 0.32986
2150.0 5250.0 0.34686
2250.0 5250.0 0.30031
2350.0 5250.0 0.20926
2450.0 5250.0 0.11153
2550.0 5250.0 0.04405
2650.0 5250.0 0.01110
2750.0 5250.0 0.00372
2850.0 5250.0 0.04201
2950.0 5250.0 0.10868
3050.0 5250.0 0.16801
3150.0 5250.0 0.18774
3250.0 5250.0 0.15201
3350.0 5250.0 0.06562
3450.0 5250.0 -0.05067
3550.0 5250.0 -0.17872
3650.0 5250.0 -0.33807
3750.0 5250.0 -0.50363
3850.0 5250.0 -0.61283
3950.0 5250.0 -0.61772
4050.0 5250.0 -0.51274
4150.0 5250.0 -0.33742
4250.0 5250.0 -0.15404
4350.0 5250.0 -0.00015
4450.0 5250.0 0.16181
4550.0 5250.0 0.35229
4650.0 5250.0 0.51751
4750.0 5250.0 0.59162
4850.0 5250.0 0.54208
4950.0 5250.0 0.38746
5050.0 5250.0 0.18798
5150.0 5250.0 0.00843
5250.0 5250.0 -0.14265
5350.0 5250.0 -0.29295
5450.0 5250.0 -0.41476
5550.0 5250.0 -0.46558
5650.0 5250.0 -0.42352
5750.0 5250.0 -0.30291
5850.0 5250.0 -0.15099
5950.0 5250.0 -0.02563
6050.0 5250.0 0.04594
6150.0 5250.0 0.08668
6250.0 5250.0 0.06717
6350.0 5250.0 -0.01218
50.0 5350.0 0.16200
150.0 5350.0 0.00136
250.0 5350.0 -0.14227
350.0 5350.0 -0.23006
450.0 5350.0 -0.23258
550.0 5350.0 -0.15076
650.0 5350.0 -0.01971
750.0 5350.0 0.10459
850.0 5350.0 0.17564
950.0 5350.0 0.20101
1050.0 5350.0 0.19577
1150.0 5350.0 0.14321
1250.0 5350.0 0.06348
1350.0 5350.0 -0.00763
1450.0 5350.0 -0.03866
1550.0 5350.0 -0.01449
1650.0 5350.0 0.05985
1750.0 5350.0 0.16338
1850.0 5350.0 0.27288
1950.0 5350.0 0.37246
2050.0 5350.0 0.43426
2150.0 5350.0 0.43444
2250.0 5350.0 0.37032
2350.0 5350.0 0.26492
2450.0 5350.0 0.15884
2550.0 5350.0 0.08956
2650.0 5350.0 0.05866
2750.0 5350.0 0.04580
2850.0 5350.0 0.05803
2950.0 5350.0 0.07893
3050.0 5350.0 0.08285
3150.0 5350.0 0.05088
3250.0 5350.0 -0.02099
3350.0 5350.0 -0.12174
3450.0 5350.0 -0.23319
3550.0 5350.0 -0.34857
3650.0 5350.0 -0.48736
3750.0 5350.0 -0.62181
3850.0 5350.0 -0.69365
3950.0 5350.0 -0.66203
4050.0 5350.0 -0.52788
4150.0 5350.0 -0.33441
4250.0 5350.0 -0.14357
4350.0 5350.0 0.01145
4450.0 5350.0 0.17164
4550.0 5350.0 0.35341
4650.0 5350.0 0.50221
4750.0 5350.0 0.55509
4850.0 5350.0 0.48410
4950.0 5350.0 0.31248
5050.0 5350.0 0.10350
5150.0 5350.0 -0.07800
5250.0 5350.0 -0.22711
5350.0 5350.0 -0.36835
5450.0 5350.0 -0.46838
5550.0 5350.0 -0.48631
5650.0 5350.0 -0.40645
5750.0 5350.0 -0.25099
5850.0 5350.0 -0.07398
5950.0 5350.0 0.06353
6050.0 5350.0 0.13693
6150.0 5350.0 0.17723
6250.0 5350.0 0.15779
6350.0 5350.0 0.07920
50.0 5450.0 0.25446
150.0 5450.0 0.09675
250.0 5450.0 -0.04753
350.0 5450.0 -0.13934
450.0 5450.0 -0.14695
550.0 5450.0 -0.06853
650.0 5450.0 0.06283
750.0 5450.0 0.19174
850.0 5450.0 0.27081
950.0 5450.0 0.30563
1050.0 5450.0 0.31040
1150.0 5450.0 0.26768
1250.0 5450.0 0.19562
1350.0 5450.0 0.12847
1450.0 5450.0 0.09754
1550.0 5450.0 0.11947
1650.0 5450.0 0.19157
1750.0 5450.0 0.29450
1850.0 5450.0 0.40313
1950.0 5450.0 0.49548
2050.0 5450.0 0.54239
2150.0 5450.0 0.52332
2250.0 5450.0 0.44068
2350.0 5450.0 0.32212
2450.0 5450.0 0.21087
2550.0 5450.0 0.14411
2650.0 5450.0 0.11977
2750.0 5450.0 0.10171
2850.0 5450.0 0.07862
2950.0 5450.0 0.03791
3050.0 5450.0 -0.02917
3150.0 5450.0 -0.12149
3250.0 5450.0 -0.22748
3350.0 5450.0 -0.33008
3450.0 5450.0 -0.41738
3550.0 5450.0 -0.49871
3650.0 5450.0 -0.59454
3750.0 5450.0 -0.67724
3850.0 5450.0 -0.69735
3950.0 5450.0 -0.62370
4050.0 5450.0 -0.46279
4150.0 5450.0 -0.25728
4250.0 5450.0 -0.06344
4350.0 5450.0 0.09219
4450.0 5450.0 0.25041
4550.0 5450.0 0.42137
4650.0 5450.0 0.55001
4750.0 5450.0 0.57743
4850.0 5450.0 0.48169
4950.0 5450.0 0.29163
5050.0 5450.0 0.07386
5150.0 5450.0 -0.10722
5250.0 5450.0 -0.25151
5350.0 5450.0 -0.38348
5450.0 5450.0 -0.46710
5550.0 5450.0 -0.46348
5650.0 5450.0 -0.36127
5750.0 5450.0 -0.18715
5850.0 5450.0 0.00180
5950.0 5450.0 0.14391
6050.0 5450.0 0.21687
6150.0 5450.0 0.25565
6250.0 5450.0 0.23467
6350.0 5450.0 0.15466
50.0 5550.0 0.30349
150.0 5550.0 0.15020
250.0 5550.0 0.00368
350.0 5550.0 -0.09697
450.0 5550.0 -0.11599
550.0 5550.0 -0.04650
650.0 5550.0 0.08231
750.0 5550.0 0.21658
850.0 5550.0 0.30762
950.0 5550.0 0.35733
1050.0 5550.0 0.37798
1150.0 5550.0 0.35090
1250.0 5550.0 0.29108
1350.0 5550.0 0.23029
1450.0 5550.0 0.19964
1550.0 5550.0 0.21809
1650.0 5550.0 0.28669
1750.0 5550.0 0.38869
1850.0 5550.0 0.49652
1950.0 5550.0 0.58179
2050.0 5550.0 0.61474
2150.0 5550.0 0.57895
2250.0 5550.0 0.48215
2350.0 5550.0 0.35615
2450.0 5550.0 0.24572
2550.0 5550.0 0.18669
2650.0 5550.0 0.17318
2750.0 5550.0 0.15219
2850.0 5550.0 0.09274
2950.0 5550.0 -0.01095
3050.0 5550.0 -0.14667
3150.0 5550.0 -0.29062
3250.0 5550.0 -0.41565
3350.0 5550.0 -0.50112
3450.0 5550.0 -0.54453
3550.0 5550.0 -0.57270
3650.0 5550.0 -0.60958
3750.0 5550.0 -0.63263
3850.0 5550.0 -0.60427
3950.0 5550.0 -0.50225
4050.0 5550.0 -0.33386
4150.0 5550.0 -0.13393
4250.0 5550.0 0.05326
4350.0 5550.0 0.20824
4450.0 5550.0 0.36496
4550.0 5550.0 0.52620
4650.0 5550.0 0.63695
4750.0 5550.0 0.64259
4850.0 5550.0 0.52687
4950.0 5550.0 0.32351
5050.0 5550.0 0.10154
5150.0 5550.0 -0.07565
5250.0 5550.0 -0.21255
5350.0 5550.0 -0.33653
5450.0 5550.0 -0.41272
5550.0 5550.0 -0.40435
5650.0 5550.0 -0.30151
5750.0 5550.0 -0.13070
5850.0 5550.0 0.05285
5950.0 5550.0 0.19001
6050.0 5550.0 0.25994
6150.0 5550.0 0.29625
6250.0 5550.0 0.27249
6350.0 5550.0 0.18951
50.0 5650.0 0.29127
150.0 5650.0 0.14311
250.0 5650.0 -0.00669
350.0 5650.0 -0.11908
450.0 5650.0 -0.15333
550.0 5650.0 -0.09628
650.0 5650.0 0.02793
750.0 5650.0 0.16755
850.0 5650.0 0.27237
950.0 5650.0 0.33969
1050.0 5650.0 0.37867
1150.0 5650.0 0.36869
1250.0 5650.0 0.32104
1350.0 5650.0 0.26493
1450.0 5650.0 0.23186
1550.0 5650.0 0.24410
1650.0 5650.0 0.30741
1750.0 5650.0 0.40805
1850.0 5650.0 0.51538
1950.0 5650.0 0.59554
2050.0 5650.0 0.61924
2150.0 5650.0 0.57404
2250.0 5650.0 0.47194
2350.0 5650.0 0.34722
2450.0 5650.0 0.24458
2550.0 5650.0 0.19754
2650.0 5650.0 0.19718
2750.0 5650.0 0.17695
2850.0 5650.0 0.09008
2950.0 5650.0 -0.06061
3050.0 5650.0 -0.24266
3150.0 5650.0 -0.41269
3250.0 5650.0 -0.53237
3350.0 5650.0 -0.58153
3450.0 5650.0 -0.56847
3550.0 5650.0 -0.53444
3650.0 5650.0 -0.51009
3750.0 5650.0 -0.48347
3850.0 5650.0 -0.42914
3950.0 5650.0 -0.32942
4050.0 5650.0 -0.18493
4150.0 5650.0 -0.01478
4250.0 5650.0 0.15386
4350.0 5650.0 0.30655
4450.0 5650.0 0.46283
4550.0 5650.0 0.61873
4650.0 5650.0 0.71998
4750.0 5650.0 0.71527
4850.0 5650.0 0.59189
4950.0 5650.0 0.38601
5050.0 5650.0 0.16716
5150.0 5650.0 -0.00274
5250.0 5650.0 -0.13102
5350.0 5650.0 -0.24952
5450.0 5650.0 -0.32795
5550.0 5650.0 -0.33145
5650.0 5650.0 -0.24856
5750.0 5650.0 -0.10121
5850.0 5650.0 0.06147
5950.0 5650.0 0.18548
6050.0 5650.0 0.25042
6150.0 5650.0 0.28385
6250.0 5650.0 0.25695
6350.0 5650.0 0.17078
50.0 5750.0 0.22403
150.0 5750.0 0.08065
250.0 5750.0 -0.07254
350.0 5750.0 -0.19661
450.0 5750.0 -0.24607
550.0 5750.0 -0.20163
650.0 5750.0 -0.08249
750.0 5750.0 0.06171
850.0 5750.0 0.17939
950.0 5750.0 0.26331
1050.0 5750.0 0.31887
1150.0 5750.0 0.32273
1250.0 5750.0 0.28270
1350.0 5750.0 0.22631
1450.0 5750.0 0.18637
1550.0 5750.0 0.18923
1650.0 5750.0 0.24568
1750.0 5750.0 0.34459
1850.0 5750.0 0.45181
1950.0 5750.0 0.52987
2050.0 5750.0 0.55086
2150.0 5750.0 0.50539
2250.0 5750.0 0.40778
2350.0 5750.0 0.29266
2450.0 5750.0 0.20303
2550.0 5750.0 0.16969
2650.0 5750.0 0.18204
2750.0 5750.0 0.16622
2850.0 5750.0 0.06705
2950.0 5750.0 -0.10398
3050.0 5750.0 -0.29931
3150.0 5750.0 -0.46338
3250.0 5750.0 -0.55363
3350.0 5750.0 -0.55447
3450.0 5750.0 -0.48410
3550.0 5750.0 -0.39197
3650.0 5750.0 -0.31816
3750.0 5750.0 -0.26530
3850.0 5750.0 -0.21750
3950.0 5750.0 -0.15540
4050.0 5750.0 -0.06592
4150.0 5750.0 0.05317
4250.0 5750.0 0.19368
4350.0 5750.0 0.34269
4450.0 5750.0 0.49979
4550.0 5750.0 0.65621
4650.0 5750.0 0.75908
4750.0 5750.0 0.75852
4850.0 5750.0 0.64240
4950.0 5750.0 0.44612
5050.0 5750.0 0.23754
5150.0 5750.0 0.07697
5250.0 5750.0 -0.04319
5350.0 5750.0 -0.15896
5450.0 5750.0 -0.24631
5550.0 5750.0 -0.27177
5650.0 5750.0 -0.22046
5750.0 5750.0 -0.10731
5850.0 5750.0 0.02675
5950.0 5750.0 0.13385
6050.0 5750.0 0.19323
6150.0 5750.0 0.22401
6250.0 5750.0 0.19463
6350.0 5750.0 0.10642
50.0 5850.0 0.13094
150.0 5850.0 -0.00890
250.0 5850.0 -0.16460
350.0 5850.0 -0.29731
450.0 5850.0 -0.35803
550.0 5850.0 -0.32292
650.0 5850.0 -0.20755
750.0 5850.0 -0.05996
850.0 5850.0 0.06724
950.0 5850.0 0.16341
1050.0 5850.0 0.23022
1150.0 5850.0 0.24116
1250.0 5850.0 0.20156
1350.0 5850.0 0.13860
1450.0 5850.0 0.08742
1550.0 5850.0 0.07863
1650.0 5850.0 0.12747
1750.0 5850.0 0.22453
1850.0 5850.0 0.33197
1950.0 5850.0 0.41073
2050.0 5850.0 0.43472
2150.0 5850.0 0.39619
2250.0 5850.0 0.30976
2350.0 5850.0 0.20869
2450.0 5850.0 0.13336
2550.0 5850.0 0.11210
2650.0 5850.0 0.13408
2750.0 5850.0 0.12477
2850.0 5850.0 0.02850
2950.0 5850.0 -0.13642
3050.0 5850.0 -0.31477
3150.0 5850.0 -0.44751
3250.0 5850.0 -0.49457
3350.0 5850.0 -0.44737
3450.0 5850.0 -0.33113
3550.0 5850.0 -0.19674
3650.0 5850.0 -0.09474
3750.0 5850.0 -0.04304
3850.0 5850.0 -0.03095
3950.0 5850.0 -0.03195
4050.0 5850.0 -0.01536
4150.0 5850.0 0.04317
4250.0 5850.0 0.15236
4350.0 5850.0 0.29716
4450.0 5850.0 0.45598
4550.0 5850.0 0.61788
4650.0 5850.0 0.73161
4750.0 5850.0 0.74689
4850.0 5850.0 0.64937
4950.0 5850.0 0.47114
5050.0 5850.0 0.27686
5150.0 5850.0 0.12541
5250.0 5850.0 0.01127
5350.0 5850.0 -0.10361
5450.0 5850.0 -0.20068
5550.0 5850.0 -0.24736
5650.0 5850.0 -0.22529
5750.0 5850.0 -0.14300
5850.0 5850.0 -0.03421
5950.0 5850.0 0.05830
6050.0 5850.0 0.11317
6150.0 5850.0 0.14212
6250.0 5850.0 0.11165
6350.0 5850.0 0.02348
50.0 5950.0 0.05007
150.0 5950.0 -0.08793
250.0 5950.0 -0.24460
350.0 5950.0 -0.38105
450.0 5950.0 -0.44661
550.0 5950.0 -0.41532
650.0 5950.0 -0.30108
750.0 5950.0 -0.15130
850.0 5950.0 -0.01914
950.0 5950.0 0.08317
1050.0 5950.0 0.15429
1150.0 5950.0 0.16455
1250.0 5950.0 0.11813
1350.0 5950.0 0.04329
1450.0 5950.0 -0.02188
1550.0 5950.0 -0.04291
1650.0 5950.0 -0.00130
1750.0 5950.0 0.09404
1850.0 5950.0 0.20184
1950.0 5950.0 0.28291
2050.0 5950.0 0.31272
2150.0 5950.0 0.28384
2250.0 5950.0 0.20984
2350.0 5950.0 0.12184
2450.0 5950.0 0.05776
2550.0 5950.0 0.04427
2650.0 5950.0 0.07131
2750.0 5950.0 0.06832
2850.0 5950.0 -0.01527
2950.0 5950.0 -0.15726
3050.0 5950.0 -0.30194
3150.0 5950.0 -0.39368
3250.0 5950.0 -0.39891
3350.0 5950.0 -0.31597
3450.0 5950.0 -0.17337
3550.0 5950.0 -0.01846
3650.0 5950.0 0.08873
3750.0 5950.0 0.11773
3850.0 5950.0 0.07865
3950.0 5950.0 0.00798
4050.0 5950.0 -0.04678
4150.0 5950.0 -0.04324
4250.0 5950.0 0.03887
4350.0 5950.0 0.17992
4450.0 5950.0 0.34071
4550.0 5950.0 0.51038
4650.0 5950.0 0.63907
4750.0 5950.0 0.67487
4850.0 5950.0 0.59973
4950.0 5950.0 0.44136
5050.0 5950.0 0.26085
5150.0 5950.0 0.11619
5250.0 5950.0 0.00517
5350.0 5950.0 -0.10911
5450.0 5950.0 -0.21067
5550.0 5950.0 -0.26737
5650.0 5950.0 -0.25924
5750.0 5950.0 -0.19177
5850.0 5950.0 -0.09517
5950.0 5950.0 -0.00973
6050.0 5950.0 0.04292
6150.0 5950.0 0.07114
6250.0 5950.0 0.04122
6350.0 5950.0 -0.04467
50.0 6050.0 0.00125
150.0 6050.0 -0.13628
250.0 6050.0 -0.29250
350.0 6050.0 -0.42840
450.0 6050.0 -0.49314
550.0 6050.0 -0.46072
650.0 6050.0 -0.34512
750.0 6050.0 -0.19392
850.0 6050.0 -0.06043
950.0 6050.0 0.04300
1050.0 6050.0 0.11297
1150.0 6050.0 0.11697
1250.0 6050.0 0.05907
1350.0 6050.0 -0.03041
1450.0 6050.0 -0.11028
1550.0 6050.0 -0.14284
1650.0 6050.0 -0.10754
1750.0 6050.0 -0.01366
1850.0 6050.0 0.09449
1950.0 6050.0 0.17812
2050.0 6050.0 0.21371
2150.0 6050.0 0.19335
2250.0 6050.0 0.12909
2350.0 6050.0 0.05009
2450.0 6050.0 -0.00747
2550.0 6050.0 -0.01765
2650.0 6050.0 0.01058
2750.0 6050.0 0.01233
2850.0 6050.0 -0.05577
2950.0 6050.0 -0.17032
3050.0 6050.0 -0.27933
3150.0 6050.0 -0.33393
3250.0 6050.0 -0.30782
3350.0 6050.0 -0.20466
3450.0 6050.0 -0.05325
3550.0 6050.0 0.10457
3650.0 6050.0 0.20122
3750.0 6050.0 0.19755
3850.0 6050.0 0.10620
3950.0 6050.0 -0.02631
4050.0 6050.0 -0.13903
4150.0 6050.0 -0.17734
4250.0 6050.0 -0.11487
4350.0 6050.0 0.02340
4450.0 6050.0 0.18590
4550.0 6050.0 0.36308
4650.0 6050.0 0.50609
4750.0 6050.0 0.56090
4850.0 6050.0 0.50571
4950.0 6050.0 0.36410
5050.0 6050.0 0.19415
5150.0 6050.0 0.05342
5250.0 6050.0 -0.05683
5350.0 6050.0 -0.16970
5450.0 6050.0 -0.26854
5550.0 6050.0 -0.32149
5650.0 6050.0 -0.30932
5750.0 6050.0 -0.23833
5850.0 6050.0 -0.13937
5950.0 6050.0 -0.05292
6050.0 6050.0 -0.00024
6150.0 6050.0 0.02812
6250.0 6050.0 -0.00006
6350.0 6050.0 -0.08212
50.0 6150.0 -0.03677
150.0 6150.0 -0.17313
250.0 6150.0 -0.32706
350.0 6150.0 -0.45939
450.0 6150.0 -0.51981
550.0 6150.0 -0.48312
650.0 6150.0 -0.36405
750.0 6150.0 -0.21065
850.0 6150.0 -0.07623
950.0 6150.0 0.02745
1050.0 6150.0 0.09567
1150.0 6150.0 0.09339
1250.0 6150.0 0.02426
1350.0 6150.0 -0.07990
1450.0 6150.0 -0.17510
1550.0 6150.0 -0.22058
1650.0 6150.0 -0.19358
1750.0 6150.0 -0.10345
1850.0 6150.0 0.00283
1950.0 6150.0 0.08751
2050.0 6150.0 0.12833
2150.0 6150.0 0.11661
2250.0 6150.0 0.06235
2350.0 6150.0 -0.00781
2450.0 6150.0 -0.05983
2550.0 6150.0 -0.06864
2650.0 6150.0 -0.04173
2750.0 6150.0 -0.03727
2850.0 6150.0 -0.09107
2950.0 6150.0 -0.17957
3050.0 6150.0 -0.25583
3150.0 6150.0 -0.27840
3250.0 6150.0 -0.22810
3350.0 6150.0 -0.11291
3450.0 6150.0 0.03917
3550.0 6150.0 0.19223
3650.0 6150.0 0.27309
3750.0 6150.0 0.23665
3850.0 6150.0 0.09896
3950.0 6150.0 -0.08461
4050.0 6150.0 -0.24277
4150.0 6150.0 -0.31254
4250.0 6150.0 -0.26442
4350.0 6150.0 -0.12837
4450.0 6150.0 0.03463
4550.0 6150.0 0.21536
4650.0 6150.0 0.36606
4750.0 6150.0 0.43220
4850.0 6150.0 0.39014
4950.0 6150.0 0.26091
5050.0 6150.0 0.10026
5150.0 6150.0 -0.03518
5250.0 6150.0 -0.14216
5350.0 6150.0 -0.25036
5450.0 6150.0 -0.34196
5550.0 6150.0 -0.38580
5650.0 6150.0 -0.36414
5750.0 6150.0 -0.28486
5850.0 6150.0 -0.17996
5950.0 6150.0 -0.09018
6050.0 6150.0 -0.03601
6150.0 6150.0 -0.00605
6250.0 6150.0 -0.03042
6350.0 6150.0 -0.10652
50.0 6250.0 -0.07015
150.0 6250.0 -0.20043
250.0 6250.0 -0.34558
350.0 6250.0 -0.46649
450.0 6250.0 -0.51453
550.0 6250.0 -0.46658
650.0 6250.0 -0.33893
750.0 6250.0 -0.18018
850.0 6250.0 -0.04305
950.0 6250.0 0.06222
1050.0 6250.0 0.13234
1150.0 6250.0 0.13067
1250.0 6250.0 0.05767
1350.0 6250.0 -0.05693
1450.0 6250.0 -0.16871
1550.0 6250.0 -0.23392
1650.0 6250.0 -0.22563
1750.0 6250.0 -0.15064
1850.0 6250.0 -0.05698
1950.0 6250.0 0.02163
2050.0 6250.0 0.06618
2150.0 6250.0 0.06674
2250.0 6250.0 0.02885
2350.0 6250.0 -0.02679
2450.0 6250.0 -0.07155
2550.0 6250.0 -0.08283
2650.0 6250.0 -0.06500
2750.0 6250.0 -0.06493
2850.0 6250.0 -0.10969
2950.0 6250.0 -0.17746
3050.0 6250.0 -0.22893
3150.0 6250.0 -0.23159
3250.0 6250.0 -0.17317
3350.0 6250.0 -0.06428
3450.0 6250.0 0.06995
3550.0 6250.0 0.20084
3650.0 6250.0 0.25647
3750.0 6250.0 0.19332
3850.0 6250.0 0.03232
3950.0 6250.0 -0.16705
4050.0 6250.0 -0.33244
4150.0 6250.0 -0.40334
4250.0 6250.0 -0.35473
4350.0 6250.0 -0.21966
4450.0 6250.0 -0.06115
4550.0 6250.0 0.10635
4650.0 6250.0 0.23765
4750.0 6250.0 0.28516
4850.0 6250.0 0.23188
4950.0 6250.0 0.10236
5050.0 6250.0 -0.04828
5150.0 6250.0 -0.16734
5250.0 6250.0 -0.25617
5350.0 6250.0 -0.34577
5450.0 6250.0 -0.41975
5550.0 6250.0 -0.44942
5650.0 6250.0 -0.41861
5750.0 6250.0 -0.33479
5850.0 6250.0 -0.22760
5950.0 6250.0 -0.13468
6050.0 6250.0 -0.07485
6150.0 6250.0 -0.03708
6250.0 6250.0 -0.04890
6350.0 6250.0 -0.11012
50.0 6350.0 -0.09010
150.0 6350.0 -0.20842
250.0 6350.0 -0.33841
350.0 6350.0 -0.44172
450.0 6350.0 -0.47235
550.0 6350.0 -0.40980
650.0 6350.0 -0.27178
750.0 6350.0 -0.10670
850.0 6350.0 0.03427
950.0 6350.0 0.14284
1050.0 6350.0 0.22023
1150.0 6350.0 0.23037
1250.0 6350.0 0.16688
1350.0 6350.0 0.05207
1450.0 6350.0 -0.07318
1550.0 6350.0 -0.16320
1650.0 6350.0 -0.18495
1750.0 6350.0 -0.13914
1850.0 6350.0 -0.07186
1950.0 6350.0 -0.00871
2050.0 6350.0 0.03695
2150.0 6350.0 0.05337
2250.0 6350.0 0.03879
2350.0 6350.0 0.00388
2450.0 6350.0 -0.03207
2550.0 6350.0 -0.05102
2650.0 6350.0 -0.05218
2750.0 6350.0 -0.06535
2850.0 6350.0 -0.10699
2950.0 6350.0 -0.15951
3050.0 6350.0 -0.19467
3150.0 6350.0 -0.19117
3250.0 6350.0 -0.14379
3350.0 6350.0 -0.06377
3450.0 6350.0 0.02924
3550.0 6350.0 0.11580
3650.0 6350.0 0.13439
3750.0 6350.0 0.05277
3850.0 6350.0 -0.10145
3950.0 6350.0 -0.27080
4050.0 6350.0 -0.39396
4150.0 6350.0 -0.42681
4250.0 6350.0 -0.35852
4350.0 6350.0 -0.22282
4450.0 6350.0 -0.07467
4550.0 6350.0 0.06051
4650.0 6350.0 0.14218
4750.0 6350.0 0.13853
4850.0 6350.0 0.04886
4950.0 6350.0 -0.09226
5050.0 6350.0 -0.22902
5150.0 6350.0 -0.31665
5250.0 6350.0 -0.36837
5350.0 6350.0 -0.42281
5450.0 6350.0 -0.46915
5550.0 6350.0 -0.48334
5650.0 6350.0 -0.44987
5750.0 6350.0 -0.37196
5850.0 6350.0 -0.27138
5950.0 6350.0 -0.17771
6050.0 6350.0 -0.10732
6150.0 6350.0 -0.05385
6250.0 6350.0 -0.04203
6350.0 6350.0 -0.07714
