50.0 50.0 0.00000
150.0 50.0 -0.13501
250.0 50.0 -0.27976
350.0 50.0 -0.42545
450.0 50.0 -0.55311
550.0 50.0 -0.64240
650.0 50.0 -0.67806
750.0 50.0 -0.65405
850.0 50.0 -0.57517
950.0 50.0 -0.45646
1050.0 50.0 -0.32004
1150.0 50.0 -0.18974
1250.0 50.0 -0.08328
1350.0 50.0 -0.00197
1450.0 50.0 0.06831
1550.0 50.0 0.11509
1650.0 50.0 0.12661
1750.0 50.0 0.10200
1850.0 50.0 0.04823
1950.0 50.0 -0.02267
2050.0 50.0 -0.09614
2150.0 50.0 -0.15748
2250.0 50.0 -0.19396
2350.0 50.0 -0.19668
2450.0 50.0 -0.16229
2550.0 50.0 -0.09444
2650.0 50.0 -0.00497
2750.0 50.0 0.08151
2850.0 50.0 0.12694
2950.0 50.0 0.11290
3050.0 50.0 0.04199
3150.0 50.0 -0.06943
3250.0 50.0 -0.19754
3350.0 50.0 -0.31632
3450.0 50.0 -0.40204
3550.0 50.0 -0.43660
3650.0 50.0 -0.41012
3750.0 50.0 -0.32241
3850.0 50.0 -0.18364
3950.0 50.0 -0.01396
4050.0 50.0 0.15508
4150.0 50.0 0.28071
4250.0 50.0 0.33647
4350.0 50.0 0.31598
4450.0 50.0 0.22856
4550.0 50.0 0.09492
4650.0 50.0 -0.05715
4750.0 50.0 -0.19722
4850.0 50.0 -0.29654
4950.0 50.0 -0.33248
5050.0 50.0 -0.29295
5150.0 50.0 -0.18083
5250.0 50.0 -0.01844
5350.0 50.0 0.16004
5450.0 50.0 0.35561
5550.0 50.0 0.56022
5650.0 50.0 0.74818
5750.0 50.0 0.88943
5850.0 50.0 0.95950
5950.0 50.0 0.94603
6050.0 50.0 0.85185
6150.0 50.0 0.69477
6250.0 50.0 0.50387
6350.0 50.0 0.31244
50.0 150.0 -0.10029
150.0 150.0 -0.23407
250.0 150.0 -0.37453
350.0 150.0 -0.51133
450.0 150.0 -0.62527
550.0 150.0 -0.69682
650.0 150.0 -0.71221
750.0 150.0 -0.66725
850.0 150.0 -0.56870
950.0 150.0 -0.43333
1050.0 150.0 -0.28456
1150.0 150.0 -0.14680
1250.0 150.0 -0.03736
1350.0 150.0 0.04399
1450.0 150.0 0.11332
1550.0 150.0 0.15703
1650.0 150.0 0.16217
1750.0 150.0 0.12758
1850.0 150.0 0.06067
1950.0 150.0 -0.02555
2050.0 150.0 -0.11522
2150.0 150.0 -0.19220
2250.0 150.0 -0.24239
2350.0 150.0 -0.25583
2450.0 150.0 -0.22861
2550.0 150.0 -0.16450
2650.0 150.0 -0.07646
2750.0 150.0 0.00884
2850.0 150.0 0.05167
2950.0 150.0 0.03276
3050.0 150.0 -0.04553
3150.0 150.0 -0.16658
3250.0 150.0 -0.30588
3350.0 150.0 -0.43656
3450.0 150.0 -0.53386
3550.0 150.0 -0.57874
3650.0 150.0 -0.56053
3750.0 150.0 -0.47864
3850.0 150.0 -0.34329
3950.0 150.0 -0.17537
4050.0 150.0 -0.00664
4150.0 150.0 0.12518
4250.0 150.0 0.19767
4350.0 150.0 0.20546
4450.0 150.0 0.15658
4550.0 150.0 0.06871
4650.0 150.0 -0.03455
4750.0 150.0 -0.12734
4850.0 150.0 -0.18534
4950.0 150.0 -0.18941
5050.0 150.0 -0.12941
5150.0 150.0 -0.00787
5250.0 150.0 0.15624
5350.0 150.0 0.33446
5450.0 150.0 0.52921
5550.0 150.0 0.73208
5650.0 150.0 0.91733
5750.0 150.0 1.05503
5850.0 150.0 1.12102
5950.0 150.0 1.10327
6050.0 150.0 1.00504
6150.0 150.0 0.84448
6250.0 150.0 0.65096
6350.0 150.0 0.45789
50.0 250.0 -0.20036
150.0 250.0 -0.32965
250.0 250.0 -0.46183
350.0 250.0 -0.58507
450.0 250.0 -0.68044
550.0 250.0 -0.72990
650.0 250.0 -0.72180
750.0 250.0 -0.65424
850.0 250.0 -0.53607
950.0 250.0 -0.38564
1050.0 250.0 -0.22723
1150.0 250.0 -0.08523
1250.0 250.0 0.02399
1350.0 250.0 0.10247
1450.0 250.0 0.16809
1550.0 250.0 0.20627
1650.0 250.0 0.20288
1750.0 250.0 0.15633
1850.0 250.0 0.07427
1950.0 250.0 -0.02957
2050.0 250.0 -0.13819
2150.0 250.0 -0.23413
2250.0 250.0 -0.30189
2350.0 250.0 -0.33037
2450.0 250.0 -0.31490
2550.0 250.0 -0.25924
2650.0 250.0 -0.17732
2750.0 250.0 -0.09742
2850.0 250.0 -0.05897
2950.0 250.0 -0.08083
3050.0 250.0 -0.16078
3150.0 250.0 -0.28266
3250.0 250.0 -0.42260
3350.0 250.0 -0.55436
3450.0 250.0 -0.65374
3550.0 250.0 -0.70209
3650.0 250.0 -0.68889
3750.0 250.0 -0.61344
3850.0 250.0 -0.48567
3950.0 250.0 -0.32598
4050.0 250.0 -0.16443
4150.0 250.0 -0.03263
4250.0 250.0 0.05181
4350.0 250.0 0.08530
4450.0 250.0 0.07492
4550.0 250.0 0.03533
4650.0 250.0 -0.01442
4750.0 250.0 -0.05388
4850.0 250.0 -0.06417
4950.0 250.0 -0.03082
5050.0 250.0 0.05344
5150.0 250.0 0.18591
5250.0 250.0 0.35140
5350.0 250.0 0.52849
5450.0 250.0 0.72144
5550.0 250.0 0.92151
5650.0 250.0 1.10299
5750.0 250.0 1.23624
5850.0 250.0 1.29748
5950.0 250.0 1.27514
6050.0 250.0 1.17288
6150.0 250.0 1.00916
6250.0 250.0 0.81351
6350.0 250.0 0.61934
50.0 350.0 -0.29193
150.0 350.0 -0.41177
250.0 350.0 -0.52997
350.0 350.0 -0.63336
450.0 350.0 -0.70414
550.0 350.0 -0.72668
650.0 350.0 -0.69229
750.0 350.0 -0.60184
850.0 350.0 -0.46627
950.0 350.0 -0.30506
1050.0 350.0 -0.14253
1150.0 350.0 -0.00210
1250.0 350.0 0.10160
1350.0 350.0 0.17268
1450.0 350.0 0.23046
1550.0 350.0 0.25983
1650.0 350.0 0.24583
1750.0 350.0 0.18626
1850.0 350.0 0.08852
1950.0 350.0 -0.03345
2050.0 350.0 -0.16209
2150.0 350.0 -0.27903
2250.0 350.0 -0.36768
2350.0 350.0 -0.41579
2450.0 350.0 -0.41785
2550.0 350.0 -0.37727
2650.0 350.0 -0.30854
2750.0 350.0 -0.24053
2850.0 350.0 -0.20930
2950.0 350.0 -0.23140
3050.0 350.0 -0.30462
3150.0 350.0 -0.41437
3250.0 350.0 -0.53936
3350.0 350.0 -0.65628
3450.0 350.0 -0.74381
3550.0 350.0 -0.78566
3650.0 350.0 -0.77283
3750.0 350.0 -0.70505
3850.0 350.0 -0.59135
3950.0 350.0 -0.44978
4050.0 350.0 -0.30606
4150.0 350.0 -0.18448
4250.0 350.0 -0.09696
4350.0 350.0 -0.04440
4450.0 350.0 -0.01985
4550.0 350.0 -0.01144
4650.0 350.0 -0.00491
4750.0 350.0 0.01401
4850.0 350.0 0.05752
4950.0 350.0 0.13401
5050.0 350.0 0.24650
5150.0 350.0 0.39141
5250.0 350.0 0.55757
5350.0 350.0 0.73221
5450.0 350.0 0.92193
5550.0 350.0 1.11776
5650.0 350.0 1.29415
5750.0 350.0 1.42195
5850.0 350.0 1.47792
5950.0 350.0 1.45100
6050.0 350.0 1.34522
6150.0 350.0 1.17923
6250.0 350.0 0.98252
6350.0 350.0 0.78832
50.0 450.0 -0.36325
150.0 450.0 -0.46843
250.0 450.0 -0.56707
350.0 450.0 -0.64510
450.0 450.0 -0.68672
550.0 450.0 -0.67969
650.0 450.0 -0.61893
750.0 450.0 -0.50833
850.0 450.0 -0.36065
950.0 450.0 -0.19575
1050.0 450.0 -0.03692
1150.0 450.0 0.09453
1250.0 450.0 0.18653
1350.0 450.0 0.24527
1450.0 450.0 0.29089
1550.0 450.0 0.30870
1650.0 450.0 0.28350
1750.0 450.0 0.21240
1850.0 450.0 0.10195
1950.0 450.0 -0.03462
2050.0 450.0 -0.18012
2150.0 450.0 -0.31613
2250.0 450.0 -0.42561
2350.0 450.0 -0.49558
2450.0 450.0 -0.51961
2550.0 450.0 -0.50041
2650.0 450.0 -0.45230
2750.0 450.0 -0.40312
2850.0 450.0 -0.38227
2950.0 450.0 -0.40204
3050.0 450.0 -0.46007
3150.0 450.0 -0.54455
3250.0 450.0 -0.63873
3350.0 450.0 -0.72465
3450.0 450.0 -0.78625
3550.0 450.0 -0.81165
3650.0 450.0 -0.79480
3750.0 450.0 -0.73634
3850.0 450.0 -0.64378
3950.0 450.0 -0.53094
4050.0 450.0 -0.41655
4150.0 450.0 -0.31702
4250.0 450.0 -0.23813
4350.0 450.0 -0.17714
4450.0 450.0 -0.12634
4550.0 450.0 -0.07588
4650.0 450.0 -0.01608
4750.0 450.0 0.06086
4850.0 450.0 0.15968
4950.0 450.0 0.28156
5050.0 450.0 0.42408
5150.0 450.0 0.58186
5250.0 450.0 0.74773
5350.0 450.0 0.91850
5450.0 450.0 1.10359
5550.0 450.0 1.29386
5650.0 450.0 1.46418
5750.0 450.0 1.58600
5850.0 450.0 1.63677
5950.0 450.0 1.60596
6050.0 450.0 1.49786
6150.0 450.0 1.33113
6250.0 450.0 1.13497
6350.0 450.0 0.94215
50.0 550.0 -0.40375
150.0 550.0 -0.48990
250.0 550.0 -0.56477
350.0 550.0 -0.61412
450.0 550.0 -0.62492
550.0 550.0 -0.58902
650.0 550.0 -0.50532
750.0 550.0 -0.38059
850.0 550.0 -0.22885
950.0 550.0 -0.06938
1050.0 550.0 0.07672
1150.0 550.0 0.19136
1250.0 550.0 0.26569
1350.0 550.0 0.30774
1450.0 550.0 0.33763
1550.0 550.0 0.34234
1650.0 550.0 0.30741
1750.0 550.0 0.22923
1850.0 550.0 0.11281
1950.0 550.0 -0.03040
2050.0 550.0 -0.18485
2150.0 550.0 -0.33332
2250.0 550.0 -0.45934
2350.0 550.0 -0.54979
2450.0 550.0 -0.59757
2550.0 550.0 -0.60425
2650.0 550.0 -0.58296
2750.0 550.0 -0.55864
2850.0 550.0 -0.55105
2950.0 550.0 -0.56664
3050.0 550.0 -0.60283
3150.0 550.0 -0.65154
3250.0 550.0 -0.70223
3350.0 550.0 -0.74425
3450.0 550.0 -0.76876
3550.0 550.0 -0.77000
3650.0 550.0 -0.74598
3750.0 550.0 -0.69867
3850.0 550.0 -0.63354
3950.0 550.0 -0.55861
4050.0 550.0 -0.48360
4150.0 550.0 -0.41742
4250.0 550.0 -0.35987
4350.0 550.0 -0.30395
4450.0 550.0 -0.24014
4550.0 550.0 -0.15955
4650.0 550.0 -0.05625
4750.0 550.0 0.07149
4850.0 550.0 0.22091
4950.0 550.0 0.38550
5050.0 550.0 0.55663
5150.0 550.0 0.72631
5250.0 550.0 0.89078
5350.0 550.0 1.05650
5450.0 550.0 1.23586
5550.0 550.0 1.41976
5650.0 550.0 1.58361
5750.0 550.0 1.69967
5850.0 550.0 1.74608
5950.0 550.0 1.71278
6050.0 550.0 1.60418
6150.0 550.0 1.43870
6250.0 550.0 1.24501
6350.0 550.0 1.05512
50.0 650.0 -0.40724
150.0 650.0 -0.47156
250.0 650.0 -0.52063
350.0 650.0 -0.54077
450.0 650.0 -0.52242
550.0 650.0 -0.46179
650.0 650.0 -0.36170
750.0 650.0 -0.23136
850.0 650.0 -0.08523
950.0 650.0 0.05902
1050.0 650.0 0.18356
1150.0 650.0 0.27440
1250.0 650.0 0.32627
1350.0 650.0 0.34858
1450.0 650.0 0.36050
1550.0 650.0 0.35211
1650.0 650.0 0.31084
1750.0 650.0 0.23242
1850.0 650.0 0.11970
1950.0 650.0 -0.01882
2050.0 650.0 -0.17063
2150.0 650.0 -0.32108
2250.0 650.0 -0.45552
2350.0 650.0 -0.56158
2450.0 650.0 -0.63176
2550.0 650.0 -0.66621
2650.0 650.0 -0.67571
2750.0 650.0 -0.68030
2850.0 650.0 -0.68810
2950.0 650.0 -0.69875
3050.0 650.0 -0.70938
3150.0 650.0 -0.71629
3250.0 650.0 -0.71615
3350.0 650.0 -0.70686
3450.0 650.0 -0.68801
3550.0 650.0 -0.66094
3650.0 650.0 -0.62844
3750.0 650.0 -0.59400
3850.0 650.0 -0.56075
3950.0 650.0 -0.52991
4050.0 650.0 -0.50122
4150.0 650.0 -0.47732
4250.0 650.0 -0.45287
4350.0 650.0 -0.41635
4450.0 650.0 -0.35545
4550.0 650.0 -0.26099
4650.0 650.0 -0.12952
4750.0 650.0 0.03575
4850.0 650.0 0.22528
4950.0 650.0 0.42515
5050.0 650.0 0.62034
5150.0 650.0 0.79959
5250.0 650.0 0.96160
5350.0 650.0 1.12149
5450.0 650.0 1.29453
5550.0 650.0 1.47186
5650.0 650.0 1.62959
5750.0 650.0 1.74082
5850.0 650.0 1.78437
5950.0 650.0 1.75051
6050.0 650.0 1.64360
6150.0 650.0 1.48155
6250.0 650.0 1.29223
6350.0 650.0 1.10674
50.0 750.0 -0.37377
150.0 750.0 -0.41544
250.0 750.0 -0.43908
350.0 750.0 -0.43236
450.0 750.0 -0.38947
550.0 750.0 -0.31091
650.0 750.0 -0.20296
750.0 750.0 -0.07654
850.0 750.0 0.05432
950.0 750.0 0.17450
1050.0 750.0 0.27026
1150.0 750.0 0.33224
1250.0 750.0 0.35882
1350.0 750.0 0.36009
1450.0 750.0 0.35349
1550.0 750.0 0.33352
1650.0 750.0 0.29060
1750.0 750.0 0.22002
1850.0 750.0 0.12191
1950.0 750.0 0.00083
2050.0 750.0 -0.13502
2150.0 750.0 -0.27496
2250.0 750.0 -0.40733
2350.0 750.0 -0.52147
2450.0 750.0 -0.60992
2550.0 750.0 -0.67115
2650.0 750.0 -0.71254
2750.0 750.0 -0.74754
2850.0 750.0 -0.77178
2950.0 750.0 -0.77788
3050.0 750.0 -0.76273
3150.0 750.0 -0.72715
3250.0 750.0 -0.67529
3350.0 750.0 -0.61385
3450.0 750.0 -0.55112
3550.0 750.0 -0.49578
3650.0 750.0 -0.45547
3750.0 750.0 -0.43525
3850.0 750.0 -0.43579
3950.0 750.0 -0.45132
4050.0 750.0 -0.47171
4150.0 750.0 -0.49523
4250.0 750.0 -0.51278
4350.0 750.0 -0.50843
4450.0 750.0 -0.46637
4550.0 750.0 -0.37590
4650.0 750.0 -0.23446
4750.0 750.0 -0.04866
4850.0 750.0 0.16658
4950.0 750.0 0.39090
5050.0 750.0 0.60328
5150.0 750.0 0.78884
5250.0 750.0 0.94753
5350.0 750.0 1.10133
5450.0 750.0 1.26807
5550.0 750.0 1.43928
5650.0 750.0 1.59188
5750.0 750.0 1.69977
5850.0 750.0 1.74235
5950.0 750.0 1.71008
6050.0 750.0 1.60703
6150.0 750.0 1.45041
6250.0 750.0 1.26709
6350.0 750.0 1.08712
50.0 850.0 -0.31006
150.0 850.0 -0.33035
250.0 850.0 -0.33124
350.0 850.0 -0.30236
450.0 850.0 -0.24161
550.0 850.0 -0.15331
650.0 850.0 -0.04643
750.0 850.0 0.06724
850.0 850.0 0.17493
950.0 850.0 0.26471
1050.0 850.0 0.32738
1150.0 850.0 0.35826
1250.0 850.0 0.35912
1350.0 850.0 0.34004
1450.0 850.0 0.31610
1550.0 850.0 0.28727
1650.0 850.0 0.24785
1750.0 850.0 0.19291
1850.0 850.0 0.11958
1950.0 850.0 0.02778
2050.0 850.0 -0.07953
2150.0 850.0 -0.19668
2250.0 850.0 -0.31607
2350.0 850.0 -0.42953
2450.0 850.0 -0.53010
2550.0 850.0 -0.61450
2650.0 850.0 -0.68592
2750.0 850.0 -0.75002
2850.0 850.0 -0.79051
2950.0 850.0 -0.79354
3050.0 850.0 -0.75584
3150.0 850.0 -0.68243
3250.0 850.0 -0.58439
3350.0 850.0 -0.47656
3450.0 850.0 -0.37520
3550.0 850.0 -0.29567
3650.0 850.0 -0.25007
3750.0 850.0 -0.24481
3850.0 850.0 -0.27823
3950.0 850.0 -0.33816
4050.0 850.0 -0.40578
4150.0 850.0 -0.47727
4250.0 850.0 -0.54129
4350.0 850.0 -0.57805
4450.0 850.0 -0.56792
4550.0 850.0 -0.49761
4650.0 850.0 -0.36396
4750.0 850.0 -0.17521
4850.0 850.0 0.05010
4950.0 850.0 0.28664
5050.0 850.0 0.50830
5150.0 850.0 0.69659
5250.0 850.0 0.85146
5350.0 850.0 0.99950
5450.0 850.0 1.16053
5550.0 850.0 1.32663
5650.0 850.0 1.47553
5750.0 850.0 1.58185
5850.0 850.0 1.62541
5950.0 850.0 1.59668
6050.0 850.0 1.49927
6150.0 850.0 1.34952
6250.0 850.0 1.17324
6350.0 850.0 0.99939
50.0 950.0 -0.22849
150.0 950.0 -0.23059
250.0 950.0 -0.21327
350.0 950.0 -0.16847
450.0 950.0 -0.09742
550.0 950.0 -0.00746
650.0 950.0 0.09064
750.0 950.0 0.18508
850.0 950.0 0.26493
950.0 950.0 0.32175
1050.0 950.0 0.35074
1150.0 950.0 0.35158
1250.0 950.0 0.32883
1350.0 950.0 0.29195
1450.0 950.0 0.25341
1550.0 950.0 0.21917
1650.0 950.0 0.18789
1750.0 950.0 0.15468
1850.0 950.0 0.11367
1950.0 950.0 0.05992
2050.0 950.0 -0.00932
2150.0 950.0 -0.09394
2250.0 950.0 -0.19100
2350.0 950.0 -0.29537
2450.0 950.0 -0.40103
2550.0 950.0 -0.50298
2650.0 950.0 -0.59984
2750.0 950.0 -0.68915
2850.0 950.0 -0.74444
2950.0 950.0 -0.74670
3050.0 950.0 -0.69259
3150.0 950.0 -0.59063
3250.0 950.0 -0.45754
3350.0 950.0 -0.31472
3450.0 950.0 -0.18486
3550.0 950.0 -0.08866
3650.0 950.0 -0.04168
3750.0 950.0 -0.05134
3850.0 950.0 -0.11405
3950.0 950.0 -0.21240
4050.0 950.0 -0.32107
4150.0 950.0 -0.43626
4250.0 950.0 -0.54591
4350.0 950.0 -0.62719
4450.0 950.0 -0.65674
4550.0 950.0 -0.61809
4650.0 950.0 -0.50626
4750.0 950.0 -0.32948
4850.0 950.0 -0.10813
4950.0 950.0 0.12924
5050.0 950.0 0.35268
5150.0 950.0 0.54045
5250.0 950.0 0.69146
5350.0 950.0 0.83457
5450.0 950.0 0.99095
5550.0 950.0 1.15334
5650.0 950.0 1.30018
5750.0 950.0 1.40665
5850.0 950.0 1.45284
5950.0 950.0 1.42904
6050.0 950.0 1.33830
6150.0 950.0 1.19607
6250.0 950.0 1.02708
6350.0 950.0 0.85929
50.0 1050.0 -0.14484
150.0 1050.0 -0.13334
250.0 1050.0 -0.10348
350.0 1050.0 -0.04955
450.0 1050.0 0.02461
550.0 1050.0 0.10961
650.0 1050.0 0.19382
750.0 1050.0 0.26607
850.0 1050.0 0.31753
950.0 1050.0 0.34306
1050.0 1050.0 0.34174
1150.0 1050.0 0.31679
1250.0 1050.0 0.27479
1350.0 1050.0 0.22417
1450.0 1050.0 0.17492
1550.0 1050.0 0.13887
1650.0 1050.0 0.11908
1750.0 1050.0 0.11092
1850.0 1050.0 0.10581
1950.0 1050.0 0.09419
2050.0 1050.0 0.06780
2150.0 1050.0 0.02123
2250.0 1050.0 -0.04733
2350.0 1050.0 -0.13601
2450.0 1050.0 -0.23994
2550.0 1050.0 -0.35270
2650.0 1050.0 -0.46842
2750.0 1050.0 -0.57703
2850.0 1050.0 -0.64465
2950.0 1050.0 -0.64890
3050.0 1050.0 -0.58651
3150.0 1050.0 -0.46843
3250.0 1050.0 -0.31524
3350.0 1050.0 -0.15273
3450.0 1050.0 -0.00783
3550.0 1050.0 0.09532
3650.0 1050.0 0.13897
3750.0 1050.0 0.11520
3850.0 1050.0 0.02900
3950.0 1050.0 -0.09877
4050.0 1050.0 -0.23888
4150.0 1050.0 -0.38926
4250.0 1050.0 -0.53837
4350.0 1050.0 -0.66131
4450.0 1050.0 -0.73152
4550.0 1050.0 -0.72927
4650.0 1050.0 -0.64709
4750.0 1050.0 -0.49201
4850.0 1050.0 -0.28461
4950.0 1050.0 -0.05501
5050.0 1050.0 0.16439
5150.0 1050.0 0.34927
5250.0 1050.0 0.49687
5350.0 1050.0 0.63627
5450.0 1050.0 0.78939
5550.0 1050.0 0.94960
5650.0 1050.0 1.09593
5750.0 1050.0 1.20396
5850.0 1050.0 1.25381
5950.0 1050.0 1.23554
6050.0 1050.0 1.15159
6150.0 1050.0 1.01657
6250.0 1050.0 0.85426
6350.0 1050.0 0.69183
50.0 1150.0 -0.07444
150.0 1150.0 -0.05459
250.0 1150.0 -0.01811
350.0 1150.0 0.03872
450.0 1150.0 0.11026
550.0 1150.0 0.18608
650.0 1150.0 0.25451
750.0 1150.0 0.30538
850.0 1150.0 0.33192
950.0 1150.0 0.33168
1050.0 1150.0 0.30667
1150.0 1150.0 0.26258
1250.0 1150.0 0.20717
1350.0 1150.0 0.14769
1450.0 1150.0 0.09209
1550.0 1150.0 0.05744
1650.0 1150.0 0.05075
1750.0 1150.0 0.06781
1850.0 1150.0 0.09782
1950.0 1150.0 0.12735
2050.0 1150.0 0.14334
2150.0 1150.0 0.13546
2250.0 1150.0 0.09759
2350.0 1150.0 0.02850
2450.0 1150.0 -0.06820
2550.0 1150.0 -0.18499
2650.0 1150.0 -0.31207
2750.0 1150.0 -0.43305
2850.0 1150.0 -0.50993
2950.0 1150.0 -0.51894
3050.0 1150.0 -0.45703
3150.0 1150.0 -0.33640
3250.0 1150.0 -0.17943
3350.0 1150.0 -0.01390
3450.0 1150.0 0.13147
3550.0 1150.0 0.23119
3650.0 1150.0 0.26679
3750.0 1150.0 0.23034
3850.0 1150.0 0.12763
3950.0 1150.0 -0.01898
4050.0 1150.0 -0.17914
4150.0 1150.0 -0.35348
4250.0 1150.0 -0.53174
4350.0 1150.0 -0.68795
4450.0 1150.0 -0.79317
4550.0 1150.0 -0.82489
4650.0 1150.0 -0.77309
4750.0 1150.0 -0.64293
4850.0 1150.0 -0.45412
4950.0 1150.0 -0.23694
5050.0 1150.0 -0.02490
5150.0 1150.0 0.15592
5250.0 1150.0 0.30094
5350.0 1150.0 0.43804
5450.0 1150.0 0.58938
5550.0 1150.0 0.74887
5650.0 1150.0 0.89595
5750.0 1150.0 1.00638
5850.0 1150.0 1.06023
5950.0 1150.0 1.04723
6050.0 1150.0 0.96927
6150.0 1150.0 0.84029
6250.0 1150.0 0.68335
6350.0 1150.0 0.52502
50.0 1250.0 -0.02711
150.0 1250.0 -0.00378
250.0 1250.0 0.03427
350.0 1250.0 0.08921
450.0 1250.0 0.15453
550.0 1250.0 0.21957
650.0 1250.0 0.27318
750.0 1250.0 0.30638
850.0 1250.0 0.31402
950.0 1250.0 0.29557
1050.0 1250.0 0.25491
1150.0 1250.0 0.19910
1250.0 1250.0 0.13629
1350.0 1250.0 0.07261
1450.0 1250.0 0.01469
1550.0 1250.0 -0.01621
1650.0 1250.0 -0.00984
1750.0 1250.0 0.03007
1850.0 1250.0 0.09118
1950.0 1250.0 0.15705
2050.0 1250.0 0.21088
2150.0 1250.0 0.23840
2250.0 1250.0 0.22989
2350.0 1250.0 0.18149
2450.0 1250.0 0.09559
2550.0 1250.0 -0.01957
2650.0 1250.0 -0.15109
2750.0 1250.0 -0.27789
2850.0 1250.0 -0.36100
2950.0 1250.0 -0.37709
3050.0 1250.0 -0.32342
3150.0 1250.0 -0.21236
3250.0 1250.0 -0.06625
3350.0 1250.0 0.08740
3450.0 1250.0 0.22029
3550.0 1250.0 0.30748
3650.0 1250.0 0.33108
3750.0 1250.0 0.28363
3850.0 1250.0 0.17111
3950.0 1250.0 0.01567
4050.0 1250.0 -0.15368
4150.0 1250.0 -0.34052
4250.0 1250.0 -0.53613
4350.0 1250.0 -0.71427
4450.0 1250.0 -0.84463
4550.0 1250.0 -0.90269
4650.0 1250.0 -0.87628
4750.0 1250.0 -0.76863
4850.0 1250.0 -0.59802
4950.0 1250.0 -0.39399
5050.0 1250.0 -0.19012
5150.0 1250.0 -0.01335
5250.0 1250.0 0.13006
5350.0 1250.0 0.26618
5450.0 1250.0 0.41704
5550.0 1250.0 0.57695
5650.0 1250.0 0.72557
5750.0 1250.0 0.83869
5850.0 1250.0 0.89624
5950.0 1250.0 0.88761
6050.0 1250.0 0.81428
6150.0 1250.0 0.68969
6250.0 1250.0 0.53646
6350.0 1250.0 0.38082
50.0 1350.0 -0.00057
150.0 1350.0 0.02307
250.0 1350.0 0.05957
350.0 1350.0 0.11006
450.0 1350.0 0.16768
550.0 1350.0 0.22211
650.0 1350.0 0.26299
750.0 1350.0 0.28244
850.0 1350.0 0.27661
950.0 1350.0 0.24623
1050.0 1350.0 0.19618
1150.0 1350.0 0.13414
1250.0 1350.0 0.06818
1350.0 1350.0 0.00346
1450.0 1350.0 -0.05419
1550.0 1350.0 -0.08012
1650.0 1350.0 -0.06152
1750.0 1350.0 -0.00162
1850.0 1350.0 0.08617
1950.0 1350.0 0.18319
2050.0 1350.0 0.26975
2150.0 1350.0 0.32843
2250.0 1350.0 0.34667
2350.0 1350.0 0.31835
2450.0 1350.0 0.24477
2550.0 1350.0 0.13460
2650.0 1350.0 0.00316
2750.0 1350.0 -0.12511
2850.0 1350.0 -0.21238
2950.0 1350.0 -0.23692
3050.0 1350.0 -0.19639
3150.0 1350.0 -0.10260
3250.0 1350.0 0.02336
3350.0 1350.0 0.15565
3450.0 1350.0 0.26787
3550.0 1350.0 0.33685
3650.0 1350.0 0.34609
3750.0 1350.0 0.28891
3850.0 1350.0 0.17113
3950.0 1350.0 0.01348
4050.0 1350.0 -0.15778
4150.0 1350.0 -0.34907
4250.0 1350.0 -0.55310
4350.0 1350.0 -0.74391
4450.0 1350.0 -0.89048
4550.0 1350.0 -0.96703
4650.0 1350.0 -0.95975
4750.0 1350.0 -0.87017
4850.0 1350.0 -0.71504
4950.0 1350.0 -0.52276
5050.0 1350.0 -0.32637
5150.0 1350.0 -0.15312
5250.0 1350.0 -0.01053
5350.0 1350.0 0.12547
5450.0 1350.0 0.27665
5550.0 1350.0 0.43761
5650.0 1350.0 0.58810
5750.0 1350.0 0.70385
5850.0 1350.0 0.76457
5950.0 1350.0 0.75940
6050.0 1350.0 0.68946
6150.0 1350.0 0.56790
6250.0 1350.0 0.41706
6350.0 1350.0 0.26300
50.0 1450.0 0.02554
150.0 1450.0 0.04918
250.0 1450.0 0.08374
350.0 1450.0 0.12925
450.0 1450.0 0.17863
550.0 1450.0 0.22192
650.0 1450.0 0.24963
750.0 1450.0 0.25507
850.0 1450.0 0.23571
950.0 1450.0 0.19352
1050.0 1450.0 0.13438
1150.0 1450.0 0.06649
1250.0 1450.0 -0.00221
1350.0 1450.0 -0.06758
1450.0 1450.0 -0.12464
1550.0 1450.0 -0.14566
1650.0 1450.0 -0.11542
1750.0 1450.0 -0.03663
1850.0 1450.0 0.07633
1950.0 1450.0 0.20279
2050.0 1450.0 0.32039
2150.0 1450.0 0.40881
2250.0 1450.0 0.45276
2350.0 1450.0 0.44404
2450.0 1450.0 0.38284
2550.0 1450.0 0.27822
2650.0 1450.0 0.14771
2750.0 1450.0 0.01879
2850.0 1450.0 -0.07233
2950.0 1450.0 -0.10575
3050.0 1450.0 -0.07951
3150.0 1450.0 -0.00468
3250.0 1450.0 0.09918
3350.0 1450.0 0.20824
3450.0 1450.0 0.29827
3550.0 1450.0 0.34811
3650.0 1450.0 0.34283
3750.0 1450.0 0.27651
3850.0 1450.0 0.15471
3950.0 1450.0 -0.00348
4050.0 1450.0 -0.17484
4150.0 1450.0 -0.36845
4250.0 1450.0 -0.57842
4350.0 1450.0 -0.77918
4450.0 1450.0 -0.93934
4550.0 1450.0 -1.03209
4650.0 1450.0 -1.04221
4750.0 1450.0 -0.96964
4850.0 1450.0 -0.82957
4950.0 1450.0 -0.64914
5050.0 1450.0 -0.46067
5150.0 1450.0 -0.29148
5250.0 1450.0 -0.15023
5350.0 1450.0 -0.01480
5450.0 1450.0 0.13640
5550.0 1450.0 0.29840
5650.0 1450.0 0.45113
5750.0 1450.0 0.57025
5850.0 1450.0 0.63523
5950.0 1450.0 0.63479
6050.0 1450.0 0.56963
6150.0 1450.0 0.45239
6250.0 1450.0 0.30499
6350.0 1450.0 0.15325
50.0 1550.0 0.07307
150.0 1550.0 0.09866
250.0 1550.0 0.13261
350.0 1550.0 0.17333
450.0 1550.0 0.21310
550.0 1550.0 0.24220
650.0 1550.0 0.25217
750.0 1550.0 0.23784
850.0 1550.0 0.19859
950.0 1550.0 0.13831
1050.0 1550.0 0.06461
1150.0 1550.0 -0.01326
1250.0 1550.0 -0.08728
1350.0 1550.0 -0.15471
1450.0 1550.0 -0.21236
1550.0 1550.0 -0.22994
1650.0 1550.0 -0.18991
1750.0 1550.0 -0.09443
1850.0 1550.0 0.04127
1950.0 1550.0 0.19468
2050.0 1550.0 0.34092
2150.0 1550.0 0.45694
2250.0 1550.0 0.52484
2350.0 1550.0 0.53434
2450.0 1550.0 0.48455
2550.0 1550.0 0.38479
2650.0 1550.0 0.25470
2750.0 1550.0 0.12464
2850.0 1550.0 0.02908
2950.0 1550.0 -0.01384
3050.0 1550.0 -0.00237
3150.0 1550.0 0.05333
3250.0 1550.0 0.13538
3350.0 1550.0 0.22205
3450.0 1550.0 0.29122
3550.0 1550.0 0.32363
3650.0 1550.0 0.30571
3750.0 1550.0 0.23213
3850.0 1550.0 0.10798
3950.0 1550.0 -0.04930
4050.0 1550.0 -0.21926
4150.0 1550.0 -0.41303
4250.0 1550.0 -0.62608
4350.0 1550.0 -0.83365
4450.0 1550.0 -1.00450
4550.0 1550.0 -1.11140
4650.0 1550.0 -1.13815
4750.0 1550.0 -1.08327
4850.0 1550.0 -0.96031
4950.0 1550.0 -0.79485
5050.0 1550.0 -0.61801
5150.0 1550.0 -0.45670
5250.0 1550.0 -0.32047
5350.0 1550.0 -0.18909
5450.0 1550.0 -0.04049
5550.0 1550.0 0.12161
5650.0 1550.0 0.27781
5750.0 1550.0 0.40386
5850.0 1550.0 0.47880
5950.0 1550.0 0.49043
6050.0 1550.0 0.43813
6150.0 1550.0 0.33312
6250.0 1550.0 0.19592
6350.0 1550.0 0.05131
50.0 1650.0 0.14543
150.0 1650.0 0.17609
250.0 1650.0 0.21196
350.0 1650.0 0.24922
450.0 1650.0 0.27894
550.0 1650.0 0.29139
650.0 1650.0 0.27906
750.0 1650.0 0.23873
850.0 1650.0 0.17227
950.0 1650.0 0.08641
1050.0 1650.0 -0.00868
1150.0 1650.0 -0.10186
1250.0 1650.0 -0.18472
1350.0 1650.0 -0.25631
1450.0 1650.0 -0.31647
1550.0 1650.0 -0.33314
1650.0 1650.0 -0.28680
1750.0 1650.0 -0.17903
1850.0 1650.0 -0.02565
1950.0 1650.0 0.14931
2050.0 1650.0 0.31890
2150.0 1650.0 0.45769
2250.0 1650.0 0.54546
2350.0 1650.0 0.57005
2450.0 1650.0 0.52950
2550.0 1650.0 0.43326
2650.0 1650.0 0.30278
2750.0 1650.0 0.17084
2850.0 1650.0 0.07016
2950.0 1650.0 0.01733
3050.0 1650.0 0.01417
3150.0 1650.0 0.05170
3250.0 1650.0 0.11383
3350.0 1650.0 0.18088
3450.0 1650.0 0.23270
3550.0 1650.0 0.25158
3650.0 1650.0 0.22492
3750.0 1650.0 0.14757
3850.0 1650.0 0.02396
3950.0 1650.0 -0.13010
4050.0 1650.0 -0.29626
4150.0 1650.0 -0.48662
4250.0 1650.0 -0.69777
4350.0 1650.0 -0.90631
4450.0 1650.0 -1.08214
4550.0 1650.0 -1.19859
4650.0 1650.0 -1.23925
4750.0 1650.0 -1.20165
4850.0 1650.0 -1.09775
4950.0 1650.0 -0.95113
5050.0 1650.0 -0.79106
5150.0 1650.0 -0.64331
5250.0 1650.0 -0.51773
5350.0 1650.0 -0.39585
5450.0 1650.0 -0.25421
5550.0 1650.0 -0.09429
5650.0 1650.0 0.06599
5750.0 1650.0 0.20279
5850.0 1650.0 0.29454
5950.0 1650.0 0.32744
6050.0 1650.0 0.29852
6150.0 1650.0 0.21620
6250.0 1650.0 0.09828
6350.0 1650.0 -0.03259
50.0 1750.0 0.23286
150.0 1750.0 0.27204
250.0 1750.0 0.31320
350.0 1750.0 0.34987
450.0 1750.0 0.37141
550.0 1750.0 0.36758
650.0 1750.0 0.33165
750.0 1750.0 0.26233
850.0 1750.0 0.16439
950.0 1750.0 0.04794
1050.0 1750.0 -0.07351
1150.0 1750.0 -0.18629
1250.0 1750.0 -0.28114
1350.0 1750.0 -0.35903
1450.0 1750.0 -0.42377
1550.0 1750.0 -0.44264
1650.0 1750.0 -0.39457
1750.0 1750.0 -0.28057
1850.0 1750.0 -0.11674
1950.0 1750.0 0.07192
2050.0 1750.0 0.25698
2150.0 1750.0 0.41126
2250.0 1750.0 0.51271
2350.0 1750.0 0.54766
2450.0 1750.0 0.51315
2550.0 1750.0 0.41861
2650.0 1750.0 0.28676
2750.0 1750.0 0.15220
2850.0 1750.0 0.04600
2950.0 1750.0 -0.01640
3050.0 1750.0 -0.03278
3150.0 1750.0 -0.01074
3250.0 1750.0 0.03544
3350.0 1750.0 0.08793
3450.0 1750.0 0.12813
3550.0 1750.0 0.13938
3650.0 1750.0 0.10947
3750.0 1750.0 0.03296
3850.0 1750.0 -0.08664
3950.0 1750.0 -0.23492
4050.0 1750.0 -0.39466
4150.0 1750.0 -0.57743
4250.0 1750.0 -0.78054
4350.0 1750.0 -0.98254
4450.0 1750.0 -1.15555
4550.0 1750.0 -1.27463
4650.0 1750.0 -1.32418
4750.0 1750.0 -1.30144
4850.0 1750.0 -1.21692
4950.0 1750.0 -1.09198
5050.0 1750.0 -0.95336
5150.0 1750.0 -0.82485
5250.0 1750.0 -0.71592
5350.0 1750.0 -0.60944
5450.0 1750.0 -0.47994
5550.0 1750.0 -0.32570
5650.0 1750.0 -0.16245
5750.0 1750.0 -0.01316
5850.0 1750.0 0.09997
5950.0 1750.0 0.16107
6050.0 1750.0 0.16396
6150.0 1750.0 0.11312
6250.0 1750.0 0.02233
6350.0 1750.0 -0.08896
50.0 1850.0 0.31939
150.0 1850.0 0.37020
250.0 1850.0 0.42033
350.0 1850.0 0.46062
450.0 1850.0 0.47837
550.0 1850.0 0.46227
650.0 1850.0 0.40587
750.0 1850.0 0.30949
850.0 1850.0 0.18064
950.0 1850.0 0.03296
1050.0 1850.0 -0.11635
1150.0 1850.0 -0.25066
1250.0 1850.0 -0.35943
1350.0 1850.0 -0.44534
1450.0 1850.0 -0.51657
1550.0 1850.0 -0.54074
1650.0 1850.0 -0.49590
1750.0 1850.0 -0.38252
1850.0 1850.0 -0.21663
1950.0 1850.0 -0.02355
2050.0 1850.0 0.16755
2150.0 1850.0 0.32849
2250.0 1850.0 0.43612
2350.0 1850.0 0.47566
2450.0 1850.0 0.44337
2550.0 1850.0 0.34847
2650.0 1850.0 0.21434
2750.0 1850.0 0.07659
2850.0 1850.0 -0.03508
2950.0 1850.0 -0.10584
3050.0 1850.0 -0.13272
3150.0 1850.0 -0.12185
3250.0 1850.0 -0.08584
3350.0 1850.0 -0.04107
3450.0 1850.0 -0.00514
3550.0 1850.0 0.00564
3650.0 1850.0 -0.02119
3750.0 1850.0 -0.09188
3850.0 1850.0 -0.20400
3950.0 1850.0 -0.34420
4050.0 1850.0 -0.49520
4150.0 1850.0 -0.66639
4250.0 1850.0 -0.85523
4350.0 1850.0 -1.04269
4450.0 1850.0 -1.20408
4550.0 1850.0 -1.31742
4650.0 1850.0 -1.36905
4750.0 1850.0 -1.35666
4850.0 1850.0 -1.28972
4950.0 1850.0 -1.18728
5050.0 1850.0 -1.07313
5150.0 1850.0 -0.96833
5250.0 1850.0 -0.88115
5350.0 1850.0 -0.79525
5450.0 1850.0 -0.68289
5550.0 1850.0 -0.53866
5650.0 1850.0 -0.37552
5750.0 1850.0 -0.21509
5850.0 1850.0 -0.08000
5950.0 1850.0 0.01175
6050.0 1850.0 0.05032
6150.0 1850.0 0.03555
6250.0 1850.0 -0.02363
6350.0 1850.0 -0.11176
50.0 1950.0 0.38830
150.0 1950.0 0.45299
250.0 1950.0 0.51550
350.0 1950.0 0.56440
450.0 1950.0 0.58469
550.0 1950.0 0.56352
650.0 1950.0 0.49398
750.0 1950.0 0.37730
850.0 1950.0 0.22316
950.0 1950.0 0.04834
1050.0 1950.0 -0.12646
1150.0 1950.0 -0.28145
1250.0 1950.0 -0.40449
1350.0 1950.0 -0.49942
1450.0 1950.0 -0.57849
1550.0 1950.0 -0.61060
1650.0 1950.0 -0.57354
1750.0 1950.0 -0.46737
1850.0 1950.0 -0.30767
1950.0 1950.0 -0.11950
2050.0 1950.0 0.06807
2150.0 1950.0 0.22667
2250.0 1950.0 0.33275
2350.0 1950.0 0.37099
2450.0 1950.0 0.33708
2550.0 1950.0 0.23986
2650.0 1950.0 0.10271
2750.0 1950.0 -0.03855
2850.0 1950.0 -0.15518
2950.0 1950.0 -0.23236
3050.0 1950.0 -0.26606
3150.0 1950.0 -0.26101
3250.0 1950.0 -0.22841
3350.0 1950.0 -0.18372
3450.0 1950.0 -0.14423
3550.0 1950.0 -0.12657
3650.0 1950.0 -0.14413
3750.0 1950.0 -0.20439
3850.0 1950.0 -0.30615
3950.0 1950.0 -0.43661
4050.0 1950.0 -0.57723
4150.0 1950.0 -0.73366
4250.0 1950.0 -0.90290
4350.0 1950.0 -1.06855
4450.0 1950.0 -1.20995
4550.0 1950.0 -1.30903
4650.0 1950.0 -1.35506
4750.0 1950.0 -1.34703
4850.0 1950.0 -1.29391
4950.0 1950.0 -1.21259
5050.0 1950.0 -1.12369
5150.0 1950.0 -1.04503
5250.0 1950.0 -0.98293
5350.0 1950.0 -0.92122
5450.0 1950.0 -0.83003
5550.0 1950.0 -0.70031
5650.0 1950.0 -0.54194
5750.0 1950.0 -0.37478
5850.0 1950.0 -0.22141
5950.0 1950.0 -0.10170
6050.0 1950.0 -0.02902
6150.0 1950.0 -0.00827
6250.0 1950.0 -0.03561
6350.0 1950.0 -0.09998
50.0 2050.0 0.42615
150.0 2050.0 0.50578
250.0 2050.0 0.58328
350.0 2050.0 0.64566
450.0 2050.0 0.67574
550.0 2050.0 0.65860
650.0 2050.0 0.58615
750.0 2050.0 0.45956
850.0 2050.0 0.28974
950.0 2050.0 0.09577
1050.0 2050.0 -0.09868
1150.0 2050.0 -0.27095
1250.0 2050.0 -0.40701
1350.0 2050.0 -0.51109
1450.0 2050.0 -0.59861
1550.0 2050.0 -0.64039
1650.0 2050.0 -0.61455
1750.0 2050.0 -0.52084
1850.0 2050.0 -0.37413
1950.0 2050.0 -0.19866
2050.0 2050.0 -0.02275
2150.0 2050.0 0.12578
2250.0 2050.0 0.22366
2350.0 2050.0 0.25551
2450.0 2050.0 0.21673
2550.0 2050.0 0.11563
2650.0 2050.0 -0.02495
2750.0 2050.0 -0.16973
2850.0 2050.0 -0.29044
2950.0 2050.0 -0.37169
3050.0 2050.0 -0.40824
3150.0 2050.0 -0.40350
3250.0 2050.0 -0.36772
3350.0 2050.0 -0.31596
3450.0 2050.0 -0.26584
3550.0 2050.0 -0.23498
3650.0 2050.0 -0.23822
3750.0 2050.0 -0.28461
3850.0 2050.0 -0.37412
3950.0 2050.0 -0.49407
4050.0 2050.0 -0.62362
4150.0 2050.0 -0.76343
4250.0 2050.0 -0.90948
4350.0 2050.0 -1.04803
4450.0 2050.0 -1.16279
4550.0 2050.0 -1.24032
4650.0 2050.0 -1.27352
4750.0 2050.0 -1.26342
4850.0 2050.0 -1.21905
4950.0 2050.0 -1.15552
5050.0 2050.0 -1.09036
5150.0 2050.0 -1.03789
5250.0 2050.0 -1.00194
5350.0 2050.0 -0.96586
5450.0 2050.0 -0.89827
5550.0 2050.0 -0.78699
5650.0 2050.0 -0.63885
5750.0 2050.0 -0.47158
5850.0 2050.0 -0.30720
5950.0 2050.0 -0.16679
6050.0 2050.0 -0.06662
6150.0 2050.0 -0.01581
6250.0 2050.0 -0.01530
6350.0 2050.0 -0.05830
50.0 2150.0 0.42541
150.0 2150.0 0.51966
250.0 2150.0 0.61348
350.0 2150.0 0.69328
450.0 2150.0 0.73992
550.0 2150.0 0.73618
650.0 2150.0 0.67203
750.0 2150.0 0.54760
850.0 2150.0 0.37389
950.0 2150.0 0.17117
1050.0 2150.0 -0.03482
1150.0 2150.0 -0.21905
1250.0 2150.0 -0.36553
1350.0 2150.0 -0.47802
1450.0 2150.0 -0.57378
1550.0 2150.0 -0.62576
1650.0 2150.0 -0.61286
1750.0 2150.0 -0.53459
1850.0 2150.0 -0.40501
1950.0 2150.0 -0.24717
2050.0 2150.0 -0.08818
2150.0 2150.0 0.04521
2250.0 2150.0 0.13046
2350.0 2150.0 0.15258
2450.0 2150.0 0.10683
2550.0 2150.0 0.00098
2650.0 2150.0 -0.14307
2750.0 2150.0 -0.29108
2850.0 2150.0 -0.41478
2950.0 2150.0 -0.49779
3050.0 2150.0 -0.53360
3150.0 2150.0 -0.52455
3250.0 2150.0 -0.48031
3350.0 2150.0 -0.41608
3450.0 2150.0 -0.35032
3550.0 2150.0 -0.30207
3650.0 2150.0 -0.28798
3750.0 2150.0 -0.31878
3850.0 2150.0 -0.39551
3950.0 2150.0 -0.50521
4050.0 2150.0 -0.62403
4150.0 2150.0 -0.74700
4250.0 2150.0 -0.86862
4350.0 2150.0 -0.97759
4450.0 2150.0 -1.06200
4550.0 2150.0 -1.11318
4650.0 2150.0 -1.12808
4750.0 2150.0 -1.11019
4850.0 2150.0 -1.06913
4950.0 2150.0 -1.01875
5050.0 2150.0 -0.97382
5150.0 2150.0 -0.94527
5250.0 2150.0 -0.93412
5350.0 2150.0 -0.92278
5450.0 2150.0 -0.87920
5550.0 2150.0 -0.78904
5650.0 2150.0 -0.65636
5750.0 2150.0 -0.49662
5850.0 2150.0 -0.33069
5950.0 2150.0 -0.17999
6050.0 2150.0 -0.06270
6150.0 2150.0 0.00886
6250.0 2150.0 0.02984
6350.0 2150.0 0.00332
50.0 2250.0 0.38547
150.0 2250.0 0.49271
250.0 2250.0 0.60264
350.0 2250.0 0.70209
450.0 2250.0 0.77038
550.0 2250.0 0.78791
650.0 2250.0 0.74222
750.0 2250.0 0.63151
850.0 2250.0 0.46575
950.0 2250.0 0.26522
1050.0 2250.0 0.05665
1150.0 2250.0 -0.13325
1250.0 2250.0 -0.28667
1350.0 2250.0 -0.40608
1450.0 2250.0 -0.50906
1550.0 2250.0 -0.57045
1650.0 2250.0 -0.57013
1750.0 2250.0 -0.50747
1850.0 2250.0 -0.39566
1950.0 2250.0 -0.25654
2050.0 2250.0 -0.11584
2150.0 2250.0 0.00095
2250.0 2250.0 0.07227
2350.0 2250.0 0.08366
2450.0 2250.0 0.03042
2550.0 2250.0 -0.08019
2650.0 2250.0 -0.22735
2750.0 2250.0 -0.37806
2850.0 2250.0 -0.50366
2950.0 2250.0 -0.58657
3050.0 2250.0 -0.61913
3150.0 2250.0 -0.60286
3250.0 2250.0 -0.54723
3350.0 2250.0 -0.46791
3450.0 2250.0 -0.38448
3550.0 2250.0 -0.31763
3650.0 2250.0 -0.28581
3750.0 2250.0 -0.30139
3850.0 2250.0 -0.36627
3950.0 2250.0 -0.46695
4050.0 2250.0 -0.57638
4150.0 2250.0 -0.68399
4250.0 2250.0 -0.78258
4350.0 2250.0 -0.86285
4450.0 2250.0 -0.91683
4550.0 2250.0 -0.94033
4650.0 2250.0 -0.93420
4750.0 2250.0 -0.90458
4850.0 2250.0 -0.86205
4950.0 2250.0 -0.81971
5050.0 2250.0 -0.79012
5150.0 2250.0 -0.78127
5250.0 2250.0 -0.79136
5350.0 2250.0 -0.80161
5450.0 2250.0 -0.78035
5550.0 2250.0 -0.71218
5650.0 2250.0 -0.59902
5750.0 2250.0 -0.45406
5850.0 2250.0 -0.29653
5950.0 2250.0 -0.14727
6050.0 2250.0 -0.02515
6150.0 2250.0 0.05566
6250.0 2250.0 0.08765
6350.0 2250.0 0.07104
50.0 2350.0 0.31239
150.0 2350.0 0.42986
250.0 2350.0 0.55417
350.0 2350.0 0.67336
450.0 2350.0 0.76578
550.0 2350.0 0.80963
650.0 2350.0 0.78975
750.0 2350.0 0.70182
850.0 2350.0 0.55389
950.0 2350.0 0.36519
1050.0 2350.0 0.16236
1150.0 2350.0 -0.02703
1250.0 2350.0 -0.18357
1350.0 2350.0 -0.30787
1450.0 2350.0 -0.41639
1550.0 2350.0 -0.48521
1650.0 2350.0 -0.49504
1750.0 2350.0 -0.44518
1850.0 2350.0 -0.34813
1950.0 2350.0 -0.22468
2050.0 2350.0 -0.09940
2150.0 2350.0 0.00332
2250.0 2350.0 0.06279
2350.0 2350.0 0.06506
2450.0 2350.0 0.00553
2550.0 2350.0 -0.10898
2650.0 2350.0 -0.25857
2750.0 2350.0 -0.41126
2850.0 2350.0 -0.53783
2950.0 2350.0 -0.61959
3050.0 2350.0 -0.64790
3150.0 2350.0 -0.62378
3250.0 2350.0 -0.55672
3350.0 2350.0 -0.46300
3450.0 2350.0 -0.36332
3550.0 2350.0 -0.27987
3650.0 2350.0 -0.23269
3750.0 2350.0 -0.23549
3850.0 2350.0 -0.29080
3950.0 2350.0 -0.38452
4050.0 2350.0 -0.48668
4150.0 2350.0 -0.58190
4250.0 2350.0 -0.66132
4350.0 2350.0 -0.71707
4450.0 2350.0 -0.74433
4550.0 2350.0 -0.74258
4650.0 2350.0 -0.71602
4750.0 2350.0 -0.67322
4850.0 2350.0 -0.62589
4950.0 2350.0 -0.58683
5050.0 2350.0 -0.56712
5150.0 2350.0 -0.57244
5250.0 2350.0 -0.59856
5350.0 2350.0 -0.62549
5450.0 2350.0 -0.62295
5550.0 2350.0 -0.57569
5650.0 2350.0 -0.48420
5750.0 2350.0 -0.35965
5850.0 2350.0 -0.21929
5950.0 2350.0 -0.08254
6050.0 2350.0 0.03224
6150.0 2350.0 0.11050
6250.0 2350.0 0.14347
6350.0 2350.0 0.12964
50.0 2450.0 0.21700
150.0 2450.0 0.34134
250.0 2450.0 0.47707
350.0 2450.0 0.61404
450.0 2450.0 0.73020
550.0 2450.0 0.80189
650.0 2450.0 0.81137
750.0 2450.0 0.75154
850.0 2450.0 0.62794
950.0 2450.0 0.45797
1050.0 2450.0 0.26731
1150.0 2450.0 0.08363
1250.0 2450.0 -0.07251
1350.0 2450.0 -0.19950
1450.0 2450.0 -0.31151
1550.0 2450.0 -0.38489
1650.0 2450.0 -0.40083
1750.0 2450.0 -0.35857
1850.0 2450.0 -0.27020
1950.0 2450.0 -0.15589
2050.0 2450.0 -0.03955
2150.0 2450.0 0.05505
2250.0 2450.0 0.10769
2350.0 2450.0 0.10471
2450.0 2450.0 0.04152
2550.0 2450.0 -0.07530
2650.0 2450.0 -0.22640
2750.0 2450.0 -0.38031
2850.0 2450.0 -0.50726
2950.0 2450.0 -0.58770
3050.0 2450.0 -0.61240
3150.0 2450.0 -0.58206
3250.0 2450.0 -0.50629
3350.0 2450.0 -0.40190
3450.0 2450.0 -0.29046
3550.0 2450.0 -0.19521
3650.0 2450.0 -0.13733
3750.0 2450.0 -0.13141
3850.0 2450.0 -0.18038
3950.0 2450.0 -0.26963
4050.0 2450.0 -0.36712
4150.0 2450.0 -0.45390
4250.0 2450.0 -0.51977
4350.0 2450.0 -0.55771
4450.0 2450.0 -0.56498
4550.0 2450.0 -0.54363
4650.0 2450.0 -0.50033
4750.0 2450.0 -0.44552
4850.0 2450.0 -0.39195
4950.0 2450.0 -0.35253
5050.0 2450.0 -0.33751
5150.0 2450.0 -0.35107
5250.0 2450.0 -0.38719
5350.0 2450.0 -0.42496
5450.0 2450.0 -0.43629
5550.0 2450.0 -0.40710
5650.0 2450.0 -0.33730
5750.0 2450.0 -0.23637
5850.0 2450.0 -0.11947
5950.0 2450.0 -0.00401
6050.0 2450.0 0.09324
6150.0 2450.0 0.15864
6250.0 2450.0 0.18357
6350.0 2450.0 0.16591
50.0 2550.0 0.11167
150.0 2550.0 0.23958
250.0 2550.0 0.38332
350.0 2550.0 0.53483
450.0 2550.0 0.67212
550.0 2550.0 0.77016
650.0 2550.0 0.80892
750.0 2550.0 0.77860
850.0 2550.0 0.68207
950.0 2550.0 0.53441
1050.0 2550.0 0.35976
1150.0 2550.0 0.18527
1250.0 2550.0 0.03226
1350.0 2550.0 -0.09542
1450.0 2550.0 -0.20892
1550.0 2550.0 -0.28381
1650.0 2550.0 -0.30123
1750.0 2550.0 -0.26036
1850.0 2550.0 -0.17319
1950.0 2550.0 -0.05983
2050.0 2550.0 0.05581
2150.0 2550.0 0.14994
2250.0 2550.0 0.20226
2350.0 2550.0 0.19902
2450.0 2550.0 0.13551
2550.0 2550.0 0.01824
2650.0 2550.0 -0.13343
2750.0 2550.0 -0.28788
2850.0 2550.0 -0.41495
2950.0 2550.0 -0.49467
3050.0 2550.0 -0.51754
3150.0 2550.0 -0.48413
3250.0 2550.0 -0.40414
3350.0 2550.0 -0.29462
3450.0 2550.0 -0.17755
3550.0 2550.0 -0.07672
3650.0 2550.0 -0.01380
3750.0 2550.0 -0.00382
3850.0 2550.0 -0.04987
3950.0 2550.0 -0.13709
4050.0 2550.0 -0.23239
4150.0 2550.0 -0.31480
4250.0 2550.0 -0.37320
4350.0 2550.0 -0.40088
4450.0 2550.0 -0.39616
4550.0 2550.0 -0.36248
4650.0 2550.0 -0.30793
4750.0 2550.0 -0.24414
4850.0 2550.0 -0.18467
4950.0 2550.0 -0.14271
5050.0 2550.0 -0.12828
5150.0 2550.0 -0.14486
5250.0 2550.0 -0.18535
5350.0 2550.0 -0.22835
5450.0 2550.0 -0.24851
5550.0 2550.0 -0.23369
5650.0 2550.0 -0.18387
5750.0 2550.0 -0.10732
5850.0 2550.0 -0.01715
5950.0 2550.0 0.07156
6050.0 2550.0 0.14437
6150.0 2550.0 0.18955
6250.0 2550.0 0.19974
6350.0 2550.0 0.17319
50.0 2650.0 0.00557
150.0 2650.0 0.13476
250.0 2650.0 0.28391
350.0 2650.0 0.44703
450.0 2650.0 0.60252
550.0 2650.0 0.72434
650.0 2650.0 0.79053
750.0 2650.0 0.78879
850.0 2650.0 0.71933
950.0 2650.0 0.59483
1050.0 2650.0 0.43760
1150.0 2650.0 0.27391
1250.0 2650.0 0.12553
1350.0 2650.0 -0.00158
1450.0 2650.0 -0.11518
1550.0 2650.0 -0.18935
1650.0 2650.0 -0.20473
1750.0 2650.0 -0.16037
1850.0 2650.0 -0.06846
1950.0 2650.0 0.05049
2050.0 2650.0 0.17209
2150.0 2650.0 0.27195
2250.0 2650.0 0.32926
2350.0 2650.0 0.32980
2450.0 2650.0 0.26867
2550.0 2650.0 0.15241
2650.0 2650.0 0.00083
2750.0 2650.0 -0.15373
2850.0 2650.0 -0.28091
2950.0 2650.0 -0.36071
3050.0 2650.0 -0.38359
3150.0 2650.0 -0.35008
3250.0 2650.0 -0.26985
3350.0 2650.0 -0.15996
3450.0 2650.0 -0.04243
3550.0 2650.0 0.05895
3650.0 2650.0 0.12242
3750.0 2650.0 0.13291
3850.0 2650.0 0.08728
3950.0 2650.0 0.00041
4050.0 2650.0 -0.09440
4150.0 2650.0 -0.17532
4250.0 2650.0 -0.23073
4350.0 2650.0 -0.25388
4450.0 2650.0 -0.24340
4550.0 2650.0 -0.20327
4650.0 2650.0 -0.14223
4750.0 2650.0 -0.07253
4850.0 2650.0 -0.00826
4950.0 2650.0 0.03703
5050.0 2650.0 0.05319
5150.0 2650.0 0.03691
5250.0 2650.0 -0.00420
5350.0 2650.0 -0.04864
5450.0 2650.0 -0.07400
5550.0 2650.0 -0.07051
5650.0 2650.0 -0.03864
5750.0 2650.0 0.01424
5850.0 2650.0 0.07688
5950.0 2650.0 0.13668
6050.0 2650.0 0.18186
6150.0 2650.0 0.20314
6250.0 2650.0 0.19506
6350.0 2650.0 0.15684
50.0 2750.0 -0.09645
150.0 2750.0 0.03331
250.0 2750.0 0.18665
350.0 2750.0 0.35960
450.0 2750.0 0.53102
550.0 2750.0 0.67414
650.0 2750.0 0.76535
750.0 2750.0 0.79017
850.0 2750.0 0.74636
950.0 2750.0 0.64428
1050.0 2750.0 0.50440
1150.0 2750.0 0.35203
1250.0 2750.0 0.20919
1350.0 2750.0 0.08374
1450.0 2750.0 -0.02882
1550.0 2750.0 -0.10092
1650.0 2750.0 -0.11264
1750.0 2750.0 -0.06292
1850.0 2750.0 0.03581
1950.0 2750.0 0.16257
2050.0 2750.0 0.29231
2150.0 2750.0 0.39997
2250.0 2750.0 0.46410
2350.0 2750.0 0.47002
2450.0 2750.0 0.41255
2550.0 2750.0 0.29836
2650.0 2750.0 0.14777
2750.0 2750.0 -0.00609
2850.0 2750.0 -0.13284
2950.0 2750.0 -0.21269
3050.0 2750.0 -0.23616
3150.0 2750.0 -0.20378
3250.0 2750.0 -0.12509
3350.0 2750.0 -0.01698
3450.0 2750.0 0.09875
3550.0 2750.0 0.19851
3650.0 2750.0 0.26076
3750.0 2750.0 0.27055
3850.0 2750.0 0.22476
3950.0 2750.0 0.13811
4050.0 2750.0 0.04370
4150.0 2750.0 -0.03638
4250.0 2750.0 -0.09022
4350.0 2750.0 -0.11099
4450.0 2750.0 -0.09741
4550.0 2750.0 -0.05369
4650.0 2750.0 0.01118
4750.0 2750.0 0.08460
4850.0 2750.0 0.15218
4950.0 2750.0 0.20014
5050.0 2750.0 0.21817
5150.0 2750.0 0.20300
5250.0 2750.0 0.16245
5350.0 2750.0 0.11787
5450.0 2750.0 0.08871
5550.0 2750.0 0.08240
5650.0 2750.0 0.09780
5750.0 2750.0 0.12828
5850.0 2750.0 0.16433
5950.0 2750.0 0.19574
6050.0 2750.0 0.21336
6150.0 2750.0 0.21046
6250.0 2750.0 0.18360
6350.0 2750.0 0.13314
50.0 2850.0 -0.17828
150.0 2850.0 -0.04924
250.0 2850.0 0.10502
350.0 2850.0 0.28186
450.0 2850.0 0.46095
550.0 2850.0 0.61573
650.0 2850.0 0.72218
750.0 2850.0 0.76482
850.0 2850.0 0.73997
950.0 2850.0 0.65631
1050.0 2850.0 0.53269
1150.0 2850.0 0.39318
1250.0 2850.0 0.25943
1350.0 2850.0 0.14026
1450.0 2850.0 0.03349
1550.0 2850.0 -0.03207
1650.0 2850.0 -0.03614
1750.0 2850.0 0.02236
1850.0 2850.0 0.13079
1950.0 2850.0 0.26779
2050.0 2850.0 0.40785
2150.0 2850.0 0.52544
2250.0 2850.0 0.59871
2350.0 2850.0 0.61270
2450.0 2850.0 0.56214
2550.0 2850.0 0.45379
2650.0 2850.0 0.30837
2750.0 2850.0 0.15934
2850.0 2850.0 0.03624
2950.0 2850.0 -0.04202
3050.0 2850.0 -0.06640
3150.0 2850.0 -0.03741
3250.0 2850.0 0.03579
3350.0 2850.0 0.13707
3450.0 2850.0 0.24559
3550.0 2850.0 0.33881
3650.0 2850.0 0.39615
3750.0 2850.0 0.40333
3850.0 2850.0 0.35740
3950.0 2850.0 0.27243
4050.0 2850.0 0.17998
4150.0 2850.0 0.10095
4250.0 2850.0 0.04675
4350.0 2850.0 0.02413
4450.0 2850.0 0.03465
4550.0 2850.0 0.07458
4650.0 2850.0 0.13551
4750.0 2850.0 0.20545
4850.0 2850.0 0.27054
4950.0 2850.0 0.31736
5050.0 2850.0 0.33575
5150.0 2850.0 0.32233
5250.0 2850.0 0.28445
5350.0 2850.0 0.24232
5450.0 2850.0 0.21274
5550.0 2850.0 0.20105
5650.0 2850.0 0.20526
5750.0 2850.0 0.21898
5850.0 2850.0 0.23384
5950.0 2850.0 0.24150
6050.0 2850.0 0.23507
6150.0 2850.0 0.21018
6250.0 2850.0 0.16547
6350.0 2850.0 0.10266
50.0 2950.0 -0.22617
150.0 2950.0 -0.09987
250.0 2950.0 0.05014
350.0 2950.0 0.22149
450.0 2950.0 0.39517
550.0 2950.0 0.54636
650.0 2950.0 0.65254
750.0 2950.0 0.69915
850.0 2950.0 0.68266
950.0 2950.0 0.61109
1050.0 2950.0 0.50196
1150.0 2950.0 0.37774
1250.0 2950.0 0.25867
1350.0 2950.0 0.15307
1450.0 2950.0 0.05954
1550.0 2950.0 0.00716
1650.0 2950.0 0.01607
1750.0 2950.0 0.08723
1850.0 2950.0 0.20785
1950.0 2950.0 0.35654
2050.0 2950.0 0.50782
2150.0 2950.0 0.63628
2250.0 2950.0 0.72025
2350.0 2950.0 0.74499
2450.0 2950.0 0.70543
2550.0 2950.0 0.60846
2650.0 2950.0 0.47474
2750.0 2950.0 0.33707
2850.0 2950.0 0.22284
2950.0 2950.0 0.14905
3050.0 2950.0 0.12379
3150.0 2950.0 0.14647
3250.0 2950.0 0.20877
3350.0 2950.0 0.29610
3450.0 2950.0 0.38968
3550.0 2950.0 0.46925
3650.0 2950.0 0.51637
3750.0 2950.0 0.51827
3850.0 2950.0 0.47239
3950.0 2950.0 0.39142
4050.0 2950.0 0.30346
4150.0 2950.0 0.22604
4250.0 2950.0 0.16893
4350.0 2950.0 0.13865
4450.0 2950.0 0.13754
4550.0 2950.0 0.16336
4650.0 2950.0 0.20953
4750.0 2950.0 0.26599
4850.0 2950.0 0.32060
4950.0 2950.0 0.36118
5050.0 2950.0 0.37816
5150.0 2950.0 0.36778
5250.0 2950.0 0.33593
5350.0 2950.0 0.30036
5450.0 2950.0 0.27580
5550.0 2950.0 0.26601
5650.0 2950.0 0.26779
5750.0 2950.0 0.27421
5850.0 2950.0 0.27711
5950.0 2950.0 0.26908
6050.0 2950.0 0.24485
6150.0 2950.0 0.20204
6250.0 2950.0 0.14140
6350.0 2950.0 0.06638
50.0 3050.0 -0.23444
150.0 3050.0 -0.11307
250.0 3050.0 0.02708
350.0 3050.0 0.18274
450.0 3050.0 0.33684
550.0 3050.0 0.46789
650.0 3050.0 0.55695
750.0 3050.0 0.59249
850.0 3050.0 0.57283
950.0 3050.0 0.50643
1050.0 3050.0 0.40986
1150.0 3050.0 0.30354
1250.0 3050.0 0.20520
1350.0 3050.0 0.12106
1450.0 3050.0 0.04873
1550.0 3050.0 0.01614
1650.0 3050.0 0.04249
1750.0 3050.0 0.12833
1850.0 3050.0 0.26100
1950.0 3050.0 0.41963
2050.0 3050.0 0.57961
2150.0 3050.0 0.71661
2250.0 3050.0 0.81007
2350.0 3050.0 0.84626
2450.0 3050.0 0.82075
2550.0 3050.0 0.74050
2650.0 3050.0 0.62541
2750.0 3050.0 0.50621
2850.0 3050.0 0.40669
2950.0 3050.0 0.34095
3050.0 3050.0 0.31553
3150.0 3050.0 0.32969
3250.0 3050.0 0.37632
3350.0 3050.0 0.44314
3450.0 3050.0 0.51452
3550.0 3050.0 0.57374
3650.0 3050.0 0.60564
3750.0 3050.0 0.59985
3850.0 3050.0 0.55443
3950.0 3050.0 0.48002
4050.0 3050.0 0.39932
4150.0 3050.0 0.32441
4250.0 3050.0 0.26238
4350.0 3050.0 0.21935
4450.0 3050.0 0.19894
4550.0 3050.0 0.20134
4650.0 3050.0 0.22302
4750.0 3050.0 0.25708
4850.0 3050.0 0.29422
4950.0 3050.0 0.32434
5050.0 3050.0 0.33878
5150.0 3050.0 0.33322
5250.0 3050.0 0.31114
5350.0 3050.0 0.28657
5450.0 3050.0 0.27308
5550.0 3050.0 0.27342
5650.0 3050.0 0.28286
5750.0 3050.0 0.29304
5850.0 3050.0 0.29489
5950.0 3050.0 0.28091
6050.0 3050.0 0.24660
6150.0 3050.0 0.19114
6250.0 3050.0 0.11732
6350.0 3050.0 0.03062
50.0 3150.0 -0.20476
150.0 3150.0 -0.09025
250.0 3150.0 0.03516
350.0 3150.0 0.16623
450.0 3150.0 0.28836
550.0 3150.0 0.38479
650.0 3150.0 0.44202
750.0 3150.0 0.45333
850.0 3150.0 0.42040
950.0 3150.0 0.35310
1050.0 3150.0 0.26735
1150.0 3150.0 0.18118
1250.0 3150.0 0.10882
1350.0 3150.0 0.05300
1450.0 3150.0 0.00870
1550.0 3150.0 0.00096
1650.0 3150.0 0.04703
1750.0 3150.0 0.14675
1850.0 3150.0 0.28791
1950.0 3150.0 0.45096
2050.0 3150.0 0.61324
2150.0 3150.0 0.75271
2250.0 3150.0 0.85114
2350.0 3150.0 0.89673
2450.0 3150.0 0.88624
2550.0 3150.0 0.82662
2650.0 3150.0 0.73607
2750.0 3150.0 0.64155
2850.0 3150.0 0.56204
2950.0 3150.0 0.50799
3050.0 3150.0 0.48388
3150.0 3150.0 0.48875
3250.0 3150.0 0.51686
3350.0 3150.0 0.55886
3450.0 3150.0 0.60309
3550.0 3150.0 0.63727
3650.0 3150.0 0.65049
3750.0 3150.0 0.63546
3850.0 3150.0 0.59113
3950.0 3150.0 0.52556
4050.0 3150.0 0.45457
4150.0 3150.0 0.38333
4250.0 3150.0 0.31551
4350.0 3150.0 0.25672
4450.0 3150.0 0.21225
4550.0 3150.0 0.18539
4650.0 3150.0 0.17650
4750.0 3150.0 0.18270
4850.0 3150.0 0.19829
4950.0 3150.0 0.21579
5050.0 3150.0 0.22771
5150.0 3150.0 0.22897
5250.0 3150.0 0.21997
5350.0 3150.0 0.21033
5450.0 3150.0 0.21335
5550.0 3150.0 0.23141
5650.0 3150.0 0.25802
5750.0 3150.0 0.28255
5850.0 3150.0 0.29400
5950.0 3150.0 0.28375
6050.0 3150.0 0.24725
6150.0 3150.0 0.18474
6250.0 3150.0 0.10090
6350.0 3150.0 0.00352
50.0 3250.0 -0.14503
150.0 3250.0 -0.03867
250.0 3250.0 0.06863
350.0 3250.0 0.16903
450.0 3250.0 0.25069
550.0 3250.0 0.30258
650.0 3250.0 0.31787
750.0 3250.0 0.29589
850.0 3250.0 0.24273
950.0 3250.0 0.17032
1050.0 3250.0 0.09416
1150.0 3250.0 0.02963
1250.0 3250.0 -0.01319
1350.0 3250.0 -0.03600
1450.0 3250.0 -0.04775
1550.0 3250.0 -0.02802
1650.0 3250.0 0.03735
1750.0 3250.0 0.14728
1850.0 3250.0 0.29034
1950.0 3250.0 0.44918
2050.0 3250.0 0.60428
2150.0 3250.0 0.73722
2250.0 3250.0 0.83329
2350.0 3250.0 0.88365
2450.0 3250.0 0.88680
2550.0 3250.0 0.84954
2650.0 3250.0 0.78741
2750.0 3250.0 0.72184
2850.0 3250.0 0.66624
2950.0 3250.0 0.62698
3050.0 3250.0 0.60624
3150.0 3250.0 0.60263
3250.0 3250.0 0.61192
3350.0 3250.0 0.62787
3450.0 3250.0 0.64318
3550.0 3250.0 0.65054
3650.0 3250.0 0.64379
3750.0 3250.0 0.61917
3850.0 3250.0 0.57667
3950.0 3250.0 0.52155
4050.0 3250.0 0.46202
4150.0 3250.0 0.39570
4250.0 3250.0 0.32255
4350.0 3250.0 0.24771
4450.0 3250.0 0.17827
4550.0 3250.0 0.12091
4650.0 3250.0 0.08020
4750.0 3250.0 0.05760
4850.0 3250.0 0.05128
4950.0 3250.0 0.05656
5050.0 3250.0 0.06716
5150.0 3250.0 0.07715
5250.0 3250.0 0.08363
5350.0 3250.0 0.09160
5450.0 3250.0 0.11506
5550.0 3250.0 0.15657
5650.0 3250.0 0.20769
5750.0 3250.0 0.25496
5850.0 3250.0 0.28466
5950.0 3250.0 0.28621
6050.0 3250.0 0.25432
6150.0 3250.0 0.18980
6250.0 3250.0 0.09905
6350.0 3250.0 -0.00773
50.0 3350.0 -0.06785
150.0 3350.0 0.02987
250.0 3350.0 0.11777
350.0 3350.0 0.18513
450.0 3350.0 0.22301
550.0 3350.0 0.22648
650.0 3350.0 0.19585
750.0 3350.0 0.13703
850.0 3350.0 0.06087
950.0 3350.0 -0.01834
1050.0 3350.0 -0.08545
1150.0 3350.0 -0.12782
1250.0 3350.0 -0.13974
1350.0 3350.0 -0.12778
1450.0 3350.0 -0.10544
1550.0 3350.0 -0.05846
1650.0 3350.0 0.02328
1750.0 3350.0 0.13751
1850.0 3350.0 0.27400
1950.0 3350.0 0.41840
2050.0 3350.0 0.55539
2150.0 3350.0 0.67133
2250.0 3350.0 0.75620
2350.0 3350.0 0.80495
2450.0 3350.0 0.81828
2550.0 3350.0 0.80274
2650.0 3350.0 0.77025
2750.0 3350.0 0.73532
2850.0 3350.0 0.70549
2950.0 3350.0 0.68312
3050.0 3350.0 0.66801
3150.0 3350.0 0.65822
3250.0 3350.0 0.65087
3350.0 3350.0 0.64273
3450.0 3350.0 0.63079
3550.0 3350.0 0.61269
3650.0 3350.0 0.58704
3750.0 3350.0 0.55366
3850.0 3350.0 0.51373
3950.0 3350.0 0.46975
4050.0 3350.0 0.42244
4150.0 3350.0 0.36215
4250.0 3350.0 0.28540
4350.0 3350.0 0.19688
4450.0 3350.0 0.10546
4550.0 3350.0 0.02106
4650.0 3350.0 -0.04779
4750.0 3350.0 -0.09554
4850.0 3350.0 -0.12043
4950.0 3350.0 -0.12455
5050.0 3350.0 -0.11310
5150.0 3350.0 -0.09284
5250.0 3350.0 -0.06984
5350.0 3350.0 -0.04318
5450.0 3350.0 0.00252
5550.0 3350.0 0.07043
5650.0 3350.0 0.15011
5750.0 3350.0 0.22501
5850.0 3350.0 0.27822
5950.0 3350.0 0.29674
6050.0 3350.0 0.27408
6150.0 3350.0 0.21124
6250.0 3350.0 0.11613
6350.0 3350.0 0.00133
50.0 3450.0 0.01133
150.0 3450.0 0.10077
250.0 3450.0 0.17022
350.0 3450.0 0.20625
450.0 3450.0 0.20272
550.0 3450.0 0.16050
650.0 3450.0 0.08673
750.0 3450.0 -0.00650
850.0 3450.0 -0.10381
950.0 3450.0 -0.18877
1050.0 3450.0 -0.24659
1150.0 3450.0 -0.26732
1250.0 3450.0 -0.24944
1350.0 3450.0 -0.20407
1450.0 3450.0 -0.14931
1550.0 3450.0 -0.07802
1650.0 3450.0 0.01519
1750.0 3450.0 0.12673
1850.0 3450.0 0.24786
1950.0 3450.0 0.36782
2050.0 3450.0 0.47630
2150.0 3450.0 0.56528
2250.0 3450.0 0.63019
2350.0 3450.0 0.67038
2450.0 3450.0 0.68904
2550.0 3450.0 0.69232
2650.0 3450.0 0.68791
2750.0 3450.0 0.68249
2850.0 3450.0 0.67799
2950.0 3450.0 0.67324
3050.0 3450.0 0.66581
3150.0 3450.0 0.65314
3250.0 3450.0 0.63339
3350.0 3450.0 0.60590
3450.0 3450.0 0.57143
3550.0 3450.0 0.53202
3650.0 3450.0 0.49063
3750.0 3450.0 0.45040
3850.0 3450.0 0.41362
3950.0 3450.0 0.38046
4050.0 3450.0 0.34503
4150.0 3450.0 0.29156
4250.0 3450.0 0.21382
4350.0 3450.0 0.11621
4450.0 3450.0 0.00911
4550.0 3450.0 -0.09491
4650.0 3450.0 -0.18406
4750.0 3450.0 -0.24949
4850.0 3450.0 -0.28659
4950.0 3450.0 -0.29543
5050.0 3450.0 -0.28041
5150.0 3450.0 -0.24903
5250.0 3450.0 -0.20991
5350.0 3450.0 -0.16528
5450.0 3450.0 -0.09792
5550.0 3450.0 -0.00393
5650.0 3450.0 0.10442
5750.0 3450.0 0.20751
5850.0 3450.0 0.28527
5950.0 3450.0 0.32218
6050.0 3450.0 0.31040
6150.0 3450.0 0.25094
6250.0 3450.0 0.15301
6350.0 3450.0 0.03139
50.0 3550.0 0.07641
150.0 3550.0 0.15877
250.0 3550.0 0.21282
350.0 3550.0 0.22305
450.0 3550.0 0.18579
550.0 3550.0 0.10687
650.0 3550.0 -0.00095
750.0 3550.0 -0.12048
850.0 3550.0 -0.23275
950.0 3550.0 -0.31978
1050.0 3550.0 -0.36735
1150.0 3550.0 -0.36792
1250.0 3550.0 -0.32358
1350.0 3550.0 -0.24914
1450.0 3550.0 -0.16658
1550.0 3550.0 -0.07614
1650.0 3550.0 0.02255
1750.0 3550.0 0.12457
1850.0 3550.0 0.22283
1950.0 3550.0 0.31046
2050.0 3550.0 0.38250
2150.0 3550.0 0.43689
2250.0 3550.0 0.47478
2350.0 3550.0 0.50016
2450.0 3550.0 0.51876
2550.0 3550.0 0.53625
2650.0 3550.0 0.55582
2750.0 3550.0 0.57606
2850.0 3550.0 0.59419
2950.0 3550.0 0.60626
3050.0 3550.0 0.60799
3150.0 3550.0 0.59616
3250.0 3550.0 0.56956
3350.0 3550.0 0.52942
3450.0 3550.0 0.47937
3550.0 3550.0 0.42492
3650.0 3550.0 0.37251
3750.0 3550.0 0.32799
3850.0 3550.0 0.29471
3950.0 3550.0 0.27108
4050.0 3550.0 0.24612
4150.0 3550.0 0.19980
4250.0 3550.0 0.12413
4350.0 3550.0 0.02340
4450.0 3550.0 -0.09092
4550.0 3550.0 -0.20445
4650.0 3550.0 -0.30327
4750.0 3550.0 -0.37642
4850.0 3550.0 -0.41748
4950.0 3550.0 -0.42531
5050.0 3550.0 -0.40392
5150.0 3550.0 -0.36140
5250.0 3550.0 -0.30800
5350.0 3550.0 -0.24780
5450.0 3550.0 -0.16168
5550.0 3550.0 -0.04516
5650.0 3550.0 0.08791
5750.0 3550.0 0.21527
5850.0 3550.0 0.31410
5950.0 3550.0 0.36673
6050.0 3550.0 0.36416
6150.0 3550.0 0.30745
6250.0 3550.0 0.20692
6350.0 3550.0 0.07930
50.0 3650.0 0.11321
150.0 3650.0 0.19035
250.0 3650.0 0.23370
350.0 3650.0 0.22665
450.0 3650.0 0.16755
550.0 3650.0 0.06576
650.0 3650.0 -0.06203
750.0 3650.0 -0.19530
850.0 3650.0 -0.31293
950.0 3650.0 -0.39630
1050.0 3650.0 -0.43204
1150.0 3650.0 -0.41468
1250.0 3650.0 -0.34899
1350.0 3650.0 -0.25212
1450.0 3650.0 -0.14862
1550.0 3650.0 -0.04561
1650.0 3650.0 0.05246
1750.0 3650.0 0.13946
1850.0 3650.0 0.20997
1950.0 3650.0 0.26089
2050.0 3650.0 0.29243
2150.0 3650.0 0.30827
2250.0 3650.0 0.31506
2350.0 3650.0 0.32116
2450.0 3650.0 0.33467
2550.0 3650.0 0.36077
2650.0 3650.0 0.39825
2750.0 3650.0 0.43824
2850.0 3650.0 0.47442
2950.0 3650.0 0.50108
3050.0 3650.0 0.51260
3150.0 3650.0 0.50512
3250.0 3650.0 0.47764
3350.0 3650.0 0.43241
3450.0 3650.0 0.37484
3550.0 3650.0 0.31271
3650.0 3650.0 0.25478
3750.0 3650.0 0.20885
3850.0 3650.0 0.17910
3950.0 3650.0 0.16292
4050.0 3650.0 0.14618
4150.0 3650.0 0.10678
4250.0 3650.0 0.03616
4350.0 3650.0 -0.06130
4450.0 3650.0 -0.17356
4550.0 3650.0 -0.28547
4650.0 3650.0 -0.38228
4750.0 3650.0 -0.45227
4850.0 3650.0 -0.48847
4950.0 3650.0 -0.48949
5050.0 3650.0 -0.45936
5150.0 3650.0 -0.40651
5250.0 3650.0 -0.34185
5350.0 3650.0 -0.26979
5450.0 3650.0 -0.16974
5550.0 3650.0 -0.03696
5650.0 3650.0 0.11340
5750.0 3650.0 0.25713
5850.0 3650.0 0.36952
5950.0 3650.0 0.43145
6050.0 3650.0 0.43331
6150.0 3650.0 0.37641
6250.0 3650.0 0.27213
6350.0 3650.0 0.13877
50.0 3750.0 0.11247
150.0 3750.0 0.18655
250.0 3750.0 0.22477
350.0 3750.0 0.21056
450.0 3750.0 0.14367
550.0 3750.0 0.03543
650.0 3750.0 -0.09563
750.0 3750.0 -0.22773
850.0 3750.0 -0.33930
950.0 3750.0 -0.41217
1050.0 3750.0 -0.43418
1150.0 3750.0 -0.40150
1250.0 3750.0 -0.32046
1350.0 3750.0 -0.20900
1450.0 3750.0 -0.09254
1550.0 3750.0 0.01611
1650.0 3750.0 0.10831
1750.0 3750.0 0.17692
1850.0 3750.0 0.21801
1950.0 3750.0 0.23187
2050.0 3750.0 0.22321
2150.0 3750.0 0.20072
2250.0 3750.0 0.17577
2350.0 3750.0 0.16050
2450.0 3750.0 0.16503
2550.0 3750.0 0.19401
2650.0 3750.0 0.24245
2750.0 3750.0 0.29515
2850.0 3750.0 0.34369
2950.0 3750.0 0.38166
3050.0 3750.0 0.40270
3150.0 3750.0 0.40237
3250.0 3750.0 0.37943
3350.0 3750.0 0.33636
3450.0 3750.0 0.27918
3550.0 3750.0 0.21664
3650.0 3750.0 0.15864
3750.0 3750.0 0.11399
3850.0 3750.0 0.08748
3950.0 3750.0 0.07624
4050.0 3750.0 0.06499
4150.0 3750.0 0.03182
4250.0 3750.0 -0.03130
4350.0 3750.0 -0.11966
4450.0 3750.0 -0.22123
4550.0 3750.0 -0.32110
4650.0 3750.0 -0.40498
4750.0 3750.0 -0.46174
4850.0 3750.0 -0.48512
4950.0 3750.0 -0.47431
5050.0 3750.0 -0.43381
5150.0 3750.0 -0.37216
5250.0 3750.0 -0.29989
5350.0 3750.0 -0.22038
5450.0 3750.0 -0.11231
5550.0 3750.0 0.02878
5650.0 3750.0 0.18677
5750.0 3750.0 0.33642
5850.0 3750.0 0.45210
5950.0 3750.0 0.51430
6050.0 3750.0 0.51352
6150.0 3750.0 0.45173
6250.0 3750.0 0.34140
6350.0 3750.0 0.20202
50.0 3850.0 0.07310
150.0 3850.0 0.14619
250.0 3850.0 0.18460
350.0 3850.0 0.17289
450.0 3850.0 0.11168
550.0 3850.0 0.01270
650.0 3850.0 -0.10566
750.0 3850.0 -0.22231
850.0 3850.0 -0.31688
950.0 3850.0 -0.37268
1050.0 3850.0 -0.37911
1150.0 3850.0 -0.33357
1250.0 3850.0 -0.24292
1350.0 3850.0 -0.12434
1450.0 3850.0 -0.00242
1550.0 3850.0 0.10581
1650.0 3850.0 0.18843
1750.0 3850.0 0.23753
1850.0 3850.0 0.25043
1950.0 3850.0 0.23014
2050.0 3850.0 0.18500
2150.0 3850.0 0.12765
2250.0 3850.0 0.07322
2350.0 3850.0 0.03676
2450.0 3850.0 0.02994
2550.0 3850.0 0.05698
2650.0 3850.0 0.10983
2750.0 3850.0 0.16851
2850.0 3850.0 0.22380
2950.0 3850.0 0.26954
3050.0 3850.0 0.29914
3150.0 3850.0 0.30769
3250.0 3850.0 0.29340
3350.0 3850.0 0.25825
3450.0 3850.0 0.20791
3550.0 3850.0 0.15096
3650.0 3850.0 0.09734
3750.0 3850.0 0.05610
3850.0 3850.0 0.03236
3950.0 3850.0 0.02361
4050.0 3850.0 0.01522
4150.0 3850.0 -0.01272
4250.0 3850.0 -0.06669
4350.0 3850.0 -0.14158
4450.0 3850.0 -0.22580
4550.0 3850.0 -0.30553
4650.0 3850.0 -0.36800
4750.0 3850.0 -0.40382
4850.0 3850.0 -0.40837
4950.0 3850.0 -0.38221
5050.0 3850.0 -0.33059
5150.0 3850.0 -0.26198
5250.0 3850.0 -0.18565
5350.0 3850.0 -0.10293
5450.0 3850.0 0.00739
5550.0 3850.0 0.14883
5650.0 3850.0 0.30469
5750.0 3850.0 0.44945
5850.0 3850.0 0.55772
5950.0 3850.0 0.61058
6050.0 3850.0 0.59947
6150.0 3850.0 0.52749
6250.0 3850.0 0.40826
6350.0 3850.0 0.26217
50.0 3950.0 0.00585
150.0 3950.0 0.07939
250.0 3950.0 0.12163
350.0 3950.0 0.11902
450.0 3950.0 0.07267
550.0 3950.0 -0.00631
650.0 3950.0 -0.10103
750.0 3950.0 -0.19246
850.0 3950.0 -0.26254
950.0 3950.0 -0.29676
1050.0 3950.0 -0.28632
1150.0 3950.0 -0.22959
1250.0 3950.0 -0.13323
1350.0 3950.0 -0.01264
1450.0 3950.0 0.10965
1550.0 3950.0 0.21365
1650.0 3950.0 0.28484
1750.0 3950.0 0.31480
1850.0 3950.0 0.30185
1950.0 3950.0 0.25115
2050.0 3950.0 0.17389
2150.0 3950.0 0.08581
2250.0 3950.0 0.00494
2350.0 3950.0 -0.05143
2450.0 3950.0 -0.07046
2550.0 3950.0 -0.04833
2650.0 3950.0 0.00453
2750.0 3950.0 0.06457
2850.0 3950.0 0.12269
2950.0 3950.0 0.17355
3050.0 3950.0 0.21068
3150.0 3950.0 0.22881
3250.0 3950.0 0.22540
3350.0 3950.0 0.20150
3450.0 3950.0 0.16181
3550.0 3950.0 0.11403
3650.0 3950.0 0.06745
3750.0 3950.0 0.03080
3850.0 3950.0 0.00939
3950.0 3950.0 0.00146
4050.0 3950.0 -0.00592
4150.0 3950.0 -0.02943
4250.0 3950.0 -0.07353
4350.0 3950.0 -0.13259
4450.0 3950.0 -0.19574
4550.0 3950.0 -0.25079
4650.0 3950.0 -0.28712
4750.0 3950.0 -0.29773
4850.0 3950.0 -0.28024
4950.0 3950.0 -0.23698
5050.0 3950.0 -0.17416
5150.0 3950.0 -0.10003
5250.0 3950.0 -0.02211
5350.0 3950.0 0.06091
5450.0 3950.0 0.16945
5550.0 3950.0 0.30565
5650.0 3950.0 0.45237
5750.0 3950.0 0.58448
5850.0 3950.0 0.67753
5950.0 3950.0 0.71397
6050.0 3950.0 0.68677
6150.0 3950.0 0.60054
6250.0 3950.0 0.47013
6350.0 3950.0 0.31665
50.0 4050.0 -0.06135
150.0 4050.0 0.01260
250.0 4050.0 0.05895
350.0 4050.0 0.06610
450.0 4050.0 0.03559
550.0 4050.0 -0.02233
650.0 4050.0 -0.09247
750.0 4050.0 -0.15803
850.0 4050.0 -0.20339
950.0 4050.0 -0.21631
1050.0 4050.0 -0.18972
1150.0 4050.0 -0.12290
1250.0 4050.0 -0.02215
1350.0 4050.0 0.09905
1450.0 4050.0 0.22038
1550.0 4050.0 0.31931
1650.0 4050.0 0.37907
1750.0 4050.0 0.39069
1850.0 4050.0 0.35342
1950.0 4050.0 0.27432
2050.0 4050.0 0.16711
2150.0 4050.0 0.05029
2250.0 4050.0 -0.05554
2350.0 4050.0 -0.13105
2450.0 4050.0 -0.16238
2550.0 4050.0 -0.14604
2650.0 4050.0 -0.09456
2750.0 4050.0 -0.03463
2850.0 4050.0 0.02516
2950.0 4050.0 0.08052
3050.0 4050.0 0.12523
3150.0 4050.0 0.15362
3250.0 4050.0 0.16234
3350.0 4050.0 0.15131
3450.0 4050.0 0.12401
3550.0 4050.0 0.08697
3650.0 4050.0 0.04857
3750.0 4050.0 0.01706
3850.0 4050.0 -0.00213
3950.0 4050.0 -0.00985
4050.0 4050.0 -0.01690
4150.0 4050.0 -0.03665
4250.0 4050.0 -0.07146
4350.0 4050.0 -0.11514
4450.0 4050.0 -0.15755
4550.0 4050.0 -0.18812
4650.0 4050.0 -0.19843
4750.0 4050.0 -0.18391
4850.0 4050.0 -0.14446
4950.0 4050.0 -0.08425
5050.0 4050.0 -0.01048
5150.0 4050.0 0.06881
5250.0 4050.0 0.14787
5350.0 4050.0 0.23066
5450.0 4050.0 0.33659
5550.0 4050.0 0.46625
5650.0 4050.0 0.60215
5750.0 4050.0 0.71966
5850.0 4050.0 0.79553
5950.0 4050.0 0.81373
6050.0 4050.0 0.76896
6150.0 4050.0 0.66745
6250.0 4050.0 0.52530
6350.0 4050.0 0.36433
50.0 4150.0 -0.09046
150.0 4150.0 -0.01825
250.0 4150.0 0.02889
350.0 4150.0 0.04078
450.0 4150.0 0.01930
550.0 4150.0 -0.02579
650.0 4150.0 -0.08045
750.0 4150.0 -0.12942
850.0 4150.0 -0.15877
950.0 4150.0 -0.15790
1050.0 4150.0 -0.12106
1150.0 4150.0 -0.04822
1250.0 4150.0 0.05448
1350.0 4150.0 0.17489
1450.0 4150.0 0.29432
1550.0 4150.0 0.38841
1650.0 4150.0 0.43864
1750.0 4150.0 0.43557
1850.0 4150.0 0.37894
1950.0 4150.0 0.27711
2050.0 4150.0 0.14563
2150.0 4150.0 0.00504
2250.0 4150.0 -0.12204
2350.0 4150.0 -0.21468
2450.0 4150.0 -0.25807
2550.0 4150.0 -0.24884
2650.0 4150.0 -0.20109
2750.0 4150.0 -0.14366
2850.0 4150.0 -0.08372
2950.0 4150.0 -0.02398
3050.0 4150.0 0.02982
3150.0 4150.0 0.07155
3250.0 4150.0 0.09664
3350.0 4150.0 0.10339
3450.0 4150.0 0.09338
3550.0 4150.0 0.07136
3650.0 4150.0 0.04421
3750.0 4150.0 0.01934
3850.0 4150.0 0.00229
3950.0 4150.0 -0.00642
4050.0 4150.0 -0.01481
4150.0 4150.0 -0.03347
4250.0 4150.0 -0.06307
4350.0 4150.0 -0.09684
4450.0 4150.0 -0.12491
4550.0 4150.0 -0.13772
4650.0 4150.0 -0.12842
4750.0 4150.0 -0.09427
4850.0 4150.0 -0.03706
4950.0 4150.0 0.03742
5050.0 4150.0 0.12095
5150.0 4150.0 0.20542
5250.0 4150.0 0.28634
5350.0 4150.0 0.36978
5450.0 4150.0 0.47378
5550.0 4150.0 0.59734
5650.0 4150.0 0.72260
5750.0 4150.0 0.82551
5850.0 4150.0 0.88406
5950.0 4150.0 0.88393
6050.0 4150.0 0.82162
6150.0 4150.0 0.70506
6250.0 4150.0 0.55169
6350.0 4150.0 0.38400
50.0 4250.0 -0.06464
150.0 4250.0 0.00242
250.0 4250.0 0.04525
350.0 4250.0 0.05427
450.0 4250.0 0.03164
550.0 4250.0 -0.01290
650.0 4250.0 -0.06558
750.0 4250.0 -0.11164
850.0 4250.0 -0.13783
950.0 4250.0 -0.13429
1050.0 4250.0 -0.09592
1150.0 4250.0 -0.02314
1250.0 4250.0 0.07781
1350.0 4250.0 0.19525
1450.0 4250.0 0.31129
1550.0 4250.0 0.40108
1650.0 4250.0 0.44531
1750.0 4250.0 0.43406
1850.0 4250.0 0.36697
1950.0 4250.0 0.25263
2050.0 4250.0 0.10713
2150.0 4250.0 -0.04814
2250.0 4250.0 -0.18963
2350.0 4250.0 -0.29543
2450.0 4250.0 -0.35006
2550.0 4250.0 -0.34988
2650.0 4250.0 -0.30954
2750.0 4250.0 -0.25850
2850.0 4250.0 -0.20120
2950.0 4250.0 -0.13798
3050.0 4250.0 -0.07381
3150.0 4250.0 -0.01542
3250.0 4250.0 0.03104
3350.0 4250.0 0.06150
3450.0 4250.0 0.07483
3550.0 4250.0 0.07307
3650.0 4250.0 0.06086
3750.0 4250.0 0.04426
3850.0 4250.0 0.02886
3950.0 4250.0 0.01714
4050.0 4250.0 0.00475
4150.0 4250.0 -0.01708
4250.0 4250.0 -0.04810
4350.0 4250.0 -0.08076
4450.0 4250.0 -0.10480
4550.0 4250.0 -0.11069
4650.0 4250.0 -0.09210
4750.0 4250.0 -0.04721
4850.0 4250.0 0.02098
4950.0 4250.0 0.10540
5050.0 4250.0 0.19676
5150.0 4250.0 0.28642
5250.0 4250.0 0.37041
5350.0 4250.0 0.45590
5450.0 4250.0 0.55926
5550.0 4250.0 0.67785
5650.0 4250.0 0.79344
5750.0 4250.0 0.88265
5850.0 4250.0 0.92481
5950.0 4250.0 0.90736
6050.0 4250.0 0.82868
6150.0 4250.0 0.69843
6250.0 4250.0 0.53539
6350.0 4250.0 0.36271
50.0 4350.0 0.01235
150.0 4350.0 0.07057
250.0 4350.0 0.10381
350.0 4350.0 0.10230
450.0 4350.0 0.06845
550.0 4350.0 0.01248
650.0 4350.0 -0.05132
750.0 4350.0 -0.10774
850.0 4350.0 -0.14319
950.0 4350.0 -0.14770
1050.0 4350.0 -0.11624
1150.0 4350.0 -0.04950
1250.0 4350.0 0.04595
1350.0 4350.0 0.15810
1450.0 4350.0 0.26917
1550.0 4350.0 0.35549
1650.0 4350.0 0.39815
1750.0 4350.0 0.38683
1850.0 4350.0 0.32026
1950.0 4350.0 0.20602
2050.0 4350.0 0.05927
2150.0 4350.0 -0.09928
2250.0 4350.0 -0.24637
2350.0 4350.0 -0.36003
2450.0 4350.0 -0.42435
2550.0 4350.0 -0.43506
2650.0 4350.0 -0.40612
2750.0 4350.0 -0.36575
2850.0 4350.0 -0.31455
2950.0 4350.0 -0.24985
3050.0 4350.0 -0.17559
3150.0 4350.0 -0.09907
3250.0 4350.0 -0.02837
3350.0 4350.0 0.02954
3450.0 4350.0 0.07018
3550.0 4350.0 0.09215
3650.0 4350.0 0.09718
3750.0 4350.0 0.08954
3850.0 4350.0 0.07474
3950.0 4350.0 0.05771
4050.0 4350.0 0.03842
4150.0 4350.0 0.00875
4250.0 4350.0 -0.03089
4350.0 4350.0 -0.07207
4450.0 4350.0 -0.10335
4550.0 4350.0 -0.11419
4650.0 4350.0 -0.09761
4750.0 4350.0 -0.05172
4850.0 4350.0 0.02002
4950.0 4350.0 0.10963
5050.0 4350.0 0.20668
5150.0 4350.0 0.30155
5250.0 4350.0 0.38988
5350.0 4350.0 0.47901
5450.0 4350.0 0.58339
5550.0 4350.0 0.69881
5650.0 4350.0 0.80677
5750.0 4350.0 0.88456
5850.0 4350.0 0.91286
5950.0 4350.0 0.88081
6050.0 4350.0 0.78860
6150.0 4350.0 0.64752
6250.0 4350.0 0.47756
6350.0 4350.0 0.30246
50.0 4450.0 0.12363
150.0 4450.0 0.16987
250.0 4450.0 0.18923
350.0 4450.0 0.17127
450.0 4450.0 0.11863
550.0 4450.0 0.04236
650.0 4450.0 -0.04213
750.0 4450.0 -0.11849
850.0 4450.0 -0.17215
950.0 4450.0 -0.19245
1050.0 4450.0 -0.17405
1150.0 4450.0 -0.11778
1250.0 4450.0 -0.03075
1350.0 4450.0 0.07412
1450.0 4450.0 0.17890
1550.0 4450.0 0.26279
1650.0 4450.0 0.30850
1750.0 4450.0 0.30535
1850.0 4450.0 0.25048
1950.0 4450.0 0.14920
2050.0 4450.0 0.01428
2150.0 4450.0 -0.13573
2250.0 4450.0 -0.27915
2350.0 4450.0 -0.39482
2450.0 4450.0 -0.46672
2550.0 4450.0 -0.48957
2650.0 4450.0 -0.47545
2750.0 4450.0 -0.44961
2850.0 4450.0 -0.40804
2950.0 4450.0 -0.34484
3050.0 4450.0 -0.26270
3150.0 4450.0 -0.16942
3250.0 4450.0 -0.07508
3350.0 4450.0 0.01033
3450.0 4450.0 0.07863
3550.0 4450.0 0.12464
3650.0 4450.0 0.14685
3750.0 4450.0 0.14742
3850.0 4450.0 0.13173
3950.0 4450.0 0.10728
4050.0 4450.0 0.07852
4150.0 4450.0 0.03692
4250.0 4450.0 -0.01769
4350.0 4450.0 -0.07585
4450.0 4450.0 -0.12429
4550.0 4450.0 -0.15052
4650.0 4450.0 -0.14593
4750.0 4450.0 -0.10763
4850.0 4450.0 -0.03890
4950.0 4450.0 0.05170
5050.0 4450.0 0.15255
5150.0 4450.0 0.25263
5250.0 4450.0 0.34642
5350.0 4450.0 0.44060
5450.0 4450.0 0.54775
5550.0 4450.0 0.66230
5650.0 4450.0 0.76558
5750.0 4450.0 0.83552
5850.0 4450.0 0.85402
5950.0 4450.0 0.81172
6050.0 4450.0 0.71035
6150.0 4450.0 0.56257
6250.0 4450.0 0.38937
6350.0 4450.0 0.21491
50.0 4550.0 0.24577
150.0 4550.0 0.27791
250.0 4550.0 0.28086
350.0 4550.0 0.24332
450.0 4550.0 0.16821
550.0 4550.0 0.06755
650.0 4550.0 -0.04189
750.0 4550.0 -0.14235
850.0 4550.0 -0.21804
950.0 4550.0 -0.25743
1050.0 4550.0 -0.25480
1150.0 4550.0 -0.21109
1250.0 4550.0 -0.13407
1350.0 4550.0 -0.03777
1450.0 4550.0 0.05986
1550.0 4550.0 0.14243
1650.0 4550.0 0.19525
1750.0 4550.0 0.20736
1850.0 4550.0 0.17375
1950.0 4550.0 0.09647
2050.0 4550.0 -0.01531
2150.0 4550.0 -0.14644
2250.0 4550.0 -0.27790
2350.0 4550.0 -0.39009
2450.0 4550.0 -0.46720
2550.0 4550.0 -0.50264
2650.0 4550.0 -0.50562
2750.0 4550.0 -0.49704
2850.0 4550.0 -0.46818
2950.0 4550.0 -0.41001
3050.0 4550.0 -0.32390
3150.0 4550.0 -0.21802
3250.0 4550.0 -0.10417
3350.0 4550.0 0.00479
3450.0 4550.0 0.09718
3550.0 4550.0 0.16417
3650.0 4550.0 0.20099
3750.0 4550.0 0.20767
3850.0 4550.0 0.18931
3950.0 4550.0 0.15583
4050.0 4550.0 0.11587
4150.0 4550.0 0.05951
4250.0 4550.0 -0.01447
4350.0 4550.0 -0.09547
4450.0 4550.0 -0.16797
4550.0 4550.0 -0.21684
4650.0 4550.0 -0.23116
4750.0 4550.0 -0.20643
4850.0 4550.0 -0.14528
4950.0 4550.0 -0.05665
5050.0 4550.0 0.04667
5150.0 4550.0 0.15194
5250.0 4550.0 0.25197
5350.0 4550.0 0.35223
5450.0 4550.0 0.46369
5550.0 4550.0 0.57982
5650.0 4550.0 0.68185
5750.0 4550.0 0.74829
5850.0 4550.0 0.76202
5950.0 4550.0 0.71483
6050.0 4550.0 0.60960
6150.0 4550.0 0.45998
6250.0 4550.0 0.28760
6350.0 4550.0 0.11687
50.0 4650.0 0.35408
150.0 4650.0 0.37139
250.0 4650.0 0.35753
350.0 4650.0 0.30053
450.0 4650.0 0.20363
550.0 4650.0 0.07982
650.0 4650.0 -0.05293
750.0 4650.0 -0.17566
850.0 4650.0 -0.27158
950.0 4650.0 -0.32852
1050.0 4650.0 -0.34054
1150.0 4650.0 -0.30885
1250.0 4650.0 -0.24186
1350.0 4650.0 -0.15452
1450.0 4650.0 -0.06429
1550.0 4650.0 0.01794
1650.0 4650.0 0.08070
1750.0 4650.0 0.11288
1850.0 4650.0 0.10696
1950.0 4650.0 0.06115
2050.0 4650.0 -0.01977
2150.0 4650.0 -0.12481
2250.0 4650.0 -0.23832
2350.0 4650.0 -0.34281
2450.0 4650.0 -0.42288
2550.0 4650.0 -0.47050
2650.0 4650.0 -0.49136
2750.0 4650.0 -0.50124
2850.0 4650.0 -0.48719
2950.0 4650.0 -0.43755
3050.0 4650.0 -0.35245
3150.0 4650.0 -0.24013
3250.0 4650.0 -0.11375
3350.0 4650.0 0.01158
3450.0 4650.0 0.12128
3550.0 4650.0 0.20335
3650.0 4650.0 0.25020
3750.0 4650.0 0.25988
3850.0 4650.0 0.23710
3950.0 4650.0 0.19379
4050.0 4650.0 0.14192
4150.0 4650.0 0.06968
4250.0 4650.0 -0.02543
4350.0 4650.0 -0.13165
4450.0 4650.0 -0.23100
4550.0 4650.0 -0.30548
4650.0 4650.0 -0.34154
4750.0 4650.0 -0.33284
4850.0 4650.0 -0.28117
4950.0 4650.0 -0.19573
5050.0 4650.0 -0.09051
5150.0 4650.0 0.01992
5250.0 4650.0 0.12649
5350.0 4650.0 0.23329
5450.0 4650.0 0.35018
5550.0 4650.0 0.47006
5650.0 4650.0 0.57421
5750.0 4650.0 0.64158
5850.0 4650.0 0.65569
5950.0 4650.0 0.60909
6050.0 4650.0 0.50534
6150.0 4650.0 0.35861
6250.0 4650.0 0.19085
6350.0 4650.0 0.02648
50.0 4750.0 0.42691
150.0 4750.0 0.43014
250.0 4750.0 0.40122
350.0 4750.0 0.32801
450.0 4750.0 0.21419
550.0 4750.0 0.07344
650.0 4750.0 -0.07554
750.0 4750.0 -0.21318
850.0 4750.0 -0.32233
950.0 4750.0 -0.39078
1050.0 4750.0 -0.41284
1150.0 4750.0 -0.39015
1250.0 4750.0 -0.33167
1350.0 4750.0 -0.25275
1450.0 4750.0 -0.16953
1550.0 4750.0 -0.08697
1650.0 4750.0 -0.01311
1750.0 4750.0 0.04083
1850.0 4750.0 0.06483
1950.0 4750.0 0.05312
2050.0 4750.0 0.00592
2150.0 4750.0 -0.07016
2250.0 4750.0 -0.16309
2350.0 4750.0 -0.25763
2450.0 4750.0 -0.33894
2550.0 4750.0 -0.39754
2650.0 4750.0 -0.43547
2750.0 4750.0 -0.46332
2850.0 4750.0 -0.46488
2950.0 4750.0 -0.42660
3050.0 4750.0 -0.34757
3150.0 4750.0 -0.23590
3250.0 4750.0 -0.10544
3350.0 4750.0 0.02722
3450.0 4750.0 0.14546
3550.0 4750.0 0.23504
3650.0 4750.0 0.28616
3750.0 4750.0 0.29531
3850.0 4750.0 0.26673
3950.0 4750.0 0.21365
4050.0 4750.0 0.15035
4150.0 4750.0 0.06296
4250.0 4750.0 -0.05216
4350.0 4750.0 -0.18213
4450.0 4750.0 -0.30663
4550.0 4750.0 -0.40493
4650.0 4750.0 -0.46107
4750.0 4750.0 -0.46697
4850.0 4750.0 -0.42372
4950.0 4750.0 -0.34079
5050.0 4750.0 -0.23340
5150.0 4750.0 -0.11785
5250.0 4750.0 -0.00496
5350.0 4750.0 0.10823
5450.0 4750.0 0.23105
5550.0 4750.0 0.35623
5650.0 4750.0 0.46517
5750.0 4750.0 0.53714
5850.0 4750.0 0.55600
5950.0 4750.0 0.51461
6050.0 4750.0 0.41675
6150.0 4750.0 0.27671
6250.0 4750.0 0.11639
6350.0 4750.0 -0.03992
50.0 4850.0 0.44881
150.0 4850.0 0.44006
250.0 4850.0 0.39969
350.0 4850.0 0.31613
450.0 4850.0 0.19358
550.0 4850.0 0.04602
650.0 4850.0 -0.10785
750.0 4850.0 -0.24877
850.0 4850.0 -0.36020
950.0 4850.0 -0.43069
1050.0 4850.0 -0.45543
1150.0 4850.0 -0.43677
1250.0 4850.0 -0.38399
1350.0 4850.0 -0.31210
1450.0 4850.0 -0.23494
1550.0 4850.0 -0.15180
1650.0 4850.0 -0.06761
1750.0 4850.0 0.00635
1850.0 4850.0 0.05779
1950.0 4850.0 0.07740
2050.0 4850.0 0.06129
2150.0 4850.0 0.01207
2250.0 4850.0 -0.06149
2350.0 4850.0 -0.14626
2450.0 4850.0 -0.22795
2550.0 4850.0 -0.29578
2650.0 4850.0 -0.34851
2750.0 4850.0 -0.39218
2850.0 4850.0 -0.40863
2950.0 4850.0 -0.38335
3050.0 4850.0 -0.31466
3150.0 4850.0 -0.21030
3250.0 4850.0 -0.08420
3350.0 4850.0 0.04650
3450.0 4850.0 0.16418
3550.0 4850.0 0.25335
3650.0 4850.0 0.30288
3750.0 4850.0 0.30819
3850.0 4850.0 0.27302
3950.0 4850.0 0.21116
4050.0 4850.0 0.13800
4150.0 4850.0 0.03795
4250.0 4850.0 -0.09335
4350.0 4850.0 -0.24197
4450.0 4850.0 -0.38565
4550.0 4850.0 -0.50153
4650.0 4850.0 -0.57179
4750.0 4850.0 -0.58719
4850.0 4850.0 -0.54846
4950.0 4850.0 -0.46559
5050.0 4850.0 -0.35493
5150.0 4850.0 -0.23430
5250.0 4850.0 -0.11579
5350.0 4850.0 0.00304
5450.0 4850.0 0.13155
5550.0 4850.0 0.26262
5650.0 4850.0 0.37786
5750.0 4850.0 0.45668
5850.0 4850.0 0.48303
5950.0 4850.0 0.44974
6050.0 4850.0 0.36045
6150.0 4850.0 0.22922
6250.0 4850.0 0.07769
6350.0 4850.0 -0.07012
50.0 4950.0 0.41255
150.0 4950.0 0.39498
250.0 4950.0 0.34806
350.0 4950.0 0.26169
450.0 4950.0 0.14064
550.0 4950.0 -0.00130
650.0 4950.0 -0.14629
750.0 4950.0 -0.27647
850.0 4950.0 -0.37698
950.0 4950.0 -0.43813
1050.0 4950.0 -0.45664
1150.0 4950.0 -0.43586
1250.0 4950.0 -0.38514
1350.0 4950.0 -0.31825
1450.0 4950.0 -0.24576
1550.0 4950.0 -0.16227
1650.0 4950.0 -0.07038
1750.0 4950.0 0.01856
1850.0 4950.0 0.09058
1950.0 4950.0 0.13366
2050.0 4950.0 0.14080
2150.0 4950.0 0.11162
2250.0 4950.0 0.05242
2350.0 4950.0 -0.02524
2450.0 4950.0 -0.10747
2550.0 4950.0 -0.18250
2650.0 4950.0 -0.24660
2750.0 4950.0 -0.30262
2850.0 4950.0 -0.33186
2950.0 4950.0 -0.31971
3050.0 4950.0 -0.26407
3150.0 4950.0 -0.17212
3250.0 4950.0 -0.05733
3350.0 4950.0 0.06345
3450.0 4950.0 0.17264
3550.0 4950.0 0.25450
3650.0 4950.0 0.29747
3750.0 4950.0 0.29641
3850.0 4950.0 0.25462
3950.0 4950.0 0.18573
4050.0 4950.0 0.10513
4150.0 4950.0 -0.00370
4250.0 4950.0 -0.14518
4350.0 4950.0 -0.30449
4450.0 4950.0 -0.45803
4550.0 4950.0 -0.58167
4650.0 4950.0 -0.65672
4750.0 4950.0 -0.67358
4850.0 4950.0 -0.63327
4950.0 4950.0 -0.54654
5050.0 4950.0 -0.43089
5150.0 4950.0 -0.30519
5250.0 4950.0 -0.18214
5350.0 4950.0 -0.05893
5450.0 4950.0 0.07431
5550.0 4950.0 0.21082
5650.0 4950.0 0.33238
5750.0 4950.0 0.41846
5850.0 4950.0 0.45292
5950.0 4950.0 0.42833
6050.0 4950.0 0.34803
6150.0 4950.0 0.22566
6250.0 4950.0 0.08250
6350.0 4950.0 -0.05774
50.0 5050.0 0.32006
150.0 5050.0 0.29734
250.0 5050.0 0.24929
350.0 5050.0 0.16810
450.0 5050.0 0.05919
550.0 5050.0 -0.06437
650.0 5050.0 -0.18649
750.0 5050.0 -0.29174
850.0 5050.0 -0.36801
950.0 5050.0 -0.40833
1050.0 5050.0 -0.41157
1150.0 5050.0 -0.38233
1250.0 5050.0 -0.32978
1350.0 5050.0 -0.26555
1450.0 5050.0 -0.19613
1550.0 5050.0 -0.11296
1650.0 5050.0 -0.01740
1750.0 5050.0 0.07913
1850.0 5050.0 0.16167
1950.0 5050.0 0.21666
2050.0 5050.0 0.23542
2150.0 5050.0 0.21593
2250.0 5050.0 0.16322
2350.0 5050.0 0.08804
2450.0 5050.0 0.00415
2550.0 5050.0 -0.07608
2650.0 5050.0 -0.14758
2750.0 5050.0 -0.21174
2850.0 5050.0 -0.25062
2950.0 5050.0 -0.25026
3050.0 5050.0 -0.20845
3150.0 5050.0 -0.13174
3250.0 5050.0 -0.03272
3350.0 5050.0 0.07270
3450.0 5050.0 0.16780
3550.0 5050.0 0.23748
3650.0 5050.0 0.27051
3750.0 5050.0 0.26173
3850.0 5050.0 0.21403
3950.0 5050.0 0.14032
4050.0 5050.0 0.05515
4150.0 5050.0 -0.05784
4250.0 5050.0 -0.20237
4350.0 5050.0 -0.36284
4450.0 5050.0 -0.51509
4550.0 5050.0 -0.63479
4650.0 5050.0 -0.70345
4750.0 5050.0 -0.71217
4850.0 5050.0 -0.66292
4950.0 5050.0 -0.56766
5050.0 5050.0 -0.44491
5150.0 5050.0 -0.31417
5250.0 5050.0 -0.18785
5350.0 5050.0 -0.06181
5450.0 5050.0 0.07469
5550.0 5050.0 0.21520
5650.0 5050.0 0.34169
5750.0 5050.0 0.43359
5850.0 5050.0 0.47461
5950.0 5050.0 0.45707
6050.0 5050.0 0.38393
6150.0 5050.0 0.26848
6250.0 5050.0 0.13162
6350.0 5050.0 -0.00316
50.0 5150.0 0.18231
150.0 5150.0 0.15792
250.0 5150.0 0.11365
350.0 5150.0 0.04467
450.0 5150.0 -0.04294
550.0 5150.0 -0.13724
650.0 5150.0 -0.22464
750.0 5150.0 -0.29299
850.0 5150.0 -0.33385
950.0 5150.0 -0.34365
1050.0 5150.0 -0.32399
1150.0 5150.0 -0.28088
1250.0 5150.0 -0.22304
1350.0 5150.0 -0.15928
1450.0 5150.0 -0.09145
1550.0 5150.0 -0.00950
1650.0 5150.0 0.08528
1750.0 5150.0 0.18133
1850.0 5150.0 0.26343
1950.0 5150.0 0.31775
2050.0 5150.0 0.33537
2150.0 5150.0 0.31413
2250.0 5150.0 0.25902
2350.0 5150.0 0.18089
2450.0 5150.0 0.09363
2550.0 5150.0 0.00982
2650.0 5150.0 -0.06532
2750.0 5150.0 -0.13350
2850.0 5150.0 -0.17855
2950.0 5150.0 -0.18768
3050.0 5150.0 -0.15880
3150.0 5150.0 -0.09787
3250.0 5150.0 -0.01636
3350.0 5150.0 0.07118
3450.0 5150.0 0.14944
3550.0 5150.0 0.20452
3650.0 5150.0 0.22610
3750.0 5150.0 0.20937
3850.0 5150.0 0.15695
3950.0 5150.0 0.08062
4050.0 5150.0 -0.00633
4150.0 5150.0 -0.11906
4250.0 5150.0 -0.25976
4350.0 5150.0 -0.41222
4450.0 5150.0 -0.55244
4550.0 5150.0 -0.65689
4650.0 5150.0 -0.70840
4750.0 5150.0 -0.69967
4850.0 5150.0 -0.63442
4950.0 5150.0 -0.52609
5050.0 5150.0 -0.39421
5150.0 5150.0 -0.25843
5250.0 5150.0 -0.13007
5350.0 5150.0 -0.00271
5450.0 5150.0 0.13539
5550.0 5150.0 0.27796
5650.0 5150.0 0.40705
5750.0 5150.0 0.50209
5850.0 5150.0 0.54668
5950.0 5150.0 0.53295
6050.0 5150.0 0.46366
6150.0 5150.0 0.35188
6250.0 5150.0 0.21830
6350.0 5150.0 0.08628
50.0 5250.0 0.01796
150.0 5250.0 -0.00572
250.0 5250.0 -0.04296
350.0 5250.0 -0.09523
450.0 5250.0 -0.15575
550.0 5250.0 -0.21401
650.0 5250.0 -0.25934
750.0 5250.0 -0.28343
850.0 5250.0 -0.28200
950.0 5250.0 -0.25535
1050.0 5250.0 -0.20807
1150.0 5250.0 -0.14768
1250.0 5250.0 -0.08234
1350.0 5250.0 -0.01754
1450.0 5250.0 0.04970
1550.0 5250.0 0.12966
1650.0 5250.0 0.22026
1750.0 5250.0 0.30972
1850.0 5250.0 0.38310
1950.0 5250.0 0.42723
2050.0 5250.0 0.43403
2150.0 5250.0 0.40231
2250.0 5250.0 0.33797
2350.0 5250.0 0.25257
2450.0 5250.0 0.16043
2550.0 5250.0 0.07400
2650.0 5250.0 -0.00219
2750.0 5250.0 -0.07151
2850.0 5250.0 -0.12012
2950.0 5250.0 -0.13660
3050.0 5250.0 -0.11916
3150.0 5250.0 -0.07318
3250.0 5250.0 -0.00897
3350.0 5250.0 0.06042
3450.0 5250.0 0.12131
3550.0 5250.0 0.16134
3650.0 5250.0 0.17135
3750.0 5250.0 0.14713
3850.0 5250.0 0.09106
3950.0 5250.0 0.01371
4050.0 5250.0 -0.07312
4150.0 5250.0 -0.18249
4250.0 5250.0 -0.31460
4350.0 5250.0 -0.45271
4450.0 5250.0 -0.57344
4550.0 5250.0 -0.65480
4650.0 5250.0 -0.68167
4750.0 5250.0 -0.64906
4850.0 5250.0 -0.56288
4950.0 5250.0 -0.43831
5050.0 5250.0 -0.29588
5150.0 5250.0 -0.15506
5250.0 5250.0 -0.02551
5350.0 5250.0 0.10212
5450.0 5250.0 0.24051
5550.0 5250.0 0.38347
5650.0 5250.0 0.51305
5750.0 5250.0 0.60868
5850.0 5250.0 0.65392
5950.0 5250.0 0.64090
6050.0 5250.0 0.57233
6150.0 5250.0 0.46122
6250.0 5250.0 0.32826
6350.0 5250.0 0.19676
50.0 5350.0 -0.14608
150.0 5350.0 -0.16820
250.0 5350.0 -0.19741
350.0 5350.0 -0.23180
450.0 5350.0 -0.26401
550.0 5350.0 -0.28509
650.0 5350.0 -0.28741
750.0 5350.0 -0.26662
850.0 5350.0 -0.22260
950.0 5350.0 -0.15954
1050.0 5350.0 -0.08492
1150.0 5350.0 -0.00766
1250.0 5350.0 0.06477
1350.0 5350.0 0.13021
1450.0 5350.0 0.19639
1550.0 5350.0 0.27341
1650.0 5350.0 0.35820
1750.0 5350.0 0.43885
1850.0 5350.0 0.50091
1950.0 5350.0 0.53215
2050.0 5350.0 0.52564
2150.0 5350.0 0.48142
2250.0 5350.0 0.40646
2350.0 5350.0 0.31315
2450.0 5350.0 0.21613
2550.0 5350.0 0.12764
2650.0 5350.0 0.05123
2750.0 5350.0 -0.01835
2850.0 5350.0 -0.06971
2950.0 5350.0 -0.09289
3050.0 5350.0 -0.08640
3150.0 5350.0 -0.05506
3250.0 5350.0 -0.00800
3350.0 5350.0 0.04331
3450.0 5350.0 0.08690
3550.0 5350.0 0.11199
3650.0 5350.0 0.11067
3750.0 5350.0 0.07933
3850.0 5350.0 0.02019
3950.0 5350.0 -0.05749
4050.0 5350.0 -0.14344
4150.0 5350.0 -0.24837
4250.0 5350.0 -0.37038
4350.0 5350.0 -0.49230
4450.0 5350.0 -0.59159
4550.0 5350.0 -0.64799
4650.0 5350.0 -0.64867
4750.0 5350.0 -0.59107
4850.0 5350.0 -0.48336
4950.0 5350.0 -0.34247
5050.0 5350.0 -0.18979
5150.0 5350.0 -0.04449
5250.0 5350.0 0.08559
5350.0 5350.0 0.21281
5450.0 5350.0 0.35104
5550.0 5350.0 0.49422
5650.0 5350.0 0.62445
5750.0 5350.0 0.72115
5850.0 5350.0 0.76777
5950.0 5350.0 0.75629
6050.0 5350.0 0.68925
6150.0 5350.0 0.57949
6250.0 5350.0 0.44753
6350.0 5350.0 0.31662
50.0 5450.0 -0.27119
150.0 5450.0 -0.29007
250.0 5450.0 -0.30982
350.0 5450.0 -0.32573
450.0 5450.0 -0.33048
550.0 5450.0 -0.31716
650.0 5450.0 -0.28140
750.0 5450.0 -0.22260
850.0 5450.0 -0.14436
950.0 5450.0 -0.05389
1050.0 5450.0 0.03930
1150.0 5450.0 0.12576
1250.0 5450.0 0.19917
1350.0 5450.0 0.26047
1450.0 5450.0 0.32108
1550.0 5450.0 0.39049
1650.0 5450.0 0.46493
1750.0 5450.0 0.53290
1850.0 5450.0 0.58098
1950.0 5450.0 0.59822
2050.0 5450.0 0.57897
2150.0 5450.0 0.52429
2250.0 5450.0 0.44176
2350.0 5450.0 0.34390
2450.0 5450.0 0.24504
2550.0 5450.0 0.15669
2650.0 5450.0 0.08146
2750.0 5450.0 0.01275
2850.0 5450.0 -0.04054
2950.0 5450.0 -0.07001
3050.0 5450.0 -0.07445
3150.0 5450.0 -0.05799
3250.0 5450.0 -0.02839
3350.0 5450.0 0.00465
3450.0 5450.0 0.03102
3550.0 5450.0 0.04166
3650.0 5450.0 0.02991
3750.0 5450.0 -0.00718
3850.0 5450.0 -0.06771
3950.0 5450.0 -0.14384
4050.0 5450.0 -0.22693
4150.0 5450.0 -0.32532
4250.0 5450.0 -0.43524
4350.0 5450.0 -0.53950
4450.0 5450.0 -0.61687
4550.0 5450.0 -0.64913
4650.0 5450.0 -0.62581
4750.0 5450.0 -0.54666
4850.0 5450.0 -0.42171
4950.0 5450.0 -0.26909
5050.0 5450.0 -0.11052
5150.0 5450.0 0.03558
5250.0 5450.0 0.16320
5350.0 5450.0 0.28748
5450.0 5450.0 0.42449
5550.0 5450.0 0.56937
5650.0 5450.0 0.70463
5750.0 5450.0 0.80943
5850.0 5450.0 0.86649
5950.0 5450.0 0.86666
6050.0 5450.0 0.81116
6150.0 5450.0 0.71154
6250.0 5450.0 0.58720
6350.0 5450.0 0.46070
50.0 5550.0 -0.33195
150.0 5550.0 -0.34484
250.0 5550.0 -0.35296
350.0 5550.0 -0.34979
450.0 5550.0 -0.32908
550.0 5550.0 -0.28670
650.0 5550.0 -0.22180
750.0 5550.0 -0.13722
850.0 5550.0 -0.03931
950.0 5550.0 0.06302
1050.0 5550.0 0.15986
1150.0 5550.0 0.24259
1250.0 5550.0 0.30685
1350.0 5550.0 0.35618
1450.0 5550.0 0.40385
1550.0 5550.0 0.45823
1650.0 5550.0 0.51541
1750.0 5550.0 0.56516
1850.0 5550.0 0.59593
1950.0 5550.0 0.59859
2050.0 5550.0 0.56881
2150.0 5550.0 0.50822
2250.0 5550.0 0.42414
2350.0 5550.0 0.32806
2450.0 5550.0 0.23282
2550.0 5550.0 0.14847
2650.0 5550.0 0.07674
2750.0 5550.0 0.01075
2850.0 5550.0 -0.04296
2950.0 5550.0 -0.07768
3050.0 5550.0 -0.09240
3150.0 5550.0 -0.09038
3250.0 5550.0 -0.07778
3350.0 5550.0 -0.06231
3450.0 5550.0 -0.05205
3550.0 5550.0 -0.05425
3650.0 5550.0 -0.07427
3750.0 5550.0 -0.11450
3850.0 5550.0 -0.17347
3950.0 5550.0 -0.24493
4050.0 5550.0 -0.32197
4150.0 5550.0 -0.41058
4250.0 5550.0 -0.50558
4350.0 5550.0 -0.59051
4450.0 5550.0 -0.64610
4550.0 5550.0 -0.65665
4650.0 5550.0 -0.61412
4750.0 5550.0 -0.52017
4850.0 5550.0 -0.38599
4950.0 5550.0 -0.22995
5050.0 5550.0 -0.07307
5150.0 5550.0 0.06760
5250.0 5550.0 0.18784
5350.0 5550.0 0.30497
5450.0 5550.0 0.43865
5550.0 5550.0 0.58669
5650.0 5550.0 0.73254
5750.0 5550.0 0.85487
5850.0 5550.0 0.93471
5950.0 5550.0 0.96042
6050.0 5550.0 0.93033
6150.0 5550.0 0.85301
6250.0 5550.0 0.74540
6350.0 5550.0 0.62848
50.0 5650.0 -0.32107
150.0 5650.0 -0.32500
250.0 5650.0 -0.31935
350.0 5650.0 -0.29695
450.0 5650.0 -0.25379
550.0 5650.0 -0.18933
650.0 5650.0 -0.10641
750.0 5650.0 -0.01081
850.0 5650.0 0.08950
950.0 5650.0 0.18554
1050.0 5650.0 0.26880
1150.0 5650.0 0.33311
1250.0 5650.0 0.37686
1350.0 5650.0 0.40557
1450.0 5650.0 0.43229
1550.0 5650.0 0.46377
1650.0 5650.0 0.49678
1750.0 5650.0 0.52335
1850.0 5650.0 0.53464
1950.0 5650.0 0.52378
2050.0 5650.0 0.48770
2150.0 5650.0 0.42793
2250.0 5650.0 0.35037
2350.0 5650.0 0.26413
2450.0 5650.0 0.17924
2550.0 5650.0 0.10342
2650.0 5650.0 0.03780
2750.0 5650.0 -0.02338
2850.0 5650.0 -0.07562
2950.0 5650.0 -0.11391
3050.0 5650.0 -0.13734
3150.0 5650.0 -0.14812
3250.0 5650.0 -0.15066
3350.0 5650.0 -0.15057
3450.0 5650.0 -0.15383
3550.0 5650.0 -0.16591
3650.0 5650.0 -0.19092
3750.0 5650.0 -0.23085
3850.0 5650.0 -0.28476
3950.0 5650.0 -0.34809
4050.0 5650.0 -0.41562
4150.0 5650.0 -0.49115
4250.0 5650.0 -0.56873
4350.0 5650.0 -0.63348
4450.0 5650.0 -0.66882
4550.0 5650.0 -0.66190
4650.0 5650.0 -0.60706
4750.0 5650.0 -0.50734
4850.0 5650.0 -0.37412
4950.0 5650.0 -0.22480
5050.0 5650.0 -0.07864
5150.0 5650.0 0.04943
5250.0 5650.0 0.15685
5350.0 5650.0 0.26211
5450.0 5650.0 0.38961
5550.0 5650.0 0.54108
5650.0 5650.0 0.70146
5750.0 5650.0 0.84868
5850.0 5650.0 0.96136
5950.0 5650.0 1.02419
6050.0 5650.0 1.03114
6150.0 5650.0 0.98639
6250.0 5650.0 0.90310
6350.0 5650.0 0.79989
50.0 5750.0 -0.24590
150.0 5750.0 -0.23830
250.0 5750.0 -0.21726
350.0 5750.0 -0.17614
450.0 5750.0 -0.11420
550.0 5750.0 -0.03512
650.0 5750.0 0.05450
750.0 5750.0 0.14649
850.0 5750.0 0.23244
950.0 5750.0 0.30486
1050.0 5750.0 0.35835
1150.0 5750.0 0.39066
1250.0 5750.0 0.40362
1350.0 5750.0 0.40406
1450.0 5750.0 0.40282
1550.0 5750.0 0.40486
1650.0 5750.0 0.40844
1750.0 5750.0 0.40877
1850.0 5750.0 0.40043
1950.0 5750.0 0.37906
2050.0 5750.0 0.34256
2150.0 5750.0 0.29159
2250.0 5750.0 0.22948
2350.0 5750.0 0.16155
2450.0 5750.0 0.09378
2550.0 5750.0 0.03088
2650.0 5750.0 -0.02626
2750.0 5750.0 -0.08078
2850.0 5750.0 -0.12961
2950.0 5750.0 -0.16934
3050.0 5750.0 -0.19904
3150.0 5750.0 -0.21980
3250.0 5750.0 -0.23421
3350.0 5750.0 -0.24585
3450.0 5750.0 -0.25871
3550.0 5750.0 -0.27661
3650.0 5750.0 -0.30264
3750.0 5750.0 -0.33853
3850.0 5750.0 -0.38399
3950.0 5750.0 -0.43606
4050.0 5750.0 -0.49108
4150.0 5750.0 -0.55094
4250.0 5750.0 -0.60966
4350.0 5750.0 -0.65468
4450.0 5750.0 -0.67271
4550.0 5750.0 -0.65397
4650.0 5750.0 -0.59492
4750.0 5750.0 -0.49930
4850.0 5750.0 -0.37766
4950.0 5750.0 -0.24531
5050.0 5750.0 -0.11863
5150.0 5750.0 -0.00983
5250.0 5750.0 0.07987
5350.0 5750.0 0.16905
5450.0 5750.0 0.28717
5550.0 5750.0 0.44071
5650.0 5750.0 0.61641
5750.0 5750.0 0.79147
5850.0 5750.0 0.94165
5950.0 5750.0 1.04734
6050.0 5750.0 1.09730
6150.0 5750.0 1.09041
6250.0 5750.0 1.03526
6350.0 5750.0 0.94753
50.0 5850.0 -0.12465
150.0 5850.0 -0.10380
250.0 5850.0 -0.06659
350.0 5850.0 -0.00786
450.0 5850.0 0.06908
550.0 5850.0 0.15598
650.0 5850.0 0.24256
750.0 5850.0 0.31885
850.0 5850.0 0.37694
950.0 5850.0 0.41211
1050.0 5850.0 0.42340
1150.0 5850.0 0.41351
1250.0 5850.0 0.38820
1350.0 5850.0 0.35501
1450.0 5850.0 0.32103
1550.0 5850.0 0.28952
1650.0 5850.0 0.26102
1750.0 5850.0 0.23463
1850.0 5850.0 0.20868
1950.0 5850.0 0.18137
2050.0 5850.0 0.15115
2150.0 5850.0 0.11702
2250.0 5850.0 0.07871
2350.0 5850.0 0.03661
2450.0 5850.0 -0.00829
2550.0 5850.0 -0.05476
2650.0 5850.0 -0.10170
2750.0 5850.0 -0.14821
2850.0 5850.0 -0.19196
2950.0 5850.0 -0.23087
3050.0 5850.0 -0.26388
3150.0 5850.0 -0.29096
3250.0 5850.0 -0.31302
3350.0 5850.0 -0.33177
3450.0 5850.0 -0.34949
3550.0 5850.0 -0.36867
3650.0 5850.0 -0.39164
3750.0 5850.0 -0.42006
3850.0 5850.0 -0.45432
3950.0 5850.0 -0.49292
4050.0 5850.0 -0.53339
4150.0 5850.0 -0.57617
4250.0 5850.0 -0.61592
4350.0 5850.0 -0.64300
4450.0 5850.0 -0.64772
4550.0 5850.0 -0.62337
4650.0 5850.0 -0.56813
4750.0 5850.0 -0.48578
4850.0 5850.0 -0.38515
4950.0 5850.0 -0.27842
5050.0 5850.0 -0.17829
5150.0 5850.0 -0.09386
5250.0 5850.0 -0.02534
5350.0 5850.0 0.04472
5450.0 5850.0 0.15044
5550.0 5850.0 0.30316
5650.0 5850.0 0.49154
5750.0 5850.0 0.69214
5850.0 5850.0 0.87801
5950.0 5850.0 1.02514
6050.0 5850.0 1.11705
6150.0 5850.0 1.14717
6250.0 5850.0 1.11931
6350.0 5850.0 1.04604
50.0 5950.0 0.01734
150.0 5950.0 0.05206
250.0 5950.0 0.10528
350.0 5950.0 0.18009
450.0 5950.0 0.26880
550.0 5950.0 0.35849
650.0 5950.0 0.43544
750.0 5950.0 0.48833
850.0 5950.0 0.51044
950.0 5950.0 0.50057
1050.0 5950.0 0.46287
1150.0 5950.0 0.40558
1250.0 5950.0 0.33850
1350.0 5950.0 0.26943
1450.0 5950.0 0.20087
1550.0 5950.0 0.13475
1650.0 5950.0 0.07453
1750.0 5950.0 0.02347
1850.0 5950.0 -0.01624
1950.0 5950.0 -0.04412
2050.0 5950.0 -0.06165
2150.0 5950.0 -0.07213
2250.0 5950.0 -0.08021
2350.0 5950.0 -0.09110
2450.0 5950.0 -0.10934
2550.0 5950.0 -0.13729
2650.0 5950.0 -0.17321
2750.0 5950.0 -0.21109
2850.0 5950.0 -0.24861
2950.0 5950.0 -0.28469
3050.0 5950.0 -0.31804
3150.0 5950.0 -0.34757
3250.0 5950.0 -0.37277
3350.0 5950.0 -0.39382
3450.0 5950.0 -0.41167
3550.0 5950.0 -0.42785
3650.0 5950.0 -0.44424
3750.0 5950.0 -0.46260
3850.0 5950.0 -0.48401
3950.0 5950.0 -0.50813
4050.0 5950.0 -0.53332
4150.0 5950.0 -0.55896
4250.0 5950.0 -0.58096
4350.0 5950.0 -0.59289
4450.0 5950.0 -0.58868
4550.0 5950.0 -0.56447
4650.0 5950.0 -0.51974
4750.0 5950.0 -0.45767
4850.0 5950.0 -0.38470
4950.0 5950.0 -0.30930
5050.0 5950.0 -0.24000
5150.0 5950.0 -0.18265
5250.0 5950.0 -0.13685
5350.0 5950.0 -0.08729
5450.0 5950.0 0.00367
5550.0 5950.0 0.15164
5650.0 5950.0 0.34710
5750.0 5950.0 0.56627
5850.0 5950.0 0.77991
5950.0 5950.0 0.96033
6050.0 5950.0 1.08643
6150.0 5950.0 1.14682
6250.0 5950.0 1.14098
6350.0 5950.0 1.07859
50.0 6050.0 0.15163
150.0 6050.0 0.19966
250.0 6050.0 0.26784
350.0 6050.0 0.35706
450.0 6050.0 0.45537
550.0 6050.0 0.54546
650.0 6050.0 0.61043
750.0 6050.0 0.63795
850.0 6050.0 0.62267
950.0 6050.0 0.56703
1050.0 6050.0 0.48034
1150.0 6050.0 0.37622
1250.0 6050.0 0.26836
1350.0 6050.0 0.16460
1450.0 6050.0 0.06282
1550.0 6050.0 -0.03576
1650.0 6050.0 -0.12452
1750.0 6050.0 -0.19603
1850.0 6050.0 -0.24459
1950.0 6050.0 -0.26786
2050.0 6050.0 -0.26771
2150.0 6050.0 -0.25018
2250.0 6050.0 -0.22460
2350.0 6050.0 -0.20196
2450.0 6050.0 -0.19231
2550.0 6050.0 -0.20142
2650.0 6050.0 -0.22654
2750.0 6050.0 -0.25600
2850.0 6050.0 -0.28686
2950.0 6050.0 -0.31870
3050.0 6050.0 -0.34991
3150.0 6050.0 -0.37852
3250.0 6050.0 -0.40290
3350.0 6050.0 -0.42211
3450.0 6050.0 -0.43619
3550.0 6050.0 -0.44610
3650.0 6050.0 -0.45356
3750.0 6050.0 -0.46058
3850.0 6050.0 -0.46885
3950.0 6050.0 -0.47885
4050.0 6050.0 -0.48940
4150.0 6050.0 -0.49923
4250.0 6050.0 -0.50578
4350.0 6050.0 -0.50583
4450.0 6050.0 -0.49665
4550.0 6050.0 -0.47686
4650.0 6050.0 -0.44679
4750.0 6050.0 -0.40866
4850.0 6050.0 -0.36617
4950.0 6050.0 -0.32389
5050.0 6050.0 -0.28619
5150.0 6050.0 -0.25582
5250.0 6050.0 -0.23209
5350.0 6050.0 -0.20255
5450.0 6050.0 -0.12764
5550.0 6050.0 0.01134
5650.0 6050.0 0.20643
5750.0 6050.0 0.43378
5850.0 6050.0 0.66278
5950.0 6050.0 0.86318
6050.0 6050.0 1.01058
6150.0 6050.0 1.08996
6250.0 6050.0 1.09751
6350.0 6050.0 1.04054
50.0 6150.0 0.25077
150.0 6150.0 0.31043
250.0 6150.0 0.39181
350.0 6150.0 0.49396
450.0 6150.0 0.60121
550.0 6150.0 0.69239
650.0 6150.0 0.74780
750.0 6150.0 0.75411
850.0 6150.0 0.70711
950.0 6150.0 0.61231
1050.0 6150.0 0.48347
1150.0 6150.0 0.33887
1250.0 6150.0 0.19561
1350.0 6150.0 0.06163
1450.0 6150.0 -0.06898
1550.0 6150.0 -0.19508
1650.0 6150.0 -0.30686
1750.0 6150.0 -0.39322
1850.0 6150.0 -0.44552
1950.0 6150.0 -0.46015
2050.0 6150.0 -0.43971
2150.0 6150.0 -0.39307
2250.0 6150.0 -0.33411
2350.0 6150.0 -0.27916
2450.0 6150.0 -0.24325
2550.0 6150.0 -0.23505
2650.0 6150.0 -0.25058
2750.0 6150.0 -0.27264
2850.0 6150.0 -0.29723
2950.0 6150.0 -0.32426
3050.0 6150.0 -0.35182
3150.0 6150.0 -0.37727
3250.0 6150.0 -0.39815
3350.0 6150.0 -0.41283
3450.0 6150.0 -0.42081
3550.0 6150.0 -0.42282
3650.0 6150.0 -0.42062
3750.0 6150.0 -0.41656
3850.0 6150.0 -0.41282
3950.0 6150.0 -0.41042
4050.0 6150.0 -0.40827
4150.0 6150.0 -0.40472
4250.0 6150.0 -0.39880
4350.0 6150.0 -0.39011
4450.0 6150.0 -0.37880
4550.0 6150.0 -0.36541
4650.0 6150.0 -0.35085
4750.0 6150.0 -0.33619
4850.0 6150.0 -0.32254
4950.0 6150.0 -0.31089
5050.0 6150.0 -0.30186
5150.0 6150.0 -0.29553
5250.0 6150.0 -0.29117
5350.0 6150.0 -0.27935
5450.0 6150.0 -0.22048
5550.0 6150.0 -0.09422
5650.0 6150.0 0.09248
5750.0 6150.0 0.31617
5850.0 6150.0 0.54582
5950.0 6150.0 0.75013
6050.0 6150.0 0.90306
6150.0 6150.0 0.98765
6250.0 6150.0 0.99810
6350.0 6150.0 0.94021
50.0 6250.0 0.29249
150.0 6250.0 0.36124
250.0 6250.0 0.45365
350.0 6250.0 0.56766
450.0 6250.0 0.68486
550.0 6250.0 0.78092
650.0 6250.0 0.83365
750.0 6250.0 0.82853
850.0 6250.0 0.76178
950.0 6250.0 0.64087
1050.0 6250.0 0.48261
1150.0 6250.0 0.30875
1250.0 6250.0 0.13907
1350.0 6250.0 -0.01806
1450.0 6250.0 -0.17079
1550.0 6250.0 -0.31738
1650.0 6250.0 -0.44523
1750.0 6250.0 -0.54035
1850.0 6250.0 -0.59199
1950.0 6250.0 -0.59578
2050.0 6250.0 -0.55532
2150.0 6250.0 -0.48207
2250.0 6250.0 -0.39376
2350.0 6250.0 -0.31114
2450.0 6250.0 -0.25323
2550.0 6250.0 -0.23090
2650.0 6250.0 -0.23891
2750.0 6250.0 -0.25522
2850.0 6250.0 -0.27468
2950.0 6250.0 -0.29735
3050.0 6250.0 -0.32101
3150.0 6250.0 -0.34257
3250.0 6250.0 -0.35907
3350.0 6250.0 -0.36847
3450.0 6250.0 -0.37004
3550.0 6250.0 -0.36447
3650.0 6250.0 -0.35370
3750.0 6250.0 -0.34038
3850.0 6250.0 -0.32705
3950.0 6250.0 -0.31502
4050.0 6250.0 -0.30310
4150.0 6250.0 -0.28937
4250.0 6250.0 -0.27413
4350.0 6250.0 -0.25921
4450.0 6250.0 -0.24689
4550.0 6250.0 -0.23923
4650.0 6250.0 -0.23743
4750.0 6250.0 -0.24165
4850.0 6250.0 -0.25093
4950.0 6250.0 -0.26341
5050.0 6250.0 -0.27682
5150.0 6250.0 -0.28918
5250.0 6250.0 -0.29976
5350.0 6250.0 -0.30192
5450.0 6250.0 -0.25770
5550.0 6250.0 -0.14679
5650.0 6250.0 0.02435
5750.0 6250.0 0.23298
5850.0 6250.0 0.44874
5950.0 6250.0 0.64080
6050.0 6250.0 0.78327
6150.0 6250.0 0.85901
6250.0 6250.0 0.86181
6350.0 6250.0 0.79682
50.0 6350.0 0.26408
150.0 6350.0 0.33897
250.0 6350.0 0.44012
350.0 6350.0 0.56553
450.0 6350.0 0.69512
550.0 6350.0 0.80223
650.0 6350.0 0.86244
750.0 6350.0 0.85963
850.0 6350.0 0.78937
950.0 6350.0 0.65956
1050.0 6350.0 0.48837
1150.0 6350.0 0.29944
1250.0 6350.0 0.11440
1350.0 6350.0 -0.05736
1450.0 6350.0 -0.22425
1550.0 6350.0 -0.38337
1650.0 6350.0 -0.52004
1750.0 6350.0 -0.61830
1850.0 6350.0 -0.66618
1950.0 6350.0 -0.65911
2050.0 6350.0 -0.60165
2150.0 6350.0 -0.50733
2250.0 6350.0 -0.39670
2350.0 6350.0 -0.29366
2450.0 6350.0 -0.21994
2550.0 6350.0 -0.18776
2650.0 6350.0 -0.19079
2750.0 6350.0 -0.20336
2850.0 6350.0 -0.21943
2950.0 6350.0 -0.23904
3050.0 6350.0 -0.25982
3150.0 6350.0 -0.27837
3250.0 6350.0 -0.29146
3350.0 6350.0 -0.29683
3450.0 6350.0 -0.29367
3550.0 6350.0 -0.28269
3650.0 6350.0 -0.26599
3750.0 6350.0 -0.24645
3850.0 6350.0 -0.22683
3950.0 6350.0 -0.20856
4050.0 6350.0 -0.19031
4150.0 6350.0 -0.16982
4250.0 6350.0 -0.14813
4350.0 6350.0 -0.12844
4450.0 6350.0 -0.11450
4550.0 6350.0 -0.10935
4650.0 6350.0 -0.11456
4750.0 6350.0 -0.12977
4850.0 6350.0 -0.15280
4950.0 6350.0 -0.18005
5050.0 6350.0 -0.20743
5150.0 6350.0 -0.23161
5250.0 6350.0 -0.25178
5350.0 6350.0 -0.26333
5450.0 6350.0 -0.23128
5550.0 6350.0 -0.13685
5650.0 6350.0 0.01346
5750.0 6350.0 0.19786
5850.0 6350.0 0.38756
5950.0 6350.0 0.55358
6050.0 6350.0 0.67180
6150.0 6350.0 0.72659
6250.0 6350.0 0.71269
6350.0 6350.0 0.63554
