50.0 50.0 0.00000
150.0 50.0 0.12419
250.0 50.0 0.26404
350.0 50.0 0.36926
450.0 50.0 0.38801
550.0 50.0 0.31093
650.0 50.0 0.17894
750.0 50.0 0.05457
850.0 50.0 -0.03522
950.0 50.0 0.01070
1050.0 50.0 0.25731
1150.0 50.0 0.57042
1250.0 50.0 0.76908
1350.0 50.0 0.73567
1450.0 50.0 0.46482
1550.0 50.0 0.05143
1650.0 50.0 -0.40102
1750.0 50.0 -0.85366
1850.0 50.0 -1.15622
1950.0 50.0 -1.17068
2050.0 50.0 -0.89611
2150.0 50.0 -0.48389
2250.0 50.0 -0.14319
2350.0 50.0 0.06054
2450.0 50.0 0.25085
2550.0 50.0 0.41064
2650.0 50.0 0.47543
2750.0 50.0 0.41645
2850.0 50.0 0.26780
2950.0 50.0 0.11063
3050.0 50.0 0.01434
3150.0 50.0 -0.05868
3250.0 50.0 -0.20648
3350.0 50.0 -0.39453
3450.0 50.0 -0.52396
3550.0 50.0 -0.52238
3650.0 50.0 -0.38629
3750.0 50.0 -0.17475
3850.0 50.0 0.04535
3950.0 50.0 0.24789
4050.0 50.0 0.37887
4150.0 50.0 0.39190
4250.0 50.0 0.29037
4350.0 50.0 0.13386
4450.0 50.0 0.01247
4550.0 50.0 -0.01084
4650.0 50.0 0.01089
4750.0 50.0 -0.07879
4850.0 50.0 -0.28529
4950.0 50.0 -0.49428
5050.0 50.0 -0.58609
5150.0 50.0 -0.50351
5250.0 50.0 -0.27195
5350.0 50.0 0.02828
5450.0 50.0 0.38229
5550.0 50.0 0.81441
5650.0 50.0 1.15751
5750.0 50.0 1.23582
5850.0 50.0 1.00696
5950.0 50.0 0.58836
6050.0 50.0 0.16840
6150.0 50.0 -0.17376
6250.0 50.0 -0.28959
6350.0 50.0 -0.06100
50.0 150.0 0.42118
150.0 150.0 0.53819
250.0 150.0 0.62185
350.0 150.0 0.61250
450.0 150.0 0.48049
550.0 150.0 0.25537
650.0 150.0 0.01633
750.0 150.0 -0.15621
850.0 150.0 -0.25731
950.0 150.0 -0.19297
1050.0 150.0 0.12996
1150.0 150.0 0.57222
1250.0 150.0 0.92210
1350.0 150.0 1.02082
1450.0 150.0 0.83003
1550.0 150.0 0.44152
1650.0 150.0 -0.00495
1750.0 150.0 -0.46469
1850.0 150.0 -0.79460
1950.0 150.0 -0.85403
2050.0 150.0 -0.63113
2150.0 150.0 -0.26276
2250.0 150.0 0.05248
2350.0 150.0 0.24485
2450.0 150.0 0.39568
2550.0 150.0 0.44898
2650.0 150.0 0.35256
2750.0 150.0 0.11910
2850.0 150.0 -0.17062
2950.0 150.0 -0.40418
3050.0 150.0 -0.51373
3150.0 150.0 -0.56968
3250.0 150.0 -0.63718
3350.0 150.0 -0.66309
3450.0 150.0 -0.58293
3550.0 150.0 -0.38114
3650.0 150.0 -0.10602
3750.0 150.0 0.16017
3850.0 150.0 0.37579
3950.0 150.0 0.57412
4050.0 150.0 0.72436
4150.0 150.0 0.77926
4250.0 150.0 0.72939
4350.0 150.0 0.61713
4450.0 150.0 0.51865
4550.0 150.0 0.49391
4650.0 150.0 0.49883
4750.0 150.0 0.34023
4850.0 150.0 -0.01635
4950.0 150.0 -0.43469
5050.0 150.0 -0.74484
5150.0 150.0 -0.83527
5250.0 150.0 -0.69788
5350.0 150.0 -0.42593
5450.0 150.0 -0.08745
5550.0 150.0 0.33359
5650.0 150.0 0.67584
5750.0 150.0 0.76558
5850.0 150.0 0.55646
5950.0 150.0 0.15754
6050.0 150.0 -0.25045
6150.0 150.0 -0.58407
6250.0 150.0 -0.64644
6350.0 150.0 -0.28490
50.0 250.0 0.90644
150.0 250.0 1.04291
250.0 250.0 1.13595
350.0 250.0 1.10630
450.0 250.0 0.91408
550.0 250.0 0.59786
650.0 250.0 0.26230
750.0 250.0 0.01413
850.0 250.0 -0.14233
950.0 250.0 -0.13764
1050.0 250.0 0.13157
1150.0 250.0 0.55228
1250.0 250.0 0.92657
1350.0 250.0 1.08572
1450.0 250.0 0.96307
1550.0 250.0 0.62585
1650.0 250.0 0.22415
1750.0 250.0 -0.18725
1850.0 250.0 -0.48643
1950.0 250.0 -0.55472
2050.0 250.0 -0.38341
2150.0 250.0 -0.08998
2250.0 250.0 0.15632
2350.0 250.0 0.29612
2450.0 250.0 0.35912
2550.0 250.0 0.25214
2650.0 250.0 -0.04225
2750.0 250.0 -0.45208
2850.0 250.0 -0.85002
2950.0 250.0 -1.11024
3050.0 250.0 -1.18805
3150.0 250.0 -1.18231
3250.0 250.0 -1.08777
3350.0 250.0 -0.83973
3450.0 250.0 -0.44687
3550.0 250.0 0.01461
3650.0 250.0 0.43253
3750.0 250.0 0.71538
3850.0 250.0 0.87333
3950.0 250.0 1.01603
4050.0 250.0 1.14179
4150.0 250.0 1.20230
4250.0 250.0 1.17111
4350.0 250.0 1.06776
4450.0 250.0 0.94989
4550.0 250.0 0.87336
4650.0 250.0 0.81155
4750.0 250.0 0.57672
4850.0 250.0 0.12560
4950.0 250.0 -0.40611
5050.0 250.0 -0.84027
5150.0 250.0 -1.05170
5250.0 250.0 -1.01988
5350.0 250.0 -0.83690
5450.0 250.0 -0.58891
5550.0 250.0 -0.26077
5650.0 250.0 0.01590
5750.0 250.0 0.09220
5850.0 250.0 -0.07936
5950.0 250.0 -0.41766
6050.0 250.0 -0.77722
6150.0 250.0 -1.07726
6250.0 250.0 -1.06086
6350.0 250.0 -0.54248
50.0 350.0 1.28119
150.0 350.0 1.46857
250.0 350.0 1.65292
350.0 350.0 1.72482
450.0 350.0 1.59418
550.0 350.0 1.26973
650.0 350.0 0.86239
750.0 350.0 0.51269
850.0 350.0 0.25187
950.0 350.0 0.11223
1050.0 350.0 0.19038
1150.0 350.0 0.43356
1250.0 350.0 0.70446
1350.0 350.0 0.85552
1450.0 350.0 0.79424
1550.0 350.0 0.53947
1650.0 350.0 0.22648
1750.0 350.0 -0.07152
1850.0 350.0 -0.26892
1950.0 350.0 -0.29791
2050.0 350.0 -0.17063
2150.0 350.0 0.01829
2250.0 350.0 0.14910
2350.0 350.0 0.19049
2450.0 350.0 0.12197
2550.0 350.0 -0.17060
2650.0 350.0 -0.64744
2750.0 350.0 -1.17103
2850.0 350.0 -1.58505
2950.0 350.0 -1.78353
3050.0 350.0 -1.77036
3150.0 350.0 -1.65691
3250.0 350.0 -1.34487
3350.0 350.0 -0.77792
3450.0 350.0 -0.06623
3550.0 350.0 0.61167
3650.0 350.0 1.09521
3750.0 350.0 1.31475
3850.0 350.0 1.35086
3950.0 350.0 1.38335
4050.0 350.0 1.44768
4150.0 350.0 1.49385
4250.0 350.0 1.46883
4350.0 350.0 1.35639
4450.0 350.0 1.18511
4550.0 350.0 1.00451
4650.0 350.0 0.82141
4750.0 350.0 0.51865
4850.0 350.0 0.07528
4950.0 350.0 -0.40534
5050.0 350.0 -0.79875
5150.0 350.0 -1.02742
5250.0 350.0 -1.09146
5350.0 350.0 -1.06202
5450.0 350.0 -0.98720
5550.0 350.0 -0.83729
5650.0 350.0 -0.68703
5750.0 350.0 -0.63767
5850.0 350.0 -0.73857
5950.0 350.0 -0.96168
6050.0 350.0 -1.22889
6150.0 350.0 -1.46826
6250.0 350.0 -1.36529
6350.0 350.0 -0.71830
50.0 450.0 1.35930
150.0 450.0 1.61673
250.0 450.0 1.94781
350.0 450.0 2.20829
450.0 450.0 2.23166
550.0 450.0 1.96864
650.0 450.0 1.51970
750.0 450.0 1.06080
850.0 450.0 0.66951
950.0 450.0 0.34330
1050.0 450.0 0.16677
1150.0 450.0 0.16469
1250.0 450.0 0.28148
1350.0 450.0 0.40265
1450.0 450.0 0.40769
1550.0 450.0 0.25425
1650.0 450.0 0.05440
1750.0 450.0 -0.09112
1850.0 450.0 -0.14053
1950.0 450.0 -0.09407
2050.0 450.0 0.00297
2150.0 450.0 0.07817
2250.0 450.0 0.07108
2350.0 450.0 -0.01033
2450.0 450.0 -0.22044
2550.0 450.0 -0.66696
2650.0 450.0 -1.24414
2750.0 450.0 -1.76353
2850.0 450.0 -2.07188
2950.0 450.0 -2.11824
3050.0 450.0 -1.97052
3150.0 450.0 -1.72962
3250.0 450.0 -1.21698
3350.0 450.0 -0.41101
3450.0 450.0 0.48073
3550.0 450.0 1.20895
3650.0 450.0 1.61055
3750.0 450.0 1.67486
3850.0 450.0 1.54843
3950.0 450.0 1.44514
4050.0 450.0 1.44363
4150.0 450.0 1.49152
4250.0 450.0 1.49759
4350.0 450.0 1.39432
4450.0 450.0 1.16865
4550.0 450.0 0.86097
4650.0 450.0 0.52882
4750.0 450.0 0.18406
4850.0 450.0 -0.14411
4950.0 450.0 -0.41058
5050.0 450.0 -0.59729
5150.0 450.0 -0.72792
5250.0 450.0 -0.85339
5350.0 450.0 -1.00802
5450.0 450.0 -1.14947
5550.0 450.0 -1.21576
5650.0 450.0 -1.20973
5750.0 450.0 -1.17600
5850.0 450.0 -1.17117
5950.0 450.0 -1.23824
6050.0 450.0 -1.38531
6150.0 450.0 -1.55061
6250.0 450.0 -1.38351
6350.0 450.0 -0.69468
50.0 550.0 1.10075
150.0 550.0 1.42622
250.0 550.0 1.90720
350.0 550.0 2.36789
450.0 550.0 2.56500
550.0 550.0 2.38699
650.0 550.0 1.91755
750.0 550.0 1.36320
850.0 550.0 0.85011
950.0 550.0 0.35658
1050.0 550.0 -0.03605
1150.0 550.0 -0.23284
1250.0 550.0 -0.22157
1350.0 550.0 -0.09614
1450.0 550.0 -0.01080
1550.0 550.0 -0.06500
1650.0 550.0 -0.15792
1750.0 550.0 -0.15585
1850.0 550.0 -0.05726
1950.0 550.0 0.07185
2050.0 550.0 0.15193
2150.0 550.0 0.12846
2250.0 550.0 -0.00473
2350.0 550.0 -0.20082
2450.0 550.0 -0.52499
2550.0 550.0 -1.05338
2650.0 550.0 -1.62303
2750.0 550.0 -2.02255
2850.0 550.0 -2.13265
2950.0 550.0 -1.97766
3050.0 550.0 -1.68786
3150.0 550.0 -1.33478
3250.0 550.0 -0.70090
3350.0 550.0 0.18058
3450.0 550.0 1.03848
3550.0 550.0 1.61032
3650.0 550.0 1.78415
3750.0 550.0 1.63349
3850.0 550.0 1.34607
3950.0 550.0 1.12187
4050.0 550.0 1.08398
4150.0 550.0 1.17709
4250.0 550.0 1.26379
4350.0 550.0 1.21460
4450.0 550.0 0.96619
4550.0 550.0 0.54796
4650.0 550.0 0.07834
4750.0 550.0 -0.27768
4850.0 550.0 -0.42940
4950.0 550.0 -0.39775
5050.0 550.0 -0.28971
5150.0 550.0 -0.25076
5250.0 550.0 -0.39553
5350.0 550.0 -0.71702
5450.0 550.0 -1.05871
5550.0 550.0 -1.31494
5650.0 550.0 -1.42050
5750.0 550.0 -1.37227
5850.0 550.0 -1.24146
5950.0 550.0 -1.14452
6050.0 550.0 -1.17262
6150.0 550.0 -1.27016
6250.0 550.0 -1.08018
6350.0 550.0 -0.45193
50.0 650.0 0.64193
150.0 650.0 1.01292
250.0 650.0 1.59195
350.0 650.0 2.18142
450.0 650.0 2.48744
550.0 650.0 2.35862
650.0 650.0 1.86941
750.0 650.0 1.24796
850.0 650.0 0.65264
950.0 650.0 0.06366
1050.0 650.0 -0.42249
1150.0 650.0 -0.66938
1250.0 650.0 -0.63925
1350.0 650.0 -0.43633
1450.0 650.0 -0.25485
1550.0 650.0 -0.23215
1650.0 650.0 -0.25239
1750.0 650.0 -0.14990
1850.0 650.0 0.04952
1950.0 650.0 0.23514
2050.0 650.0 0.30404
2150.0 650.0 0.21376
2250.0 650.0 -0.00501
2350.0 650.0 -0.27873
2450.0 650.0 -0.66561
2550.0 650.0 -1.20046
2650.0 650.0 -1.68522
2750.0 650.0 -1.91239
2850.0 650.0 -1.81016
2950.0 650.0 -1.47250
3050.0 650.0 -1.07384
3150.0 650.0 -0.65154
3250.0 650.0 0.00225
3350.0 650.0 0.79648
3450.0 650.0 1.44262
3550.0 650.0 1.71877
3650.0 650.0 1.59755
3750.0 650.0 1.23648
3850.0 650.0 0.83193
3950.0 650.0 0.53514
4050.0 650.0 0.50934
4150.0 650.0 0.69624
4250.0 650.0 0.91217
4350.0 650.0 0.96554
4450.0 650.0 0.74269
4550.0 650.0 0.26205
4650.0 650.0 -0.29939
4750.0 650.0 -0.64719
4850.0 650.0 -0.64060
4950.0 650.0 -0.35178
5050.0 650.0 0.01317
5150.0 650.0 0.21101
5250.0 650.0 0.07472
5350.0 650.0 -0.35676
5450.0 650.0 -0.83078
5550.0 650.0 -1.19894
5650.0 650.0 -1.34919
5750.0 650.0 -1.25300
5850.0 650.0 -1.00173
5950.0 650.0 -0.77051
6050.0 650.0 -0.70976
6150.0 650.0 -0.76266
6250.0 650.0 -0.58851
6350.0 650.0 -0.08534
50.0 750.0 0.19879
150.0 750.0 0.58344
250.0 750.0 1.17983
350.0 750.0 1.78006
450.0 750.0 2.07926
550.0 750.0 1.92373
650.0 750.0 1.39604
750.0 750.0 0.73712
850.0 750.0 0.11078
950.0 750.0 -0.48395
1050.0 750.0 -0.91609
1150.0 750.0 -1.04362
1250.0 750.0 -0.85380
1350.0 750.0 -0.49559
1450.0 750.0 -0.20734
1550.0 750.0 -0.13934
1650.0 750.0 -0.13238
1750.0 750.0 0.00439
1850.0 750.0 0.23393
1950.0 750.0 0.43012
2050.0 750.0 0.48402
2150.0 750.0 0.36059
2250.0 750.0 0.10591
2350.0 750.0 -0.19756
2450.0 750.0 -0.59592
2550.0 750.0 -1.09182
2650.0 750.0 -1.47695
2750.0 750.0 -1.56167
2850.0 750.0 -1.31290
2950.0 750.0 -0.86680
3050.0 750.0 -0.41613
3150.0 750.0 0.02528
3250.0 750.0 0.62155
3350.0 750.0 1.23794
3450.0 750.0 1.60631
3550.0 750.0 1.57191
3650.0 750.0 1.19163
3750.0 750.0 0.68303
3850.0 750.0 0.22566
3950.0 750.0 -0.08524
4050.0 750.0 -0.05390
4150.0 750.0 0.25884
4250.0 750.0 0.63034
4350.0 750.0 0.81678
4450.0 750.0 0.66220
4550.0 750.0 0.17584
4650.0 750.0 -0.41985
4750.0 750.0 -0.75909
4850.0 750.0 -0.67885
4950.0 750.0 -0.27306
5050.0 750.0 0.20944
5150.0 750.0 0.48293
5250.0 750.0 0.35725
5350.0 750.0 -0.11512
5450.0 750.0 -0.63467
5550.0 750.0 -1.02245
5650.0 750.0 -1.14767
5750.0 750.0 -0.98164
5850.0 750.0 -0.63720
5950.0 750.0 -0.32379
6050.0 750.0 -0.21824
6150.0 750.0 -0.25524
6250.0 750.0 -0.11625
6350.0 750.0 0.26125
50.0 850.0 -0.14966
150.0 850.0 0.22745
250.0 850.0 0.78798
350.0 850.0 1.32081
450.0 850.0 1.53574
550.0 850.0 1.30143
650.0 850.0 0.72037
750.0 850.0 0.04103
850.0 850.0 -0.58495
950.0 850.0 -1.13299
1050.0 850.0 -1.42824
1150.0 850.0 -1.34417
1250.0 850.0 -0.92082
1350.0 850.0 -0.36964
1450.0 850.0 0.02676
1550.0 850.0 0.12012
1650.0 850.0 0.12711
1750.0 850.0 0.25795
1850.0 850.0 0.47361
1950.0 850.0 0.65025
2050.0 850.0 0.68388
2150.0 850.0 0.54483
2250.0 850.0 0.28227
2350.0 850.0 -0.02324
2450.0 850.0 -0.40804
2550.0 850.0 -0.85414
2650.0 850.0 -1.15607
2750.0 850.0 -1.14398
2850.0 850.0 -0.81076
2950.0 850.0 -0.31310
3050.0 850.0 0.15324
3150.0 850.0 0.58704
3250.0 850.0 1.09756
3350.0 850.0 1.51977
3450.0 850.0 1.62094
3550.0 850.0 1.31602
3650.0 850.0 0.73329
3750.0 850.0 0.12977
3850.0 850.0 -0.34142
3950.0 850.0 -0.63416
4050.0 850.0 -0.52482
4150.0 850.0 -0.07589
4250.0 850.0 0.45761
4350.0 850.0 0.78793
4450.0 850.0 0.72310
4550.0 850.0 0.26413
4650.0 850.0 -0.33156
4750.0 850.0 -0.66931
4850.0 850.0 -0.58437
4950.0 850.0 -0.17163
5050.0 850.0 0.31803
5150.0 850.0 0.59673
5250.0 850.0 0.47311
5350.0 850.0 0.00021
5450.0 850.0 -0.51336
5550.0 850.0 -0.86970
5650.0 850.0 -0.93600
5750.0 850.0 -0.69636
5850.0 850.0 -0.28307
5950.0 850.0 0.07692
6050.0 850.0 0.20047
6150.0 850.0 0.16422
6250.0 850.0 0.26687
6350.0 850.0 0.54332
50.0 950.0 -0.46082
150.0 950.0 -0.14202
250.0 950.0 0.31928
350.0 950.0 0.73053
450.0 950.0 0.84232
550.0 950.0 0.55427
650.0 950.0 -0.02557
750.0 950.0 -0.66760
850.0 950.0 -1.24456
950.0 950.0 -1.70134
1050.0 950.0 -1.83310
1150.0 950.0 -1.54365
1250.0 950.0 -0.92674
1350.0 950.0 -0.23999
1450.0 950.0 0.21530
1550.0 950.0 0.30876
1650.0 950.0 0.30020
1750.0 950.0 0.41191
1850.0 950.0 0.60748
1950.0 950.0 0.76806
2050.0 950.0 0.79267
2150.0 950.0 0.65096
2250.0 950.0 0.38859
2350.0 950.0 0.08340
2450.0 950.0 -0.28315
2550.0 950.0 -0.66583
2650.0 950.0 -0.85986
2750.0 950.0 -0.71819
2850.0 950.0 -0.26656
2950.0 950.0 0.30998
3050.0 950.0 0.80916
3150.0 950.0 1.24727
3250.0 950.0 1.67499
3350.0 950.0 1.88921
3450.0 950.0 1.69222
3550.0 950.0 1.07632
3650.0 950.0 0.25375
3750.0 950.0 -0.46785
3850.0 950.0 -0.96207
3950.0 950.0 -1.24404
4050.0 950.0 -1.05757
4150.0 950.0 -0.45363
4250.0 950.0 0.28658
4350.0 950.0 0.82465
4450.0 950.0 0.91570
4550.0 950.0 0.53696
4650.0 950.0 -0.01824
4750.0 950.0 -0.34352
4850.0 950.0 -0.28537
4950.0 950.0 0.07631
5050.0 950.0 0.51749
5150.0 950.0 0.77547
5250.0 950.0 0.67115
5350.0 950.0 0.24804
5450.0 950.0 -0.21171
5550.0 950.0 -0.52238
5650.0 950.0 -0.55778
5750.0 950.0 -0.30262
5850.0 950.0 0.11762
5950.0 950.0 0.48751
6050.0 950.0 0.63307
6150.0 950.0 0.62453
6250.0 950.0 0.70511
6350.0 950.0 0.87114
50.0 1050.0 -0.65493
150.0 1050.0 -0.49156
250.0 1050.0 -0.24029
350.0 1050.0 -0.03146
450.0 1050.0 -0.02863
550.0 1050.0 -0.29306
650.0 1050.0 -0.74656
750.0 1050.0 -1.23269
850.0 1050.0 -1.66734
950.0 1050.0 -1.95812
1050.0 1050.0 -1.90626
1150.0 1050.0 -1.47034
1250.0 1050.0 -0.78732
1350.0 1050.0 -0.11597
1450.0 1050.0 0.28208
1550.0 1050.0 0.32372
1650.0 1050.0 0.27220
1750.0 1050.0 0.34492
1850.0 1050.0 0.51658
1950.0 1050.0 0.67573
2050.0 1050.0 0.71812
2150.0 1050.0 0.60001
2250.0 1050.0 0.35140
2350.0 1050.0 0.04764
2450.0 1050.0 -0.30218
2550.0 1050.0 -0.62079
2650.0 1050.0 -0.69633
2750.0 1050.0 -0.40023
2850.0 1050.0 0.20589
2950.0 1050.0 0.89981
3050.0 1050.0 1.46456
3150.0 1050.0 1.93728
3250.0 1050.0 2.31875
3350.0 1050.0 2.35934
3450.0 1050.0 1.88249
3550.0 1050.0 0.95134
3650.0 1050.0 -0.13255
3750.0 1050.0 -0.99758
3850.0 1050.0 -1.53499
3950.0 1050.0 -1.83479
4050.0 1050.0 -1.61270
4150.0 1050.0 -0.88099
4250.0 1050.0 0.07956
4350.0 1050.0 0.88544
4450.0 1050.0 1.22055
4550.0 1050.0 1.01063
4650.0 1050.0 0.57240
4750.0 1050.0 0.28503
4850.0 1050.0 0.26850
4950.0 1050.0 0.48615
5050.0 1050.0 0.79104
5150.0 1050.0 0.99256
5250.0 1050.0 0.94666
5350.0 1050.0 0.66929
5450.0 1050.0 0.35229
5550.0 1050.0 0.10879
5650.0 1050.0 0.04323
5750.0 1050.0 0.19640
5850.0 1050.0 0.50220
5950.0 1050.0 0.81274
6050.0 1050.0 0.99165
6150.0 1050.0 1.06718
6250.0 1050.0 1.16346
6350.0 1050.0 1.22138
50.0 1150.0 -0.65958
150.0 1150.0 -0.72923
250.0 1150.0 -0.76587
350.0 1150.0 -0.80029
450.0 1150.0 -0.87867
550.0 1150.0 -1.02507
650.0 1150.0 -1.22824
750.0 1150.0 -1.45268
850.0 1150.0 -1.66800
950.0 1150.0 -1.74303
1050.0 1150.0 -1.52562
1150.0 1150.0 -1.04532
1250.0 1150.0 -0.46026
1350.0 1150.0 0.02259
1450.0 1150.0 0.24051
1550.0 1150.0 0.18136
1650.0 1150.0 0.06456
1750.0 1150.0 0.08393
1850.0 1150.0 0.23261
1950.0 1150.0 0.40773
2050.0 1150.0 0.49523
2150.0 1150.0 0.42607
2250.0 1150.0 0.20396
2350.0 1150.0 -0.09754
2450.0 1150.0 -0.44404
2550.0 1150.0 -0.73850
2650.0 1150.0 -0.75238
2750.0 1150.0 -0.35610
2850.0 1150.0 0.37048
2950.0 1150.0 1.17586
3050.0 1150.0 1.82304
3150.0 1150.0 2.36022
3250.0 1150.0 2.76878
3350.0 1150.0 2.75989
3450.0 1150.0 2.14876
3550.0 1150.0 1.02979
3650.0 1150.0 -0.23616
3750.0 1150.0 -1.22105
3850.0 1150.0 -1.81297
3950.0 1150.0 -2.16914
4050.0 1150.0 -2.00316
4150.0 1150.0 -1.26460
4250.0 1150.0 -0.18863
4350.0 1150.0 0.83192
4450.0 1150.0 1.41981
4550.0 1150.0 1.43195
4650.0 1150.0 1.17360
4750.0 1150.0 0.94823
4850.0 1150.0 0.82505
4950.0 1150.0 0.83266
5050.0 1150.0 0.93988
5150.0 1150.0 1.06403
5250.0 1150.0 1.11304
5350.0 1150.0 1.06126
5450.0 1150.0 0.96017
5550.0 1150.0 0.80070
5650.0 1150.0 0.65303
5750.0 1150.0 0.60534
5850.0 1150.0 0.69481
5950.0 1150.0 0.88772
6050.0 1150.0 1.10891
6150.0 1150.0 1.31583
6250.0 1150.0 1.47387
6350.0 1150.0 1.46540
50.0 1250.0 -0.48450
150.0 1250.0 -0.80609
250.0 1250.0 -1.13480
350.0 1250.0 -1.38936
450.0 1250.0 -1.49707
550.0 1250.0 -1.45708
650.0 1250.0 -1.34625
750.0 1250.0 -1.26786
850.0 1250.0 -1.24167
950.0 1250.0 -1.10263
1050.0 1250.0 -0.77163
1150.0 1250.0 -0.34845
1250.0 1250.0 0.01204
1350.0 1250.0 0.19118
1450.0 1250.0 0.15716
1550.0 1250.0 -0.02514
1650.0 1250.0 -0.21326
1750.0 1250.0 -0.24869
1850.0 1250.0 -0.11721
1950.0 1250.0 0.08613
2050.0 1250.0 0.23360
2150.0 1250.0 0.22565
2250.0 1250.0 0.03581
2350.0 1250.0 -0.26331
2450.0 1250.0 -0.62676
2550.0 1250.0 -0.96303
2650.0 1250.0 -1.02003
2750.0 1250.0 -0.63989
2850.0 1250.0 0.11135
2950.0 1250.0 0.97566
3050.0 1250.0 1.69647
3150.0 1250.0 2.31320
3250.0 1250.0 2.82817
3350.0 1250.0 2.93463
3450.0 1250.0 2.40701
3550.0 1250.0 1.31339
3650.0 1250.0 0.01890
3750.0 1250.0 -1.01911
3850.0 1250.0 -1.66166
3950.0 1250.0 -2.10540
4050.0 1250.0 -2.09936
4150.0 1250.0 -1.52144
4250.0 1250.0 -0.51684
4350.0 1250.0 0.56464
4450.0 1250.0 1.32155
4550.0 1250.0 1.54430
4650.0 1250.0 1.48366
4750.0 1250.0 1.33142
4850.0 1250.0 1.10253
4950.0 1250.0 0.89554
5050.0 1250.0 0.80240
5150.0 1250.0 0.85468
5250.0 1250.0 1.01481
5350.0 1250.0 1.21245
5450.0 1250.0 1.34806
5550.0 1250.0 1.27632
5650.0 1250.0 1.02946
5750.0 1250.0 0.74989
5850.0 1250.0 0.59134
5950.0 1250.0 0.64830
6050.0 1250.0 0.91379
6150.0 1250.0 1.26680
6250.0 1250.0 1.51993
6350.0 1250.0 1.51080
50.0 1350.0 -0.23055
150.0 1350.0 -0.75633
250.0 1350.0 -1.30753
350.0 1350.0 -1.70872
450.0 1350.0 -1.79683
550.0 1350.0 -1.56214
650.0 1350.0 -1.16466
750.0 1350.0 -0.82608
850.0 1350.0 -0.60072
950.0 1350.0 -0.29848
1050.0 1350.0 0.08764
1150.0 1350.0 0.40442
1250.0 1350.0 0.51453
1350.0 1350.0 0.38957
1450.0 1350.0 0.11796
1550.0 1350.0 -0.17263
1650.0 1350.0 -0.41919
1750.0 1350.0 -0.49756
1850.0 1350.0 -0.37571
1950.0 1350.0 -0.14320
2050.0 1350.0 0.05945
2150.0 1350.0 0.10604
2250.0 1350.0 -0.05549
2350.0 1350.0 -0.35287
2450.0 1350.0 -0.74991
2550.0 1350.0 -1.18575
2650.0 1350.0 -1.38389
2750.0 1350.0 -1.13742
2850.0 1350.0 -0.46865
2950.0 1350.0 0.38351
3050.0 1350.0 1.14868
3150.0 1350.0 1.83807
3250.0 1350.0 2.50421
3350.0 1350.0 2.84658
3450.0 1350.0 2.57965
3550.0 1350.0 1.69947
3650.0 1350.0 0.52407
3750.0 1350.0 -0.49229
3850.0 1350.0 -1.16879
3950.0 1350.0 -1.70832
4050.0 1350.0 -1.92503
4150.0 1350.0 -1.63533
4250.0 1350.0 -0.87342
4350.0 1350.0 0.09567
4450.0 1350.0 0.89052
4550.0 1350.0 1.25538
4650.0 1350.0 1.35743
4750.0 1350.0 1.27117
4850.0 1350.0 0.96905
4950.0 1350.0 0.60492
5050.0 1350.0 0.36712
5150.0 1350.0 0.37592
5250.0 1350.0 0.63539
5350.0 1350.0 1.03978
5450.0 1350.0 1.37139
5550.0 1350.0 1.37636
5650.0 1350.0 1.05584
5750.0 1350.0 0.59507
5850.0 1350.0 0.24118
5950.0 1350.0 0.19203
6050.0 1350.0 0.49610
6150.0 1350.0 0.97071
6250.0 1350.0 1.32293
6350.0 1350.0 1.36874
50.0 1450.0 -0.04151
150.0 1450.0 -0.67875
250.0 1450.0 -1.34146
350.0 1450.0 -1.80048
450.0 1450.0 -1.84761
550.0 1450.0 -1.47618
650.0 1450.0 -0.89976
750.0 1450.0 -0.40884
850.0 1450.0 -0.07219
950.0 1450.0 0.31707
1050.0 1450.0 0.72240
1150.0 1450.0 0.96213
1250.0 1450.0 0.91315
1350.0 1450.0 0.60263
1450.0 1450.0 0.18963
1550.0 1450.0 -0.16335
1650.0 1450.0 -0.44239
1750.0 1450.0 -0.54403
1850.0 1450.0 -0.42620
1950.0 1450.0 -0.17566
2050.0 1450.0 0.05944
2150.0 1450.0 0.13764
2250.0 1450.0 -0.00761
2350.0 1450.0 -0.30432
2450.0 1450.0 -0.73950
2550.0 1450.0 -1.29523
2650.0 1450.0 -1.67654
2750.0 1450.0 -1.62362
2850.0 1450.0 -1.10248
2950.0 1450.0 -0.31715
3050.0 1450.0 0.45661
3150.0 1450.0 1.19246
3250.0 1450.0 1.99642
3350.0 1450.0 2.58912
3450.0 1450.0 2.62936
3550.0 1450.0 2.03061
3650.0 1450.0 1.04188
3750.0 1450.0 0.09278
3850.0 1450.0 -0.59610
3950.0 1450.0 -1.21177
4050.0 1450.0 -1.64018
4150.0 1450.0 -1.66112
4250.0 1450.0 -1.21146
4350.0 1450.0 -0.46149
4450.0 1450.0 0.25698
4550.0 1450.0 0.67078
4650.0 1450.0 0.86338
4750.0 1450.0 0.82065
4850.0 1450.0 0.49407
4950.0 1450.0 0.06562
5050.0 1450.0 -0.22867
5150.0 1450.0 -0.22553
5250.0 1450.0 0.09851
5350.0 1450.0 0.61956
5450.0 1450.0 1.06330
5550.0 1450.0 1.12430
5650.0 1450.0 0.78688
5750.0 1450.0 0.25467
5850.0 1450.0 -0.18107
5950.0 1450.0 -0.27166
6050.0 1450.0 0.06012
6150.0 1450.0 0.60363
6250.0 1450.0 1.02663
6350.0 1450.0 1.14467
50.0 1550.0 0.00145
150.0 1550.0 -0.65930
250.0 1550.0 -1.33762
350.0 1550.0 -1.79120
450.0 1550.0 -1.80561
550.0 1550.0 -1.38113
650.0 1550.0 -0.74913
750.0 1550.0 -0.21788
850.0 1550.0 0.14454
950.0 1550.0 0.55730
1050.0 1550.0 0.97788
1150.0 1550.0 1.21690
1250.0 1550.0 1.15027
1350.0 1550.0 0.81283
1450.0 1550.0 0.37620
1550.0 1550.0 0.01097
1650.0 1550.0 -0.27553
1750.0 1550.0 -0.38310
1850.0 1550.0 -0.26749
1950.0 1550.0 -0.01457
2050.0 1550.0 0.22625
2150.0 1550.0 0.31045
2250.0 1550.0 0.16841
2350.0 1550.0 -0.12863
2450.0 1550.0 -0.59548
2550.0 1550.0 -1.25478
2650.0 1550.0 -1.80156
2750.0 1550.0 -1.93373
2850.0 1550.0 -1.56664
2950.0 1550.0 -0.86767
3050.0 1550.0 -0.11109
3150.0 1550.0 0.64142
3250.0 1550.0 1.53166
3350.0 1550.0 2.30316
3450.0 1550.0 2.57928
3550.0 1550.0 2.21114
3650.0 1550.0 1.38826
3750.0 1550.0 0.51105
3850.0 1550.0 -0.17395
3950.0 1550.0 -0.83330
4050.0 1550.0 -1.41133
4150.0 1550.0 -1.67681
4250.0 1550.0 -1.50336
4350.0 1550.0 -0.98465
4450.0 1550.0 -0.39663
4550.0 1550.0 -0.00679
4650.0 1550.0 0.20637
4750.0 1550.0 0.18254
4850.0 1550.0 -0.12775
4950.0 1550.0 -0.53978
5050.0 1550.0 -0.81472
5150.0 1550.0 -0.78805
5250.0 1550.0 -0.43706
5350.0 1550.0 0.11242
5450.0 1550.0 0.58687
5550.0 1550.0 0.68457
5650.0 1550.0 0.38687
5750.0 1550.0 -0.10830
5850.0 1550.0 -0.51388
5950.0 1550.0 -0.58196
6050.0 1550.0 -0.23269
6150.0 1550.0 0.32770
6250.0 1550.0 0.78065
6350.0 1550.0 0.95217
50.0 1650.0 -0.03573
150.0 1650.0 -0.68434
250.0 1650.0 -1.34008
350.0 1650.0 -1.76496
450.0 1650.0 -1.75458
550.0 1650.0 -1.31715
650.0 1650.0 -0.68587
750.0 1650.0 -0.16477
850.0 1650.0 0.18502
950.0 1650.0 0.59534
1050.0 1650.0 1.03615
1150.0 1650.0 1.31732
1250.0 1650.0 1.30350
1350.0 1650.0 1.01316
1450.0 1650.0 0.60387
1550.0 1650.0 0.24386
1650.0 1650.0 -0.04522
1750.0 1650.0 -0.16031
1850.0 1650.0 -0.05866
1950.0 1650.0 0.17599
2050.0 1650.0 0.39837
2150.0 1650.0 0.46820
2250.0 1650.0 0.31818
2350.0 1650.0 0.01717
2450.0 1650.0 -0.47489
2550.0 1650.0 -1.21266
2650.0 1650.0 -1.88866
2750.0 1650.0 -2.17280
2850.0 1650.0 -1.94200
2950.0 1650.0 -1.33185
3050.0 1650.0 -0.61059
3150.0 1650.0 0.13383
3250.0 1650.0 1.07392
3350.0 1650.0 1.98178
3450.0 1650.0 2.46091
3550.0 1650.0 2.31134
3650.0 1650.0 1.66340
3750.0 1650.0 0.87878
3850.0 1650.0 0.21946
3950.0 1650.0 -0.45677
4050.0 1650.0 -1.14944
4150.0 1650.0 -1.62943
4250.0 1650.0 -1.72102
4350.0 1650.0 -1.44540
4450.0 1650.0 -1.01500
4550.0 1650.0 -0.67853
4650.0 1650.0 -0.46995
4750.0 1650.0 -0.48266
4850.0 1650.0 -0.76053
4950.0 1650.0 -1.12674
5050.0 1650.0 -1.35687
5150.0 1650.0 -1.30014
5250.0 1650.0 -0.94069
5350.0 1650.0 -0.39937
5450.0 1650.0 0.07219
5550.0 1650.0 0.19727
5650.0 1650.0 -0.03982
5750.0 1650.0 -0.45588
5850.0 1650.0 -0.78708
5950.0 1650.0 -0.80684
6050.0 1650.0 -0.44351
6150.0 1650.0 0.11353
6250.0 1650.0 0.57805
6350.0 1650.0 0.78818
50.0 1750.0 -0.18132
150.0 1750.0 -0.75920
250.0 1750.0 -1.32249
350.0 1750.0 -1.66820
450.0 1750.0 -1.63469
550.0 1750.0 -1.24514
650.0 1750.0 -0.71066
750.0 1750.0 -0.29304
850.0 1750.0 -0.03205
950.0 1750.0 0.32066
1050.0 1750.0 0.77732
1150.0 1750.0 1.15676
1250.0 1750.0 1.29431
1350.0 1750.0 1.15293
1450.0 1750.0 0.83404
1550.0 1750.0 0.48798
1650.0 1750.0 0.18375
1750.0 1750.0 0.03216
1850.0 1750.0 0.06875
1950.0 1750.0 0.21822
2050.0 1750.0 0.35307
2150.0 1750.0 0.35225
2250.0 1750.0 0.15947
2350.0 1750.0 -0.16417
2450.0 1750.0 -0.66438
2550.0 1750.0 -1.39429
2650.0 1750.0 -2.07023
2750.0 1750.0 -2.38624
2850.0 1750.0 -2.22654
2950.0 1750.0 -1.71425
3050.0 1750.0 -1.09636
3150.0 1750.0 -0.44911
3250.0 1750.0 0.44077
3350.0 1750.0 1.41077
3450.0 1750.0 2.09065
3550.0 1750.0 2.24234
3650.0 1750.0 1.90536
3750.0 1750.0 1.34635
3850.0 1750.0 0.81286
3950.0 1750.0 0.21195
4050.0 1750.0 -0.52491
4150.0 1750.0 -1.20248
4250.0 1750.0 -1.60747
4350.0 1750.0 -1.66792
4450.0 1750.0 -1.48822
4550.0 1750.0 -1.25983
4650.0 1750.0 -1.08207
4750.0 1750.0 -1.08543
4850.0 1750.0 -1.30349
4950.0 1750.0 -1.58630
5050.0 1750.0 -1.74830
5150.0 1750.0 -1.66909
5250.0 1750.0 -1.34188
5350.0 1750.0 -0.86954
5450.0 1750.0 -0.45771
5550.0 1750.0 -0.33228
5650.0 1750.0 -0.49563
5750.0 1750.0 -0.78798
5850.0 1750.0 -0.99229
5950.0 1750.0 -0.93174
6050.0 1750.0 -0.55980
6150.0 1750.0 -0.03391
6250.0 1750.0 0.41915
6350.0 1750.0 0.65035
50.0 1850.0 -0.39209
150.0 1850.0 -0.82630
250.0 1850.0 -1.20755
350.0 1850.0 -1.40542
450.0 1850.0 -1.34282
550.0 1850.0 -1.06876
650.0 1850.0 -0.74458
750.0 1850.0 -0.54372
850.0 1850.0 -0.46579
950.0 1850.0 -0.24791
1050.0 1850.0 0.19272
1150.0 1850.0 0.69888
1250.0 1850.0 1.06451
1350.0 1850.0 1.16079
1450.0 1850.0 0.98948
1550.0 1850.0 0.66342
1650.0 1850.0 0.33116
1750.0 1850.0 0.12521
1850.0 1850.0 0.07045
1950.0 1850.0 0.10026
2050.0 1850.0 0.10906
2150.0 1850.0 0.00128
2250.0 1850.0 -0.26322
2350.0 1850.0 -0.63129
2450.0 1850.0 -1.11648
2550.0 1850.0 -1.72501
2650.0 1850.0 -2.23012
2750.0 1850.0 -2.41695
2850.0 1850.0 -2.23696
2950.0 1850.0 -1.82733
3050.0 1850.0 -1.39512
3150.0 1850.0 -0.95857
3250.0 1850.0 -0.27322
3350.0 1850.0 0.59900
3450.0 1850.0 1.38392
3550.0 1850.0 1.84579
3650.0 1850.0 1.91874
3750.0 1850.0 1.71801
3850.0 1850.0 1.43028
3950.0 1850.0 1.03133
4050.0 1850.0 0.38640
4150.0 1850.0 -0.38363
4250.0 1850.0 -1.06242
4350.0 1850.0 -1.48597
4450.0 1850.0 -1.61719
4550.0 1850.0 -1.54744
4650.0 1850.0 -1.43272
4750.0 1850.0 -1.43143
4850.0 1850.0 -1.56198
4950.0 1850.0 -1.72371
5050.0 1850.0 -1.79779
5150.0 1850.0 -1.71246
5250.0 1850.0 -1.47116
5350.0 1850.0 -1.14346
5450.0 1850.0 -0.86433
5550.0 1850.0 -0.78476
5650.0 1850.0 -0.88151
5750.0 1850.0 -1.02361
5850.0 1850.0 -1.06234
5950.0 1850.0 -0.89908
6050.0 1850.0 -0.53124
6150.0 1850.0 -0.07088
6250.0 1850.0 0.34559
6350.0 1850.0 0.58509
50.0 1950.0 -0.55179
150.0 1950.0 -0.79759
250.0 1950.0 -0.93851
350.0 1950.0 -0.93885
450.0 1950.0 -0.83306
550.0 1950.0 -0.70531
650.0 1950.0 -0.65305
750.0 1950.0 -0.73459
850.0 1950.0 -0.89676
950.0 1950.0 -0.87211
1050.0 1950.0 -0.50152
1150.0 1950.0 0.09475
1250.0 1950.0 0.67546
1350.0 1950.0 1.01404
1450.0 1950.0 0.99757
1550.0 1950.0 0.68899
1650.0 1950.0 0.32444
1750.0 1950.0 0.07701
1850.0 1950.0 -0.03648
1950.0 1950.0 -0.08366
2050.0 1950.0 -0.16254
2150.0 1950.0 -0.35538
2250.0 1950.0 -0.69062
2350.0 1950.0 -1.11455
2450.0 1950.0 -1.56806
2550.0 1950.0 -1.97783
2650.0 1950.0 -2.19462
2750.0 1950.0 -2.13860
2850.0 1950.0 -1.86906
2950.0 1950.0 -1.55652
3050.0 1950.0 -1.35729
3150.0 1950.0 -1.20438
3250.0 1950.0 -0.85696
3350.0 1950.0 -0.26862
3450.0 1950.0 0.44133
3550.0 1950.0 1.09591
3650.0 1950.0 1.54742
3750.0 1950.0 1.74311
3850.0 1950.0 1.76839
3950.0 1950.0 1.66445
4050.0 1950.0 1.25810
4150.0 1950.0 0.56975
4250.0 1950.0 -0.22820
4350.0 1950.0 -0.91547
4450.0 1950.0 -1.32180
4550.0 1950.0 -1.41877
4650.0 1950.0 -1.38627
4750.0 1950.0 -1.38647
4850.0 1950.0 -1.42088
4950.0 1950.0 -1.45029
5050.0 1950.0 -1.43639
5150.0 1950.0 -1.36391
5250.0 1950.0 -1.24536
5350.0 1950.0 -1.10856
5450.0 1950.0 -1.00974
5550.0 1950.0 -1.02074
5650.0 1950.0 -1.08588
5750.0 1950.0 -1.09932
5850.0 1950.0 -0.98351
5950.0 1950.0 -0.72654
6050.0 1950.0 -0.37835
6150.0 1950.0 -0.00431
6250.0 1950.0 0.36480
6350.0 1950.0 0.61651
50.0 2050.0 -0.56955
150.0 2050.0 -0.63113
250.0 2050.0 -0.53174
350.0 2050.0 -0.32699
450.0 2050.0 -0.16250
550.0 2050.0 -0.16105
650.0 2050.0 -0.36209
750.0 2050.0 -0.71372
850.0 2050.0 -1.10941
950.0 2050.0 -1.29035
1050.0 2050.0 -1.04032
1150.0 2050.0 -0.43761
1250.0 2050.0 0.26268
1350.0 2050.0 0.76296
1450.0 2050.0 0.85584
1550.0 2050.0 0.55493
1650.0 2050.0 0.16437
1750.0 2050.0 -0.08735
1850.0 2050.0 -0.18405
1950.0 2050.0 -0.20941
2050.0 2050.0 -0.27964
2150.0 2050.0 -0.48848
2250.0 2050.0 -0.86435
2350.0 2050.0 -1.33995
2450.0 2050.0 -1.75937
2550.0 2050.0 -1.96510
2650.0 2050.0 -1.88397
2750.0 2050.0 -1.57169
2850.0 2050.0 -1.19772
2950.0 2050.0 -0.96911
3050.0 2050.0 -0.99331
3150.0 2050.0 -1.12259
3250.0 2050.0 -1.16312
3350.0 2050.0 -0.98315
3450.0 2050.0 -0.52684
3550.0 2050.0 0.13335
3650.0 2050.0 0.81800
3750.0 2050.0 1.33692
3850.0 2050.0 1.65881
3950.0 2050.0 1.86599
4050.0 2050.0 1.78632
4150.0 2050.0 1.34011
4250.0 2050.0 0.61861
4350.0 2050.0 -0.15481
4450.0 2050.0 -0.72237
4550.0 2050.0 -0.94838
4650.0 2050.0 -0.99536
4750.0 2050.0 -1.00176
4850.0 2050.0 -0.95430
4950.0 2050.0 -0.87154
5050.0 2050.0 -0.78915
5150.0 2050.0 -0.74218
5250.0 2050.0 -0.74925
5350.0 2050.0 -0.79881
5450.0 2050.0 -0.88049
5550.0 2050.0 -1.00424
5650.0 2050.0 -1.08383
5750.0 2050.0 -1.02757
5850.0 2050.0 -0.81224
5950.0 2050.0 -0.49736
6050.0 2050.0 -0.17986
6150.0 2050.0 0.11027
6250.0 2050.0 0.44049
6350.0 2050.0 0.72303
50.0 2150.0 -0.42841
150.0 2150.0 -0.35714
250.0 2150.0 -0.07638
350.0 2150.0 0.29451
450.0 2150.0 0.52647
550.0 2150.0 0.46242
650.0 2150.0 0.09793
750.0 2150.0 -0.43924
850.0 2150.0 -1.00111
950.0 2150.0 -1.34698
1050.0 2150.0 -1.23784
1150.0 2150.0 -0.71581
1250.0 2150.0 -0.02447
1350.0 2150.0 0.51333
1450.0 2150.0 0.64077
1550.0 2150.0 0.33550
1650.0 2150.0 -0.06746
1750.0 2150.0 -0.28134
1850.0 2150.0 -0.28221
1950.0 2150.0 -0.18228
2050.0 2150.0 -0.13978
2150.0 2150.0 -0.28428
2250.0 2150.0 -0.65713
2350.0 2150.0 -1.16665
2450.0 2150.0 -1.56523
2550.0 2150.0 -1.63720
2650.0 2150.0 -1.36263
2750.0 2150.0 -0.88901
2850.0 2150.0 -0.45850
2950.0 2150.0 -0.29993
3050.0 2150.0 -0.48562
3150.0 2150.0 -0.82125
3250.0 2150.0 -1.18916
3350.0 2150.0 -1.41424
3450.0 2150.0 -1.29472
3550.0 2150.0 -0.78774
3650.0 2150.0 -0.05391
3750.0 2150.0 0.64118
3850.0 2150.0 1.16738
3950.0 2150.0 1.61559
4050.0 2150.0 1.84515
4150.0 2150.0 1.70318
4250.0 2150.0 1.19204
4350.0 2150.0 0.49539
4450.0 2150.0 -0.10069
4550.0 2150.0 -0.39168
4650.0 2150.0 -0.49474
4750.0 2150.0 -0.50809
4850.0 2150.0 -0.40864
4950.0 2150.0 -0.25496
5050.0 2150.0 -0.13300
5150.0 2150.0 -0.11114
5250.0 2150.0 -0.21091
5350.0 2150.0 -0.39337
5450.0 2150.0 -0.60771
5550.0 2150.0 -0.83199
5650.0 2150.0 -0.95901
5750.0 2150.0 -0.89870
5850.0 2150.0 -0.65425
5950.0 2150.0 -0.32548
6050.0 2150.0 -0.03934
6150.0 2150.0 0.19148
6250.0 2150.0 0.50625
6350.0 2150.0 0.84325
50.0 2250.0 -0.18366
150.0 2250.0 -0.05356
250.0 2250.0 0.31908
350.0 2250.0 0.78956
450.0 2250.0 1.08725
550.0 2250.0 1.03066
650.0 2250.0 0.62115
750.0 2250.0 0.01496
850.0 2250.0 -0.61714
950.0 2250.0 -1.05418
1050.0 2250.0 -1.06778
1150.0 2250.0 -0.67753
1250.0 2250.0 -0.09766
1350.0 2250.0 0.36718
1450.0 2250.0 0.45972
1550.0 2250.0 0.14139
1650.0 2250.0 -0.25940
1750.0 2250.0 -0.40751
1850.0 2250.0 -0.26581
1950.0 2250.0 0.02065
2050.0 2250.0 0.24049
2150.0 2250.0 0.21533
2250.0 2250.0 -0.11740
2350.0 2250.0 -0.63795
2450.0 2250.0 -1.03815
2550.0 2250.0 -1.08834
2650.0 2250.0 -0.78834
2750.0 2250.0 -0.31061
2850.0 2250.0 0.08919
2950.0 2250.0 0.18606
3050.0 2250.0 -0.07628
3150.0 2250.0 -0.50446
3250.0 2250.0 -1.05915
3350.0 2250.0 -1.56331
3450.0 2250.0 -1.73342
3550.0 2250.0 -1.43929
3650.0 2250.0 -0.79460
3750.0 2250.0 -0.07570
3850.0 2250.0 0.53054
3950.0 2250.0 1.09763
4050.0 2250.0 1.52432
4150.0 2250.0 1.62512
4250.0 2250.0 1.33784
4350.0 2250.0 0.79312
4450.0 2250.0 0.25956
4550.0 2250.0 -0.03567
4650.0 2250.0 -0.16189
4750.0 2250.0 -0.17876
4850.0 2250.0 -0.05887
4950.0 2250.0 0.12261
5050.0 2250.0 0.25909
5150.0 2250.0 0.26873
5250.0 2250.0 0.12911
5350.0 2250.0 -0.10945
5450.0 2250.0 -0.38359
5550.0 2250.0 -0.66826
5650.0 2250.0 -0.84808
5750.0 2250.0 -0.82620
5850.0 2250.0 -0.60622
5950.0 2250.0 -0.29565
6050.0 2250.0 -0.03114
6150.0 2250.0 0.17537
6250.0 2250.0 0.50208
6350.0 2250.0 0.91134
50.0 2350.0 0.08948
150.0 2350.0 0.22930
250.0 2350.0 0.63274
350.0 2350.0 1.15509
450.0 2350.0 1.51273
550.0 2350.0 1.50769
650.0 2350.0 1.12889
750.0 2350.0 0.53009
850.0 2350.0 -0.10812
950.0 2350.0 -0.58177
1050.0 2350.0 -0.69045
1150.0 2350.0 -0.44217
1250.0 2350.0 -0.01596
1350.0 2350.0 0.32370
1450.0 2350.0 0.34679
1550.0 2350.0 0.01205
1650.0 2350.0 -0.37874
1750.0 2350.0 -0.45362
1850.0 2350.0 -0.16050
1950.0 2350.0 0.32460
2050.0 2350.0 0.73749
2150.0 2350.0 0.84939
2250.0 2350.0 0.57410
2350.0 2350.0 0.05785
2450.0 2350.0 -0.35931
2550.0 2350.0 -0.46555
2650.0 2350.0 -0.25818
2750.0 2350.0 0.11129
2850.0 2350.0 0.41532
2950.0 2350.0 0.45162
3050.0 2350.0 0.16767
3150.0 2350.0 -0.27545
3250.0 2350.0 -0.90514
3350.0 2350.0 -1.56395
3450.0 2350.0 -1.93705
3550.0 2350.0 -1.84014
3650.0 2350.0 -1.33591
3750.0 2350.0 -0.67628
3850.0 2350.0 -0.07100
3950.0 2350.0 0.52560
4050.0 2350.0 1.04535
4150.0 2350.0 1.29813
4250.0 2350.0 1.18525
4350.0 2350.0 0.79111
4450.0 2350.0 0.34887
4550.0 2350.0 0.08011
4650.0 2350.0 -0.04728
4750.0 2350.0 -0.06385
4850.0 2350.0 0.05886
4950.0 2350.0 0.24396
5050.0 2350.0 0.38271
5150.0 2350.0 0.39182
5250.0 2350.0 0.24880
5350.0 2350.0 0.00511
5450.0 2350.0 -0.27912
5550.0 2350.0 -0.59031
5650.0 2350.0 -0.81299
5750.0 2350.0 -0.84098
5850.0 2350.0 -0.66543
5950.0 2350.0 -0.38395
6050.0 2350.0 -0.13079
6150.0 2350.0 0.07496
6250.0 2350.0 0.43009
6350.0 2350.0 0.91836
50.0 2450.0 0.38572
150.0 2450.0 0.54573
250.0 2450.0 0.98322
350.0 2450.0 1.55637
450.0 2450.0 1.97548
550.0 2450.0 2.03157
650.0 2450.0 1.70252
750.0 2450.0 1.13669
850.0 2450.0 0.51982
950.0 2450.0 0.03083
1050.0 2450.0 -0.17121
1150.0 2450.0 -0.09014
1250.0 2450.0 0.13484
1350.0 2450.0 0.29526
1450.0 2450.0 0.20798
1550.0 2450.0 -0.16168
1650.0 2450.0 -0.55536
1750.0 2450.0 -0.57834
1850.0 2450.0 -0.15153
1950.0 2450.0 0.53514
2050.0 2450.0 1.17182
2150.0 2450.0 1.47189
2250.0 2450.0 1.30907
2350.0 2450.0 0.84628
2450.0 2450.0 0.45375
2550.0 2450.0 0.31123
2650.0 2450.0 0.41591
2750.0 2450.0 0.64260
2850.0 2450.0 0.80922
2950.0 2450.0 0.75788
3050.0 2450.0 0.45131
3150.0 2450.0 0.00637
3250.0 2450.0 -0.67111
3350.0 2450.0 -1.45293
3450.0 2450.0 -2.01438
3550.0 2450.0 -2.13075
3650.0 2450.0 -1.81130
3750.0 2450.0 -1.26792
3850.0 2450.0 -0.71895
3950.0 2450.0 -0.14591
4050.0 2450.0 0.42811
4150.0 2450.0 0.82686
4250.0 2450.0 0.92123
4350.0 2450.0 0.73614
4450.0 2450.0 0.44235
4550.0 2450.0 0.23314
4650.0 2450.0 0.12086
4750.0 2450.0 0.10951
4850.0 2450.0 0.21866
4950.0 2450.0 0.36958
5050.0 2450.0 0.46124
5150.0 2450.0 0.42469
5250.0 2450.0 0.25129
5350.0 2450.0 -0.00534
5450.0 2450.0 -0.30677
5550.0 2450.0 -0.66029
5650.0 2450.0 -0.94499
5750.0 2450.0 -1.03629
5850.0 2450.0 -0.90684
5950.0 2450.0 -0.64429
6050.0 2450.0 -0.38555
6150.0 2450.0 -0.16235
6250.0 2450.0 0.23742
6350.0 2450.0 0.81295
50.0 2550.0 0.66320
150.0 2550.0 0.87764
250.0 2550.0 1.36069
350.0 2550.0 1.97348
450.0 2550.0 2.43422
550.0 2550.0 2.54072
650.0 2550.0 2.27312
750.0 2550.0 1.77711
850.0 2550.0 1.23178
950.0 2550.0 0.77627
1050.0 2550.0 0.51097
1150.0 2550.0 0.41747
1250.0 2550.0 0.39346
1350.0 2550.0 0.30413
1450.0 2550.0 0.04288
1550.0 2550.0 -0.39891
1650.0 2550.0 -0.83098
1750.0 2550.0 -0.87561
1850.0 2550.0 -0.40283
1950.0 2550.0 0.43235
2050.0 2550.0 1.30638
2150.0 2550.0 1.87201
2250.0 2550.0 1.93130
2350.0 2550.0 1.63333
2450.0 2550.0 1.37167
2550.0 2550.0 1.27171
2650.0 2550.0 1.30001
2750.0 2550.0 1.35409
2850.0 2550.0 1.32199
2950.0 2550.0 1.13177
3050.0 2550.0 0.79097
3150.0 2550.0 0.35927
3250.0 2550.0 -0.31074
3350.0 2550.0 -1.13233
3450.0 2550.0 -1.81694
3550.0 2550.0 -2.13747
3650.0 2550.0 -2.05822
3750.0 2550.0 -1.72956
3850.0 2550.0 -1.34702
3950.0 2550.0 -0.90849
4050.0 2550.0 -0.37124
4150.0 2550.0 0.14031
4250.0 2550.0 0.48399
4350.0 2550.0 0.60501
4450.0 2550.0 0.56228
4550.0 2550.0 0.47577
4650.0 2550.0 0.41248
4750.0 2550.0 0.42500
4850.0 2550.0 0.50497
4950.0 2550.0 0.56499
5050.0 2550.0 0.52375
5150.0 2550.0 0.35366
5250.0 2550.0 0.08837
5350.0 2550.0 -0.20981
5450.0 2550.0 -0.55541
5550.0 2550.0 -0.99026
5650.0 2550.0 -1.37339
5750.0 2550.0 -1.54337
5850.0 2550.0 -1.44672
5950.0 2550.0 -1.16829
6050.0 2550.0 -0.86340
6150.0 2550.0 -0.58519
6250.0 2550.0 -0.11025
6350.0 2550.0 0.55963
50.0 2650.0 0.80624
150.0 2650.0 1.10240
250.0 2650.0 1.62405
350.0 2650.0 2.23359
450.0 2650.0 2.67681
550.0 2650.0 2.78518
650.0 2650.0 2.56301
750.0 2650.0 2.15951
850.0 2650.0 1.73054
950.0 2650.0 1.37127
1050.0 2650.0 1.12577
1150.0 2650.0 0.93795
1250.0 2650.0 0.71796
1350.0 2650.0 0.39481
1450.0 2650.0 -0.05318
1550.0 2650.0 -0.59033
1650.0 2650.0 -1.09790
1750.0 2650.0 -1.26675
1850.0 2650.0 -0.90218
1950.0 2650.0 -0.06524
2050.0 2650.0 0.96167
2150.0 2650.0 1.79320
2250.0 2650.0 2.14340
2350.0 2650.0 2.10705
2450.0 2650.0 2.07757
2550.0 2650.0 2.11259
2650.0 2650.0 2.12390
2750.0 2650.0 2.01981
2850.0 2650.0 1.76935
2950.0 2650.0 1.41525
3050.0 2650.0 1.03543
3150.0 2650.0 0.63400
3250.0 2650.0 0.05179
3350.0 2650.0 -0.66643
3450.0 2650.0 -1.32218
3550.0 2650.0 -1.74443
3650.0 2650.0 -1.88494
3750.0 2650.0 -1.82669
3850.0 2650.0 -1.70492
3950.0 2650.0 -1.51119
4050.0 2650.0 -1.13586
4150.0 2650.0 -0.61648
4250.0 2650.0 -0.07505
4350.0 2650.0 0.35984
4450.0 2650.0 0.61055
4550.0 2650.0 0.68778
4650.0 2650.0 0.70444
4750.0 2650.0 0.77065
4850.0 2650.0 0.83952
4950.0 2650.0 0.80356
5050.0 2650.0 0.60012
5150.0 2650.0 0.25452
5250.0 2650.0 -0.13947
5350.0 2650.0 -0.50186
5450.0 2650.0 -0.91309
5550.0 2650.0 -1.45237
5650.0 2650.0 -1.94509
5750.0 2650.0 -2.18144
5850.0 2650.0 -2.08195
5950.0 2650.0 -1.74105
6050.0 2650.0 -1.34841
6150.0 2650.0 -0.98187
6250.0 2650.0 -0.41164
6350.0 2650.0 0.33999
50.0 2750.0 0.74552
150.0 2750.0 1.12907
250.0 2750.0 1.66412
350.0 2750.0 2.21148
450.0 2750.0 2.56109
550.0 2750.0 2.60243
650.0 2750.0 2.38501
750.0 2750.0 2.06896
850.0 2750.0 1.77277
950.0 2750.0 1.55788
1050.0 2750.0 1.43641
1150.0 2750.0 1.29763
1250.0 2750.0 1.02667
1350.0 2750.0 0.57912
1450.0 2750.0 -0.00251
1550.0 2750.0 -0.63032
1650.0 2750.0 -1.23413
1750.0 2750.0 -1.61322
1850.0 2750.0 -1.51292
1950.0 2750.0 -0.85844
2050.0 2750.0 0.16357
2150.0 2750.0 1.17088
2250.0 2750.0 1.79898
2350.0 2750.0 2.05619
2450.0 2750.0 2.30450
2550.0 2750.0 2.53724
2650.0 2750.0 2.60050
2750.0 2750.0 2.39739
2850.0 2750.0 1.96748
2950.0 2750.0 1.46765
3050.0 2750.0 1.05437
3150.0 2750.0 0.69410
3250.0 2750.0 0.26982
3350.0 2750.0 -0.20226
3450.0 2750.0 -0.65026
3550.0 2750.0 -1.01293
3650.0 2750.0 -1.27388
3750.0 2750.0 -1.46411
3850.0 2750.0 -1.63238
3950.0 2750.0 -1.73859
4050.0 2750.0 -1.62861
4150.0 2750.0 -1.23885
4250.0 2750.0 -0.63554
4350.0 2750.0 0.01246
4450.0 2750.0 0.50745
4550.0 2750.0 0.74331
4650.0 2750.0 0.85217
4750.0 2750.0 1.00028
4850.0 2750.0 1.10673
4950.0 2750.0 1.03277
5050.0 2750.0 0.71854
5150.0 2750.0 0.23001
5250.0 2750.0 -0.28240
5350.0 2750.0 -0.71353
5450.0 2750.0 -1.19482
5550.0 2750.0 -1.83152
5650.0 2750.0 -2.40991
5750.0 2750.0 -2.67394
5850.0 2750.0 -2.52737
5950.0 2750.0 -2.08656
6050.0 2750.0 -1.58386
6150.0 2750.0 -1.11710
6250.0 2750.0 -0.45358
6350.0 2750.0 0.35035
50.0 2850.0 0.51594
150.0 2850.0 0.96883
250.0 2850.0 1.48705
350.0 2850.0 1.92726
450.0 2850.0 2.12885
550.0 2850.0 2.04901
650.0 2850.0 1.79221
750.0 2850.0 1.53422
850.0 2850.0 1.35155
950.0 2850.0 1.29099
1050.0 2850.0 1.36608
1150.0 2850.0 1.40903
1250.0 2850.0 1.24855
1350.0 2850.0 0.82165
1450.0 2850.0 0.19662
1550.0 2850.0 -0.49255
1650.0 2850.0 -1.18709
1750.0 2850.0 -1.80344
1850.0 2850.0 -2.04721
1950.0 2850.0 -1.70349
2050.0 2850.0 -0.83613
2150.0 2850.0 0.21443
2250.0 2850.0 1.03483
2350.0 2850.0 1.53890
2450.0 2850.0 2.03393
2550.0 2850.0 2.46709
2650.0 2850.0 2.62593
2750.0 2850.0 2.39665
2850.0 2850.0 1.86335
2950.0 2850.0 1.26851
3050.0 2850.0 0.83457
3150.0 2850.0 0.51503
3250.0 2850.0 0.27383
3350.0 2850.0 0.11892
3450.0 2850.0 -0.00595
3550.0 2850.0 -0.17150
3650.0 2850.0 -0.42701
3750.0 2850.0 -0.77975
3850.0 2850.0 -1.18978
3950.0 2850.0 -1.57016
4050.0 2850.0 -1.75622
4150.0 2850.0 -1.59615
4250.0 2850.0 -1.08042
4350.0 2850.0 -0.37458
4450.0 2850.0 0.25164
4550.0 2850.0 0.59896
4650.0 2850.0 0.78804
4750.0 2850.0 1.03062
4850.0 2850.0 1.22855
4950.0 2850.0 1.20654
5050.0 2850.0 0.88524
5150.0 2850.0 0.34211
5250.0 2850.0 -0.23802
5350.0 2850.0 -0.72260
5450.0 2850.0 -1.25972
5550.0 2850.0 -1.96126
5650.0 2850.0 -2.57945
5750.0 2850.0 -2.82632
5850.0 2850.0 -2.60223
5950.0 2850.0 -2.05166
6050.0 2850.0 -1.44640
6150.0 2850.0 -0.89419
6250.0 2850.0 -0.15974
6350.0 2850.0 0.66547
50.0 2950.0 0.23991
150.0 2950.0 0.72875
250.0 2950.0 1.21016
350.0 2950.0 1.53567
450.0 2950.0 1.58511
550.0 2950.0 1.37291
650.0 2950.0 1.05153
750.0 2950.0 0.81204
850.0 2950.0 0.69653
950.0 2950.0 0.75558
1050.0 2950.0 1.02990
1150.0 2950.0 1.30840
1250.0 2950.0 1.35437
1350.0 2950.0 1.05598
1450.0 2950.0 0.47014
1550.0 2950.0 -0.24053
1650.0 2950.0 -0.99597
1750.0 2950.0 -1.80164
1850.0 2950.0 -2.34955
1950.0 2950.0 -2.32141
2050.0 2950.0 -1.67356
2150.0 2950.0 -0.68850
2250.0 2950.0 0.20716
2350.0 2950.0 0.85374
2450.0 2950.0 1.50088
2550.0 2950.0 2.07355
2650.0 2950.0 2.32314
2750.0 2950.0 2.11746
2850.0 2950.0 1.55646
2950.0 2950.0 0.92520
3050.0 2950.0 0.48435
3150.0 2950.0 0.19354
3250.0 2950.0 0.10115
3350.0 2950.0 0.22381
3450.0 2950.0 0.41271
3550.0 2950.0 0.48692
3650.0 2950.0 0.32597
3750.0 2950.0 -0.08087
3850.0 2950.0 -0.62873
3950.0 2950.0 -1.18688
4050.0 2950.0 -1.60864
4150.0 2950.0 -1.68849
4250.0 2950.0 -1.34748
4350.0 2950.0 -0.71622
4450.0 2950.0 -0.08025
4550.0 2950.0 0.31189
4650.0 2950.0 0.55026
4750.0 2950.0 0.87723
4850.0 2950.0 1.19841
4950.0 2950.0 1.30544
5050.0 2950.0 1.08199
5150.0 2950.0 0.58523
5250.0 2950.0 0.00403
5350.0 2950.0 -0.50604
5450.0 2950.0 -1.07266
5550.0 2950.0 -1.79660
5650.0 2950.0 -2.40941
5750.0 2950.0 -2.61082
5850.0 2950.0 -2.30862
5950.0 2950.0 -1.67204
6050.0 2950.0 -0.99877
6150.0 2950.0 -0.39595
6250.0 2950.0 0.37737
6350.0 2950.0 1.20706
50.0 3050.0 0.03618
150.0 3050.0 0.52903
250.0 3050.0 0.97027
350.0 3050.0 1.20708
450.0 3050.0 1.14275
550.0 3050.0 0.82653
650.0 3050.0 0.44129
750.0 3050.0 0.18899
850.0 3050.0 0.09159
950.0 3050.0 0.21377
1050.0 3050.0 0.63214
1150.0 3050.0 1.11358
1250.0 3050.0 1.36878
1350.0 3050.0 1.23163
1450.0 3050.0 0.72693
1550.0 3050.0 0.02651
1650.0 3050.0 -0.75266
1750.0 3050.0 -1.65888
1850.0 3050.0 -2.39044
1950.0 3050.0 -2.58048
2050.0 3050.0 -2.12111
2150.0 3050.0 -1.24561
2250.0 3050.0 -0.36847
2350.0 3050.0 0.31304
2450.0 3050.0 1.00555
2550.0 3050.0 1.63062
2650.0 3050.0 1.92878
2750.0 3050.0 1.75701
2850.0 3050.0 1.21210
2950.0 3050.0 0.58496
3050.0 3050.0 0.14600
3150.0 3050.0 -0.13243
3250.0 3050.0 -0.14421
3350.0 3050.0 0.14315
3450.0 3050.0 0.53911
3550.0 3050.0 0.80093
3650.0 3050.0 0.75660
3750.0 3050.0 0.37708
3850.0 3050.0 -0.20286
3950.0 3050.0 -0.82522
4050.0 3050.0 -1.37364
4150.0 3050.0 -1.62644
4250.0 3050.0 -1.46039
4350.0 3050.0 -0.96234
4450.0 3050.0 -0.39429
4550.0 3050.0 -0.01198
4650.0 3050.0 0.24225
4750.0 3050.0 0.62935
4850.0 3050.0 1.07435
4950.0 3050.0 1.34494
5050.0 3050.0 1.28148
5150.0 3050.0 0.90020
5250.0 3050.0 0.36972
5350.0 3050.0 -0.13920
5450.0 3050.0 -0.71019
5550.0 3050.0 -1.42381
5650.0 3050.0 -2.00547
5750.0 3050.0 -2.15832
5850.0 3050.0 -1.80190
5950.0 3050.0 -1.12045
6050.0 3050.0 -0.42127
6150.0 3050.0 0.19558
6250.0 3050.0 0.98122
6350.0 3050.0 1.81714
50.0 3150.0 -0.08852
150.0 3150.0 0.38792
250.0 3150.0 0.78427
350.0 3150.0 0.94570
450.0 3150.0 0.79132
550.0 3150.0 0.39278
650.0 3150.0 -0.04826
750.0 3150.0 -0.32385
850.0 3150.0 -0.42505
950.0 3150.0 -0.27202
1050.0 3150.0 0.24630
1150.0 3150.0 0.88813
1250.0 3150.0 1.32577
1350.0 3150.0 1.34455
1450.0 3150.0 0.93236
1550.0 3150.0 0.25970
1650.0 3150.0 -0.51980
1750.0 3150.0 -1.47642
1850.0 3150.0 -2.32258
1950.0 3150.0 -2.66897
2050.0 3150.0 -2.36593
2150.0 3150.0 -1.60453
2250.0 3150.0 -0.77734
2350.0 3150.0 -0.10179
2450.0 3150.0 0.59273
2550.0 3150.0 1.22965
2650.0 3150.0 1.55051
2750.0 3150.0 1.40811
2850.0 3150.0 0.89187
2950.0 3150.0 0.28543
3050.0 3150.0 -0.14338
3150.0 3150.0 -0.41066
3250.0 3150.0 -0.37064
3350.0 3150.0 0.02384
3450.0 3150.0 0.56255
3550.0 3150.0 0.96633
3650.0 3150.0 1.02717
3750.0 3150.0 0.69727
3850.0 3150.0 0.12592
3950.0 3150.0 -0.51419
4050.0 3150.0 -1.13975
4150.0 3150.0 -1.52685
4250.0 3150.0 -1.51965
4350.0 3150.0 -1.16148
4450.0 3150.0 -0.67921
4550.0 3150.0 -0.32107
4650.0 3150.0 -0.05998
4750.0 3150.0 0.37833
4850.0 3150.0 0.94128
4950.0 3150.0 1.37621
5050.0 3150.0 1.48081
5150.0 3150.0 1.22723
5250.0 3150.0 0.75863
5350.0 3150.0 0.25815
5450.0 3150.0 -0.31034
5550.0 3150.0 -1.00757
5650.0 3150.0 -1.55816
5750.0 3150.0 -1.67256
5850.0 3150.0 -1.28090
5950.0 3150.0 -0.57664
6050.0 3150.0 0.12990
6150.0 3150.0 0.74633
6250.0 3150.0 1.53582
6350.0 3150.0 2.38500
50.0 3250.0 -0.01670
150.0 3250.0 0.37093
250.0 3250.0 0.67365
350.0 3250.0 0.74874
450.0 3250.0 0.52847
550.0 3250.0 0.08758
650.0 3250.0 -0.38152
750.0 3250.0 -0.68582
850.0 3250.0 -0.82210
950.0 3250.0 -0.70026
1050.0 3250.0 -0.18401
1150.0 3250.0 0.51064
1250.0 3250.0 1.05847
1350.0 3250.0 1.21805
1450.0 3250.0 0.93429
1550.0 3250.0 0.35047
1650.0 3250.0 -0.36091
1750.0 3250.0 -1.28569
1850.0 3250.0 -2.16648
1950.0 3250.0 -2.61605
2050.0 3250.0 -2.45453
2150.0 3250.0 -1.82231
2250.0 3250.0 -1.06830
2350.0 3250.0 -0.41602
2450.0 3250.0 0.25535
2550.0 3250.0 0.86788
2650.0 3250.0 1.18218
2750.0 3250.0 1.06470
2850.0 3250.0 0.60224
2950.0 3250.0 0.06104
3050.0 3250.0 -0.31002
3150.0 3250.0 -0.52415
3250.0 3250.0 -0.41728
3350.0 3250.0 0.05828
3450.0 3250.0 0.68110
3550.0 3250.0 1.15929
3650.0 3250.0 1.27724
3750.0 3250.0 0.98761
3850.0 3250.0 0.44739
3950.0 3250.0 -0.18685
4050.0 3250.0 -0.87629
4150.0 3250.0 -1.39457
4250.0 3250.0 -1.54782
4350.0 3250.0 -1.32823
4450.0 3250.0 -0.92117
4550.0 3250.0 -0.56581
4650.0 3250.0 -0.27219
4750.0 3250.0 0.23419
4850.0 3250.0 0.91033
4950.0 3250.0 1.47844
5050.0 3250.0 1.70086
5150.0 3250.0 1.52280
5250.0 3250.0 1.08034
5350.0 3250.0 0.57346
5450.0 3250.0 -0.00586
5550.0 3250.0 -0.71086
5650.0 3250.0 -1.26560
5750.0 3250.0 -1.38179
5850.0 3250.0 -0.99194
5950.0 3250.0 -0.29194
6050.0 3250.0 0.40676
6150.0 3250.0 1.01356
6250.0 3250.0 1.80078
6350.0 3250.0 2.67201
50.0 3350.0 0.25588
150.0 3350.0 0.45819
250.0 3350.0 0.61563
350.0 3350.0 0.61857
450.0 3350.0 0.40249
550.0 3350.0 0.00885
650.0 3350.0 -0.42653
750.0 3350.0 -0.75785
850.0 3350.0 -0.97161
950.0 3350.0 -0.97003
1050.0 3350.0 -0.60757
1150.0 3350.0 -0.02592
1250.0 3350.0 0.51288
1350.0 3350.0 0.77597
1450.0 3350.0 0.66072
1550.0 3350.0 0.24753
1650.0 3350.0 -0.30089
1750.0 3350.0 -1.07525
1850.0 3350.0 -1.86916
1950.0 3350.0 -2.33337
2050.0 3350.0 -2.27780
2150.0 3350.0 -1.78440
2250.0 3350.0 -1.13052
2350.0 3350.0 -0.52448
2450.0 3350.0 0.08748
2550.0 3350.0 0.61908
2650.0 3350.0 0.87540
2750.0 3350.0 0.76365
2850.0 3350.0 0.37822
2950.0 3350.0 -0.04327
3050.0 3350.0 -0.29294
3150.0 3350.0 -0.39708
3250.0 3350.0 -0.21077
3350.0 3350.0 0.29189
3450.0 3350.0 0.89320
3550.0 3350.0 1.32763
3650.0 3350.0 1.41763
3750.0 3350.0 1.14640
3850.0 3350.0 0.66684
3950.0 3350.0 0.07504
4050.0 3350.0 -0.64270
4150.0 3350.0 -1.25777
4250.0 3350.0 -1.53777
4350.0 3350.0 -1.42297
4450.0 3350.0 -1.05651
4550.0 3350.0 -0.66813
4650.0 3350.0 -0.30716
4750.0 3350.0 0.28175
4850.0 3350.0 1.04320
4950.0 3350.0 1.67117
5050.0 3350.0 1.91057
5150.0 3350.0 1.71175
5250.0 3350.0 1.23404
5350.0 3350.0 0.69837
5450.0 3350.0 0.09126
5550.0 3350.0 -0.64821
5650.0 3350.0 -1.24345
5750.0 3350.0 -1.40193
5850.0 3350.0 -1.05112
5950.0 3350.0 -0.38350
6050.0 3350.0 0.28973
6150.0 3350.0 0.87393
6250.0 3350.0 1.63997
6350.0 3350.0 2.51683
50.0 3450.0 0.56811
150.0 3450.0 0.52534
250.0 3450.0 0.52427
350.0 3450.0 0.50428
450.0 3450.0 0.38877
550.0 3450.0 0.14862
650.0 3450.0 -0.18029
750.0 3450.0 -0.52528
850.0 3450.0 -0.84393
950.0 3450.0 -1.02687
1050.0 3450.0 -0.93432
1150.0 3450.0 -0.59981
1250.0 3450.0 -0.17593
1350.0 3450.0 0.14359
1450.0 3450.0 0.21074
1550.0 3450.0 0.01927
1650.0 3450.0 -0.30245
1750.0 3450.0 -0.84006
1850.0 3450.0 -1.45025
1950.0 3450.0 -1.84885
2050.0 3450.0 -1.85455
2150.0 3450.0 -1.49128
2250.0 3450.0 -0.94894
2350.0 3450.0 -0.40376
2450.0 3450.0 0.12194
2550.0 3450.0 0.52574
2650.0 3450.0 0.67455
2750.0 3450.0 0.53812
2850.0 3450.0 0.22986
2950.0 3450.0 -0.04497
3050.0 3450.0 -0.13368
3150.0 3450.0 -0.09167
3250.0 3450.0 0.17084
3350.0 3450.0 0.63947
3450.0 3450.0 1.11480
3550.0 3450.0 1.39264
3650.0 3450.0 1.37272
3750.0 3450.0 1.09361
3850.0 3450.0 0.69278
3950.0 3450.0 0.17384
4050.0 3450.0 -0.52457
4150.0 3450.0 -1.17230
4250.0 3450.0 -1.50791
4350.0 3450.0 -1.43239
4450.0 3450.0 -1.05673
4550.0 3450.0 -0.60338
4650.0 3450.0 -0.15290
4750.0 3450.0 0.51612
4850.0 3450.0 1.31549
4950.0 3450.0 1.91377
5050.0 3450.0 2.06094
5150.0 3450.0 1.74493
5250.0 3450.0 1.17520
5350.0 3450.0 0.59341
5450.0 3450.0 -0.05071
5550.0 3450.0 -0.83329
5650.0 3450.0 -1.47673
5750.0 3450.0 -1.68424
5850.0 3450.0 -1.37881
5950.0 3450.0 -0.75018
6050.0 3450.0 -0.10983
6150.0 3450.0 0.44259
6250.0 3450.0 1.16062
6350.0 3450.0 1.99396
50.0 3550.0 0.73907
150.0 3550.0 0.45638
250.0 3550.0 0.32850
350.0 3550.0 0.34715
450.0 3550.0 0.41021
550.0 3550.0 0.39699
650.0 3550.0 0.22448
750.0 3550.0 -0.11528
850.0 3550.0 -0.53836
950.0 3550.0 -0.91508
1050.0 3550.0 -1.11855
1150.0 3550.0 -1.07087
1250.0 3550.0 -0.80504
1350.0 3550.0 -0.46412
1450.0 3550.0 -0.23354
1550.0 3550.0 -0.20697
1650.0 3550.0 -0.29929
1750.0 3550.0 -0.58655
1850.0 3550.0 -0.98621
1950.0 3550.0 -1.28472
2050.0 3550.0 -1.31865
2150.0 3550.0 -1.06235
2250.0 3550.0 -0.62201
2350.0 3550.0 -0.13711
2450.0 3550.0 0.29757
2550.0 3550.0 0.55823
2650.0 3550.0 0.57503
2750.0 3550.0 0.38634
2850.0 3550.0 0.13202
2950.0 3550.0 -0.00948
3050.0 3550.0 0.05960
3150.0 3550.0 0.24619
3250.0 3550.0 0.56727
3350.0 3550.0 0.96199
3450.0 3550.0 1.25674
3550.0 3550.0 1.32308
3650.0 3550.0 1.15262
3750.0 3550.0 0.84713
3850.0 3550.0 0.52314
3950.0 3550.0 0.08708
4050.0 3550.0 -0.55439
4150.0 3550.0 -1.17053
4250.0 3550.0 -1.48604
4350.0 3550.0 -1.38282
4450.0 3550.0 -0.95609
4550.0 3550.0 -0.42458
4650.0 3550.0 0.11449
4750.0 3550.0 0.84527
4850.0 3550.0 1.63763
4950.0 3550.0 2.14204
5050.0 3550.0 2.13020
5150.0 3550.0 1.64538
5250.0 3550.0 0.95795
5350.0 3550.0 0.32591
5450.0 3550.0 -0.35235
5550.0 3550.0 -1.16444
5650.0 3550.0 -1.83125
5750.0 3550.0 -2.05742
5850.0 3550.0 -1.76956
5950.0 3550.0 -1.16175
6050.0 3550.0 -0.54798
6150.0 3550.0 -0.02840
6250.0 3550.0 0.61935
6350.0 3550.0 1.34988
50.0 3650.0 0.66225
150.0 3650.0 0.20691
250.0 3650.0 0.01211
350.0 3650.0 0.11100
450.0 3650.0 0.37131
550.0 3650.0 0.58720
650.0 3650.0 0.57200
750.0 3650.0 0.25197
850.0 3650.0 -0.24747
950.0 3650.0 -0.76745
1050.0 3650.0 -1.18944
1150.0 3650.0 -1.35308
1250.0 3650.0 -1.20312
1350.0 3650.0 -0.84536
1450.0 3650.0 -0.49321
1550.0 3650.0 -0.30504
1650.0 3650.0 -0.22768
1750.0 3650.0 -0.33079
1850.0 3650.0 -0.57710
1950.0 3650.0 -0.80485
2050.0 3650.0 -0.86294
2150.0 3650.0 -0.68817
2250.0 3650.0 -0.32434
2350.0 3650.0 0.11576
2450.0 3650.0 0.47915
2550.0 3650.0 0.62092
2650.0 3650.0 0.51904
2750.0 3650.0 0.26781
2850.0 3650.0 0.03311
2950.0 3650.0 -0.02168
3050.0 3650.0 0.16102
3150.0 3650.0 0.45379
3250.0 3650.0 0.81062
3350.0 3650.0 1.13373
3450.0 3650.0 1.27178
3550.0 3650.0 1.15843
3650.0 3650.0 0.85940
3750.0 3650.0 0.52655
3850.0 3650.0 0.25854
3950.0 3650.0 -0.11026
4050.0 3650.0 -0.68691
4150.0 3650.0 -1.24088
4250.0 3650.0 -1.49572
4350.0 3650.0 -1.33151
4450.0 3650.0 -0.84175
4550.0 3650.0 -0.24453
4650.0 3650.0 0.35960
4750.0 3650.0 1.12755
4850.0 3650.0 1.89396
4950.0 3650.0 2.29938
5050.0 3650.0 2.13920
5150.0 3650.0 1.50581
5250.0 3650.0 0.71954
5350.0 3650.0 0.04847
5450.0 3650.0 -0.65049
5550.0 3650.0 -1.46343
5650.0 3650.0 -2.10937
5750.0 3650.0 -2.30265
5850.0 3650.0 -1.98509
5950.0 3650.0 -1.36471
6050.0 3650.0 -0.76081
6150.0 3650.0 -0.26648
6250.0 3650.0 0.30495
6350.0 3650.0 0.89441
50.0 3750.0 0.34669
150.0 3750.0 -0.18336
250.0 3750.0 -0.38492
350.0 3750.0 -0.20346
450.0 3750.0 0.20498
550.0 3750.0 0.58010
650.0 3750.0 0.67384
750.0 3750.0 0.37692
850.0 3750.0 -0.15635
950.0 3750.0 -0.73299
1050.0 3750.0 -1.22879
1150.0 3750.0 -1.44858
1250.0 3750.0 -1.30686
1350.0 3750.0 -0.90436
1450.0 3750.0 -0.47582
1550.0 3750.0 -0.20885
1650.0 3750.0 -0.05591
1750.0 3750.0 -0.08982
1850.0 3750.0 -0.29710
1950.0 3750.0 -0.53337
2050.0 3750.0 -0.64233
2150.0 3750.0 -0.53322
2250.0 3750.0 -0.21638
2350.0 3750.0 0.20205
2450.0 3750.0 0.52913
2550.0 3750.0 0.60442
2650.0 3750.0 0.42872
2750.0 3750.0 0.12672
2850.0 3750.0 -0.11784
2950.0 3750.0 -0.14399
3050.0 3750.0 0.08784
3150.0 3750.0 0.42952
3250.0 3750.0 0.80479
3350.0 3750.0 1.09956
3450.0 3750.0 1.17186
3550.0 3750.0 0.98225
3650.0 3750.0 0.62880
3750.0 3750.0 0.28549
3850.0 3750.0 0.04343
3950.0 3750.0 -0.29201
4050.0 3750.0 -0.82929
4150.0 3750.0 -1.33824
4250.0 3750.0 -1.54577
4350.0 3750.0 -1.33637
4450.0 3750.0 -0.80696
4550.0 3750.0 -0.17627
4650.0 3750.0 0.45784
4750.0 3750.0 1.24357
4850.0 3750.0 1.99985
4950.0 3750.0 2.36237
5050.0 3750.0 2.13675
5150.0 3750.0 1.43720
5250.0 3750.0 0.60659
5350.0 3750.0 -0.08223
5450.0 3750.0 -0.78414
5550.0 3750.0 -1.56759
5650.0 3750.0 -2.14963
5750.0 3750.0 -2.26136
5850.0 3750.0 -1.86938
5950.0 3750.0 -1.20343
6050.0 3750.0 -0.59008
6150.0 3750.0 -0.10832
6250.0 3750.0 0.39973
6350.0 3750.0 0.84860
50.0 3850.0 -0.09467
150.0 3850.0 -0.62851
250.0 3850.0 -0.80367
350.0 3850.0 -0.56036
450.0 3850.0 -0.06879
550.0 3850.0 0.38681
650.0 3850.0 0.53533
750.0 3850.0 0.25717
850.0 3850.0 -0.27848
950.0 3850.0 -0.84409
1050.0 3850.0 -1.29674
1150.0 3850.0 -1.44307
1250.0 3850.0 -1.21398
1350.0 3850.0 -0.73327
1450.0 3850.0 -0.25489
1550.0 3850.0 0.03091
1650.0 3850.0 0.18872
1750.0 3850.0 0.13397
1850.0 3850.0 -0.12862
1950.0 3850.0 -0.44451
2050.0 3850.0 -0.63595
2150.0 3850.0 -0.58899
2250.0 3850.0 -0.30066
2350.0 3850.0 0.11305
2450.0 3850.0 0.43152
2550.0 3850.0 0.48473
2650.0 3850.0 0.27731
2750.0 3850.0 -0.05679
2850.0 3850.0 -0.32469
2950.0 3850.0 -0.36044
3050.0 3850.0 -0.12614
3150.0 3850.0 0.22257
3250.0 3850.0 0.60973
3350.0 3850.0 0.92243
3450.0 3850.0 1.01582
3550.0 3850.0 0.84609
3650.0 3850.0 0.50758
3750.0 3850.0 0.17285
3850.0 3850.0 -0.06490
3950.0 3850.0 -0.39574
4050.0 3850.0 -0.92602
4150.0 3850.0 -1.42572
4250.0 3850.0 -1.62310
4350.0 3850.0 -1.40440
4450.0 3850.0 -0.86791
4550.0 3850.0 -0.23260
4650.0 3850.0 0.40562
4750.0 3850.0 1.20124
4850.0 3850.0 1.97535
4950.0 3850.0 2.35997
5050.0 3850.0 2.15490
5150.0 3850.0 1.46944
5250.0 3850.0 0.64452
5350.0 3850.0 -0.04456
5450.0 3850.0 -0.73719
5550.0 3850.0 -1.47351
5650.0 3850.0 -1.96884
5750.0 3850.0 -1.97424
5850.0 3850.0 -1.48512
5950.0 3850.0 -0.75599
6050.0 3850.0 -0.12131
6150.0 3850.0 0.35762
6250.0 3850.0 0.81987
6350.0 3850.0 1.14985
50.0 3950.0 -0.50817
150.0 3950.0 -1.00915
250.0 3950.0 -1.15282
350.0 3950.0 -0.88372
450.0 3950.0 -0.37482
550.0 3950.0 0.09096
650.0 3950.0 0.24765
750.0 3950.0 -0.01868
850.0 3950.0 -0.53756
950.0 3950.0 -1.06411
1050.0 3950.0 -1.43501
1150.0 3950.0 -1.46611
1250.0 3950.0 -1.11453
1350.0 3950.0 -0.53320
1450.0 3950.0 0.00472
1550.0 3950.0 0.31166
1650.0 3950.0 0.47563
1750.0 3950.0 0.40372
1850.0 3950.0 0.09369
1950.0 3950.0 -0.28986
2050.0 3950.0 -0.54972
2150.0 3950.0 -0.55189
2250.0 3950.0 -0.28264
2350.0 3950.0 0.13270
2450.0 3950.0 0.44878
2550.0 3950.0 0.48559
2650.0 3950.0 0.24993
2750.0 3950.0 -0.11587
2850.0 3950.0 -0.40909
2950.0 3950.0 -0.45685
3050.0 3950.0 -0.22118
3150.0 3950.0 0.13331
3250.0 3950.0 0.52269
3350.0 3950.0 0.83003
3450.0 3950.0 0.90949
3550.0 3950.0 0.72023
3650.0 3950.0 0.36254
3750.0 3950.0 0.01471
3850.0 3950.0 -0.22957
3950.0 3950.0 -0.55932
4050.0 3950.0 -1.07328
4150.0 3950.0 -1.54837
4250.0 3950.0 -1.72586
4350.0 3950.0 -1.50219
4450.0 3950.0 -0.97850
4550.0 3950.0 -0.36869
4650.0 3950.0 0.24110
4750.0 3950.0 1.02177
4850.0 3950.0 1.81370
4950.0 3950.0 2.25619
5050.0 3950.0 2.13792
5150.0 3950.0 1.54215
5250.0 3950.0 0.78199
5350.0 3950.0 0.12595
5450.0 3950.0 -0.53347
5550.0 3950.0 -1.21551
5650.0 3950.0 -1.64327
5750.0 3950.0 -1.58587
5850.0 3950.0 -1.05389
5950.0 3950.0 -0.30698
6050.0 3950.0 0.32653
6150.0 3950.0 0.79535
6250.0 3950.0 1.20614
6350.0 3950.0 1.41439
50.0 4050.0 -0.75225
150.0 4050.0 -1.14159
250.0 4050.0 -1.24365
350.0 4050.0 -1.02747
450.0 4050.0 -0.64354
550.0 4050.0 -0.31853
650.0 4050.0 -0.25271
750.0 4050.0 -0.52023
850.0 4050.0 -0.97994
950.0 4050.0 -1.42311
1050.0 4050.0 -1.67496
1150.0 4050.0 -1.56429
1250.0 4050.0 -1.07345
1350.0 4050.0 -0.37863
1450.0 4050.0 0.23589
1550.0 4050.0 0.58954
1650.0 4050.0 0.79120
1750.0 4050.0 0.74763
1850.0 4050.0 0.44861
1950.0 4050.0 0.05801
2050.0 4050.0 -0.21918
2150.0 4050.0 -0.23570
2250.0 4050.0 0.03373
2350.0 4050.0 0.46213
2450.0 4050.0 0.78306
2550.0 4050.0 0.80339
2650.0 4050.0 0.53471
2750.0 4050.0 0.13314
2850.0 4050.0 -0.18390
2950.0 4050.0 -0.23441
3050.0 4050.0 0.01820
3150.0 4050.0 0.39251
3250.0 4050.0 0.76846
3350.0 4050.0 1.00635
3450.0 4050.0 0.96564
3550.0 4050.0 0.63447
3650.0 4050.0 0.15350
3750.0 4050.0 -0.26744
3850.0 4050.0 -0.53958
3950.0 4050.0 -0.86639
4050.0 4050.0 -1.32241
4150.0 4050.0 -1.71113
4250.0 4050.0 -1.82186
4350.0 4050.0 -1.58779
4450.0 4050.0 -1.11878
4550.0 4050.0 -0.60881
4650.0 4050.0 -0.11156
4750.0 4050.0 0.57398
4850.0 4050.0 1.34360
4950.0 4050.0 1.87959
5050.0 4050.0 1.96136
5150.0 4050.0 1.60751
5250.0 4050.0 1.04545
5350.0 4050.0 0.50853
5450.0 4050.0 -0.05248
5550.0 4050.0 -0.66016
5650.0 4050.0 -1.07257
5750.0 4050.0 -1.07273
5850.0 4050.0 -0.64954
5950.0 4050.0 -0.01348
6050.0 4050.0 0.55262
6150.0 4050.0 0.98704
6250.0 4050.0 1.32906
6350.0 4050.0 1.41442
50.0 4150.0 -0.74352
150.0 4150.0 -0.94324
250.0 4150.0 -0.98292
350.0 4150.0 -0.87443
450.0 4150.0 -0.72605
550.0 4150.0 -0.66236
650.0 4150.0 -0.76591
750.0 4150.0 -1.04071
850.0 4150.0 -1.40052
950.0 4150.0 -1.73299
1050.0 4150.0 -1.87476
1150.0 4150.0 -1.66604
1250.0 4150.0 -1.09611
1350.0 4150.0 -0.33826
1450.0 4150.0 0.33428
1550.0 4150.0 0.75132
1650.0 4150.0 1.02062
1750.0 4150.0 1.04637
1850.0 4150.0 0.80880
1950.0 4150.0 0.46185
2050.0 4150.0 0.20905
2150.0 4150.0 0.20637
2250.0 4150.0 0.49227
2350.0 4150.0 0.94459
2450.0 4150.0 1.27857
2550.0 4150.0 1.28638
2650.0 4150.0 0.98663
2750.0 4150.0 0.55285
2850.0 4150.0 0.21980
2950.0 4150.0 0.17925
3050.0 4150.0 0.46482
3150.0 4150.0 0.87469
3250.0 4150.0 1.24125
3350.0 4150.0 1.39038
3450.0 4150.0 1.18497
3550.0 4150.0 0.65201
3650.0 4150.0 -0.00959
3750.0 4150.0 -0.54174
3850.0 4150.0 -0.85992
3950.0 4150.0 -1.18235
4050.0 4150.0 -1.54166
4150.0 4150.0 -1.78678
4250.0 4150.0 -1.78829
4350.0 4150.0 -1.54096
4450.0 4150.0 -1.16848
4550.0 4150.0 -0.83045
4650.0 4150.0 -0.52838
4750.0 4150.0 -0.03399
4850.0 4150.0 0.62913
4950.0 4150.0 1.22835
5050.0 4150.0 1.55225
5150.0 4150.0 1.53536
5250.0 4150.0 1.27431
5350.0 4150.0 0.93550
5450.0 4150.0 0.53783
5550.0 4150.0 0.03341
5650.0 4150.0 -0.39652
5750.0 4150.0 -0.54894
5850.0 4150.0 -0.36120
5950.0 4150.0 0.05279
6050.0 4150.0 0.49213
6150.0 4150.0 0.86967
6250.0 4150.0 1.13951
6350.0 4150.0 1.13650
50.0 4250.0 -0.50939
150.0 4250.0 -0.48312
250.0 4250.0 -0.43714
350.0 4250.0 -0.43264
450.0 4250.0 -0.53313
550.0 4250.0 -0.75050
650.0 4250.0 -1.03535
750.0 4250.0 -1.31165
850.0 4250.0 -1.55421
950.0 4250.0 -1.78411
1050.0 4250.0 -1.87798
1150.0 4250.0 -1.68000
1250.0 4250.0 -1.15598
1350.0 4250.0 -0.43848
1450.0 4250.0 0.23857
1550.0 4250.0 0.71588
1650.0 4250.0 1.06520
1750.0 4250.0 1.17423
1850.0 4250.0 1.01224
1950.0 4250.0 0.72083
2050.0 4250.0 0.50073
2150.0 4250.0 0.51715
2250.0 4250.0 0.82366
2350.0 4250.0 1.30436
2450.0 4250.0 1.65652
2550.0 4250.0 1.65876
2650.0 4250.0 1.33731
2750.0 4250.0 0.88254
2850.0 4250.0 0.54516
2950.0 4250.0 0.52493
3050.0 4250.0 0.85171
3150.0 4250.0 1.30677
3250.0 4250.0 1.69054
3350.0 4250.0 1.79767
3450.0 4250.0 1.48337
3550.0 4250.0 0.79805
3650.0 4250.0 -0.01317
3750.0 4250.0 -0.64741
3850.0 4250.0 -1.01639
3950.0 4250.0 -1.33428
4050.0 4250.0 -1.58185
4150.0 4250.0 -1.66159
4250.0 4250.0 -1.53905
4350.0 4250.0 -1.28031
4450.0 4250.0 -1.02437
4550.0 4250.0 -0.89003
4650.0 4250.0 -0.82088
4750.0 4250.0 -0.58352
4850.0 4250.0 -0.12228
4950.0 4250.0 0.44321
5050.0 4250.0 0.94044
5150.0 4250.0 1.23456
5250.0 4250.0 1.28583
5350.0 4250.0 1.17403
5450.0 4250.0 0.97048
5550.0 4250.0 0.59426
5650.0 4250.0 0.15519
5750.0 4250.0 -0.16276
5850.0 4250.0 -0.23991
5950.0 4250.0 -0.07949
6050.0 4250.0 0.21325
6150.0 4250.0 0.52539
6250.0 4250.0 0.73885
6350.0 4250.0 0.70855
50.0 4350.0 -0.18709
150.0 4350.0 0.04350
250.0 4350.0 0.18941
350.0 4350.0 0.14825
450.0 4350.0 -0.11401
550.0 4350.0 -0.52515
650.0 4350.0 -0.93309
750.0 4350.0 -1.19652
850.0 4350.0 -1.33552
950.0 4350.0 -1.50124
1050.0 4350.0 -1.63017
1150.0 4350.0 -1.56112
1250.0 4350.0 -1.20919
1350.0 4350.0 -0.63572
1450.0 4350.0 -0.01506
1550.0 4350.0 0.50183
1650.0 4350.0 0.92047
1750.0 4350.0 1.09384
1850.0 4350.0 0.97958
1950.0 4350.0 0.71227
2050.0 4350.0 0.49682
2150.0 4350.0 0.51290
2250.0 4350.0 0.83036
2350.0 4350.0 1.33554
2450.0 4350.0 1.70551
2550.0 4350.0 1.70863
2650.0 4350.0 1.37739
2750.0 4350.0 0.91475
2850.0 4350.0 0.58268
2950.0 4350.0 0.58582
3050.0 4350.0 0.95048
3150.0 4350.0 1.44976
3250.0 4350.0 1.88601
3350.0 4350.0 2.03871
3450.0 4350.0 1.74078
3550.0 4350.0 1.03379
3650.0 4350.0 0.17401
3750.0 4350.0 -0.51210
3850.0 4350.0 -0.92134
3950.0 4350.0 -1.23583
4050.0 4350.0 -1.38693
4150.0 4350.0 -1.32448
4250.0 4350.0 -1.09697
4350.0 4350.0 -0.83233
4450.0 4350.0 -0.68203
4550.0 4350.0 -0.72859
4650.0 4350.0 -0.86821
4750.0 4350.0 -0.89225
4850.0 4350.0 -0.69224
4950.0 4350.0 -0.27414
5050.0 4350.0 0.25438
5150.0 4350.0 0.72948
5250.0 4350.0 1.01035
5350.0 4350.0 1.09197
5450.0 4350.0 1.06521
5550.0 4350.0 0.82602
5650.0 4350.0 0.42194
5750.0 4350.0 0.01030
5850.0 4350.0 -0.25286
5950.0 4350.0 -0.28507
6050.0 4350.0 -0.11087
6150.0 4350.0 0.14502
6250.0 4350.0 0.32867
6350.0 4350.0 0.32782
50.0 4450.0 0.03584
150.0 4450.0 0.40033
250.0 4450.0 0.64371
350.0 4450.0 0.64140
450.0 4450.0 0.36309
550.0 4450.0 -0.08920
650.0 4450.0 -0.51977
750.0 4450.0 -0.75449
850.0 4450.0 -0.82865
950.0 4450.0 -0.97992
1050.0 4450.0 -1.20533
1150.0 4450.0 -1.33175
1250.0 4450.0 -1.21384
1350.0 4450.0 -0.83458
1450.0 4450.0 -0.30728
1550.0 4450.0 0.22104
1650.0 4450.0 0.68006
1750.0 4450.0 0.87459
1850.0 4450.0 0.75126
1950.0 4450.0 0.44818
2050.0 4450.0 0.18632
2150.0 4450.0 0.16715
2250.0 4450.0 0.47670
2350.0 4450.0 0.99583
2450.0 4450.0 1.37778
2550.0 4450.0 1.38432
2650.0 4450.0 1.05163
2750.0 4450.0 0.58942
2850.0 4450.0 0.26520
2950.0 4450.0 0.28560
3050.0 4450.0 0.67458
3150.0 4450.0 1.20664
3250.0 4450.0 1.72134
3350.0 4450.0 2.00390
3450.0 4450.0 1.85439
3550.0 4450.0 1.27260
3650.0 4450.0 0.48526
3750.0 4450.0 -0.18605
3850.0 4450.0 -0.61468
3950.0 4450.0 -0.92766
4050.0 4450.0 -1.02098
4150.0 4450.0 -0.87392
4250.0 4450.0 -0.58574
4350.0 4450.0 -0.32160
4450.0 4450.0 -0.23974
4550.0 4450.0 -0.39985
4650.0 4450.0 -0.67265
4750.0 4450.0 -0.89666
4850.0 4450.0 -0.94918
4950.0 4450.0 -0.75044
5050.0 4450.0 -0.33468
5150.0 4450.0 0.15130
5250.0 4450.0 0.52479
5350.0 4450.0 0.71907
5450.0 4450.0 0.81106
5550.0 4450.0 0.69650
5650.0 4450.0 0.38556
5750.0 4450.0 0.00278
5850.0 4450.0 -0.29650
5950.0 4450.0 -0.39648
6050.0 4450.0 -0.27781
6150.0 4450.0 -0.05551
6250.0 4450.0 0.12223
6350.0 4450.0 0.17365
50.0 4550.0 0.03938
150.0 4550.0 0.45500
250.0 4550.0 0.78000
350.0 4550.0 0.88800
450.0 4550.0 0.72846
550.0 4550.0 0.37962
650.0 4550.0 0.02100
750.0 4550.0 -0.17461
850.0 4550.0 -0.22789
950.0 4550.0 -0.40325
1050.0 4550.0 -0.74204
1150.0 4550.0 -1.05783
1250.0 4550.0 -1.15426
1350.0 4550.0 -0.95204
1450.0 4550.0 -0.51879
1550.0 4550.0 -0.00171
1650.0 4550.0 0.46517
1750.0 4550.0 0.63503
1850.0 4550.0 0.44480
1950.0 4550.0 0.04677
2050.0 4550.0 -0.31090
2150.0 4550.0 -0.39882
2250.0 4550.0 -0.11607
2350.0 4550.0 0.40522
2450.0 4550.0 0.79102
2550.0 4550.0 0.79911
2650.0 4550.0 0.46676
2750.0 4550.0 0.00557
2850.0 4550.0 -0.31545
2950.0 4550.0 -0.28926
3050.0 4550.0 0.10739
3150.0 4550.0 0.65658
3250.0 4550.0 1.25669
3350.0 4550.0 1.71502
3450.0 4550.0 1.79611
3550.0 4550.0 1.43838
3650.0 4550.0 0.81067
3750.0 4550.0 0.20687
3850.0 4550.0 -0.22017
3950.0 4550.0 -0.53337
4050.0 4550.0 -0.61149
4150.0 4550.0 -0.44283
4250.0 4550.0 -0.14129
4350.0 4550.0 0.11785
4450.0 4550.0 0.17547
4550.0 4550.0 -0.02079
4650.0 4550.0 -0.33869
4750.0 4550.0 -0.67032
4850.0 4550.0 -0.91160
4950.0 4550.0 -0.93783
5050.0 4550.0 -0.71981
5150.0 4550.0 -0.35589
5250.0 4550.0 -0.01577
5350.0 4550.0 0.20372
5450.0 4550.0 0.34576
5550.0 4550.0 0.33036
5650.0 4550.0 0.15828
5750.0 4550.0 -0.08102
5850.0 4550.0 -0.26846
5950.0 4550.0 -0.30888
6050.0 4550.0 -0.17915
6150.0 4550.0 0.03433
6250.0 4550.0 0.21770
6350.0 4550.0 0.30526
50.0 4650.0 -0.09964
150.0 4650.0 0.33057
250.0 4650.0 0.72762
350.0 4650.0 0.97276
450.0 4650.0 0.98654
550.0 4650.0 0.80178
650.0 4650.0 0.55651
750.0 4650.0 0.40685
850.0 4650.0 0.35870
950.0 4650.0 0.14999
1050.0 4650.0 -0.29435
1150.0 4650.0 -0.77609
1250.0 4650.0 -1.05699
1350.0 4650.0 -1.00761
1450.0 4650.0 -0.65960
1550.0 4650.0 -0.16124
1650.0 4650.0 0.30060
1750.0 4650.0 0.43083
1850.0 4650.0 0.15719
1950.0 4650.0 -0.35192
2050.0 4650.0 -0.81944
2150.0 4650.0 -0.98742
2250.0 4650.0 -0.74067
2350.0 4650.0 -0.22558
2450.0 4650.0 0.15619
2550.0 4650.0 0.15890
2650.0 4650.0 -0.17923
2750.0 4650.0 -0.64532
2850.0 4650.0 -0.96955
2950.0 4650.0 -0.94489
3050.0 4650.0 -0.54884
3150.0 4650.0 0.00883
3250.0 4650.0 0.68695
3350.0 4650.0 1.32014
3450.0 4650.0 1.64167
3550.0 4650.0 1.52782
3650.0 4650.0 1.08362
3750.0 4650.0 0.56737
3850.0 4650.0 0.15549
3950.0 4650.0 -0.15367
4050.0 4650.0 -0.23091
4150.0 4650.0 -0.06470
4250.0 4650.0 0.23258
4350.0 4650.0 0.48805
4450.0 4650.0 0.54471
4550.0 4650.0 0.35093
4650.0 4650.0 0.03209
4750.0 4650.0 -0.35648
4850.0 4650.0 -0.74296
4950.0 4650.0 -0.97969
5050.0 4650.0 -0.98329
5150.0 4650.0 -0.79279
5250.0 4650.0 -0.54073
5350.0 4650.0 -0.33734
5450.0 4650.0 -0.17931
5550.0 4650.0 -0.11192
5650.0 4650.0 -0.13094
5750.0 4650.0 -0.18187
5850.0 4650.0 -0.19653
5950.0 4650.0 -0.12389
6050.0 4650.0 0.04483
6150.0 4650.0 0.25917
6250.0 4650.0 0.44859
6350.0 4650.0 0.55462
50.0 4750.0 -0.42308
150.0 4750.0 0.02397
250.0 4750.0 0.48919
350.0 4750.0 0.86905
450.0 4750.0 1.06537
550.0 4750.0 1.06992
650.0 4750.0 0.97528
750.0 4750.0 0.91189
850.0 4750.0 0.90713
950.0 4750.0 0.70410
1050.0 4750.0 0.18959
1150.0 4750.0 -0.43452
1250.0 4750.0 -0.89149
1350.0 4750.0 -0.99736
1450.0 4750.0 -0.73783
1550.0 4750.0 -0.25441
1650.0 4750.0 0.21616
1750.0 4750.0 0.35432
1850.0 4750.0 0.07591
1950.0 4750.0 -0.46099
2050.0 4750.0 -0.97867
2150.0 4750.0 -1.20674
2250.0 4750.0 -1.01346
2350.0 4750.0 -0.54061
2450.0 4750.0 -0.20532
2550.0 4750.0 -0.25693
2650.0 4750.0 -0.64710
2750.0 4750.0 -1.15220
2850.0 4750.0 -1.49854
2950.0 4750.0 -1.48373
3050.0 4750.0 -1.09412
3150.0 4750.0 -0.54123
3250.0 4750.0 0.15633
3350.0 4750.0 0.85839
3450.0 4750.0 1.30312
3550.0 4750.0 1.34644
3650.0 4750.0 1.05520
3750.0 4750.0 0.65160
3850.0 4750.0 0.31017
3950.0 4750.0 0.05844
4050.0 4750.0 0.01993
4150.0 4750.0 0.20583
4250.0 4750.0 0.51326
4350.0 4750.0 0.78320
4450.0 4750.0 0.87073
4550.0 4750.0 0.72772
4650.0 4750.0 0.46464
4750.0 4750.0 0.07981
4850.0 4750.0 -0.40545
4950.0 4750.0 -0.84461
5050.0 4750.0 -1.10722
5150.0 4750.0 -1.15639
5250.0 4750.0 -1.05678
5350.0 4750.0 -0.91348
5450.0 4750.0 -0.77752
5550.0 4750.0 -0.66071
5650.0 4750.0 -0.54797
5750.0 4750.0 -0.41658
5850.0 4750.0 -0.25356
5950.0 4750.0 -0.06215
6050.0 4750.0 0.14249
6150.0 4750.0 0.34740
6250.0 4750.0 0.53284
6350.0 4750.0 0.64989
50.0 4850.0 -0.88416
150.0 4850.0 -0.42065
250.0 4850.0 0.07935
350.0 4850.0 0.53629
450.0 4850.0 0.86089
550.0 4850.0 1.02922
650.0 4850.0 1.09910
750.0 4850.0 1.16807
850.0 4850.0 1.26594
950.0 4850.0 1.13627
1050.0 4850.0 0.62595
1150.0 4850.0 -0.07430
1250.0 4850.0 -0.66189
1350.0 4850.0 -0.90001
1450.0 4850.0 -0.71894
1550.0 4850.0 -0.24085
1650.0 4850.0 0.26006
1750.0 4850.0 0.47884
1850.0 4850.0 0.31486
1950.0 4850.0 -0.12445
2050.0 4850.0 -0.60351
2150.0 4850.0 -0.86342
2250.0 4850.0 -0.75175
2350.0 4850.0 -0.37681
2450.0 4850.0 -0.14836
2550.0 4850.0 -0.31251
2650.0 4850.0 -0.79787
2750.0 4850.0 -1.36232
2850.0 4850.0 -1.73223
2950.0 4850.0 -1.72354
3050.0 4850.0 -1.34477
3150.0 4850.0 -0.81770
3250.0 4850.0 -0.19842
3350.0 4850.0 0.39234
3450.0 4850.0 0.75666
3550.0 4850.0 0.80050
3650.0 4850.0 0.59817
3750.0 4850.0 0.33826
3850.0 4850.0 0.15176
3950.0 4850.0 0.03558
4050.0 4850.0 0.07728
4150.0 4850.0 0.28762
4250.0 4850.0 0.59222
4350.0 4850.0 0.87294
4450.0 4850.0 1.02010
4550.0 4850.0 0.99535
4650.0 4850.0 0.87599
4750.0 4850.0 0.60654
4850.0 4850.0 0.13964
4950.0 4850.0 -0.42371
5050.0 4850.0 -0.93393
5150.0 4850.0 -1.27094
5250.0 4850.0 -1.39570
5350.0 4850.0 -1.37526
5450.0 4850.0 -1.32300
5550.0 4850.0 -1.22505
5650.0 4850.0 -1.04507
5750.0 4850.0 -0.78021
5850.0 4850.0 -0.46870
5950.0 4850.0 -0.17424
6050.0 4850.0 0.05263
6150.0 4850.0 0.23139
6250.0 4850.0 0.39606
6350.0 4850.0 0.51004
50.0 4950.0 -1.24334
150.0 4950.0 -0.77088
250.0 4950.0 -0.29890
350.0 4950.0 0.11947
450.0 4950.0 0.43988
550.0 4950.0 0.66578
650.0 4950.0 0.85045
750.0 4950.0 1.06200
850.0 4950.0 1.30395
950.0 4950.0 1.30574
1050.0 4950.0 0.88089
1150.0 4950.0 0.19509
1250.0 4950.0 -0.44305
1350.0 4950.0 -0.75781
1450.0 4950.0 -0.62619
1550.0 4950.0 -0.14159
1650.0 4950.0 0.40479
1750.0 4950.0 0.75398
1850.0 4950.0 0.78510
1950.0 4950.0 0.52698
2050.0 4950.0 0.14407
2150.0 4950.0 -0.13177
2250.0 4950.0 -0.12372
2350.0 4950.0 0.11336
2450.0 4950.0 0.19909
2550.0 4950.0 -0.09482
2650.0 4950.0 -0.66649
2750.0 4950.0 -1.25951
2850.0 4950.0 -1.61529
2950.0 4950.0 -1.58719
3050.0 4950.0 -1.21627
3150.0 4950.0 -0.73119
3250.0 4950.0 -0.27026
3350.0 4950.0 0.05786
3450.0 4950.0 0.16557
3550.0 4950.0 0.06728
3650.0 4950.0 -0.11448
3750.0 4950.0 -0.21875
3850.0 4950.0 -0.19101
3950.0 4950.0 -0.12210
4050.0 4950.0 0.00466
4150.0 4950.0 0.20015
4250.0 4950.0 0.44220
4350.0 4950.0 0.68653
4450.0 4950.0 0.88618
4550.0 4950.0 1.01948
4650.0 4950.0 1.10899
4750.0 4950.0 1.06207
4850.0 4950.0 0.76310
4950.0 4950.0 0.22485
5050.0 4950.0 -0.42812
5150.0 4950.0 -1.01304
5250.0 4950.0 -1.37686
5350.0 4950.0 -1.51851
5450.0 4950.0 -1.59938
5550.0 4950.0 -1.59320
5650.0 4950.0 -1.43579
5750.0 4950.0 -1.12573
5850.0 4950.0 -0.73532
5950.0 4950.0 -0.38098
6050.0 4950.0 -0.15288
6150.0 4950.0 -0.01284
6250.0 4950.0 0.11727
6350.0 4950.0 0.21340
50.0 5050.0 -1.29972
150.0 5050.0 -0.82975
250.0 5050.0 -0.44985
350.0 5050.0 -0.19199
450.0 5050.0 -0.02769
550.0 5050.0 0.11539
650.0 5050.0 0.32227
750.0 5050.0 0.64470
850.0 5050.0 1.03444
950.0 5050.0 1.18883
1050.0 5050.0 0.90007
1150.0 5050.0 0.30245
1250.0 5050.0 -0.30753
1350.0 5050.0 -0.63540
1450.0 5050.0 -0.51809
1550.0 5050.0 -0.01832
1650.0 5050.0 0.57496
1750.0 5050.0 1.05740
1850.0 5050.0 1.28681
1950.0 5050.0 1.21128
2050.0 5050.0 0.92290
2150.0 5050.0 0.62686
2250.0 5050.0 0.52587
2350.0 5050.0 0.62002
2450.0 5050.0 0.56921
2550.0 5050.0 0.17884
2650.0 5050.0 -0.42049
2750.0 5050.0 -0.97264
2850.0 5050.0 -1.25356
2950.0 5050.0 -1.16975
3050.0 5050.0 -0.79742
3150.0 5050.0 -0.35794
3250.0 5050.0 -0.07985
3350.0 5050.0 -0.06545
3450.0 5050.0 -0.28014
3550.0 5050.0 -0.58228
3650.0 5050.0 -0.78449
3750.0 5050.0 -0.74648
3850.0 5050.0 -0.49892
3950.0 5050.0 -0.24804
4050.0 5050.0 -0.07164
4150.0 5050.0 0.04235
4250.0 5050.0 0.14153
4350.0 5050.0 0.27915
4450.0 5050.0 0.49028
4550.0 5050.0 0.77418
4650.0 5050.0 1.08370
4750.0 5050.0 1.31195
4850.0 5050.0 1.29453
4950.0 5050.0 0.93486
5050.0 5050.0 0.29204
5150.0 5050.0 -0.42809
5250.0 5050.0 -0.97951
5350.0 5050.0 -1.27984
5450.0 5050.0 -1.50762
5550.0 5050.0 -1.63698
5650.0 5050.0 -1.57635
5750.0 5050.0 -1.30912
5850.0 5050.0 -0.91897
5950.0 5050.0 -0.55626
6050.0 5050.0 -0.34575
6150.0 5050.0 -0.24682
6250.0 5050.0 -0.15554
6350.0 5050.0 -0.08591
50.0 5150.0 -1.01252
150.0 5150.0 -0.55438
250.0 5150.0 -0.29852
350.0 5150.0 -0.26586
450.0 5150.0 -0.34970
550.0 5150.0 -0.39048
650.0 5150.0 -0.24808
750.0 5150.0 0.12860
850.0 5150.0 0.63066
950.0 5150.0 0.91128
1050.0 5150.0 0.75260
1150.0 5150.0 0.26180
1250.0 5150.0 -0.28366
1350.0 5150.0 -0.58634
1450.0 5150.0 -0.46038
1550.0 5150.0 0.05554
1650.0 5150.0 0.68281
1750.0 5150.0 1.25356
1850.0 5150.0 1.60622
1950.0 5150.0 1.63275
2050.0 5150.0 1.37970
2150.0 5150.0 1.04145
2250.0 5150.0 0.84522
2350.0 5150.0 0.82848
2450.0 5150.0 0.68563
2550.0 5150.0 0.26467
2650.0 5150.0 -0.28502
2750.0 5150.0 -0.72483
2850.0 5150.0 -0.87902
2950.0 5150.0 -0.71149
3050.0 5150.0 -0.32711
3150.0 5150.0 0.07745
3250.0 5150.0 0.21581
3350.0 5150.0 -0.00892
3450.0 5150.0 -0.46849
3550.0 5150.0 -0.92414
3650.0 5150.0 -1.13946
3750.0 5150.0 -0.99061
3850.0 5150.0 -0.57357
3950.0 5150.0 -0.19425
4050.0 5150.0 -0.02494
4150.0 5150.0 -0.05144
4250.0 5150.0 -0.15400
4350.0 5150.0 -0.17964
4450.0 5150.0 -0.01017
4550.0 5150.0 0.37413
4650.0 5150.0 0.85569
4750.0 5150.0 1.33046
4850.0 5150.0 1.61352
4950.0 5150.0 1.51014
5050.0 5150.0 0.99825
5150.0 5150.0 0.26878
5250.0 5150.0 -0.38023
5350.0 5150.0 -0.79549
5450.0 5150.0 -1.14156
5550.0 5150.0 -1.39867
5650.0 5150.0 -1.45497
5750.0 5150.0 -1.27257
5850.0 5150.0 -0.93000
5950.0 5150.0 -0.59189
6050.0 5150.0 -0.40583
6150.0 5150.0 -0.33912
6250.0 5150.0 -0.27931
6350.0 5150.0 -0.23424
50.0 5250.0 -0.50479
150.0 5250.0 -0.06123
250.0 5250.0 0.08654
350.0 5250.0 -0.08158
450.0 5250.0 -0.40068
550.0 5250.0 -0.63808
650.0 5250.0 -0.59934
750.0 5250.0 -0.22323
850.0 5250.0 0.33282
950.0 5250.0 0.67765
1050.0 5250.0 0.58840
1150.0 5250.0 0.15825
1250.0 5250.0 -0.34673
1350.0 5250.0 -0.62991
1450.0 5250.0 -0.49575
1550.0 5250.0 0.02906
1650.0 5250.0 0.66908
1750.0 5250.0 1.25611
1850.0 5250.0 1.61352
1950.0 5250.0 1.61693
2050.0 5250.0 1.30986
2150.0 5250.0 0.89992
2250.0 5250.0 0.63516
2350.0 5250.0 0.56191
2450.0 5250.0 0.38915
2550.0 5250.0 0.00500
2650.0 5250.0 -0.43582
2750.0 5250.0 -0.72396
2850.0 5250.0 -0.73339
2950.0 5250.0 -0.47597
3050.0 5250.0 -0.07261
3150.0 5250.0 0.31713
3250.0 5250.0 0.40694
3350.0 5250.0 0.10956
3450.0 5250.0 -0.40893
3550.0 5250.0 -0.87805
3650.0 5250.0 -1.05355
3750.0 5250.0 -0.82857
3850.0 5250.0 -0.32515
3950.0 5250.0 0.10352
4050.0 5250.0 0.21453
4150.0 5250.0 0.02459
4250.0 5250.0 -0.28863
4350.0 5250.0 -0.49304
4450.0 5250.0 -0.40522
4550.0 5250.0 0.00984
4650.0 5250.0 0.57840
4750.0 5250.0 1.20223
4850.0 5250.0 1.69948
4950.0 5250.0 1.81594
5050.0 5250.0 1.46531
5150.0 5250.0 0.80552
5250.0 5250.0 0.14498
5350.0 5250.0 -0.32142
5450.0 5250.0 -0.72782
5550.0 5250.0 -1.05624
5650.0 5250.0 -1.18510
5750.0 5250.0 -1.06264
5850.0 5250.0 -0.76003
5950.0 5250.0 -0.44484
6050.0 5250.0 -0.27466
6150.0 5250.0 -0.22408
6250.0 5250.0 -0.18008
6350.0 5250.0 -0.14782
50.0 5350.0 0.05066
150.0 5350.0 0.48225
250.0 5350.0 0.56119
350.0 5350.0 0.26239
450.0 5350.0 -0.21855
550.0 5350.0 -0.60412
650.0 5350.0 -0.66139
750.0 5350.0 -0.31587
850.0 5350.0 0.24666
950.0 5350.0 0.59799
1050.0 5350.0 0.50925
1150.0 5350.0 0.07261
1250.0 5350.0 -0.44365
1350.0 5350.0 -0.73830
1450.0 5350.0 -0.61096
1550.0 5350.0 -0.08662
1650.0 5350.0 0.54879
1750.0 5350.0 1.09412
1850.0 5350.0 1.36151
1950.0 5350.0 1.24255
2050.0 5350.0 0.81176
2150.0 5350.0 0.30872
2250.0 5350.0 -0.00125
2350.0 5350.0 -0.08602
2450.0 5350.0 -0.24227
2550.0 5350.0 -0.55035
2650.0 5350.0 -0.86007
2750.0 5350.0 -0.99451
2850.0 5350.0 -0.87032
2950.0 5350.0 -0.53330
3050.0 5350.0 -0.10937
3150.0 5350.0 0.28287
3250.0 5350.0 0.40623
3350.0 5350.0 0.18880
3450.0 5350.0 -0.21452
3550.0 5350.0 -0.56092
3650.0 5350.0 -0.63775
3750.0 5350.0 -0.35846
3850.0 5350.0 0.16349
3950.0 5350.0 0.58043
4050.0 5350.0 0.60750
4150.0 5350.0 0.26381
4250.0 5350.0 -0.23360
4350.0 5350.0 -0.59968
4450.0 5350.0 -0.60795
4550.0 5350.0 -0.21390
4650.0 5350.0 0.36994
4750.0 5350.0 1.04405
4850.0 5350.0 1.64006
4950.0 5350.0 1.88362
5050.0 5350.0 1.65436
5150.0 5350.0 1.07957
5250.0 5350.0 0.45390
5350.0 5350.0 -0.01475
5450.0 5350.0 -0.43001
5550.0 5350.0 -0.76697
5650.0 5350.0 -0.90243
5750.0 5350.0 -0.78353
5850.0 5350.0 -0.48187
5950.0 5350.0 -0.16679
6050.0 5350.0 0.00212
6150.0 5350.0 0.05028
6250.0 5350.0 0.09257
6350.0 5350.0 0.12489
50.0 5450.0 0.68767
150.0 5450.0 1.10926
250.0 5450.0 1.11988
350.0 5450.0 0.68422
450.0 5450.0 0.02523
550.0 5450.0 -0.53336
650.0 5450.0 -0.71405
750.0 5450.0 -0.42232
850.0 5450.0 0.12852
950.0 5450.0 0.47529
1050.0 5450.0 0.38663
1150.0 5450.0 -0.05232
1250.0 5450.0 -0.57993
1350.0 5450.0 -0.89686
1450.0 5450.0 -0.79921
1550.0 5450.0 -0.30622
1650.0 5450.0 0.29284
1750.0 5450.0 0.77492
1850.0 5450.0 0.95513
1950.0 5450.0 0.74678
2050.0 5450.0 0.24691
2150.0 5450.0 -0.29284
2250.0 5450.0 -0.61010
2350.0 5450.0 -0.68777
2450.0 5450.0 -0.81446
2550.0 5450.0 -1.04734
2650.0 5450.0 -1.24922
2750.0 5450.0 -1.27451
2850.0 5450.0 -1.07081
2950.0 5450.0 -0.70082
3050.0 5450.0 -0.28479
3150.0 5450.0 0.09463
3250.0 5450.0 0.26904
3350.0 5450.0 0.18890
3450.0 5450.0 -0.02256
3550.0 5450.0 -0.17990
3650.0 5450.0 -0.12630
3750.0 5450.0 0.19640
3850.0 5450.0 0.69809
3950.0 5450.0 1.06447
4050.0 5450.0 0.98372
4150.0 5450.0 0.48558
4250.0 5450.0 -0.17534
4350.0 5450.0 -0.67327
4450.0 5450.0 -0.75607
4550.0 5450.0 -0.38126
4650.0 5450.0 0.20628
4750.0 5450.0 0.89756
4850.0 5450.0 1.53481
4950.0 5450.0 1.84233
5050.0 5450.0 1.68777
5150.0 5450.0 1.18099
5250.0 5450.0 0.60216
5350.0 5450.0 0.15918
5450.0 5450.0 -0.23028
5550.0 5450.0 -0.52797
5650.0 5450.0 -0.61458
5750.0 5450.0 -0.44794
5850.0 5450.0 -0.10945
5950.0 5450.0 0.22716
6050.0 5450.0 0.40496
6150.0 5450.0 0.45733
6250.0 5450.0 0.50545
6350.0 5450.0 0.54263
50.0 5550.0 1.47230
150.0 5550.0 1.89195
250.0 5550.0 1.82428
350.0 5550.0 1.21068
450.0 5550.0 0.30139
550.0 5550.0 -0.51876
650.0 5550.0 -0.90397
750.0 5550.0 -0.72071
850.0 5550.0 -0.21429
950.0 5550.0 0.13011
1050.0 5550.0 0.09593
1150.0 5550.0 -0.27004
1250.0 5550.0 -0.75767
1350.0 5550.0 -1.10086
1450.0 5550.0 -1.09689
1550.0 5550.0 -0.73781
1650.0 5550.0 -0.27842
1750.0 5550.0 0.09375
1850.0 5550.0 0.24330
1950.0 5550.0 0.10793
2050.0 5550.0 -0.23998
2150.0 5550.0 -0.61530
2250.0 5550.0 -0.82588
2350.0 5550.0 -0.86018
2450.0 5550.0 -0.93689
2550.0 5550.0 -1.10881
2650.0 5550.0 -1.27663
2750.0 5550.0 -1.32594
2850.0 5550.0 -1.20541
2950.0 5550.0 -0.94864
3050.0 5550.0 -0.63972
3150.0 5550.0 -0.34135
3250.0 5550.0 -0.12394
3350.0 5550.0 0.00149
3450.0 5550.0 0.09226
3550.0 5550.0 0.22228
3650.0 5550.0 0.44480
3750.0 5550.0 0.76984
3850.0 5550.0 1.15556
3950.0 5550.0 1.37461
4050.0 5550.0 1.12417
4150.0 5550.0 0.47393
4250.0 5550.0 -0.28073
4350.0 5550.0 -0.80333
4450.0 5550.0 -0.86653
4550.0 5550.0 -0.46792
4650.0 5550.0 0.13022
4750.0 5550.0 0.79387
4850.0 5550.0 1.36259
4950.0 5550.0 1.59722
5050.0 5550.0 1.40528
5150.0 5550.0 0.91756
5250.0 5550.0 0.40844
5350.0 5550.0 0.06030
5450.0 5550.0 -0.21881
5550.0 5550.0 -0.37211
5650.0 5550.0 -0.29949
5750.0 5550.0 0.00693
5850.0 5550.0 0.44191
5950.0 5550.0 0.82993
6050.0 5550.0 1.03182
6150.0 5550.0 1.10281
6250.0 5550.0 1.17765
6350.0 5550.0 1.23712
50.0 5650.0 2.10076
150.0 5650.0 2.53544
250.0 5650.0 2.42488
350.0 5650.0 1.67789
450.0 5650.0 0.55296
550.0 5650.0 -0.51784
650.0 5650.0 -1.12210
750.0 5650.0 -1.07761
850.0 5650.0 -0.64816
950.0 5650.0 -0.30150
1050.0 5650.0 -0.21743
1150.0 5650.0 -0.42114
1250.0 5650.0 -0.80348
1350.0 5650.0 -1.16752
1450.0 5650.0 -1.31890
1550.0 5650.0 -1.19988
1650.0 5650.0 -0.99047
1750.0 5650.0 -0.79167
1850.0 5650.0 -0.64358
1950.0 5650.0 -0.57529
2050.0 5650.0 -0.57800
2150.0 5650.0 -0.60544
2250.0 5650.0 -0.60147
2350.0 5650.0 -0.55536
2450.0 5650.0 -0.55535
2550.0 5650.0 -0.66339
2650.0 5650.0 -0.84547
2750.0 5650.0 -1.02525
2850.0 5650.0 -1.13004
2950.0 5650.0 -1.12288
3050.0 5650.0 -1.02045
3150.0 5650.0 -0.87752
3250.0 5650.0 -0.65210
3350.0 5650.0 -0.30853
3450.0 5650.0 0.11971
3550.0 5650.0 0.55945
3650.0 5650.0 0.93154
3750.0 5650.0 1.18857
3850.0 5650.0 1.35488
3950.0 5650.0 1.33161
4050.0 5650.0 0.87093
4150.0 5650.0 0.11251
4250.0 5650.0 -0.61393
4350.0 5650.0 -1.00579
4450.0 5650.0 -0.92391
4550.0 5650.0 -0.44809
4650.0 5650.0 0.16833
4750.0 5650.0 0.76055
4850.0 5650.0 1.15341
4950.0 5650.0 1.18264
5050.0 5650.0 0.84718
5150.0 5650.0 0.33585
5250.0 5650.0 -0.07537
5350.0 5650.0 -0.25561
5450.0 5650.0 -0.34381
5550.0 5650.0 -0.27905
5650.0 5650.0 0.00230
5750.0 5650.0 0.46406
5850.0 5650.0 0.98410
5950.0 5650.0 1.40639
6050.0 5650.0 1.63132
6150.0 5650.0 1.73571
6250.0 5650.0 1.86632
6350.0 5650.0 1.98562
50.0 5750.0 2.25042
150.0 5750.0 2.71959
250.0 5750.0 2.64283
350.0 5750.0 1.89769
450.0 5750.0 0.71679
550.0 5750.0 -0.46546
650.0 5750.0 -1.20503
750.0 5750.0 -1.27959
850.0 5750.0 -0.94102
950.0 5750.0 -0.58678
1050.0 5750.0 -0.34405
1150.0 5750.0 -0.32764
1250.0 5750.0 -0.55735
1350.0 5750.0 -0.92727
1450.0 5750.0 -1.25771
1550.0 5750.0 -1.42981
1650.0 5750.0 -1.52788
1750.0 5750.0 -1.55280
1850.0 5750.0 -1.43046
1950.0 5750.0 -1.14439
2050.0 5750.0 -0.75532
2150.0 5750.0 -0.37887
2250.0 5750.0 -0.12159
2350.0 5750.0 0.02212
2450.0 5750.0 0.11903
2550.0 5750.0 0.09934
2650.0 5750.0 -0.08363
2750.0 5750.0 -0.40411
2850.0 5750.0 -0.76838
2950.0 5750.0 -1.05701
3050.0 5750.0 -1.20459
3150.0 5750.0 -1.25785
3250.0 5750.0 -1.07605
3350.0 5750.0 -0.58425
3450.0 5750.0 0.09529
3550.0 5750.0 0.75179
3650.0 5750.0 1.18681
3750.0 5750.0 1.30561
3850.0 5750.0 1.19699
3950.0 5750.0 0.89243
4050.0 5750.0 0.23267
4150.0 5750.0 -0.55859
4250.0 5750.0 -1.13315
4350.0 5750.0 -1.26132
4450.0 5750.0 -0.93734
4550.0 5750.0 -0.34702
4650.0 5750.0 0.29206
4750.0 5750.0 0.79517
4850.0 5750.0 0.96870
4950.0 5750.0 0.74070
5050.0 5750.0 0.22345
5150.0 5750.0 -0.32154
5250.0 5750.0 -0.61541
5350.0 5750.0 -0.59068
5450.0 5750.0 -0.45826
5550.0 5750.0 -0.18584
5650.0 5750.0 0.24347
5750.0 5750.0 0.76395
5850.0 5750.0 1.26796
5950.0 5750.0 1.65351
6050.0 5750.0 1.87902
6150.0 5750.0 2.02371
6250.0 5750.0 2.23384
6350.0 5750.0 2.45650
50.0 5850.0 1.83994
150.0 5850.0 2.35608
250.0 5850.0 2.39282
350.0 5850.0 1.80730
450.0 5850.0 0.77406
550.0 5850.0 -0.32335
650.0 5850.0 -1.05978
750.0 5850.0 -1.19470
850.0 5850.0 -0.93617
950.0 5850.0 -0.57094
1050.0 5850.0 -0.17126
1150.0 5850.0 0.06474
1250.0 5850.0 -0.00526
1350.0 5850.0 -0.36400
1450.0 5850.0 -0.84899
1550.0 5850.0 -1.28529
1650.0 5850.0 -1.66944
1750.0 5850.0 -1.93143
1850.0 5850.0 -1.89916
1950.0 5850.0 -1.50096
2050.0 5850.0 -0.83805
2150.0 5850.0 -0.15218
2250.0 5850.0 0.31151
2350.0 5850.0 0.54248
2450.0 5850.0 0.74040
2550.0 5850.0 0.84257
2650.0 5850.0 0.72538
2750.0 5850.0 0.35208
2850.0 5850.0 -0.18474
2950.0 5850.0 -0.70565
3050.0 5850.0 -1.07162
3150.0 5850.0 -1.30956
3250.0 5850.0 -1.21426
3350.0 5850.0 -0.69021
3450.0 5850.0 0.07841
3550.0 5850.0 0.79190
3650.0 5850.0 1.17987
3750.0 5850.0 1.12423
3850.0 5850.0 0.75839
3950.0 5850.0 0.20662
4050.0 5850.0 -0.59636
4150.0 5850.0 -1.35106
4250.0 5850.0 -1.70810
4350.0 5850.0 -1.52560
4450.0 5850.0 -0.93685
4550.0 5850.0 -0.22837
4650.0 5850.0 0.43243
4750.0 5850.0 0.86258
4850.0 5850.0 0.85615
4950.0 5850.0 0.42225
5050.0 5850.0 -0.23080
5150.0 5850.0 -0.78310
5250.0 5850.0 -0.95801
5350.0 5850.0 -0.74397
5450.0 5850.0 -0.42485
5550.0 5850.0 -0.03157
5650.0 5850.0 0.40747
5750.0 5850.0 0.82803
5850.0 5850.0 1.17684
5950.0 5850.0 1.43676
6050.0 5850.0 1.63050
6150.0 5850.0 1.81148
6250.0 5850.0 2.10822
6350.0 5850.0 2.46254
50.0 5950.0 1.07936
150.0 5950.0 1.64123
250.0 5950.0 1.83247
350.0 5950.0 1.50478
450.0 5950.0 0.76131
550.0 5950.0 -0.09924
650.0 5950.0 -0.71042
750.0 5950.0 -0.83779
850.0 5950.0 -0.62868
950.0 5950.0 -0.25281
1050.0 5950.0 0.25974
1150.0 5950.0 0.65511
1250.0 5950.0 0.70682
1350.0 5950.0 0.36951
1450.0 5950.0 -0.20886
1550.0 5950.0 -0.81641
1650.0 5950.0 -1.39540
1750.0 5950.0 -1.86279
1850.0 5950.0 -1.99236
1950.0 5950.0 -1.65528
2050.0 5950.0 -0.94368
2150.0 5950.0 -0.14796
2250.0 5950.0 0.41186
2350.0 5950.0 0.69688
2450.0 5950.0 0.98124
2550.0 5950.0 1.23051
2650.0 5950.0 1.26559
2750.0 5950.0 0.98210
2850.0 5950.0 0.43848
2950.0 5950.0 -0.17182
3050.0 5950.0 -0.66398
3150.0 5950.0 -1.02743
3250.0 5950.0 -1.03001
3350.0 5950.0 -0.57626
3450.0 5950.0 0.12615
3550.0 5950.0 0.75198
3650.0 5950.0 1.01657
3750.0 5950.0 0.80423
3850.0 5950.0 0.26480
3950.0 5950.0 -0.44288
4050.0 5950.0 -1.31659
4150.0 5950.0 -2.00779
4250.0 5950.0 -2.17571
4350.0 5950.0 -1.74848
4450.0 5950.0 -0.96062
4550.0 5950.0 -0.16677
4650.0 5950.0 0.50986
4750.0 5950.0 0.90946
4850.0 5950.0 0.82694
4950.0 5950.0 0.31753
5050.0 5950.0 -0.36291
5150.0 5950.0 -0.87256
5250.0 5950.0 -0.94607
5350.0 5950.0 -0.60438
5450.0 5950.0 -0.18002
5550.0 5950.0 0.21431
5650.0 5950.0 0.51773
5750.0 5950.0 0.69919
5850.0 5950.0 0.78749
5950.0 5950.0 0.86107
6050.0 5950.0 0.99750
6150.0 5950.0 1.20162
6250.0 5950.0 1.57126
6350.0 5950.0 2.05510
50.0 6050.0 0.31018
150.0 6050.0 0.90462
250.0 6050.0 1.23857
350.0 6050.0 1.17056
450.0 6050.0 0.74185
550.0 6050.0 0.16454
650.0 6050.0 -0.26670
750.0 6050.0 -0.33943
850.0 6050.0 -0.14438
950.0 6050.0 0.23853
1050.0 6050.0 0.80037
1150.0 6050.0 1.26660
1250.0 6050.0 1.37745
1350.0 6050.0 1.06120
1450.0 6050.0 0.45761
1550.0 6050.0 -0.20832
1650.0 6050.0 -0.86675
1750.0 6050.0 -1.48064
1850.0 6050.0 -1.81966
1950.0 6050.0 -1.70380
2050.0 6050.0 -1.16906
2150.0 6050.0 -0.47254
2250.0 6050.0 0.06300
2350.0 6050.0 0.36240
2450.0 6050.0 0.70794
2550.0 6050.0 1.11118
2650.0 6050.0 1.36576
2750.0 6050.0 1.30300
2850.0 6050.0 0.91858
2950.0 6050.0 0.37235
3050.0 6050.0 -0.13844
3150.0 6050.0 -0.55045
3250.0 6050.0 -0.62877
3350.0 6050.0 -0.29154
3450.0 6050.0 0.26254
3550.0 6050.0 0.73206
3650.0 6050.0 0.86039
3750.0 6050.0 0.55041
3850.0 6050.0 -0.05508
3950.0 6050.0 -0.81475
4050.0 6050.0 -1.70280
4150.0 6050.0 -2.35376
4250.0 6050.0 -2.43412
4350.0 6050.0 -1.90227
4450.0 6050.0 -1.03285
4550.0 6050.0 -0.20542
4650.0 6050.0 0.47917
4750.0 6050.0 0.89626
4850.0 6050.0 0.85533
4950.0 6050.0 0.41646
5050.0 6050.0 -0.17292
5150.0 6050.0 -0.59004
5250.0 6050.0 -0.58955
5350.0 6050.0 -0.19707
5450.0 6050.0 0.24291
5550.0 6050.0 0.54012
5650.0 6050.0 0.61869
5750.0 6050.0 0.49943
5850.0 6050.0 0.29801
5950.0 6050.0 0.17631
6050.0 6050.0 0.24704
6150.0 6050.0 0.45852
6250.0 6050.0 0.87438
6350.0 6050.0 1.45882
50.0 6150.0 -0.34227
150.0 6150.0 0.27080
250.0 6150.0 0.72193
350.0 6150.0 0.88242
450.0 6150.0 0.74366
550.0 6150.0 0.43986
650.0 6150.0 0.19488
750.0 6150.0 0.19299
850.0 6150.0 0.39158
950.0 6150.0 0.77736
1050.0 6150.0 1.34959
1150.0 6150.0 1.83259
1250.0 6150.0 1.96233
1350.0 6150.0 1.66182
1450.0 6150.0 1.06699
1550.0 6150.0 0.40285
1650.0 6150.0 -0.27191
1750.0 6150.0 -0.99370
1850.0 6150.0 -1.55323
1950.0 6150.0 -1.72499
2050.0 6150.0 -1.46849
2150.0 6150.0 -0.96850
2250.0 6150.0 -0.51445
2350.0 6150.0 -0.21978
2450.0 6150.0 0.17226
2550.0 6150.0 0.72490
2650.0 6150.0 1.21949
2750.0 6150.0 1.42829
2850.0 6150.0 1.27407
2950.0 6150.0 0.86233
3050.0 6150.0 0.38608
3150.0 6150.0 -0.03367
3250.0 6150.0 -0.16737
3350.0 6150.0 0.04949
3450.0 6150.0 0.44043
3550.0 6150.0 0.74640
3650.0 6150.0 0.75325
3750.0 6150.0 0.38669
3850.0 6150.0 -0.22710
3950.0 6150.0 -0.98588
4050.0 6150.0 -1.86606
4150.0 6150.0 -2.50290
4250.0 6150.0 -2.56704
4350.0 6150.0 -2.02193
4450.0 6150.0 -1.14590
4550.0 6150.0 -0.31887
4650.0 6150.0 0.36578
4750.0 6150.0 0.82104
4850.0 6150.0 0.87867
4950.0 6150.0 0.58334
5050.0 6150.0 0.14558
5150.0 6150.0 -0.15249
5250.0 6150.0 -0.09121
5350.0 6150.0 0.31273
5450.0 6150.0 0.72557
5550.0 6150.0 0.89009
5650.0 6150.0 0.72449
5750.0 6150.0 0.30449
5850.0 6150.0 -0.17378
5950.0 6150.0 -0.47826
6050.0 6150.0 -0.47304
6150.0 6150.0 -0.26439
6250.0 6150.0 0.17781
6350.0 6150.0 0.83648
50.0 6250.0 -0.89329
150.0 6250.0 -0.33047
250.0 6250.0 0.19046
350.0 6250.0 0.57377
450.0 6250.0 0.76473
550.0 6250.0 0.80168
650.0 6250.0 0.80483
750.0 6250.0 0.90184
850.0 6250.0 1.10330
950.0 6250.0 1.46859
1050.0 6250.0 1.99544
1150.0 6250.0 2.42608
1250.0 6250.0 2.51971
1350.0 6250.0 2.21365
1450.0 6250.0 1.64333
1550.0 6250.0 1.02083
1650.0 6250.0 0.37580
1750.0 6250.0 -0.40470
1850.0 6250.0 -1.13794
1950.0 6250.0 -1.56021
2050.0 6250.0 -1.55715
2150.0 6250.0 -1.23739
2250.0 6250.0 -0.84949
2350.0 6250.0 -0.54132
2450.0 6250.0 -0.09705
2550.0 6250.0 0.57692
2650.0 6250.0 1.24834
2750.0 6250.0 1.64614
2850.0 6250.0 1.64512
2950.0 6250.0 1.31936
3050.0 6250.0 0.86442
3150.0 6250.0 0.43584
3250.0 6250.0 0.23380
3350.0 6250.0 0.30473
3450.0 6250.0 0.50398
3550.0 6250.0 0.62590
3650.0 6250.0 0.50568
3750.0 6250.0 0.09170
3850.0 6250.0 -0.51312
3950.0 6250.0 -1.24430
4050.0 6250.0 -2.07770
4150.0 6250.0 -2.67156
4250.0 6250.0 -2.72331
4350.0 6250.0 -2.20723
4450.0 6250.0 -1.39132
4550.0 6250.0 -0.63352
4650.0 6250.0 -0.01200
4750.0 6250.0 0.42731
4850.0 6250.0 0.55730
4950.0 6250.0 0.41920
5050.0 6250.0 0.18050
5150.0 6250.0 0.05902
5250.0 6250.0 0.21984
5350.0 6250.0 0.64516
5450.0 6250.0 1.04188
5550.0 6250.0 1.10752
5650.0 6250.0 0.74542
5750.0 6250.0 0.06633
5850.0 6250.0 -0.66946
5950.0 6250.0 -1.16483
6050.0 6250.0 -1.25346
6150.0 6250.0 -1.08436
6250.0 6250.0 -0.67481
6350.0 6250.0 -0.01841
50.0 6350.0 -1.17209
150.0 6350.0 -0.78728
250.0 6350.0 -0.31315
350.0 6350.0 0.21953
450.0 6350.0 0.73005
550.0 6350.0 1.15027
650.0 6350.0 1.45823
750.0 6350.0 1.68258
850.0 6350.0 1.88326
950.0 6350.0 2.19085
1050.0 6350.0 2.58794
1150.0 6350.0 2.86559
1250.0 6350.0 2.84837
1350.0 6350.0 2.51573
1450.0 6350.0 2.00439
1550.0 6350.0 1.49179
1650.0 6350.0 0.95544
1750.0 6350.0 0.21394
1850.0 6350.0 -0.58178
1950.0 6350.0 -1.14784
2050.0 6350.0 -1.31174
2150.0 6350.0 -1.11118
2250.0 6350.0 -0.74739
2350.0 6350.0 -0.39101
2450.0 6350.0 0.11312
2550.0 6350.0 0.84677
2650.0 6350.0 1.56143
2750.0 6350.0 1.97510
2850.0 6350.0 1.96571
2950.0 6350.0 1.62296
3050.0 6350.0 1.15867
3150.0 6350.0 0.71807
3250.0 6350.0 0.43999
3350.0 6350.0 0.35745
3450.0 6350.0 0.36661
3550.0 6350.0 0.32002
3650.0 6350.0 0.09970
3750.0 6350.0 -0.33114
3850.0 6350.0 -0.89867
3950.0 6350.0 -1.55733
4050.0 6350.0 -2.27055
4150.0 6350.0 -2.75797
4250.0 6350.0 -2.78664
4350.0 6350.0 -2.35706
4450.0 6350.0 -1.70753
4550.0 6350.0 -1.13658
4650.0 6350.0 -0.69086
4750.0 6350.0 -0.37757
4850.0 6350.0 -0.25587
4950.0 6350.0 -0.26018
5050.0 6350.0 -0.26393
5150.0 6350.0 -0.14234
5250.0 6350.0 0.17128
5350.0 6350.0 0.63601
5450.0 6350.0 1.04540
5550.0 6350.0 1.10180
5650.0 6350.0 0.67817
5750.0 6350.0 -0.12633
5850.0 6350.0 -1.03177
5950.0 6350.0 -1.69768
6050.0 6350.0 -1.91799
6150.0 6350.0 -1.85273
6250.0 6350.0 -1.58525
6350.0 6350.0 -1.08127
