50.0 50.0 0.00000
150.0 50.0 0.01558
250.0 50.0 0.03518
350.0 50.0 0.05354
450.0 50.0 0.06309
550.0 50.0 0.05962
650.0 50.0 0.04461
750.0 50.0 0.02430
850.0 50.0 0.00554
950.0 50.0 -0.01791
1050.0 50.0 -0.10439
1150.0 50.0 -0.25553
1250.0 50.0 -0.40670
1350.0 50.0 -0.48730
1450.0 50.0 -0.45847
1550.0 50.0 -0.32716
1650.0 50.0 -0.13645
1750.0 50.0 0.06713
1850.0 50.0 0.24265
1950.0 50.0 0.33428
2050.0 50.0 0.31785
2150.0 50.0 0.21073
2250.0 50.0 0.06575
2350.0 50.0 -0.04690
2450.0 50.0 -0.06979
2550.0 50.0 -0.00029
2650.0 50.0 0.10209
2750.0 50.0 0.23098
2850.0 50.0 0.35189
2950.0 50.0 0.41508
3050.0 50.0 0.39262
3150.0 50.0 0.29408
3250.0 50.0 0.16047
3350.0 50.0 0.03687
3450.0 50.0 -0.07497
3550.0 50.0 -0.21171
3650.0 50.0 -0.35229
3750.0 50.0 -0.44304
3850.0 50.0 -0.44479
3950.0 50.0 -0.35672
4050.0 50.0 -0.21668
4150.0 50.0 -0.07804
4250.0 50.0 0.03572
4350.0 50.0 0.11081
4450.0 50.0 0.10373
4550.0 50.0 0.02277
4650.0 50.0 -0.08890
4750.0 50.0 -0.17725
4850.0 50.0 -0.19775
4950.0 50.0 -0.13203
5050.0 50.0 -0.00092
5150.0 50.0 0.16042
5250.0 50.0 0.36633
5350.0 50.0 0.56197
5450.0 50.0 0.66661
5550.0 50.0 0.63390
5650.0 50.0 0.47755
5750.0 50.0 0.26242
5850.0 50.0 0.06103
5950.0 50.0 -0.11730
6050.0 50.0 -0.28923
6150.0 50.0 -0.41623
6250.0 50.0 -0.45532
6350.0 50.0 -0.39394
50.0 150.0 -0.16054
150.0 150.0 -0.14555
250.0 150.0 -0.11285
350.0 150.0 -0.06423
450.0 150.0 -0.01199
550.0 150.0 0.03008
650.0 150.0 0.05281
750.0 150.0 0.05464
850.0 150.0 0.04168
950.0 150.0 0.01836
1050.0 150.0 -0.05576
1150.0 150.0 -0.17436
1250.0 150.0 -0.27621
1350.0 150.0 -0.30097
1450.0 150.0 -0.22242
1550.0 150.0 -0.05795
1650.0 150.0 0.14574
1750.0 150.0 0.34975
1850.0 150.0 0.52367
1950.0 150.0 0.61145
2050.0 150.0 0.58869
2150.0 150.0 0.47363
2250.0 150.0 0.32054
2350.0 150.0 0.20115
2450.0 150.0 0.17392
2550.0 150.0 0.24122
2650.0 150.0 0.34183
2750.0 150.0 0.46901
2850.0 150.0 0.58895
2950.0 150.0 0.65257
3050.0 150.0 0.63208
3150.0 150.0 0.53649
3250.0 150.0 0.40587
3350.0 150.0 0.28451
3450.0 150.0 0.17231
3550.0 150.0 0.01230
3650.0 150.0 -0.18914
3750.0 150.0 -0.37229
3850.0 150.0 -0.47901
3950.0 150.0 -0.48492
4050.0 150.0 -0.40825
4150.0 150.0 -0.29532
4250.0 150.0 -0.18353
4350.0 150.0 -0.09715
4450.0 150.0 -0.06623
4550.0 150.0 -0.08347
4650.0 150.0 -0.11832
4750.0 150.0 -0.13421
4850.0 150.0 -0.10238
4950.0 150.0 -0.01244
5050.0 150.0 0.12027
5150.0 150.0 0.27765
5250.0 150.0 0.47748
5350.0 150.0 0.66544
5450.0 150.0 0.76257
5550.0 150.0 0.72420
5650.0 150.0 0.56494
5750.0 150.0 0.34943
5850.0 150.0 0.14912
5950.0 150.0 -0.02815
6050.0 150.0 -0.20304
6150.0 150.0 -0.33932
6250.0 150.0 -0.39272
6350.0 150.0 -0.34721
50.0 250.0 -0.31886
150.0 250.0 -0.31898
250.0 250.0 -0.27937
350.0 250.0 -0.19435
450.0 250.0 -0.08199
550.0 250.0 0.02901
650.0 250.0 0.11094
750.0 250.0 0.14711
850.0 250.0 0.14032
950.0 250.0 0.11213
1050.0 250.0 0.04648
1150.0 250.0 -0.04122
1250.0 250.0 -0.09302
1350.0 250.0 -0.05969
1450.0 250.0 0.07091
1550.0 250.0 0.26945
1650.0 250.0 0.48470
1750.0 250.0 0.68601
1850.0 250.0 0.85145
1950.0 250.0 0.91911
2050.0 250.0 0.86350
2150.0 250.0 0.70709
2250.0 250.0 0.51163
2350.0 250.0 0.35690
2450.0 250.0 0.30665
2550.0 250.0 0.36197
2650.0 250.0 0.45350
2750.0 250.0 0.57481
2850.0 250.0 0.69661
2950.0 250.0 0.77233
3050.0 250.0 0.77277
3150.0 250.0 0.70174
3250.0 250.0 0.59245
3350.0 250.0 0.48484
3450.0 250.0 0.38021
3550.0 250.0 0.20501
3650.0 250.0 -0.05008
3750.0 250.0 -0.32098
3850.0 250.0 -0.53141
3950.0 250.0 -0.63284
4050.0 250.0 -0.62203
4150.0 250.0 -0.53624
4250.0 250.0 -0.42634
4350.0 250.0 -0.32669
4450.0 250.0 -0.25357
4550.0 250.0 -0.20418
4650.0 250.0 -0.16445
4750.0 250.0 -0.11693
4850.0 250.0 -0.04735
4950.0 250.0 0.05007
5050.0 250.0 0.16849
5150.0 250.0 0.30732
5250.0 250.0 0.49220
5350.0 250.0 0.67497
5450.0 250.0 0.78054
5550.0 250.0 0.76297
5650.0 250.0 0.63022
5750.0 250.0 0.43774
5850.0 250.0 0.25086
5950.0 250.0 0.08062
6050.0 250.0 -0.09765
6150.0 250.0 -0.25309
6250.0 250.0 -0.33728
6350.0 250.0 -0.32513
50.0 350.0 -0.43099
150.0 350.0 -0.46505
250.0 350.0 -0.43250
350.0 350.0 -0.31637
450.0 350.0 -0.13977
550.0 350.0 0.05082
650.0 350.0 0.20353
750.0 350.0 0.28032
850.0 350.0 0.27761
950.0 350.0 0.23813
1050.0 350.0 0.17268
1150.0 350.0 0.10520
1250.0 350.0 0.09133
1350.0 350.0 0.17086
1450.0 350.0 0.34335
1550.0 350.0 0.56833
1650.0 350.0 0.78988
1750.0 350.0 0.98442
1850.0 350.0 1.13584
1950.0 350.0 1.17321
2050.0 350.0 1.06879
2150.0 350.0 0.85035
2250.0 350.0 0.59008
2350.0 350.0 0.37950
2450.0 350.0 0.29067
2550.0 350.0 0.32342
2650.0 350.0 0.39644
2750.0 350.0 0.50396
2850.0 350.0 0.62534
2950.0 350.0 0.71967
3050.0 350.0 0.75614
3150.0 350.0 0.72943
3250.0 350.0 0.65994
3350.0 350.0 0.57897
3450.0 350.0 0.49208
3550.0 350.0 0.31792
3650.0 350.0 0.03384
3750.0 350.0 -0.29537
3850.0 350.0 -0.58122
3950.0 350.0 -0.75621
4050.0 350.0 -0.79831
4150.0 350.0 -0.73495
4250.0 350.0 -0.62635
4350.0 350.0 -0.51321
4450.0 350.0 -0.40037
4550.0 350.0 -0.29373
4650.0 350.0 -0.19797
4750.0 350.0 -0.11333
4850.0 350.0 -0.03517
4950.0 350.0 0.04363
5050.0 350.0 0.12734
5150.0 350.0 0.22944
5250.0 350.0 0.38609
5350.0 350.0 0.56174
5450.0 350.0 0.68861
5550.0 350.0 0.71716
5650.0 350.0 0.64111
5750.0 350.0 0.49686
5850.0 350.0 0.33748
5950.0 350.0 0.18167
6050.0 350.0 0.00148
6150.0 350.0 -0.18015
6250.0 350.0 -0.30777
6350.0 350.0 -0.34187
50.0 450.0 -0.45515
150.0 450.0 -0.53759
250.0 450.0 -0.52993
350.0 450.0 -0.40286
450.0 450.0 -0.18139
550.0 450.0 0.07305
650.0 450.0 0.28561
750.0 450.0 0.39623
850.0 450.0 0.39289
950.0 450.0 0.33727
1050.0 450.0 0.26181
1150.0 450.0 0.19595
1250.0 450.0 0.19488
1350.0 450.0 0.29350
1450.0 450.0 0.48409
1550.0 450.0 0.71900
1650.0 450.0 0.93869
1750.0 450.0 1.12336
1850.0 450.0 1.26058
1950.0 450.0 1.27314
2050.0 450.0 1.13012
2150.0 450.0 0.86140
2250.0 450.0 0.54585
2350.0 450.0 0.28397
2450.0 450.0 0.15521
2550.0 450.0 0.15981
2650.0 450.0 0.20719
2750.0 450.0 0.29178
2850.0 450.0 0.40376
2950.0 450.0 0.51120
3050.0 450.0 0.58369
3150.0 450.0 0.60639
3250.0 450.0 0.58437
3350.0 450.0 0.53742
3450.0 450.0 0.47588
3550.0 450.0 0.32216
3650.0 450.0 0.04659
3750.0 450.0 -0.29000
3850.0 450.0 -0.59720
3950.0 450.0 -0.79987
4050.0 450.0 -0.86534
4150.0 450.0 -0.81282
4250.0 450.0 -0.70442
4350.0 450.0 -0.58054
4450.0 450.0 -0.43950
4550.0 450.0 -0.29877
4650.0 450.0 -0.18021
4750.0 450.0 -0.09622
4850.0 450.0 -0.04421
4950.0 450.0 -0.00934
5050.0 450.0 0.02430
5150.0 450.0 0.07660
5250.0 450.0 0.19273
5350.0 450.0 0.35358
5450.0 450.0 0.50198
5550.0 450.0 0.58511
5650.0 450.0 0.57917
5750.0 450.0 0.49612
5850.0 450.0 0.37259
5950.0 450.0 0.23650
6050.0 450.0 0.05796
6150.0 450.0 -0.14824
6250.0 450.0 -0.31832
6350.0 450.0 -0.39663
50.0 550.0 -0.38311
150.0 550.0 -0.51838
250.0 550.0 -0.55051
350.0 550.0 -0.43987
450.0 550.0 -0.20908
550.0 550.0 0.07292
650.0 550.0 0.31600
750.0 550.0 0.44310
850.0 550.0 0.43360
950.0 550.0 0.36042
1050.0 550.0 0.26673
1150.0 550.0 0.18309
1250.0 550.0 0.16622
1350.0 550.0 0.25197
1450.0 550.0 0.43224
1550.0 550.0 0.65797
1650.0 550.0 0.86787
1750.0 550.0 1.04171
1850.0 550.0 1.17008
1950.0 550.0 1.17695
2050.0 550.0 1.02794
2150.0 550.0 0.74877
2250.0 550.0 0.41600
2350.0 550.0 0.13080
2450.0 550.0 -0.02442
2550.0 550.0 -0.04634
2650.0 550.0 -0.02670
2750.0 550.0 0.02812
2850.0 550.0 0.11843
2950.0 550.0 0.22352
3050.0 550.0 0.31682
3150.0 550.0 0.37728
3250.0 550.0 0.39660
3350.0 550.0 0.38263
3450.0 550.0 0.34862
3550.0 550.0 0.23044
3650.0 550.0 -0.00066
3750.0 550.0 -0.29161
3850.0 550.0 -0.56096
3950.0 550.0 -0.73898
4050.0 550.0 -0.79290
4150.0 550.0 -0.73716
4250.0 550.0 -0.62782
4350.0 550.0 -0.49783
4450.0 550.0 -0.34479
4550.0 550.0 -0.19809
4650.0 550.0 -0.09195
4750.0 550.0 -0.04343
4850.0 550.0 -0.04456
4950.0 550.0 -0.06841
5050.0 550.0 -0.08923
5150.0 550.0 -0.08958
5250.0 550.0 -0.02055
5350.0 550.0 0.11496
5450.0 550.0 0.27234
5550.0 550.0 0.39828
5650.0 550.0 0.45382
5750.0 550.0 0.42765
5850.0 550.0 0.33940
5950.0 550.0 0.22413
6050.0 550.0 0.05157
6150.0 550.0 -0.16950
6250.0 550.0 -0.36773
6350.0 550.0 -0.47400
50.0 650.0 -0.24839
150.0 650.0 -0.42915
250.0 650.0 -0.50665
350.0 650.0 -0.43507
450.0 650.0 -0.23107
550.0 650.0 0.03767
650.0 650.0 0.27645
750.0 650.0 0.39979
850.0 650.0 0.38017
950.0 650.0 0.29204
1050.0 650.0 0.17739
1150.0 650.0 0.06416
1250.0 650.0 0.01189
1350.0 650.0 0.06179
1450.0 650.0 0.21113
1550.0 650.0 0.41427
1650.0 650.0 0.61008
1750.0 650.0 0.77469
1850.0 650.0 0.90265
1950.0 650.0 0.92810
2050.0 650.0 0.81372
2150.0 650.0 0.57439
2250.0 650.0 0.27413
2350.0 650.0 0.00458
2450.0 650.0 -0.15486
2550.0 650.0 -0.19527
2650.0 650.0 -0.19957
2750.0 650.0 -0.17618
2850.0 650.0 -0.11773
2950.0 650.0 -0.03360
3050.0 650.0 0.05691
3150.0 650.0 0.13203
3250.0 650.0 0.17558
3350.0 650.0 0.18575
3450.0 650.0 0.17508
3550.0 650.0 0.09681
3650.0 650.0 -0.07089
3750.0 650.0 -0.28409
3850.0 650.0 -0.47693
3950.0 650.0 -0.59426
4050.0 650.0 -0.61155
4150.0 650.0 -0.54218
4250.0 650.0 -0.43119
4350.0 650.0 -0.29960
4450.0 650.0 -0.14835
4550.0 650.0 -0.01653
4650.0 650.0 0.05526
4750.0 650.0 0.05147
4850.0 650.0 -0.01050
4950.0 650.0 -0.09108
5050.0 650.0 -0.15801
5150.0 650.0 -0.20261
5250.0 650.0 -0.17877
5350.0 650.0 -0.07740
5450.0 650.0 0.06927
5550.0 650.0 0.21139
5650.0 650.0 0.30179
5750.0 650.0 0.31301
5850.0 650.0 0.25091
5950.0 650.0 0.15295
6050.0 650.0 -0.01041
6150.0 650.0 -0.23288
6250.0 650.0 -0.43803
6350.0 650.0 -0.54899
50.0 750.0 -0.11123
150.0 750.0 -0.32103
250.0 750.0 -0.43754
350.0 750.0 -0.41348
450.0 750.0 -0.25820
550.0 750.0 -0.03149
650.0 750.0 0.17678
750.0 750.0 0.28141
850.0 750.0 0.25098
950.0 750.0 0.15357
1050.0 750.0 0.02203
1150.0 750.0 -0.11992
1250.0 750.0 -0.20990
1350.0 750.0 -0.20010
1450.0 750.0 -0.08586
1550.0 750.0 0.09267
1650.0 750.0 0.27563
1750.0 750.0 0.43455
1850.0 750.0 0.57029
1950.0 750.0 0.63402
2050.0 750.0 0.58647
2150.0 750.0 0.42747
2250.0 750.0 0.20108
2350.0 750.0 -0.01845
2450.0 750.0 -0.15990
2550.0 750.0 -0.20748
2650.0 750.0 -0.22742
2750.0 750.0 -0.23103
2850.0 750.0 -0.20835
2950.0 750.0 -0.15939
3050.0 750.0 -0.09427
3150.0 750.0 -0.02994
3250.0 750.0 0.01642
3350.0 750.0 0.03742
3450.0 750.0 0.04110
3550.0 750.0 -0.00578
3650.0 750.0 -0.11652
3750.0 750.0 -0.25456
3850.0 750.0 -0.36928
3950.0 750.0 -0.42144
4050.0 750.0 -0.39743
4150.0 750.0 -0.31206
4250.0 750.0 -0.19945
4350.0 750.0 -0.06878
4450.0 750.0 0.07500
4550.0 750.0 0.18714
4650.0 750.0 0.22533
4750.0 750.0 0.17784
4850.0 750.0 0.07042
4950.0 750.0 -0.04841
5050.0 750.0 -0.14339
5150.0 750.0 -0.21562
5250.0 750.0 -0.22709
5350.0 750.0 -0.16325
5450.0 750.0 -0.04631
5550.0 750.0 0.08095
5650.0 750.0 0.17192
5750.0 750.0 0.19337
5850.0 750.0 0.14316
5950.0 750.0 0.05571
6050.0 750.0 -0.09772
6150.0 750.0 -0.30975
6250.0 750.0 -0.50210
6350.0 750.0 -0.59680
50.0 850.0 -0.02051
150.0 850.0 -0.24139
250.0 850.0 -0.38327
350.0 850.0 -0.40097
450.0 850.0 -0.29728
550.0 850.0 -0.12168
650.0 850.0 0.04594
750.0 850.0 0.12642
850.0 850.0 0.08731
950.0 850.0 -0.01327
1050.0 850.0 -0.15364
1150.0 850.0 -0.31364
1250.0 850.0 -0.42906
1350.0 850.0 -0.44720
1450.0 850.0 -0.35763
1550.0 850.0 -0.19597
1650.0 850.0 -0.02067
1750.0 850.0 0.13645
1850.0 850.0 0.28508
1950.0 850.0 0.39617
2050.0 850.0 0.42964
2150.0 850.0 0.36942
2250.0 850.0 0.23709
2350.0 850.0 0.08619
2450.0 850.0 -0.02293
2550.0 850.0 -0.06769
2650.0 850.0 -0.09429
2750.0 850.0 -0.11721
2850.0 850.0 -0.12778
2950.0 850.0 -0.11973
3050.0 850.0 -0.09386
3150.0 850.0 -0.05870
3250.0 850.0 -0.02684
3350.0 850.0 -0.00718
3450.0 850.0 0.00116
3550.0 850.0 -0.03013
3650.0 850.0 -0.10827
3750.0 850.0 -0.20051
3850.0 850.0 -0.26556
3950.0 850.0 -0.27482
4050.0 850.0 -0.22273
4150.0 850.0 -0.12621
4250.0 850.0 -0.01259
4350.0 850.0 0.11708
4450.0 850.0 0.25619
4550.0 850.0 0.35835
4650.0 850.0 0.38148
4750.0 850.0 0.31617
4850.0 850.0 0.19166
4950.0 850.0 0.05970
5050.0 850.0 -0.04389
5150.0 850.0 -0.12643
5250.0 850.0 -0.16046
5350.0 850.0 -0.13204
5450.0 850.0 -0.05665
5550.0 850.0 0.03211
5650.0 850.0 0.09531
5750.0 850.0 0.10327
5850.0 850.0 0.05167
5950.0 850.0 -0.03234
6050.0 850.0 -0.17733
6150.0 850.0 -0.37253
6250.0 850.0 -0.54053
6350.0 850.0 -0.60722
50.0 950.0 0.03844
150.0 950.0 -0.18500
250.0 950.0 -0.34430
350.0 950.0 -0.39769
450.0 950.0 -0.34248
550.0 950.0 -0.21769
650.0 950.0 -0.09190
750.0 950.0 -0.03629
850.0 950.0 -0.08290
950.0 950.0 -0.18424
1050.0 950.0 -0.32965
1150.0 950.0 -0.50182
1250.0 950.0 -0.63516
1350.0 950.0 -0.67326
1450.0 950.0 -0.60122
1550.0 950.0 -0.45109
1650.0 950.0 -0.28023
1750.0 950.0 -0.12294
1850.0 950.0 0.03989
1950.0 950.0 0.19875
2050.0 950.0 0.31341
2150.0 950.0 0.35284
2250.0 950.0 0.31681
2350.0 950.0 0.23819
2450.0 950.0 0.16598
2550.0 950.0 0.12890
2650.0 950.0 0.10098
2750.0 950.0 0.06542
2850.0 950.0 0.02798
2950.0 950.0 -0.00112
3050.0 950.0 -0.01478
3150.0 950.0 -0.01269
3250.0 950.0 -0.00100
3350.0 950.0 0.01204
3450.0 950.0 0.01999
3550.0 950.0 -0.00554
3650.0 950.0 -0.06787
3750.0 950.0 -0.13572
3850.0 950.0 -0.17273
3950.0 950.0 -0.15659
4050.0 950.0 -0.08714
4150.0 950.0 0.01667
4250.0 950.0 0.13122
4350.0 950.0 0.26095
4450.0 950.0 0.39943
4550.0 950.0 0.50015
4650.0 950.0 0.52128
4750.0 950.0 0.45381
4850.0 950.0 0.32752
4950.0 950.0 0.19452
5050.0 950.0 0.09058
5150.0 950.0 0.00492
5250.0 950.0 -0.04566
5350.0 950.0 -0.05025
5450.0 950.0 -0.01922
5550.0 950.0 0.02329
5650.0 950.0 0.04855
5750.0 950.0 0.03396
5850.0 950.0 -0.02455
5950.0 950.0 -0.10835
6050.0 950.0 -0.24607
6150.0 950.0 -0.42294
6250.0 950.0 -0.56380
6350.0 950.0 -0.60050
50.0 1050.0 0.08464
150.0 1050.0 -0.13187
250.0 1050.0 -0.30009
350.0 1050.0 -0.38411
450.0 1050.0 -0.37754
550.0 1050.0 -0.30877
650.0 1050.0 -0.23268
750.0 1050.0 -0.20892
850.0 1050.0 -0.26662
950.0 1050.0 -0.37057
1050.0 1050.0 -0.52536
1150.0 1050.0 -0.71719
1250.0 1050.0 -0.87734
1350.0 1050.0 -0.94310
1450.0 1050.0 -0.89320
1550.0 1050.0 -0.75542
1650.0 1050.0 -0.58673
1750.0 1050.0 -0.42577
1850.0 1050.0 -0.24952
1950.0 1050.0 -0.05314
2050.0 1050.0 0.12520
2150.0 1050.0 0.24549
2250.0 1050.0 0.29199
2350.0 1050.0 0.28111
2450.0 1050.0 0.25113
2550.0 1050.0 0.23358
2650.0 1050.0 0.22063
2750.0 1050.0 0.20098
2850.0 1050.0 0.17557
2950.0 1050.0 0.14934
3050.0 1050.0 0.12757
3150.0 1050.0 0.11356
3250.0 1050.0 0.10750
3350.0 1050.0 0.10677
3450.0 1050.0 0.10385
3550.0 1050.0 0.06702
3650.0 1050.0 -0.00500
3750.0 1050.0 -0.07772
3850.0 1050.0 -0.11316
3950.0 1050.0 -0.09012
4050.0 1050.0 -0.01188
4150.0 1050.0 0.09875
4250.0 1050.0 0.21739
4350.0 1050.0 0.35212
4450.0 1050.0 0.49809
4550.0 1050.0 0.60783
4650.0 1050.0 0.63760
4750.0 1050.0 0.57671
4850.0 1050.0 0.45413
4950.0 1050.0 0.32226
5050.0 1050.0 0.21804
5150.0 1050.0 0.12949
5250.0 1050.0 0.06485
5350.0 1050.0 0.03174
5450.0 1050.0 0.02334
5550.0 1050.0 0.02324
5650.0 1050.0 0.01172
5750.0 1050.0 -0.02693
5850.0 1050.0 -0.09571
5950.0 1050.0 -0.18282
6050.0 1050.0 -0.31316
6150.0 1050.0 -0.46861
6250.0 1050.0 -0.58103
6350.0 1050.0 -0.59267
50.0 1150.0 0.10487
150.0 1150.0 -0.08884
250.0 1150.0 -0.24842
350.0 1150.0 -0.34707
450.0 1150.0 -0.37882
550.0 1150.0 -0.36341
650.0 1150.0 -0.34068
750.0 1150.0 -0.35475
850.0 1150.0 -0.42784
950.0 1150.0 -0.53730
1050.0 1150.0 -0.70673
1150.0 1150.0 -0.92596
1250.0 1150.0 -1.12059
1350.0 1150.0 -1.21897
1450.0 1150.0 -1.19191
1550.0 1150.0 -1.06328
1650.0 1150.0 -0.89133
1750.0 1150.0 -0.72095
1850.0 1150.0 -0.53489
1950.0 1150.0 -0.32556
2050.0 1150.0 -0.12544
2150.0 1150.0 0.02870
2250.0 1150.0 0.11947
2350.0 1150.0 0.15704
2450.0 1150.0 0.17187
2550.0 1150.0 0.19191
2650.0 1150.0 0.21959
2750.0 1150.0 0.25841
2850.0 1150.0 0.30078
2950.0 1150.0 0.33257
3050.0 1150.0 0.34364
3150.0 1150.0 0.33294
3250.0 1150.0 0.30832
3350.0 1150.0 0.28094
3450.0 1150.0 0.25045
3550.0 1150.0 0.17700
3650.0 1150.0 0.05971
3750.0 1150.0 -0.05678
3850.0 1150.0 -0.12398
3950.0 1150.0 -0.11552
4050.0 1150.0 -0.03675
4150.0 1150.0 0.08223
4250.0 1150.0 0.21032
4350.0 1150.0 0.35729
4450.0 1150.0 0.52123
4550.0 1150.0 0.65227
4650.0 1150.0 0.70217
4750.0 1150.0 0.65633
4850.0 1150.0 0.54199
4950.0 1150.0 0.41245
5050.0 1150.0 0.30744
5150.0 1150.0 0.21673
5250.0 1150.0 0.14501
5350.0 1150.0 0.09695
5450.0 1150.0 0.06573
5550.0 1150.0 0.03803
5650.0 1150.0 -0.00082
5750.0 1150.0 -0.06137
5850.0 1150.0 -0.14445
5950.0 1150.0 -0.24043
6050.0 1150.0 -0.36270
6150.0 1150.0 -0.49065
6250.0 1150.0 -0.57090
6350.0 1150.0 -0.56371
50.0 1250.0 0.09439
150.0 1250.0 -0.06234
250.0 1250.0 -0.19308
350.0 1250.0 -0.28172
450.0 1250.0 -0.32798
550.0 1250.0 -0.34784
650.0 1250.0 -0.36849
750.0 1250.0 -0.41767
850.0 1250.0 -0.50745
950.0 1250.0 -0.62455
1050.0 1250.0 -0.81029
1150.0 1250.0 -1.05662
1250.0 1250.0 -1.28211
1350.0 1250.0 -1.40594
1450.0 1250.0 -1.39234
1550.0 1250.0 -1.26352
1650.0 1250.0 -1.08109
1750.0 1250.0 -0.89638
1850.0 1250.0 -0.70682
1950.0 1250.0 -0.51610
2050.0 1250.0 -0.34795
2150.0 1250.0 -0.22225
2250.0 1250.0 -0.14138
2350.0 1250.0 -0.08813
2450.0 1250.0 -0.03478
2550.0 1250.0 0.03623
2650.0 1250.0 0.12484
2750.0 1250.0 0.25219
2850.0 1250.0 0.39817
2950.0 1250.0 0.51981
3050.0 1250.0 0.58321
3150.0 1250.0 0.58014
3250.0 1250.0 0.52937
3350.0 1250.0 0.46263
3450.0 1250.0 0.39097
3550.0 1250.0 0.26299
3650.0 1250.0 0.07847
3750.0 1250.0 -0.10282
3850.0 1250.0 -0.21678
3950.0 1250.0 -0.22950
4050.0 1250.0 -0.14951
4150.0 1250.0 -0.01789
4250.0 1250.0 0.12430
4350.0 1250.0 0.28843
4450.0 1250.0 0.47540
4550.0 1250.0 0.63174
4650.0 1250.0 0.70371
4750.0 1250.0 0.67265
4850.0 1250.0 0.56489
4950.0 1250.0 0.43594
5050.0 1250.0 0.32920
5150.0 1250.0 0.23774
5250.0 1250.0 0.16922
5350.0 1250.0 0.12640
5450.0 1250.0 0.09822
5550.0 1250.0 0.06792
5650.0 1250.0 0.01989
5750.0 1250.0 -0.05471
5850.0 1250.0 -0.15360
5950.0 1250.0 -0.26295
6050.0 1250.0 -0.37598
6150.0 1250.0 -0.46984
6250.0 1250.0 -0.51252
6350.0 1250.0 -0.48902
50.0 1350.0 0.06007
150.0 1350.0 -0.05294
250.0 1350.0 -0.13963
350.0 1350.0 -0.19387
450.0 1350.0 -0.22537
550.0 1350.0 -0.25262
650.0 1350.0 -0.29570
750.0 1350.0 -0.36884
850.0 1350.0 -0.47282
950.0 1350.0 -0.59801
1050.0 1350.0 -0.79715
1150.0 1350.0 -1.06164
1250.0 1350.0 -1.30340
1350.0 1350.0 -1.43512
1450.0 1350.0 -1.41822
1550.0 1350.0 -1.27680
1650.0 1350.0 -1.07760
1750.0 1350.0 -0.87647
1850.0 1350.0 -0.69016
1950.0 1350.0 -0.54491
2050.0 1350.0 -0.45443
2150.0 1350.0 -0.41176
2250.0 1350.0 -0.39117
2350.0 1350.0 -0.35687
2450.0 1350.0 -0.27854
2550.0 1350.0 -0.15350
2650.0 1350.0 0.00251
2750.0 1350.0 0.22305
2850.0 1350.0 0.47271
2950.0 1350.0 0.67807
3050.0 1350.0 0.78225
3150.0 1350.0 0.77296
3250.0 1350.0 0.68400
3350.0 1350.0 0.57037
3450.0 1350.0 0.45265
3550.0 1350.0 0.26729
3650.0 1350.0 0.01704
3750.0 1350.0 -0.22230
3850.0 1350.0 -0.37215
3950.0 1350.0 -0.39379
4050.0 1350.0 -0.30243
4150.0 1350.0 -0.15253
4250.0 1350.0 0.00584
4350.0 1350.0 0.18762
4450.0 1350.0 0.39474
4550.0 1350.0 0.56976
4650.0 1350.0 0.65457
4750.0 1350.0 0.62858
4850.0 1350.0 0.51959
4950.0 1350.0 0.38696
5050.0 1350.0 0.27751
5150.0 1350.0 0.18689
5250.0 1350.0 0.13139
5350.0 1350.0 0.11337
5450.0 1350.0 0.11404
5550.0 1350.0 0.10729
5650.0 1350.0 0.07059
5750.0 1350.0 -0.00701
5850.0 1350.0 -0.11991
5950.0 1350.0 -0.24422
6050.0 1350.0 -0.34673
6150.0 1350.0 -0.40195
6250.0 1350.0 -0.40194
6350.0 1350.0 -0.35963
50.0 1450.0 0.01845
150.0 1450.0 -0.05407
250.0 1450.0 -0.09265
350.0 1450.0 -0.09846
450.0 1450.0 -0.09288
550.0 1450.0 -0.10179
650.0 1450.0 -0.14445
750.0 1450.0 -0.22690
850.0 1450.0 -0.33997
950.0 1450.0 -0.47190
1050.0 1450.0 -0.67830
1150.0 1450.0 -0.94737
1250.0 1450.0 -1.18633
1350.0 1450.0 -1.30562
1450.0 1450.0 -1.26848
1550.0 1450.0 -1.10429
1650.0 1450.0 -0.88550
1750.0 1450.0 -0.66947
1850.0 1450.0 -0.49080
1950.0 1450.0 -0.40215
2050.0 1450.0 -0.40822
2150.0 1450.0 -0.47304
2250.0 1450.0 -0.53843
2350.0 1450.0 -0.54516
2450.0 1450.0 -0.45672
2550.0 1450.0 -0.28586
2650.0 1450.0 -0.07200
2750.0 1450.0 0.21988
2850.0 1450.0 0.53867
2950.0 1450.0 0.78751
3050.0 1450.0 0.89575
3150.0 1450.0 0.85457
3250.0 1450.0 0.71612
3350.0 1450.0 0.55621
3450.0 1450.0 0.39799
3550.0 1450.0 0.16813
3650.0 1450.0 -0.12429
3750.0 1450.0 -0.39093
3850.0 1450.0 -0.54528
3950.0 1450.0 -0.55048
4050.0 1450.0 -0.43266
4150.0 1450.0 -0.25990
4250.0 1450.0 -0.08660
4350.0 1450.0 0.10878
4450.0 1450.0 0.32674
4550.0 1450.0 0.50633
4650.0 1450.0 0.58777
4750.0 1450.0 0.55207
4850.0 1450.0 0.43136
4950.0 1450.0 0.29014
5050.0 1450.0 0.17728
5150.0 1450.0 0.08862
5250.0 1450.0 0.05146
5350.0 1450.0 0.06904
5450.0 1450.0 0.11359
5550.0 1450.0 0.14675
5650.0 1450.0 0.13567
5750.0 1450.0 0.06457
5850.0 1450.0 -0.05805
5950.0 1450.0 -0.19544
6050.0 1450.0 -0.28662
6150.0 1450.0 -0.30251
6250.0 1450.0 -0.25708
6350.0 1450.0 -0.18964
50.0 1550.0 -0.01019
150.0 1550.0 -0.05438
250.0 1550.0 -0.05411
350.0 1550.0 -0.01423
450.0 1550.0 0.03396
550.0 1550.0 0.05581
650.0 1550.0 0.02853
750.0 1550.0 -0.05126
850.0 1550.0 -0.16780
950.0 1550.0 -0.30381
1050.0 1550.0 -0.51064
1150.0 1550.0 -0.77178
1250.0 1550.0 -0.99242
1350.0 1550.0 -1.08486
1450.0 1550.0 -1.01771
1550.0 1550.0 -0.82723
1650.0 1550.0 -0.59087
1750.0 1550.0 -0.36452
1850.0 1550.0 -0.19353
1950.0 1550.0 -0.15155
2050.0 1550.0 -0.23717
2150.0 1550.0 -0.39220
2250.0 1550.0 -0.53272
2350.0 1550.0 -0.57998
2450.0 1550.0 -0.49132
2550.0 1550.0 -0.29096
2650.0 1550.0 -0.04127
2750.0 1550.0 0.28208
2850.0 1550.0 0.61456
2950.0 1550.0 0.84867
3050.0 1550.0 0.91398
3150.0 1550.0 0.81410
3250.0 1550.0 0.62047
3350.0 1550.0 0.42303
3450.0 1550.0 0.23830
3550.0 1550.0 -0.01243
3650.0 1550.0 -0.31080
3750.0 1550.0 -0.56237
3850.0 1550.0 -0.68217
3950.0 1550.0 -0.64291
4050.0 1550.0 -0.48493
4150.0 1550.0 -0.28780
4250.0 1550.0 -0.10377
4350.0 1550.0 0.09828
4450.0 1550.0 0.31509
4550.0 1550.0 0.48343
4650.0 1550.0 0.54509
4750.0 1550.0 0.48599
4850.0 1550.0 0.34484
4950.0 1550.0 0.19152
5050.0 1550.0 0.07522
5150.0 1550.0 -0.01133
5250.0 1550.0 -0.03180
5350.0 1550.0 0.01847
5450.0 1550.0 0.10428
5550.0 1550.0 0.17655
5650.0 1550.0 0.19276
5750.0 1550.0 0.13201
5850.0 1550.0 0.00464
5950.0 1550.0 -0.14116
6050.0 1550.0 -0.22098
6150.0 1550.0 -0.20114
6250.0 1550.0 -0.11124
6350.0 1550.0 -0.01113
50.0 1650.0 -0.01194
150.0 1650.0 -0.04379
250.0 1650.0 -0.02278
350.0 1650.0 0.04565
450.0 1650.0 0.12463
550.0 1650.0 0.17302
650.0 1650.0 0.16349
750.0 1650.0 0.09158
850.0 1650.0 -0.02435
950.0 1650.0 -0.16158
1050.0 1650.0 -0.36383
1150.0 1650.0 -0.60997
1250.0 1650.0 -0.80558
1350.0 1650.0 -0.86735
1450.0 1650.0 -0.77045
1550.0 1650.0 -0.55754
1650.0 1650.0 -0.30932
1750.0 1650.0 -0.07842
1850.0 1650.0 0.08883
1950.0 1650.0 0.10983
2050.0 1650.0 -0.01154
2150.0 1650.0 -0.20746
2250.0 1650.0 -0.38260
2350.0 1650.0 -0.44944
2450.0 1650.0 -0.36232
2550.0 1650.0 -0.15035
2650.0 1650.0 0.10958
2750.0 1650.0 0.42235
2850.0 1650.0 0.71376
2950.0 1650.0 0.87931
3050.0 1650.0 0.86217
3150.0 1650.0 0.68534
3250.0 1650.0 0.43801
3350.0 1650.0 0.21615
3450.0 1650.0 0.02159
3550.0 1650.0 -0.22499
3650.0 1650.0 -0.49448
3750.0 1650.0 -0.69317
3850.0 1650.0 -0.74630
3950.0 1650.0 -0.64220
4050.0 1650.0 -0.43657
4150.0 1650.0 -0.21687
4250.0 1650.0 -0.02748
4350.0 1650.0 0.17409
4450.0 1650.0 0.37964
4550.0 1650.0 0.52504
4650.0 1650.0 0.55618
4750.0 1650.0 0.46593
4850.0 1650.0 0.30032
4950.0 1650.0 0.13399
5050.0 1650.0 0.01481
5150.0 1650.0 -0.07045
5250.0 1650.0 -0.08165
5350.0 1650.0 -0.01315
5450.0 1650.0 0.09611
5550.0 1650.0 0.19124
5650.0 1650.0 0.22425
5750.0 1650.0 0.17110
5850.0 1650.0 0.04284
5950.0 1650.0 -0.10584
6050.0 1650.0 -0.17505
6150.0 1650.0 -0.12571
6250.0 1650.0 0.00472
6350.0 1650.0 0.14346
50.0 1750.0 0.00576
150.0 1750.0 -0.02409
250.0 1750.0 0.00402
350.0 1750.0 0.08560
450.0 1750.0 0.18167
550.0 1750.0 0.24746
650.0 1750.0 0.25193
750.0 1750.0 0.18815
850.0 1750.0 0.07461
950.0 1750.0 -0.06197
1050.0 1750.0 -0.25756
1150.0 1750.0 -0.48713
1250.0 1750.0 -0.65795
1350.0 1750.0 -0.69172
1450.0 1750.0 -0.56981
1550.0 1750.0 -0.34001
1650.0 1750.0 -0.08480
1750.0 1750.0 0.14695
1850.0 1750.0 0.31429
1950.0 1750.0 0.33501
2050.0 1750.0 0.21316
2150.0 1750.0 0.01686
2250.0 1750.0 -0.15832
2350.0 1750.0 -0.22475
2450.0 1750.0 -0.13684
2550.0 1750.0 0.07609
2650.0 1750.0 0.33067
2750.0 1750.0 0.60902
2850.0 1750.0 0.83015
2950.0 1750.0 0.90024
3050.0 1750.0 0.78292
3150.0 1750.0 0.52338
3250.0 1750.0 0.22656
3350.0 1750.0 -0.01067
3450.0 1750.0 -0.20488
3550.0 1750.0 -0.43322
3650.0 1750.0 -0.65561
3750.0 1750.0 -0.78298
3850.0 1750.0 -0.75514
3950.0 1750.0 -0.57850
4050.0 1750.0 -0.32382
4150.0 1750.0 -0.08399
4250.0 1750.0 0.10738
4350.0 1750.0 0.30454
4450.0 1750.0 0.49412
4550.0 1750.0 0.61203
4650.0 1750.0 0.60932
4750.0 1750.0 0.48638
4850.0 1750.0 0.29637
4950.0 1750.0 0.11782
5050.0 1750.0 -0.00348
5150.0 1750.0 -0.08810
5250.0 1750.0 -0.09644
5350.0 1750.0 -0.02245
5450.0 1750.0 0.09396
5550.0 1750.0 0.19632
5650.0 1750.0 0.23503
5750.0 1750.0 0.18501
5850.0 1750.0 0.05740
5950.0 1750.0 -0.09076
6050.0 1750.0 -0.15008
6150.0 1750.0 -0.07580
6250.0 1750.0 0.09169
6350.0 1750.0 0.27164
50.0 1850.0 -0.02923
150.0 1850.0 -0.05901
250.0 1850.0 -0.02372
350.0 1850.0 0.07600
450.0 1850.0 0.20068
550.0 1850.0 0.30106
650.0 1850.0 0.33905
750.0 1850.0 0.30092
850.0 1850.0 0.20250
950.0 1850.0 0.07666
1050.0 1850.0 -0.10304
1150.0 1850.0 -0.31048
1250.0 1850.0 -0.45727
1350.0 1850.0 -0.47057
1450.0 1850.0 -0.33557
1550.0 1850.0 -0.10082
1650.0 1850.0 0.15343
1750.0 1850.0 0.38199
1850.0 1850.0 0.54675
1950.0 1850.0 0.56555
2050.0 1850.0 0.44057
2150.0 1850.0 0.23811
2250.0 1850.0 0.05315
2350.0 1850.0 -0.02566
2450.0 1850.0 0.04927
2550.0 1850.0 0.25012
2650.0 1850.0 0.48787
2750.0 1850.0 0.72705
2850.0 1850.0 0.88370
2950.0 1850.0 0.87446
3050.0 1850.0 0.67919
3150.0 1850.0 0.35849
3250.0 1850.0 0.02632
3350.0 1850.0 -0.22235
3450.0 1850.0 -0.41720
3550.0 1850.0 -0.62958
3650.0 1850.0 -0.80860
3750.0 1850.0 -0.86894
3850.0 1850.0 -0.76375
3950.0 1850.0 -0.51665
4050.0 1850.0 -0.21322
4150.0 1850.0 0.04782
4250.0 1850.0 0.24280
4350.0 1850.0 0.43600
4450.0 1850.0 0.60811
4550.0 1850.0 0.69695
4650.0 1850.0 0.66107
4750.0 1850.0 0.50976
4850.0 1850.0 0.30311
4950.0 1850.0 0.12205
5050.0 1850.0 0.00857
5150.0 1850.0 -0.06576
5250.0 1850.0 -0.06332
5350.0 1850.0 0.02007
5450.0 1850.0 0.14234
5550.0 1850.0 0.24619
5650.0 1850.0 0.28313
5750.0 1850.0 0.23053
5850.0 1850.0 0.10177
5950.0 1850.0 -0.04566
6050.0 1850.0 -0.09592
6150.0 1850.0 0.00141
6250.0 1850.0 0.20424
6350.0 1850.0 0.42513
50.0 1950.0 -0.16753
150.0 1950.0 -0.20055
250.0 1950.0 -0.15994
350.0 1950.0 -0.03670
450.0 1950.0 0.13409
550.0 1950.0 0.29886
650.0 1950.0 0.40742
750.0 1950.0 0.43098
850.0 1950.0 0.37649
950.0 1950.0 0.28570
1050.0 1950.0 0.14381
1150.0 1950.0 -0.02885
1250.0 1950.0 -0.15443
1350.0 1950.0 -0.16632
1450.0 1950.0 -0.04745
1550.0 1950.0 0.16348
1650.0 1950.0 0.39803
1750.0 1950.0 0.61435
1850.0 1950.0 0.77034
1950.0 1950.0 0.78280
2050.0 1950.0 0.64751
2150.0 1950.0 0.42444
2250.0 1950.0 0.20657
2350.0 1950.0 0.08589
2450.0 1950.0 0.11674
2550.0 1950.0 0.27643
2650.0 1950.0 0.47305
2750.0 1950.0 0.66863
2850.0 1950.0 0.78537
2950.0 1950.0 0.74745
3050.0 1950.0 0.53797
3150.0 1950.0 0.21451
3250.0 1950.0 -0.11682
3350.0 1950.0 -0.36855
3450.0 1950.0 -0.56903
3550.0 1950.0 -0.77656
3650.0 1950.0 -0.93119
3750.0 1950.0 -0.94767
3850.0 1950.0 -0.78685
3950.0 1950.0 -0.48467
4050.0 1950.0 -0.13923
4150.0 1950.0 0.14396
4250.0 1950.0 0.34712
4350.0 1950.0 0.53843
4450.0 1950.0 0.69083
4550.0 1950.0 0.74831
4650.0 1950.0 0.68236
4750.0 1950.0 0.51431
4850.0 1950.0 0.31060
4950.0 1950.0 0.15095
5050.0 1950.0 0.06961
5150.0 1950.0 0.02935
5250.0 1950.0 0.06311
5350.0 1950.0 0.16763
5450.0 1950.0 0.29520
5550.0 1950.0 0.38891
5650.0 1950.0 0.40732
5750.0 1950.0 0.33854
5850.0 1950.0 0.20369
5950.0 1950.0 0.05664
6050.0 1950.0 0.01190
6150.0 1950.0 0.12455
6250.0 1950.0 0.35310
6350.0 1950.0 0.60673
50.0 2050.0 -0.35583
150.0 2050.0 -0.39703
250.0 2050.0 -0.36220
350.0 2050.0 -0.22858
450.0 2050.0 -0.01916
550.0 2050.0 0.21378
650.0 2050.0 0.40852
750.0 2050.0 0.51703
850.0 2050.0 0.53134
950.0 2050.0 0.49955
1050.0 2050.0 0.41645
1150.0 2050.0 0.28934
1250.0 2050.0 0.17956
1350.0 2050.0 0.14729
1450.0 2050.0 0.21847
1550.0 2050.0 0.37534
1650.0 2050.0 0.57093
1750.0 2050.0 0.76602
1850.0 2050.0 0.90957
1950.0 2050.0 0.91965
2050.0 2050.0 0.78106
2150.0 2050.0 0.54042
2250.0 2050.0 0.28340
2350.0 2050.0 0.10407
2450.0 2050.0 0.06628
2550.0 2050.0 0.15717
2650.0 2050.0 0.28922
2750.0 2050.0 0.44031
2850.0 2050.0 0.54844
2950.0 2050.0 0.54134
3050.0 2050.0 0.39054
3150.0 2050.0 0.13011
3250.0 2050.0 -0.15982
3350.0 2050.0 -0.40495
3450.0 2050.0 -0.61629
3550.0 2050.0 -0.83404
3650.0 2050.0 -0.99323
3750.0 2050.0 -1.00399
3850.0 2050.0 -0.82613
3950.0 2050.0 -0.49931
4050.0 2050.0 -0.12873
4150.0 2050.0 0.17338
4250.0 2050.0 0.38890
4350.0 2050.0 0.58066
4450.0 2050.0 0.71200
4550.0 2050.0 0.73735
4650.0 2050.0 0.64624
4750.0 2050.0 0.47474
4850.0 2050.0 0.29467
4950.0 2050.0 0.18078
5050.0 2050.0 0.15579
5150.0 2050.0 0.17294
5250.0 2050.0 0.25725
5350.0 2050.0 0.39234
5450.0 2050.0 0.52172
5550.0 2050.0 0.59070
5650.0 2050.0 0.57148
5750.0 2050.0 0.47156
5850.0 2050.0 0.32529
5950.0 2050.0 0.17801
6050.0 2050.0 0.13249
6150.0 2050.0 0.24575
6250.0 2050.0 0.47996
6350.0 2050.0 0.74633
50.0 2150.0 -0.50500
150.0 2150.0 -0.55921
250.0 2150.0 -0.54796
350.0 2150.0 -0.43455
450.0 2150.0 -0.22205
550.0 2150.0 0.04837
650.0 2150.0 0.31106
750.0 2150.0 0.50143
850.0 2150.0 0.59347
950.0 2150.0 0.63358
1050.0 2150.0 0.61983
1150.0 2150.0 0.54194
1250.0 2150.0 0.44166
1350.0 2150.0 0.37339
1450.0 2150.0 0.37634
1550.0 2150.0 0.46043
1650.0 2150.0 0.60565
1750.0 2150.0 0.77458
1850.0 2150.0 0.90680
1950.0 2150.0 0.92722
2050.0 2150.0 0.80714
2150.0 2150.0 0.57258
2250.0 2150.0 0.29420
2350.0 2150.0 0.06286
2450.0 2150.0 -0.04905
2550.0 2150.0 -0.04060
2650.0 2150.0 0.01490
2750.0 2150.0 0.12541
2850.0 2150.0 0.25086
2950.0 2150.0 0.31896
3050.0 2150.0 0.27895
3150.0 2150.0 0.12759
3250.0 2150.0 -0.09285
3350.0 2150.0 -0.32434
3450.0 2150.0 -0.54981
3550.0 2150.0 -0.79116
3650.0 2150.0 -0.98359
3750.0 2150.0 -1.02870
3850.0 2150.0 -0.87658
3950.0 2150.0 -0.56103
4050.0 2150.0 -0.18748
4150.0 2150.0 0.12655
4250.0 2150.0 0.35629
4350.0 2150.0 0.55008
4450.0 2150.0 0.66074
4550.0 2150.0 0.65545
4650.0 2150.0 0.54420
4750.0 2150.0 0.37874
4850.0 2150.0 0.23529
4950.0 2150.0 0.18129
5050.0 2150.0 0.22599
5150.0 2150.0 0.31305
5250.0 2150.0 0.45702
5350.0 2150.0 0.62504
5450.0 2150.0 0.75058
5550.0 2150.0 0.78296
5650.0 2150.0 0.71250
5750.0 2150.0 0.57141
5850.0 2150.0 0.41025
5950.0 2150.0 0.26210
6050.0 2150.0 0.20878
6150.0 2150.0 0.30569
6250.0 2150.0 0.52124
6350.0 2150.0 0.77434
50.0 2250.0 -0.54419
150.0 2250.0 -0.61422
250.0 2250.0 -0.64376
350.0 2250.0 -0.58597
450.0 2250.0 -0.41905
550.0 2250.0 -0.16303
650.0 2250.0 0.12381
750.0 2250.0 0.36869
850.0 2250.0 0.52839
950.0 2250.0 0.63746
1050.0 2250.0 0.68931
1150.0 2250.0 0.65593
1250.0 2250.0 0.56055
1350.0 2250.0 0.45281
1450.0 2250.0 0.38583
1550.0 2250.0 0.39700
1650.0 2250.0 0.49259
1750.0 2250.0 0.63635
1850.0 2250.0 0.76252
1950.0 2250.0 0.80946
2050.0 2250.0 0.73536
2150.0 2250.0 0.54114
2250.0 2250.0 0.27538
2350.0 2250.0 0.01873
2450.0 2250.0 -0.15210
2550.0 2250.0 -0.22074
2650.0 2250.0 -0.23793
2750.0 2250.0 -0.16093
2850.0 2250.0 -0.00772
2950.0 2250.0 0.14763
3050.0 2250.0 0.22976
3150.0 2250.0 0.19605
3250.0 2250.0 0.04998
3350.0 2250.0 -0.16617
3450.0 2250.0 -0.40581
3550.0 2250.0 -0.67722
3650.0 2250.0 -0.91992
3750.0 2250.0 -1.02544
3850.0 2250.0 -0.92888
3950.0 2250.0 -0.65160
4050.0 2250.0 -0.29358
4150.0 2250.0 0.02451
4250.0 2250.0 0.26728
4350.0 2250.0 0.46336
4450.0 2250.0 0.55526
4550.0 2250.0 0.52241
4650.0 2250.0 0.39415
4750.0 2250.0 0.23678
4850.0 2250.0 0.13028
4950.0 2250.0 0.13477
5050.0 2250.0 0.24672
5150.0 2250.0 0.40070
5250.0 2250.0 0.59999
5350.0 2250.0 0.79551
5450.0 2250.0 0.91173
5550.0 2250.0 0.90301
5650.0 2250.0 0.77843
5750.0 2250.0 0.59487
5850.0 2250.0 0.41852
5950.0 2250.0 0.26909
6050.0 2250.0 0.20304
6150.0 2250.0 0.27119
6250.0 2250.0 0.44926
6350.0 2250.0 0.66759
50.0 2350.0 -0.44983
150.0 2350.0 -0.53517
250.0 2350.0 -0.61460
350.0 2350.0 -0.63714
450.0 2350.0 -0.55640
550.0 2350.0 -0.36538
650.0 2350.0 -0.10489
750.0 2350.0 0.15448
850.0 2350.0 0.35692
950.0 2350.0 0.51727
1050.0 2350.0 0.61811
1150.0 2350.0 0.61813
1250.0 2350.0 0.52673
1350.0 2350.0 0.38995
1450.0 2350.0 0.27116
1550.0 2350.0 0.22820
1650.0 2350.0 0.28687
1750.0 2350.0 0.41198
1850.0 2350.0 0.53932
1950.0 2350.0 0.62537
2050.0 2350.0 0.61840
2150.0 2350.0 0.49451
2250.0 2350.0 0.27689
2350.0 2350.0 0.03024
2450.0 2350.0 -0.17004
2550.0 2350.0 -0.29349
2650.0 2350.0 -0.36512
2750.0 2350.0 -0.31451
2850.0 2350.0 -0.14341
2950.0 2350.0 0.07324
3050.0 2350.0 0.24251
3150.0 2350.0 0.29330
3250.0 2350.0 0.20079
3350.0 2350.0 -0.00448
3450.0 2350.0 -0.25505
3550.0 2350.0 -0.55310
3650.0 2350.0 -0.84383
3750.0 2350.0 -1.01017
3850.0 2350.0 -0.97281
3950.0 2350.0 -0.73987
4050.0 2350.0 -0.40403
4150.0 2350.0 -0.08721
4250.0 2350.0 0.16490
4350.0 2350.0 0.36206
4450.0 2350.0 0.43781
4550.0 2350.0 0.38074
4650.0 2350.0 0.23531
4750.0 2350.0 0.07964
4850.0 2350.0 -0.00255
4950.0 2350.0 0.04393
5050.0 2350.0 0.20572
5150.0 2350.0 0.40922
5250.0 2350.0 0.64779
5350.0 2350.0 0.85988
5450.0 2350.0 0.96384
5550.0 2350.0 0.91896
5650.0 2350.0 0.74951
5750.0 2350.0 0.53161
5850.0 2350.0 0.34316
5950.0 2350.0 0.19244
6050.0 2350.0 0.11302
6150.0 2350.0 0.15004
6250.0 2350.0 0.28566
6350.0 2350.0 0.46173
50.0 2450.0 -0.24950
150.0 2450.0 -0.34659
250.0 2450.0 -0.47341
350.0 2450.0 -0.58095
450.0 2450.0 -0.60346
550.0 2450.0 -0.50744
650.0 2450.0 -0.31117
750.0 2450.0 -0.07457
850.0 2450.0 0.14044
950.0 2450.0 0.32645
1050.0 2450.0 0.45325
1150.0 2450.0 0.47344
1250.0 2450.0 0.38914
1350.0 2450.0 0.24354
1450.0 2450.0 0.10388
1550.0 2450.0 0.03719
1650.0 2450.0 0.07873
1750.0 2450.0 0.19473
1850.0 2450.0 0.32961
1950.0 2450.0 0.45897
2050.0 2450.0 0.52595
2150.0 2450.0 0.48662
2250.0 2450.0 0.34062
2350.0 2450.0 0.13437
2450.0 2450.0 -0.06293
2550.0 2450.0 -0.21065
2650.0 2450.0 -0.31115
2750.0 2450.0 -0.28244
2850.0 2450.0 -0.11972
2950.0 2450.0 0.10435
3050.0 2450.0 0.29306
3150.0 2450.0 0.36639
3250.0 2450.0 0.28902
3350.0 2450.0 0.08575
3450.0 2450.0 -0.17049
3550.0 2450.0 -0.48325
3650.0 2450.0 -0.80145
3750.0 2450.0 -1.00334
3850.0 2450.0 -1.00137
3950.0 2450.0 -0.79574
4050.0 2450.0 -0.47442
4150.0 2450.0 -0.15960
4250.0 2450.0 0.09704
4350.0 2450.0 0.29307
4450.0 2450.0 0.35500
4550.0 2450.0 0.27604
4650.0 2450.0 0.11005
4750.0 2450.0 -0.05626
4850.0 2450.0 -0.13483
4950.0 2450.0 -0.07161
5050.0 2450.0 0.11439
5150.0 2450.0 0.34238
5250.0 2450.0 0.59866
5350.0 2450.0 0.81506
5450.0 2450.0 0.90750
5550.0 2450.0 0.83889
5650.0 2450.0 0.64236
5750.0 2450.0 0.40454
5850.0 2450.0 0.20921
5950.0 2450.0 0.05759
6050.0 2450.0 -0.03132
6150.0 2450.0 -0.01689
6250.0 2450.0 0.08699
6350.0 2450.0 0.23009
50.0 2550.0 -0.00080
150.0 2550.0 -0.10545
250.0 2550.0 -0.27077
350.0 2550.0 -0.45344
450.0 2550.0 -0.57483
550.0 2550.0 -0.57938
650.0 2550.0 -0.46286
750.0 2550.0 -0.27049
850.0 2550.0 -0.06499
950.0 2550.0 0.12571
1050.0 2550.0 0.26001
1150.0 2550.0 0.29079
1250.0 2550.0 0.21811
1350.0 2550.0 0.08251
1450.0 2550.0 -0.05063
1550.0 2550.0 -0.11474
1650.0 2550.0 -0.07353
1750.0 2550.0 0.04123
1850.0 2550.0 0.18708
1950.0 2550.0 0.35702
2050.0 2550.0 0.49304
2150.0 2550.0 0.53717
2250.0 2550.0 0.46971
2350.0 2550.0 0.31963
2450.0 2550.0 0.14736
2550.0 2550.0 -0.00032
2650.0 2550.0 -0.10912
2750.0 2550.0 -0.10121
2850.0 2550.0 0.02634
2950.0 2550.0 0.20656
3050.0 2550.0 0.35178
3150.0 2550.0 0.39074
3250.0 2550.0 0.29344
3350.0 2550.0 0.08383
3450.0 2550.0 -0.17351
3550.0 2550.0 -0.48816
3650.0 2550.0 -0.80938
3750.0 2550.0 -1.01479
3850.0 2550.0 -1.01593
3950.0 2550.0 -0.81230
4050.0 2550.0 -0.49163
4150.0 2550.0 -0.17637
4250.0 2550.0 0.08111
4350.0 2550.0 0.27400
4450.0 2550.0 0.32336
4550.0 2550.0 0.22333
4650.0 2550.0 0.03264
4750.0 2550.0 -0.15578
4850.0 2550.0 -0.24875
4950.0 2550.0 -0.19003
5050.0 2550.0 -0.00101
5150.0 2550.0 0.23101
5250.0 2550.0 0.48806
5350.0 2550.0 0.70033
5450.0 2550.0 0.78405
5550.0 2550.0 0.70422
5650.0 2550.0 0.49711
5750.0 2550.0 0.25232
5850.0 2550.0 0.05475
5950.0 2550.0 -0.09726
6050.0 2550.0 -0.19039
6150.0 2550.0 -0.18631
6250.0 2550.0 -0.09753
6350.0 2550.0 0.02904
50.0 2650.0 0.25570
150.0 2650.0 0.14522
250.0 2650.0 -0.05199
350.0 2650.0 -0.29921
450.0 2650.0 -0.50871
550.0 2650.0 -0.60673
650.0 2650.0 -0.56879
750.0 2650.0 -0.42530
850.0 2650.0 -0.23761
950.0 2650.0 -0.05146
1050.0 2650.0 0.08197
1150.0 2650.0 0.11767
1250.0 2650.0 0.05506
1350.0 2650.0 -0.06805
1450.0 2650.0 -0.18993
1550.0 2650.0 -0.24722
1650.0 2650.0 -0.20503
1750.0 2650.0 -0.09285
1850.0 2650.0 0.06111
1950.0 2650.0 0.26681
2050.0 2650.0 0.46687
2150.0 2650.0 0.59167
2250.0 2650.0 0.60358
2350.0 2650.0 0.51399
2450.0 2650.0 0.37302
2550.0 2650.0 0.23196
2650.0 2650.0 0.12085
2750.0 2650.0 0.11114
2850.0 2650.0 0.20217
2950.0 2650.0 0.33252
3050.0 2650.0 0.42530
3150.0 2650.0 0.42094
3250.0 2650.0 0.29780
3350.0 2650.0 0.08034
3450.0 2650.0 -0.17712
3550.0 2650.0 -0.48926
3650.0 2650.0 -0.80448
3750.0 2650.0 -1.00185
3850.0 2650.0 -0.99528
3950.0 2650.0 -0.78640
4050.0 2650.0 -0.46412
4150.0 2650.0 -0.15064
4250.0 2650.0 0.10326
4350.0 2650.0 0.28860
4450.0 2650.0 0.32134
4550.0 2650.0 0.19612
4650.0 2650.0 -0.02382
4750.0 2650.0 -0.23964
4850.0 2650.0 -0.35291
4950.0 2650.0 -0.30495
5050.0 2650.0 -0.11914
5150.0 2650.0 0.11110
5250.0 2650.0 0.36538
5350.0 2650.0 0.57370
5450.0 2650.0 0.65269
5550.0 2650.0 0.56808
5650.0 2650.0 0.35684
5750.0 2650.0 0.10906
5850.0 2650.0 -0.09038
5950.0 2650.0 -0.24421
6050.0 2650.0 -0.34352
6150.0 2650.0 -0.35207
6250.0 2650.0 -0.28041
6350.0 2650.0 -0.17150
50.0 2750.0 0.49223
150.0 2750.0 0.37922
250.0 2750.0 0.16947
350.0 2750.0 -0.10744
450.0 2750.0 -0.36484
550.0 2750.0 -0.52302
650.0 2750.0 -0.54633
750.0 2750.0 -0.45323
850.0 2750.0 -0.29934
950.0 2750.0 -0.13841
1050.0 2750.0 -0.02477
1150.0 2750.0 0.00101
1250.0 2750.0 -0.06140
1350.0 2750.0 -0.17787
1450.0 2750.0 -0.29292
1550.0 2750.0 -0.34975
1650.0 2750.0 -0.31718
1750.0 2750.0 -0.22153
1850.0 2750.0 -0.07595
1950.0 2750.0 0.14617
2050.0 2750.0 0.39241
2150.0 2750.0 0.58617
2250.0 2750.0 0.67403
2350.0 2750.0 0.64832
2450.0 2750.0 0.54479
2550.0 2750.0 0.41560
2650.0 2750.0 0.30879
2750.0 2750.0 0.29651
2850.0 2750.0 0.37517
2950.0 2750.0 0.48463
3050.0 2750.0 0.55254
3150.0 2750.0 0.52554
3250.0 2750.0 0.38746
3350.0 2750.0 0.16445
3450.0 2750.0 -0.09349
3550.0 2750.0 -0.39803
3650.0 2750.0 -0.69591
3750.0 2750.0 -0.87250
3850.0 2750.0 -0.84993
3950.0 2750.0 -0.63580
4050.0 2750.0 -0.32054
4150.0 2750.0 -0.02339
4250.0 2750.0 0.21038
4350.0 2750.0 0.37142
4450.0 2750.0 0.37173
4550.0 2750.0 0.20862
4650.0 2750.0 -0.04890
4750.0 2750.0 -0.29650
4850.0 2750.0 -0.43276
4950.0 2750.0 -0.39934
5050.0 2750.0 -0.22308
5150.0 2750.0 -0.00043
5250.0 2750.0 0.25131
5350.0 2750.0 0.46342
5450.0 2750.0 0.55079
5550.0 2750.0 0.47564
5650.0 2750.0 0.27099
5750.0 2750.0 0.02406
5850.0 2750.0 -0.18058
5950.0 2750.0 -0.34327
6050.0 2750.0 -0.46265
6150.0 2750.0 -0.50604
6250.0 2750.0 -0.47651
6350.0 2750.0 -0.40600
50.0 2850.0 0.64249
150.0 2850.0 0.53187
250.0 2850.0 0.33820
350.0 2850.0 0.08407
450.0 2850.0 -0.15881
550.0 2850.0 -0.32262
650.0 2850.0 -0.37472
750.0 2850.0 -0.32718
850.0 2850.0 -0.22465
950.0 2850.0 -0.11399
1050.0 2850.0 -0.04161
1150.0 2850.0 -0.03974
1250.0 2850.0 -0.10781
1350.0 2850.0 -0.21784
1450.0 2850.0 -0.32531
1550.0 2850.0 -0.38528
1650.0 2850.0 -0.37358
1750.0 2850.0 -0.31142
1850.0 2850.0 -0.19669
1950.0 2850.0 0.01042
2050.0 2850.0 0.26764
2150.0 2850.0 0.49968
2250.0 2850.0 0.64357
2350.0 2850.0 0.67414
2450.0 2850.0 0.60965
2550.0 2850.0 0.49765
2650.0 2850.0 0.40328
2750.0 2850.0 0.40706
2850.0 2850.0 0.50342
2950.0 2850.0 0.62814
3050.0 2850.0 0.70564
3150.0 2850.0 0.68187
3250.0 2850.0 0.54256
3350.0 2850.0 0.31691
3450.0 2850.0 0.05803
3550.0 2850.0 -0.23318
3650.0 2850.0 -0.50106
3750.0 2850.0 -0.64307
3850.0 2850.0 -0.59636
3950.0 2850.0 -0.37874
4050.0 2850.0 -0.08226
4150.0 2850.0 0.18033
4250.0 2850.0 0.37377
4350.0 2850.0 0.49231
4450.0 2850.0 0.44868
4550.0 2850.0 0.24541
4650.0 2850.0 -0.04361
4750.0 2850.0 -0.31272
4850.0 2850.0 -0.46356
4950.0 2850.0 -0.44350
5050.0 2850.0 -0.28344
5150.0 2850.0 -0.07560
5250.0 2850.0 0.17308
5350.0 2850.0 0.39688
5450.0 2850.0 0.50654
5550.0 2850.0 0.45604
5650.0 2850.0 0.26928
5750.0 2850.0 0.02681
5850.0 2850.0 -0.18740
5950.0 2850.0 -0.36727
6050.0 2850.0 -0.52054
6150.0 2850.0 -0.61793
6250.0 2850.0 -0.64919
6350.0 2850.0 -0.62901
50.0 2950.0 0.65332
150.0 2950.0 0.54965
250.0 2950.0 0.39814
350.0 2950.0 0.21571
450.0 2950.0 0.04750
550.0 2950.0 -0.06653
650.0 2950.0 -0.11046
750.0 2950.0 -0.09654
850.0 2950.0 -0.05489
950.0 2950.0 -0.01149
1050.0 2950.0 0.00704
1150.0 2950.0 -0.01927
1250.0 2950.0 -0.08904
1350.0 2950.0 -0.18375
1450.0 2950.0 -0.27513
1550.0 2950.0 -0.33536
1650.0 2950.0 -0.35010
1750.0 2950.0 -0.33297
1850.0 2950.0 -0.26749
1950.0 2950.0 -0.10721
2050.0 2950.0 0.11949
2150.0 2950.0 0.34755
2250.0 2950.0 0.51336
2350.0 2950.0 0.57977
2450.0 2950.0 0.54780
2550.0 2950.0 0.45527
2650.0 2950.0 0.37899
2750.0 2950.0 0.41200
2850.0 2950.0 0.54747
2950.0 2950.0 0.71325
3050.0 2950.0 0.82505
3150.0 2950.0 0.82314
3250.0 2950.0 0.69250
3350.0 2950.0 0.46637
3450.0 2950.0 0.20617
3550.0 2950.0 -0.06840
3650.0 2950.0 -0.29908
3750.0 2950.0 -0.39930
3850.0 2950.0 -0.32545
3950.0 2950.0 -0.10783
4050.0 2950.0 0.16026
4150.0 2950.0 0.37514
4250.0 2950.0 0.51437
4350.0 2950.0 0.58084
4450.0 2950.0 0.49543
4550.0 2950.0 0.26756
4650.0 2950.0 -0.02776
4750.0 2950.0 -0.29108
4850.0 2950.0 -0.43564
4950.0 2950.0 -0.42051
5050.0 2950.0 -0.27984
5150.0 2950.0 -0.09195
5250.0 2950.0 0.15232
5350.0 2950.0 0.39119
5450.0 2950.0 0.52998
5550.0 2950.0 0.51175
5650.0 2950.0 0.34831
5750.0 2950.0 0.11142
5850.0 2950.0 -0.11578
5950.0 2950.0 -0.31823
6050.0 2950.0 -0.51076
6150.0 2950.0 -0.66505
6250.0 2950.0 -0.75454
6350.0 2950.0 -0.77557
50.0 3050.0 0.52478
150.0 3050.0 0.43048
250.0 3050.0 0.33467
350.0 3050.0 0.25047
450.0 3050.0 0.19170
550.0 3050.0 0.16244
650.0 3050.0 0.15399
750.0 3050.0 0.14881
850.0 3050.0 0.13180
950.0 3050.0 0.10558
1050.0 3050.0 0.07143
1150.0 3050.0 0.02410
1250.0 3050.0 -0.03503
1350.0 3050.0 -0.09984
1450.0 3050.0 -0.16206
1550.0 3050.0 -0.21423
1650.0 3050.0 -0.25314
1750.0 3050.0 -0.28268
1850.0 3050.0 -0.27375
1950.0 3050.0 -0.18022
2050.0 3050.0 -0.01595
2150.0 3050.0 0.17041
2250.0 3050.0 0.32289
2350.0 3050.0 0.39965
2450.0 3050.0 0.38799
2550.0 3050.0 0.31325
2650.0 3050.0 0.25605
2750.0 3050.0 0.32091
2850.0 3050.0 0.49994
2950.0 3050.0 0.71229
3050.0 3050.0 0.86378
3150.0 3050.0 0.88790
3250.0 3050.0 0.76821
3350.0 3050.0 0.54215
3450.0 3050.0 0.28050
3550.0 3050.0 0.02221
3650.0 3050.0 -0.17238
3750.0 3050.0 -0.23302
3850.0 3050.0 -0.13532
3950.0 3050.0 0.07839
4050.0 3050.0 0.31433
4150.0 3050.0 0.47850
4250.0 3050.0 0.56132
4350.0 3050.0 0.57854
4450.0 3050.0 0.46642
4550.0 3050.0 0.24154
4650.0 3050.0 -0.02534
4750.0 3050.0 -0.24894
4850.0 3050.0 -0.36180
4950.0 3050.0 -0.33916
5050.0 3050.0 -0.21635
5150.0 3050.0 -0.04949
5250.0 3050.0 0.18867
5350.0 3050.0 0.44020
5450.0 3050.0 0.60520
5550.0 3050.0 0.61629
5650.0 3050.0 0.47365
5750.0 3050.0 0.24049
5850.0 3050.0 -0.00084
5950.0 3050.0 -0.22621
6050.0 3050.0 -0.45285
6150.0 3050.0 -0.64945
6250.0 3050.0 -0.77425
6350.0 3050.0 -0.80964
50.0 3150.0 0.31720
150.0 3150.0 0.23156
250.0 3150.0 0.18676
350.0 3150.0 0.19380
450.0 3150.0 0.23914
550.0 3150.0 0.29442
650.0 3150.0 0.32740
750.0 3150.0 0.31392
850.0 3150.0 0.25108
950.0 3150.0 0.16835
1050.0 3150.0 0.09573
1150.0 3150.0 0.04271
1250.0 3150.0 0.00947
1350.0 3150.0 -0.01154
1450.0 3150.0 -0.03270
1550.0 3150.0 -0.06676
1650.0 3150.0 -0.12078
1750.0 3150.0 -0.18816
1850.0 3150.0 -0.22895
1950.0 3150.0 -0.20180
2050.0 3150.0 -0.10859
2150.0 3150.0 0.01915
2250.0 3150.0 0.13715
2350.0 3150.0 0.20479
2450.0 3150.0 0.20093
2550.0 3150.0 0.13913
2650.0 3150.0 0.09698
2750.0 3150.0 0.18476
2850.0 3150.0 0.39316
2950.0 3150.0 0.63521
3050.0 3150.0 0.81041
3150.0 3150.0 0.84866
3250.0 3150.0 0.73371
3350.0 3150.0 0.50645
3450.0 3150.0 0.24352
3550.0 3150.0 -0.00235
3650.0 3150.0 -0.16963
3750.0 3150.0 -0.20121
3850.0 3150.0 -0.08775
3950.0 3150.0 0.11943
4050.0 3150.0 0.32684
4150.0 3150.0 0.44863
4250.0 3150.0 0.48532
4350.0 3150.0 0.46705
4450.0 3150.0 0.34955
4550.0 3150.0 0.15510
4650.0 3150.0 -0.05421
4750.0 3150.0 -0.21225
4850.0 3150.0 -0.27452
4950.0 3150.0 -0.23334
5050.0 3150.0 -0.12287
5150.0 3150.0 0.02635
5250.0 3150.0 0.25712
5350.0 3150.0 0.51418
5450.0 3150.0 0.69413
5550.0 3150.0 0.72246
5650.0 3150.0 0.59130
5750.0 3150.0 0.35794
5850.0 3150.0 0.10409
5950.0 3150.0 -0.13948
6050.0 3150.0 -0.38687
6150.0 3150.0 -0.60029
6250.0 3150.0 -0.72731
6350.0 3150.0 -0.74438
50.0 3250.0 0.12527
150.0 3250.0 0.04462
250.0 3250.0 0.02924
350.0 3250.0 0.08878
450.0 3250.0 0.19375
550.0 3250.0 0.29705
650.0 3250.0 0.35294
750.0 3250.0 0.33367
850.0 3250.0 0.24352
950.0 3250.0 0.12796
1050.0 3250.0 0.03873
1150.0 3250.0 -0.00250
1250.0 3250.0 0.00216
1350.0 3250.0 0.03247
1450.0 3250.0 0.05817
1550.0 3250.0 0.04997
1650.0 3250.0 -0.00686
1750.0 3250.0 -0.09607
1850.0 3250.0 -0.16795
1950.0 3250.0 -0.18600
2050.0 3250.0 -0.14495
2150.0 3250.0 -0.06432
2250.0 3250.0 0.02127
2350.0 3250.0 0.07455
2450.0 3250.0 0.07078
2550.0 3250.0 0.01580
2650.0 3250.0 -0.01889
2750.0 3250.0 0.07465
2850.0 3250.0 0.28482
2950.0 3250.0 0.52346
3050.0 3250.0 0.69091
3150.0 3250.0 0.71970
3250.0 3250.0 0.59704
3350.0 3250.0 0.36597
3450.0 3250.0 0.10216
3550.0 3250.0 -0.13715
3650.0 3250.0 -0.29026
3750.0 3250.0 -0.30759
3850.0 3250.0 -0.18808
3950.0 3250.0 0.01236
4050.0 3250.0 0.20099
4150.0 3250.0 0.29700
4250.0 3250.0 0.30650
4350.0 3250.0 0.27220
4450.0 3250.0 0.16832
4550.0 3250.0 0.02038
4650.0 3250.0 -0.11994
4750.0 3250.0 -0.20558
4850.0 3250.0 -0.21284
4950.0 3250.0 -0.14809
5050.0 3250.0 -0.04257
5150.0 3250.0 0.09564
5250.0 3250.0 0.31866
5350.0 3250.0 0.57221
5450.0 3250.0 0.75187
5550.0 3250.0 0.78087
5650.0 3250.0 0.64871
5750.0 3250.0 0.41064
5850.0 3250.0 0.14804
5950.0 3250.0 -0.10564
6050.0 3250.0 -0.35750
6150.0 3250.0 -0.56140
6250.0 3250.0 -0.66062
6350.0 3250.0 -0.63408
50.0 3350.0 0.01905
150.0 3350.0 -0.06135
250.0 3350.0 -0.07478
350.0 3350.0 -0.01322
450.0 3350.0 0.09128
550.0 3350.0 0.18994
650.0 3350.0 0.23722
750.0 3350.0 0.20717
850.0 3350.0 0.10628
950.0 3350.0 -0.01831
1050.0 3350.0 -0.10386
1150.0 3350.0 -0.12026
1250.0 3350.0 -0.07250
1350.0 3350.0 0.00888
1450.0 3350.0 0.08037
1550.0 3350.0 0.10120
1650.0 3350.0 0.05217
1750.0 3350.0 -0.04278
1850.0 3350.0 -0.12428
1950.0 3350.0 -0.15715
2050.0 3350.0 -0.13402
2150.0 3350.0 -0.07037
2250.0 3350.0 0.00270
2350.0 3350.0 0.04953
2450.0 3350.0 0.04469
2550.0 3350.0 -0.00848
2650.0 3350.0 -0.04342
2750.0 3350.0 0.03814
2850.0 3350.0 0.22147
2950.0 3350.0 0.42234
3050.0 3350.0 0.54923
3150.0 3350.0 0.54392
3250.0 3350.0 0.40053
3350.0 3350.0 0.16287
3450.0 3350.0 -0.10138
3550.0 3350.0 -0.33955
3650.0 3350.0 -0.49045
3750.0 3350.0 -0.50652
3850.0 3350.0 -0.38856
3950.0 3350.0 -0.19310
4050.0 3350.0 -0.01201
4150.0 3350.0 0.07557
4250.0 3350.0 0.07707
4350.0 3350.0 0.04390
4450.0 3350.0 -0.03591
4550.0 3350.0 -0.13595
4650.0 3350.0 -0.21405
4750.0 3350.0 -0.23799
4850.0 3350.0 -0.19891
4950.0 3350.0 -0.11208
5050.0 3350.0 -0.00526
5150.0 3350.0 0.12881
5250.0 3350.0 0.34461
5350.0 3350.0 0.58724
5450.0 3350.0 0.75353
5550.0 3350.0 0.76889
5650.0 3350.0 0.62511
5750.0 3350.0 0.37895
5850.0 3350.0 0.11178
5950.0 3350.0 -0.14412
6050.0 3350.0 -0.38752
6150.0 3350.0 -0.56417
6250.0 3350.0 -0.61857
6350.0 3350.0 -0.53788
50.0 3450.0 -0.02777
150.0 3450.0 -0.11102
250.0 3450.0 -0.13680
350.0 3450.0 -0.09904
450.0 3450.0 -0.02610
550.0 3450.0 0.04000
650.0 3450.0 0.06077
750.0 3450.0 0.01507
850.0 3450.0 -0.09058
950.0 3450.0 -0.21452
1050.0 3450.0 -0.28868
1150.0 3450.0 -0.27638
1250.0 3450.0 -0.18558
1350.0 3450.0 -0.05570
1450.0 3450.0 0.05893
1550.0 3450.0 0.10863
1650.0 3450.0 0.07117
1750.0 3450.0 -0.02292
1850.0 3450.0 -0.10406
1950.0 3450.0 -0.13537
2050.0 3450.0 -0.10961
2150.0 3450.0 -0.04288
2250.0 3450.0 0.03295
2350.0 3450.0 0.08158
2450.0 3450.0 0.07729
2550.0 3450.0 0.02372
2650.0 3450.0 -0.01548
2750.0 3450.0 0.04524
2850.0 3450.0 0.18773
2950.0 3450.0 0.33426
3050.0 3450.0 0.40507
3150.0 3450.0 0.35429
3250.0 3450.0 0.18441
3350.0 3450.0 -0.06073
3450.0 3450.0 -0.32470
3550.0 3450.0 -0.56260
3650.0 3450.0 -0.71368
3750.0 3450.0 -0.73052
3850.0 3450.0 -0.61387
3950.0 3450.0 -0.41996
4050.0 3450.0 -0.24029
4150.0 3450.0 -0.15367
4250.0 3450.0 -0.15260
4350.0 3450.0 -0.17878
4450.0 3450.0 -0.23350
4550.0 3450.0 -0.29071
4650.0 3450.0 -0.31651
4750.0 3450.0 -0.29047
4850.0 3450.0 -0.21467
4950.0 3450.0 -0.11017
5050.0 3450.0 -0.00125
5150.0 3450.0 0.13042
5250.0 3450.0 0.33931
5350.0 3450.0 0.56977
5450.0 3450.0 0.72064
5550.0 3450.0 0.72058
5650.0 3450.0 0.56459
5750.0 3450.0 0.31143
5850.0 3450.0 0.04224
5950.0 3450.0 -0.21272
6050.0 3450.0 -0.44413
6150.0 3450.0 -0.59064
6250.0 3450.0 -0.59958
6350.0 3450.0 -0.46720
50.0 3550.0 -0.00392
150.0 3550.0 -0.09955
250.0 3550.0 -0.15329
350.0 3550.0 -0.16081
450.0 3550.0 -0.14287
550.0 3550.0 -0.13014
650.0 3550.0 -0.15059
750.0 3550.0 -0.21951
850.0 3550.0 -0.33203
950.0 3550.0 -0.45579
1050.0 3550.0 -0.52081
1150.0 3550.0 -0.48497
1250.0 3550.0 -0.35863
1350.0 3550.0 -0.18852
1450.0 3550.0 -0.03802
1550.0 3550.0 0.03575
1650.0 3550.0 0.00793
1750.0 3550.0 -0.08534
1850.0 3550.0 -0.16084
1950.0 3550.0 -0.17365
2050.0 3550.0 -0.11831
2150.0 3550.0 -0.01812
2250.0 3550.0 0.08657
2350.0 3550.0 0.15285
2450.0 3550.0 0.15274
2550.0 3550.0 0.09352
2650.0 3550.0 0.04151
2750.0 3550.0 0.06746
2850.0 3550.0 0.15094
2950.0 3550.0 0.22523
3050.0 3550.0 0.22671
3150.0 3550.0 0.12415
3250.0 3550.0 -0.07204
3350.0 3550.0 -0.32063
3450.0 3550.0 -0.57873
3550.0 3550.0 -0.80416
3650.0 3550.0 -0.93392
3750.0 3550.0 -0.92450
3850.0 3550.0 -0.78282
3950.0 3550.0 -0.57057
4050.0 3550.0 -0.38203
4150.0 3550.0 -0.29514
4250.0 3550.0 -0.29798
4350.0 3550.0 -0.32285
4450.0 3550.0 -0.36402
4550.0 3550.0 -0.39808
4650.0 3550.0 -0.39869
4750.0 3550.0 -0.35357
4850.0 3550.0 -0.27035
4950.0 3550.0 -0.17121
5050.0 3550.0 -0.07628
5150.0 3550.0 0.04054
5250.0 3550.0 0.23989
5350.0 3550.0 0.47062
5450.0 3550.0 0.63278
5550.0 3550.0 0.65203
5650.0 3550.0 0.51692
5750.0 3550.0 0.27894
5850.0 3550.0 0.01540
5950.0 3550.0 -0.23869
6050.0 3550.0 -0.46791
6150.0 3550.0 -0.60797
6250.0 3550.0 -0.60422
6350.0 3550.0 -0.45317
50.0 3650.0 0.10689
150.0 3650.0 -0.01523
250.0 3650.0 -0.11465
350.0 3650.0 -0.18709
450.0 3650.0 -0.24191
550.0 3650.0 -0.29529
650.0 3650.0 -0.36383
750.0 3650.0 -0.45841
850.0 3650.0 -0.57857
950.0 3650.0 -0.70330
1050.0 3650.0 -0.76458
1150.0 3650.0 -0.71737
1250.0 3650.0 -0.57313
1350.0 3650.0 -0.38235
1450.0 3650.0 -0.21318
1550.0 3650.0 -0.12683
1650.0 3650.0 -0.14971
1750.0 3650.0 -0.24263
1850.0 3650.0 -0.30624
1950.0 3650.0 -0.28023
2050.0 3650.0 -0.16364
2150.0 3650.0 0.00470
2250.0 3650.0 0.16662
2350.0 3650.0 0.26596
2450.0 3650.0 0.27077
2550.0 3650.0 0.19645
2650.0 3650.0 0.11918
2750.0 3650.0 0.09515
2850.0 3650.0 0.10507
2950.0 3650.0 0.09808
3050.0 3650.0 0.02950
3150.0 3650.0 -0.11808
3250.0 3650.0 -0.33024
3350.0 3650.0 -0.57278
3450.0 3650.0 -0.81614
3550.0 3650.0 -1.01236
3650.0 3650.0 -1.09373
3750.0 3650.0 -1.02594
3850.0 3650.0 -0.82984
3950.0 3650.0 -0.57900
4050.0 3650.0 -0.37309
4150.0 3650.0 -0.28744
4250.0 3650.0 -0.30039
4350.0 3650.0 -0.33234
4450.0 3650.0 -0.37518
4550.0 3650.0 -0.41183
4650.0 3650.0 -0.42353
4750.0 3650.0 -0.40199
4850.0 3650.0 -0.35340
4950.0 3650.0 -0.29427
5050.0 3650.0 -0.23909
5150.0 3650.0 -0.15817
5250.0 3650.0 0.02364
5350.0 3650.0 0.26754
5450.0 3650.0 0.47463
5550.0 3650.0 0.55946
5650.0 3650.0 0.49070
5750.0 3650.0 0.29899
5850.0 3650.0 0.05204
5950.0 3650.0 -0.20136
6050.0 3650.0 -0.44371
6150.0 3650.0 -0.61415
6250.0 3650.0 -0.64833
6350.0 3650.0 -0.52918
50.0 3750.0 0.25287
150.0 3750.0 0.09442
250.0 3750.0 -0.05509
350.0 3750.0 -0.18821
450.0 3750.0 -0.30295
550.0 3750.0 -0.40440
650.0 3750.0 -0.50329
750.0 3750.0 -0.61177
850.0 3750.0 -0.73615
950.0 3750.0 -0.86291
1050.0 3750.0 -0.92700
1150.0 3750.0 -0.88370
1250.0 3750.0 -0.74394
1350.0 3750.0 -0.55741
1450.0 3750.0 -0.39158
1550.0 3750.0 -0.30736
1650.0 3750.0 -0.33131
1750.0 3750.0 -0.42449
1850.0 3750.0 -0.47385
1950.0 3750.0 -0.40185
2050.0 3750.0 -0.21413
2150.0 3750.0 0.03106
2250.0 3750.0 0.25444
2350.0 3750.0 0.38521
2450.0 3750.0 0.38835
2550.0 3750.0 0.28981
2650.0 3750.0 0.17881
2750.0 3750.0 0.10259
2850.0 3750.0 0.04757
2950.0 3750.0 -0.02040
3050.0 3750.0 -0.13071
3150.0 3750.0 -0.29404
3250.0 3750.0 -0.49967
3350.0 3750.0 -0.72416
3450.0 3750.0 -0.94573
3550.0 3750.0 -1.10347
3650.0 3750.0 -1.12546
3750.0 3750.0 -0.98976
3850.0 3750.0 -0.73417
3950.0 3750.0 -0.44504
4050.0 3750.0 -0.22622
4150.0 3750.0 -0.14772
4250.0 3750.0 -0.17627
4350.0 3750.0 -0.22078
4450.0 3750.0 -0.27276
4550.0 3750.0 -0.32460
4650.0 3750.0 -0.36677
4750.0 3750.0 -0.39389
4850.0 3750.0 -0.40708
4950.0 3750.0 -0.41281
5050.0 3750.0 -0.41800
5150.0 3750.0 -0.39136
5250.0 3750.0 -0.23896
5350.0 3750.0 0.01823
5450.0 3750.0 0.28393
5550.0 3750.0 0.45791
5650.0 3750.0 0.48108
5750.0 3750.0 0.35426
5850.0 3750.0 0.13084
5950.0 3750.0 -0.12199
6050.0 3750.0 -0.38910
6150.0 3750.0 -0.61779
6250.0 3750.0 -0.72787
6350.0 3750.0 -0.67803
50.0 3850.0 0.36359
150.0 3850.0 0.16753
250.0 3850.0 -0.02020
350.0 3850.0 -0.18531
450.0 3850.0 -0.31874
550.0 3850.0 -0.42355
650.0 3850.0 -0.51516
750.0 3850.0 -0.61486
850.0 3850.0 -0.73678
950.0 3850.0 -0.86609
1050.0 3850.0 -0.93825
1150.0 3850.0 -0.91155
1250.0 3850.0 -0.79506
1350.0 3850.0 -0.63381
1450.0 3850.0 -0.48998
1550.0 3850.0 -0.42038
1650.0 3850.0 -0.45046
1750.0 3850.0 -0.54445
1850.0 3850.0 -0.58239
1950.0 3850.0 -0.47435
2050.0 3850.0 -0.23332
2150.0 3850.0 0.06558
2250.0 3850.0 0.32657
2350.0 3850.0 0.46919
2450.0 3850.0 0.45864
2550.0 3850.0 0.33065
2650.0 3850.0 0.18515
2750.0 3850.0 0.06952
2850.0 3850.0 -0.01983
2950.0 3850.0 -0.10432
3050.0 3850.0 -0.20737
3150.0 3850.0 -0.34405
3250.0 3850.0 -0.51611
3350.0 3850.0 -0.71253
3450.0 3850.0 -0.91000
3550.0 3850.0 -1.03179
3650.0 3850.0 -1.00526
3750.0 3850.0 -0.82058
3850.0 3850.0 -0.52893
3950.0 3850.0 -0.22426
4050.0 3850.0 -0.00937
4150.0 3850.0 0.05361
4250.0 3850.0 0.00686
4350.0 3850.0 -0.05031
4450.0 3850.0 -0.10754
4550.0 3850.0 -0.16790
4650.0 3850.0 -0.23387
4750.0 3850.0 -0.30565
4850.0 3850.0 -0.38086
4950.0 3850.0 -0.45584
5050.0 3850.0 -0.52835
5150.0 3850.0 -0.56424
5250.0 3850.0 -0.45273
5350.0 3850.0 -0.19611
5450.0 3850.0 0.11471
5550.0 3850.0 0.36735
5650.0 3850.0 0.47625
5750.0 3850.0 0.41200
5850.0 3850.0 0.21196
5950.0 3850.0 -0.04029
6050.0 3850.0 -0.33520
6150.0 3850.0 -0.62927
6250.0 3850.0 -0.82452
6350.0 3850.0 -0.85239
50.0 3950.0 0.38569
150.0 3950.0 0.15951
250.0 3950.0 -0.04378
350.0 3950.0 -0.20050
450.0 3950.0 -0.30106
550.0 3950.0 -0.35743
650.0 3950.0 -0.40049
750.0 3950.0 -0.46760
850.0 3950.0 -0.58005
950.0 3950.0 -0.71171
1050.0 3950.0 -0.79377
1150.0 3950.0 -0.78858
1250.0 3950.0 -0.70284
1350.0 3950.0 -0.57543
1450.0 3950.0 -0.46125
1550.0 3950.0 -0.41139
1650.0 3950.0 -0.44965
1750.0 3950.0 -0.54469
1850.0 3950.0 -0.57788
1950.0 3950.0 -0.45619
2050.0 3950.0 -0.19904
2150.0 3950.0 0.10933
2250.0 3950.0 0.36690
2350.0 3950.0 0.49255
2450.0 3950.0 0.45602
2550.0 3950.0 0.29932
2650.0 3950.0 0.12631
2750.0 3950.0 -0.00672
2850.0 3950.0 -0.09130
2950.0 3950.0 -0.14302
3050.0 3950.0 -0.19023
3150.0 3950.0 -0.26279
3250.0 3950.0 -0.38116
3350.0 3950.0 -0.54555
3450.0 3950.0 -0.72219
3550.0 3950.0 -0.82087
3650.0 3950.0 -0.77331
3750.0 3950.0 -0.57817
3850.0 3950.0 -0.29175
3950.0 3950.0 -0.00643
4050.0 3950.0 0.18269
4150.0 3950.0 0.22286
4250.0 3950.0 0.15921
4350.0 3950.0 0.09449
4450.0 3950.0 0.04528
4550.0 3950.0 -0.00107
4650.0 3950.0 -0.06175
4750.0 3950.0 -0.14777
4850.0 3950.0 -0.25914
4950.0 3950.0 -0.38619
5050.0 3950.0 -0.51684
5150.0 3950.0 -0.61031
5250.0 3950.0 -0.54600
5350.0 3950.0 -0.31157
5450.0 3950.0 0.01023
5550.0 3950.0 0.30250
5650.0 3950.0 0.46280
5750.0 3950.0 0.43954
5850.0 3950.0 0.25595
5950.0 3950.0 0.00442
6050.0 3950.0 -0.31178
6150.0 3950.0 -0.65539
6250.0 3950.0 -0.91347
6350.0 3950.0 -0.99590
50.0 4050.0 0.30214
150.0 4050.0 0.05919
250.0 4050.0 -0.13559
350.0 4050.0 -0.24884
450.0 4050.0 -0.27655
550.0 4050.0 -0.24760
650.0 4050.0 -0.21494
750.0 4050.0 -0.23475
850.0 4050.0 -0.33334
950.0 4050.0 -0.46650
1050.0 4050.0 -0.55594
1150.0 4050.0 -0.56699
1250.0 4050.0 -0.50461
1350.0 4050.0 -0.40296
1450.0 4050.0 -0.31138
1550.0 4050.0 -0.27660
1650.0 4050.0 -0.32108
1750.0 4050.0 -0.41701
1850.0 4050.0 -0.45320
1950.0 4050.0 -0.34346
2050.0 4050.0 -0.11136
2150.0 4050.0 0.15943
2250.0 4050.0 0.37244
2350.0 4050.0 0.45520
2450.0 4050.0 0.38543
2550.0 4050.0 0.20659
2650.0 4050.0 0.01807
2750.0 4050.0 -0.11034
2850.0 4050.0 -0.15909
2950.0 4050.0 -0.14499
3050.0 4050.0 -0.10912
3150.0 4050.0 -0.10136
3250.0 4050.0 -0.16170
3350.0 4050.0 -0.29811
3450.0 4050.0 -0.46152
3550.0 4050.0 -0.55509
3650.0 4050.0 -0.51934
3750.0 4050.0 -0.35593
3850.0 4050.0 -0.11667
3950.0 4050.0 0.11683
4050.0 4050.0 0.26261
4150.0 4050.0 0.27695
4250.0 4050.0 0.20116
4350.0 4050.0 0.13719
4450.0 4050.0 0.11324
4550.0 4050.0 0.11014
4650.0 4050.0 0.09448
4750.0 4050.0 0.03886
4850.0 4050.0 -0.06696
4950.0 4050.0 -0.21396
5050.0 4050.0 -0.38085
5150.0 4050.0 -0.51542
5250.0 4050.0 -0.49655
5350.0 4050.0 -0.30463
5450.0 4050.0 -0.01265
5550.0 4050.0 0.26749
5650.0 4050.0 0.43060
5750.0 4050.0 0.41610
5850.0 4050.0 0.23799
5950.0 4050.0 -0.01262
6050.0 4050.0 -0.33649
6150.0 4050.0 -0.69684
6250.0 4050.0 -0.97238
6350.0 4050.0 -1.06357
50.0 4150.0 0.13520
150.0 4150.0 -0.11057
250.0 4150.0 -0.28012
350.0 4150.0 -0.33227
450.0 4150.0 -0.27210
550.0 4150.0 -0.14789
650.0 4150.0 -0.03496
750.0 4150.0 -0.00639
850.0 4150.0 -0.09076
950.0 4150.0 -0.22425
1050.0 4150.0 -0.31546
1150.0 4150.0 -0.33005
1250.0 4150.0 -0.27260
1350.0 4150.0 -0.17629
1450.0 4150.0 -0.08934
1550.0 4150.0 -0.05763
1650.0 4150.0 -0.10340
1750.0 4150.0 -0.19973
1850.0 4150.0 -0.24490
1950.0 4150.0 -0.16648
2050.0 4150.0 0.01049
2150.0 4150.0 0.21099
2250.0 4150.0 0.35293
2350.0 4150.0 0.37880
2450.0 4150.0 0.27577
2550.0 4150.0 0.08436
2650.0 4150.0 -0.10738
2750.0 4150.0 -0.21699
2850.0 4150.0 -0.21739
2950.0 4150.0 -0.13117
3050.0 4150.0 -0.01435
3150.0 4150.0 0.06461
3250.0 4150.0 0.05058
3350.0 4150.0 -0.06775
3450.0 4150.0 -0.22679
3550.0 4150.0 -0.33154
3650.0 4150.0 -0.33355
3750.0 4150.0 -0.23232
3850.0 4150.0 -0.06772
3950.0 4150.0 0.09536
4050.0 4150.0 0.19045
4150.0 4150.0 0.18093
4250.0 4150.0 0.09925
4350.0 4150.0 0.04428
4450.0 4150.0 0.06031
4550.0 4150.0 0.12534
4650.0 4150.0 0.18995
4750.0 4150.0 0.20641
4850.0 4150.0 0.14746
4950.0 4150.0 0.01482
5050.0 4150.0 -0.16261
5150.0 4150.0 -0.31712
5250.0 4150.0 -0.33518
5350.0 4150.0 -0.19764
5450.0 4150.0 0.03229
5550.0 4150.0 0.25544
5650.0 4150.0 0.37704
5750.0 4150.0 0.34090
5850.0 4150.0 0.15754
5950.0 4150.0 -0.09197
6050.0 4150.0 -0.40829
6150.0 4150.0 -0.74878
6250.0 4150.0 -0.99151
6350.0 4150.0 -1.04130
50.0 4250.0 -0.06639
150.0 4250.0 -0.30712
250.0 4250.0 -0.44560
350.0 4250.0 -0.43481
450.0 4250.0 -0.28965
550.0 4250.0 -0.07671
650.0 4250.0 0.10900
750.0 4250.0 0.18059
850.0 4250.0 0.10898
950.0 4250.0 -0.02397
1050.0 4250.0 -0.11244
1150.0 4250.0 -0.12038
1250.0 4250.0 -0.05305
1350.0 4250.0 0.05435
1450.0 4250.0 0.15112
1550.0 4250.0 0.18940
1650.0 4250.0 0.14626
1750.0 4250.0 0.04992
1850.0 4250.0 -0.00675
1950.0 4250.0 0.03245
2050.0 4250.0 0.14269
2150.0 4250.0 0.26132
2250.0 4250.0 0.32428
2350.0 4250.0 0.29108
2450.0 4250.0 0.15817
2550.0 4250.0 -0.03902
2650.0 4250.0 -0.22692
2750.0 4250.0 -0.31330
2850.0 4250.0 -0.26664
2950.0 4250.0 -0.11674
3050.0 4250.0 0.06672
3150.0 4250.0 0.20055
3250.0 4250.0 0.21922
3350.0 4250.0 0.11093
3450.0 4250.0 -0.04909
3550.0 4250.0 -0.17304
3650.0 4250.0 -0.22378
3750.0 4250.0 -0.19596
3850.0 4250.0 -0.11449
3950.0 4250.0 -0.02577
4050.0 4250.0 0.01909
4150.0 4250.0 -0.01109
4250.0 4250.0 -0.09473
4350.0 4250.0 -0.13631
4450.0 4250.0 -0.07348
4550.0 4250.0 0.07130
4650.0 4250.0 0.23342
4750.0 4250.0 0.34336
4850.0 4250.0 0.35357
4950.0 4250.0 0.25487
5050.0 4250.0 0.08249
5150.0 4250.0 -0.07849
5250.0 4250.0 -0.12603
5350.0 4250.0 -0.04583
5450.0 4250.0 0.10795
5550.0 4250.0 0.25251
5650.0 4250.0 0.31023
5750.0 4250.0 0.23661
5850.0 4250.0 0.04224
5950.0 4250.0 -0.20606
6050.0 4250.0 -0.50584
6150.0 4250.0 -0.80499
6250.0 4250.0 -0.98555
6350.0 4250.0 -0.96488
50.0 4350.0 -0.22511
150.0 4350.0 -0.45811
250.0 4350.0 -0.56718
350.0 4350.0 -0.49988
450.0 4350.0 -0.27872
550.0 4350.0 0.01455
650.0 4350.0 0.26810
750.0 4350.0 0.38283
850.0 4350.0 0.32857
950.0 4350.0 0.20243
1050.0 4350.0 0.12224
1150.0 4350.0 0.12427
1250.0 4350.0 0.20145
1350.0 4350.0 0.31665
1450.0 4350.0 0.41817
1550.0 4350.0 0.45841
1650.0 4350.0 0.41570
1750.0 4350.0 0.31924
1850.0 4350.0 0.24875
1950.0 4350.0 0.24247
2050.0 4350.0 0.27907
2150.0 4350.0 0.31278
2250.0 4350.0 0.30038
2350.0 4350.0 0.21828
2450.0 4350.0 0.06967
2550.0 4350.0 -0.11830
2650.0 4350.0 -0.28817
2750.0 4350.0 -0.34180
2850.0 4350.0 -0.24728
2950.0 4350.0 -0.04285
3050.0 4350.0 0.19075
3150.0 4350.0 0.36134
3250.0 4350.0 0.39958
3350.0 4350.0 0.29667
3450.0 4350.0 0.13562
3550.0 4350.0 -0.00469
3650.0 4350.0 -0.09754
3750.0 4350.0 -0.13448
3850.0 4350.0 -0.12817
3950.0 4350.0 -0.10883
4050.0 4350.0 -0.11335
4150.0 4350.0 -0.16702
4250.0 4350.0 -0.25724
4350.0 4350.0 -0.28991
4450.0 4350.0 -0.18356
4550.0 4350.0 0.03966
4650.0 4350.0 0.30008
4750.0 4350.0 0.50574
4850.0 4350.0 0.58741
4950.0 4350.0 0.52365
5050.0 4350.0 0.35566
5150.0 4350.0 0.18623
5250.0 4350.0 0.10349
5350.0 4350.0 0.11638
5450.0 4350.0 0.18157
5550.0 4350.0 0.23533
5650.0 4350.0 0.21981
5750.0 4350.0 0.10369
5850.0 4350.0 -0.10271
5950.0 4350.0 -0.34926
6050.0 4350.0 -0.63232
6150.0 4350.0 -0.89106
6250.0 4350.0 -1.01207
6350.0 4350.0 -0.92519
50.0 4450.0 -0.26798
150.0 4450.0 -0.48909
250.0 4450.0 -0.57777
350.0 4450.0 -0.47737
450.0 4450.0 -0.21135
550.0 4450.0 0.13305
650.0 4450.0 0.43591
750.0 4450.0 0.59048
850.0 4450.0 0.56386
950.0 4450.0 0.45972
1050.0 4450.0 0.40023
1150.0 4450.0 0.41738
1250.0 4450.0 0.49989
1350.0 4450.0 0.60986
1450.0 4450.0 0.69925
1550.0 4450.0 0.72720
1650.0 4450.0 0.67830
1750.0 4450.0 0.58130
1850.0 4450.0 0.49306
1950.0 4450.0 0.43171
2050.0 4450.0 0.38725
2150.0 4450.0 0.33965
2250.0 4450.0 0.27076
2350.0 4450.0 0.17150
2450.0 4450.0 0.04445
2550.0 4450.0 -0.09824
2650.0 4450.0 -0.21702
2750.0 4450.0 -0.21708
2850.0 4450.0 -0.07575
2950.0 4450.0 0.15812
3050.0 4450.0 0.39983
3150.0 4450.0 0.56247
3250.0 4450.0 0.58877
3350.0 4450.0 0.48095
3450.0 4450.0 0.32015
3550.0 4450.0 0.17434
3650.0 4450.0 0.06321
3750.0 4450.0 -0.00713
3850.0 4450.0 -0.04600
3950.0 4450.0 -0.07546
4050.0 4450.0 -0.12243
4150.0 4450.0 -0.20530
4250.0 4450.0 -0.31428
4350.0 4450.0 -0.35195
4450.0 4450.0 -0.21807
4550.0 4450.0 0.06701
4650.0 4450.0 0.41072
4750.0 4450.0 0.70003
4850.0 4450.0 0.84427
4950.0 4450.0 0.80868
5050.0 4450.0 0.63894
5150.0 4450.0 0.45430
5250.0 4450.0 0.32738
5350.0 4450.0 0.26284
5450.0 4450.0 0.23054
5550.0 4450.0 0.18775
5650.0 4450.0 0.09689
5750.0 4450.0 -0.06111
5850.0 4450.0 -0.27790
5950.0 4450.0 -0.52149
6050.0 4450.0 -0.79107
6150.0 4450.0 -1.02078
6250.0 4450.0 -1.10162
6350.0 4450.0 -0.97260
50.0 4550.0 -0.18923
150.0 4550.0 -0.39559
250.0 4550.0 -0.47978
350.0 4550.0 -0.38341
450.0 4550.0 -0.12209
550.0 4550.0 0.22508
650.0 4550.0 0.54298
750.0 4550.0 0.72479
850.0 4550.0 0.73325
950.0 4550.0 0.66613
1050.0 4550.0 0.63941
1150.0 4550.0 0.67617
1250.0 4550.0 0.75860
1350.0 4550.0 0.84938
1450.0 4550.0 0.90897
1550.0 4550.0 0.90988
1650.0 4550.0 0.84797
1750.0 4550.0 0.75005
1850.0 4550.0 0.64243
1950.0 4550.0 0.52421
2050.0 4550.0 0.40445
2150.0 4550.0 0.29521
2250.0 4550.0 0.20403
2350.0 4550.0 0.13060
2450.0 4550.0 0.06787
2550.0 4550.0 0.00727
2650.0 4550.0 -0.02830
2750.0 4550.0 0.04213
2850.0 4550.0 0.22170
2950.0 4550.0 0.45004
3050.0 4550.0 0.64763
3150.0 4550.0 0.74939
3250.0 4550.0 0.72744
3350.0 4550.0 0.60301
3450.0 4550.0 0.44399
3550.0 4550.0 0.30721
3650.0 4550.0 0.21079
3750.0 4550.0 0.15213
3850.0 4550.0 0.11359
3950.0 4550.0 0.06977
4050.0 4550.0 -0.00336
4150.0 4550.0 -0.11730
4250.0 4550.0 -0.25685
4350.0 4550.0 -0.31653
4450.0 4550.0 -0.18196
4550.0 4550.0 0.12988
4650.0 4550.0 0.51905
4750.0 4550.0 0.85804
4850.0 4550.0 1.03957
4950.0 4550.0 1.01715
5050.0 4550.0 0.83805
5150.0 4550.0 0.63365
5250.0 4550.0 0.46571
5350.0 4550.0 0.33787
5450.0 4550.0 0.23177
5550.0 4550.0 0.12057
5650.0 4550.0 -0.01998
5750.0 4550.0 -0.20287
5850.0 4550.0 -0.42360
5950.0 4550.0 -0.66314
6050.0 4550.0 -0.92527
6150.0 4550.0 -1.14432
6250.0 4550.0 -1.21480
6350.0 4550.0 -1.07944
50.0 4650.0 -0.03548
150.0 4650.0 -0.22712
250.0 4650.0 -0.32436
350.0 4650.0 -0.26997
450.0 4650.0 -0.06415
550.0 4650.0 0.23471
650.0 4650.0 0.52878
750.0 4650.0 0.71907
850.0 4650.0 0.76319
950.0 4650.0 0.74119
1050.0 4650.0 0.75353
1150.0 4650.0 0.81157
1250.0 4650.0 0.88981
1350.0 4650.0 0.95245
1450.0 4650.0 0.97140
1550.0 4650.0 0.93642
1650.0 4650.0 0.85745
1750.0 4650.0 0.75843
1850.0 4650.0 0.63342
1950.0 4650.0 0.46716
2050.0 4650.0 0.29190
2150.0 4650.0 0.15218
2250.0 4650.0 0.07705
2350.0 4650.0 0.06763
2450.0 4650.0 0.09992
2550.0 4650.0 0.14289
2650.0 4650.0 0.20725
2750.0 4650.0 0.35264
2850.0 4650.0 0.55624
2950.0 4650.0 0.74710
3050.0 4650.0 0.85868
3150.0 4650.0 0.85970
3250.0 4650.0 0.76320
3350.0 4650.0 0.61385
3450.0 4650.0 0.45782
3550.0 4650.0 0.34278
3650.0 4650.0 0.29099
3750.0 4650.0 0.28644
3850.0 4650.0 0.29311
3950.0 4650.0 0.27157
4050.0 4650.0 0.19314
4150.0 4650.0 0.05193
4250.0 4650.0 -0.12432
4350.0 4650.0 -0.21939
4450.0 4650.0 -0.11272
4550.0 4650.0 0.18294
4650.0 4650.0 0.56784
4750.0 4650.0 0.90990
4850.0 4650.0 1.09402
4950.0 4650.0 1.06607
5050.0 4650.0 0.87154
5150.0 4650.0 0.64762
5250.0 4650.0 0.45570
5350.0 4650.0 0.30298
5450.0 4650.0 0.17732
5550.0 4650.0 0.05608
5650.0 4650.0 -0.08494
5750.0 4650.0 -0.26263
5850.0 4650.0 -0.47759
5950.0 4650.0 -0.71267
6050.0 4650.0 -0.97426
6150.0 4650.0 -1.20166
6250.0 4650.0 -1.29150
6350.0 4650.0 -1.18452
50.0 4750.0 0.11835
150.0 4750.0 -0.06141
250.0 4750.0 -0.18386
350.0 4750.0 -0.19515
450.0 4750.0 -0.07668
550.0 4750.0 0.14040
650.0 4750.0 0.38271
750.0 4750.0 0.56420
850.0 4750.0 0.63768
950.0 4750.0 0.65901
1050.0 4750.0 0.70859
1150.0 4750.0 0.78620
1250.0 4750.0 0.85900
1350.0 4750.0 0.89295
1450.0 4750.0 0.87135
1550.0 4750.0 0.80086
1650.0 4750.0 0.70509
1750.0 4750.0 0.60506
1850.0 4750.0 0.46735
1950.0 4750.0 0.26867
2050.0 4750.0 0.06350
2150.0 4750.0 -0.07676
2250.0 4750.0 -0.10869
2350.0 4750.0 -0.03578
2450.0 4750.0 0.09842
2550.0 4750.0 0.24305
2650.0 4750.0 0.40246
2750.0 4750.0 0.61348
2850.0 4750.0 0.82705
2950.0 4750.0 0.96409
3050.0 4750.0 0.97439
3150.0 4750.0 0.86330
3250.0 4750.0 0.68610
3350.0 4750.0 0.51011
3450.0 4750.0 0.35747
3550.0 4750.0 0.27009
3650.0 4750.0 0.27799
3750.0 4750.0 0.35055
3850.0 4750.0 0.42894
3950.0 4750.0 0.45391
4050.0 4750.0 0.38717
4150.0 4750.0 0.22649
4250.0 4750.0 0.01537
4350.0 4750.0 -0.11963
4450.0 4750.0 -0.05987
4550.0 4750.0 0.18615
4650.0 4750.0 0.52521
4750.0 4750.0 0.83003
4850.0 4750.0 0.98664
4950.0 4750.0 0.93829
5050.0 4750.0 0.72612
5150.0 4750.0 0.48751
5250.0 4750.0 0.29534
5350.0 4750.0 0.16447
5450.0 4750.0 0.08157
5550.0 4750.0 0.01482
5650.0 4750.0 -0.07413
5750.0 4750.0 -0.21578
5850.0 4750.0 -0.41598
5950.0 4750.0 -0.64698
6050.0 4750.0 -0.91301
6150.0 4750.0 -1.16086
6250.0 4750.0 -1.28792
6350.0 4750.0 -1.22922
50.0 4850.0 0.19627
150.0 4850.0 0.02396
250.0 4850.0 -0.12507
350.0 4850.0 -0.20089
450.0 4850.0 -0.16844
550.0 4850.0 -0.03406
650.0 4850.0 0.15193
750.0 4850.0 0.31641
850.0 4850.0 0.40872
950.0 4850.0 0.46235
1050.0 4850.0 0.53993
1150.0 4850.0 0.63271
1250.0 4850.0 0.70227
1350.0 4850.0 0.71576
1450.0 4850.0 0.66475
1550.0 4850.0 0.56832
1650.0 4850.0 0.46023
1750.0 4850.0 0.35950
1850.0 4850.0 0.21450
1950.0 4850.0 -0.00096
2050.0 4850.0 -0.21584
2150.0 4850.0 -0.34107
2250.0 4850.0 -0.32590
2350.0 4850.0 -0.18047
2450.0 4850.0 0.03532
2550.0 4850.0 0.25682
2650.0 4850.0 0.48670
2750.0 4850.0 0.74409
2850.0 4850.0 0.95988
2950.0 4850.0 1.04976
3050.0 4850.0 0.97721
3150.0 4850.0 0.77651
3250.0 4850.0 0.53556
3350.0 4850.0 0.33866
3450.0 4850.0 0.18882
3550.0 4850.0 0.12550
3650.0 4850.0 0.18651
3750.0 4850.0 0.32941
3850.0 4850.0 0.47574
3950.0 4850.0 0.54824
4050.0 4850.0 0.49884
4150.0 4850.0 0.32711
4250.0 4850.0 0.09020
4350.0 4850.0 -0.07835
4450.0 4850.0 -0.06638
4550.0 4850.0 0.12082
4650.0 4850.0 0.39896
4750.0 4850.0 0.65028
4850.0 4850.0 0.76717
4950.0 4850.0 0.69396
5050.0 4850.0 0.46686
5150.0 4850.0 0.22088
5250.0 4850.0 0.04858
5350.0 4850.0 -0.02582
5450.0 4850.0 -0.02276
5550.0 4850.0 0.00743
5650.0 4850.0 0.00340
5750.0 4850.0 -0.08415
5850.0 4850.0 -0.26525
5950.0 4850.0 -0.49322
6050.0 4850.0 -0.76454
6150.0 4850.0 -1.03262
6250.0 4850.0 -1.19491
6350.0 4850.0 -1.18063
50.0 4950.0 0.15168
150.0 4950.0 -0.01749
250.0 4950.0 -0.18321
350.0 4950.0 -0.29814
450.0 4950.0 -0.31787
550.0 4950.0 -0.23435
650.0 4950.0 -0.08428
750.0 4950.0 0.06717
850.0 4950.0 0.16762
950.0 4950.0 0.23752
1050.0 4950.0 0.33005
1150.0 4950.0 0.43259
1250.0 4950.0 0.50374
1350.0 4950.0 0.51055
1450.0 4950.0 0.44797
1550.0 4950.0 0.34066
1650.0 4950.0 0.22725
1750.0 4950.0 0.12625
1850.0 4950.0 -0.02202
1950.0 4950.0 -0.24456
2050.0 4950.0 -0.46204
2150.0 4950.0 -0.57692
2250.0 4950.0 -0.53539
2350.0 4950.0 -0.35152
2450.0 4950.0 -0.09372
2550.0 4950.0 0.16658
2650.0 4950.0 0.43210
2750.0 4950.0 0.71409
2850.0 4950.0 0.93363
2950.0 4950.0 1.00334
3050.0 4950.0 0.89284
3150.0 4950.0 0.65012
3250.0 4950.0 0.37892
3350.0 4950.0 0.17204
3450.0 4950.0 0.02363
3550.0 4950.0 -0.02727
3650.0 4950.0 0.06122
3750.0 4950.0 0.24065
3850.0 4950.0 0.42245
3950.0 4950.0 0.52004
4050.0 4950.0 0.48014
4150.0 4950.0 0.30318
4250.0 4950.0 0.05331
4350.0 4950.0 -0.13395
4450.0 4950.0 -0.15233
4550.0 4950.0 -0.00547
4650.0 4950.0 0.22885
4750.0 4950.0 0.44056
4850.0 4950.0 0.52799
4950.0 4950.0 0.43751
5050.0 4950.0 0.20204
5150.0 4950.0 -0.04429
5250.0 4950.0 -0.18793
5350.0 4950.0 -0.19649
5450.0 4950.0 -0.09984
5550.0 4950.0 0.03152
5650.0 4950.0 0.11311
5750.0 4950.0 0.07813
5850.0 4950.0 -0.08585
5950.0 4950.0 -0.31206
6050.0 4950.0 -0.58512
6150.0 4950.0 -0.86104
6250.0 4950.0 -1.03755
6350.0 4950.0 -1.04166
50.0 5050.0 0.00110
150.0 5050.0 -0.16754
250.0 5050.0 -0.33663
350.0 5050.0 -0.45932
450.0 5050.0 -0.48943
550.0 5050.0 -0.41608
650.0 5050.0 -0.27328
750.0 5050.0 -0.12462
850.0 5050.0 -0.02280
950.0 5050.0 0.05022
1050.0 5050.0 0.14709
1150.0 5050.0 0.25540
1250.0 5050.0 0.33279
1350.0 5050.0 0.34508
1450.0 5050.0 0.28633
1550.0 5050.0 0.18101
1650.0 5050.0 0.06824
1750.0 5050.0 -0.03269
1850.0 5050.0 -0.18260
1950.0 5050.0 -0.41000
2050.0 5050.0 -0.63398
2150.0 5050.0 -0.75434
2250.0 5050.0 -0.71508
2350.0 5050.0 -0.52946
2450.0 5050.0 -0.26661
2550.0 5050.0 0.00033
2650.0 5050.0 0.27328
2750.0 5050.0 0.56474
2850.0 5050.0 0.79487
2950.0 5050.0 0.87420
3050.0 5050.0 0.77058
3150.0 5050.0 0.53148
3250.0 5050.0 0.26141
3350.0 5050.0 0.05468
3450.0 5050.0 -0.09361
3550.0 5050.0 -0.14451
3650.0 5050.0 -0.05664
3750.0 5050.0 0.12102
3850.0 5050.0 0.29979
3950.0 5050.0 0.39349
4050.0 5050.0 0.34964
4150.0 5050.0 0.16942
4250.0 5050.0 -0.08304
4350.0 5050.0 -0.27437
4450.0 5050.0 -0.30054
4550.0 5050.0 -0.16487
4650.0 5050.0 0.05677
4750.0 5050.0 0.25675
4850.0 5050.0 0.33544
4950.0 5050.0 0.24012
5050.0 5050.0 0.00281
5150.0 5050.0 -0.23970
5250.0 5050.0 -0.35639
5350.0 5050.0 -0.30940
5450.0 5050.0 -0.13711
5550.0 5050.0 0.07370
5650.0 5050.0 0.22085
5750.0 5050.0 0.22496
5850.0 5050.0 0.07286
5950.0 5050.0 -0.15255
6050.0 5050.0 -0.42230
6150.0 5050.0 -0.69058
6250.0 5050.0 -0.85611
6350.0 5050.0 -0.84828
50.0 5150.0 -0.14829
150.0 5150.0 -0.31891
250.0 5150.0 -0.49284
350.0 5150.0 -0.62349
450.0 5150.0 -0.66316
550.0 5150.0 -0.59885
650.0 5150.0 -0.46273
750.0 5150.0 -0.31740
850.0 5150.0 -0.21600
950.0 5150.0 -0.14202
1050.0 5150.0 -0.04094
1150.0 5150.0 0.07706
1250.0 5150.0 0.16897
1350.0 5150.0 0.19806
1450.0 5150.0 0.15494
1550.0 5150.0 0.06103
1650.0 5150.0 -0.04584
1750.0 5150.0 -0.14443
1850.0 5150.0 -0.29382
1950.0 5150.0 -0.52547
2050.0 5150.0 -0.76032
2150.0 5150.0 -0.89757
2250.0 5150.0 -0.87824
2350.0 5150.0 -0.71123
2450.0 5150.0 -0.46186
2550.0 5150.0 -0.20278
2650.0 5150.0 0.06490
2750.0 5150.0 0.35706
2850.0 5150.0 0.59689
2950.0 5150.0 0.69425
3050.0 5150.0 0.61317
3150.0 5150.0 0.39537
3250.0 5150.0 0.13995
3350.0 5150.0 -0.06078
3450.0 5150.0 -0.20753
3550.0 5150.0 -0.26187
3650.0 5150.0 -0.18503
3750.0 5150.0 -0.02414
3850.0 5150.0 0.13635
3950.0 5150.0 0.21504
4050.0 5150.0 0.16292
4150.0 5150.0 -0.01803
4250.0 5150.0 -0.26677
4350.0 5150.0 -0.45418
4450.0 5150.0 -0.47710
4550.0 5150.0 -0.33925
4650.0 5150.0 -0.11648
4750.0 5150.0 0.08398
4850.0 5150.0 0.16323
4950.0 5150.0 0.06920
5050.0 5150.0 -0.16592
5150.0 5150.0 -0.40154
5250.0 5150.0 -0.49110
5350.0 5150.0 -0.39253
5450.0 5150.0 -0.15225
5550.0 5150.0 0.12855
5650.0 5150.0 0.33265
5750.0 5150.0 0.37047
5850.0 5150.0 0.22886
5950.0 5150.0 0.00493
6050.0 5150.0 -0.25824
6150.0 5150.0 -0.51184
6250.0 5150.0 -0.65678
6350.0 5150.0 -0.62713
50.0 5250.0 -0.18501
150.0 5250.0 -0.36627
250.0 5250.0 -0.56525
350.0 5250.0 -0.73625
450.0 5250.0 -0.82390
550.0 5250.0 -0.80453
650.0 5250.0 -0.70109
750.0 5250.0 -0.57172
850.0 5250.0 -0.47185
950.0 5250.0 -0.39346
1050.0 5250.0 -0.28026
1150.0 5250.0 -0.13653
1250.0 5250.0 -0.00581
1350.0 5250.0 0.06941
1450.0 5250.0 0.07120
1550.0 5250.0 0.01263
1650.0 5250.0 -0.07271
1750.0 5250.0 -0.15906
1850.0 5250.0 -0.29741
1950.0 5250.0 -0.52500
2050.0 5250.0 -0.77326
2150.0 5250.0 -0.94683
2250.0 5250.0 -0.98292
2350.0 5250.0 -0.87820
2450.0 5250.0 -0.68318
2550.0 5250.0 -0.46409
2650.0 5250.0 -0.23133
2750.0 5250.0 0.03426
2850.0 5250.0 0.26705
2950.0 5250.0 0.38291
3050.0 5250.0 0.34212
3150.0 5250.0 0.17324
3250.0 5250.0 -0.04171
3350.0 5250.0 -0.22110
3450.0 5250.0 -0.35825
3550.0 5250.0 -0.41656
3650.0 5250.0 -0.36331
3750.0 5250.0 -0.23927
3850.0 5250.0 -0.11674
3950.0 5250.0 -0.06495
4050.0 5250.0 -0.12503
4150.0 5250.0 -0.29461
4250.0 5250.0 -0.52130
4350.0 5250.0 -0.68537
4450.0 5250.0 -0.68536
4550.0 5250.0 -0.52709
4650.0 5250.0 -0.28796
4750.0 5250.0 -0.07509
4850.0 5250.0 0.01448
4950.0 5250.0 -0.06867
5050.0 5250.0 -0.29091
5150.0 5250.0 -0.50948
5250.0 5250.0 -0.56683
5350.0 5250.0 -0.41933
5450.0 5250.0 -0.12099
5550.0 5250.0 0.21587
5650.0 5250.0 0.46387
5750.0 5250.0 0.52800
5850.0 5250.0 0.39691
5950.0 5250.0 0.17840
6050.0 5250.0 -0.07040
6150.0 5250.0 -0.29795
6250.0 5250.0 -0.41157
6350.0 5250.0 -0.35443
50.0 5350.0 -0.09379
150.0 5350.0 -0.29499
250.0 5350.0 -0.53654
350.0 5350.0 -0.77319
450.0 5350.0 -0.93653
550.0 5350.0 -0.98592
650.0 5350.0 -0.93058
750.0 5350.0 -0.82294
850.0 5350.0 -0.72313
950.0 5350.0 -0.63646
1050.0 5350.0 -0.50642
1150.0 5350.0 -0.32963
1250.0 5350.0 -0.14883
1350.0 5350.0 -0.01226
1450.0 5350.0 0.05186
1550.0 5350.0 0.04554
1650.0 5350.0 -0.00412
1750.0 5350.0 -0.06650
1850.0 5350.0 -0.17798
1950.0 5350.0 -0.38137
2050.0 5350.0 -0.62921
2150.0 5350.0 -0.84215
2250.0 5350.0 -0.95717
2350.0 5350.0 -0.95332
2450.0 5350.0 -0.85519
2550.0 5350.0 -0.71406
2650.0 5350.0 -0.55294
2750.0 5350.0 -0.34983
2850.0 5350.0 -0.14958
2950.0 5350.0 -0.02138
3050.0 5350.0 -0.00720
3150.0 5350.0 -0.09910
3250.0 5350.0 -0.24538
3350.0 5350.0 -0.38568
3450.0 5350.0 -0.50319
3550.0 5350.0 -0.56425
3650.0 5350.0 -0.54527
3750.0 5350.0 -0.47563
3850.0 5350.0 -0.40728
3950.0 5350.0 -0.38988
4050.0 5350.0 -0.45285
4150.0 5350.0 -0.59436
4250.0 5350.0 -0.77642
4350.0 5350.0 -0.89523
4450.0 5350.0 -0.85446
4550.0 5350.0 -0.66413
4650.0 5350.0 -0.40306
4750.0 5350.0 -0.17575
4850.0 5350.0 -0.07328
4950.0 5350.0 -0.13858
5050.0 5350.0 -0.33570
5150.0 5350.0 -0.52587
5250.0 5350.0 -0.55074
5350.0 5350.0 -0.36946
5450.0 5350.0 -0.04123
5550.0 5350.0 0.31790
5650.0 5350.0 0.58019
5750.0 5350.0 0.65349
5850.0 5350.0 0.53056
5950.0 5350.0 0.32212
6050.0 5350.0 0.09558
6150.0 5350.0 -0.09606
6250.0 5350.0 -0.17132
6350.0 5350.0 -0.08658
50.0 5450.0 0.07264
150.0 5450.0 -0.15322
250.0 5450.0 -0.44007
350.0 5450.0 -0.74114
450.0 5450.0 -0.97425
550.0 5450.0 -1.08281
650.0 5450.0 -1.06493
750.0 5450.0 -0.97045
850.0 5450.0 -0.86601
950.0 5450.0 -0.76887
1050.0 5450.0 -0.62516
1150.0 5450.0 -0.42622
1250.0 5450.0 -0.21139
1350.0 5450.0 -0.02985
1450.0 5450.0 0.08472
1550.0 5450.0 0.12633
1650.0 5450.0 0.11563
1750.0 5450.0 0.08484
1850.0 5450.0 0.01489
1950.0 5450.0 -0.13753
2050.0 5450.0 -0.35347
2150.0 5450.0 -0.58103
2250.0 5450.0 -0.76531
2350.0 5450.0 -0.86962
2450.0 5450.0 -0.88804
2550.0 5450.0 -0.84926
2650.0 5450.0 -0.78567
2750.0 5450.0 -0.67301
2850.0 5450.0 -0.52936
2950.0 5450.0 -0.40182
3050.0 5450.0 -0.33166
3150.0 5450.0 -0.33469
3250.0 5450.0 -0.39726
3350.0 5450.0 -0.48754
3450.0 5450.0 -0.57835
3550.0 5450.0 -0.63886
3650.0 5450.0 -0.65545
3750.0 5450.0 -0.64321
3850.0 5450.0 -0.62998
3950.0 5450.0 -0.64304
4050.0 5450.0 -0.69929
4150.0 5450.0 -0.79876
4250.0 5450.0 -0.92046
4350.0 5450.0 -0.98129
4450.0 5450.0 -0.89561
4550.0 5450.0 -0.67899
4650.0 5450.0 -0.40908
4750.0 5450.0 -0.18224
4850.0 5450.0 -0.07728
4950.0 5450.0 -0.12601
5050.0 5450.0 -0.29071
5150.0 5450.0 -0.44603
5250.0 5450.0 -0.44594
5350.0 5450.0 -0.25677
5450.0 5450.0 0.06117
5550.0 5450.0 0.39768
5650.0 5450.0 0.63613
5750.0 5450.0 0.69634
5850.0 5450.0 0.57685
5950.0 5450.0 0.38143
6050.0 5450.0 0.18050
6150.0 5450.0 0.02630
6250.0 5450.0 -0.01363
6350.0 5450.0 0.08989
50.0 5550.0 0.23227
150.0 5550.0 -0.01653
250.0 5550.0 -0.33546
350.0 5550.0 -0.67352
450.0 5550.0 -0.93885
550.0 5550.0 -1.06701
650.0 5550.0 -1.05379
750.0 5550.0 -0.95279
850.0 5550.0 -0.83756
950.0 5550.0 -0.73028
1050.0 5550.0 -0.58280
1150.0 5550.0 -0.38680
1250.0 5550.0 -0.17540
1350.0 5550.0 0.00923
1450.0 5550.0 0.13744
1550.0 5550.0 0.20291
1650.0 5550.0 0.22228
1750.0 5550.0 0.22360
1850.0 5550.0 0.20308
1950.0 5550.0 0.12481
2050.0 5550.0 -0.02211
2150.0 5550.0 -0.22105
2250.0 5550.0 -0.43524
2350.0 5550.0 -0.62071
2450.0 5550.0 -0.74470
2550.0 5550.0 -0.80960
2650.0 5550.0 -0.84856
2750.0 5550.0 -0.83561
2850.0 5550.0 -0.76194
2950.0 5550.0 -0.64995
3050.0 5550.0 -0.53692
3150.0 5550.0 -0.46006
3250.0 5550.0 -0.44292
3350.0 5550.0 -0.48333
3450.0 5550.0 -0.54604
3550.0 5550.0 -0.60192
3650.0 5550.0 -0.64540
3750.0 5550.0 -0.67778
3850.0 5550.0 -0.70486
3950.0 5550.0 -0.73443
4050.0 5550.0 -0.77350
4150.0 5550.0 -0.82507
4250.0 5550.0 -0.88365
4350.0 5550.0 -0.88793
4450.0 5550.0 -0.76852
4550.0 5550.0 -0.54675
4650.0 5550.0 -0.29484
4750.0 5550.0 -0.09471
4850.0 5550.0 -0.00672
4950.0 5550.0 -0.04803
5050.0 5550.0 -0.18078
5150.0 5550.0 -0.30224
5250.0 5550.0 -0.28967
5350.0 5550.0 -0.11934
5450.0 5550.0 0.15148
5550.0 5550.0 0.42653
5650.0 5550.0 0.60913
5750.0 5550.0 0.63736
5850.0 5550.0 0.51601
5950.0 5550.0 0.33374
6050.0 5550.0 0.15587
6150.0 5550.0 0.03167
6250.0 5550.0 0.01506
6350.0 5550.0 0.12296
50.0 5650.0 0.30726
150.0 5650.0 0.04283
250.0 5650.0 -0.28501
350.0 5650.0 -0.61862
450.0 5650.0 -0.86373
550.0 5650.0 -0.95947
650.0 5650.0 -0.91046
750.0 5650.0 -0.78079
850.0 5650.0 -0.64985
950.0 5650.0 -0.53511
1050.0 5650.0 -0.39611
1150.0 5650.0 -0.23127
1250.0 5650.0 -0.06562
1350.0 5650.0 0.07318
1450.0 5650.0 0.16959
1550.0 5650.0 0.22578
1650.0 5650.0 0.25815
1750.0 5650.0 0.28490
1850.0 5650.0 0.31161
1950.0 5650.0 0.31709
2050.0 5650.0 0.26584
2150.0 5650.0 0.13829
2250.0 5650.0 -0.05422
2350.0 5650.0 -0.27171
2450.0 5650.0 -0.46486
2550.0 5650.0 -0.61150
2650.0 5650.0 -0.73528
2750.0 5650.0 -0.80884
2850.0 5650.0 -0.80222
2950.0 5650.0 -0.71606
3050.0 5650.0 -0.58160
3150.0 5650.0 -0.45049
3250.0 5650.0 -0.37468
3350.0 5650.0 -0.37620
3450.0 5650.0 -0.41561
3550.0 5650.0 -0.46375
3650.0 5650.0 -0.51938
3750.0 5650.0 -0.57354
3850.0 5650.0 -0.61702
3950.0 5650.0 -0.64534
4050.0 5650.0 -0.66043
4150.0 5650.0 -0.66878
4250.0 5650.0 -0.67542
4350.0 5650.0 -0.63789
4450.0 5650.0 -0.50625
4550.0 5650.0 -0.30645
4650.0 5650.0 -0.10134
4750.0 5650.0 0.04602
4850.0 5650.0 0.09706
4950.0 5650.0 0.05025
5050.0 5650.0 -0.05847
5150.0 5650.0 -0.15394
5250.0 5650.0 -0.14085
5350.0 5650.0 -0.00540
5450.0 5650.0 0.20069
5550.0 5650.0 0.39820
5650.0 5650.0 0.51277
5750.0 5650.0 0.50167
5850.0 5650.0 0.37488
5950.0 5650.0 0.20304
6050.0 5650.0 0.04100
6150.0 5650.0 -0.06629
6250.0 5650.0 -0.07523
6350.0 5650.0 0.02336
50.0 5750.0 0.25192
150.0 5750.0 -0.01805
250.0 5750.0 -0.33077
350.0 5750.0 -0.62110
450.0 5750.0 -0.79964
550.0 5750.0 -0.81945
650.0 5750.0 -0.70290
750.0 5750.0 -0.52894
850.0 5750.0 -0.38067
950.0 5750.0 -0.26248
1050.0 5750.0 -0.14161
1150.0 5750.0 -0.02779
1250.0 5750.0 0.06210
1350.0 5750.0 0.11899
1450.0 5750.0 0.14784
1550.0 5750.0 0.16587
1650.0 5750.0 0.19275
1750.0 5750.0 0.23354
1850.0 5750.0 0.29577
1950.0 5750.0 0.37665
2050.0 5750.0 0.42598
2150.0 5750.0 0.39457
2250.0 5750.0 0.26680
2350.0 5750.0 0.06911
2450.0 5750.0 -0.14548
2550.0 5750.0 -0.33687
2650.0 5750.0 -0.51157
2750.0 5750.0 -0.64067
2850.0 5750.0 -0.68252
2950.0 5750.0 -0.62354
3050.0 5750.0 -0.48880
3150.0 5750.0 -0.33578
3250.0 5750.0 -0.23130
3350.0 5750.0 -0.21162
3450.0 5750.0 -0.23696
3550.0 5750.0 -0.27652
3650.0 5750.0 -0.32936
3750.0 5750.0 -0.38147
3850.0 5750.0 -0.41782
3950.0 5750.0 -0.43046
4050.0 5750.0 -0.42135
4150.0 5750.0 -0.40011
4250.0 5750.0 -0.37582
4350.0 5750.0 -0.31895
4450.0 5750.0 -0.19838
4550.0 5750.0 -0.04269
4650.0 5750.0 0.09659
4750.0 5750.0 0.17600
4850.0 5750.0 0.17779
4950.0 5750.0 0.11394
5050.0 5750.0 0.01688
5150.0 5750.0 -0.06437
5250.0 5750.0 -0.05728
5350.0 5750.0 0.04490
5450.0 5750.0 0.19572
5550.0 5750.0 0.32969
5650.0 5750.0 0.38956
5750.0 5750.0 0.34664
5850.0 5750.0 0.21410
5950.0 5750.0 0.04815
6050.0 5750.0 -0.10718
6150.0 5750.0 -0.21107
6250.0 5750.0 -0.22536
6350.0 5750.0 -0.14340
50.0 5850.0 0.07556
150.0 5850.0 -0.19118
250.0 5850.0 -0.47258
350.0 5850.0 -0.69646
450.0 5850.0 -0.78328
550.0 5850.0 -0.70573
650.0 5850.0 -0.50798
750.0 5850.0 -0.28486
850.0 5850.0 -0.12082
950.0 5850.0 -0.00283
1050.0 5850.0 0.09573
1150.0 5850.0 0.15232
1250.0 5850.0 0.15684
1350.0 5850.0 0.11863
1450.0 5850.0 0.06449
1550.0 5850.0 0.02904
1650.0 5850.0 0.03728
1750.0 5850.0 0.08097
1850.0 5850.0 0.16350
1950.0 5850.0 0.30003
2050.0 5850.0 0.43574
2150.0 5850.0 0.50210
2250.0 5850.0 0.46019
2350.0 5850.0 0.31806
2450.0 5850.0 0.12202
2550.0 5850.0 -0.07810
2650.0 5850.0 -0.26877
2750.0 5850.0 -0.41911
2850.0 5850.0 -0.48489
2950.0 5850.0 -0.44680
3050.0 5850.0 -0.32533
3150.0 5850.0 -0.17672
3250.0 5850.0 -0.07017
3350.0 5850.0 -0.04610
3450.0 5850.0 -0.06691
3550.0 5850.0 -0.09918
3650.0 5850.0 -0.13936
3750.0 5850.0 -0.17316
3850.0 5850.0 -0.18747
3950.0 5850.0 -0.17771
4050.0 5850.0 -0.14952
4150.0 5850.0 -0.11470
4250.0 5850.0 -0.08095
4350.0 5850.0 -0.02546
4450.0 5850.0 0.06747
4550.0 5850.0 0.16862
4650.0 5850.0 0.23757
4750.0 5850.0 0.24791
4850.0 5850.0 0.19856
4950.0 5850.0 0.11132
5050.0 5850.0 0.01436
5150.0 5850.0 -0.06342
5250.0 5850.0 -0.06223
5350.0 5850.0 0.02184
5450.0 5850.0 0.14516
5550.0 5850.0 0.24872
5650.0 5850.0 0.28290
5750.0 5850.0 0.22495
5850.0 5850.0 0.08905
5950.0 5850.0 -0.07541
6050.0 5850.0 -0.23145
6150.0 5850.0 -0.34106
6250.0 5850.0 -0.36702
6350.0 5850.0 -0.30137
50.0 5950.0 -0.14475
150.0 5950.0 -0.40342
250.0 5950.0 -0.64752
350.0 5950.0 -0.79896
450.0 5950.0 -0.78988
550.0 5950.0 -0.61370
650.0 5950.0 -0.33622
750.0 5950.0 -0.06686
850.0 5950.0 0.11008
950.0 5950.0 0.22558
1050.0 5950.0 0.30113
1150.0 5950.0 0.30193
1250.0 5950.0 0.22369
1350.0 5950.0 0.09265
1450.0 5950.0 -0.04386
1550.0 5950.0 -0.13450
1650.0 5950.0 -0.14867
1750.0 5950.0 -0.10694
1850.0 5950.0 -0.01190
1950.0 5950.0 0.16808
2050.0 5950.0 0.37797
2150.0 5950.0 0.53533
2250.0 5950.0 0.58112
2350.0 5950.0 0.50444
2450.0 5950.0 0.34124
2550.0 5950.0 0.14709
2650.0 5950.0 -0.04482
2750.0 5950.0 -0.20177
2850.0 5950.0 -0.28061
2950.0 5950.0 -0.25988
3050.0 5950.0 -0.15625
3150.0 5950.0 -0.02199
3250.0 5950.0 0.07638
3350.0 5950.0 0.09840
3450.0 5950.0 0.07862
3550.0 5950.0 0.05373
3650.0 5950.0 0.03094
3750.0 5950.0 0.02247
3850.0 5950.0 0.03605
3950.0 5950.0 0.07000
4050.0 5950.0 0.11378
4150.0 5950.0 0.15421
4250.0 5950.0 0.18736
4350.0 5950.0 0.23250
4450.0 5950.0 0.29254
4550.0 5950.0 0.33861
4650.0 5950.0 0.34055
4750.0 5950.0 0.28661
4850.0 5950.0 0.18941
4950.0 5950.0 0.07807
5050.0 5950.0 -0.02352
5150.0 5950.0 -0.10249
5250.0 5950.0 -0.10652
5350.0 5950.0 -0.03221
5450.0 5950.0 0.07876
5550.0 5950.0 0.17032
5650.0 5950.0 0.19561
5750.0 5950.0 0.13344
5850.0 5950.0 -0.00240
5950.0 5950.0 -0.16543
6050.0 5950.0 -0.32329
6150.0 5950.0 -0.44037
6250.0 5950.0 -0.47890
6350.0 5950.0 -0.42833
50.0 6050.0 -0.32108
150.0 6050.0 -0.55437
250.0 6050.0 -0.74837
350.0 6050.0 -0.82570
450.0 6050.0 -0.73393
550.0 6050.0 -0.48532
650.0 6050.0 -0.15977
750.0 6050.0 0.12869
850.0 6050.0 0.30229
950.0 6050.0 0.40564
1050.0 6050.0 0.45522
1150.0 6050.0 0.40887
1250.0 6050.0 0.26739
1350.0 6050.0 0.06889
1450.0 6050.0 -0.12608
1550.0 6050.0 -0.25636
1650.0 6050.0 -0.28913
1750.0 6050.0 -0.25343
1850.0 6050.0 -0.15411
1950.0 6050.0 0.05381
2050.0 6050.0 0.31685
2150.0 6050.0 0.54344
2250.0 6050.0 0.65928
2350.0 6050.0 0.63764
2450.0 6050.0 0.50448
2550.0 6050.0 0.31843
2650.0 6050.0 0.12754
2750.0 6050.0 -0.03743
2850.0 6050.0 -0.13496
2950.0 6050.0 -0.13978
3050.0 6050.0 -0.06209
3150.0 6050.0 0.05239
3250.0 6050.0 0.14136
3350.0 6050.0 0.16409
3450.0 6050.0 0.15035
3550.0 6050.0 0.14442
3650.0 6050.0 0.15821
3750.0 6050.0 0.19629
3850.0 6050.0 0.25416
3950.0 6050.0 0.31922
4050.0 6050.0 0.37534
4150.0 6050.0 0.41092
4250.0 6050.0 0.43049
4350.0 6050.0 0.45550
4450.0 6050.0 0.48229
4550.0 6050.0 0.48425
4650.0 6050.0 0.43884
4750.0 6050.0 0.34303
4850.0 6050.0 0.21584
4950.0 6050.0 0.08822
5050.0 6050.0 -0.01995
5150.0 6050.0 -0.10606
5250.0 6050.0 -0.12653
5350.0 6050.0 -0.07494
5450.0 6050.0 0.01557
5550.0 6050.0 0.09666
5650.0 6050.0 0.12479
5750.0 6050.0 0.07670
5850.0 6050.0 -0.03939
5950.0 6050.0 -0.18211
6050.0 6050.0 -0.32499
6150.0 6050.0 -0.43903
6250.0 6050.0 -0.48904
6350.0 6050.0 -0.46158
50.0 6150.0 -0.39924
150.0 6150.0 -0.57973
250.0 6150.0 -0.70706
350.0 6150.0 -0.71606
450.0 6150.0 -0.57457
550.0 6150.0 -0.30803
650.0 6150.0 0.00433
750.0 6150.0 0.26200
850.0 6150.0 0.40415
950.0 6150.0 0.47977
1050.0 6150.0 0.50104
1150.0 6150.0 0.42775
1250.0 6150.0 0.26405
1350.0 6150.0 0.04984
1450.0 6150.0 -0.15529
1550.0 6150.0 -0.29358
1650.0 6150.0 -0.33608
1750.0 6150.0 -0.31272
1850.0 6150.0 -0.22352
1950.0 6150.0 -0.01682
2050.0 6150.0 0.25840
2150.0 6150.0 0.51023
2250.0 6150.0 0.65890
2350.0 6150.0 0.66877
2450.0 6150.0 0.55747
2550.0 6150.0 0.38197
2650.0 6150.0 0.19571
2750.0 6150.0 0.02225
2850.0 6150.0 -0.09887
2950.0 6150.0 -0.13649
3050.0 6150.0 -0.09132
3150.0 6150.0 0.00013
3250.0 6150.0 0.08120
3350.0 6150.0 0.11032
3450.0 6150.0 0.11074
3550.0 6150.0 0.13971
3650.0 6150.0 0.21387
3750.0 6150.0 0.32192
3850.0 6150.0 0.43821
3950.0 6150.0 0.53453
4050.0 6150.0 0.59030
4150.0 6150.0 0.60120
4250.0 6150.0 0.58603
4350.0 6150.0 0.57625
4450.0 6150.0 0.57295
4550.0 6150.0 0.55485
4650.0 6150.0 0.50167
4750.0 6150.0 0.40768
4850.0 6150.0 0.28496
4950.0 6150.0 0.15654
5050.0 6150.0 0.03926
5150.0 6150.0 -0.06354
5250.0 6150.0 -0.11869
5350.0 6150.0 -0.11109
5450.0 6150.0 -0.05451
5550.0 6150.0 0.01832
5650.0 6150.0 0.06816
5750.0 6150.0 0.06392
5850.0 6150.0 -0.00027
5950.0 6150.0 -0.09176
6050.0 6150.0 -0.19149
6150.0 6150.0 -0.28362
6250.0 6150.0 -0.34084
6350.0 6150.0 -0.34696
50.0 6250.0 -0.36077
150.0 6250.0 -0.46680
250.0 6250.0 -0.51969
350.0 6250.0 -0.47709
450.0 6250.0 -0.32922
550.0 6250.0 -0.10667
650.0 6250.0 0.12809
750.0 6250.0 0.30557
850.0 6250.0 0.39056
950.0 6250.0 0.42580
1050.0 6250.0 0.42037
1150.0 6250.0 0.34573
1250.0 6250.0 0.20700
1350.0 6250.0 0.03483
1450.0 6250.0 -0.12721
1550.0 6250.0 -0.23844
1650.0 6250.0 -0.27977
1750.0 6250.0 -0.27370
1850.0 6250.0 -0.20833
1950.0 6250.0 -0.03293
2050.0 6250.0 0.21036
2150.0 6250.0 0.43857
2250.0 6250.0 0.57727
2350.0 6250.0 0.59026
2450.0 6250.0 0.48959
2550.0 6250.0 0.32586
2650.0 6250.0 0.14781
2750.0 6250.0 -0.03120
2850.0 6250.0 -0.17332
2950.0 6250.0 -0.24078
3050.0 6250.0 -0.22427
3150.0 6250.0 -0.15091
3250.0 6250.0 -0.07201
3350.0 6250.0 -0.03046
3450.0 6250.0 -0.00949
3550.0 6250.0 0.06337
3650.0 6250.0 0.20709
3750.0 6250.0 0.38869
3850.0 6250.0 0.55730
3950.0 6250.0 0.66915
4050.0 6250.0 0.70344
4150.0 6250.0 0.66887
4250.0 6250.0 0.60109
4350.0 6250.0 0.54584
4450.0 6250.0 0.52022
4550.0 6250.0 0.51076
4650.0 6250.0 0.49332
4750.0 6250.0 0.44769
4850.0 6250.0 0.36573
4950.0 6250.0 0.25325
5050.0 6250.0 0.12546
5150.0 6250.0 -0.00193
5250.0 6250.0 -0.10668
5350.0 6250.0 -0.16027
5450.0 6250.0 -0.14825
5550.0 6250.0 -0.08125
5650.0 6250.0 0.00645
5750.0 6250.0 0.07101
5850.0 6250.0 0.08548
5950.0 6250.0 0.07097
6050.0 6250.0 0.03869
6150.0 6250.0 -0.01355
6250.0 6250.0 -0.07097
6350.0 6250.0 -0.11539
50.0 6350.0 -0.23114
150.0 6350.0 -0.25585
250.0 6350.0 -0.23920
350.0 6350.0 -0.16716
450.0 6350.0 -0.05067
550.0 6350.0 0.08220
650.0 6350.0 0.19669
750.0 6350.0 0.26445
850.0 6350.0 0.27932
950.0 6350.0 0.26966
1050.0 6350.0 0.24281
1150.0 6350.0 0.18826
1250.0 6350.0 0.10997
1350.0 6350.0 0.02155
1450.0 6350.0 -0.05962
1550.0 6350.0 -0.11869
1650.0 6350.0 -0.14996
1750.0 6350.0 -0.16272
1850.0 6350.0 -0.12873
1950.0 6350.0 -0.00404
2050.0 6350.0 0.17710
2150.0 6350.0 0.34664
2250.0 6350.0 0.44327
2350.0 6350.0 0.43678
2450.0 6350.0 0.33656
2550.0 6350.0 0.18400
2650.0 6350.0 0.01634
2750.0 6350.0 -0.16270
2850.0 6350.0 -0.31603
2950.0 6350.0 -0.40040
3050.0 6350.0 -0.39878
3150.0 6350.0 -0.33156
3250.0 6350.0 -0.24669
3350.0 6350.0 -0.18864
3450.0 6350.0 -0.14510
3550.0 6350.0 -0.03050
3650.0 6350.0 0.17232
3750.0 6350.0 0.40798
3850.0 6350.0 0.60306
3950.0 6350.0 0.70350
4050.0 6350.0 0.69415
4150.0 6350.0 0.60050
4250.0 6350.0 0.47279
4350.0 6350.0 0.36996
4450.0 6350.0 0.33176
4550.0 6350.0 0.35346
4650.0 6350.0 0.40259
4750.0 6350.0 0.43677
4850.0 6350.0 0.41963
4950.0 6350.0 0.33459
5050.0 6350.0 0.19670
5150.0 6350.0 0.04175
5250.0 6350.0 -0.11805
5350.0 6350.0 -0.23888
5450.0 6350.0 -0.27473
5550.0 6350.0 -0.21187
5650.0 6350.0 -0.07947
5750.0 6350.0 0.06384
5850.0 6350.0 0.16734
5950.0 6350.0 0.23977
6050.0 6350.0 0.28549
6150.0 6350.0 0.28312
6250.0 6350.0 0.23279
6350.0 6350.0 0.15345
