50.0 50.0 0.00000
150.0 50.0 -0.04870
250.0 50.0 -0.13645
350.0 50.0 -0.25101
450.0 50.0 -0.35509
550.0 50.0 -0.41175
650.0 50.0 -0.40038
750.0 50.0 -0.32319
850.0 50.0 -0.20235
950.0 50.0 -0.06767
1050.0 50.0 0.06358
1150.0 50.0 0.17217
1250.0 50.0 0.22784
1350.0 50.0 0.21941
1450.0 50.0 0.15576
1550.0 50.0 0.06212
1650.0 50.0 -0.02672
1750.0 50.0 -0.07622
1850.0 50.0 -0.06516
1950.0 50.0 -0.00159
2050.0 50.0 0.06986
2150.0 50.0 0.11675
2250.0 50.0 0.12669
2350.0 50.0 0.10046
2450.0 50.0 0.04982
2550.0 50.0 -0.00622
2650.0 50.0 -0.04648
2750.0 50.0 -0.05426
2850.0 50.0 -0.02535
2950.0 50.0 0.02498
3050.0 50.0 0.10898
3150.0 50.0 0.24004
3250.0 50.0 0.38331
3350.0 50.0 0.48931
3450.0 50.0 0.52012
3550.0 50.0 0.46367
3650.0 50.0 0.33622
3750.0 50.0 0.17295
3850.0 50.0 0.00681
3950.0 50.0 -0.15855
4050.0 50.0 -0.32125
4150.0 50.0 -0.44998
4250.0 50.0 -0.50986
4350.0 50.0 -0.48380
4450.0 50.0 -0.38234
4550.0 50.0 -0.24191
4650.0 50.0 -0.11146
4750.0 50.0 -0.02756
4850.0 50.0 0.02021
4950.0 50.0 0.06267
5050.0 50.0 0.09477
5150.0 50.0 0.10908
5250.0 50.0 0.10248
5350.0 50.0 0.07812
5450.0 50.0 0.04499
5550.0 50.0 0.01529
5650.0 50.0 -0.00039
5750.0 50.0 -0.00029
5850.0 50.0 0.01048
5950.0 50.0 0.04879
6050.0 50.0 0.11203
6150.0 50.0 0.17899
6250.0 50.0 0.22536
6350.0 50.0 0.23418
50.0 150.0 -0.14884
150.0 150.0 -0.19833
250.0 150.0 -0.28746
350.0 150.0 -0.40415
450.0 150.0 -0.51094
550.0 150.0 -0.57055
650.0 150.0 -0.56194
750.0 150.0 -0.48697
850.0 150.0 -0.36761
950.0 150.0 -0.23371
1050.0 150.0 -0.10260
1150.0 150.0 0.01274
1250.0 150.0 0.08941
1350.0 150.0 0.11639
1450.0 150.0 0.09750
1550.0 150.0 0.05021
1650.0 150.0 0.00117
1750.0 150.0 -0.02141
1850.0 150.0 0.00143
1950.0 150.0 0.06541
2050.0 150.0 0.13476
2150.0 150.0 0.17968
2250.0 150.0 0.18809
2350.0 150.0 0.16108
2450.0 150.0 0.11049
2550.0 150.0 0.05520
2650.0 150.0 0.01595
2750.0 150.0 0.00898
2850.0 150.0 0.03815
2950.0 150.0 0.08831
3050.0 150.0 0.17122
3150.0 150.0 0.29930
3250.0 150.0 0.43770
3350.0 150.0 0.53764
3450.0 150.0 0.56224
3550.0 150.0 0.50051
3650.0 150.0 0.36950
3750.0 150.0 0.20469
3850.0 150.0 0.03851
3950.0 150.0 -0.12633
4050.0 150.0 -0.28732
4150.0 150.0 -0.41273
4250.0 150.0 -0.46790
4350.0 150.0 -0.43643
4450.0 150.0 -0.32973
4550.0 150.0 -0.18506
4650.0 150.0 -0.05191
4750.0 150.0 0.03314
4850.0 150.0 0.08131
4950.0 150.0 0.12527
5050.0 150.0 0.16148
5150.0 150.0 0.18277
5250.0 150.0 0.18531
5350.0 150.0 0.17089
5450.0 150.0 0.14690
5550.0 150.0 0.12419
5650.0 150.0 0.11260
5750.0 150.0 0.11445
5850.0 150.0 0.12584
5950.0 150.0 0.16192
6050.0 150.0 0.21902
6150.0 150.0 0.27655
6250.0 150.0 0.31189
6350.0 150.0 0.31020
50.0 250.0 -0.33911
150.0 250.0 -0.39187
250.0 250.0 -0.48184
350.0 250.0 -0.59597
450.0 250.0 -0.69713
550.0 250.0 -0.74930
650.0 250.0 -0.73323
750.0 250.0 -0.65263
850.0 250.0 -0.53076
950.0 250.0 -0.39764
1050.0 250.0 -0.26861
1150.0 250.0 -0.14796
1250.0 250.0 -0.05128
1350.0 250.0 0.00919
1450.0 250.0 0.03089
1550.0 250.0 0.02282
1650.0 250.0 0.00382
1750.0 250.0 -0.00303
1850.0 250.0 0.02049
1950.0 250.0 0.07473
2050.0 250.0 0.13320
2150.0 250.0 0.17301
2250.0 250.0 0.18572
2350.0 250.0 0.17307
2450.0 250.0 0.14456
2550.0 250.0 0.11437
2650.0 250.0 0.09747
2750.0 250.0 0.10504
2850.0 250.0 0.13910
2950.0 250.0 0.18857
3050.0 250.0 0.26695
3150.0 250.0 0.38323
3250.0 250.0 0.50270
3350.0 250.0 0.57939
3450.0 250.0 0.58049
3550.0 250.0 0.49910
3650.0 250.0 0.35521
3750.0 250.0 0.18520
3850.0 250.0 0.01943
3950.0 250.0 -0.14278
4050.0 250.0 -0.29621
4150.0 250.0 -0.40731
4250.0 250.0 -0.44242
4350.0 250.0 -0.38794
4450.0 250.0 -0.25894
4550.0 250.0 -0.09613
4650.0 250.0 0.04874
4750.0 250.0 0.13910
4850.0 250.0 0.18924
4950.0 250.0 0.23374
5050.0 250.0 0.26830
5150.0 250.0 0.28645
5250.0 250.0 0.28586
5350.0 250.0 0.26978
5450.0 250.0 0.24656
5550.0 250.0 0.22721
5650.0 250.0 0.22104
5750.0 250.0 0.22933
5850.0 250.0 0.24645
5950.0 250.0 0.28359
6050.0 250.0 0.33555
6150.0 250.0 0.38303
6250.0 250.0 0.40629
6350.0 250.0 0.39388
50.0 350.0 -0.53886
150.0 350.0 -0.59832
250.0 350.0 -0.68921
350.0 350.0 -0.79616
450.0 350.0 -0.88289
550.0 350.0 -0.91645
650.0 350.0 -0.88188
750.0 350.0 -0.78720
850.0 350.0 -0.65873
950.0 350.0 -0.52677
1050.0 350.0 -0.40246
1150.0 350.0 -0.27904
1250.0 350.0 -0.16558
1350.0 350.0 -0.07733
1450.0 350.0 -0.02467
1550.0 350.0 -0.00724
1650.0 350.0 -0.01290
1750.0 350.0 -0.02149
1850.0 350.0 -0.01332
1950.0 350.0 0.01745
2050.0 350.0 0.05299
2150.0 350.0 0.08147
2250.0 350.0 0.10188
2350.0 350.0 0.11741
2450.0 350.0 0.13298
2550.0 350.0 0.15331
2650.0 350.0 0.18158
2750.0 350.0 0.21861
2850.0 350.0 0.26259
2950.0 350.0 0.31065
3050.0 350.0 0.38110
3150.0 350.0 0.47737
3250.0 350.0 0.56519
3350.0 350.0 0.60345
3450.0 350.0 0.56615
3550.0 350.0 0.45305
3650.0 350.0 0.28889
3750.0 350.0 0.11122
3850.0 350.0 -0.05307
3950.0 350.0 -0.21022
4050.0 350.0 -0.35072
4150.0 350.0 -0.43805
4250.0 350.0 -0.44012
4350.0 350.0 -0.34788
4450.0 350.0 -0.18223
4550.0 350.0 0.01058
4650.0 350.0 0.17518
4750.0 350.0 0.27496
4850.0 350.0 0.32905
4950.0 350.0 0.37303
5050.0 350.0 0.39894
5150.0 350.0 0.40163
5250.0 350.0 0.38305
5350.0 350.0 0.35141
5450.0 350.0 0.31913
5550.0 350.0 0.29930
5650.0 350.0 0.30076
5750.0 350.0 0.32183
5850.0 350.0 0.35145
5950.0 350.0 0.39407
6050.0 350.0 0.44235
6150.0 350.0 0.47909
6250.0 350.0 0.48899
6350.0 350.0 0.46571
50.0 450.0 -0.68691
150.0 450.0 -0.75611
250.0 450.0 -0.84896
350.0 450.0 -0.94699
450.0 450.0 -1.01497
550.0 450.0 -1.02407
650.0 450.0 -0.96509
750.0 450.0 -0.85191
850.0 450.0 -0.71497
950.0 450.0 -0.58504
1050.0 450.0 -0.46770
1150.0 450.0 -0.34444
1250.0 450.0 -0.21938
1350.0 450.0 -0.11229
1450.0 450.0 -0.04199
1550.0 450.0 -0.01609
1650.0 450.0 -0.02721
1750.0 450.0 -0.05555
1850.0 450.0 -0.07774
1950.0 450.0 -0.08219
2050.0 450.0 -0.08009
2150.0 450.0 -0.07084
2250.0 450.0 -0.04561
2350.0 450.0 0.00140
2450.0 450.0 0.06989
2550.0 450.0 0.15281
2650.0 450.0 0.23806
2750.0 450.0 0.31266
2850.0 450.0 0.36924
2950.0 450.0 0.41528
3050.0 450.0 0.47645
3150.0 450.0 0.55046
3250.0 450.0 0.60386
3350.0 450.0 0.60105
3450.0 450.0 0.52347
3550.0 450.0 0.37791
3650.0 450.0 0.19380
3750.0 450.0 0.00962
3850.0 450.0 -0.15168
3950.0 450.0 -0.30228
4050.0 450.0 -0.42847
4150.0 450.0 -0.49085
4250.0 450.0 -0.45885
4350.0 450.0 -0.32782
4450.0 450.0 -0.12443
4550.0 450.0 0.09962
4650.0 450.0 0.28536
4750.0 450.0 0.39613
4850.0 450.0 0.45575
4950.0 450.0 0.49859
5050.0 450.0 0.51086
5150.0 450.0 0.48928
5250.0 450.0 0.44216
5350.0 450.0 0.38534
5450.0 450.0 0.33757
5550.0 450.0 0.31529
5650.0 450.0 0.32685
5750.0 450.0 0.36611
5850.0 450.0 0.41392
5950.0 450.0 0.46576
6050.0 450.0 0.51167
6150.0 450.0 0.53725
6250.0 450.0 0.53294
6350.0 450.0 0.49887
50.0 550.0 -0.73299
150.0 550.0 -0.81363
250.0 550.0 -0.91026
350.0 550.0 -1.00121
450.0 550.0 -1.05224
550.0 550.0 -1.03850
650.0 550.0 -0.95653
750.0 550.0 -0.82606
850.0 550.0 -0.68177
950.0 550.0 -0.55496
1050.0 550.0 -0.44577
1150.0 550.0 -0.32517
1250.0 550.0 -0.19418
1350.0 550.0 -0.07796
1450.0 550.0 -0.00334
1550.0 550.0 0.01558
1650.0 550.0 -0.01642
1750.0 550.0 -0.07765
1850.0 550.0 -0.13962
1950.0 550.0 -0.18543
2050.0 550.0 -0.22246
2150.0 550.0 -0.23975
2250.0 550.0 -0.21847
2350.0 550.0 -0.14902
2450.0 550.0 -0.03556
2550.0 550.0 0.10405
2650.0 550.0 0.24271
2750.0 550.0 0.35322
2850.0 550.0 0.42178
2950.0 550.0 0.46547
3050.0 550.0 0.51863
3150.0 550.0 0.57523
3250.0 550.0 0.60296
3350.0 550.0 0.57072
3450.0 550.0 0.46555
3550.0 550.0 0.29909
3650.0 550.0 0.10361
3750.0 550.0 -0.08241
3850.0 550.0 -0.23924
3950.0 550.0 -0.38320
4050.0 550.0 -0.49846
4150.0 550.0 -0.54396
4250.0 550.0 -0.48994
4350.0 550.0 -0.33420
4450.0 550.0 -0.10657
4550.0 550.0 0.13815
4650.0 550.0 0.33896
4750.0 550.0 0.45911
4850.0 550.0 0.52490
4950.0 550.0 0.56667
5050.0 550.0 0.56397
5150.0 550.0 0.51570
5250.0 550.0 0.43735
5350.0 550.0 0.35324
5450.0 550.0 0.28910
5550.0 550.0 0.26501
5650.0 550.0 0.28865
5750.0 550.0 0.34890
5850.0 550.0 0.41767
5950.0 550.0 0.48062
6050.0 550.0 0.52495
6150.0 550.0 0.53940
6250.0 550.0 0.52070
6350.0 550.0 0.47612
50.0 650.0 -0.66087
150.0 650.0 -0.75286
250.0 650.0 -0.85521
350.0 650.0 -0.94385
450.0 650.0 -0.98503
550.0 650.0 -0.95678
650.0 650.0 -0.85981
750.0 650.0 -0.71832
850.0 650.0 -0.57031
950.0 650.0 -0.44760
1050.0 650.0 -0.34633
1150.0 650.0 -0.22964
1250.0 650.0 -0.09713
1350.0 650.0 0.02084
1450.0 650.0 0.09068
1550.0 650.0 0.09357
1650.0 650.0 0.03341
1750.0 650.0 -0.06502
1850.0 650.0 -0.16784
1950.0 650.0 -0.25372
2050.0 650.0 -0.32916
2150.0 650.0 -0.37744
2250.0 650.0 -0.37177
2350.0 650.0 -0.29794
2450.0 650.0 -0.16114
2550.0 650.0 0.01379
2650.0 650.0 0.18860
2750.0 650.0 0.32446
2850.0 650.0 0.40137
2950.0 650.0 0.44276
3050.0 650.0 0.49133
3150.0 650.0 0.54066
3250.0 650.0 0.55980
3350.0 650.0 0.51986
3450.0 650.0 0.40982
3550.0 650.0 0.24228
3650.0 650.0 0.04924
3750.0 650.0 -0.13206
3850.0 650.0 -0.28337
3950.0 650.0 -0.42202
4050.0 650.0 -0.53322
4150.0 650.0 -0.57629
4250.0 650.0 -0.52116
4350.0 650.0 -0.36484
4450.0 650.0 -0.13629
4550.0 650.0 0.11050
4650.0 650.0 0.31499
4750.0 650.0 0.44036
4850.0 650.0 0.51187
4950.0 650.0 0.55323
5050.0 650.0 0.53819
5150.0 650.0 0.46777
5250.0 650.0 0.36389
5350.0 650.0 0.25827
5450.0 650.0 0.18253
5550.0 650.0 0.15958
5650.0 650.0 0.19621
5750.0 650.0 0.27683
5850.0 650.0 0.36566
5950.0 650.0 0.43922
6050.0 650.0 0.48201
6150.0 650.0 0.48575
6250.0 650.0 0.45323
6350.0 650.0 0.39853
50.0 750.0 -0.49437
150.0 750.0 -0.59575
250.0 750.0 -0.70529
350.0 750.0 -0.79768
450.0 750.0 -0.83913
550.0 750.0 -0.80864
650.0 750.0 -0.70867
750.0 750.0 -0.56545
850.0 750.0 -0.41864
950.0 750.0 -0.30057
1050.0 750.0 -0.20563
1150.0 750.0 -0.09245
1250.0 750.0 0.04000
1350.0 750.0 0.15722
1450.0 750.0 0.22059
1550.0 750.0 0.20800
1650.0 750.0 0.12315
1750.0 750.0 -0.00634
1850.0 750.0 -0.14218
1950.0 750.0 -0.25980
2050.0 750.0 -0.36663
2150.0 750.0 -0.44590
2250.0 750.0 -0.46648
2350.0 750.0 -0.40935
2450.0 750.0 -0.27738
2550.0 750.0 -0.09693
2650.0 750.0 0.08869
2750.0 750.0 0.23389
2850.0 750.0 0.31372
2950.0 750.0 0.35325
3050.0 750.0 0.40164
3150.0 750.0 0.45578
3250.0 750.0 0.48606
3350.0 750.0 0.46301
3450.0 750.0 0.37329
3550.0 750.0 0.22610
3650.0 750.0 0.04991
3750.0 750.0 -0.12039
3850.0 750.0 -0.26598
3950.0 750.0 -0.40162
4050.0 750.0 -0.51683
4150.0 750.0 -0.57349
4250.0 750.0 -0.54000
4350.0 750.0 -0.40930
4450.0 750.0 -0.20515
4550.0 750.0 0.02328
4650.0 750.0 0.21856
4750.0 750.0 0.34378
4850.0 750.0 0.41959
4950.0 750.0 0.46164
5050.0 750.0 0.43999
5150.0 750.0 0.35748
5250.0 750.0 0.24039
5350.0 750.0 0.12509
5450.0 750.0 0.04663
5550.0 750.0 0.02914
5650.0 750.0 0.07825
5750.0 750.0 0.17535
5850.0 750.0 0.27991
5950.0 750.0 0.36135
6050.0 750.0 0.40185
6150.0 750.0 0.39557
6250.0 750.0 0.35033
6350.0 750.0 0.28588
50.0 850.0 -0.28618
150.0 850.0 -0.39376
250.0 850.0 -0.51097
350.0 850.0 -0.61269
450.0 850.0 -0.66449
550.0 850.0 -0.64435
650.0 850.0 -0.55379
750.0 850.0 -0.41835
850.0 850.0 -0.27753
950.0 850.0 -0.16402
1050.0 850.0 -0.07292
1150.0 850.0 0.03874
1250.0 850.0 0.17288
1350.0 850.0 0.29255
1450.0 850.0 0.35575
1550.0 850.0 0.33780
1650.0 850.0 0.24161
1750.0 850.0 0.09593
1850.0 850.0 -0.05849
1950.0 850.0 -0.19485
2050.0 850.0 -0.32177
2150.0 850.0 -0.42754
2250.0 850.0 -0.48075
2350.0 850.0 -0.45808
2450.0 850.0 -0.35723
2550.0 850.0 -0.20060
2650.0 850.0 -0.03000
2750.0 850.0 0.10787
2850.0 850.0 0.18497
2950.0 850.0 0.22333
3050.0 850.0 0.27562
3150.0 850.0 0.34495
3250.0 850.0 0.40285
3350.0 850.0 0.41671
3450.0 850.0 0.36737
3550.0 850.0 0.25714
3650.0 850.0 0.10846
3750.0 850.0 -0.04675
3850.0 850.0 -0.18733
3950.0 850.0 -0.32254
4050.0 850.0 -0.44865
4150.0 850.0 -0.53163
4250.0 850.0 -0.53753
4350.0 850.0 -0.45276
4450.0 850.0 -0.29274
4550.0 850.0 -0.09876
4650.0 850.0 0.07678
4750.0 850.0 0.19690
4850.0 850.0 0.27505
4950.0 850.0 0.31895
5050.0 850.0 0.29787
5150.0 850.0 0.21587
5250.0 850.0 0.10083
5350.0 850.0 -0.00971
5450.0 850.0 -0.08053
5550.0 850.0 -0.08820
5650.0 850.0 -0.02841
5750.0 850.0 0.07918
5850.0 850.0 0.19297
5950.0 850.0 0.27807
6050.0 850.0 0.31496
6150.0 850.0 0.29943
6250.0 850.0 0.24279
6350.0 850.0 0.16884
50.0 950.0 -0.08965
150.0 950.0 -0.20015
250.0 950.0 -0.32462
350.0 950.0 -0.43929
450.0 950.0 -0.50865
550.0 950.0 -0.50816
650.0 950.0 -0.43623
750.0 950.0 -0.31561
850.0 950.0 -0.18409
950.0 950.0 -0.07458
1050.0 950.0 0.01518
1150.0 950.0 0.12798
1250.0 950.0 0.26769
1350.0 950.0 0.39662
1450.0 950.0 0.47051
1550.0 950.0 0.46202
1650.0 950.0 0.37184
1750.0 950.0 0.22759
1850.0 950.0 0.07020
1950.0 950.0 -0.07191
2050.0 950.0 -0.20745
2150.0 950.0 -0.33295
2250.0 950.0 -0.41999
2350.0 950.0 -0.44193
2450.0 950.0 -0.38957
2550.0 950.0 -0.27748
2650.0 950.0 -0.14084
2750.0 950.0 -0.02283
2850.0 950.0 0.04736
2950.0 950.0 0.08521
3050.0 950.0 0.14409
3150.0 950.0 0.23475
3250.0 950.0 0.32948
3350.0 950.0 0.39106
3450.0 950.0 0.39246
3550.0 950.0 0.32728
3650.0 950.0 0.21084
3750.0 950.0 0.07190
3850.0 950.0 -0.06487
3950.0 950.0 -0.20176
4050.0 950.0 -0.34273
4150.0 950.0 -0.45861
4250.0 950.0 -0.51271
4350.0 950.0 -0.48384
4450.0 950.0 -0.37765
4550.0 950.0 -0.22628
4650.0 950.0 -0.07619
4750.0 950.0 0.03561
4850.0 950.0 0.11426
4950.0 950.0 0.16091
5050.0 950.0 0.14669
5150.0 950.0 0.07627
5250.0 950.0 -0.02338
5350.0 950.0 -0.11681
5450.0 950.0 -0.17136
5550.0 950.0 -0.16603
5650.0 950.0 -0.09785
5750.0 950.0 0.01421
5850.0 950.0 0.13086
5950.0 950.0 0.21547
6050.0 950.0 0.24735
6150.0 950.0 0.22316
6250.0 950.0 0.15624
6350.0 950.0 0.07285
50.0 1050.0 0.08435
150.0 1050.0 -0.02716
250.0 1050.0 -0.15821
350.0 1050.0 -0.28689
450.0 1050.0 -0.37653
550.0 1050.0 -0.39941
650.0 1050.0 -0.34991
750.0 1050.0 -0.24700
850.0 1050.0 -0.12608
950.0 1050.0 -0.02018
1050.0 1050.0 0.06953
1150.0 1050.0 0.18509
1250.0 1050.0 0.33307
1350.0 1050.0 0.47591
1450.0 1050.0 0.56749
1550.0 1050.0 0.57748
1650.0 1050.0 0.50340
1750.0 1050.0 0.37033
1850.0 1050.0 0.21824
1950.0 1050.0 0.07695
2050.0 1050.0 -0.06138
2150.0 1050.0 -0.20262
2250.0 1050.0 -0.32283
2350.0 1050.0 -0.39256
2450.0 1050.0 -0.39520
2550.0 1050.0 -0.33588
2650.0 1050.0 -0.24095
2750.0 1050.0 -0.14800
2850.0 1050.0 -0.08643
2950.0 1050.0 -0.04870
3050.0 1050.0 0.01768
3150.0 1050.0 0.13128
3250.0 1050.0 0.26505
3350.0 1050.0 0.37667
3450.0 1050.0 0.43083
3550.0 1050.0 0.41208
3650.0 1050.0 0.32843
3750.0 1050.0 0.20564
3850.0 1050.0 0.07213
3950.0 1050.0 -0.06709
4050.0 1050.0 -0.22373
4150.0 1050.0 -0.37357
4250.0 1050.0 -0.47722
4350.0 1050.0 -0.50582
4450.0 1050.0 -0.45517
4550.0 1050.0 -0.34802
4650.0 1050.0 -0.22479
4750.0 1050.0 -0.12244
4850.0 1050.0 -0.04423
4950.0 1050.0 0.00547
5050.0 1050.0 0.00083
5150.0 1050.0 -0.05312
5250.0 1050.0 -0.13153
5350.0 1050.0 -0.20245
5450.0 1050.0 -0.23709
5550.0 1050.0 -0.21759
5650.0 1050.0 -0.14233
5750.0 1050.0 -0.02876
5850.0 1050.0 0.08764
5950.0 1050.0 0.16984
6050.0 1050.0 0.19633
6150.0 1050.0 0.16421
6250.0 1050.0 0.08807
6350.0 1050.0 -0.00420
50.0 1150.0 0.24966
150.0 1150.0 0.14311
250.0 1150.0 0.01024
350.0 1150.0 -0.12998
450.0 1150.0 -0.24020
550.0 1150.0 -0.28927
650.0 1150.0 -0.26649
750.0 1150.0 -0.18546
850.0 1150.0 -0.07762
950.0 1150.0 0.02466
1050.0 1150.0 0.11574
1150.0 1150.0 0.23564
1250.0 1150.0 0.39384
1350.0 1150.0 0.55324
1450.0 1150.0 0.66598
1550.0 1150.0 0.69867
1650.0 1150.0 0.64530
1750.0 1150.0 0.52796
1850.0 1150.0 0.38517
1950.0 1150.0 0.24813
2050.0 1150.0 0.10964
2150.0 1150.0 -0.04790
2250.0 1150.0 -0.20644
2350.0 1150.0 -0.33339
2450.0 1150.0 -0.40304
2550.0 1150.0 -0.40868
2650.0 1150.0 -0.36534
2750.0 1150.0 -0.30313
2850.0 1150.0 -0.25138
2950.0 1150.0 -0.21265
3050.0 1150.0 -0.13873
3150.0 1150.0 -0.00428
3250.0 1150.0 0.16478
3350.0 1150.0 0.32234
3450.0 1150.0 0.42613
3550.0 1150.0 0.45268
3650.0 1150.0 0.40310
3750.0 1150.0 0.29981
3850.0 1150.0 0.17411
3950.0 1150.0 0.03760
4050.0 1150.0 -0.12872
4150.0 1150.0 -0.30615
4250.0 1150.0 -0.45378
4350.0 1150.0 -0.53622
4450.0 1150.0 -0.53982
4550.0 1150.0 -0.47765
4650.0 1150.0 -0.38305
4750.0 1150.0 -0.29192
4850.0 1150.0 -0.21553
4950.0 1150.0 -0.16437
5050.0 1150.0 -0.16141
5150.0 1150.0 -0.20116
5250.0 1150.0 -0.26059
5350.0 1150.0 -0.31100
5450.0 1150.0 -0.32728
5550.0 1150.0 -0.29468
5650.0 1150.0 -0.21303
5750.0 1150.0 -0.09843
5850.0 1150.0 0.01774
5950.0 1150.0 0.10014
6050.0 1150.0 0.12753
6150.0 1150.0 0.09700
6250.0 1150.0 0.02297
6350.0 1150.0 -0.06702
50.0 1250.0 0.38095
150.0 1250.0 0.29186
250.0 1250.0 0.16801
350.0 1250.0 0.02342
450.0 1250.0 -0.10515
550.0 1250.0 -0.18301
650.0 1250.0 -0.19270
750.0 1250.0 -0.13976
850.0 1250.0 -0.04873
950.0 1250.0 0.05029
1050.0 1250.0 0.14559
1150.0 1250.0 0.27222
1250.0 1250.0 0.44212
1350.0 1250.0 0.61916
1450.0 1250.0 0.75457
1550.0 1250.0 0.81258
1650.0 1250.0 0.78395
1750.0 1250.0 0.68758
1850.0 1250.0 0.56012
1950.0 1250.0 0.43355
2050.0 1250.0 0.30041
2150.0 1250.0 0.12839
2250.0 1250.0 -0.07213
2350.0 1250.0 -0.26526
2450.0 1250.0 -0.41442
2550.0 1250.0 -0.49819
2650.0 1250.0 -0.51714
2750.0 1250.0 -0.49153
2850.0 1250.0 -0.45001
2950.0 1250.0 -0.40796
3050.0 1250.0 -0.32736
3150.0 1250.0 -0.17943
3250.0 1250.0 0.01211
3350.0 1250.0 0.20066
3450.0 1250.0 0.34096
3550.0 1250.0 0.40475
3650.0 1250.0 0.38792
3750.0 1250.0 0.30928
3850.0 1250.0 0.20068
3950.0 1250.0 0.07778
4050.0 1250.0 -0.08413
4150.0 1250.0 -0.27250
4250.0 1250.0 -0.44782
4350.0 1250.0 -0.57111
4450.0 1250.0 -0.62115
4550.0 1250.0 -0.60139
4650.0 1250.0 -0.53665
4750.0 1250.0 -0.45947
4850.0 1250.0 -0.38768
4950.0 1250.0 -0.33861
5050.0 1250.0 -0.33316
5150.0 1250.0 -0.36507
5250.0 1250.0 -0.41230
5350.0 1250.0 -0.44844
5450.0 1250.0 -0.45128
5550.0 1250.0 -0.40884
5650.0 1250.0 -0.32254
5750.0 1250.0 -0.20773
5850.0 1250.0 -0.09161
5950.0 1250.0 -0.00451
6050.0 1250.0 0.03442
6150.0 1250.0 0.02166
6250.0 1250.0 -0.03095
6350.0 1250.0 -0.09951
50.0 1350.0 0.44710
150.0 1350.0 0.38857
250.0 1350.0 0.28626
350.0 1350.0 0.14759
450.0 1350.0 0.00716
550.0 1350.0 -0.09733
650.0 1350.0 -0.14085
750.0 1350.0 -0.11875
850.0 1350.0 -0.04619
950.0 1350.0 0.05066
1050.0 1350.0 0.15310
1150.0 1350.0 0.28770
1250.0 1350.0 0.46717
1350.0 1350.0 0.65680
1450.0 1350.0 0.80860
1550.0 1350.0 0.88639
1650.0 1350.0 0.87942
1750.0 1350.0 0.80440
1850.0 1350.0 0.69602
1950.0 1350.0 0.58587
2050.0 1350.0 0.46469
2150.0 1350.0 0.28559
2250.0 1350.0 0.05096
2350.0 1350.0 -0.20075
2450.0 1350.0 -0.42284
2550.0 1350.0 -0.57962
2650.0 1350.0 -0.65713
2750.0 1350.0 -0.66524
2850.0 1350.0 -0.63133
2950.0 1350.0 -0.58344
3050.0 1350.0 -0.49853
3150.0 1350.0 -0.34918
3250.0 1350.0 -0.15600
3350.0 1350.0 0.03839
3450.0 1350.0 0.19139
3550.0 1350.0 0.27506
3650.0 1350.0 0.28328
3750.0 1350.0 0.23150
3850.0 1350.0 0.14895
3950.0 1350.0 0.05125
4050.0 1350.0 -0.08939
4150.0 1350.0 -0.26659
4250.0 1350.0 -0.44554
4350.0 1350.0 -0.58789
4450.0 1350.0 -0.66817
4550.0 1350.0 -0.68174
4650.0 1350.0 -0.64420
4750.0 1350.0 -0.58239
4850.0 1350.0 -0.51801
4950.0 1350.0 -0.47501
5050.0 1350.0 -0.47333
5150.0 1350.0 -0.50567
5250.0 1350.0 -0.54990
5350.0 1350.0 -0.58052
5450.0 1350.0 -0.57708
5550.0 1350.0 -0.52963
5650.0 1350.0 -0.44119
5750.0 1350.0 -0.32712
5850.0 1350.0 -0.21117
5950.0 1350.0 -0.11666
6050.0 1350.0 -0.05936
6150.0 1350.0 -0.04375
6250.0 1350.0 -0.06212
6350.0 1350.0 -0.09633
50.0 1450.0 0.43182
150.0 1450.0 0.41300
250.0 1450.0 0.34242
350.0 1450.0 0.22024
450.0 1450.0 0.07751
550.0 1450.0 -0.04618
650.0 1450.0 -0.11871
750.0 1450.0 -0.12482
850.0 1450.0 -0.06917
950.0 1450.0 0.02718
1050.0 1450.0 0.13869
1150.0 1450.0 0.28060
1250.0 1450.0 0.46365
1350.0 1450.0 0.65483
1450.0 1450.0 0.80901
1550.0 1450.0 0.89262
1650.0 1450.0 0.89629
1750.0 1450.0 0.83661
1850.0 1450.0 0.74682
1950.0 1450.0 0.65657
2050.0 1450.0 0.55297
2150.0 1450.0 0.37858
2250.0 1450.0 0.12965
2350.0 1450.0 -0.15458
2450.0 1450.0 -0.42105
2550.0 1450.0 -0.62423
2650.0 1450.0 -0.73943
2750.0 1450.0 -0.76830
2850.0 1450.0 -0.73640
2950.0 1450.0 -0.68085
3050.0 1450.0 -0.59504
3150.0 1450.0 -0.45801
3250.0 1450.0 -0.28673
3350.0 1450.0 -0.11564
3450.0 1450.0 0.02120
3550.0 1450.0 0.10183
3650.0 1450.0 0.12199
3750.0 1450.0 0.09469
3850.0 1450.0 0.04353
3950.0 1450.0 -0.02067
4050.0 1450.0 -0.12578
4150.0 1450.0 -0.27066
4250.0 1450.0 -0.42795
4350.0 1450.0 -0.56419
4450.0 1450.0 -0.65371
4550.0 1450.0 -0.68643
4650.0 1450.0 -0.66941
4750.0 1450.0 -0.62223
4850.0 1450.0 -0.56706
4950.0 1450.0 -0.53323
5050.0 1450.0 -0.54079
5150.0 1450.0 -0.58130
5250.0 1450.0 -0.63150
5350.0 1450.0 -0.66543
5450.0 1450.0 -0.66308
5550.0 1450.0 -0.61571
5650.0 1450.0 -0.52773
5750.0 1450.0 -0.41523
5850.0 1450.0 -0.29989
5950.0 1450.0 -0.19851
6050.0 1450.0 -0.12336
6150.0 1450.0 -0.07976
6250.0 1450.0 -0.06393
6350.0 1450.0 -0.06355
50.0 1550.0 0.34330
150.0 1550.0 0.36670
250.0 1550.0 0.33267
350.0 1550.0 0.23466
450.0 1550.0 0.09942
550.0 1550.0 -0.03306
650.0 1550.0 -0.12513
750.0 1550.0 -0.15226
850.0 1550.0 -0.10922
950.0 1550.0 -0.01167
1050.0 1550.0 0.10932
1150.0 1550.0 0.25617
1250.0 1550.0 0.43482
1350.0 1550.0 0.61385
1450.0 1550.0 0.75296
1550.0 1550.0 0.82425
1650.0 1550.0 0.82297
1750.0 1550.0 0.76811
1850.0 1550.0 0.69237
1950.0 1550.0 0.62201
2050.0 1550.0 0.53892
2150.0 1550.0 0.38192
2250.0 1550.0 0.14437
2350.0 1550.0 -0.13585
2450.0 1550.0 -0.40495
2550.0 1550.0 -0.61458
2650.0 1550.0 -0.73588
2750.0 1550.0 -0.76642
2850.0 1550.0 -0.72969
2950.0 1550.0 -0.66589
3050.0 1550.0 -0.58262
3150.0 1550.0 -0.46917
3250.0 1550.0 -0.33900
3350.0 1550.0 -0.21557
3450.0 1550.0 -0.12014
3550.0 1550.0 -0.06419
3650.0 1550.0 -0.04662
3750.0 1550.0 -0.05562
3850.0 1550.0 -0.07526
3950.0 1550.0 -0.10341
4050.0 1550.0 -0.16551
4150.0 1550.0 -0.26418
4250.0 1550.0 -0.38086
4350.0 1550.0 -0.48997
4450.0 1550.0 -0.56920
4550.0 1550.0 -0.60612
4650.0 1550.0 -0.60099
4750.0 1550.0 -0.56577
4850.0 1550.0 -0.52009
4950.0 1550.0 -0.49671
5050.0 1550.0 -0.51659
5150.0 1550.0 -0.57014
5250.0 1550.0 -0.63237
5350.0 1550.0 -0.67588
5450.0 1550.0 -0.68007
5550.0 1550.0 -0.63658
5650.0 1550.0 -0.55096
5750.0 1550.0 -0.44047
5850.0 1550.0 -0.32638
5950.0 1550.0 -0.22172
6050.0 1550.0 -0.13637
6150.0 1550.0 -0.07585
6250.0 1550.0 -0.03864
6350.0 1550.0 -0.01596
50.0 1650.0 0.21409
150.0 1650.0 0.27485
250.0 1650.0 0.27533
350.0 1650.0 0.20377
450.0 1650.0 0.08273
550.0 1650.0 -0.04866
650.0 1650.0 -0.14943
750.0 1650.0 -0.18831
850.0 1650.0 -0.15236
950.0 1650.0 -0.05242
1050.0 1650.0 0.07681
1150.0 1650.0 0.22539
1250.0 1650.0 0.39233
1350.0 1650.0 0.54748
1450.0 1650.0 0.65655
1550.0 1650.0 0.69935
1650.0 1650.0 0.67827
1750.0 1650.0 0.61677
1850.0 1650.0 0.54811
1950.0 1650.0 0.49417
2050.0 1650.0 0.43098
2150.0 1650.0 0.30062
2250.0 1650.0 0.09730
2350.0 1650.0 -0.14433
2450.0 1650.0 -0.37528
2550.0 1650.0 -0.55169
2650.0 1650.0 -0.64759
2750.0 1650.0 -0.66106
2850.0 1650.0 -0.61373
2950.0 1650.0 -0.54248
3050.0 1650.0 -0.46405
3150.0 1650.0 -0.37928
3250.0 1650.0 -0.29874
3350.0 1650.0 -0.23453
3450.0 1650.0 -0.19376
3550.0 1650.0 -0.17559
3650.0 1650.0 -0.17169
3750.0 1650.0 -0.17024
3850.0 1650.0 -0.16336
3950.0 1650.0 -0.15938
4050.0 1650.0 -0.18018
4150.0 1650.0 -0.23053
4250.0 1650.0 -0.30021
4350.0 1650.0 -0.37229
4450.0 1650.0 -0.42968
4550.0 1650.0 -0.46007
4650.0 1650.0 -0.45915
4750.0 1650.0 -0.43222
4850.0 1650.0 -0.39474
4950.0 1650.0 -0.38088
5050.0 1650.0 -0.41275
5150.0 1650.0 -0.47981
5250.0 1650.0 -0.55526
5350.0 1650.0 -0.61000
5450.0 1650.0 -0.62241
5550.0 1650.0 -0.58411
5650.0 1650.0 -0.50142
5750.0 1650.0 -0.39286
5850.0 1650.0 -0.28065
5950.0 1650.0 -0.17808
6050.0 1650.0 -0.09461
6150.0 1650.0 -0.03508
6250.0 1650.0 0.00250
6350.0 1650.0 0.02692
50.0 1750.0 0.09130
150.0 1750.0 0.17855
250.0 1750.0 0.20502
350.0 1750.0 0.15586
450.0 1750.0 0.05033
550.0 1750.0 -0.07390
650.0 1750.0 -0.17463
750.0 1750.0 -0.21692
850.0 1750.0 -0.18305
950.0 1750.0 -0.08045
1050.0 1750.0 0.05448
1150.0 1750.0 0.20170
1250.0 1750.0 0.35277
1350.0 1750.0 0.47824
1450.0 1750.0 0.54972
1550.0 1750.0 0.55525
1650.0 1750.0 0.50515
1750.0 1750.0 0.42839
1850.0 1750.0 0.35956
1950.0 1750.0 0.31619
2050.0 1750.0 0.26872
2150.0 1750.0 0.16772
2250.0 1750.0 0.01104
2350.0 1750.0 -0.17081
2450.0 1750.0 -0.33729
2550.0 1750.0 -0.45415
2650.0 1750.0 -0.50352
2750.0 1750.0 -0.48777
2850.0 1750.0 -0.42704
2950.0 1750.0 -0.35034
3050.0 1750.0 -0.27713
3150.0 1750.0 -0.21804
3250.0 1750.0 -0.18179
3350.0 1750.0 -0.17124
3450.0 1750.0 -0.18159
3550.0 1750.0 -0.20115
3650.0 1750.0 -0.21477
3750.0 1750.0 -0.20987
3850.0 1750.0 -0.18517
3950.0 1750.0 -0.15842
4050.0 1750.0 -0.14859
4150.0 1750.0 -0.16140
4250.0 1750.0 -0.19280
4350.0 1750.0 -0.23273
4450.0 1750.0 -0.26884
4550.0 1750.0 -0.28988
4650.0 1750.0 -0.28902
4750.0 1750.0 -0.26686
4850.0 1750.0 -0.23506
4950.0 1750.0 -0.22783
5050.0 1750.0 -0.26797
5150.0 1750.0 -0.34425
5250.0 1750.0 -0.42866
5350.0 1750.0 -0.49094
5450.0 1750.0 -0.50885
5550.0 1750.0 -0.47397
5650.0 1750.0 -0.39325
5750.0 1750.0 -0.28601
5850.0 1750.0 -0.17607
5950.0 1750.0 -0.08108
6050.0 1750.0 -0.01218
6150.0 1750.0 0.02729
6250.0 1750.0 0.04260
6350.0 1750.0 0.04644
50.0 1850.0 0.01720
150.0 1850.0 0.11745
250.0 1850.0 0.15777
350.0 1850.0 0.12215
450.0 1850.0 0.02803
550.0 1850.0 -0.08824
650.0 1850.0 -0.18464
750.0 1850.0 -0.22516
850.0 1850.0 -0.19025
950.0 1850.0 -0.08569
1050.0 1850.0 0.05190
1150.0 1850.0 0.19570
1250.0 1850.0 0.33080
1350.0 1850.0 0.42793
1450.0 1850.0 0.46342
1550.0 1850.0 0.43223
1650.0 1850.0 0.35173
1750.0 1850.0 0.25614
1850.0 1850.0 0.18169
1950.0 1850.0 0.14242
2050.0 1850.0 0.10439
2150.0 1850.0 0.02853
2250.0 1850.0 -0.08233
2350.0 1850.0 -0.20165
2450.0 1850.0 -0.29819
2550.0 1850.0 -0.34901
2650.0 1850.0 -0.34641
2750.0 1850.0 -0.29878
2850.0 1850.0 -0.22545
2950.0 1850.0 -0.14585
3050.0 1850.0 -0.07633
3150.0 1850.0 -0.03321
3250.0 1850.0 -0.02441
3350.0 1850.0 -0.04754
3450.0 1850.0 -0.09076
3550.0 1850.0 -0.13574
3650.0 1850.0 -0.16288
3750.0 1850.0 -0.15880
3850.0 1850.0 -0.12597
3950.0 1850.0 -0.08826
4050.0 1850.0 -0.06385
4150.0 1850.0 -0.05898
4250.0 1850.0 -0.07251
4350.0 1850.0 -0.09763
4450.0 1850.0 -0.12414
4550.0 1850.0 -0.14120
4650.0 1850.0 -0.14068
4750.0 1850.0 -0.12095
4850.0 1850.0 -0.09187
4950.0 1850.0 -0.08733
5050.0 1850.0 -0.12985
5150.0 1850.0 -0.20785
5250.0 1850.0 -0.29306
5350.0 1850.0 -0.35526
5450.0 1850.0 -0.37252
5550.0 1850.0 -0.33698
5650.0 1850.0 -0.25606
5750.0 1850.0 -0.14925
5850.0 1850.0 -0.04164
5950.0 1850.0 0.04175
6050.0 1850.0 0.08635
6150.0 1850.0 0.09090
6250.0 1850.0 0.06616
6350.0 1850.0 0.03168
50.0 1950.0 0.00004
150.0 1950.0 0.10285
250.0 1950.0 0.14684
350.0 1950.0 0.11609
450.0 1950.0 0.02750
550.0 1950.0 -0.08335
650.0 1950.0 -0.17515
750.0 1950.0 -0.21236
850.0 1950.0 -0.17548
950.0 1950.0 -0.06995
1050.0 1950.0 0.06799
1150.0 1950.0 0.20761
1250.0 1950.0 0.32907
1350.0 1950.0 0.40294
1450.0 1950.0 0.40879
1550.0 1950.0 0.34671
1650.0 1950.0 0.23951
1750.0 1950.0 0.12568
1850.0 1950.0 0.04306
1950.0 1950.0 0.00323
2050.0 1950.0 -0.03075
2150.0 1950.0 -0.08827
2250.0 1950.0 -0.16161
2350.0 1950.0 -0.22739
2450.0 1950.0 -0.26260
2550.0 1950.0 -0.25470
2650.0 1950.0 -0.20567
2750.0 1950.0 -0.12999
2850.0 1950.0 -0.04670
2950.0 1950.0 0.03380
3050.0 1950.0 0.10177
3150.0 1950.0 0.13927
3250.0 1950.0 0.13847
3350.0 1950.0 0.10331
3450.0 1950.0 0.04790
3550.0 1950.0 -0.00715
3650.0 1950.0 -0.04059
3750.0 1950.0 -0.03853
3850.0 1950.0 -0.00457
3950.0 1950.0 0.03482
4050.0 1950.0 0.06005
4150.0 1950.0 0.06420
4250.0 1950.0 0.04819
4350.0 1950.0 0.01913
4450.0 1950.0 -0.01203
4550.0 1950.0 -0.03345
4650.0 1950.0 -0.03608
4750.0 1950.0 -0.01787
4850.0 1950.0 0.01068
4950.0 1950.0 0.01576
5050.0 1950.0 -0.02401
5150.0 1950.0 -0.09686
5250.0 1950.0 -0.17519
5350.0 1950.0 -0.22995
5450.0 1950.0 -0.24056
5550.0 1950.0 -0.20027
5650.0 1950.0 -0.11702
5750.0 1950.0 -0.00984
5850.0 1950.0 0.09557
5950.0 1950.0 0.16553
6050.0 1950.0 0.18116
6150.0 1950.0 0.14345
6250.0 1950.0 0.06970
6350.0 1950.0 -0.01213
50.0 2050.0 0.00091
150.0 2050.0 0.10368
250.0 2050.0 0.14864
350.0 2050.0 0.12023
450.0 2050.0 0.03516
550.0 2050.0 -0.07158
650.0 2050.0 -0.15940
750.0 2050.0 -0.19348
850.0 2050.0 -0.15476
950.0 2050.0 -0.04870
1050.0 2050.0 0.08898
1150.0 2050.0 0.22455
1250.0 2050.0 0.33404
1350.0 2050.0 0.38770
1450.0 2050.0 0.36765
1550.0 2050.0 0.27823
1650.0 2050.0 0.14686
1750.0 2050.0 0.01581
1850.0 2050.0 -0.07551
1950.0 2050.0 -0.11748
2050.0 2050.0 -0.14927
2150.0 2050.0 -0.19046
2250.0 2050.0 -0.22853
2350.0 2050.0 -0.24320
2450.0 2050.0 -0.21962
2550.0 2050.0 -0.15554
2650.0 2050.0 -0.06246
2750.0 2050.0 0.03910
2850.0 2050.0 0.13042
2950.0 2050.0 0.21002
3050.0 2050.0 0.27584
3150.0 2050.0 0.30956
3250.0 2050.0 0.30334
3350.0 2050.0 0.26167
3450.0 2050.0 0.19958
3550.0 2050.0 0.13860
3650.0 2050.0 0.10069
3750.0 2050.0 0.10003
3850.0 2050.0 0.13259
3950.0 2050.0 0.17049
4050.0 2050.0 0.19225
4150.0 2050.0 0.19035
4250.0 2050.0 0.16625
4350.0 2050.0 0.12825
4450.0 2050.0 0.08873
4550.0 2050.0 0.06076
4650.0 2050.0 0.05413
4750.0 2050.0 0.07074
4850.0 2050.0 0.09895
4950.0 2050.0 0.10572
5050.0 2050.0 0.07181
5150.0 2050.0 0.00888
5250.0 2050.0 -0.05708
5350.0 2050.0 -0.09939
5450.0 2050.0 -0.09977
5550.0 2050.0 -0.05316
5650.0 2050.0 0.03201
5750.0 2050.0 0.13788
5850.0 2050.0 0.23922
5950.0 2050.0 0.29427
6050.0 2050.0 0.28010
6150.0 2050.0 0.20006
6250.0 2050.0 0.07781
6350.0 2050.0 -0.05062
50.0 2150.0 0.01315
150.0 2150.0 0.11456
250.0 2150.0 0.15900
350.0 2150.0 0.13129
450.0 2150.0 0.04808
550.0 2150.0 -0.05605
650.0 2150.0 -0.14115
750.0 2150.0 -0.17307
850.0 2150.0 -0.13329
950.0 2150.0 -0.02736
1050.0 2150.0 0.10947
1150.0 2150.0 0.24218
1250.0 2150.0 0.34429
1350.0 2150.0 0.38534
1450.0 2150.0 0.34848
1550.0 2150.0 0.24026
1650.0 2150.0 0.09100
1750.0 2150.0 -0.05437
1850.0 2150.0 -0.15494
1950.0 2150.0 -0.20193
2050.0 2150.0 -0.23448
2150.0 2150.0 -0.26063
2250.0 2150.0 -0.26292
2350.0 2150.0 -0.22511
2450.0 2150.0 -0.14176
2550.0 2150.0 -0.02196
2650.0 2150.0 0.11262
2750.0 2150.0 0.23547
2850.0 2150.0 0.32875
2950.0 2150.0 0.40090
3050.0 2150.0 0.45888
3150.0 2150.0 0.48518
3250.0 2150.0 0.47223
3350.0 2150.0 0.42461
3450.0 2150.0 0.35720
3550.0 2150.0 0.29117
3650.0 2150.0 0.24805
3750.0 2150.0 0.24161
3850.0 2150.0 0.26779
3950.0 2150.0 0.29885
4050.0 2150.0 0.31248
4150.0 2150.0 0.30133
4250.0 2150.0 0.26789
4350.0 2150.0 0.22161
4450.0 2150.0 0.17564
4550.0 2150.0 0.14321
4650.0 2150.0 0.13365
4750.0 2150.0 0.14808
4850.0 2150.0 0.17445
4950.0 2150.0 0.18464
5050.0 2150.0 0.16471
5150.0 2150.0 0.12511
5250.0 2150.0 0.08675
5350.0 2150.0 0.07003
5450.0 2150.0 0.08771
5550.0 2150.0 0.14165
5650.0 2150.0 0.22340
5750.0 2150.0 0.31866
5850.0 2150.0 0.40649
5950.0 2150.0 0.44129
6050.0 2150.0 0.39845
6150.0 2150.0 0.28373
6250.0 2150.0 0.12528
6350.0 2150.0 -0.03608
50.0 2250.0 0.03598
150.0 2250.0 0.13426
250.0 2250.0 0.17619
350.0 2250.0 0.14705
450.0 2250.0 0.06361
550.0 2250.0 -0.03979
650.0 2250.0 -0.12371
750.0 2250.0 -0.15468
850.0 2250.0 -0.11481
950.0 2250.0 -0.00989
1050.0 2250.0 0.12534
1150.0 2250.0 0.25715
1250.0 2250.0 0.35913
1350.0 2250.0 0.39968
1450.0 2250.0 0.36058
1550.0 2250.0 0.24757
1650.0 2250.0 0.09102
1750.0 2250.0 -0.06326
1850.0 2250.0 -0.17310
1950.0 2250.0 -0.22885
2050.0 2250.0 -0.26661
2150.0 2250.0 -0.28219
2250.0 2250.0 -0.25384
2350.0 2250.0 -0.17011
2450.0 2250.0 -0.03532
2550.0 2250.0 0.13025
2650.0 2250.0 0.29554
2750.0 2250.0 0.42905
2850.0 2250.0 0.51460
2950.0 2250.0 0.57038
3050.0 2250.0 0.61327
3150.0 2250.0 0.62858
3250.0 2250.0 0.60941
3350.0 2250.0 0.55949
3450.0 2250.0 0.49165
3550.0 2250.0 0.42447
3650.0 2250.0 0.37699
3750.0 2250.0 0.36157
3850.0 2250.0 0.37484
3950.0 2250.0 0.39196
4050.0 2250.0 0.39188
4150.0 2250.0 0.36871
4250.0 2250.0 0.32652
4350.0 2250.0 0.27546
4450.0 2250.0 0.22813
4550.0 2250.0 0.19603
4650.0 2250.0 0.18621
4750.0 2250.0 0.19811
4850.0 2250.0 0.22060
4950.0 2250.0 0.23574
5050.0 2250.0 0.23830
5150.0 2250.0 0.23589
5250.0 2250.0 0.24027
5350.0 2250.0 0.26110
5450.0 2250.0 0.30236
5550.0 2250.0 0.36142
5650.0 2250.0 0.43079
5750.0 2250.0 0.50253
5850.0 2250.0 0.56443
5950.0 2250.0 0.57367
6050.0 2250.0 0.50771
6150.0 2250.0 0.37457
6250.0 2250.0 0.20338
6350.0 2250.0 0.03417
50.0 2350.0 0.06147
150.0 2350.0 0.15514
250.0 2350.0 0.19297
350.0 2350.0 0.16072
450.0 2350.0 0.07544
550.0 2350.0 -0.02860
650.0 2350.0 -0.11245
750.0 2350.0 -0.14334
850.0 2350.0 -0.10411
950.0 2350.0 -0.00092
1050.0 2350.0 0.13210
1150.0 2350.0 0.26513
1250.0 2350.0 0.37454
1350.0 2350.0 0.42719
1450.0 2350.0 0.40121
1550.0 2350.0 0.29843
1650.0 2350.0 0.14634
1750.0 2350.0 -0.01033
1850.0 2350.0 -0.12849
1950.0 2350.0 -0.19597
2050.0 2350.0 -0.24331
2150.0 2350.0 -0.25568
2250.0 2350.0 -0.20865
2350.0 2350.0 -0.09556
2450.0 2350.0 0.07090
2550.0 2350.0 0.26166
2650.0 2350.0 0.43889
2750.0 2350.0 0.56829
2850.0 2350.0 0.63594
2950.0 2350.0 0.66775
3050.0 2350.0 0.69002
3150.0 2350.0 0.69308
3250.0 2350.0 0.67112
3350.0 2350.0 0.62578
3450.0 2350.0 0.56565
3550.0 2350.0 0.50412
3650.0 2350.0 0.45548
3750.0 2350.0 0.42959
3850.0 2350.0 0.42469
3950.0 2350.0 0.42205
4050.0 2350.0 0.40451
4150.0 2350.0 0.36902
4250.0 2350.0 0.32151
4350.0 2350.0 0.27204
4450.0 2350.0 0.23094
4550.0 2350.0 0.20582
4650.0 2350.0 0.19956
4750.0 2350.0 0.20920
4850.0 2350.0 0.22609
4950.0 2350.0 0.24645
5050.0 2350.0 0.27543
5150.0 2350.0 0.31634
5250.0 2350.0 0.36907
5350.0 2350.0 0.43001
5450.0 2350.0 0.49286
5550.0 2350.0 0.55049
5650.0 2350.0 0.59762
5750.0 2350.0 0.63453
5850.0 2350.0 0.66041
5950.0 2350.0 0.64206
6050.0 2350.0 0.56299
6150.0 2350.0 0.43288
6250.0 2350.0 0.27775
6350.0 2350.0 0.13056
50.0 2450.0 0.08026
150.0 2450.0 0.16861
250.0 2450.0 0.20161
350.0 2450.0 0.16558
450.0 2450.0 0.07790
550.0 2450.0 -0.02723
650.0 2450.0 -0.11132
750.0 2450.0 -0.14237
850.0 2450.0 -0.10402
950.0 2450.0 -0.00288
1050.0 2450.0 0.12766
1150.0 2450.0 0.26358
1250.0 2450.0 0.38600
1350.0 2450.0 0.46009
1450.0 2450.0 0.45879
1550.0 2450.0 0.37783
1650.0 2450.0 0.23966
1750.0 2450.0 0.08638
1850.0 2450.0 -0.03843
1950.0 2450.0 -0.11889
2050.0 2450.0 -0.17875
2150.0 2450.0 -0.19619
2250.0 2450.0 -0.14622
2350.0 2450.0 -0.02613
2450.0 2450.0 0.14588
2550.0 2450.0 0.33592
2650.0 2450.0 0.50337
2750.0 2450.0 0.61386
2850.0 2450.0 0.65598
2950.0 2450.0 0.65995
3050.0 2450.0 0.65960
3150.0 2450.0 0.65204
3250.0 2450.0 0.63279
3350.0 2450.0 0.60035
3450.0 2450.0 0.55713
3550.0 2450.0 0.50913
3650.0 2450.0 0.46412
3750.0 2450.0 0.42858
3850.0 2450.0 0.40318
3950.0 2450.0 0.37809
4050.0 2450.0 0.34245
4150.0 2450.0 0.29711
4250.0 2450.0 0.24977
4350.0 2450.0 0.20943
4450.0 2450.0 0.18254
4550.0 2450.0 0.17107
4650.0 2450.0 0.17231
4750.0 2450.0 0.18053
4850.0 2450.0 0.19096
4950.0 2450.0 0.21535
5050.0 2450.0 0.26855
5150.0 2450.0 0.34871
5250.0 2450.0 0.44344
5350.0 2450.0 0.53609
5450.0 2450.0 0.61104
5550.0 2450.0 0.65796
5650.0 2450.0 0.67499
5750.0 2450.0 0.67087
5850.0 2450.0 0.65624
5950.0 2450.0 0.61243
6050.0 2450.0 0.53205
6150.0 2450.0 0.42559
6250.0 2450.0 0.31240
6350.0 2450.0 0.21328
50.0 2550.0 0.08546
150.0 2550.0 0.16872
250.0 2550.0 0.19724
350.0 2550.0 0.15793
450.0 2550.0 0.06844
550.0 2550.0 -0.03716
650.0 2550.0 -0.12091
750.0 2550.0 -0.15168
850.0 2550.0 -0.11392
950.0 2550.0 -0.01466
1050.0 2550.0 0.11353
1150.0 2550.0 0.25304
1250.0 2550.0 0.39039
1350.0 2550.0 0.48918
1450.0 2550.0 0.51683
1550.0 2550.0 0.46231
1650.0 2550.0 0.34230
1750.0 2550.0 0.19564
1850.0 2550.0 0.06607
1950.0 2550.0 -0.02656
2050.0 2550.0 -0.09960
2150.0 2550.0 -0.12865
2250.0 2550.0 -0.09016
2350.0 2550.0 0.01599
2450.0 2550.0 0.16954
2550.0 2550.0 0.33600
2650.0 2550.0 0.47594
2750.0 2550.0 0.55736
2850.0 2550.0 0.57119
2950.0 2550.0 0.54828
3050.0 2550.0 0.52731
3150.0 2550.0 0.51303
3250.0 2550.0 0.50230
3350.0 2550.0 0.48982
3450.0 2550.0 0.47081
3550.0 2550.0 0.44282
3650.0 2550.0 0.40622
3750.0 2550.0 0.36380
3850.0 2550.0 0.31916
3950.0 2550.0 0.27280
4050.0 2550.0 0.22161
4150.0 2550.0 0.17076
4250.0 2550.0 0.12935
4350.0 2550.0 0.10443
4450.0 2550.0 0.09761
4550.0 2550.0 0.10436
4650.0 2550.0 0.11590
4750.0 2550.0 0.12385
4850.0 2550.0 0.12805
4950.0 2550.0 0.15425
5050.0 2550.0 0.22425
5150.0 2550.0 0.33106
5250.0 2550.0 0.45189
5350.0 2550.0 0.55994
5450.0 2550.0 0.63324
5550.0 2550.0 0.66048
5650.0 2550.0 0.64395
5750.0 2550.0 0.59951
5850.0 2550.0 0.54666
5950.0 2550.0 0.48288
6050.0 2550.0 0.41098
6150.0 2550.0 0.34149
6250.0 2550.0 0.28516
6350.0 2550.0 0.24823
50.0 2650.0 0.07466
150.0 2650.0 0.15396
250.0 2650.0 0.17935
350.0 2650.0 0.13827
450.0 2650.0 0.04856
550.0 2650.0 -0.05602
650.0 2650.0 -0.13820
750.0 2650.0 -0.16770
850.0 2650.0 -0.12978
950.0 2650.0 -0.03179
1050.0 2650.0 0.09456
1150.0 2650.0 0.23712
1250.0 2650.0 0.38695
1350.0 2650.0 0.50642
1450.0 2650.0 0.55840
1550.0 2650.0 0.52631
1650.0 2650.0 0.42198
1750.0 2650.0 0.28146
1850.0 2650.0 0.14857
1950.0 2650.0 0.04637
2050.0 2650.0 -0.03793
2150.0 2650.0 -0.08114
2250.0 2650.0 -0.06227
2350.0 2650.0 0.01761
2450.0 2650.0 0.13898
2550.0 2650.0 0.26991
2650.0 2650.0 0.37472
2750.0 2650.0 0.42510
2850.0 2650.0 0.41376
2950.0 2650.0 0.36946
3050.0 2650.0 0.33331
3150.0 2650.0 0.31716
3250.0 2650.0 0.31908
3350.0 2650.0 0.32994
3450.0 2650.0 0.33805
3550.0 2650.0 0.33286
3650.0 2650.0 0.30783
3750.0 2650.0 0.26236
3850.0 2650.0 0.20294
3950.0 2650.0 0.14002
4050.0 2650.0 0.07822
4150.0 2650.0 0.02662
4250.0 2650.0 -0.00483
4350.0 2650.0 -0.01143
4450.0 2650.0 0.00353
4550.0 2650.0 0.02937
4650.0 2650.0 0.05190
4750.0 2650.0 0.06064
4850.0 2650.0 0.05990
4950.0 2650.0 0.08539
5050.0 2650.0 0.16201
5150.0 2650.0 0.27846
5250.0 2650.0 0.40522
5350.0 2650.0 0.50991
5450.0 2650.0 0.56818
5550.0 2650.0 0.57012
5650.0 2650.0 0.52225
5750.0 2650.0 0.44496
5850.0 2650.0 0.36229
5950.0 2650.0 0.28555
6050.0 2650.0 0.22657
6150.0 2650.0 0.19539
6250.0 2650.0 0.19459
6350.0 2650.0 0.21708
50.0 2750.0 0.05031
150.0 2750.0 0.12734
250.0 2750.0 0.15151
350.0 2750.0 0.11077
450.0 2750.0 0.02293
550.0 2750.0 -0.07873
650.0 2750.0 -0.15774
750.0 2750.0 -0.18474
850.0 2750.0 -0.14569
950.0 2750.0 -0.04812
1050.0 2750.0 0.07712
1150.0 2750.0 0.22113
1250.0 2750.0 0.37729
1350.0 2750.0 0.50722
1450.0 2750.0 0.57132
1550.0 2750.0 0.55007
1650.0 2750.0 0.45286
1750.0 2750.0 0.31442
1850.0 2750.0 0.17874
1950.0 2750.0 0.07064
2050.0 2750.0 -0.02101
2150.0 2750.0 -0.07610
2250.0 2750.0 -0.07617
2350.0 2750.0 -0.02238
2450.0 2750.0 0.06775
2550.0 2750.0 0.16589
2650.0 2750.0 0.24053
2750.0 2750.0 0.26679
2850.0 2750.0 0.23843
2950.0 2750.0 0.18121
3050.0 2750.0 0.13711
3150.0 2750.0 0.12348
3250.0 2750.0 0.13919
3350.0 2750.0 0.17202
3450.0 2750.0 0.20478
3550.0 2750.0 0.22065
3650.0 2750.0 0.20772
3750.0 2750.0 0.16293
3850.0 2750.0 0.09509
3950.0 2750.0 0.02247
4050.0 2750.0 -0.04410
4150.0 2750.0 -0.09267
4250.0 2750.0 -0.11308
4350.0 2750.0 -0.10282
4450.0 2750.0 -0.06912
4550.0 2750.0 -0.02731
4650.0 2750.0 0.00455
4750.0 2750.0 0.01471
4850.0 2750.0 0.01096
4950.0 2750.0 0.03371
5050.0 2750.0 0.10705
5150.0 2750.0 0.21686
5250.0 2750.0 0.33116
5350.0 2750.0 0.41691
5450.0 2750.0 0.45121
5550.0 2750.0 0.42738
5650.0 2750.0 0.35544
5750.0 2750.0 0.25736
5850.0 2750.0 0.15695
5950.0 2750.0 0.07369
6050.0 2750.0 0.02524
6150.0 2750.0 0.02118
6250.0 2750.0 0.05849
6350.0 2750.0 0.12130
50.0 2850.0 0.01815
150.0 2850.0 0.09459
250.0 2850.0 0.11938
350.0 2850.0 0.08095
450.0 2850.0 -0.00309
550.0 2850.0 -0.10013
650.0 2850.0 -0.17459
750.0 2850.0 -0.19800
850.0 2850.0 -0.15693
950.0 2850.0 -0.05895
1050.0 2850.0 0.06589
1150.0 2850.0 0.20933
1250.0 2850.0 0.36446
1350.0 2850.0 0.49256
1450.0 2850.0 0.55392
1550.0 2850.0 0.52915
1650.0 2850.0 0.42805
1750.0 2850.0 0.28588
1850.0 2850.0 0.14709
1950.0 2850.0 0.03657
2050.0 2850.0 -0.05800
2150.0 2850.0 -0.11949
2250.0 2850.0 -0.13095
2350.0 2850.0 -0.09321
2450.0 2850.0 -0.02196
2550.0 2850.0 0.05708
2650.0 2850.0 0.11515
2750.0 2850.0 0.12938
2850.0 2850.0 0.09387
2950.0 2850.0 0.03218
3050.0 2850.0 -0.01323
3150.0 2850.0 -0.02158
3250.0 2850.0 0.00639
3350.0 2850.0 0.05640
3450.0 2850.0 0.10778
3550.0 2850.0 0.13978
3650.0 2850.0 0.13729
3750.0 2850.0 0.09577
3850.0 2850.0 0.02560
3950.0 2850.0 -0.05007
4050.0 2850.0 -0.11648
4150.0 2850.0 -0.16012
4250.0 2850.0 -0.17107
4350.0 2850.0 -0.14846
4450.0 2850.0 -0.10199
4550.0 2850.0 -0.04965
4650.0 2850.0 -0.01153
4750.0 2850.0 0.00018
4850.0 2850.0 -0.00464
4950.0 2850.0 0.01427
5050.0 2850.0 0.07743
5150.0 2850.0 0.16944
5250.0 2850.0 0.25951
5350.0 2850.0 0.31764
5450.0 2850.0 0.32510
5550.0 2850.0 0.27922
5650.0 2850.0 0.19250
5750.0 2850.0 0.08598
5850.0 2850.0 -0.02058
5950.0 2850.0 -0.10619
6050.0 2850.0 -0.15122
6150.0 2850.0 -0.14625
6250.0 2850.0 -0.09617
6350.0 2850.0 -0.01981
50.0 2950.0 -0.01440
150.0 2950.0 0.06213
250.0 2950.0 0.08832
350.0 2950.0 0.05302
450.0 2950.0 -0.02642
550.0 2950.0 -0.11812
650.0 2950.0 -0.18745
750.0 2950.0 -0.20682
850.0 2950.0 -0.16337
950.0 2950.0 -0.06464
1050.0 2950.0 0.06006
1150.0 2950.0 0.20167
1250.0 2950.0 0.35152
1350.0 2950.0 0.47081
1450.0 2950.0 0.52099
1550.0 2950.0 0.48456
1650.0 2950.0 0.37330
1750.0 2950.0 0.22405
1850.0 2950.0 0.08188
1950.0 2950.0 -0.02924
2050.0 2950.0 -0.12423
2150.0 2950.0 -0.18835
2250.0 2950.0 -0.20543
2350.0 2950.0 -0.17582
2450.0 2950.0 -0.11398
2550.0 2950.0 -0.04400
2650.0 2950.0 0.00687
2750.0 2950.0 0.01674
2850.0 2950.0 -0.02030
2950.0 2950.0 -0.08203
3050.0 2950.0 -0.12542
3150.0 2950.0 -0.12749
3250.0 2950.0 -0.08881
3350.0 2950.0 -0.02505
3450.0 2950.0 0.04081
3550.0 2950.0 0.08553
3650.0 2950.0 0.09200
3750.0 2950.0 0.05486
3850.0 2950.0 -0.01449
3950.0 2950.0 -0.08974
4050.0 2950.0 -0.15361
4150.0 2950.0 -0.19181
4250.0 2950.0 -0.19492
4350.0 2950.0 -0.16331
4450.0 2950.0 -0.10826
4550.0 2950.0 -0.04919
4650.0 2950.0 -0.00711
4750.0 2950.0 0.00584
4850.0 2950.0 0.00072
4950.0 2950.0 0.01533
5050.0 2950.0 0.06555
5150.0 2950.0 0.13554
5250.0 2950.0 0.19738
5350.0 2950.0 0.22572
5450.0 2950.0 0.20693
5550.0 2950.0 0.14244
5650.0 2950.0 0.04647
5750.0 2950.0 -0.06196
5850.0 2950.0 -0.16875
5950.0 2950.0 -0.25503
6050.0 2950.0 -0.30135
6150.0 2950.0 -0.29824
6250.0 2950.0 -0.25032
6350.0 2950.0 -0.17613
50.0 3050.0 -0.01086
150.0 3050.0 0.06258
250.0 3050.0 0.08710
350.0 3050.0 0.05223
450.0 3050.0 -0.02477
550.0 3050.0 -0.11269
650.0 3050.0 -0.17801
750.0 3050.0 -0.19430
850.0 3050.0 -0.14964
950.0 3050.0 -0.05177
1050.0 3050.0 0.07088
1150.0 3050.0 0.20800
1250.0 3050.0 0.34896
1350.0 3050.0 0.45580
1450.0 3050.0 0.49231
1550.0 3050.0 0.44366
1650.0 3050.0 0.32380
1750.0 3050.0 0.17059
1850.0 3050.0 0.02878
1950.0 3050.0 -0.07930
2050.0 3050.0 -0.17187
2150.0 3050.0 -0.23889
2250.0 3050.0 -0.26588
2350.0 3050.0 -0.25185
2450.0 3050.0 -0.20808
2550.0 3050.0 -0.15483
2650.0 3050.0 -0.11591
2750.0 3050.0 -0.11115
2850.0 3050.0 -0.14677
2950.0 3050.0 -0.20382
3050.0 3050.0 -0.24100
3150.0 3050.0 -0.23398
3250.0 3050.0 -0.18321
3350.0 3050.0 -0.10534
3450.0 3050.0 -0.02491
3550.0 3050.0 0.03315
3650.0 3050.0 0.05038
3750.0 3050.0 0.02089
3850.0 3050.0 -0.04321
3950.0 3050.0 -0.11324
4050.0 3050.0 -0.16970
4150.0 3050.0 -0.19882
4250.0 3050.0 -0.19313
4350.0 3050.0 -0.15504
4450.0 3050.0 -0.09709
4550.0 3050.0 -0.03873
4650.0 3050.0 0.00009
4750.0 3050.0 0.00879
4850.0 3050.0 -0.00075
4950.0 3050.0 0.00455
5050.0 3050.0 0.03558
5150.0 3050.0 0.07766
5250.0 3050.0 0.10754
5350.0 3050.0 0.10577
5450.0 3050.0 0.06384
5550.0 3050.0 -0.01377
5650.0 3050.0 -0.11283
5750.0 3050.0 -0.21761
5850.0 3050.0 -0.31892
5950.0 3050.0 -0.39828
6050.0 3050.0 -0.43684
6150.0 3050.0 -0.42669
6250.0 3050.0 -0.37400
6350.0 3050.0 -0.29807
50.0 3150.0 0.05658
150.0 3150.0 0.12002
250.0 3150.0 0.13648
350.0 3150.0 0.09680
450.0 3150.0 0.01850
550.0 3150.0 -0.06794
650.0 3150.0 -0.13059
750.0 3150.0 -0.14507
850.0 3150.0 -0.10125
950.0 3150.0 -0.00753
1050.0 3150.0 0.10893
1150.0 3150.0 0.23619
1250.0 3150.0 0.36169
1350.0 3150.0 0.45022
1450.0 3150.0 0.47015
1550.0 3150.0 0.41064
1650.0 3150.0 0.28767
1750.0 3150.0 0.13863
1850.0 3150.0 0.00580
1950.0 3150.0 -0.09157
2050.0 3150.0 -0.17565
2150.0 3150.0 -0.24554
2250.0 3150.0 -0.29016
2350.0 3150.0 -0.30544
2450.0 3150.0 -0.29581
2550.0 3150.0 -0.27341
2650.0 3150.0 -0.25492
2750.0 3150.0 -0.25610
2850.0 3150.0 -0.28398
2950.0 3150.0 -0.32669
3050.0 3150.0 -0.34960
3150.0 3150.0 -0.32921
3250.0 3150.0 -0.26608
3350.0 3150.0 -0.17660
3450.0 3150.0 -0.08483
3550.0 3150.0 -0.01514
3650.0 3150.0 0.01449
3750.0 3150.0 -0.00160
3850.0 3150.0 -0.05147
3950.0 3150.0 -0.10627
4050.0 3150.0 -0.14498
4150.0 3150.0 -0.15690
4250.0 3150.0 -0.13970
4350.0 3150.0 -0.09971
4450.0 3150.0 -0.05015
4550.0 3150.0 -0.00772
4650.0 3150.0 0.01274
4750.0 3150.0 0.00548
4850.0 3150.0 -0.01748
4950.0 3150.0 -0.03173
5050.0 3150.0 -0.03129
5150.0 3150.0 -0.02648
5250.0 3150.0 -0.03236
5350.0 3150.0 -0.06071
5450.0 3150.0 -0.11558
5550.0 3150.0 -0.19241
5650.0 3150.0 -0.28071
5750.0 3150.0 -0.37033
5850.0 3150.0 -0.45467
5950.0 3150.0 -0.51189
6050.0 3150.0 -0.52454
6150.0 3150.0 -0.48981
6250.0 3150.0 -0.41902
6350.0 3150.0 -0.33441
50.0 3250.0 0.16805
150.0 3250.0 0.21439
250.0 3250.0 0.21671
350.0 3250.0 0.16789
450.0 3250.0 0.08604
550.0 3250.0 0.00055
650.0 3250.0 -0.05907
750.0 3250.0 -0.07165
850.0 3250.0 -0.02995
950.0 3250.0 0.05646
1050.0 3250.0 0.16245
1150.0 3250.0 0.27466
1250.0 3250.0 0.37894
1350.0 3250.0 0.44490
1450.0 3250.0 0.44755
1550.0 3250.0 0.38104
1650.0 3250.0 0.26278
1750.0 3250.0 0.12782
1850.0 3250.0 0.01363
1950.0 3250.0 -0.06490
2050.0 3250.0 -0.13389
2150.0 3250.0 -0.20480
2250.0 3250.0 -0.27120
2350.0 3250.0 -0.32446
2450.0 3250.0 -0.35923
2550.0 3250.0 -0.37618
2650.0 3250.0 -0.38205
2750.0 3250.0 -0.38708
2850.0 3250.0 -0.39966
2950.0 3250.0 -0.41799
3050.0 3250.0 -0.41913
3150.0 3250.0 -0.38372
3250.0 3250.0 -0.31268
3350.0 3250.0 -0.22023
3450.0 3250.0 -0.12684
3550.0 3250.0 -0.05288
3650.0 3250.0 -0.01309
3750.0 3250.0 -0.01170
3850.0 3250.0 -0.03840
3950.0 3250.0 -0.06754
4050.0 3250.0 -0.07759
4150.0 3250.0 -0.06345
4250.0 3250.0 -0.03136
4350.0 3250.0 0.00652
4450.0 3250.0 0.03661
4550.0 3250.0 0.04780
4650.0 3250.0 0.03457
4750.0 3250.0 -0.00072
4850.0 3250.0 -0.04638
4950.0 3250.0 -0.08992
5050.0 3250.0 -0.12910
5150.0 3250.0 -0.16641
5250.0 3250.0 -0.20575
5350.0 3250.0 -0.25043
5450.0 3250.0 -0.30188
5550.0 3250.0 -0.35937
5650.0 3250.0 -0.42049
5750.0 3250.0 -0.48259
5850.0 3250.0 -0.53828
5950.0 3250.0 -0.55910
6050.0 3250.0 -0.53041
6150.0 3250.0 -0.45784
6250.0 3250.0 -0.36087
6350.0 3250.0 -0.26594
50.0 3350.0 0.28177
150.0 3350.0 0.30631
250.0 3350.0 0.29101
350.0 3350.0 0.23150
450.0 3350.0 0.14655
550.0 3350.0 0.06397
650.0 3350.0 0.00983
750.0 3350.0 0.00095
850.0 3350.0 0.04068
950.0 3350.0 0.11800
1050.0 3350.0 0.21064
1150.0 3350.0 0.30468
1250.0 3350.0 0.38516
1350.0 3350.0 0.42793
1450.0 3350.0 0.41571
1550.0 3350.0 0.34783
1650.0 3350.0 0.24225
1750.0 3350.0 0.12999
1850.0 3350.0 0.04193
1950.0 3350.0 -0.01207
2050.0 3350.0 -0.06110
2150.0 3350.0 -0.12951
2250.0 3350.0 -0.21571
2350.0 3350.0 -0.30595
2450.0 3350.0 -0.38413
2550.0 3350.0 -0.43853
2650.0 3350.0 -0.46537
2750.0 3350.0 -0.46918
2850.0 3350.0 -0.46002
2950.0 3350.0 -0.44710
3050.0 3350.0 -0.42249
3150.0 3350.0 -0.37440
3250.0 3350.0 -0.30434
3350.0 3350.0 -0.22234
3450.0 3350.0 -0.14186
3550.0 3350.0 -0.07560
3650.0 3350.0 -0.03206
3750.0 3350.0 -0.01281
3850.0 3350.0 -0.01068
3950.0 3350.0 -0.00703
4050.0 3350.0 0.01929
4150.0 3350.0 0.06601
4250.0 3350.0 0.11607
4350.0 3350.0 0.14993
4450.0 3350.0 0.15382
4550.0 3350.0 0.12402
4650.0 3350.0 0.06702
4750.0 3350.0 -0.00438
4850.0 3350.0 -0.07903
4950.0 3350.0 -0.15736
5050.0 3350.0 -0.23881
5150.0 3350.0 -0.31551
5250.0 3350.0 -0.37902
5350.0 3350.0 -0.42485
5450.0 3350.0 -0.45450
5550.0 3350.0 -0.47488
5650.0 3350.0 -0.49512
5750.0 3350.0 -0.52079
5850.0 3350.0 -0.54017
5950.0 3350.0 -0.51681
6050.0 3350.0 -0.44047
6150.0 3350.0 -0.32717
6250.0 3350.0 -0.20567
6350.0 3350.0 -0.10624
50.0 3450.0 0.35570
150.0 3450.0 0.35747
250.0 3450.0 0.32469
350.0 3450.0 0.25616
450.0 3450.0 0.17113
550.0 3450.0 0.09527
650.0 3450.0 0.05041
750.0 3450.0 0.04819
850.0 3450.0 0.08751
950.0 3450.0 0.15581
1050.0 3450.0 0.23446
1150.0 3450.0 0.31024
1250.0 3450.0 0.36825
1350.0 3450.0 0.39095
1450.0 3450.0 0.36862
1550.0 3450.0 0.30512
1650.0 3450.0 0.21799
1750.0 3450.0 0.13318
1850.0 3450.0 0.07433
1950.0 3450.0 0.04647
2050.0 3450.0 0.01913
2150.0 3450.0 -0.04265
2250.0 3450.0 -0.14122
2350.0 3450.0 -0.25812
2450.0 3450.0 -0.36786
2550.0 3450.0 -0.44812
2650.0 3450.0 -0.48629
2750.0 3450.0 -0.48234
2850.0 3450.0 -0.44807
2950.0 3450.0 -0.40221
3050.0 3450.0 -0.35254
3150.0 3450.0 -0.29733
3250.0 3450.0 -0.23893
3350.0 3450.0 -0.18151
3450.0 3450.0 -0.12893
3550.0 3450.0 -0.08334
3650.0 3450.0 -0.04468
3750.0 3450.0 -0.01095
3850.0 3450.0 0.02070
3950.0 3450.0 0.05893
4050.0 3450.0 0.12380
4150.0 3450.0 0.20541
4250.0 3450.0 0.27525
4350.0 3450.0 0.30587
4450.0 3450.0 0.28315
4550.0 3450.0 0.21098
4650.0 3450.0 0.10837
4750.0 3450.0 -0.00087
4850.0 3450.0 -0.10594
4950.0 3450.0 -0.21877
5050.0 3450.0 -0.33800
5150.0 3450.0 -0.44471
5250.0 3450.0 -0.51888
5350.0 3450.0 -0.55032
5450.0 3450.0 -0.54327
5550.0 3450.0 -0.51487
5650.0 3450.0 -0.48728
5750.0 3450.0 -0.47367
5850.0 3450.0 -0.45536
5950.0 3450.0 -0.38877
6050.0 3450.0 -0.26938
6150.0 3450.0 -0.12363
6250.0 3450.0 0.01162
6350.0 3450.0 0.10409
50.0 3550.0 0.36190
150.0 3550.0 0.34394
250.0 3550.0 0.29731
350.0 3550.0 0.22400
450.0 3550.0 0.14344
550.0 3550.0 0.07868
650.0 3550.0 0.04693
750.0 3550.0 0.05448
850.0 3550.0 0.09577
950.0 3550.0 0.15695
1050.0 3550.0 0.22339
1150.0 3550.0 0.28379
1250.0 3550.0 0.32405
1350.0 3550.0 0.33246
1450.0 3550.0 0.30552
1550.0 3550.0 0.25032
1650.0 3550.0 0.18328
1750.0 3550.0 0.12531
1850.0 3550.0 0.09343
1950.0 3550.0 0.08875
2050.0 3550.0 0.08116
2150.0 3550.0 0.02936
2250.0 3550.0 -0.07125
2350.0 3550.0 -0.19883
2450.0 3550.0 -0.32160
2550.0 3550.0 -0.41045
2650.0 3550.0 -0.44740
2750.0 3550.0 -0.42992
2850.0 3550.0 -0.37128
2950.0 3550.0 -0.29647
3050.0 3550.0 -0.22676
3150.0 3550.0 -0.17134
3250.0 3550.0 -0.13342
3350.0 3550.0 -0.11071
3450.0 3550.0 -0.09644
3550.0 3550.0 -0.08114
3650.0 3550.0 -0.05531
3750.0 3550.0 -0.01302
3850.0 3550.0 0.04377
3950.0 3550.0 0.11247
4050.0 3550.0 0.21196
4150.0 3550.0 0.32586
4250.0 3550.0 0.41544
4350.0 3550.0 0.44599
4450.0 3550.0 0.40258
4550.0 3550.0 0.29532
4650.0 3550.0 0.15395
4750.0 3550.0 0.01195
4850.0 3550.0 -0.11976
4950.0 3550.0 -0.26116
5050.0 3550.0 -0.40822
5150.0 3550.0 -0.53211
5250.0 3550.0 -0.60387
5350.0 3550.0 -0.61022
5450.0 3550.0 -0.55997
5550.0 3550.0 -0.48096
5650.0 3550.0 -0.40755
5750.0 3550.0 -0.35870
5850.0 3550.0 -0.30790
5950.0 3550.0 -0.20728
6050.0 3550.0 -0.05863
6150.0 3550.0 0.10316
6250.0 3550.0 0.23598
6350.0 3550.0 0.30832
50.0 3650.0 0.29372
150.0 3650.0 0.26222
250.0 3650.0 0.20780
350.0 3650.0 0.13526
450.0 3650.0 0.06376
550.0 3650.0 0.01361
650.0 3650.0 -0.00240
750.0 3650.0 0.01715
850.0 3650.0 0.06290
950.0 3650.0 0.12010
1050.0 3650.0 0.17802
1150.0 3650.0 0.22806
1250.0 3650.0 0.25725
1350.0 3650.0 0.25800
1450.0 3650.0 0.23087
1550.0 3650.0 0.18473
1650.0 3650.0 0.13463
1750.0 3650.0 0.09752
1850.0 3650.0 0.08556
1950.0 3650.0 0.09737
2050.0 3650.0 0.10442
2150.0 3650.0 0.06404
2250.0 3650.0 -0.02871
2350.0 3650.0 -0.15036
2450.0 3650.0 -0.26680
2550.0 3650.0 -0.34683
2650.0 3650.0 -0.37113
2750.0 3650.0 -0.33703
2850.0 3650.0 -0.25880
2950.0 3650.0 -0.16355
3050.0 3650.0 -0.08166
3150.0 3650.0 -0.03202
3250.0 3650.0 -0.01860
3350.0 3650.0 -0.03326
3450.0 3650.0 -0.05955
3550.0 3650.0 -0.07750
3650.0 3650.0 -0.06911
3750.0 3650.0 -0.02489
3850.0 3650.0 0.04883
3950.0 3650.0 0.13919
4050.0 3650.0 0.26430
4150.0 3650.0 0.40363
4250.0 3650.0 0.51106
4350.0 3650.0 0.54611
4450.0 3650.0 0.49253
4550.0 3650.0 0.36407
4650.0 3650.0 0.19754
4750.0 3650.0 0.03322
4850.0 3650.0 -0.11715
4950.0 3650.0 -0.27735
5050.0 3650.0 -0.43988
5150.0 3650.0 -0.56882
5250.0 3650.0 -0.62980
5350.0 3650.0 -0.60890
5450.0 3650.0 -0.51980
5550.0 3650.0 -0.39919
5650.0 3650.0 -0.29058
5750.0 3650.0 -0.21635
5850.0 3650.0 -0.14340
5950.0 3650.0 -0.02348
6050.0 3650.0 0.13569
6150.0 3650.0 0.29404
6250.0 3650.0 0.40804
6350.0 3650.0 0.44963
50.0 3750.0 0.16580
150.0 3750.0 0.12817
250.0 3750.0 0.07261
350.0 3750.0 0.00602
450.0 3750.0 -0.05304
550.0 3750.0 -0.08687
650.0 3750.0 -0.08639
750.0 3750.0 -0.05405
850.0 3750.0 -0.00198
950.0 3750.0 0.05468
1050.0 3750.0 0.10853
1150.0 3750.0 0.15384
1250.0 3750.0 0.17860
1350.0 3750.0 0.17726
1450.0 3750.0 0.15212
1550.0 3750.0 0.11258
1650.0 3750.0 0.07266
1750.0 3750.0 0.04705
1850.0 3750.0 0.04545
1950.0 3750.0 0.06543
2050.0 3750.0 0.08047
2150.0 3750.0 0.05073
2250.0 3750.0 -0.02742
2350.0 3750.0 -0.13061
2450.0 3750.0 -0.22604
2550.0 3750.0 -0.28453
2650.0 3750.0 -0.28902
2750.0 3750.0 -0.23862
2850.0 3750.0 -0.14799
2950.0 3750.0 -0.04272
3050.0 3750.0 0.04301
3150.0 3750.0 0.08340
3250.0 3750.0 0.07395
3350.0 3750.0 0.02709
3450.0 3750.0 -0.03372
3550.0 3750.0 -0.08081
3650.0 3750.0 -0.09003
3750.0 3750.0 -0.04931
3850.0 3750.0 0.03182
3950.0 3750.0 0.13305
4050.0 3750.0 0.27258
4150.0 3750.0 0.42844
4250.0 3750.0 0.55056
4350.0 3750.0 0.59474
4450.0 3750.0 0.54290
4550.0 3750.0 0.40941
4650.0 3750.0 0.23384
4750.0 3750.0 0.05976
4850.0 3750.0 -0.09959
4950.0 3750.0 -0.26793
5050.0 3750.0 -0.43480
5150.0 3750.0 -0.56069
5250.0 3750.0 -0.60933
5350.0 3750.0 -0.56767
5450.0 3750.0 -0.45302
5550.0 3750.0 -0.30745
5650.0 3750.0 -0.17937
5750.0 3750.0 -0.09232
5850.0 3750.0 -0.00949
5950.0 3750.0 0.11397
6050.0 3750.0 0.26552
6150.0 3750.0 0.40354
6250.0 3750.0 0.48670
6350.0 3750.0 0.49234
50.0 3850.0 0.00684
150.0 3850.0 -0.03127
250.0 3850.0 -0.08319
350.0 3850.0 -0.14059
450.0 3850.0 -0.18570
550.0 3850.0 -0.20314
650.0 3850.0 -0.18680
750.0 3850.0 -0.14200
850.0 3850.0 -0.08274
950.0 3850.0 -0.02415
1050.0 3850.0 0.02904
1150.0 3850.0 0.07373
1250.0 3850.0 0.09847
1350.0 3850.0 0.09809
1450.0 3850.0 0.07507
1550.0 3850.0 0.03859
1650.0 3850.0 0.00219
1750.0 3850.0 -0.02014
1850.0 3850.0 -0.01924
1950.0 3850.0 0.00237
2050.0 3850.0 0.02007
2150.0 3850.0 -0.00085
2250.0 3850.0 -0.06180
2350.0 3850.0 -0.14065
2450.0 3850.0 -0.20806
2550.0 3850.0 -0.23936
2650.0 3850.0 -0.22183
2750.0 3850.0 -0.15733
2850.0 3850.0 -0.06057
2950.0 3850.0 0.04667
3050.0 3850.0 0.13043
3150.0 3850.0 0.16077
3250.0 3850.0 0.13289
3350.0 3850.0 0.06188
3450.0 3850.0 -0.02446
3550.0 3850.0 -0.09375
3650.0 3850.0 -0.11805
3750.0 3850.0 -0.08373
3850.0 3850.0 -0.00228
3950.0 3850.0 0.10148
4050.0 3850.0 0.24664
4150.0 3850.0 0.41187
4250.0 3850.0 0.54584
4350.0 3850.0 0.60227
4450.0 3850.0 0.56089
4550.0 3850.0 0.43452
4650.0 3850.0 0.26214
4750.0 3850.0 0.08794
4850.0 3850.0 -0.07298
4950.0 3850.0 -0.24184
5050.0 3850.0 -0.40635
5150.0 3850.0 -0.52621
5250.0 3850.0 -0.56552
5350.0 3850.0 -0.51253
5450.0 3850.0 -0.38654
5550.0 3850.0 -0.23164
5650.0 3850.0 -0.09762
5750.0 3850.0 -0.00771
5850.0 3850.0 0.07570
5950.0 3850.0 0.19159
6050.0 3850.0 0.32379
6150.0 3850.0 0.43180
6250.0 3850.0 0.47873
6350.0 3850.0 0.44815
50.0 3950.0 -0.15758
150.0 3950.0 -0.19481
250.0 3950.0 -0.24214
350.0 3950.0 -0.29010
450.0 3950.0 -0.32187
550.0 3950.0 -0.32421
650.0 3950.0 -0.29368
750.0 3950.0 -0.23797
850.0 3950.0 -0.17251
950.0 3950.0 -0.11223
1050.0 3950.0 -0.05949
1150.0 3950.0 -0.01507
1250.0 3950.0 0.01010
1350.0 3950.0 0.01099
1450.0 3950.0 -0.01007
1550.0 3950.0 -0.04421
1650.0 3950.0 -0.07836
1750.0 3950.0 -0.09896
1850.0 3950.0 -0.09713
1950.0 3950.0 -0.07526
2050.0 3950.0 -0.05593
2150.0 3950.0 -0.06774
2250.0 3950.0 -0.10983
2350.0 3950.0 -0.16199
2450.0 3950.0 -0.19939
2550.0 3950.0 -0.20269
2650.0 3950.0 -0.16392
2750.0 3950.0 -0.08774
2850.0 3950.0 0.01162
2950.0 3950.0 0.11694
3050.0 3950.0 0.19554
3150.0 3950.0 0.21457
3250.0 3950.0 0.16939
3350.0 3950.0 0.07755
3450.0 3950.0 -0.02971
3550.0 3950.0 -0.11657
3650.0 3950.0 -0.15264
3750.0 3950.0 -0.12363
3850.0 3950.0 -0.04278
3950.0 3950.0 0.06191
4050.0 3950.0 0.21058
4150.0 3950.0 0.38281
4250.0 3950.0 0.52677
4350.0 3950.0 0.59470
4450.0 3950.0 0.56446
4550.0 3950.0 0.44706
4650.0 3950.0 0.28030
4750.0 3950.0 0.10840
4850.0 3950.0 -0.05186
4950.0 3950.0 -0.21839
5050.0 3950.0 -0.37691
5150.0 3950.0 -0.48734
5250.0 3950.0 -0.51532
5350.0 3950.0 -0.45125
5450.0 3950.0 -0.31638
5550.0 3950.0 -0.15616
5650.0 3950.0 -0.02062
5750.0 3950.0 0.06811
5850.0 3950.0 0.14806
5950.0 3950.0 0.25179
6050.0 3950.0 0.36036
6150.0 3950.0 0.43569
6250.0 3950.0 0.44628
6350.0 3950.0 0.38204
50.0 4050.0 -0.31209
150.0 4050.0 -0.34816
250.0 4050.0 -0.39141
350.0 4050.0 -0.43202
450.0 4050.0 -0.45449
550.0 4050.0 -0.44758
650.0 4050.0 -0.40977
750.0 4050.0 -0.35003
850.0 4050.0 -0.28409
950.0 4050.0 -0.22614
1050.0 4050.0 -0.17688
1150.0 4050.0 -0.13565
1250.0 4050.0 -0.11252
1350.0 4050.0 -0.11177
1450.0 4050.0 -0.13081
1550.0 4050.0 -0.16115
1650.0 4050.0 -0.19070
1750.0 4050.0 -0.20716
1850.0 4050.0 -0.20272
1950.0 4050.0 -0.17987
2050.0 4050.0 -0.15771
2150.0 4050.0 -0.15641
2250.0 4050.0 -0.17342
2350.0 4050.0 -0.19298
2450.0 4050.0 -0.19728
2550.0 4050.0 -0.17395
2650.0 4050.0 -0.11986
2750.0 4050.0 -0.04117
2850.0 4050.0 0.05030
2950.0 4050.0 0.14316
3050.0 4050.0 0.20688
3150.0 4050.0 0.20794
3250.0 4050.0 0.14422
3350.0 4050.0 0.03671
3450.0 4050.0 -0.08076
3550.0 4050.0 -0.17169
3650.0 4050.0 -0.20700
3750.0 4050.0 -0.17497
3850.0 4050.0 -0.09114
3950.0 4050.0 0.01634
4050.0 4050.0 0.16809
4150.0 4050.0 0.34388
4250.0 4050.0 0.49184
4350.0 4050.0 0.56407
4450.0 4050.0 0.53818
4550.0 4050.0 0.42492
4650.0 4050.0 0.26190
4750.0 4050.0 0.09328
4850.0 4050.0 -0.06376
4950.0 4050.0 -0.22233
5050.0 4050.0 -0.36386
5150.0 4050.0 -0.45028
5250.0 4050.0 -0.45241
5350.0 4050.0 -0.36634
5450.0 4050.0 -0.21764
5550.0 4050.0 -0.05352
5650.0 4050.0 0.07713
5750.0 4050.0 0.15576
5850.0 4050.0 0.22255
5950.0 4050.0 0.30354
6050.0 4050.0 0.37967
6150.0 4050.0 0.41899
6250.0 4050.0 0.39781
6350.0 4050.0 0.31222
50.0 4150.0 -0.42586
150.0 4150.0 -0.46036
250.0 4150.0 -0.50020
350.0 4150.0 -0.53624
450.0 4150.0 -0.55481
550.0 4150.0 -0.54651
650.0 4150.0 -0.51074
750.0 4150.0 -0.45626
850.0 4150.0 -0.39763
950.0 4150.0 -0.34751
1050.0 4150.0 -0.30586
1150.0 4150.0 -0.27188
1250.0 4150.0 -0.25435
1350.0 4150.0 -0.25599
1450.0 4150.0 -0.27334
1550.0 4150.0 -0.29832
1650.0 4150.0 -0.32042
1750.0 4150.0 -0.32972
1850.0 4150.0 -0.32049
1950.0 4150.0 -0.29568
2050.0 4150.0 -0.26928
2150.0 4150.0 -0.25066
2250.0 4150.0 -0.23684
2350.0 4150.0 -0.21963
2450.0 4150.0 -0.19116
2550.0 4150.0 -0.14742
2650.0 4150.0 -0.08955
2750.0 4150.0 -0.02298
2850.0 4150.0 0.04552
2950.0 4150.0 0.11150
3050.0 4150.0 0.14727
3150.0 4150.0 0.12199
3250.0 4150.0 0.03925
3350.0 4150.0 -0.07527
3450.0 4150.0 -0.18668
3550.0 4150.0 -0.26179
3650.0 4150.0 -0.27817
3750.0 4150.0 -0.23123
3850.0 4150.0 -0.13940
3950.0 4150.0 -0.02662
4050.0 4150.0 0.12763
4150.0 4150.0 0.30214
4250.0 4150.0 0.44577
4350.0 4150.0 0.51226
4450.0 4150.0 0.48127
4550.0 4150.0 0.36544
4650.0 4150.0 0.20348
4750.0 4150.0 0.03945
4850.0 4150.0 -0.11089
4950.0 4150.0 -0.25457
5050.0 4150.0 -0.36651
5150.0 4150.0 -0.41311
5250.0 4150.0 -0.37483
5350.0 4150.0 -0.25750
5450.0 4150.0 -0.09317
5550.0 4150.0 0.06938
5650.0 4150.0 0.18464
5750.0 4150.0 0.24067
5850.0 4150.0 0.28118
5950.0 4150.0 0.32589
6050.0 4150.0 0.35956
6150.0 4150.0 0.36134
6250.0 4150.0 0.31813
6350.0 4150.0 0.23143
50.0 4250.0 -0.46913
150.0 4250.0 -0.50172
250.0 4250.0 -0.53867
350.0 4250.0 -0.57236
450.0 4250.0 -0.59150
550.0 4250.0 -0.58829
650.0 4250.0 -0.56230
750.0 4250.0 -0.52085
850.0 4250.0 -0.47604
950.0 4250.0 -0.43838
1050.0 4250.0 -0.40785
1150.0 4250.0 -0.38467
1250.0 4250.0 -0.37602
1350.0 4250.0 -0.38236
1450.0 4250.0 -0.39886
1550.0 4250.0 -0.41770
1650.0 4250.0 -0.43045
1750.0 4250.0 -0.43033
1850.0 4250.0 -0.41465
1950.0 4250.0 -0.38707
2050.0 4250.0 -0.35554
2150.0 4250.0 -0.31773
2250.0 4250.0 -0.27179
2350.0 4250.0 -0.21944
2450.0 4250.0 -0.16448
2550.0 4250.0 -0.11139
2650.0 4250.0 -0.06409
2750.0 4250.0 -0.02479
2850.0 4250.0 0.00698
2950.0 4250.0 0.03379
3050.0 4250.0 0.03084
3150.0 4250.0 -0.02694
3250.0 4250.0 -0.12748
3350.0 4250.0 -0.23960
3450.0 4250.0 -0.32894
3550.0 4250.0 -0.36941
3650.0 4250.0 -0.35008
3750.0 4250.0 -0.27747
3850.0 4250.0 -0.17327
3950.0 4250.0 -0.05306
4050.0 4250.0 0.10310
4150.0 4250.0 0.27213
4250.0 4250.0 0.40414
4350.0 4250.0 0.45615
4450.0 4250.0 0.41184
4550.0 4250.0 0.28755
4650.0 4250.0 0.12429
4750.0 4250.0 -0.03408
4850.0 4250.0 -0.17483
4950.0 4250.0 -0.29873
5050.0 4250.0 -0.37357
5150.0 4250.0 -0.37241
5250.0 4250.0 -0.28842
5350.0 4250.0 -0.13941
5450.0 4250.0 0.03551
5550.0 4250.0 0.18721
5650.0 4250.0 0.27588
5750.0 4250.0 0.29823
5850.0 4250.0 0.30151
5950.0 4250.0 0.29971
6050.0 4250.0 0.28515
6150.0 4250.0 0.25203
6250.0 4250.0 0.19969
6350.0 4250.0 0.13350
50.0 4350.0 -0.43090
150.0 4350.0 -0.46139
250.0 4350.0 -0.49564
350.0 4350.0 -0.52799
450.0 4350.0 -0.54972
550.0 4350.0 -0.55465
650.0 4350.0 -0.54213
750.0 4350.0 -0.51745
850.0 4350.0 -0.48965
950.0 4350.0 -0.46676
1050.0 4350.0 -0.44912
1150.0 4350.0 -0.43862
1250.0 4350.0 -0.44083
1350.0 4350.0 -0.45359
1450.0 4350.0 -0.47034
1550.0 4350.0 -0.48339
1650.0 4350.0 -0.48644
1750.0 4350.0 -0.47624
1850.0 4350.0 -0.45346
1950.0 4350.0 -0.42275
2050.0 4350.0 -0.38599
2150.0 4350.0 -0.33022
2250.0 4350.0 -0.25611
2350.0 4350.0 -0.17612
2450.0 4350.0 -0.10550
2550.0 4350.0 -0.05599
2650.0 4350.0 -0.03232
2750.0 4350.0 -0.03146
2850.0 4350.0 -0.04456
2950.0 4350.0 -0.06317
3050.0 4350.0 -0.10989
3150.0 4350.0 -0.20203
3250.0 4350.0 -0.31770
3350.0 4350.0 -0.42001
3450.0 4350.0 -0.47640
3550.0 4350.0 -0.47029
3650.0 4350.0 -0.40506
3750.0 4350.0 -0.30051
3850.0 4350.0 -0.18157
3950.0 4350.0 -0.05287
4050.0 4350.0 0.10484
4150.0 4350.0 0.26607
4250.0 4350.0 0.38256
4350.0 4350.0 0.41538
4450.0 4350.0 0.35333
4550.0 4350.0 0.21740
4650.0 4350.0 0.05149
4750.0 4350.0 -0.10072
4850.0 4350.0 -0.23044
4950.0 4350.0 -0.33343
5050.0 4350.0 -0.37146
5150.0 4350.0 -0.32556
5250.0 4350.0 -0.20220
5350.0 4350.0 -0.03082
5450.0 4350.0 0.14375
5550.0 4350.0 0.27398
5650.0 4350.0 0.32748
5750.0 4350.0 0.30999
5850.0 4350.0 0.27077
5950.0 4350.0 0.21889
6050.0 4350.0 0.15665
6150.0 4350.0 0.09507
6250.0 4350.0 0.04600
6350.0 4350.0 0.01694
50.0 4450.0 -0.32619
150.0 4450.0 -0.35460
250.0 4450.0 -0.38597
350.0 4450.0 -0.41646
450.0 4450.0 -0.43987
550.0 4450.0 -0.45171
650.0 4450.0 -0.45128
750.0 4450.0 -0.44206
850.0 4450.0 -0.43024
950.0 4450.0 -0.42144
1050.0 4450.0 -0.41624
1150.0 4450.0 -0.41813
1250.0 4450.0 -0.43129
1350.0 4450.0 -0.45106
1450.0 4450.0 -0.46908
1550.0 4450.0 -0.47763
1650.0 4450.0 -0.47228
1750.0 4450.0 -0.45302
1850.0 4450.0 -0.42372
1950.0 4450.0 -0.39005
2050.0 4450.0 -0.34879
2150.0 4450.0 -0.27889
2250.0 4450.0 -0.18437
2350.0 4450.0 -0.08749
2450.0 4450.0 -0.01303
2550.0 4450.0 0.02221
2650.0 4450.0 0.01450
2750.0 4450.0 -0.02685
2850.0 4450.0 -0.08501
2950.0 4450.0 -0.14749
3050.0 4450.0 -0.23589
3150.0 4450.0 -0.35958
3250.0 4450.0 -0.48711
3350.0 4450.0 -0.57647
3450.0 4450.0 -0.59742
3550.0 4450.0 -0.54314
3650.0 4450.0 -0.43138
3750.0 4450.0 -0.29493
3850.0 4450.0 -0.16157
3950.0 4450.0 -0.02468
4050.0 4450.0 0.13452
4150.0 4450.0 0.28824
4250.0 4450.0 0.38975
4350.0 4450.0 0.40408
4450.0 4450.0 0.32492
4550.0 4450.0 0.17776
4650.0 4450.0 0.00930
4750.0 4450.0 -0.13696
4850.0 4450.0 -0.25613
4950.0 4450.0 -0.34100
5050.0 4450.0 -0.34996
5150.0 4450.0 -0.27193
5250.0 4450.0 -0.12478
5350.0 4450.0 0.05319
5450.0 4450.0 0.21422
5550.0 4450.0 0.31439
5650.0 4450.0 0.32936
5750.0 4450.0 0.27255
5850.0 4450.0 0.19269
5950.0 4450.0 0.09473
6050.0 4450.0 -0.00870
6150.0 4450.0 -0.09072
6250.0 4450.0 -0.12849
6350.0 4450.0 -0.11385
50.0 4550.0 -0.19291
150.0 4550.0 -0.21948
250.0 4550.0 -0.24748
350.0 4550.0 -0.27421
450.0 4550.0 -0.29571
550.0 4550.0 -0.30930
650.0 4550.0 -0.31490
750.0 4550.0 -0.31516
850.0 4550.0 -0.31436
950.0 4550.0 -0.31619
1050.0 4550.0 -0.32086
1150.0 4550.0 -0.33274
1250.0 4550.0 -0.35501
1350.0 4550.0 -0.38103
1450.0 4550.0 -0.40093
1550.0 4550.0 -0.40681
1650.0 4550.0 -0.39557
1750.0 4550.0 -0.36965
1850.0 4550.0 -0.33543
1950.0 4550.0 -0.29946
2050.0 4550.0 -0.25499
2150.0 4550.0 -0.17613
2250.0 4550.0 -0.07018
2350.0 4550.0 0.03318
2450.0 4550.0 0.10270
2550.0 4550.0 0.11888
2650.0 4550.0 0.08015
2750.0 4550.0 0.00156
2850.0 4550.0 -0.09370
2950.0 4550.0 -0.19113
3050.0 4550.0 -0.31262
3150.0 4550.0 -0.46122
3250.0 4550.0 -0.59787
3350.0 4550.0 -0.67654
3450.0 4550.0 -0.66890
3550.0 4550.0 -0.57597
3650.0 4550.0 -0.42694
3750.0 4550.0 -0.26499
3850.0 4550.0 -0.12014
3950.0 4550.0 0.02335
4050.0 4550.0 0.18434
4150.0 4550.0 0.33334
4250.0 4550.0 0.42477
4350.0 4550.0 0.42651
4450.0 4550.0 0.33578
4550.0 4550.0 0.18133
4650.0 4550.0 0.01183
4750.0 4550.0 -0.12936
4850.0 4550.0 -0.24020
4950.0 4550.0 -0.31280
5050.0 4550.0 -0.30534
5150.0 4550.0 -0.21323
5250.0 4550.0 -0.06193
5350.0 4550.0 0.10570
5450.0 4550.0 0.24221
5550.0 4550.0 0.30874
5650.0 4550.0 0.28827
5750.0 4550.0 0.19926
5850.0 4550.0 0.08722
5950.0 4550.0 -0.04653
6050.0 4550.0 -0.18084
6150.0 4550.0 -0.27638
6250.0 4550.0 -0.30199
6350.0 4550.0 -0.24952
50.0 4650.0 -0.07836
150.0 4650.0 -0.10347
250.0 4650.0 -0.12744
350.0 4650.0 -0.14772
450.0 4650.0 -0.16206
550.0 4650.0 -0.16983
650.0 4650.0 -0.17250
750.0 4650.0 -0.17331
850.0 4650.0 -0.17609
950.0 4650.0 -0.18332
1050.0 4650.0 -0.19393
1150.0 4650.0 -0.21197
1250.0 4650.0 -0.24010
1350.0 4650.0 -0.27047
1450.0 4650.0 -0.29223
1550.0 4650.0 -0.29724
1650.0 4650.0 -0.28309
1750.0 4650.0 -0.25360
1850.0 4650.0 -0.21662
1950.0 4650.0 -0.17929
2050.0 4650.0 -0.13313
2150.0 4650.0 -0.05023
2250.0 4650.0 0.05965
2350.0 4650.0 0.16263
2450.0 4650.0 0.22416
2550.0 4650.0 0.22403
2650.0 4650.0 0.16269
2750.0 4650.0 0.05925
2850.0 4650.0 -0.05929
2950.0 4650.0 -0.17796
3050.0 4650.0 -0.31994
3150.0 4650.0 -0.48496
3250.0 4650.0 -0.62937
3350.0 4650.0 -0.70442
3450.0 4650.0 -0.68245
3550.0 4650.0 -0.56872
3650.0 4650.0 -0.39897
3750.0 4650.0 -0.22247
3850.0 4650.0 -0.07082
3950.0 4650.0 0.07688
4050.0 4650.0 0.24018
4150.0 4650.0 0.38898
4250.0 4650.0 0.47816
4350.0 4650.0 0.47673
4450.0 4650.0 0.38330
4550.0 4650.0 0.22785
4650.0 4650.0 0.05979
4750.0 4650.0 -0.07760
4850.0 4650.0 -0.18343
4950.0 4650.0 -0.25093
5050.0 4650.0 -0.24083
5150.0 4650.0 -0.15273
5250.0 4650.0 -0.01504
5350.0 4650.0 0.12926
5450.0 4650.0 0.23589
5550.0 4650.0 0.27138
5650.0 4650.0 0.22419
5750.0 4650.0 0.11463
5850.0 4650.0 -0.01700
5950.0 4650.0 -0.17297
6050.0 4650.0 -0.32712
6150.0 4650.0 -0.43251
6250.0 4650.0 -0.45266
6350.0 4650.0 -0.37911
50.0 4750.0 -0.01534
150.0 4750.0 -0.03937
250.0 4750.0 -0.05869
350.0 4750.0 -0.06993
450.0 4750.0 -0.07202
550.0 4750.0 -0.06658
650.0 4750.0 -0.05752
750.0 4750.0 -0.05009
850.0 4750.0 -0.04910
950.0 4750.0 -0.05652
1050.0 4750.0 -0.06914
1150.0 4750.0 -0.08946
1250.0 4750.0 -0.11997
1350.0 4750.0 -0.15241
1450.0 4750.0 -0.17551
1550.0 4750.0 -0.18094
1650.0 4750.0 -0.16640
1750.0 4750.0 -0.13610
1850.0 4750.0 -0.09837
1950.0 4750.0 -0.06060
2050.0 4750.0 -0.01397
2150.0 4750.0 0.06957
2250.0 4750.0 0.17920
2350.0 4750.0 0.27968
2450.0 4750.0 0.33570
2550.0 4750.0 0.32721
2650.0 4750.0 0.25586
2750.0 4750.0 0.14243
2850.0 4750.0 0.01529
2950.0 4750.0 -0.11091
3050.0 4750.0 -0.26108
3150.0 4750.0 -0.43490
3250.0 4750.0 -0.58720
3350.0 4750.0 -0.66759
3450.0 4750.0 -0.64753
3550.0 4750.0 -0.53261
3650.0 4750.0 -0.35987
3750.0 4750.0 -0.18034
3850.0 4750.0 -0.02670
3950.0 4750.0 0.12281
4050.0 4750.0 0.28902
4150.0 4750.0 0.44224
4250.0 4750.0 0.53716
4350.0 4750.0 0.54218
4450.0 4750.0 0.45510
4550.0 4750.0 0.30509
4650.0 4750.0 0.14105
4750.0 4750.0 0.00624
4850.0 4750.0 -0.09786
4950.0 4750.0 -0.16649
5050.0 4750.0 -0.16460
5150.0 4750.0 -0.09355
5250.0 4750.0 0.01922
5350.0 4750.0 0.13404
5450.0 4750.0 0.21141
5550.0 4750.0 0.22273
5650.0 4750.0 0.15961
5750.0 4750.0 0.04155
5850.0 4750.0 -0.09728
5950.0 4750.0 -0.26306
6050.0 4750.0 -0.42852
6150.0 4750.0 -0.54371
6250.0 4750.0 -0.56930
6350.0 4750.0 -0.49548
50.0 4850.0 0.00948
150.0 4850.0 -0.01359
250.0 4850.0 -0.02789
350.0 4850.0 -0.02870
450.0 4850.0 -0.01590
550.0 4850.0 0.00657
650.0 4850.0 0.03186
750.0 4850.0 0.05202
850.0 4850.0 0.06056
950.0 4850.0 0.05562
1050.0 4850.0 0.04303
1150.0 4850.0 0.02247
1250.0 4850.0 -0.00856
1350.0 4850.0 -0.04182
1450.0 4850.0 -0.06591
1550.0 4850.0 -0.07233
1650.0 4850.0 -0.05864
1750.0 4850.0 -0.02892
1850.0 4850.0 0.00853
1950.0 4850.0 0.04624
2050.0 4850.0 0.09278
2150.0 4850.0 0.17577
2250.0 4850.0 0.28420
2350.0 4850.0 0.38287
2450.0 4850.0 0.43669
2550.0 4850.0 0.42595
2650.0 4850.0 0.35268
2750.0 4850.0 0.23791
2850.0 4850.0 0.11007
2950.0 4850.0 -0.01655
3050.0 4850.0 -0.16857
3150.0 4850.0 -0.34733
3250.0 4850.0 -0.50775
3350.0 4850.0 -0.59840
3450.0 4850.0 -0.58908
3550.0 4850.0 -0.48356
3650.0 4850.0 -0.31747
3750.0 4850.0 -0.14128
3850.0 4850.0 0.01157
3950.0 4850.0 0.16138
4050.0 4850.0 0.33042
4150.0 4850.0 0.49001
4250.0 4850.0 0.59437
4350.0 4850.0 0.61047
4450.0 4850.0 0.53419
4550.0 4850.0 0.39291
4650.0 4850.0 0.23428
4750.0 4850.0 0.10148
4850.0 4850.0 -0.00250
4950.0 4850.0 -0.07505
5050.0 4850.0 -0.08580
5150.0 4850.0 -0.03661
5250.0 4850.0 0.04788
5350.0 4850.0 0.13270
5450.0 4850.0 0.18348
5550.0 4850.0 0.17586
5650.0 4850.0 0.10328
5750.0 4850.0 -0.01679
5850.0 4850.0 -0.15637
5950.0 4850.0 -0.32588
6050.0 4850.0 -0.49913
6150.0 4850.0 -0.62544
6250.0 4850.0 -0.66371
6350.0 4850.0 -0.60190
50.0 4950.0 0.01113
150.0 4950.0 -0.00915
250.0 4950.0 -0.01643
350.0 4950.0 -0.00480
450.0 4950.0 0.02475
550.0 4950.0 0.06577
650.0 4950.0 0.10843
750.0 4950.0 0.14214
850.0 4950.0 0.15890
950.0 4950.0 0.15716
1050.0 4950.0 0.14537
1150.0 4950.0 0.12521
1250.0 4950.0 0.09381
1350.0 4950.0 0.05916
1450.0 4950.0 0.03265
1550.0 4950.0 0.02310
1650.0 4950.0 0.03351
1750.0 4950.0 0.06043
1850.0 4950.0 0.09599
1950.0 4950.0 0.13268
2050.0 4950.0 0.17847
2150.0 4950.0 0.26116
2250.0 4950.0 0.37029
2350.0 4950.0 0.47107
2450.0 4950.0 0.52840
2550.0 4950.0 0.52213
2650.0 4950.0 0.45352
2750.0 4950.0 0.34274
2850.0 4950.0 0.21773
2950.0 4950.0 0.09324
3050.0 4950.0 -0.05626
3150.0 4950.0 -0.23267
3250.0 4950.0 -0.39265
3350.0 4950.0 -0.48630
3450.0 4950.0 -0.48391
3550.0 4950.0 -0.38845
3650.0 4950.0 -0.23365
3750.0 4950.0 -0.06788
3850.0 4950.0 0.07640
3950.0 4950.0 0.21823
4050.0 4950.0 0.37989
4150.0 4950.0 0.53433
4250.0 4950.0 0.63730
4350.0 4950.0 0.65629
4450.0 4950.0 0.58635
4550.0 4950.0 0.45281
4650.0 4950.0 0.30083
4750.0 4950.0 0.17191
4850.0 4950.0 0.06966
4950.0 4950.0 -0.00492
5050.0 4950.0 -0.02544
5150.0 4950.0 0.00646
5250.0 4950.0 0.06914
5350.0 4950.0 0.13198
5450.0 4950.0 0.16493
5550.0 4950.0 0.14672
5650.0 4950.0 0.07168
5750.0 4950.0 -0.04485
5850.0 4950.0 -0.18028
5950.0 4950.0 -0.35012
6050.0 4950.0 -0.53056
6150.0 4950.0 -0.67081
6250.0 4950.0 -0.72757
6350.0 4950.0 -0.68527
50.0 5050.0 -0.02498
150.0 5050.0 -0.03854
250.0 5050.0 -0.03544
350.0 5050.0 -0.00910
450.0 5050.0 0.03807
550.0 5050.0 0.09719
650.0 5050.0 0.15596
750.0 5050.0 0.20194
850.0 5050.0 0.22643
950.0 5050.0 0.22860
1050.0 5050.0 0.21904
1150.0 5050.0 0.20060
1250.0 5050.0 0.16948
1350.0 5050.0 0.13281
1450.0 5050.0 0.10173
1550.0 5050.0 0.08557
1650.0 5050.0 0.08849
1750.0 5050.0 0.10856
1850.0 5050.0 0.13914
1950.0 5050.0 0.17281
2050.0 5050.0 0.21632
2150.0 5050.0 0.29850
2250.0 5050.0 0.41083
2350.0 5050.0 0.51963
2450.0 5050.0 0.58960
2550.0 5050.0 0.59892
2650.0 5050.0 0.54612
2750.0 5050.0 0.44859
2850.0 5050.0 0.33273
2950.0 5050.0 0.21506
3050.0 5050.0 0.07690
3150.0 5050.0 -0.08149
3250.0 5050.0 -0.22193
3350.0 5050.0 -0.30171
3450.0 5050.0 -0.29659
3550.0 5050.0 -0.21114
3650.0 5050.0 -0.07659
3750.0 5050.0 0.06395
3850.0 5050.0 0.18279
3950.0 5050.0 0.29867
4050.0 5050.0 0.43132
4150.0 5050.0 0.55700
4250.0 5050.0 0.63724
4350.0 5050.0 0.64401
4450.0 5050.0 0.57338
4550.0 5050.0 0.44776
4650.0 5050.0 0.30675
4750.0 5050.0 0.18647
4850.0 5050.0 0.08978
4950.0 5050.0 0.01742
5050.0 5050.0 -0.00662
5150.0 5050.0 0.01741
5250.0 5050.0 0.07138
5350.0 5050.0 0.12835
5450.0 5050.0 0.16096
5550.0 5050.0 0.14889
5650.0 5050.0 0.08554
5750.0 5050.0 -0.01616
5850.0 5050.0 -0.13728
5950.0 5050.0 -0.29972
6050.0 5050.0 -0.48436
6150.0 5050.0 -0.64146
6250.0 5050.0 -0.72500
6350.0 5050.0 -0.71368
50.0 5150.0 -0.08829
150.0 5150.0 -0.09130
250.0 5150.0 -0.07582
350.0 5150.0 -0.03563
450.0 5150.0 0.02539
550.0 5150.0 0.09678
650.0 5150.0 0.16520
750.0 5150.0 0.21807
850.0 5150.0 0.24736
950.0 5150.0 0.25336
1050.0 5150.0 0.24751
1150.0 5150.0 0.23244
1250.0 5150.0 0.20309
1350.0 5150.0 0.16516
1450.0 5150.0 0.12904
1550.0 5150.0 0.10446
1650.0 5150.0 0.09712
1750.0 5150.0 0.10724
1850.0 5150.0 0.13016
1950.0 5150.0 0.15880
2050.0 5150.0 0.19822
2150.0 5150.0 0.27834
2250.0 5150.0 0.39360
2350.0 5150.0 0.51249
2450.0 5150.0 0.59989
2550.0 5150.0 0.63185
2650.0 5150.0 0.60295
2750.0 5150.0 0.52618
2850.0 5150.0 0.42533
2950.0 5150.0 0.31938
3050.0 5150.0 0.20182
3150.0 5150.0 0.07791
3250.0 5150.0 -0.02292
3350.0 5150.0 -0.07110
3450.0 5150.0 -0.05302
3550.0 5150.0 0.02253
3650.0 5150.0 0.12750
3750.0 5150.0 0.22728
3850.0 5150.0 0.30299
3950.0 5150.0 0.37437
4050.0 5150.0 0.45698
4150.0 5150.0 0.53263
4250.0 5150.0 0.57286
4350.0 5150.0 0.55746
4450.0 5150.0 0.48446
4550.0 5150.0 0.37148
4650.0 5150.0 0.24866
4750.0 5150.0 0.14301
4850.0 5150.0 0.05591
4950.0 5150.0 -0.01009
5050.0 5150.0 -0.03224
5150.0 5150.0 -0.00806
5250.0 5150.0 0.04848
5350.0 5150.0 0.11390
5450.0 5150.0 0.16223
5550.0 5150.0 0.17221
5650.0 5150.0 0.13456
5750.0 5150.0 0.05940
5850.0 5150.0 -0.03653
5950.0 5150.0 -0.18189
6050.0 5150.0 -0.36425
6150.0 5150.0 -0.53633
6250.0 5150.0 -0.64962
6350.0 5150.0 -0.67576
50.0 5250.0 -0.15492
150.0 5250.0 -0.14507
250.0 5250.0 -0.11778
350.0 5250.0 -0.06838
450.0 5250.0 -0.00191
550.0 5250.0 0.07107
650.0 5250.0 0.13832
750.0 5250.0 0.18934
850.0 5250.0 0.21840
950.0 5250.0 0.22717
1050.0 5250.0 0.22600
1150.0 5250.0 0.21578
1250.0 5250.0 0.19026
1350.0 5250.0 0.15332
1450.0 5250.0 0.11406
1550.0 5250.0 0.08216
1650.0 5250.0 0.06465
1750.0 5250.0 0.06412
1850.0 5250.0 0.07821
1950.0 5250.0 0.10058
2050.0 5250.0 0.13437
2150.0 5250.0 0.20967
2250.0 5250.0 0.32412
2350.0 5250.0 0.44939
2450.0 5250.0 0.55160
2550.0 5250.0 0.60536
2650.0 5250.0 0.60141
2750.0 5250.0 0.54787
2850.0 5250.0 0.46512
2950.0 5250.0 0.37420
3050.0 5250.0 0.28364
3150.0 5250.0 0.20558
3250.0 5250.0 0.15826
3350.0 5250.0 0.15399
3450.0 5250.0 0.19215
3550.0 5250.0 0.25796
3650.0 5250.0 0.32698
3750.0 5250.0 0.37535
3850.0 5250.0 0.39576
3950.0 5250.0 0.41017
4050.0 5250.0 0.43029
4150.0 5250.0 0.44563
4250.0 5250.0 0.44026
4350.0 5250.0 0.40317
4450.0 5250.0 0.33368
4550.0 5250.0 0.24219
4650.0 5250.0 0.14597
4750.0 5250.0 0.06024
4850.0 5250.0 -0.01443
4950.0 5250.0 -0.07167
5050.0 5250.0 -0.08957
5150.0 5250.0 -0.06209
5250.0 5250.0 0.00178
5350.0 5250.0 0.08230
5450.0 5250.0 0.15459
5550.0 5250.0 0.19559
5650.0 5250.0 0.19231
5750.0 5250.0 0.15154
5850.0 5250.0 0.08862
5950.0 5250.0 -0.03110
6050.0 5250.0 -0.20251
6150.0 5250.0 -0.38218
6250.0 5250.0 -0.52017
6350.0 5250.0 -0.58135
50.0 5350.0 -0.20019
150.0 5350.0 -0.17738
250.0 5350.0 -0.14120
350.0 5350.0 -0.08959
450.0 5350.0 -0.02817
550.0 5350.0 0.03406
650.0 5350.0 0.08819
750.0 5350.0 0.12788
850.0 5350.0 0.15111
950.0 5350.0 0.16091
1050.0 5350.0 0.16464
1150.0 5350.0 0.16013
1250.0 5350.0 0.14044
1350.0 5350.0 0.10757
1450.0 5350.0 0.06884
1550.0 5350.0 0.03324
1650.0 5350.0 0.00854
1750.0 5350.0 -0.00078
1850.0 5350.0 0.00516
1950.0 5350.0 0.02113
2050.0 5350.0 0.04848
2150.0 5350.0 0.11586
2250.0 5350.0 0.22342
2350.0 5350.0 0.34670
2450.0 5350.0 0.45450
2550.0 5350.0 0.52164
2650.0 5350.0 0.53641
2750.0 5350.0 0.50280
2850.0 5350.0 0.43760
2950.0 5350.0 0.36247
3050.0 5350.0 0.30056
3150.0 5350.0 0.27129
3250.0 5350.0 0.28110
3350.0 5350.0 0.32399
3450.0 5350.0 0.38418
3550.0 5350.0 0.44040
3650.0 5350.0 0.47193
3750.0 5350.0 0.46623
3850.0 5350.0 0.42827
3950.0 5350.0 0.38303
4050.0 5350.0 0.34042
4150.0 5350.0 0.29911
4250.0 5350.0 0.25585
4350.0 5350.0 0.20773
4450.0 5350.0 0.15344
4550.0 5350.0 0.09378
4650.0 5350.0 0.03118
4750.0 5350.0 -0.03155
4850.0 5350.0 -0.09299
4950.0 5350.0 -0.14150
5050.0 5350.0 -0.15653
5150.0 5350.0 -0.12835
5250.0 5350.0 -0.06032
5350.0 5350.0 0.03237
5450.0 5350.0 0.12665
5550.0 5350.0 0.19805
5650.0 5350.0 0.22994
5750.0 5350.0 0.22528
5850.0 5350.0 0.19778
5950.0 5350.0 0.10865
6050.0 5350.0 -0.04359
6150.0 5350.0 -0.22016
6250.0 5350.0 -0.37130
6350.0 5350.0 -0.45700
50.0 5450.0 -0.20702
150.0 5450.0 -0.17335
250.0 5450.0 -0.13254
350.0 5450.0 -0.08571
450.0 5450.0 -0.03842
550.0 5450.0 0.00325
650.0 5450.0 0.03518
750.0 5450.0 0.05652
850.0 5450.0 0.06961
950.0 5450.0 0.07862
1050.0 5450.0 0.08660
1150.0 5450.0 0.08780
1250.0 5450.0 0.07523
1350.0 5450.0 0.04928
1450.0 5450.0 0.01527
1550.0 5450.0 -0.01913
1650.0 5450.0 -0.04628
1750.0 5450.0 -0.06061
1850.0 5450.0 -0.06052
1950.0 5450.0 -0.04996
2050.0 5450.0 -0.02886
2150.0 5450.0 0.02815
2250.0 5450.0 0.12248
2350.0 5450.0 0.23365
2450.0 5450.0 0.33445
2550.0 5450.0 0.40192
2650.0 5450.0 0.42411
2750.0 5450.0 0.40262
2850.0 5450.0 0.35099
2950.0 5450.0 0.28968
3050.0 5450.0 0.25286
3150.0 5450.0 0.26609
3250.0 5450.0 0.32539
3350.0 5450.0 0.40873
3450.0 5450.0 0.48716
3550.0 5450.0 0.53391
3650.0 5450.0 0.53167
3750.0 5450.0 0.47794
3850.0 5450.0 0.38846
3950.0 5450.0 0.29135
4050.0 5450.0 0.19782
4150.0 5450.0 0.11596
4250.0 5450.0 0.05296
4350.0 5450.0 0.01092
4450.0 5450.0 -0.01474
4550.0 5450.0 -0.03422
4650.0 5450.0 -0.05982
4750.0 5450.0 -0.09970
4850.0 5450.0 -0.14939
4950.0 5450.0 -0.19155
5050.0 5450.0 -0.20830
5150.0 5450.0 -0.18678
5250.0 5450.0 -0.12445
5350.0 5450.0 -0.03092
5450.0 5450.0 0.07402
5550.0 5450.0 0.16605
5650.0 5450.0 0.22589
5750.0 5450.0 0.25247
5850.0 5450.0 0.25671
5950.0 5450.0 0.19794
6050.0 5450.0 0.06994
6150.0 5450.0 -0.09316
6250.0 5450.0 -0.24345
6350.0 5450.0 -0.33870
50.0 5550.0 -0.17043
150.0 5550.0 -0.12958
250.0 5550.0 -0.08839
350.0 5550.0 -0.05101
450.0 5550.0 -0.02242
550.0 5550.0 -0.00531
650.0 5550.0 0.00135
750.0 5550.0 0.00216
850.0 5550.0 0.00357
950.0 5550.0 0.01049
1050.0 5550.0 0.02145
1150.0 5550.0 0.02741
1250.0 5550.0 0.02208
1350.0 5550.0 0.00474
1450.0 5550.0 -0.02120
1550.0 5550.0 -0.04980
1650.0 5550.0 -0.07434
1750.0 5550.0 -0.08919
1850.0 5550.0 -0.09178
1950.0 5550.0 -0.08479
2050.0 5550.0 -0.06877
2150.0 5550.0 -0.02306
2250.0 5550.0 0.05351
2350.0 5550.0 0.14397
2450.0 5550.0 0.22583
2550.0 5550.0 0.28010
2650.0 5550.0 0.29690
2750.0 5550.0 0.27758
2850.0 5550.0 0.23336
2950.0 5550.0 0.18169
3050.0 5550.0 0.16218
3150.0 5550.0 0.20413
3250.0 5550.0 0.29612
3350.0 5550.0 0.40512
3450.0 5550.0 0.49332
3550.0 5550.0 0.53060
3650.0 5550.0 0.50252
3750.0 5550.0 0.41386
3850.0 5550.0 0.28773
3950.0 5550.0 0.15480
4050.0 5550.0 0.03075
4150.0 5550.0 -0.06797
4250.0 5550.0 -0.12774
4350.0 5550.0 -0.14558
4450.0 5550.0 -0.13177
4550.0 5550.0 -0.10755
4650.0 5550.0 -0.09772
4750.0 5550.0 -0.11817
4850.0 5550.0 -0.15944
4950.0 5550.0 -0.19931
5050.0 5550.0 -0.22416
5150.0 5550.0 -0.21917
5250.0 5550.0 -0.17608
5350.0 5550.0 -0.09802
5450.0 5550.0 0.00030
5550.0 5550.0 0.09692
5650.0 5550.0 0.17159
5750.0 5550.0 0.21932
5850.0 5550.0 0.24655
5950.0 5550.0 0.21258
6050.0 5550.0 0.10894
6150.0 5550.0 -0.03412
6250.0 5550.0 -0.17156
6350.0 5550.0 -0.26174
50.0 5650.0 -0.09795
150.0 5650.0 -0.05406
250.0 5650.0 -0.01551
350.0 5650.0 0.01127
450.0 5650.0 0.02211
550.0 5650.0 0.01731
650.0 5650.0 0.00212
750.0 5650.0 -0.01458
850.0 5650.0 -0.02335
950.0 5650.0 -0.01894
1050.0 5650.0 -0.00656
1150.0 5650.0 0.00263
1250.0 5650.0 0.00352
1350.0 5650.0 -0.00511
1450.0 5650.0 -0.02137
1550.0 5650.0 -0.04114
1650.0 5650.0 -0.05917
1750.0 5650.0 -0.07061
1850.0 5650.0 -0.07277
1950.0 5650.0 -0.06721
2050.0 5650.0 -0.05453
2150.0 5650.0 -0.01936
2250.0 5650.0 0.03790
2350.0 5650.0 0.10292
2450.0 5650.0 0.15788
2550.0 5650.0 0.18876
2650.0 5650.0 0.18954
2750.0 5650.0 0.16326
2850.0 5650.0 0.11991
2950.0 5650.0 0.07282
3050.0 5650.0 0.06105
3150.0 5650.0 0.11473
3250.0 5650.0 0.21872
3350.0 5650.0 0.33509
3450.0 5650.0 0.42255
3550.0 5650.0 0.45030
3650.0 5650.0 0.40605
3750.0 5650.0 0.29850
3850.0 5650.0 0.15399
3950.0 5650.0 0.00459
4050.0 5650.0 -0.12723
4150.0 5650.0 -0.21864
4250.0 5650.0 -0.25413
4350.0 5650.0 -0.23377
4450.0 5650.0 -0.17518
4550.0 5650.0 -0.10928
4650.0 5650.0 -0.06977
4750.0 5650.0 -0.07636
4850.0 5650.0 -0.11335
4950.0 5650.0 -0.15541
5050.0 5650.0 -0.19468
5150.0 5650.0 -0.21568
5250.0 5650.0 -0.20503
5350.0 5650.0 -0.15884
5450.0 5650.0 -0.08517
5550.0 5650.0 -0.00142
5650.0 5650.0 0.07311
5750.0 5650.0 0.12980
5850.0 5650.0 0.16893
5950.0 5650.0 0.15075
6050.0 5650.0 0.06687
6150.0 5650.0 -0.05496
6250.0 5650.0 -0.17290
6350.0 5650.0 -0.24781
50.0 5750.0 -0.00597
150.0 5750.0 0.03791
250.0 5750.0 0.07253
350.0 5750.0 0.09005
450.0 5750.0 0.08711
550.0 5750.0 0.06620
650.0 5750.0 0.03541
750.0 5750.0 0.00636
850.0 5750.0 -0.00973
950.0 5750.0 -0.00762
1050.0 5750.0 0.00501
1150.0 5750.0 0.01604
1250.0 5750.0 0.02177
1350.0 5750.0 0.02096
1450.0 5750.0 0.01439
1550.0 5750.0 0.00453
1650.0 5750.0 -0.00507
1750.0 5750.0 -0.01083
1850.0 5750.0 -0.01049
1950.0 5750.0 -0.00477
2050.0 5750.0 0.00608
2150.0 5750.0 0.03223
2250.0 5750.0 0.07098
2350.0 5750.0 0.10972
2450.0 5750.0 0.13486
2550.0 5750.0 0.13757
2650.0 5750.0 0.11654
2750.0 5750.0 0.07765
2850.0 5750.0 0.03059
2950.0 5750.0 -0.01586
3050.0 5750.0 -0.02738
3150.0 5750.0 0.02472
3250.0 5750.0 0.12448
3350.0 5750.0 0.23387
3450.0 5750.0 0.31233
3550.0 5750.0 0.33044
3650.0 5750.0 0.27756
3750.0 5750.0 0.16365
3850.0 5750.0 0.01504
3950.0 5750.0 -0.13587
4050.0 5750.0 -0.25879
4150.0 5750.0 -0.32642
4250.0 5750.0 -0.32469
4350.0 5750.0 -0.25927
4450.0 5750.0 -0.15568
4550.0 5750.0 -0.05281
4650.0 5750.0 0.00998
4750.0 5750.0 0.01224
4850.0 5750.0 -0.02375
4950.0 5750.0 -0.07128
5050.0 5750.0 -0.12912
5150.0 5750.0 -0.18219
5250.0 5750.0 -0.21261
5350.0 5750.0 -0.20935
5450.0 5750.0 -0.17284
5550.0 5750.0 -0.11451
5650.0 5750.0 -0.05129
5750.0 5750.0 0.00495
5850.0 5750.0 0.04711
5950.0 5750.0 0.03662
6050.0 5750.0 -0.03342
6150.0 5750.0 -0.13652
6250.0 5750.0 -0.23370
6350.0 5750.0 -0.28922
50.0 5850.0 0.09064
150.0 5850.0 0.13284
250.0 5850.0 0.16223
350.0 5850.0 0.17003
450.0 5850.0 0.15382
550.0 5850.0 0.11822
650.0 5850.0 0.07382
750.0 5850.0 0.03439
850.0 5850.0 0.01239
950.0 5850.0 0.01273
1050.0 5850.0 0.02566
1150.0 5850.0 0.03915
1250.0 5850.0 0.05148
1350.0 5850.0 0.06124
1450.0 5850.0 0.06753
1550.0 5850.0 0.07052
1650.0 5850.0 0.07145
1750.0 5850.0 0.07231
1850.0 5850.0 0.07497
1950.0 5850.0 0.07992
2050.0 5850.0 0.08788
2150.0 5850.0 0.10409
2250.0 5850.0 0.12352
2350.0 5850.0 0.13527
2450.0 5850.0 0.12989
2550.0 5850.0 0.10364
2650.0 5850.0 0.05988
2750.0 5850.0 0.00731
2850.0 5850.0 -0.04466
2950.0 5850.0 -0.09176
3050.0 5850.0 -0.10538
3150.0 5850.0 -0.05899
3250.0 5850.0 0.03137
3350.0 5850.0 0.12886
3450.0 5850.0 0.19490
3550.0 5850.0 0.20214
3650.0 5850.0 0.14161
3750.0 5850.0 0.02391
3850.0 5850.0 -0.12552
3950.0 5850.0 -0.27455
4050.0 5850.0 -0.38514
4150.0 5850.0 -0.42616
4250.0 5850.0 -0.38572
4350.0 5850.0 -0.27551
4450.0 5850.0 -0.12875
4550.0 5850.0 0.00839
4650.0 5850.0 0.09186
4750.0 5850.0 0.10126
4850.0 5850.0 0.06523
4950.0 5850.0 0.01110
5050.0 5850.0 -0.06685
5150.0 5850.0 -0.15399
5250.0 5850.0 -0.22783
5350.0 5850.0 -0.27001
5450.0 5850.0 -0.27309
5550.0 5850.0 -0.24229
5650.0 5850.0 -0.19206
5750.0 5850.0 -0.13758
5850.0 5850.0 -0.09339
5950.0 5850.0 -0.09613
6050.0 5850.0 -0.15070
6150.0 5850.0 -0.23196
6250.0 5850.0 -0.30438
6350.0 5850.0 -0.33646
50.0 5950.0 0.18607
150.0 5950.0 0.22145
250.0 5950.0 0.24004
350.0 5950.0 0.23287
450.0 5950.0 0.19972
550.0 5950.0 0.14817
650.0 5950.0 0.09133
750.0 5950.0 0.04434
850.0 5950.0 0.01958
950.0 5950.0 0.02057
1050.0 5950.0 0.03562
1150.0 5950.0 0.05648
1250.0 5950.0 0.08590
1350.0 5950.0 0.12081
1450.0 5950.0 0.15532
1550.0 5950.0 0.18373
1650.0 5950.0 0.20245
1750.0 5950.0 0.21099
1850.0 5950.0 0.21171
1950.0 5950.0 0.20866
2050.0 5950.0 0.20606
2150.0 5950.0 0.20539
2250.0 5950.0 0.20042
2350.0 5950.0 0.18280
2450.0 5950.0 0.14729
2550.0 5950.0 0.09448
2650.0 5950.0 0.03089
2750.0 5950.0 -0.03361
2850.0 5950.0 -0.09087
2950.0 5950.0 -0.14046
3050.0 5950.0 -0.15877
3150.0 5950.0 -0.12199
3250.0 5950.0 -0.04614
3350.0 5950.0 0.03380
3450.0 5950.0 0.08197
3550.0 5950.0 0.07381
3650.0 5950.0 0.00243
3750.0 5950.0 -0.12091
3850.0 5950.0 -0.27212
3950.0 5950.0 -0.42038
4050.0 5950.0 -0.52158
4150.0 5950.0 -0.54151
4250.0 5950.0 -0.47012
4350.0 5950.0 -0.32410
4450.0 5950.0 -0.14301
4550.0 5950.0 0.02105
4650.0 5950.0 0.12024
4750.0 5950.0 0.13426
4850.0 5950.0 0.09695
4950.0 5950.0 0.03452
5050.0 5950.0 -0.06574
5150.0 5950.0 -0.18859
5250.0 5950.0 -0.30580
5350.0 5950.0 -0.39100
5450.0 5950.0 -0.42904
5550.0 5950.0 -0.41981
5650.0 5950.0 -0.37650
5750.0 5950.0 -0.31835
5850.0 5950.0 -0.26610
5950.0 5950.0 -0.25065
6050.0 5950.0 -0.27427
6150.0 5950.0 -0.31537
6250.0 5950.0 -0.34508
6350.0 5950.0 -0.33913
50.0 6050.0 0.26226
150.0 6050.0 0.28388
250.0 6050.0 0.28494
350.0 6050.0 0.25772
450.0 6050.0 0.20569
550.0 6050.0 0.14003
650.0 6050.0 0.07582
750.0 6050.0 0.02792
850.0 6050.0 0.00644
950.0 6050.0 0.01195
1050.0 6050.0 0.03163
1150.0 6050.0 0.06568
1250.0 6050.0 0.12373
1350.0 6050.0 0.19899
1450.0 6050.0 0.27658
1550.0 6050.0 0.34109
1650.0 6050.0 0.38176
1750.0 6050.0 0.39528
1850.0 6050.0 0.38616
1950.0 6050.0 0.36471
2050.0 6050.0 0.34124
2150.0 6050.0 0.31606
2250.0 6050.0 0.28392
2350.0 6050.0 0.23976
2450.0 6050.0 0.18177
2550.0 6050.0 0.11253
2650.0 6050.0 0.03854
2750.0 6050.0 -0.03220
2850.0 6050.0 -0.09419
2950.0 6050.0 -0.14871
3050.0 6050.0 -0.17457
3150.0 6050.0 -0.15062
3250.0 6050.0 -0.09256
3350.0 6050.0 -0.03317
3450.0 6050.0 -0.00532
3550.0 6050.0 -0.03069
3650.0 6050.0 -0.11424
3750.0 6050.0 -0.24428
3850.0 6050.0 -0.39830
3950.0 6050.0 -0.54752
4050.0 6050.0 -0.64462
4150.0 6050.0 -0.65368
4250.0 6050.0 -0.56585
4350.0 6050.0 -0.40082
4450.0 6050.0 -0.20186
4550.0 6050.0 -0.02443
4650.0 6050.0 0.08158
4750.0 6050.0 0.09605
4850.0 6050.0 0.05573
4950.0 6050.0 -0.01642
5050.0 6050.0 -0.13905
5150.0 6050.0 -0.29479
5250.0 6050.0 -0.44867
5350.0 6050.0 -0.56655
5450.0 6050.0 -0.62697
5550.0 6050.0 -0.62669
5650.0 6050.0 -0.57973
5750.0 6050.0 -0.51000
5850.0 6050.0 -0.44181
5950.0 6050.0 -0.39696
6050.0 6050.0 -0.37528
6150.0 6050.0 -0.36119
6250.0 6050.0 -0.33536
6350.0 6050.0 -0.28284
50.0 6150.0 0.29860
150.0 6150.0 0.30076
250.0 6150.0 0.27991
350.0 6150.0 0.23120
450.0 6150.0 0.16279
550.0 6150.0 0.08940
650.0 6150.0 0.02676
750.0 6150.0 -0.01275
850.0 6150.0 -0.02362
950.0 6150.0 -0.00955
1050.0 6150.0 0.01689
1150.0 6150.0 0.06780
1250.0 6150.0 0.16038
1350.0 6150.0 0.28228
1450.0 6150.0 0.40709
1550.0 6150.0 0.50786
1650.0 6150.0 0.56618
1750.0 6150.0 0.57689
1850.0 6150.0 0.54851
1950.0 6150.0 0.49928
2050.0 6150.0 0.44656
2150.0 6150.0 0.39302
2250.0 6150.0 0.33696
2350.0 6150.0 0.27686
2450.0 6150.0 0.21234
2550.0 6150.0 0.14440
2650.0 6150.0 0.07523
2750.0 6150.0 0.00743
2850.0 6150.0 -0.05731
2950.0 6150.0 -0.11874
3050.0 6150.0 -0.15366
3150.0 6150.0 -0.14231
3250.0 6150.0 -0.09984
3350.0 6150.0 -0.05716
3450.0 6150.0 -0.04497
3550.0 6150.0 -0.08318
3650.0 6150.0 -0.17582
3750.0 6150.0 -0.31142
3850.0 6150.0 -0.46875
3950.0 6150.0 -0.62068
4050.0 6150.0 -0.71981
4150.0 6150.0 -0.73016
4250.0 6150.0 -0.64328
4350.0 6150.0 -0.47939
4450.0 6150.0 -0.28220
4550.0 6150.0 -0.10741
4650.0 6150.0 -0.00488
4750.0 6150.0 0.00552
4850.0 6150.0 -0.03931
4950.0 6150.0 -0.12110
5050.0 6150.0 -0.26219
5150.0 6150.0 -0.44159
5250.0 6150.0 -0.61768
5350.0 6150.0 -0.75014
5450.0 6150.0 -0.81402
5550.0 6150.0 -0.80612
5650.0 6150.0 -0.74362
5750.0 6150.0 -0.65496
5850.0 6150.0 -0.56476
5950.0 6150.0 -0.48526
6050.0 6150.0 -0.41543
6150.0 6150.0 -0.34708
6250.0 6150.0 -0.27076
6350.0 6150.0 -0.17990
50.0 6250.0 0.28467
150.0 6250.0 0.26475
250.0 6250.0 0.22153
350.0 6250.0 0.15429
450.0 6250.0 0.07612
550.0 6250.0 0.00437
650.0 6250.0 -0.04625
750.0 6250.0 -0.06801
850.0 6250.0 -0.06176
950.0 6250.0 -0.03610
1050.0 6250.0 -0.00184
1150.0 6250.0 0.06611
1250.0 6250.0 0.19117
1350.0 6250.0 0.35435
1450.0 6250.0 0.51759
1550.0 6250.0 0.64326
1650.0 6250.0 0.70699
1750.0 6250.0 0.70387
1850.0 6250.0 0.64802
1950.0 6250.0 0.56558
2050.0 6250.0 0.47989
2150.0 6250.0 0.39942
2250.0 6250.0 0.32831
2350.0 6250.0 0.26813
2450.0 6250.0 0.21727
2550.0 6250.0 0.17124
2650.0 6250.0 0.12384
2750.0 6250.0 0.06918
2850.0 6250.0 0.00461
2950.0 6250.0 -0.06461
3050.0 6250.0 -0.10811
3150.0 6250.0 -0.10550
3250.0 6250.0 -0.07109
3350.0 6250.0 -0.03494
3450.0 6250.0 -0.02739
3550.0 6250.0 -0.06861
3650.0 6250.0 -0.16345
3750.0 6250.0 -0.30142
3850.0 6250.0 -0.46183
3950.0 6250.0 -0.61769
4050.0 6250.0 -0.72402
4150.0 6250.0 -0.74629
4250.0 6250.0 -0.67564
4350.0 6250.0 -0.53057
4450.0 6250.0 -0.35230
4550.0 6250.0 -0.19399
4650.0 6250.0 -0.10363
4750.0 6250.0 -0.10083
4850.0 6250.0 -0.15094
4950.0 6250.0 -0.24072
5050.0 6250.0 -0.39320
5150.0 6250.0 -0.58283
5250.0 6250.0 -0.76254
5350.0 6250.0 -0.88850
5450.0 6250.0 -0.93574
5550.0 6250.0 -0.90435
5650.0 6250.0 -0.81658
5750.0 6250.0 -0.70452
5850.0 6250.0 -0.59008
5950.0 6250.0 -0.47877
6050.0 6250.0 -0.37139
6150.0 6250.0 -0.26685
6250.0 6250.0 -0.16310
6350.0 6250.0 -0.05790
50.0 6350.0 0.22619
150.0 6350.0 0.18538
250.0 6350.0 0.12322
350.0 6350.0 0.04374
450.0 6350.0 -0.03570
550.0 6350.0 -0.09646
650.0 6350.0 -0.12647
750.0 6350.0 -0.12394
850.0 6350.0 -0.09689
950.0 6350.0 -0.05859
1050.0 6350.0 -0.01680
1150.0 6350.0 0.06498
1250.0 6350.0 0.21344
1350.0 6350.0 0.40300
1450.0 6350.0 0.58613
1550.0 6350.0 0.71777
1650.0 6350.0 0.77088
1750.0 6350.0 0.74326
1850.0 6350.0 0.65547
1950.0 6350.0 0.53991
2050.0 6350.0 0.42317
2150.0 6350.0 0.32183
2250.0 6350.0 0.24720
2350.0 6350.0 0.20289
2450.0 6350.0 0.18363
2550.0 6350.0 0.17648
2650.0 6350.0 0.16414
2750.0 6350.0 0.13061
2850.0 6350.0 0.06910
2950.0 6350.0 -0.00742
3050.0 6350.0 -0.05731
3150.0 6350.0 -0.05725
3250.0 6350.0 -0.02058
3350.0 6350.0 0.02211
3450.0 6350.0 0.03871
3550.0 6350.0 0.00647
3650.0 6350.0 -0.08212
3750.0 6350.0 -0.21830
3850.0 6350.0 -0.38092
3950.0 6350.0 -0.54106
4050.0 6350.0 -0.65724
4150.0 6350.0 -0.69719
4250.0 6350.0 -0.65120
4350.0 6350.0 -0.53470
4450.0 6350.0 -0.38474
4550.0 6350.0 -0.25032
4650.0 6350.0 -0.17657
4750.0 6350.0 -0.18281
4850.0 6350.0 -0.23804
4950.0 6350.0 -0.33314
5050.0 6350.0 -0.48911
5150.0 6350.0 -0.67574
5250.0 6350.0 -0.84233
5350.0 6350.0 -0.94445
5450.0 6350.0 -0.96009
5550.0 6350.0 -0.89502
5650.0 6350.0 -0.77739
5750.0 6350.0 -0.64162
5850.0 6350.0 -0.50508
5950.0 6350.0 -0.37174
6050.0 6350.0 -0.24703
6150.0 6350.0 -0.13527
6250.0 6350.0 -0.03727
6350.0 6350.0 0.05054
