50.0 50.0 0.00000
150.0 50.0 0.07778
250.0 50.0 0.04827
350.0 50.0 -0.06842
450.0 50.0 -0.18853
550.0 50.0 -0.22897
650.0 50.0 -0.15146
750.0 50.0 0.01364
850.0 50.0 0.19424
950.0 50.0 0.34008
1050.0 50.0 0.38612
1150.0 50.0 0.31114
1250.0 50.0 0.16609
1350.0 50.0 0.04451
1450.0 50.0 -0.00516
1550.0 50.0 -0.07651
1650.0 50.0 -0.22354
1750.0 50.0 -0.36650
1850.0 50.0 -0.41147
1950.0 50.0 -0.32566
2050.0 50.0 -0.15098
2150.0 50.0 0.04385
2250.0 50.0 0.21010
2350.0 50.0 0.27975
2450.0 50.0 0.22938
2550.0 50.0 0.10087
2650.0 50.0 -0.01763
2750.0 50.0 -0.04262
2850.0 50.0 0.02341
2950.0 50.0 0.10536
3050.0 50.0 0.17547
3150.0 50.0 0.19863
3250.0 50.0 0.16218
3350.0 50.0 0.09000
3450.0 50.0 0.02573
3550.0 50.0 -0.01414
3650.0 50.0 -0.05793
3750.0 50.0 -0.10086
3850.0 50.0 -0.11985
3950.0 50.0 -0.10337
4050.0 50.0 -0.06175
4150.0 50.0 -0.01875
4250.0 50.0 0.01419
4350.0 50.0 0.03259
4450.0 50.0 0.02563
4550.0 50.0 0.00069
4650.0 50.0 -0.02455
4750.0 50.0 -0.03225
4850.0 50.0 -0.01459
4950.0 50.0 0.01464
5050.0 50.0 0.00758
5150.0 50.0 -0.04663
5250.0 50.0 -0.11048
5350.0 50.0 -0.14024
5450.0 50.0 -0.11296
5550.0 50.0 -0.03681
5650.0 50.0 0.05929
5750.0 50.0 0.17253
5850.0 50.0 0.26821
5950.0 50.0 0.29259
6050.0 50.0 0.23114
6150.0 50.0 0.12228
6250.0 50.0 0.02494
6350.0 50.0 -0.04388
50.0 150.0 -0.18335
150.0 150.0 -0.10374
250.0 150.0 -0.09832
350.0 150.0 -0.14633
450.0 150.0 -0.18503
550.0 150.0 -0.15914
650.0 150.0 -0.05007
750.0 150.0 0.11492
850.0 150.0 0.28156
950.0 150.0 0.38757
1050.0 150.0 0.37063
1150.0 150.0 0.22726
1250.0 150.0 0.02882
1350.0 150.0 -0.11898
1450.0 150.0 -0.17308
1550.0 150.0 -0.23773
1650.0 150.0 -0.35582
1750.0 150.0 -0.45188
1850.0 150.0 -0.44775
1950.0 150.0 -0.32730
2050.0 150.0 -0.14112
2150.0 150.0 0.04846
2250.0 150.0 0.21534
2350.0 150.0 0.30820
2450.0 150.0 0.30220
2550.0 150.0 0.22543
2650.0 150.0 0.14809
2750.0 150.0 0.14154
2850.0 150.0 0.20825
2950.0 150.0 0.28875
3050.0 150.0 0.35676
3150.0 150.0 0.37678
3250.0 150.0 0.33636
3350.0 150.0 0.26005
3450.0 150.0 0.19227
3550.0 150.0 0.14929
3650.0 150.0 0.09333
3750.0 150.0 0.01924
3850.0 150.0 -0.04526
3950.0 150.0 -0.07563
4050.0 150.0 -0.06851
4150.0 150.0 -0.04093
4250.0 150.0 -0.01199
4350.0 150.0 -0.00282
4450.0 150.0 -0.02947
4550.0 150.0 -0.08060
4650.0 150.0 -0.13078
4750.0 150.0 -0.15518
4850.0 150.0 -0.14368
4950.0 150.0 -0.11514
5050.0 150.0 -0.12363
5150.0 150.0 -0.18226
5250.0 150.0 -0.25446
5350.0 150.0 -0.29526
5450.0 150.0 -0.27884
5550.0 150.0 -0.21072
5650.0 150.0 -0.11931
5750.0 150.0 0.00737
5850.0 150.0 0.14642
5950.0 150.0 0.23587
6050.0 150.0 0.24090
6150.0 150.0 0.17845
6250.0 150.0 0.09821
6350.0 150.0 0.03227
50.0 250.0 -0.34857
150.0 250.0 -0.28915
250.0 250.0 -0.25655
350.0 250.0 -0.22947
450.0 250.0 -0.17558
550.0 250.0 -0.07923
650.0 250.0 0.05040
750.0 250.0 0.19091
850.0 250.0 0.32187
950.0 250.0 0.38873
1050.0 250.0 0.33817
1150.0 250.0 0.17470
1250.0 250.0 -0.03056
1350.0 250.0 -0.17992
1450.0 250.0 -0.23802
1550.0 250.0 -0.30060
1650.0 250.0 -0.40114
1750.0 250.0 -0.47646
1850.0 250.0 -0.46514
1950.0 250.0 -0.35925
2050.0 250.0 -0.20522
2150.0 250.0 -0.05409
2250.0 250.0 0.09111
2350.0 250.0 0.21391
2450.0 250.0 0.29210
2550.0 250.0 0.32561
2650.0 250.0 0.34137
2750.0 250.0 0.37666
2850.0 250.0 0.44164
2950.0 250.0 0.51264
3050.0 250.0 0.56319
3150.0 250.0 0.55685
3250.0 250.0 0.48509
3350.0 250.0 0.37941
3450.0 250.0 0.29002
3550.0 250.0 0.23203
3650.0 250.0 0.16446
3750.0 250.0 0.08431
3850.0 250.0 0.01754
3950.0 250.0 -0.01535
4050.0 250.0 -0.01483
4150.0 250.0 0.00053
4250.0 250.0 0.01347
4350.0 250.0 -0.00509
4450.0 250.0 -0.07784
4550.0 250.0 -0.18341
4650.0 250.0 -0.28124
4750.0 250.0 -0.33560
4850.0 250.0 -0.33525
4950.0 250.0 -0.30833
5050.0 250.0 -0.30479
5150.0 250.0 -0.33601
5250.0 250.0 -0.38072
5350.0 250.0 -0.40965
5450.0 250.0 -0.40310
5550.0 250.0 -0.36107
5650.0 250.0 -0.30014
5750.0 250.0 -0.19392
5850.0 250.0 -0.04794
5950.0 250.0 0.08208
6050.0 250.0 0.14895
6150.0 250.0 0.14389
6250.0 250.0 0.09553
6350.0 250.0 0.04471
50.0 350.0 -0.42291
150.0 350.0 -0.40873
250.0 350.0 -0.37002
350.0 350.0 -0.28530
450.0 350.0 -0.15551
550.0 350.0 -0.00787
650.0 350.0 0.11886
750.0 350.0 0.20794
850.0 350.0 0.28250
950.0 350.0 0.31798
1050.0 350.0 0.27615
1150.0 350.0 0.15604
1250.0 350.0 0.00298
1350.0 350.0 -0.11707
1450.0 350.0 -0.17791
1550.0 350.0 -0.24211
1650.0 350.0 -0.33231
1750.0 350.0 -0.40621
1850.0 350.0 -0.42233
1950.0 350.0 -0.37487
2050.0 350.0 -0.29457
2150.0 350.0 -0.21557
2250.0 350.0 -0.12156
2350.0 350.0 0.01386
2450.0 350.0 0.17786
2550.0 350.0 0.33918
2650.0 350.0 0.46889
2750.0 350.0 0.55558
2850.0 350.0 0.61501
2950.0 350.0 0.67199
3050.0 350.0 0.70166
3150.0 350.0 0.66428
3250.0 350.0 0.55339
3350.0 350.0 0.40743
3450.0 350.0 0.28419
3550.0 350.0 0.19950
3650.0 350.0 0.12161
3750.0 350.0 0.06326
3850.0 350.0 0.04167
3950.0 350.0 0.05496
4050.0 350.0 0.07983
4150.0 350.0 0.08718
4250.0 350.0 0.07222
4350.0 350.0 0.01403
4450.0 350.0 -0.11217
4550.0 350.0 -0.27250
4650.0 350.0 -0.41258
4750.0 350.0 -0.49055
4850.0 350.0 -0.49921
4950.0 350.0 -0.47460
5050.0 350.0 -0.44668
5150.0 350.0 -0.42168
5250.0 350.0 -0.40750
5350.0 350.0 -0.40624
5450.0 350.0 -0.41204
5550.0 350.0 -0.41574
5650.0 350.0 -0.41212
5750.0 350.0 -0.36636
5850.0 350.0 -0.26349
5950.0 350.0 -0.13533
6050.0 350.0 -0.02791
6150.0 350.0 0.02492
6250.0 350.0 0.02025
6350.0 350.0 -0.00278
50.0 450.0 -0.36728
150.0 450.0 -0.41122
250.0 450.0 -0.39175
350.0 450.0 -0.28768
450.0 450.0 -0.12545
550.0 450.0 0.03539
650.0 450.0 0.13420
750.0 450.0 0.15888
850.0 450.0 0.17120
950.0 450.0 0.18750
1050.0 450.0 0.18676
1150.0 450.0 0.15272
1250.0 450.0 0.08930
1350.0 450.0 0.01778
1450.0 450.0 -0.04427
1550.0 450.0 -0.11004
1650.0 450.0 -0.18682
1750.0 450.0 -0.25687
1850.0 450.0 -0.30273
1950.0 450.0 -0.32187
2050.0 450.0 -0.32712
2150.0 450.0 -0.33266
2250.0 450.0 -0.30989
2350.0 450.0 -0.20038
2450.0 450.0 -0.00149
2550.0 450.0 0.23850
2650.0 450.0 0.44754
2750.0 450.0 0.57027
2850.0 450.0 0.62093
2950.0 450.0 0.66708
3050.0 450.0 0.69075
3150.0 450.0 0.64576
3250.0 450.0 0.51936
3350.0 450.0 0.34863
3450.0 450.0 0.19513
3550.0 450.0 0.07995
3650.0 450.0 -0.00682
3750.0 450.0 -0.02992
3850.0 450.0 0.01604
3950.0 450.0 0.09846
4050.0 450.0 0.16263
4150.0 450.0 0.16481
4250.0 450.0 0.11784
4350.0 450.0 0.02482
4450.0 450.0 -0.13170
4550.0 450.0 -0.30927
4650.0 450.0 -0.45174
4750.0 450.0 -0.52468
4850.0 450.0 -0.53193
4950.0 450.0 -0.50961
5050.0 450.0 -0.45452
5150.0 450.0 -0.36725
5250.0 450.0 -0.28916
5350.0 450.0 -0.25754
5450.0 450.0 -0.28119
5550.0 450.0 -0.33965
5650.0 450.0 -0.40412
5750.0 450.0 -0.44100
5850.0 450.0 -0.41712
5950.0 450.0 -0.32990
6050.0 450.0 -0.21187
6150.0 450.0 -0.11510
6250.0 450.0 -0.07597
6350.0 450.0 -0.06619
50.0 550.0 -0.21979
150.0 550.0 -0.31543
250.0 550.0 -0.32986
350.0 550.0 -0.24253
450.0 550.0 -0.09183
550.0 550.0 0.04807
650.0 550.0 0.10701
750.0 550.0 0.07546
850.0 550.0 0.03746
950.0 550.0 0.04402
1050.0 550.0 0.08815
1150.0 550.0 0.13782
1250.0 550.0 0.15872
1350.0 550.0 0.13242
1450.0 550.0 0.07008
1550.0 550.0 0.00636
1650.0 550.0 -0.04574
1750.0 550.0 -0.08987
1850.0 550.0 -0.13513
1950.0 550.0 -0.18971
2050.0 550.0 -0.25660
2150.0 550.0 -0.33130
2250.0 550.0 -0.37890
2350.0 550.0 -0.33185
2450.0 550.0 -0.17011
2550.0 550.0 0.06353
2650.0 550.0 0.28385
2750.0 550.0 0.41213
2850.0 550.0 0.45325
2950.0 550.0 0.49735
3050.0 550.0 0.53894
3150.0 550.0 0.52326
3250.0 550.0 0.42160
3350.0 550.0 0.25811
3450.0 550.0 0.09118
3550.0 550.0 -0.04842
3650.0 550.0 -0.14333
3750.0 550.0 -0.13952
3850.0 550.0 -0.04102
3950.0 550.0 0.09515
4050.0 550.0 0.18934
4150.0 550.0 0.18620
4250.0 550.0 0.11309
4350.0 550.0 0.00336
4450.0 550.0 -0.14435
4550.0 550.0 -0.28689
4650.0 550.0 -0.38187
4750.0 550.0 -0.41630
4850.0 550.0 -0.40982
4950.0 550.0 -0.38903
5050.0 550.0 -0.31486
5150.0 550.0 -0.18486
5250.0 550.0 -0.06631
5350.0 550.0 -0.02181
5450.0 550.0 -0.06854
5550.0 550.0 -0.17524
5650.0 550.0 -0.29675
5750.0 550.0 -0.40827
5850.0 550.0 -0.46459
5950.0 550.0 -0.43129
6050.0 550.0 -0.32345
6150.0 550.0 -0.20254
6250.0 550.0 -0.13088
6350.0 550.0 -0.09359
50.0 650.0 -0.07450
150.0 650.0 -0.19930
250.0 650.0 -0.24258
350.0 650.0 -0.18429
450.0 650.0 -0.06341
550.0 650.0 0.04578
650.0 650.0 0.07356
750.0 650.0 0.01090
850.0 650.0 -0.05423
950.0 650.0 -0.05652
1050.0 650.0 0.00451
1150.0 650.0 0.09047
1250.0 650.0 0.14940
1350.0 650.0 0.14373
1450.0 650.0 0.08082
1550.0 650.0 0.02429
1650.0 650.0 0.00986
1750.0 650.0 0.02086
1850.0 650.0 0.02214
1950.0 650.0 -0.01470
2050.0 650.0 -0.09669
2150.0 650.0 -0.20559
2250.0 650.0 -0.30170
2350.0 650.0 -0.32979
2450.0 650.0 -0.25614
2550.0 650.0 -0.10018
2650.0 650.0 0.06936
2750.0 650.0 0.17526
2850.0 650.0 0.20905
2950.0 650.0 0.26043
3050.0 650.0 0.33892
3150.0 650.0 0.38140
3250.0 650.0 0.33790
3350.0 650.0 0.21166
3450.0 650.0 0.05174
3550.0 650.0 -0.09964
3650.0 650.0 -0.20313
3750.0 650.0 -0.19828
3850.0 650.0 -0.09187
3950.0 650.0 0.05227
4050.0 650.0 0.14772
4150.0 650.0 0.13612
4250.0 650.0 0.04954
4350.0 650.0 -0.05581
4450.0 650.0 -0.16241
4550.0 650.0 -0.23360
4650.0 650.0 -0.25056
4750.0 650.0 -0.22792
4850.0 650.0 -0.20076
4950.0 650.0 -0.18048
5050.0 650.0 -0.10171
5150.0 650.0 0.03670
5250.0 650.0 0.15684
5350.0 650.0 0.18896
5450.0 650.0 0.11732
5550.0 650.0 -0.01894
5650.0 650.0 -0.17050
5750.0 650.0 -0.32226
5850.0 650.0 -0.42348
5950.0 650.0 -0.42241
6050.0 650.0 -0.32376
6150.0 650.0 -0.19272
6250.0 650.0 -0.10483
6350.0 650.0 -0.05287
50.0 750.0 0.00446
150.0 750.0 -0.12668
250.0 750.0 -0.18248
350.0 750.0 -0.14314
450.0 750.0 -0.04376
550.0 750.0 0.04658
650.0 750.0 0.06200
750.0 750.0 -0.00704
850.0 750.0 -0.07949
950.0 750.0 -0.09606
1050.0 750.0 -0.05462
1150.0 750.0 0.01181
1250.0 750.0 0.05644
1350.0 750.0 0.04393
1450.0 750.0 -0.02050
1550.0 750.0 -0.06611
1650.0 750.0 -0.03496
1750.0 750.0 0.05123
1850.0 750.0 0.13365
1950.0 750.0 0.15735
2050.0 750.0 0.10004
2150.0 750.0 -0.01143
2250.0 750.0 -0.13011
2350.0 750.0 -0.22344
2450.0 750.0 -0.24958
2550.0 750.0 -0.19879
2650.0 750.0 -0.10800
2750.0 750.0 -0.03720
2850.0 750.0 -0.00750
2950.0 750.0 0.05636
3050.0 750.0 0.17816
3150.0 750.0 0.28815
3250.0 750.0 0.31540
3350.0 750.0 0.24050
3450.0 750.0 0.10071
3550.0 750.0 -0.05138
3650.0 750.0 -0.16447
3750.0 750.0 -0.18410
3850.0 750.0 -0.11343
3950.0 750.0 -0.00609
4050.0 750.0 0.06225
4150.0 750.0 0.03851
4250.0 750.0 -0.05029
4350.0 750.0 -0.13829
4450.0 750.0 -0.19175
4550.0 750.0 -0.18385
4650.0 750.0 -0.12039
4750.0 750.0 -0.04145
4850.0 750.0 0.00627
4950.0 750.0 0.02676
5050.0 750.0 0.09819
5150.0 750.0 0.21704
5250.0 750.0 0.30797
5350.0 750.0 0.30922
5450.0 750.0 0.21409
5550.0 750.0 0.06637
5650.0 750.0 -0.09020
5750.0 750.0 -0.24612
5850.0 750.0 -0.34866
5950.0 750.0 -0.34459
6050.0 750.0 -0.23949
6150.0 750.0 -0.10158
6250.0 750.0 -0.00939
6350.0 750.0 0.04541
50.0 850.0 0.03442
150.0 850.0 -0.09523
250.0 850.0 -0.15648
350.0 850.0 -0.12966
450.0 850.0 -0.04544
550.0 850.0 0.03292
650.0 850.0 0.04364
750.0 850.0 -0.02345
850.0 850.0 -0.09778
950.0 850.0 -0.13410
1050.0 850.0 -0.12881
1150.0 850.0 -0.10295
1250.0 850.0 -0.08908
1350.0 850.0 -0.11365
1450.0 850.0 -0.17482
1550.0 850.0 -0.20399
1650.0 850.0 -0.12297
1750.0 850.0 0.04446
1850.0 850.0 0.21847
1950.0 850.0 0.31746
2050.0 850.0 0.30133
2150.0 850.0 0.20318
2250.0 850.0 0.07845
2350.0 850.0 -0.06503
2450.0 850.0 -0.18356
2550.0 850.0 -0.24095
2650.0 850.0 -0.23876
2750.0 850.0 -0.21225
2850.0 850.0 -0.19154
2950.0 850.0 -0.12071
3050.0 850.0 0.03677
3150.0 850.0 0.20655
3250.0 850.0 0.29897
3350.0 850.0 0.27294
3450.0 850.0 0.15308
3550.0 850.0 0.00077
3650.0 850.0 -0.12226
3750.0 850.0 -0.16795
3850.0 850.0 -0.13464
3950.0 850.0 -0.06448
4050.0 850.0 -0.02190
4150.0 850.0 -0.05510
4250.0 850.0 -0.14311
4350.0 850.0 -0.21340
4450.0 850.0 -0.21975
4550.0 850.0 -0.14539
4650.0 850.0 -0.01737
4750.0 850.0 0.10418
4850.0 850.0 0.16496
4950.0 850.0 0.18239
5050.0 850.0 0.24447
5150.0 850.0 0.34604
5250.0 850.0 0.41650
5350.0 850.0 0.40071
5450.0 850.0 0.29652
5550.0 850.0 0.14784
5650.0 850.0 -0.00597
5750.0 850.0 -0.15476
5850.0 850.0 -0.24448
5950.0 850.0 -0.22533
6050.0 850.0 -0.10755
6150.0 850.0 0.03735
6250.0 850.0 0.13081
6350.0 850.0 0.18511
50.0 950.0 -0.02357
150.0 950.0 -0.14100
250.0 950.0 -0.19889
350.0 950.0 -0.17760
450.0 950.0 -0.10210
550.0 950.0 -0.02823
650.0 950.0 -0.01267
750.0 950.0 -0.06655
850.0 950.0 -0.13574
950.0 950.0 -0.19977
1050.0 950.0 -0.25023
1150.0 950.0 -0.28481
1250.0 950.0 -0.31064
1350.0 950.0 -0.34020
1450.0 950.0 -0.37954
1550.0 950.0 -0.37837
1650.0 950.0 -0.25074
1750.0 950.0 -0.01636
1850.0 950.0 0.23783
1950.0 950.0 0.41540
2050.0 950.0 0.46201
2150.0 950.0 0.41016
2250.0 950.0 0.32058
2350.0 950.0 0.17627
2450.0 950.0 0.00445
2550.0 950.0 -0.14762
2650.0 950.0 -0.24566
2750.0 950.0 -0.28554
2850.0 950.0 -0.29335
2950.0 950.0 -0.23856
3050.0 950.0 -0.07593
3150.0 950.0 0.12124
3250.0 950.0 0.25194
3350.0 950.0 0.25726
3450.0 950.0 0.14788
3550.0 950.0 -0.01070
3650.0 950.0 -0.14364
3750.0 950.0 -0.20127
3850.0 950.0 -0.17776
3950.0 950.0 -0.11198
4050.0 950.0 -0.06840
4150.0 950.0 -0.09822
4250.0 950.0 -0.18263
4350.0 950.0 -0.24140
4450.0 950.0 -0.22573
4550.0 950.0 -0.12834
4650.0 950.0 0.01319
4750.0 950.0 0.13408
4850.0 950.0 0.18311
4950.0 950.0 0.18524
5050.0 950.0 0.23670
5150.0 950.0 0.34221
5250.0 950.0 0.43564
5350.0 950.0 0.45589
5450.0 950.0 0.38676
5550.0 950.0 0.25947
5650.0 950.0 0.11798
5750.0 950.0 -0.01246
5850.0 950.0 -0.07809
5950.0 950.0 -0.03693
6050.0 950.0 0.09405
6150.0 950.0 0.24197
6250.0 950.0 0.33221
6350.0 950.0 0.38260
50.0 1050.0 -0.13453
150.0 1050.0 -0.22968
250.0 1050.0 -0.27692
350.0 1050.0 -0.25660
450.0 1050.0 -0.18613
550.0 1050.0 -0.11166
650.0 1050.0 -0.08321
750.0 1050.0 -0.11324
850.0 1050.0 -0.16827
950.0 1050.0 -0.25720
1050.0 1050.0 -0.36401
1150.0 1050.0 -0.45729
1250.0 1050.0 -0.51460
1350.0 1050.0 -0.53398
1450.0 1050.0 -0.53250
1550.0 1050.0 -0.49440
1650.0 1050.0 -0.35051
1750.0 1050.0 -0.10859
1850.0 1050.0 0.16401
1950.0 1050.0 0.38341
2050.0 1050.0 0.49461
2150.0 1050.0 0.51854
2250.0 1050.0 0.50907
2350.0 1050.0 0.43106
2450.0 1050.0 0.27545
2550.0 1050.0 0.07632
2650.0 1050.0 -0.10669
2750.0 1050.0 -0.22237
2850.0 1050.0 -0.27632
2950.0 1050.0 -0.26125
3050.0 1050.0 -0.12804
3150.0 1050.0 0.05726
3250.0 1050.0 0.19179
3350.0 1050.0 0.20528
3450.0 1050.0 0.09465
3550.0 1050.0 -0.07621
3650.0 1050.0 -0.21850
3750.0 1050.0 -0.27289
3850.0 1050.0 -0.23028
3950.0 1050.0 -0.13485
4050.0 1050.0 -0.06280
4150.0 1050.0 -0.07619
4250.0 1050.0 -0.15429
4350.0 1050.0 -0.20843
4450.0 1050.0 -0.19738
4550.0 1050.0 -0.12238
4650.0 1050.0 -0.02009
4750.0 1050.0 0.05604
4850.0 1050.0 0.06856
4950.0 1050.0 0.04337
5050.0 1050.0 0.07884
5150.0 1050.0 0.19794
5250.0 1050.0 0.34095
5350.0 1050.0 0.43346
5450.0 1050.0 0.43180
5550.0 1050.0 0.34405
5650.0 1050.0 0.22370
5750.0 1050.0 0.11916
5850.0 1050.0 0.08073
5950.0 1050.0 0.14001
6050.0 1050.0 0.27465
6150.0 1050.0 0.41527
6250.0 1050.0 0.49599
6350.0 1050.0 0.53923
50.0 1150.0 -0.22137
150.0 1150.0 -0.29120
250.0 1150.0 -0.32693
350.0 1150.0 -0.30892
450.0 1150.0 -0.24560
550.0 1150.0 -0.17160
650.0 1150.0 -0.12903
750.0 1150.0 -0.13193
850.0 1150.0 -0.16679
950.0 1150.0 -0.26590
1050.0 1150.0 -0.40508
1150.0 1150.0 -0.52889
1250.0 1150.0 -0.59271
1350.0 1150.0 -0.58581
1450.0 1150.0 -0.53568
1550.0 1150.0 -0.46738
1650.0 1150.0 -0.35335
1750.0 1150.0 -0.18411
1850.0 1150.0 0.01911
1950.0 1150.0 0.21535
2050.0 1150.0 0.36680
2150.0 1150.0 0.47334
2250.0 1150.0 0.56608
2350.0 1150.0 0.60282
2450.0 1150.0 0.52876
2550.0 1150.0 0.34423
2650.0 1150.0 0.11628
2750.0 1150.0 -0.06271
2850.0 1150.0 -0.16712
2950.0 1150.0 -0.20171
3050.0 1150.0 -0.11630
3150.0 1150.0 0.03331
3250.0 1150.0 0.14885
3350.0 1150.0 0.15438
3450.0 1150.0 0.03507
3550.0 1150.0 -0.15031
3650.0 1150.0 -0.30104
3750.0 1150.0 -0.34500
3850.0 1150.0 -0.27049
3950.0 1150.0 -0.13082
4050.0 1150.0 -0.01881
4150.0 1150.0 -0.01052
4250.0 1150.0 -0.08140
4350.0 1150.0 -0.13440
4450.0 1150.0 -0.14020
4550.0 1150.0 -0.10755
4650.0 1150.0 -0.06689
4750.0 1150.0 -0.05356
4850.0 1150.0 -0.08699
4950.0 1150.0 -0.14384
5050.0 1150.0 -0.13163
5150.0 1150.0 -0.00995
5250.0 1150.0 0.17147
5350.0 1150.0 0.32868
5450.0 1150.0 0.39213
5550.0 1150.0 0.34546
5650.0 1150.0 0.24873
5750.0 1150.0 0.16837
5850.0 1150.0 0.14790
5950.0 1150.0 0.21007
6050.0 1150.0 0.33192
6150.0 1150.0 0.45321
6250.0 1150.0 0.51963
6350.0 1150.0 0.55471
50.0 1250.0 -0.22360
150.0 1250.0 -0.27370
250.0 1250.0 -0.30381
350.0 1250.0 -0.29436
450.0 1250.0 -0.24465
550.0 1250.0 -0.17755
650.0 1250.0 -0.12701
750.0 1250.0 -0.10857
850.0 1250.0 -0.12372
950.0 1250.0 -0.21540
1050.0 1250.0 -0.35335
1150.0 1250.0 -0.47058
1250.0 1250.0 -0.51443
1350.0 1250.0 -0.47378
1450.0 1250.0 -0.38262
1550.0 1250.0 -0.29980
1650.0 1250.0 -0.24976
1750.0 1250.0 -0.20616
1850.0 1250.0 -0.13340
1950.0 1250.0 -0.01427
2050.0 1250.0 0.14208
2150.0 1250.0 0.31208
2250.0 1250.0 0.49387
2350.0 1250.0 0.64703
2450.0 1250.0 0.67724
2550.0 1250.0 0.54613
2650.0 1250.0 0.31362
2750.0 1250.0 0.09768
2850.0 1250.0 -0.04610
2950.0 1250.0 -0.12110
3050.0 1250.0 -0.07532
3150.0 1250.0 0.04385
3250.0 1250.0 0.14233
3350.0 1250.0 0.14016
3450.0 1250.0 0.01330
3550.0 1250.0 -0.18386
3650.0 1250.0 -0.34233
3750.0 1250.0 -0.38068
3850.0 1250.0 -0.28463
3950.0 1250.0 -0.11357
4050.0 1250.0 0.02759
4150.0 1250.0 0.05216
4250.0 1250.0 -0.01289
4350.0 1250.0 -0.06290
4450.0 1250.0 -0.07655
4550.0 1250.0 -0.06975
4650.0 1250.0 -0.07047
4750.0 1250.0 -0.10202
4850.0 1250.0 -0.17042
4950.0 1250.0 -0.25323
5050.0 1250.0 -0.26909
5150.0 1250.0 -0.16938
5250.0 1250.0 0.00927
5350.0 1250.0 0.18568
5450.0 1250.0 0.27950
5550.0 1250.0 0.25850
5650.0 1250.0 0.18024
5750.0 1250.0 0.11433
5850.0 1250.0 0.09613
5950.0 1250.0 0.14394
6050.0 1250.0 0.23957
6150.0 1250.0 0.33495
6250.0 1250.0 0.38665
6350.0 1250.0 0.41528
50.0 1350.0 -0.12867
150.0 1350.0 -0.17021
250.0 1350.0 -0.20406
350.0 1350.0 -0.21081
450.0 1350.0 -0.18190
550.0 1350.0 -0.12986
650.0 1350.0 -0.08142
750.0 1350.0 -0.05337
850.0 1350.0 -0.05565
950.0 1350.0 -0.12968
1050.0 1350.0 -0.24262
1150.0 1350.0 -0.32872
1250.0 1350.0 -0.34015
1350.0 1350.0 -0.27150
1450.0 1350.0 -0.15836
1550.0 1350.0 -0.07670
1650.0 1350.0 -0.09241
1750.0 1350.0 -0.16829
1850.0 1350.0 -0.22377
1950.0 1350.0 -0.19270
2050.0 1350.0 -0.05737
2150.0 1350.0 0.14144
2250.0 1350.0 0.37061
2350.0 1350.0 0.59279
2450.0 1350.0 0.69277
2550.0 1350.0 0.60762
2650.0 1350.0 0.38760
2750.0 1350.0 0.15987
2850.0 1350.0 -0.00282
2950.0 1350.0 -0.09465
3050.0 1350.0 -0.05783
3150.0 1350.0 0.06294
3250.0 1350.0 0.17063
3350.0 1350.0 0.17771
3450.0 1350.0 0.05259
3550.0 1350.0 -0.15012
3650.0 1350.0 -0.31625
3750.0 1350.0 -0.36332
3850.0 1350.0 -0.27384
3950.0 1350.0 -0.10495
4050.0 1350.0 0.03796
4150.0 1350.0 0.06563
4250.0 1350.0 0.00349
4350.0 1350.0 -0.03728
4450.0 1350.0 -0.03325
4550.0 1350.0 -0.00795
4650.0 1350.0 0.00219
4750.0 1350.0 -0.02986
4850.0 1350.0 -0.10768
4950.0 1350.0 -0.20383
5050.0 1350.0 -0.24722
5150.0 1350.0 -0.19350
5250.0 1350.0 -0.06553
5350.0 1350.0 0.07223
5450.0 1350.0 0.14882
5550.0 1350.0 0.12965
5650.0 1350.0 0.05990
5750.0 1350.0 -0.00379
5850.0 1350.0 -0.03289
5950.0 1350.0 -0.00860
6050.0 1350.0 0.05836
6150.0 1350.0 0.13072
6250.0 1350.0 0.17196
6350.0 1350.0 0.19769
50.0 1450.0 0.02432
150.0 1450.0 -0.01799
250.0 1450.0 -0.06265
350.0 1450.0 -0.09047
450.0 1450.0 -0.08650
550.0 1450.0 -0.05485
650.0 1450.0 -0.01624
750.0 1450.0 0.01159
850.0 1450.0 0.01457
950.0 1450.0 -0.04131
1050.0 1450.0 -0.12331
1150.0 1450.0 -0.17374
1250.0 1450.0 -0.15534
1350.0 1450.0 -0.07017
1450.0 1450.0 0.04783
1550.0 1450.0 0.12030
1650.0 1450.0 0.05868
1750.0 1450.0 -0.09554
1850.0 1450.0 -0.23750
1950.0 1450.0 -0.27250
2050.0 1450.0 -0.16548
2150.0 1450.0 0.03439
2250.0 1450.0 0.27119
2350.0 1450.0 0.50651
2450.0 1450.0 0.62186
2550.0 1450.0 0.54918
2650.0 1450.0 0.33550
2750.0 1450.0 0.10815
2850.0 1450.0 -0.05688
2950.0 1450.0 -0.14426
3050.0 1450.0 -0.08622
3150.0 1450.0 0.06976
3250.0 1450.0 0.21569
3350.0 1450.0 0.25141
3450.0 1450.0 0.13803
3550.0 1450.0 -0.06472
3650.0 1450.0 -0.23885
3750.0 1450.0 -0.30805
3850.0 1450.0 -0.25094
3950.0 1450.0 -0.11472
4050.0 1450.0 0.00525
4150.0 1450.0 0.02425
4250.0 1450.0 -0.03744
4350.0 1450.0 -0.06292
4450.0 1450.0 -0.01749
4550.0 1450.0 0.06689
4650.0 1450.0 0.13518
4750.0 1450.0 0.14234
4850.0 1450.0 0.07755
4950.0 1450.0 -0.02098
5050.0 1450.0 -0.08819
5150.0 1450.0 -0.09251
5250.0 1450.0 -0.04414
5350.0 1450.0 0.01734
5450.0 1450.0 0.04397
5550.0 1450.0 0.00901
5650.0 1450.0 -0.06044
5750.0 1450.0 -0.12978
5850.0 1450.0 -0.17489
5950.0 1450.0 -0.17366
6050.0 1450.0 -0.12955
6150.0 1450.0 -0.07263
6250.0 1450.0 -0.03666
6350.0 1450.0 -0.01083
50.0 1550.0 0.20276
150.0 1550.0 0.15370
250.0 1550.0 0.08962
350.0 1550.0 0.03056
450.0 1550.0 0.00032
550.0 1550.0 0.00510
650.0 1550.0 0.03041
750.0 1550.0 0.05633
850.0 1550.0 0.06330
950.0 1550.0 0.02416
1050.0 1550.0 -0.03005
1150.0 1550.0 -0.05054
1250.0 1550.0 -0.00998
1350.0 1550.0 0.08393
1450.0 1550.0 0.20015
1550.0 1550.0 0.26321
1650.0 1550.0 0.17259
1750.0 1550.0 -0.03086
1850.0 1550.0 -0.23104
1950.0 1550.0 -0.31696
2050.0 1550.0 -0.24111
2150.0 1550.0 -0.05514
2250.0 1550.0 0.16902
2350.0 1550.0 0.39289
2450.0 1550.0 0.50527
2550.0 1550.0 0.44165
2650.0 1550.0 0.24528
2750.0 1550.0 0.03498
2850.0 1550.0 -0.11763
2950.0 1550.0 -0.19158
3050.0 1550.0 -0.11564
3150.0 1550.0 0.06239
3250.0 1550.0 0.23182
3350.0 1550.0 0.28895
3450.0 1550.0 0.19252
3550.0 1550.0 0.00323
3650.0 1550.0 -0.16568
3750.0 1550.0 -0.24752
3850.0 1550.0 -0.21852
3950.0 1550.0 -0.11476
4050.0 1550.0 -0.01788
4150.0 1550.0 -0.00422
4250.0 1550.0 -0.05900
4350.0 1550.0 -0.06485
4450.0 1550.0 0.02041
4550.0 1550.0 0.15595
4650.0 1550.0 0.27116
4750.0 1550.0 0.30804
4850.0 1550.0 0.25249
4950.0 1550.0 0.15168
5050.0 1550.0 0.05974
5150.0 1550.0 -0.00513
5250.0 1550.0 -0.03931
5350.0 1550.0 -0.05604
5450.0 1550.0 -0.07946
5550.0 1550.0 -0.12865
5650.0 1550.0 -0.19550
5750.0 1550.0 -0.26652
5850.0 1550.0 -0.32126
5950.0 1550.0 -0.33542
6050.0 1550.0 -0.30702
6150.0 1550.0 -0.26046
6250.0 1550.0 -0.22705
6350.0 1550.0 -0.19954
50.0 1650.0 0.38622
150.0 1650.0 0.31811
250.0 1650.0 0.21829
350.0 1650.0 0.11115
450.0 1650.0 0.03434
550.0 1650.0 0.00658
650.0 1650.0 0.01797
750.0 1650.0 0.04276
850.0 1650.0 0.05394
950.0 1650.0 0.02795
1050.0 1650.0 -0.00913
1150.0 1650.0 -0.01734
1250.0 1650.0 0.02502
1350.0 1650.0 0.11057
1450.0 1650.0 0.21345
1550.0 1650.0 0.26990
1650.0 1650.0 0.18918
1750.0 1650.0 0.00025
1850.0 1650.0 -0.19788
1950.0 1650.0 -0.30339
2050.0 1650.0 -0.26566
2150.0 1650.0 -0.12545
2250.0 1650.0 0.04497
2350.0 1650.0 0.21316
2450.0 1650.0 0.29846
2550.0 1650.0 0.25522
2650.0 1650.0 0.11647
2750.0 1650.0 -0.03037
2850.0 1650.0 -0.13367
2950.0 1650.0 -0.17790
3050.0 1650.0 -0.11068
3150.0 1650.0 0.03027
3250.0 1650.0 0.16143
3350.0 1650.0 0.20658
3450.0 1650.0 0.13732
3550.0 1650.0 -0.00007
3650.0 1650.0 -0.12419
3750.0 1650.0 -0.18567
3850.0 1650.0 -0.16314
3950.0 1650.0 -0.08029
4050.0 1650.0 0.00235
4150.0 1650.0 0.02553
4250.0 1650.0 -0.00140
4350.0 1650.0 0.02211
4450.0 1650.0 0.12923
4550.0 1650.0 0.26945
4650.0 1650.0 0.37153
4750.0 1650.0 0.38783
4850.0 1650.0 0.31814
4950.0 1650.0 0.20998
5050.0 1650.0 0.09201
5150.0 1650.0 -0.02629
5250.0 1650.0 -0.12511
5350.0 1650.0 -0.19492
5450.0 1650.0 -0.24407
5550.0 1650.0 -0.29111
5650.0 1650.0 -0.34414
5750.0 1650.0 -0.40213
5850.0 1650.0 -0.44789
5950.0 1650.0 -0.45891
6050.0 1650.0 -0.43181
6150.0 1650.0 -0.38675
6250.0 1650.0 -0.35116
6350.0 1650.0 -0.31888
50.0 1750.0 0.48489
150.0 1750.0 0.38894
250.0 1750.0 0.25072
350.0 1750.0 0.10229
450.0 1750.0 -0.00647
550.0 1750.0 -0.05048
650.0 1750.0 -0.04241
750.0 1750.0 -0.01617
850.0 1750.0 -0.00098
950.0 1750.0 -0.01879
1050.0 1750.0 -0.05150
1150.0 1750.0 -0.06688
1250.0 1750.0 -0.04395
1350.0 1750.0 0.01639
1450.0 1750.0 0.09529
1550.0 1750.0 0.14889
1650.0 1750.0 0.11812
1750.0 1750.0 0.00952
1850.0 1750.0 -0.12295
1950.0 1750.0 -0.21253
2050.0 1750.0 -0.21575
2150.0 1750.0 -0.14964
2250.0 1750.0 -0.07061
2350.0 1750.0 -0.00017
2450.0 1750.0 0.03276
2550.0 1750.0 0.01625
2650.0 1750.0 -0.03147
2750.0 1750.0 -0.07431
2850.0 1750.0 -0.09517
2950.0 1750.0 -0.09507
3050.0 1750.0 -0.06088
3150.0 1750.0 -0.01082
3250.0 1750.0 0.02587
3350.0 1750.0 0.02858
3450.0 1750.0 -0.00444
3550.0 1750.0 -0.05535
3650.0 1750.0 -0.10092
3750.0 1750.0 -0.11812
3850.0 1750.0 -0.09122
3950.0 1750.0 -0.02784
4050.0 1750.0 0.04209
4150.0 1750.0 0.08565
4250.0 1750.0 0.10526
4350.0 1750.0 0.16650
4450.0 1750.0 0.27803
4550.0 1750.0 0.37923
4650.0 1750.0 0.41224
4750.0 1750.0 0.36135
4850.0 1750.0 0.25597
4950.0 1750.0 0.13629
5050.0 1750.0 -0.00134
5150.0 1750.0 -0.14714
5250.0 1750.0 -0.26704
5350.0 1750.0 -0.34045
5450.0 1750.0 -0.37541
5550.0 1750.0 -0.39941
5650.0 1750.0 -0.42847
5750.0 1750.0 -0.46154
5850.0 1750.0 -0.48492
5950.0 1750.0 -0.48074
6050.0 1750.0 -0.44631
6150.0 1750.0 -0.39764
6250.0 1750.0 -0.35648
6350.0 1750.0 -0.31714
50.0 1850.0 0.44042
150.0 1850.0 0.31729
250.0 1850.0 0.15606
350.0 1850.0 -0.00231
450.0 1850.0 -0.10445
550.0 1850.0 -0.13154
650.0 1850.0 -0.10886
750.0 1850.0 -0.07796
850.0 1850.0 -0.05934
950.0 1850.0 -0.07275
1050.0 1850.0 -0.10876
1150.0 1850.0 -0.14146
1250.0 1850.0 -0.14768
1350.0 1850.0 -0.11914
1450.0 1850.0 -0.06741
1550.0 1850.0 -0.01398
1650.0 1850.0 0.02293
1750.0 1850.0 0.02404
1850.0 1850.0 -0.01276
1950.0 1850.0 -0.06685
2050.0 1850.0 -0.10720
2150.0 1850.0 -0.12248
2250.0 1850.0 -0.14608
2350.0 1850.0 -0.18797
2450.0 1850.0 -0.21917
2550.0 1850.0 -0.21233
2650.0 1850.0 -0.16368
2750.0 1850.0 -0.09306
2850.0 1850.0 -0.02247
2950.0 1850.0 0.02586
3050.0 1850.0 0.01988
3150.0 1850.0 -0.03648
3250.0 1850.0 -0.11048
3350.0 1850.0 -0.15915
3450.0 1850.0 -0.15363
3550.0 1850.0 -0.10857
3650.0 1850.0 -0.06883
3750.0 1850.0 -0.04289
3850.0 1850.0 -0.02033
3950.0 1850.0 0.01195
4050.0 1850.0 0.06097
4150.0 1850.0 0.12454
4250.0 1850.0 0.19565
4350.0 1850.0 0.29631
4450.0 1850.0 0.40578
4550.0 1850.0 0.45346
4650.0 1850.0 0.39951
4750.0 1850.0 0.26685
4850.0 1850.0 0.11922
4950.0 1850.0 -0.01260
5050.0 1850.0 -0.15803
5150.0 1850.0 -0.29801
5250.0 1850.0 -0.39019
5350.0 1850.0 -0.41759
5450.0 1850.0 -0.40320
5550.0 1850.0 -0.39022
5650.0 1850.0 -0.39239
5750.0 1850.0 -0.39915
5850.0 1850.0 -0.40098
5950.0 1850.0 -0.38445
6050.0 1850.0 -0.34622
6150.0 1850.0 -0.29634
6250.0 1850.0 -0.24986
6350.0 1850.0 -0.20345
50.0 1950.0 0.28163
150.0 1950.0 0.14079
250.0 1950.0 -0.01970
350.0 1950.0 -0.15155
450.0 1950.0 -0.20824
550.0 1950.0 -0.18864
650.0 1950.0 -0.13704
750.0 1950.0 -0.09958
850.0 1950.0 -0.07812
950.0 1950.0 -0.08745
1050.0 1950.0 -0.12496
1150.0 1950.0 -0.16999
1250.0 1950.0 -0.19806
1350.0 1950.0 -0.19395
1450.0 1950.0 -0.16348
1550.0 1950.0 -0.11018
1650.0 1950.0 -0.02017
1750.0 1950.0 0.06701
1850.0 1950.0 0.10528
1950.0 1950.0 0.07904
2050.0 1950.0 0.00956
2150.0 1950.0 -0.06960
2250.0 1950.0 -0.17463
2350.0 1950.0 -0.30798
2450.0 1950.0 -0.39485
2550.0 1950.0 -0.37551
2650.0 1950.0 -0.25568
2750.0 1950.0 -0.09801
2850.0 1950.0 0.04415
2950.0 1950.0 0.13191
3050.0 1950.0 0.09959
3150.0 1950.0 -0.03220
3250.0 1950.0 -0.18455
3350.0 1950.0 -0.26723
3450.0 1950.0 -0.22882
3550.0 1950.0 -0.10840
3650.0 1950.0 -0.00689
3750.0 1950.0 0.03731
3850.0 1950.0 0.03306
3950.0 1950.0 0.01686
4050.0 1950.0 0.03221
4150.0 1950.0 0.10469
4250.0 1950.0 0.21590
4350.0 1950.0 0.35023
4450.0 1950.0 0.46570
4550.0 1950.0 0.48243
4650.0 1950.0 0.37134
4750.0 1950.0 0.18222
4850.0 1950.0 0.00425
4950.0 1950.0 -0.13651
5050.0 1950.0 -0.27961
5150.0 1950.0 -0.39320
5250.0 1950.0 -0.43294
5350.0 1950.0 -0.39423
5450.0 1950.0 -0.32098
5550.0 1950.0 -0.27219
5650.0 1950.0 -0.25333
5750.0 1950.0 -0.24339
5850.0 1950.0 -0.23786
5950.0 1950.0 -0.22465
6050.0 1950.0 -0.19582
6150.0 1950.0 -0.15303
6250.0 1950.0 -0.10487
6350.0 1950.0 -0.05366
50.0 2050.0 0.10389
150.0 2050.0 -0.04165
250.0 2050.0 -0.18281
350.0 2050.0 -0.26746
450.0 2050.0 -0.26201
550.0 2050.0 -0.18661
650.0 2050.0 -0.10371
750.0 2050.0 -0.06021
850.0 2050.0 -0.03620
950.0 2050.0 -0.03805
1050.0 2050.0 -0.06658
1150.0 2050.0 -0.10637
1250.0 2050.0 -0.13583
1350.0 2050.0 -0.13882
1450.0 2050.0 -0.11776
1550.0 2050.0 -0.06728
1650.0 2050.0 0.03665
1750.0 2050.0 0.14575
1850.0 2050.0 0.19864
1950.0 2050.0 0.16921
2050.0 2050.0 0.07825
2150.0 2050.0 -0.03200
2250.0 2050.0 -0.17636
2350.0 2050.0 -0.35611
2450.0 2050.0 -0.47445
2550.0 2050.0 -0.45481
2650.0 2050.0 -0.30563
2750.0 2050.0 -0.10876
2850.0 2050.0 0.06708
2950.0 2050.0 0.17752
3050.0 2050.0 0.14615
3150.0 2050.0 -0.00044
3250.0 2050.0 -0.16778
3350.0 2050.0 -0.25026
3450.0 2050.0 -0.18950
3550.0 2050.0 -0.03318
3650.0 2050.0 0.08918
3750.0 2050.0 0.11688
3850.0 2050.0 0.06223
3950.0 2050.0 -0.01572
4050.0 2050.0 -0.04410
4150.0 2050.0 0.02164
4250.0 2050.0 0.15144
4350.0 2050.0 0.30937
4450.0 2050.0 0.44909
4550.0 2050.0 0.48233
4650.0 2050.0 0.37546
4750.0 2050.0 0.18134
4850.0 2050.0 -0.00303
4950.0 2050.0 -0.14745
5050.0 2050.0 -0.28574
5150.0 2050.0 -0.37724
5250.0 2050.0 -0.37868
5350.0 2050.0 -0.29552
5450.0 2050.0 -0.18560
5550.0 2050.0 -0.11689
5650.0 2050.0 -0.08849
5750.0 2050.0 -0.07718
5850.0 2050.0 -0.08394
5950.0 2050.0 -0.09376
6050.0 2050.0 -0.08984
6150.0 2050.0 -0.06367
6250.0 2050.0 -0.01882
6350.0 2050.0 0.03394
50.0 2150.0 -0.02710
150.0 2150.0 -0.16868
250.0 2150.0 -0.28417
350.0 2150.0 -0.32054
450.0 2150.0 -0.25770
550.0 2150.0 -0.13416
650.0 2150.0 -0.02583
750.0 2150.0 0.02203
850.0 2150.0 0.04867
950.0 2150.0 0.05822
1050.0 2150.0 0.04914
1150.0 2150.0 0.03097
1250.0 2150.0 0.01832
1350.0 2150.0 0.02298
1450.0 2150.0 0.04416
1550.0 2150.0 0.08892
1650.0 2150.0 0.17252
1750.0 2150.0 0.24725
1850.0 2150.0 0.26074
1950.0 2150.0 0.19862
2050.0 2150.0 0.08984
2150.0 2150.0 -0.02593
2250.0 2150.0 -0.17601
2350.0 2150.0 -0.36507
2450.0 2150.0 -0.49330
2550.0 2150.0 -0.48031
2650.0 2150.0 -0.33278
2750.0 2150.0 -0.13358
2850.0 2150.0 0.04609
2950.0 2150.0 0.16596
3050.0 2150.0 0.15711
3150.0 2150.0 0.04368
3250.0 2150.0 -0.08855
3350.0 2150.0 -0.14370
3450.0 2150.0 -0.06880
3550.0 2150.0 0.09234
3650.0 2150.0 0.20466
3750.0 2150.0 0.19262
3850.0 2150.0 0.07518
3950.0 2150.0 -0.06858
4050.0 2150.0 -0.14412
4150.0 2150.0 -0.09572
4250.0 2150.0 0.03577
4350.0 2150.0 0.20958
4450.0 2150.0 0.38872
4550.0 2150.0 0.47704
4650.0 2150.0 0.42397
4750.0 2150.0 0.26626
4850.0 2150.0 0.09465
4950.0 2150.0 -0.04958
5050.0 2150.0 -0.18626
5150.0 2150.0 -0.27243
5250.0 2150.0 -0.26553
5350.0 2150.0 -0.17339
5450.0 2150.0 -0.05666
5550.0 2150.0 0.01521
5650.0 2150.0 0.04398
5750.0 2150.0 0.04546
5850.0 2150.0 0.01315
5950.0 2150.0 -0.03217
6050.0 2150.0 -0.06242
6150.0 2150.0 -0.05841
6250.0 2150.0 -0.02021
6350.0 2150.0 0.03191
50.0 2250.0 -0.11416
150.0 2250.0 -0.24808
250.0 2250.0 -0.34409
350.0 2250.0 -0.34930
450.0 2250.0 -0.25135
550.0 2250.0 -0.09856
650.0 2250.0 0.02654
750.0 2250.0 0.08010
850.0 2250.0 0.11277
950.0 2250.0 0.13790
1050.0 2250.0 0.15491
1150.0 2250.0 0.16807
1250.0 2250.0 0.18377
1350.0 2250.0 0.20711
1450.0 2250.0 0.23771
1550.0 2250.0 0.28427
1650.0 2250.0 0.35008
1750.0 2250.0 0.38698
1850.0 2250.0 0.35392
1950.0 2250.0 0.25278
2050.0 2250.0 0.12474
2150.0 2250.0 0.00693
2250.0 2250.0 -0.14182
2350.0 2250.0 -0.32867
2450.0 2250.0 -0.45683
2550.0 2250.0 -0.44814
2650.0 2250.0 -0.30882
2750.0 2250.0 -0.11906
2850.0 2250.0 0.05204
2950.0 2250.0 0.16757
3050.0 2250.0 0.16551
3150.0 2250.0 0.07056
3250.0 2250.0 -0.03751
3350.0 2250.0 -0.07217
3450.0 2250.0 0.01223
3550.0 2250.0 0.17396
3650.0 2250.0 0.27940
3750.0 2250.0 0.24480
3850.0 2250.0 0.09006
3950.0 2250.0 -0.09652
4050.0 2250.0 -0.20787
4150.0 2250.0 -0.17978
4250.0 2250.0 -0.05731
4350.0 2250.0 0.12153
4450.0 2250.0 0.33188
4550.0 2250.0 0.47198
4650.0 2250.0 0.47402
4750.0 2250.0 0.35544
4850.0 2250.0 0.19697
4950.0 2250.0 0.05098
5050.0 2250.0 -0.08415
5150.0 2250.0 -0.16306
5250.0 2250.0 -0.14660
5350.0 2250.0 -0.04737
5450.0 2250.0 0.07073
5550.0 2250.0 0.13816
5650.0 2250.0 0.15898
5750.0 2250.0 0.13956
5850.0 2250.0 0.06893
5950.0 2250.0 -0.02230
6050.0 2250.0 -0.09191
6150.0 2250.0 -0.11048
6250.0 2250.0 -0.07728
6350.0 2250.0 -0.02331
50.0 2350.0 -0.11156
150.0 2350.0 -0.23071
250.0 2350.0 -0.32411
350.0 2350.0 -0.34055
450.0 2350.0 -0.26098
550.0 2350.0 -0.12303
650.0 2350.0 -0.00035
750.0 2350.0 0.06340
850.0 2350.0 0.10936
950.0 2350.0 0.15195
1050.0 2350.0 0.19525
1150.0 2350.0 0.24400
1250.0 2350.0 0.29958
1350.0 2350.0 0.35941
1450.0 2350.0 0.41980
1550.0 2350.0 0.49031
1650.0 2350.0 0.56177
1750.0 2350.0 0.57924
1850.0 2350.0 0.50831
1950.0 2350.0 0.36836
2050.0 2350.0 0.21897
2150.0 2350.0 0.09953
2250.0 2350.0 -0.04111
2350.0 2350.0 -0.20825
2450.0 2350.0 -0.31724
2550.0 2350.0 -0.30366
2650.0 2350.0 -0.17853
2750.0 2350.0 -0.01611
2850.0 2350.0 0.12423
2950.0 2350.0 0.20512
3050.0 2350.0 0.16563
3150.0 2350.0 0.04108
3250.0 2350.0 -0.08131
3350.0 2350.0 -0.11704
3450.0 2350.0 -0.02979
3550.0 2350.0 0.13255
3650.0 2350.0 0.24992
3750.0 2350.0 0.24466
3850.0 2350.0 0.12161
3950.0 2350.0 -0.04847
4050.0 2350.0 -0.16657
4150.0 2350.0 -0.16379
4250.0 2350.0 -0.07283
4350.0 2350.0 0.08374
4450.0 2350.0 0.29462
4550.0 2350.0 0.45895
4650.0 2350.0 0.49678
4750.0 2350.0 0.40628
4850.0 2350.0 0.25376
4950.0 2350.0 0.09945
5050.0 2350.0 -0.03280
5150.0 2350.0 -0.09243
5250.0 2350.0 -0.05120
5350.0 2350.0 0.06410
5450.0 2350.0 0.18063
5550.0 2350.0 0.22968
5650.0 2350.0 0.22409
5750.0 2350.0 0.16313
5850.0 2350.0 0.03636
5950.0 2350.0 -0.10843
6050.0 2350.0 -0.21317
6150.0 2350.0 -0.24378
6250.0 2350.0 -0.20706
6350.0 2350.0 -0.14420
50.0 2450.0 -0.03153
150.0 2450.0 -0.12976
250.0 2450.0 -0.23418
350.0 2450.0 -0.29662
450.0 2450.0 -0.27938
550.0 2450.0 -0.19252
650.0 2450.0 -0.08792
750.0 2450.0 -0.01006
850.0 2450.0 0.05253
950.0 2450.0 0.10123
1050.0 2450.0 0.14834
1150.0 2450.0 0.21049
1250.0 2450.0 0.29489
1350.0 2450.0 0.39591
1450.0 2450.0 0.50191
1550.0 2450.0 0.61675
1650.0 2450.0 0.72020
1750.0 2450.0 0.74471
1850.0 2450.0 0.65535
1950.0 2450.0 0.48622
2050.0 2450.0 0.31818
2150.0 2450.0 0.19801
2250.0 2450.0 0.07146
2350.0 2450.0 -0.06023
2450.0 2450.0 -0.13245
2550.0 2450.0 -0.10465
2650.0 2450.0 0.00238
2750.0 2450.0 0.12281
2850.0 2450.0 0.21365
2950.0 2450.0 0.23691
3050.0 2450.0 0.13145
3150.0 2450.0 -0.04946
3250.0 2450.0 -0.20406
3350.0 2450.0 -0.24823
3450.0 2450.0 -0.15920
3550.0 2450.0 0.00414
3650.0 2450.0 0.14859
3750.0 2450.0 0.21434
3850.0 2450.0 0.17797
3950.0 2450.0 0.07107
4050.0 2450.0 -0.03176
4150.0 2450.0 -0.05956
4250.0 2450.0 -0.01934
4350.0 2450.0 0.08982
4450.0 2450.0 0.26965
4550.0 2450.0 0.42680
4650.0 2450.0 0.47596
4750.0 2450.0 0.39854
4850.0 2450.0 0.24385
4950.0 2450.0 0.07548
5050.0 2450.0 -0.05377
5150.0 2450.0 -0.08655
5250.0 2450.0 -0.01133
5350.0 2450.0 0.12403
5450.0 2450.0 0.23409
5550.0 2450.0 0.25214
5650.0 2450.0 0.20503
5750.0 2450.0 0.09331
5850.0 2450.0 -0.08461
5950.0 2450.0 -0.26207
6050.0 2450.0 -0.37227
6150.0 2450.0 -0.38909
6250.0 2450.0 -0.33636
6350.0 2450.0 -0.25915
50.0 2550.0 0.06731
150.0 2550.0 -0.00849
250.0 2550.0 -0.12602
350.0 2550.0 -0.24041
450.0 2550.0 -0.29319
550.0 2550.0 -0.26375
650.0 2550.0 -0.17981
750.0 2550.0 -0.08686
850.0 2550.0 -0.01078
950.0 2550.0 0.02392
1050.0 2550.0 0.03911
1150.0 2550.0 0.07460
1250.0 2550.0 0.15698
1350.0 2550.0 0.28609
1450.0 2550.0 0.43916
1550.0 2550.0 0.60496
1650.0 2550.0 0.75499
1750.0 2550.0 0.80711
1850.0 2550.0 0.72000
1950.0 2550.0 0.53671
2050.0 2550.0 0.35669
2150.0 2550.0 0.23671
2250.0 2550.0 0.12589
2350.0 2550.0 0.03427
2450.0 2550.0 0.00462
2550.0 2550.0 0.05076
2650.0 2550.0 0.14043
2750.0 2550.0 0.21636
2850.0 2550.0 0.25374
2950.0 2550.0 0.21807
3050.0 2550.0 0.05264
3150.0 2550.0 -0.17144
3250.0 2550.0 -0.34204
3350.0 2550.0 -0.38136
3450.0 2550.0 -0.28453
3550.0 2550.0 -0.11967
3650.0 2550.0 0.05412
3750.0 2550.0 0.19678
3850.0 2550.0 0.25428
3950.0 2550.0 0.21579
4050.0 2550.0 0.12949
4150.0 2550.0 0.06856
4250.0 2550.0 0.05364
4350.0 2550.0 0.10717
4450.0 2550.0 0.24149
4550.0 2550.0 0.37360
4650.0 2550.0 0.41774
4750.0 2550.0 0.34249
4850.0 2550.0 0.18105
4950.0 2550.0 -0.00282
5050.0 2550.0 -0.13043
5150.0 2550.0 -0.13827
5250.0 2550.0 -0.03207
5350.0 2550.0 0.11930
5450.0 2550.0 0.21852
5550.0 2550.0 0.20169
5650.0 2550.0 0.11055
5750.0 2550.0 -0.04262
5850.0 2550.0 -0.24324
5950.0 2550.0 -0.41151
6050.0 2550.0 -0.48512
6150.0 2550.0 -0.45947
6250.0 2550.0 -0.38086
6350.0 2550.0 -0.28884
50.0 2650.0 0.11627
150.0 2650.0 0.05898
250.0 2650.0 -0.06118
350.0 2650.0 -0.20173
450.0 2650.0 -0.29211
550.0 2650.0 -0.29335
650.0 2650.0 -0.21832
750.0 2650.0 -0.11274
850.0 2650.0 -0.03073
950.0 2650.0 -0.02656
1050.0 2650.0 -0.07044
1150.0 2650.0 -0.09493
1250.0 2650.0 -0.04610
1350.0 2650.0 0.08848
1450.0 2650.0 0.27516
1550.0 2650.0 0.48111
1650.0 2650.0 0.67197
1750.0 2650.0 0.75409
1850.0 2650.0 0.67866
1950.0 2650.0 0.49240
2050.0 2650.0 0.30695
2150.0 2650.0 0.18756
2250.0 2650.0 0.08886
2350.0 2650.0 0.02831
2450.0 2650.0 0.03194
2550.0 2650.0 0.09298
2650.0 2650.0 0.17011
2750.0 2650.0 0.21245
2850.0 2650.0 0.20922
2950.0 2650.0 0.13528
3050.0 2650.0 -0.05396
3150.0 2650.0 -0.27689
3250.0 2650.0 -0.42372
3350.0 2650.0 -0.43276
3450.0 2650.0 -0.31883
3550.0 2650.0 -0.15206
3650.0 2650.0 0.03933
3750.0 2650.0 0.22626
3850.0 2650.0 0.33376
3950.0 2650.0 0.32524
4050.0 2650.0 0.23565
4150.0 2650.0 0.14323
4250.0 2650.0 0.08591
4350.0 2650.0 0.09712
4450.0 2650.0 0.19693
4550.0 2650.0 0.31022
4650.0 2650.0 0.35077
4750.0 2650.0 0.27735
4850.0 2650.0 0.11083
4950.0 2650.0 -0.08494
5050.0 2650.0 -0.21288
5150.0 2650.0 -0.20583
5250.0 2650.0 -0.08178
5350.0 2650.0 0.07615
5450.0 2650.0 0.16331
5550.0 2650.0 0.11862
5650.0 2650.0 -0.00523
5750.0 2650.0 -0.17807
5850.0 2650.0 -0.36716
5950.0 2650.0 -0.48916
6050.0 2650.0 -0.49745
6150.0 2650.0 -0.41517
6250.0 2650.0 -0.30932
6350.0 2650.0 -0.20718
50.0 2750.0 0.07408
150.0 2750.0 0.02809
250.0 2750.0 -0.07745
350.0 2750.0 -0.20082
450.0 2750.0 -0.27415
550.0 2750.0 -0.26100
650.0 2750.0 -0.17527
750.0 2750.0 -0.06161
850.0 2750.0 0.01855
950.0 2750.0 -0.01136
1050.0 2750.0 -0.11740
1150.0 2750.0 -0.20952
1250.0 2750.0 -0.20865
1350.0 2750.0 -0.08804
1450.0 2750.0 0.11131
1550.0 2750.0 0.33507
1650.0 2750.0 0.54370
1750.0 2750.0 0.63846
1850.0 2750.0 0.56742
1950.0 2750.0 0.37918
2050.0 2750.0 0.19099
2150.0 2750.0 0.07182
2250.0 2750.0 -0.02161
2350.0 2750.0 -0.06881
2450.0 2750.0 -0.05117
2550.0 2750.0 0.01560
2650.0 2750.0 0.08644
2750.0 2750.0 0.11347
2850.0 2750.0 0.09225
2950.0 2750.0 0.01125
3050.0 2750.0 -0.15560
3150.0 2750.0 -0.32664
3250.0 2750.0 -0.40861
3350.0 2750.0 -0.36403
3450.0 2750.0 -0.22562
3550.0 2750.0 -0.05695
3650.0 2750.0 0.13280
3750.0 2750.0 0.31085
3850.0 2750.0 0.39762
3950.0 2750.0 0.35819
4050.0 2750.0 0.23538
4150.0 2750.0 0.11642
4250.0 2750.0 0.03961
4350.0 2750.0 0.03603
4450.0 2750.0 0.13188
4550.0 2750.0 0.25337
4650.0 2750.0 0.30899
4750.0 2750.0 0.24794
4850.0 2750.0 0.08338
4950.0 2750.0 -0.11761
5050.0 2750.0 -0.24737
5150.0 2750.0 -0.23800
5250.0 2750.0 -0.11208
5350.0 2750.0 0.04282
5450.0 2750.0 0.12061
5550.0 2750.0 0.06213
5650.0 2750.0 -0.07554
5750.0 2750.0 -0.24596
5850.0 2750.0 -0.40281
5950.0 2750.0 -0.46725
6050.0 2750.0 -0.41122
6150.0 2750.0 -0.28086
6250.0 2750.0 -0.15579
6350.0 2750.0 -0.05078
50.0 2850.0 -0.03435
150.0 2850.0 -0.07439
250.0 2850.0 -0.15323
350.0 2850.0 -0.22872
450.0 2850.0 -0.24619
550.0 2850.0 -0.18662
650.0 2850.0 -0.07630
750.0 2850.0 0.04210
850.0 2850.0 0.11650
950.0 2850.0 0.05772
1050.0 2850.0 -0.09915
1150.0 2850.0 -0.24907
1250.0 2850.0 -0.29433
1350.0 2850.0 -0.19584
1450.0 2850.0 0.00163
1550.0 2850.0 0.22579
1650.0 2850.0 0.43133
1750.0 2850.0 0.51950
1850.0 2850.0 0.44037
1950.0 2850.0 0.24543
2050.0 2850.0 0.05405
2150.0 2850.0 -0.06528
2250.0 2850.0 -0.15839
2350.0 2850.0 -0.20553
2450.0 2850.0 -0.18865
2550.0 2850.0 -0.12371
2650.0 2850.0 -0.05531
2750.0 2850.0 -0.03054
2850.0 2850.0 -0.05328
2950.0 2850.0 -0.12014
3050.0 2850.0 -0.23618
3150.0 2850.0 -0.32663
3250.0 2850.0 -0.32269
3350.0 2850.0 -0.21418
3450.0 2850.0 -0.04887
3550.0 2850.0 0.12131
3650.0 2850.0 0.29567
3750.0 2850.0 0.42729
3850.0 2850.0 0.44376
3950.0 2850.0 0.33110
4050.0 2850.0 0.15473
4150.0 2850.0 0.01336
4250.0 2850.0 -0.06630
4350.0 2850.0 -0.06347
4450.0 2850.0 0.05402
4550.0 2850.0 0.20842
4650.0 2850.0 0.29780
4750.0 2850.0 0.26046
4850.0 2850.0 0.10439
4950.0 2850.0 -0.09679
5050.0 2850.0 -0.22876
5150.0 2850.0 -0.22456
5250.0 2850.0 -0.10610
5350.0 2850.0 0.04101
5450.0 2850.0 0.11286
5550.0 2850.0 0.05135
5650.0 2850.0 -0.08673
5750.0 2850.0 -0.24377
5850.0 2850.0 -0.36576
5950.0 2850.0 -0.38138
6050.0 2850.0 -0.27788
6150.0 2850.0 -0.11610
6250.0 2850.0 0.01918
6350.0 2850.0 0.12218
50.0 2950.0 -0.09891
150.0 2950.0 -0.13570
250.0 2950.0 -0.19196
350.0 2950.0 -0.22421
450.0 2950.0 -0.18938
550.0 2950.0 -0.08498
650.0 2950.0 0.05009
750.0 2950.0 0.17410
850.0 2950.0 0.24548
950.0 2950.0 0.16473
1050.0 2950.0 -0.03631
1150.0 2950.0 -0.24308
1250.0 2950.0 -0.34112
1350.0 2950.0 -0.27654
1450.0 2950.0 -0.09376
1550.0 2950.0 0.11626
1650.0 2950.0 0.30292
1750.0 2950.0 0.37518
1850.0 2950.0 0.29072
1950.0 2950.0 0.10206
2050.0 2950.0 -0.07703
2150.0 2950.0 -0.18435
2250.0 2950.0 -0.26685
2350.0 2950.0 -0.30726
2450.0 2950.0 -0.28895
2550.0 2950.0 -0.22643
2650.0 2950.0 -0.16060
2750.0 2950.0 -0.13470
2850.0 2950.0 -0.15210
2950.0 2950.0 -0.19492
3050.0 2950.0 -0.24797
3150.0 2950.0 -0.25012
3250.0 2950.0 -0.16202
3350.0 2950.0 0.00008
3450.0 2950.0 0.17894
3550.0 2950.0 0.33848
3650.0 2950.0 0.48373
3750.0 2950.0 0.55324
3850.0 2950.0 0.48500
3950.0 2950.0 0.28885
4050.0 2950.0 0.05303
4150.0 2950.0 -0.11438
4250.0 2950.0 -0.20032
4350.0 2950.0 -0.19244
4450.0 2950.0 -0.04861
4550.0 2950.0 0.15082
4650.0 2950.0 0.29085
4750.0 2950.0 0.29326
4850.0 2950.0 0.15598
4950.0 2950.0 -0.03946
5050.0 2950.0 -0.16826
5150.0 2950.0 -0.16489
5250.0 2950.0 -0.05094
5350.0 2950.0 0.09035
5450.0 2950.0 0.15824
5550.0 2950.0 0.09667
5650.0 2950.0 -0.03896
5750.0 2950.0 -0.18997
5850.0 2950.0 -0.30018
5950.0 2950.0 -0.29995
6050.0 2950.0 -0.18047
6150.0 2950.0 -0.00666
6250.0 2950.0 0.13502
6350.0 2950.0 0.23978
50.0 3050.0 -0.05384
150.0 3050.0 -0.09316
250.0 3050.0 -0.14389
350.0 3050.0 -0.15939
450.0 3050.0 -0.09965
550.0 3050.0 0.03010
650.0 3050.0 0.18275
750.0 3050.0 0.31459
850.0 3050.0 0.39201
950.0 3050.0 0.31178
1050.0 3050.0 0.09268
1150.0 3050.0 -0.15585
1250.0 3050.0 -0.31036
1350.0 3050.0 -0.29902
1450.0 3050.0 -0.15637
1550.0 3050.0 0.01015
1650.0 3050.0 0.14708
1750.0 3050.0 0.18797
1850.0 3050.0 0.10930
1950.0 3050.0 -0.04029
2050.0 3050.0 -0.17021
2150.0 3050.0 -0.23690
2250.0 3050.0 -0.28432
2350.0 3050.0 -0.30218
2450.0 3050.0 -0.27851
2550.0 3050.0 -0.22332
2650.0 3050.0 -0.16545
2750.0 3050.0 -0.13557
2850.0 3050.0 -0.13602
2950.0 3050.0 -0.14045
3050.0 3050.0 -0.12056
3150.0 3050.0 -0.04130
3250.0 3050.0 0.10292
3350.0 3050.0 0.27802
3450.0 3050.0 0.43285
3550.0 3050.0 0.55318
3650.0 3050.0 0.64716
3750.0 3050.0 0.64679
3850.0 3050.0 0.50198
3950.0 3050.0 0.23910
4050.0 3050.0 -0.04322
4150.0 3050.0 -0.23771
4250.0 3050.0 -0.34183
4350.0 3050.0 -0.34205
4450.0 3050.0 -0.18026
4550.0 3050.0 0.06757
4650.0 3050.0 0.27425
4750.0 3050.0 0.33808
4850.0 3050.0 0.23725
4950.0 3050.0 0.05990
5050.0 3050.0 -0.05385
5150.0 3050.0 -0.04128
5250.0 3050.0 0.07459
5350.0 3050.0 0.21307
5450.0 3050.0 0.27894
5550.0 3050.0 0.22087
5650.0 3050.0 0.09122
5750.0 3050.0 -0.07004
5850.0 3050.0 -0.21432
5950.0 3050.0 -0.26117
6050.0 3050.0 -0.18367
6150.0 3050.0 -0.03157
6250.0 3050.0 0.11216
6350.0 3050.0 0.22907
50.0 3150.0 0.06295
150.0 3150.0 0.01513
250.0 3150.0 -0.05076
350.0 3150.0 -0.08363
450.0 3150.0 -0.03604
550.0 3150.0 0.09092
650.0 3150.0 0.24882
750.0 3150.0 0.38919
850.0 3150.0 0.48295
950.0 3150.0 0.43520
1050.0 3150.0 0.24344
1150.0 3150.0 -0.00682
1250.0 3150.0 -0.19811
1350.0 3150.0 -0.24420
1450.0 3150.0 -0.16041
1550.0 3150.0 -0.06069
1650.0 3150.0 0.00245
1750.0 3150.0 0.00053
1850.0 3150.0 -0.06241
1950.0 3150.0 -0.14594
2050.0 3150.0 -0.19688
2150.0 3150.0 -0.20006
2250.0 3150.0 -0.19425
2350.0 3150.0 -0.18203
2450.0 3150.0 -0.15809
2550.0 3150.0 -0.12307
2650.0 3150.0 -0.08425
2750.0 3150.0 -0.05117
2850.0 3150.0 -0.02579
2950.0 3150.0 0.01372
3050.0 3150.0 0.09499
3150.0 3150.0 0.21984
3250.0 3150.0 0.36576
3350.0 3150.0 0.49775
3450.0 3150.0 0.58859
3550.0 3150.0 0.64642
3650.0 3150.0 0.68198
3750.0 3150.0 0.63736
3850.0 3150.0 0.47025
3950.0 3150.0 0.20322
4050.0 3150.0 -0.08001
4150.0 3150.0 -0.28857
4250.0 3150.0 -0.41983
4350.0 3150.0 -0.44588
4450.0 3150.0 -0.29300
4550.0 3150.0 -0.02334
4650.0 3150.0 0.23339
4750.0 3150.0 0.35556
4850.0 3150.0 0.29783
4950.0 3150.0 0.14801
5050.0 3150.0 0.05767
5150.0 3150.0 0.08451
5250.0 3150.0 0.20328
5350.0 3150.0 0.33733
5450.0 3150.0 0.40001
5550.0 3150.0 0.34737
5650.0 3150.0 0.22685
5750.0 3150.0 0.04717
5850.0 3150.0 -0.15607
5950.0 3150.0 -0.28427
6050.0 3150.0 -0.27984
6150.0 3150.0 -0.16650
6250.0 3150.0 -0.02114
6350.0 3150.0 0.11675
50.0 3250.0 0.16888
150.0 3250.0 0.10972
250.0 3250.0 0.01557
350.0 3250.0 -0.05803
450.0 3250.0 -0.04953
550.0 3250.0 0.05267
650.0 3250.0 0.20473
750.0 3250.0 0.35221
850.0 3250.0 0.46821
950.0 3250.0 0.47748
1050.0 3250.0 0.35432
1150.0 3250.0 0.14760
1250.0 3250.0 -0.04590
1350.0 3250.0 -0.13440
1450.0 3250.0 -0.11014
1550.0 3250.0 -0.08068
1650.0 3250.0 -0.09431
1750.0 3250.0 -0.13953
1850.0 3250.0 -0.18375
1950.0 3250.0 -0.19587
2050.0 3250.0 -0.16263
2150.0 3250.0 -0.09868
2250.0 3250.0 -0.03878
2350.0 3250.0 -0.00240
2450.0 3250.0 0.00952
2550.0 3250.0 0.00995
2650.0 3250.0 0.01851
2750.0 3250.0 0.05045
2850.0 3250.0 0.10250
2950.0 3250.0 0.17855
3050.0 3250.0 0.29224
3150.0 3250.0 0.41482
3250.0 3250.0 0.50931
3350.0 3250.0 0.55643
3450.0 3250.0 0.56319
3550.0 3250.0 0.55420
3650.0 3250.0 0.54492
3750.0 3250.0 0.50437
3850.0 3250.0 0.39004
3950.0 3250.0 0.19717
4050.0 3250.0 -0.03074
4150.0 3250.0 -0.23202
4250.0 3250.0 -0.39108
4350.0 3250.0 -0.45581
4450.0 3250.0 -0.34412
4550.0 3250.0 -0.09759
4650.0 3250.0 0.16566
4750.0 3250.0 0.31727
4850.0 3250.0 0.29330
4950.0 3250.0 0.17195
5050.0 3250.0 0.10474
5150.0 3250.0 0.14252
5250.0 3250.0 0.25859
5350.0 3250.0 0.38232
5450.0 3250.0 0.43784
5550.0 3250.0 0.38965
5650.0 3250.0 0.27920
5750.0 3250.0 0.08660
5850.0 3250.0 -0.16317
5950.0 3250.0 -0.35582
6050.0 3250.0 -0.40808
6150.0 3250.0 -0.32243
6250.0 3250.0 -0.17124
6350.0 3250.0 -0.01024
50.0 3350.0 0.18930
150.0 3350.0 0.12079
250.0 3350.0 0.00072
350.0 3350.0 -0.11216
450.0 3350.0 -0.14331
550.0 3350.0 -0.06833
650.0 3350.0 0.07474
750.0 3350.0 0.22670
850.0 3350.0 0.36289
950.0 3350.0 0.43144
1050.0 3350.0 0.38895
1150.0 3350.0 0.24861
1250.0 3350.0 0.08106
1350.0 3350.0 -0.02506
1450.0 3350.0 -0.04288
1550.0 3350.0 -0.06547
1650.0 3350.0 -0.13629
1750.0 3350.0 -0.21422
1850.0 3350.0 -0.24537
1950.0 3350.0 -0.20531
2050.0 3350.0 -0.11011
2150.0 3350.0 0.00342
2250.0 3350.0 0.10077
2350.0 3350.0 0.14573
2450.0 3350.0 0.13379
2550.0 3350.0 0.09241
2650.0 3350.0 0.06622
2750.0 3350.0 0.09180
2850.0 3350.0 0.16293
2950.0 3350.0 0.25995
3050.0 3350.0 0.37759
3150.0 3350.0 0.46734
3250.0 3350.0 0.49093
3350.0 3350.0 0.45099
3450.0 3350.0 0.38536
3550.0 3350.0 0.32655
3650.0 3350.0 0.29813
3750.0 3350.0 0.30289
3850.0 3350.0 0.29112
3950.0 3350.0 0.21846
4050.0 3350.0 0.07834
4150.0 3350.0 -0.09914
4250.0 3350.0 -0.27808
4350.0 3350.0 -0.38171
4450.0 3350.0 -0.32917
4550.0 3350.0 -0.14140
4650.0 3350.0 0.08487
4750.0 3350.0 0.22925
4850.0 3350.0 0.21963
4950.0 3350.0 0.11873
5050.0 3350.0 0.06603
5150.0 3350.0 0.10523
5250.0 3350.0 0.20991
5350.0 3350.0 0.31681
5450.0 3350.0 0.36088
5550.0 3350.0 0.31390
5650.0 3350.0 0.21172
5750.0 3350.0 0.02175
5850.0 3350.0 -0.23292
5950.0 3350.0 -0.43306
6050.0 3350.0 -0.48895
6150.0 3350.0 -0.39895
6250.0 3350.0 -0.23574
6350.0 3350.0 -0.05740
50.0 3450.0 0.09710
150.0 3450.0 0.02493
250.0 3450.0 -0.10459
350.0 3450.0 -0.23135
450.0 3450.0 -0.27608
550.0 3450.0 -0.20999
650.0 3450.0 -0.06936
750.0 3450.0 0.08471
850.0 3450.0 0.23227
950.0 3450.0 0.33888
1050.0 3450.0 0.35328
1150.0 3450.0 0.26710
1250.0 3450.0 0.13168
1350.0 3450.0 0.02872
1450.0 3450.0 -0.00527
1550.0 3450.0 -0.05019
1650.0 3450.0 -0.14694
1750.0 3450.0 -0.24182
1850.0 3450.0 -0.27107
1950.0 3450.0 -0.21189
2050.0 3450.0 -0.09200
2150.0 3450.0 0.04216
2250.0 3450.0 0.15205
2350.0 3450.0 0.18903
2450.0 3450.0 0.14836
2550.0 3450.0 0.06916
2650.0 3450.0 0.01294
2750.0 3450.0 0.02895
2850.0 3450.0 0.10738
2950.0 3450.0 0.21020
3050.0 3450.0 0.31962
3150.0 3450.0 0.38022
3250.0 3450.0 0.35780
3350.0 3450.0 0.26930
3450.0 3450.0 0.16824
3550.0 3450.0 0.08845
3650.0 3450.0 0.06445
3750.0 3450.0 0.12581
3850.0 3450.0 0.21356
3950.0 3450.0 0.24949
4050.0 3450.0 0.18787
4150.0 3450.0 0.03675
4250.0 3450.0 -0.14996
4350.0 3450.0 -0.27998
4450.0 3450.0 -0.28030
4550.0 3450.0 -0.15789
4650.0 3450.0 0.01205
4750.0 3450.0 0.12507
4850.0 3450.0 0.11111
4950.0 3450.0 0.01813
5050.0 3450.0 -0.03219
5150.0 3450.0 -0.00204
5250.0 3450.0 0.08430
5350.0 3450.0 0.17088
5450.0 3450.0 0.20124
5550.0 3450.0 0.15176
5650.0 3450.0 0.05432
5750.0 3450.0 -0.11601
5850.0 3450.0 -0.32793
5950.0 3450.0 -0.47016
6050.0 3450.0 -0.46939
6150.0 3450.0 -0.33986
6250.0 3450.0 -0.15990
6350.0 3450.0 0.02535
50.0 3550.0 -0.06220
150.0 3550.0 -0.13367
250.0 3550.0 -0.25813
350.0 3550.0 -0.37519
450.0 3550.0 -0.40822
550.0 3550.0 -0.33212
650.0 3550.0 -0.18603
750.0 3550.0 -0.03081
850.0 3550.0 0.12072
950.0 3550.0 0.24410
1050.0 3550.0 0.28705
1150.0 3550.0 0.23260
1250.0 3550.0 0.12190
1350.0 3550.0 0.03027
1450.0 3550.0 -0.00336
1550.0 3550.0 -0.05076
1650.0 3550.0 -0.15275
1750.0 3550.0 -0.25444
1850.0 3550.0 -0.28972
1950.0 3550.0 -0.23398
2050.0 3550.0 -0.11456
2150.0 3550.0 0.02081
2250.0 3550.0 0.12722
2350.0 3550.0 0.14767
2450.0 3550.0 0.07914
2550.0 3550.0 -0.03075
2650.0 3550.0 -0.11046
2750.0 3550.0 -0.10467
2850.0 3550.0 -0.02668
2950.0 3550.0 0.07491
3050.0 3550.0 0.17830
3150.0 3550.0 0.22825
3250.0 3550.0 0.19336
3350.0 3550.0 0.09443
3450.0 3550.0 -0.01228
3550.0 3550.0 -0.09370
3650.0 3550.0 -0.10333
3750.0 3550.0 0.00520
3850.0 3550.0 0.16521
3950.0 3550.0 0.27622
4050.0 3550.0 0.26872
4150.0 3550.0 0.13878
4250.0 3550.0 -0.04756
4350.0 3550.0 -0.19163
4450.0 3550.0 -0.23003
4550.0 3550.0 -0.16218
4650.0 3550.0 -0.04625
4750.0 3550.0 0.02999
4850.0 3550.0 0.00335
4950.0 3550.0 -0.08953
5050.0 3550.0 -0.14486
5150.0 3550.0 -0.12938
5250.0 3550.0 -0.06425
5350.0 3550.0 0.00142
5450.0 3550.0 0.01785
5550.0 3550.0 -0.03595
5650.0 3550.0 -0.13084
5750.0 3550.0 -0.27246
5850.0 3550.0 -0.41595
5950.0 3550.0 -0.46537
6050.0 3550.0 -0.37638
6150.0 3550.0 -0.18973
6250.0 3550.0 0.00802
6350.0 3550.0 0.19260
50.0 3650.0 -0.21931
150.0 3650.0 -0.29567
250.0 3650.0 -0.41976
350.0 3650.0 -0.52862
450.0 3650.0 -0.54722
550.0 3650.0 -0.45568
650.0 3650.0 -0.29911
750.0 3650.0 -0.14011
850.0 3650.0 0.01716
950.0 3650.0 0.15880
1050.0 3650.0 0.23192
1150.0 3650.0 0.21144
1250.0 3650.0 0.12840
1350.0 3650.0 0.05143
1450.0 3650.0 0.02150
1550.0 3650.0 -0.02409
1650.0 3650.0 -0.12543
1750.0 3650.0 -0.22919
1850.0 3650.0 -0.26954
1950.0 3650.0 -0.22034
2050.0 3650.0 -0.10652
2150.0 3650.0 0.02509
2250.0 3650.0 0.12345
2350.0 3650.0 0.12370
2450.0 3650.0 0.02490
2550.0 3650.0 -0.11712
2650.0 3650.0 -0.22167
2750.0 3650.0 -0.22831
2850.0 3650.0 -0.15385
2950.0 3650.0 -0.05318
3050.0 3650.0 0.05241
3150.0 3650.0 0.10587
3250.0 3650.0 0.07307
3350.0 3650.0 -0.02704
3450.0 3650.0 -0.13821
3550.0 3650.0 -0.22546
3650.0 3650.0 -0.23220
3750.0 3650.0 -0.09841
3850.0 3650.0 0.10990
3950.0 3650.0 0.28020
4050.0 3650.0 0.32424
4150.0 3650.0 0.22395
4250.0 3650.0 0.05054
4350.0 3650.0 -0.09660
4450.0 3650.0 -0.16568
4550.0 3650.0 -0.14788
4650.0 3650.0 -0.08200
4750.0 3650.0 -0.03649
4850.0 3650.0 -0.06622
4950.0 3650.0 -0.14769
5050.0 3650.0 -0.20279
5150.0 3650.0 -0.20704
5250.0 3650.0 -0.17486
5350.0 3650.0 -0.14114
5450.0 3650.0 -0.14197
5550.0 3650.0 -0.19317
5650.0 3650.0 -0.27363
5750.0 3650.0 -0.37766
5850.0 3650.0 -0.45494
5950.0 3650.0 -0.42935
6050.0 3650.0 -0.28138
6150.0 3650.0 -0.06703
6250.0 3650.0 0.12920
6350.0 3650.0 0.30047
50.0 3750.0 -0.32133
150.0 3750.0 -0.41528
250.0 3750.0 -0.55293
350.0 3750.0 -0.66382
450.0 3750.0 -0.67032
550.0 3750.0 -0.55829
650.0 3750.0 -0.38373
750.0 3750.0 -0.21561
850.0 3750.0 -0.04883
950.0 3750.0 0.11220
1050.0 3750.0 0.21387
1150.0 3750.0 0.22457
1250.0 3750.0 0.16744
1350.0 3750.0 0.10607
1450.0 3750.0 0.08323
1550.0 3750.0 0.04501
1650.0 3750.0 -0.04667
1750.0 3750.0 -0.14375
1850.0 3750.0 -0.18501
1950.0 3750.0 -0.14425
2050.0 3750.0 -0.04201
2150.0 3750.0 0.07901
2250.0 3750.0 0.16436
2350.0 3750.0 0.14465
2450.0 3750.0 0.02077
2550.0 3750.0 -0.14642
2650.0 3750.0 -0.27124
2750.0 3750.0 -0.29098
2850.0 3750.0 -0.22472
2950.0 3750.0 -0.12403
3050.0 3750.0 -0.00253
3150.0 3750.0 0.07599
3250.0 3750.0 0.06473
3350.0 3750.0 -0.02764
3450.0 3750.0 -0.14754
3550.0 3750.0 -0.25292
3650.0 3750.0 -0.28395
3750.0 3750.0 -0.17365
3850.0 3750.0 0.03066
3950.0 3750.0 0.22573
4050.0 3750.0 0.31485
4150.0 3750.0 0.26063
4250.0 3750.0 0.12477
4350.0 3750.0 -0.00385
4450.0 3750.0 -0.08806
4550.0 3750.0 -0.10878
4650.0 3750.0 -0.08111
4750.0 3750.0 -0.05000
4850.0 3750.0 -0.06041
4950.0 3750.0 -0.10545
5050.0 3750.0 -0.14626
5150.0 3750.0 -0.17489
5250.0 3750.0 -0.19270
5350.0 3750.0 -0.20707
5450.0 3750.0 -0.22757
5550.0 3750.0 -0.25995
5650.0 3750.0 -0.30103
5750.0 3750.0 -0.35291
5850.0 3750.0 -0.37853
5950.0 3750.0 -0.32843
6050.0 3750.0 -0.19485
6150.0 3750.0 -0.02162
6250.0 3750.0 0.13138
6350.0 3750.0 0.26474
50.0 3850.0 -0.32063
150.0 3850.0 -0.44211
250.0 3850.0 -0.60583
350.0 3850.0 -0.73021
450.0 3850.0 -0.73077
550.0 3850.0 -0.59808
650.0 3850.0 -0.40182
750.0 3850.0 -0.22088
850.0 3850.0 -0.04392
950.0 3850.0 0.12752
1050.0 3850.0 0.23936
1150.0 3850.0 0.25953
1250.0 3850.0 0.21114
1350.0 3850.0 0.15819
1450.0 3850.0 0.14387
1550.0 3850.0 0.11734
1650.0 3850.0 0.04269
1750.0 3850.0 -0.04015
1850.0 3850.0 -0.07809
1950.0 3850.0 -0.04634
2050.0 3850.0 0.04025
2150.0 3850.0 0.14561
2250.0 3850.0 0.21706
2350.0 3850.0 0.18788
2450.0 3850.0 0.05943
2550.0 3850.0 -0.10969
2650.0 3850.0 -0.23762
2750.0 3850.0 -0.26485
2850.0 3850.0 -0.20974
2950.0 3850.0 -0.10929
3050.0 3850.0 0.03519
3150.0 3850.0 0.14990
3250.0 3850.0 0.16948
3350.0 3850.0 0.08758
3450.0 3850.0 -0.04590
3550.0 3850.0 -0.17885
3650.0 3850.0 -0.25787
3750.0 3850.0 -0.21749
3850.0 3850.0 -0.07122
3950.0 3850.0 0.10751
4050.0 3850.0 0.22595
4150.0 3850.0 0.22585
4250.0 3850.0 0.14585
4350.0 3850.0 0.05407
4450.0 3850.0 -0.02785
4550.0 3850.0 -0.07011
4650.0 3850.0 -0.06338
4750.0 3850.0 -0.02860
4850.0 3850.0 -0.00072
4950.0 3850.0 0.00973
5050.0 3850.0 -0.00324
5150.0 3850.0 -0.05198
5250.0 3850.0 -0.12169
5350.0 3850.0 -0.18563
5450.0 3850.0 -0.22043
5550.0 3850.0 -0.21938
5650.0 3850.0 -0.20256
5750.0 3850.0 -0.19518
5850.0 3850.0 -0.18938
5950.0 3850.0 -0.16538
6050.0 3850.0 -0.11339
6150.0 3850.0 -0.04081
6250.0 3850.0 0.03518
6350.0 3850.0 0.11270
50.0 3950.0 -0.22308
150.0 3950.0 -0.37350
250.0 3950.0 -0.56733
350.0 3950.0 -0.71158
450.0 3950.0 -0.71304
550.0 3950.0 -0.56494
650.0 3950.0 -0.34937
750.0 3950.0 -0.15576
850.0 3950.0 0.02835
950.0 3950.0 0.19533
1050.0 3950.0 0.29109
1150.0 3950.0 0.29071
1250.0 3950.0 0.22687
1350.0 3950.0 0.17042
1450.0 3950.0 0.16313
1550.0 3950.0 0.14888
1650.0 3950.0 0.09274
1750.0 3950.0 0.02624
1850.0 3950.0 -0.00643
1950.0 3950.0 0.01752
2050.0 3950.0 0.08869
2150.0 3950.0 0.17804
2250.0 3950.0 0.23957
2350.0 3950.0 0.21660
2450.0 3950.0 0.10920
2550.0 3950.0 -0.03402
2650.0 3950.0 -0.14390
2750.0 3950.0 -0.16934
2850.0 3950.0 -0.12480
2950.0 3950.0 -0.02602
3050.0 3950.0 0.13739
3150.0 3950.0 0.28202
3250.0 3950.0 0.32561
3350.0 3950.0 0.24877
3450.0 3950.0 0.09891
3550.0 3950.0 -0.06273
3650.0 3950.0 -0.19647
3750.0 3950.0 -0.24414
3850.0 3950.0 -0.18177
3950.0 3950.0 -0.04473
4050.0 3950.0 0.08606
4150.0 3950.0 0.13464
4250.0 3950.0 0.11185
4350.0 3950.0 0.06145
4450.0 3950.0 -0.00844
4550.0 3950.0 -0.05879
4650.0 3950.0 -0.05952
4750.0 3950.0 -0.01117
4850.0 3950.0 0.05969
4950.0 3950.0 0.12766
5050.0 3950.0 0.14800
5150.0 3950.0 0.09065
5250.0 3950.0 -0.01549
5350.0 3950.0 -0.11382
5450.0 3950.0 -0.15220
5550.0 3950.0 -0.11299
5650.0 3950.0 -0.03694
5750.0 3950.0 0.02478
5850.0 3950.0 0.04690
5950.0 3950.0 0.02223
6050.0 3950.0 -0.03052
6150.0 3950.0 -0.07499
6250.0 3950.0 -0.08242
6350.0 3950.0 -0.06156
50.0 4050.0 -0.09391
150.0 4050.0 -0.26541
250.0 4050.0 -0.48249
350.0 4050.0 -0.64404
450.0 4050.0 -0.64975
550.0 4050.0 -0.49357
650.0 4050.0 -0.26573
750.0 4050.0 -0.06329
850.0 4050.0 0.12312
950.0 4050.0 0.27407
1050.0 4050.0 0.33584
1150.0 4050.0 0.29508
1250.0 4050.0 0.19945
1350.0 4050.0 0.13018
1450.0 4050.0 0.12648
1550.0 4050.0 0.12102
1650.0 4050.0 0.07815
1750.0 4050.0 0.02335
1850.0 4050.0 -0.00554
1950.0 4050.0 0.01280
2050.0 4050.0 0.07292
2150.0 4050.0 0.15082
2250.0 4050.0 0.20882
2350.0 4050.0 0.20323
2450.0 4050.0 0.13183
2550.0 4050.0 0.02983
2650.0 4050.0 -0.04985
2750.0 4050.0 -0.06630
2850.0 4050.0 -0.02861
2950.0 4050.0 0.06677
3050.0 4050.0 0.23656
3150.0 4050.0 0.39144
3250.0 4050.0 0.44041
3350.0 4050.0 0.35846
3450.0 4050.0 0.19318
3550.0 4050.0 0.01065
3650.0 4050.0 -0.16358
3750.0 4050.0 -0.27823
3850.0 4050.0 -0.28181
3950.0 4050.0 -0.18063
4050.0 4050.0 -0.04527
4150.0 4050.0 0.03653
4250.0 4050.0 0.05464
4350.0 4050.0 0.03373
4450.0 4050.0 -0.02796
4550.0 4050.0 -0.08475
4650.0 4050.0 -0.09144
4750.0 4050.0 -0.03381
4850.0 4050.0 0.06769
4950.0 4050.0 0.17708
5050.0 4050.0 0.22485
5150.0 4050.0 0.17049
5250.0 4050.0 0.05112
5350.0 4050.0 -0.05926
5450.0 4050.0 -0.09174
5550.0 4050.0 -0.02232
5650.0 4050.0 0.09638
5750.0 4050.0 0.19867
5850.0 4050.0 0.23637
5950.0 4050.0 0.18210
6050.0 4050.0 0.05930
6150.0 4050.0 -0.06580
6250.0 4050.0 -0.13201
6350.0 4050.0 -0.15112
50.0 4150.0 -0.01426
150.0 4150.0 -0.19410
250.0 4150.0 -0.42064
350.0 4150.0 -0.58954
450.0 4150.0 -0.59757
550.0 4150.0 -0.43876
650.0 4150.0 -0.20638
750.0 4150.0 -0.00052
850.0 4150.0 0.18421
950.0 4150.0 0.31704
1050.0 4150.0 0.34479
1150.0 4150.0 0.26456
1250.0 4150.0 0.13740
1350.0 4150.0 0.05361
1450.0 4150.0 0.04997
1550.0 4150.0 0.04774
1650.0 4150.0 0.00912
1750.0 4150.0 -0.04268
1850.0 4150.0 -0.07187
1950.0 4150.0 -0.05713
2050.0 4150.0 -0.00202
2150.0 4150.0 0.07133
2250.0 4150.0 0.13104
2350.0 4150.0 0.14358
2450.0 4150.0 0.10456
2550.0 4150.0 0.03851
2650.0 4150.0 -0.01426
2750.0 4150.0 -0.02046
2850.0 4150.0 0.01514
2950.0 4150.0 0.10609
3050.0 4150.0 0.26815
3150.0 4150.0 0.41112
3250.0 4150.0 0.44538
3350.0 4150.0 0.34898
3450.0 4150.0 0.17242
3550.0 4150.0 -0.01866
3650.0 4150.0 -0.20634
3750.0 4150.0 -0.33989
3850.0 4150.0 -0.35822
3950.0 4150.0 -0.25965
4050.0 4150.0 -0.11426
4150.0 4150.0 -0.01617
4250.0 4150.0 0.01806
4350.0 4150.0 0.00512
4450.0 4150.0 -0.06347
4550.0 4150.0 -0.13748
4650.0 4150.0 -0.16126
4750.0 4150.0 -0.11020
4850.0 4150.0 -0.00040
4950.0 4150.0 0.12526
5050.0 4150.0 0.18661
5150.0 4150.0 0.14066
5250.0 4150.0 0.02627
5350.0 4150.0 -0.07891
5450.0 4150.0 -0.10240
5550.0 4150.0 -0.01884
5650.0 4150.0 0.11740
5750.0 4150.0 0.24522
5850.0 4150.0 0.31225
5950.0 4150.0 0.27796
6050.0 4150.0 0.15777
6150.0 4150.0 0.02051
6250.0 4150.0 -0.06276
6350.0 4150.0 -0.09704
50.0 4250.0 0.00475
150.0 4250.0 -0.17546
250.0 4250.0 -0.40178
350.0 4250.0 -0.56985
450.0 4250.0 -0.57677
550.0 4250.0 -0.41708
650.0 4250.0 -0.18442
750.0 4250.0 0.02114
850.0 4250.0 0.20217
950.0 4250.0 0.31975
1050.0 4250.0 0.32147
1150.0 4250.0 0.21202
1250.0 4250.0 0.06170
1350.0 4250.0 -0.03321
1450.0 4250.0 -0.03798
1550.0 4250.0 -0.04023
1650.0 4250.0 -0.08059
1750.0 4250.0 -0.13586
1850.0 4250.0 -0.16925
1950.0 4250.0 -0.15802
2050.0 4250.0 -0.10467
2150.0 4250.0 -0.03156
2250.0 4250.0 0.03222
2350.0 4250.0 0.05963
2450.0 4250.0 0.04440
2550.0 4250.0 0.00379
2650.0 4250.0 -0.02999
2750.0 4250.0 -0.02822
2850.0 4250.0 0.00740
2950.0 4250.0 0.09326
3050.0 4250.0 0.24032
3150.0 4250.0 0.36049
3250.0 4250.0 0.37092
3350.0 4250.0 0.25691
3450.0 4250.0 0.07278
3550.0 4250.0 -0.11912
3650.0 4250.0 -0.30261
3750.0 4250.0 -0.42233
3850.0 4250.0 -0.41902
3950.0 4250.0 -0.29729
4050.0 4250.0 -0.13438
4150.0 4250.0 -0.02839
4250.0 4250.0 0.00734
4350.0 4250.0 -0.01108
4450.0 4250.0 -0.09763
4550.0 4250.0 -0.19875
4650.0 4250.0 -0.25024
4750.0 4250.0 -0.21859
4850.0 4250.0 -0.11574
4950.0 4250.0 0.01014
5050.0 4250.0 0.07506
5150.0 4250.0 0.03773
5250.0 4250.0 -0.06476
5350.0 4250.0 -0.15836
5450.0 4250.0 -0.17405
5550.0 4250.0 -0.08773
5650.0 4250.0 0.05005
5750.0 4250.0 0.19511
5850.0 4250.0 0.30335
5950.0 4250.0 0.32482
6050.0 4250.0 0.25739
6150.0 4250.0 0.15397
6250.0 4250.0 0.08080
6350.0 4250.0 0.04663
50.0 4350.0 -0.04803
150.0 4350.0 -0.22694
250.0 4350.0 -0.44441
350.0 4350.0 -0.60005
450.0 4350.0 -0.59861
550.0 4350.0 -0.43969
650.0 4350.0 -0.21670
750.0 4350.0 -0.02524
850.0 4350.0 0.13901
950.0 4350.0 0.23599
1050.0 4350.0 0.22079
1150.0 4350.0 0.10539
1250.0 4350.0 -0.03934
1350.0 4350.0 -0.12331
1450.0 4350.0 -0.11836
1550.0 4350.0 -0.11524
1650.0 4350.0 -0.16210
1750.0 4350.0 -0.23589
1850.0 4350.0 -0.29282
1950.0 4350.0 -0.30038
2050.0 4350.0 -0.25382
2150.0 4350.0 -0.17707
2250.0 4350.0 -0.09974
2350.0 4350.0 -0.03991
2450.0 4350.0 -0.01270
2550.0 4350.0 -0.01686
2650.0 4350.0 -0.03221
2750.0 4350.0 -0.03202
2850.0 4350.0 -0.00898
2950.0 4350.0 0.06093
3050.0 4350.0 0.18981
3150.0 4350.0 0.29535
3250.0 4350.0 0.29908
3350.0 4350.0 0.18584
3450.0 4350.0 0.00531
3550.0 4350.0 -0.18391
3650.0 4350.0 -0.36766
3750.0 4350.0 -0.49170
3850.0 4350.0 -0.49325
3950.0 4350.0 -0.37285
4050.0 4350.0 -0.20587
4150.0 4350.0 -0.09149
4250.0 4350.0 -0.04585
4350.0 4350.0 -0.05618
4450.0 4350.0 -0.14409
4550.0 4350.0 -0.26211
4650.0 4350.0 -0.34384
4750.0 4350.0 -0.34533
4850.0 4350.0 -0.26697
4950.0 4350.0 -0.15676
5050.0 4350.0 -0.09511
5150.0 4350.0 -0.11656
5250.0 4350.0 -0.19176
5350.0 4350.0 -0.26096
5450.0 4350.0 -0.26772
5550.0 4350.0 -0.19165
5650.0 4350.0 -0.07237
5750.0 4350.0 0.06784
5850.0 4350.0 0.20029
5950.0 4350.0 0.27486
6050.0 4350.0 0.27323
6150.0 4350.0 0.22402
6250.0 4350.0 0.17734
6350.0 4350.0 0.15466
50.0 4450.0 -0.18381
150.0 4450.0 -0.35936
250.0 4450.0 -0.55354
350.0 4450.0 -0.67698
450.0 4450.0 -0.65513
550.0 4450.0 -0.50073
650.0 4450.0 -0.30588
750.0 4450.0 -0.15391
850.0 4450.0 -0.03114
950.0 4450.0 0.03237
1050.0 4450.0 0.01188
1150.0 4450.0 -0.07237
1250.0 4450.0 -0.16302
1350.0 4450.0 -0.19736
1450.0 4450.0 -0.16263
1550.0 4450.0 -0.14232
1650.0 4450.0 -0.19839
1750.0 4450.0 -0.30873
1850.0 4450.0 -0.41455
1950.0 4450.0 -0.46136
2050.0 4450.0 -0.42751
2150.0 4450.0 -0.33997
2250.0 4450.0 -0.23400
2350.0 4450.0 -0.11677
2450.0 4450.0 -0.02452
2550.0 4450.0 0.01523
2650.0 4450.0 0.00730
2750.0 4450.0 -0.01650
2850.0 4450.0 -0.03029
2950.0 4450.0 0.00352
3050.0 4450.0 0.10903
3150.0 4450.0 0.21615
3250.0 4450.0 0.24600
3350.0 4450.0 0.16799
3450.0 4450.0 0.01141
3550.0 4450.0 -0.16953
3650.0 4450.0 -0.36219
3750.0 4450.0 -0.52297
3850.0 4450.0 -0.57525
3950.0 4450.0 -0.49681
4050.0 4450.0 -0.34591
4150.0 4450.0 -0.21893
4250.0 4450.0 -0.14576
4350.0 4450.0 -0.11939
4450.0 4450.0 -0.17162
4550.0 4450.0 -0.27940
4650.0 4450.0 -0.38786
4750.0 4450.0 -0.44174
4850.0 4450.0 -0.41698
4950.0 4450.0 -0.35013
5050.0 4450.0 -0.30435
5150.0 4450.0 -0.29896
5250.0 4450.0 -0.32270
5350.0 4450.0 -0.34792
5450.0 4450.0 -0.34587
5550.0 4450.0 -0.30382
5650.0 4450.0 -0.23881
5750.0 4450.0 -0.14838
5850.0 4450.0 -0.03617
5950.0 4450.0 0.06686
6050.0 4450.0 0.13464
6150.0 4450.0 0.16259
6250.0 4450.0 0.16679
6350.0 4450.0 0.17494
50.0 4550.0 -0.31555
150.0 4550.0 -0.48643
250.0 4550.0 -0.64776
350.0 4550.0 -0.72625
450.0 4550.0 -0.67690
550.0 4550.0 -0.53082
650.0 4550.0 -0.37777
750.0 4550.0 -0.28330
850.0 4550.0 -0.22019
950.0 4550.0 -0.20260
1050.0 4550.0 -0.22611
1150.0 4550.0 -0.25977
1250.0 4550.0 -0.26758
1350.0 4550.0 -0.22770
1450.0 4550.0 -0.14939
1550.0 4550.0 -0.10156
1650.0 4550.0 -0.16055
1750.0 4550.0 -0.30647
1850.0 4550.0 -0.46382
1950.0 4550.0 -0.55235
2050.0 4550.0 -0.52975
2150.0 4550.0 -0.42572
2250.0 4550.0 -0.28391
2350.0 4550.0 -0.10429
2450.0 4550.0 0.04858
2550.0 4550.0 0.11546
2650.0 4550.0 0.09037
2750.0 4550.0 0.01927
2850.0 4550.0 -0.04917
2950.0 4550.0 -0.06575
3050.0 4550.0 0.01264
3150.0 4550.0 0.13271
3250.0 4550.0 0.21168
3350.0 4550.0 0.19314
3450.0 4550.0 0.07482
3550.0 4550.0 -0.09380
3650.0 4550.0 -0.29877
3750.0 4550.0 -0.51099
3850.0 4550.0 -0.63401
3950.0 4550.0 -0.61353
4050.0 4550.0 -0.48382
4150.0 4550.0 -0.33771
4250.0 4550.0 -0.22428
4350.0 4550.0 -0.13853
4450.0 4550.0 -0.12203
4550.0 4550.0 -0.19039
4650.0 4550.0 -0.31301
4750.0 4550.0 -0.42587
4850.0 4550.0 -0.47269
4950.0 4550.0 -0.46873
5050.0 4550.0 -0.44931
5150.0 4550.0 -0.41358
5250.0 4550.0 -0.37469
5350.0 4550.0 -0.34787
5450.0 4550.0 -0.34098
5550.0 4550.0 -0.35102
5650.0 4550.0 -0.36609
5750.0 4550.0 -0.36397
5850.0 4550.0 -0.31994
5950.0 4550.0 -0.22843
6050.0 4550.0 -0.11019
6150.0 4550.0 -0.00282
6250.0 4550.0 0.06515
6350.0 4550.0 0.11762
50.0 4650.0 -0.35428
150.0 4650.0 -0.52064
250.0 4650.0 -0.65000
350.0 4650.0 -0.68521
450.0 4650.0 -0.61036
550.0 4650.0 -0.47437
650.0 4650.0 -0.36415
750.0 4650.0 -0.32750
850.0 4650.0 -0.32533
950.0 4650.0 -0.35883
1050.0 4650.0 -0.39411
1150.0 4650.0 -0.38703
1250.0 4650.0 -0.31982
1350.0 4650.0 -0.20950
1450.0 4650.0 -0.08805
1550.0 4650.0 -0.00959
1650.0 4650.0 -0.05932
1750.0 4650.0 -0.22042
1850.0 4650.0 -0.40668
1950.0 4650.0 -0.51918
2050.0 4650.0 -0.49942
2150.0 4650.0 -0.37789
2250.0 4650.0 -0.20532
2350.0 4650.0 0.01801
2450.0 4650.0 0.20122
2550.0 4650.0 0.26230
2650.0 4650.0 0.19484
2750.0 4650.0 0.06507
2850.0 4650.0 -0.05930
2950.0 4650.0 -0.12643
3050.0 4650.0 -0.07531
3150.0 4650.0 0.05763
3250.0 4650.0 0.18577
3350.0 4650.0 0.22678
3450.0 4650.0 0.14679
3550.0 4650.0 -0.00936
3650.0 4650.0 -0.22262
3750.0 4650.0 -0.47424
3850.0 4650.0 -0.64989
3950.0 4650.0 -0.66869
4050.0 4650.0 -0.54673
4150.0 4650.0 -0.37611
4250.0 4650.0 -0.22183
4350.0 4650.0 -0.07278
4450.0 4650.0 0.02304
4550.0 4650.0 0.00931
4650.0 4650.0 -0.11241
4750.0 4650.0 -0.27393
4850.0 4650.0 -0.38871
4950.0 4650.0 -0.44780
5050.0 4650.0 -0.45726
5150.0 4650.0 -0.39738
5250.0 4650.0 -0.30452
5350.0 4650.0 -0.23415
5450.0 4650.0 -0.22820
5550.0 4650.0 -0.29245
5650.0 4650.0 -0.38867
5750.0 4650.0 -0.48542
5850.0 4650.0 -0.53464
5950.0 4650.0 -0.48856
6050.0 4650.0 -0.35201
6150.0 4650.0 -0.18590
6250.0 4650.0 -0.06045
6350.0 4650.0 0.03626
50.0 4750.0 -0.26847
150.0 4750.0 -0.43189
250.0 4750.0 -0.54003
350.0 4750.0 -0.54695
450.0 4750.0 -0.45648
550.0 4750.0 -0.32922
650.0 4750.0 -0.24964
750.0 4750.0 -0.25327
850.0 4750.0 -0.29566
950.0 4750.0 -0.37490
1050.0 4750.0 -0.43636
1150.0 4750.0 -0.42155
1250.0 4750.0 -0.31886
1350.0 4750.0 -0.16790
1450.0 4750.0 -0.01768
1550.0 4750.0 0.08537
1650.0 4750.0 0.05550
1750.0 4750.0 -0.09361
1850.0 4750.0 -0.27486
1950.0 4750.0 -0.38435
2050.0 4750.0 -0.35726
2150.0 4750.0 -0.22252
2250.0 4750.0 -0.03340
2350.0 4750.0 0.20283
2450.0 4750.0 0.37893
2550.0 4750.0 0.40547
2650.0 4750.0 0.28536
2750.0 4750.0 0.10449
2850.0 4750.0 -0.05972
2950.0 4750.0 -0.16341
3050.0 4750.0 -0.13603
3150.0 4750.0 -0.00165
3250.0 4750.0 0.15270
3350.0 4750.0 0.22921
3450.0 4750.0 0.17337
3550.0 4750.0 0.02585
3650.0 4750.0 -0.18679
3750.0 4750.0 -0.44649
3850.0 4750.0 -0.62974
3950.0 4750.0 -0.64602
4050.0 4750.0 -0.50809
4150.0 4750.0 -0.31207
4250.0 4750.0 -0.12885
4350.0 4750.0 0.06624
4450.0 4750.0 0.22301
4550.0 4750.0 0.25575
4650.0 4750.0 0.14324
4750.0 4750.0 -0.04611
4850.0 4750.0 -0.20587
4950.0 4750.0 -0.30873
5050.0 4750.0 -0.34005
5150.0 4750.0 -0.26811
5250.0 4750.0 -0.14438
5350.0 4750.0 -0.05024
5450.0 4750.0 -0.04929
5550.0 4750.0 -0.15262
5650.0 4750.0 -0.30567
5750.0 4750.0 -0.47737
5850.0 4750.0 -0.60661
5950.0 4750.0 -0.61292
6050.0 4750.0 -0.48352
6150.0 4750.0 -0.28951
6250.0 4750.0 -0.12817
6350.0 4750.0 -0.00079
50.0 4850.0 -0.09395
150.0 4850.0 -0.25650
250.0 4850.0 -0.35794
350.0 4850.0 -0.35646
450.0 4850.0 -0.26255
550.0 4850.0 -0.14037
650.0 4850.0 -0.07298
750.0 4850.0 -0.09152
850.0 4850.0 -0.15381
950.0 4850.0 -0.26622
1050.0 4850.0 -0.36603
1150.0 4850.0 -0.38123
1250.0 4850.0 -0.29207
1350.0 4850.0 -0.13944
1450.0 4850.0 0.01945
1550.0 4850.0 0.13545
1650.0 4850.0 0.12886
1750.0 4850.0 0.01106
1850.0 4850.0 -0.13846
1950.0 4850.0 -0.22336
2050.0 4850.0 -0.18251
2150.0 4850.0 -0.04166
2250.0 4850.0 0.14858
2350.0 4850.0 0.37160
2450.0 4850.0 0.51614
2550.0 4850.0 0.49869
2650.0 4850.0 0.33541
2750.0 4850.0 0.12518
2850.0 4850.0 -0.05470
2950.0 4850.0 -0.17475
3050.0 4850.0 -0.16592
3150.0 4850.0 -0.04637
3250.0 4850.0 0.10136
3350.0 4850.0 0.17886
3450.0 4850.0 0.12682
3550.0 4850.0 -0.01768
3650.0 4850.0 -0.22079
3750.0 4850.0 -0.45537
3850.0 4850.0 -0.59922
3950.0 4850.0 -0.57118
4050.0 4850.0 -0.39630
4150.0 4850.0 -0.17877
4250.0 4850.0 0.01581
4350.0 4850.0 0.22854
4450.0 4850.0 0.40981
4550.0 4850.0 0.46277
4650.0 4850.0 0.35686
4750.0 4850.0 0.15958
4850.0 4850.0 -0.01582
4950.0 4850.0 -0.13473
5050.0 4850.0 -0.17546
5150.0 4850.0 -0.10277
5250.0 4850.0 0.02708
5350.0 4850.0 0.12488
5450.0 4850.0 0.12062
5550.0 4850.0 0.00185
5650.0 4850.0 -0.17225
5750.0 4850.0 -0.37459
5850.0 4850.0 -0.54088
5950.0 4850.0 -0.57694
6050.0 4850.0 -0.46025
6150.0 4850.0 -0.26258
6250.0 4850.0 -0.09014
6350.0 4850.0 0.04854
50.0 4950.0 0.10224
150.0 4950.0 -0.06018
250.0 4950.0 -0.16186
350.0 4950.0 -0.16145
450.0 4950.0 -0.06952
550.0 4950.0 0.05022
650.0 4950.0 0.11545
750.0 4950.0 0.09541
850.0 4950.0 0.02665
950.0 4950.0 -0.11026
1050.0 4950.0 -0.25137
1150.0 4950.0 -0.31275
1250.0 4950.0 -0.26021
1350.0 4950.0 -0.12542
1450.0 4950.0 0.03124
1550.0 4950.0 0.15281
1650.0 4950.0 0.16788
1750.0 4950.0 0.08623
1850.0 4950.0 -0.02308
1950.0 4950.0 -0.07635
2050.0 4950.0 -0.02038
2150.0 4950.0 0.12252
2250.0 4950.0 0.30626
2350.0 4950.0 0.50483
2450.0 4950.0 0.60988
2550.0 4950.0 0.54988
2650.0 4950.0 0.35456
2750.0 4950.0 0.13058
2850.0 4950.0 -0.04992
2950.0 4950.0 -0.17387
3050.0 4950.0 -0.17986
3150.0 4950.0 -0.08376
3250.0 4950.0 0.03929
3350.0 4950.0 0.09892
3450.0 4950.0 0.04008
3550.0 4950.0 -0.10354
3650.0 4950.0 -0.29209
3750.0 4950.0 -0.48542
3850.0 4950.0 -0.56849
3950.0 4950.0 -0.47875
4050.0 4950.0 -0.26023
4150.0 4950.0 -0.02598
4250.0 4950.0 0.16918
4350.0 4950.0 0.38191
4450.0 4950.0 0.56400
4550.0 4950.0 0.61841
4650.0 4950.0 0.51401
4750.0 4950.0 0.31772
4850.0 4950.0 0.14250
4950.0 4950.0 0.02319
5050.0 4950.0 -0.01959
5150.0 4950.0 0.04844
5250.0 4950.0 0.17214
5350.0 4950.0 0.26423
5450.0 4950.0 0.25641
5550.0 4950.0 0.13667
5650.0 4950.0 -0.03733
5750.0 4950.0 -0.24177
5850.0 4950.0 -0.41362
5950.0 4950.0 -0.45746
6050.0 4950.0 -0.34828
6150.0 4950.0 -0.15550
6250.0 4950.0 0.01548
6350.0 4950.0 0.15432
50.0 5050.0 0.22954
150.0 5050.0 0.07313
250.0 5050.0 -0.01574
350.0 5050.0 -0.00040
450.0 5050.0 0.10091
550.0 5050.0 0.22032
650.0 5050.0 0.27696
750.0 5050.0 0.24508
850.0 5050.0 0.16291
950.0 5050.0 0.00942
1050.0 5050.0 -0.14816
1150.0 5050.0 -0.22182
1250.0 5050.0 -0.17586
1350.0 5050.0 -0.04375
1450.0 5050.0 0.11107
1550.0 5050.0 0.23416
1650.0 5050.0 0.26196
1750.0 5050.0 0.20445
1850.0 5050.0 0.12418
1950.0 5050.0 0.09559
2050.0 5050.0 0.16494
2150.0 5050.0 0.31128
2250.0 5050.0 0.48224
2350.0 5050.0 0.63339
2450.0 5050.0 0.66954
2550.0 5050.0 0.54677
2650.0 5050.0 0.31810
2750.0 5050.0 0.09708
2850.0 5050.0 -0.05891
2950.0 5050.0 -0.16412
3050.0 5050.0 -0.17135
3150.0 5050.0 -0.09515
3250.0 5050.0 0.00131
3350.0 5050.0 0.04351
3450.0 5050.0 -0.01284
3550.0 5050.0 -0.13882
3650.0 5050.0 -0.29436
3750.0 5050.0 -0.43300
3850.0 5050.0 -0.45673
3950.0 5050.0 -0.32392
4050.0 5050.0 -0.08937
4150.0 5050.0 0.13800
4250.0 5050.0 0.31733
4350.0 5050.0 0.51182
4450.0 5050.0 0.67730
4550.0 5050.0 0.72421
4650.0 5050.0 0.62426
4750.0 5050.0 0.43980
4850.0 5050.0 0.27551
4950.0 5050.0 0.16299
5050.0 5050.0 0.11679
5150.0 5050.0 0.16807
5250.0 5050.0 0.27111
5350.0 5050.0 0.35051
5450.0 5050.0 0.34494
5550.0 5050.0 0.24119
5650.0 5050.0 0.08882
5750.0 5050.0 -0.09141
5850.0 5050.0 -0.24256
5950.0 5050.0 -0.27803
6050.0 5050.0 -0.17488
6150.0 5050.0 0.00434
6250.0 5050.0 0.16425
6350.0 5050.0 0.29410
50.0 5150.0 0.22380
150.0 5150.0 0.08293
250.0 5150.0 0.02704
350.0 5150.0 0.08077
450.0 5150.0 0.20610
550.0 5150.0 0.32442
650.0 5150.0 0.35873
750.0 5150.0 0.29622
850.0 5150.0 0.18747
950.0 5150.0 0.02807
1050.0 5150.0 -0.10744
1150.0 5150.0 -0.13898
1250.0 5150.0 -0.05039
1350.0 5150.0 0.10444
1450.0 5150.0 0.25868
1550.0 5150.0 0.37640
1650.0 5150.0 0.39946
1750.0 5150.0 0.34114
1850.0 5150.0 0.26566
1950.0 5150.0 0.24573
2050.0 5150.0 0.32361
2150.0 5150.0 0.47585
2250.0 5150.0 0.62738
2350.0 5150.0 0.70523
2450.0 5150.0 0.64296
2550.0 5150.0 0.44428
2650.0 5150.0 0.19521
2750.0 5150.0 0.01127
2850.0 5150.0 -0.07835
2950.0 5150.0 -0.12834
3050.0 5150.0 -0.11660
3150.0 5150.0 -0.05739
3250.0 5150.0 0.00669
3350.0 5150.0 0.03075
3450.0 5150.0 -0.00784
3550.0 5150.0 -0.08796
3650.0 5150.0 -0.18235
3750.0 5150.0 -0.25272
3850.0 5150.0 -0.23292
3950.0 5150.0 -0.10188
4050.0 5150.0 0.09302
4150.0 5150.0 0.27069
4250.0 5150.0 0.40716
4350.0 5150.0 0.55494
4450.0 5150.0 0.67872
4550.0 5150.0 0.70810
4650.0 5150.0 0.62150
4750.0 5150.0 0.46894
4850.0 5150.0 0.33339
4950.0 5150.0 0.23864
5050.0 5150.0 0.18669
5150.0 5150.0 0.20261
5250.0 5150.0 0.26350
5350.0 5150.0 0.32107
5450.0 5150.0 0.32873
5550.0 5150.0 0.26883
5650.0 5150.0 0.17258
5750.0 5150.0 0.05617
5850.0 5150.0 -0.03858
5950.0 5150.0 -0.04856
6050.0 5150.0 0.04271
6150.0 5150.0 0.18923
6250.0 5150.0 0.32124
6350.0 5150.0 0.42796
50.0 5250.0 0.10661
150.0 5250.0 -0.01307
250.0 5250.0 -0.02594
350.0 5250.0 0.07563
450.0 5250.0 0.22755
550.0 5250.0 0.33836
650.0 5250.0 0.33817
750.0 5250.0 0.23207
850.0 5250.0 0.08741
950.0 5250.0 -0.07365
1050.0 5250.0 -0.16649
1150.0 5250.0 -0.12554
1250.0 5250.0 0.03369
1350.0 5250.0 0.22581
1450.0 5250.0 0.37999
1550.0 5250.0 0.48681
1650.0 5250.0 0.48967
1750.0 5250.0 0.40751
1850.0 5250.0 0.31351
1950.0 5250.0 0.28594
2050.0 5250.0 0.36646
2150.0 5250.0 0.52594
2250.0 5250.0 0.65848
2350.0 5250.0 0.66356
2450.0 5250.0 0.51179
2550.0 5250.0 0.25933
2650.0 5250.0 0.02192
2750.0 5250.0 -0.09188
2850.0 5250.0 -0.08643
2950.0 5250.0 -0.05813
3050.0 5250.0 -0.01751
3150.0 5250.0 0.02126
3250.0 5250.0 0.04347
3350.0 5250.0 0.04471
3450.0 5250.0 0.03221
3550.0 5250.0 0.01638
3650.0 5250.0 -0.00206
3750.0 5250.0 -0.00664
3850.0 5250.0 0.02900
3950.0 5250.0 0.11089
4050.0 5250.0 0.21661
4150.0 5250.0 0.31126
4250.0 5250.0 0.38676
4350.0 5250.0 0.47020
4450.0 5250.0 0.53907
4550.0 5250.0 0.54921
4650.0 5250.0 0.48681
4750.0 5250.0 0.38285
4850.0 5250.0 0.28909
4950.0 5250.0 0.21947
5050.0 5250.0 0.16105
5150.0 5250.0 0.13143
5250.0 5250.0 0.13891
5350.0 5250.0 0.17151
5450.0 5250.0 0.20160
5550.0 5250.0 0.20466
5650.0 5250.0 0.18710
5750.0 5250.0 0.15718
5850.0 5250.0 0.13392
5950.0 5250.0 0.14917
6050.0 5250.0 0.21361
6150.0 5250.0 0.30761
6250.0 5250.0 0.39836
6350.0 5250.0 0.47329
50.0 5350.0 -0.03832
150.0 5350.0 -0.13824
250.0 5350.0 -0.11400
350.0 5350.0 0.02528
450.0 5350.0 0.19256
550.0 5350.0 0.28721
650.0 5350.0 0.24867
750.0 5350.0 0.09918
850.0 5350.0 -0.08162
950.0 5350.0 -0.24902
1050.0 5350.0 -0.30839
1150.0 5350.0 -0.20596
1250.0 5350.0 0.01474
1350.0 5350.0 0.23954
1450.0 5350.0 0.39311
1550.0 5350.0 0.48798
1650.0 5350.0 0.46580
1750.0 5350.0 0.35144
1850.0 5350.0 0.22945
1950.0 5350.0 0.18666
2050.0 5350.0 0.26610
2150.0 5350.0 0.43229
2250.0 5350.0 0.55333
2350.0 5350.0 0.51288
2450.0 5350.0 0.31501
2550.0 5350.0 0.05483
2650.0 5350.0 -0.13699
2750.0 5350.0 -0.16696
2850.0 5350.0 -0.06709
2950.0 5350.0 0.03610
3050.0 5350.0 0.09948
3150.0 5350.0 0.10975
3250.0 5350.0 0.08200
3350.0 5350.0 0.05427
3450.0 5350.0 0.06450
3550.0 5350.0 0.11117
3650.0 5350.0 0.16166
3750.0 5350.0 0.20530
3850.0 5350.0 0.23224
3950.0 5350.0 0.24116
4050.0 5350.0 0.24183
4150.0 5350.0 0.24830
4250.0 5350.0 0.26382
4350.0 5350.0 0.28617
4450.0 5350.0 0.30641
4550.0 5350.0 0.30509
4650.0 5350.0 0.27373
4750.0 5350.0 0.22240
4850.0 5350.0 0.17138
4950.0 5350.0 0.12646
5050.0 5350.0 0.06289
5150.0 5350.0 -0.00822
5250.0 5350.0 -0.04868
5350.0 5350.0 -0.03631
5450.0 5350.0 0.01852
5550.0 5350.0 0.08409
5650.0 5350.0 0.14312
5750.0 5350.0 0.19249
5850.0 5350.0 0.22637
5950.0 5350.0 0.24889
6050.0 5350.0 0.27053
6150.0 5350.0 0.30244
6250.0 5350.0 0.34951
6350.0 5350.0 0.39438
50.0 5450.0 -0.10953
150.0 5450.0 -0.19736
250.0 5450.0 -0.15434
350.0 5450.0 -0.00092
450.0 5450.0 0.16357
550.0 5450.0 0.23651
650.0 5450.0 0.16654
750.0 5450.0 -0.01302
850.0 5450.0 -0.22090
950.0 5450.0 -0.40541
1050.0 5450.0 -0.46480
1150.0 5450.0 -0.34678
1250.0 5450.0 -0.10554
1350.0 5450.0 0.13088
1450.0 5450.0 0.28258
1550.0 5450.0 0.36957
1650.0 5450.0 0.33119
1750.0 5450.0 0.19624
1850.0 5450.0 0.05660
1950.0 5450.0 0.00449
2050.0 5450.0 0.08363
2150.0 5450.0 0.25442
2250.0 5450.0 0.37388
2350.0 5450.0 0.32523
2450.0 5450.0 0.13249
2550.0 5450.0 -0.09378
2650.0 5450.0 -0.22522
2750.0 5450.0 -0.18562
2850.0 5450.0 -0.02113
2950.0 5450.0 0.12899
3050.0 5450.0 0.19666
3150.0 5450.0 0.17070
3250.0 5450.0 0.09138
3350.0 5450.0 0.03086
3450.0 5450.0 0.05073
3550.0 5450.0 0.13886
3650.0 5450.0 0.23363
3750.0 5450.0 0.30360
3850.0 5450.0 0.31563
3950.0 5450.0 0.26626
4050.0 5450.0 0.18973
4150.0 5450.0 0.13438
4250.0 5450.0 0.10957
4350.0 5450.0 0.09308
4450.0 5450.0 0.08671
4550.0 5450.0 0.08643
4650.0 5450.0 0.08466
4750.0 5450.0 0.07476
4850.0 5450.0 0.05464
4950.0 5450.0 0.02646
5050.0 5450.0 -0.03971
5150.0 5450.0 -0.13641
5250.0 5450.0 -0.20590
5350.0 5450.0 -0.20403
5450.0 5450.0 -0.13052
5550.0 5450.0 -0.02230
5650.0 5450.0 0.08766
5750.0 5450.0 0.18350
5850.0 5450.0 0.23940
5950.0 5450.0 0.24456
6050.0 5450.0 0.21626
6150.0 5450.0 0.19274
6250.0 5450.0 0.20623
6350.0 5450.0 0.23215
50.0 5550.0 -0.05045
150.0 5550.0 -0.13572
250.0 5550.0 -0.09431
350.0 5550.0 0.04935
450.0 5550.0 0.19583
550.0 5550.0 0.24727
650.0 5550.0 0.15927
750.0 5550.0 -0.03169
850.0 5550.0 -0.25359
950.0 5550.0 -0.46609
1050.0 5550.0 -0.56432
1150.0 5550.0 -0.48536
1250.0 5550.0 -0.27297
1350.0 5550.0 -0.05044
1450.0 5550.0 0.09810
1550.0 5550.0 0.18399
1650.0 5550.0 0.14646
1750.0 5550.0 0.01516
1850.0 5550.0 -0.11865
1950.0 5550.0 -0.16465
2050.0 5550.0 -0.08124
2150.0 5550.0 0.09167
2250.0 5550.0 0.21663
2350.0 5550.0 0.18711
2450.0 5550.0 0.03149
2550.0 5550.0 -0.14498
2650.0 5550.0 -0.22679
2750.0 5550.0 -0.15064
2850.0 5550.0 0.03689
2950.0 5550.0 0.19754
3050.0 5550.0 0.24908
3150.0 5550.0 0.18349
3250.0 5550.0 0.05783
3350.0 5550.0 -0.03514
3450.0 5550.0 -0.02098
3550.0 5550.0 0.08049
3650.0 5550.0 0.19118
3750.0 5550.0 0.27292
3850.0 5550.0 0.28422
3950.0 5550.0 0.21957
4050.0 5550.0 0.12013
4150.0 5550.0 0.04511
4250.0 5550.0 0.00686
4350.0 5550.0 -0.02001
4450.0 5550.0 -0.02772
4550.0 5550.0 -0.01651
4650.0 5550.0 0.00290
4750.0 5550.0 0.01475
4850.0 5550.0 0.00792
4950.0 5550.0 -0.01445
5050.0 5550.0 -0.08081
5150.0 5550.0 -0.18442
5250.0 5550.0 -0.26126
5350.0 5550.0 -0.26052
5450.0 5550.0 -0.17908
5550.0 5550.0 -0.05589
5650.0 5550.0 0.07065
5750.0 5550.0 0.17322
5850.0 5550.0 0.21484
5950.0 5550.0 0.18452
6050.0 5550.0 0.11112
6150.0 5550.0 0.05057
6250.0 5550.0 0.04704
6350.0 5550.0 0.06812
50.0 5650.0 0.07483
150.0 5650.0 -0.01057
250.0 5650.0 0.02266
350.0 5650.0 0.14933
450.0 5650.0 0.27476
550.0 5650.0 0.30802
650.0 5650.0 0.21019
750.0 5650.0 0.01749
850.0 5650.0 -0.21138
950.0 5650.0 -0.45560
1050.0 5650.0 -0.60971
1150.0 5650.0 -0.59513
1250.0 5650.0 -0.43543
1350.0 5650.0 -0.24000
1450.0 5650.0 -0.09646
1550.0 5650.0 -0.00911
1650.0 5650.0 -0.03645
1750.0 5650.0 -0.14928
1850.0 5650.0 -0.26179
1950.0 5650.0 -0.29067
2050.0 5650.0 -0.19905
2150.0 5650.0 -0.02517
2250.0 5650.0 0.10682
2350.0 5650.0 0.10300
2450.0 5650.0 -0.01127
2550.0 5650.0 -0.14319
2650.0 5650.0 -0.19138
2750.0 5650.0 -0.10062
2850.0 5650.0 0.08767
2950.0 5650.0 0.24090
3050.0 5650.0 0.26936
3150.0 5650.0 0.16818
3250.0 5650.0 0.00495
3350.0 5650.0 -0.11600
3450.0 5650.0 -0.11398
3550.0 5650.0 -0.01400
3650.0 5650.0 0.09865
3750.0 5650.0 0.18772
3850.0 5650.0 0.21050
3950.0 5650.0 0.15785
4050.0 5650.0 0.06702
4150.0 5650.0 -0.00477
4250.0 5650.0 -0.04297
4350.0 5650.0 -0.06612
4450.0 5650.0 -0.06293
4550.0 5650.0 -0.03576
4650.0 5650.0 -0.00037
4750.0 5650.0 0.02242
4850.0 5650.0 0.01934
4950.0 5650.0 -0.00325
5050.0 5650.0 -0.07009
5150.0 5650.0 -0.17417
5250.0 5650.0 -0.25128
5350.0 5650.0 -0.25053
5450.0 5650.0 -0.16887
5550.0 5650.0 -0.04547
5650.0 5650.0 0.08032
5750.0 5650.0 0.17053
5850.0 5650.0 0.18204
5950.0 5650.0 0.11067
6050.0 5650.0 -0.00181
6150.0 5650.0 -0.08758
6250.0 5650.0 -0.09878
6350.0 5650.0 -0.07528
50.0 5750.0 0.13068
150.0 5750.0 0.06796
250.0 5750.0 0.12205
350.0 5750.0 0.26183
450.0 5750.0 0.38968
550.0 5750.0 0.41805
650.0 5750.0 0.31587
750.0 5750.0 0.12453
850.0 5750.0 -0.10530
950.0 5750.0 -0.36806
1050.0 5750.0 -0.56402
1150.0 5750.0 -0.60751
1250.0 5750.0 -0.50564
1350.0 5750.0 -0.35100
1450.0 5750.0 -0.22874
1550.0 5750.0 -0.15425
1650.0 5750.0 -0.17708
1750.0 5750.0 -0.26476
1850.0 5750.0 -0.33973
1950.0 5750.0 -0.33412
2050.0 5750.0 -0.22505
2150.0 5750.0 -0.05056
2250.0 5750.0 0.08350
2350.0 5750.0 0.08942
2450.0 5750.0 -0.01351
2550.0 5750.0 -0.14044
2650.0 5750.0 -0.19389
2750.0 5750.0 -0.11685
2850.0 5750.0 0.05461
2950.0 5750.0 0.19608
3050.0 5750.0 0.22543
3150.0 5750.0 0.13588
3250.0 5750.0 -0.01318
3350.0 5750.0 -0.12701
3450.0 5750.0 -0.13059
3550.0 5750.0 -0.04498
3650.0 5750.0 0.05520
3750.0 5750.0 0.14082
3850.0 5750.0 0.17233
3950.0 5750.0 0.13720
4050.0 5750.0 0.06392
4150.0 5750.0 0.00114
4250.0 5750.0 -0.03534
4350.0 5750.0 -0.05029
4450.0 5750.0 -0.02777
4550.0 5750.0 0.02361
4650.0 5750.0 0.07886
4750.0 5750.0 0.11062
4850.0 5750.0 0.10511
4950.0 5750.0 0.07457
5050.0 5750.0 -0.00619
5150.0 5750.0 -0.13315
5250.0 5750.0 -0.23804
5350.0 5750.0 -0.26309
5450.0 5750.0 -0.19957
5550.0 5750.0 -0.08528
5650.0 5750.0 0.03452
5750.0 5750.0 0.10672
5850.0 5750.0 0.08429
5950.0 5750.0 -0.02717
6050.0 5750.0 -0.17266
6150.0 5750.0 -0.27531
6250.0 5750.0 -0.28724
6350.0 5750.0 -0.25555
50.0 5850.0 0.07929
150.0 5850.0 0.07303
250.0 5850.0 0.18596
350.0 5850.0 0.37280
450.0 5850.0 0.52448
550.0 5850.0 0.55593
650.0 5850.0 0.45102
750.0 5850.0 0.26430
850.0 5850.0 0.04462
950.0 5850.0 -0.20608
1050.0 5850.0 -0.40368
1150.0 5850.0 -0.47393
1250.0 5850.0 -0.42015
1350.0 5850.0 -0.31852
1450.0 5850.0 -0.24125
1550.0 5850.0 -0.20321
1650.0 5850.0 -0.23682
1750.0 5850.0 -0.30008
1850.0 5850.0 -0.32472
1950.0 5850.0 -0.26742
2050.0 5850.0 -0.13116
2150.0 5850.0 0.04295
2250.0 5850.0 0.17358
2350.0 5850.0 0.17237
2450.0 5850.0 0.04730
2550.0 5850.0 -0.12124
2650.0 5850.0 -0.22837
2750.0 5850.0 -0.20277
2850.0 5850.0 -0.07365
2950.0 5850.0 0.04805
3050.0 5850.0 0.10813
3150.0 5850.0 0.09116
3250.0 5850.0 0.02334
3350.0 5850.0 -0.03854
3450.0 5850.0 -0.04109
3550.0 5850.0 0.01076
3650.0 5850.0 0.07661
3750.0 5850.0 0.14132
3850.0 5850.0 0.17501
3950.0 5850.0 0.16277
4050.0 5850.0 0.11800
4150.0 5850.0 0.07150
4250.0 5850.0 0.03856
4350.0 5850.0 0.03619
4450.0 5850.0 0.08520
4550.0 5850.0 0.16572
4650.0 5850.0 0.23949
4750.0 5850.0 0.27246
4850.0 5850.0 0.25359
4950.0 5850.0 0.20376
5050.0 5850.0 0.09406
5150.0 5850.0 -0.07603
5250.0 5850.0 -0.23092
5350.0 5850.0 -0.30158
5450.0 5850.0 -0.27063
5550.0 5850.0 -0.17457
5650.0 5850.0 -0.06760
5750.0 5850.0 -0.01760
5850.0 5850.0 -0.07049
5950.0 5850.0 -0.20859
6050.0 5850.0 -0.36688
6150.0 5850.0 -0.46688
6250.0 5850.0 -0.46714
6350.0 5850.0 -0.41974
50.0 5950.0 -0.03475
150.0 5950.0 0.03448
250.0 5950.0 0.22009
350.0 5950.0 0.45737
450.0 5950.0 0.62547
550.0 5950.0 0.64782
650.0 5950.0 0.53224
750.0 5950.0 0.35065
850.0 5950.0 0.15116
950.0 5950.0 -0.05418
1050.0 5950.0 -0.20344
1150.0 5950.0 -0.25240
1250.0 5950.0 -0.21752
1350.0 5950.0 -0.16490
1450.0 5950.0 -0.14564
1550.0 5950.0 -0.16074
1650.0 5950.0 -0.22310
1750.0 5950.0 -0.27672
1850.0 5950.0 -0.25906
1950.0 5950.0 -0.15195
2050.0 5950.0 0.01163
2150.0 5950.0 0.18407
2250.0 5950.0 0.31086
2350.0 5950.0 0.30299
2450.0 5950.0 0.15268
2550.0 5950.0 -0.06721
2650.0 5950.0 -0.24342
2750.0 5950.0 -0.28607
2850.0 5950.0 -0.21447
2950.0 5950.0 -0.12057
3050.0 5950.0 -0.02148
3150.0 5950.0 0.05600
3250.0 5950.0 0.09418
3350.0 5950.0 0.09962
3450.0 5950.0 0.09701
3550.0 5950.0 0.10272
3650.0 5950.0 0.12025
3750.0 5950.0 0.15173
3850.0 5950.0 0.18130
3950.0 5950.0 0.19294
4050.0 5950.0 0.18179
4150.0 5950.0 0.15542
4250.0 5950.0 0.12700
4350.0 5950.0 0.13729
4450.0 5950.0 0.20992
4550.0 5950.0 0.31202
4650.0 5950.0 0.39286
4750.0 5950.0 0.41487
4850.0 5950.0 0.37319
4950.0 5950.0 0.29737
5050.0 5950.0 0.15727
5150.0 5950.0 -0.04819
5250.0 5950.0 -0.23834
5350.0 5950.0 -0.33901
5450.0 5950.0 -0.33087
5550.0 5950.0 -0.25236
5650.0 5950.0 -0.16188
5750.0 5950.0 -0.13164
5850.0 5950.0 -0.20065
5950.0 5950.0 -0.34048
6050.0 5950.0 -0.48326
6150.0 5950.0 -0.55831
6250.0 5950.0 -0.53603
6350.0 5950.0 -0.46973
50.0 6050.0 -0.13183
150.0 6050.0 0.00650
250.0 6050.0 0.24668
350.0 6050.0 0.50517
450.0 6050.0 0.65743
550.0 6050.0 0.64496
650.0 6050.0 0.50554
750.0 6050.0 0.32656
850.0 6050.0 0.15062
950.0 6050.0 0.00818
1050.0 6050.0 -0.06061
1150.0 6050.0 -0.05003
1250.0 6050.0 -0.00147
1350.0 6050.0 0.02021
1450.0 6050.0 -0.01358
1550.0 6050.0 -0.08231
1650.0 6050.0 -0.18415
1750.0 6050.0 -0.24883
1850.0 6050.0 -0.21340
1950.0 6050.0 -0.07648
2050.0 6050.0 0.10478
2150.0 6050.0 0.27468
2250.0 6050.0 0.40259
2350.0 6050.0 0.40570
2450.0 6050.0 0.25934
2550.0 6050.0 0.02083
2650.0 6050.0 -0.19809
2750.0 6050.0 -0.29548
2850.0 6050.0 -0.27779
2950.0 6050.0 -0.21528
3050.0 6050.0 -0.09515
3150.0 6050.0 0.04720
3250.0 6050.0 0.15987
3350.0 6050.0 0.20985
3450.0 6050.0 0.19895
3550.0 6050.0 0.16002
3650.0 6050.0 0.13089
3750.0 6050.0 0.12886
3850.0 6050.0 0.15175
3950.0 6050.0 0.18333
4050.0 6050.0 0.20217
4150.0 6050.0 0.19419
4250.0 6050.0 0.16988
4350.0 6050.0 0.18856
4450.0 6050.0 0.27343
4550.0 6050.0 0.38119
4650.0 6050.0 0.45382
4750.0 6050.0 0.45499
4850.0 6050.0 0.38777
4950.0 6050.0 0.28767
5050.0 6050.0 0.13018
5150.0 6050.0 -0.07905
5250.0 6050.0 -0.26072
5350.0 6050.0 -0.34883
5450.0 6050.0 -0.33481
5550.0 6050.0 -0.26367
5650.0 6050.0 -0.18814
5750.0 6050.0 -0.16988
5850.0 6050.0 -0.23771
5950.0 6050.0 -0.35666
6050.0 6050.0 -0.46318
6150.0 6050.0 -0.50053
6250.0 6050.0 -0.45245
6350.0 6050.0 -0.37014
50.0 6150.0 -0.14173
150.0 6150.0 0.03753
250.0 6150.0 0.29296
350.0 6150.0 0.52845
450.0 6150.0 0.62736
550.0 6150.0 0.55656
650.0 6150.0 0.38300
750.0 6150.0 0.20260
850.0 6150.0 0.04474
950.0 6150.0 -0.04414
1050.0 6150.0 -0.03836
1150.0 6150.0 0.03639
1250.0 6150.0 0.11446
1350.0 6150.0 0.12637
1450.0 6150.0 0.05964
1550.0 6150.0 -0.04646
1650.0 6150.0 -0.18450
1750.0 6150.0 -0.27415
1850.0 6150.0 -0.24699
1950.0 6150.0 -0.10630
2050.0 6150.0 0.07910
2150.0 6150.0 0.24653
2250.0 6150.0 0.38287
2350.0 6150.0 0.42112
2450.0 6150.0 0.32255
2550.0 6150.0 0.12099
2650.0 6150.0 -0.08827
2750.0 6150.0 -0.20448
2850.0 6150.0 -0.22022
2950.0 6150.0 -0.18599
3050.0 6150.0 -0.07832
3150.0 6150.0 0.06549
3250.0 6150.0 0.18356
3350.0 6150.0 0.23071
3450.0 6150.0 0.20112
3550.0 6150.0 0.13222
3650.0 6150.0 0.07295
3750.0 6150.0 0.04952
3850.0 6150.0 0.06854
3950.0 6150.0 0.11351
4050.0 6150.0 0.15215
4150.0 6150.0 0.15621
4250.0 6150.0 0.13446
4350.0 6150.0 0.15546
4450.0 6150.0 0.23962
4550.0 6150.0 0.33851
4650.0 6150.0 0.39321
4750.0 6150.0 0.37214
4850.0 6150.0 0.28517
4950.0 6150.0 0.16993
5050.0 6150.0 0.01466
5150.0 6150.0 -0.16211
5250.0 6150.0 -0.28921
5350.0 6150.0 -0.32120
5450.0 6150.0 -0.27116
5550.0 6150.0 -0.19392
5650.0 6150.0 -0.12744
5750.0 6150.0 -0.11281
5850.0 6150.0 -0.16988
5950.0 6150.0 -0.26166
6050.0 6150.0 -0.33168
6150.0 6150.0 -0.33617
6250.0 6150.0 -0.26875
6350.0 6150.0 -0.17775
50.0 6250.0 -0.04512
150.0 6250.0 0.14145
250.0 6250.0 0.37360
350.0 6250.0 0.55079
450.0 6250.0 0.57316
550.0 6250.0 0.43447
650.0 6250.0 0.22429
750.0 6250.0 0.03912
850.0 6250.0 -0.11137
950.0 6250.0 -0.17558
1050.0 6250.0 -0.13261
1150.0 6250.0 -0.02188
1250.0 6250.0 0.07832
1350.0 6250.0 0.09366
1450.0 6250.0 0.01761
1550.0 6250.0 -0.10272
1650.0 6250.0 -0.26264
1750.0 6250.0 -0.37794
1850.0 6250.0 -0.37326
1950.0 6250.0 -0.24701
2050.0 6250.0 -0.06771
2150.0 6250.0 0.09818
2250.0 6250.0 0.24869
2350.0 6250.0 0.33983
2450.0 6250.0 0.32390
2550.0 6250.0 0.20726
2650.0 6250.0 0.05698
2750.0 6250.0 -0.04008
2850.0 6250.0 -0.06394
2950.0 6250.0 -0.05034
3050.0 6250.0 0.01435
3150.0 6250.0 0.09773
3250.0 6250.0 0.15321
3350.0 6250.0 0.15195
3450.0 6250.0 0.09662
3550.0 6250.0 0.01689
3650.0 6250.0 -0.05093
3750.0 6250.0 -0.07861
3850.0 6250.0 -0.05719
3950.0 6250.0 -0.00437
4050.0 6250.0 0.04305
4150.0 6250.0 0.05190
4250.0 6250.0 0.03088
4350.0 6250.0 0.04962
4450.0 6250.0 0.12528
4550.0 6250.0 0.20937
4650.0 6250.0 0.24644
4750.0 6250.0 0.21009
4850.0 6250.0 0.11393
4950.0 6250.0 -0.00518
5050.0 6250.0 -0.14260
5150.0 6250.0 -0.26491
5250.0 6250.0 -0.31269
5350.0 6250.0 -0.26625
5450.0 6250.0 -0.16408
5550.0 6250.0 -0.07110
5650.0 6250.0 -0.00686
5750.0 6250.0 0.00877
5850.0 6250.0 -0.03979
5950.0 6250.0 -0.11611
6050.0 6250.0 -0.16811
6150.0 6250.0 -0.15806
6250.0 6250.0 -0.08329
6350.0 6250.0 0.00884
50.0 6350.0 0.10071
150.0 6350.0 0.27999
250.0 6350.0 0.47334
350.0 6350.0 0.57977
450.0 6350.0 0.51952
550.0 6350.0 0.31279
650.0 6350.0 0.06770
750.0 6350.0 -0.12235
850.0 6350.0 -0.27028
950.0 6350.0 -0.32671
1050.0 6350.0 -0.27088
1150.0 6350.0 -0.14554
1250.0 6350.0 -0.03321
1350.0 6350.0 -0.01115
1450.0 6350.0 -0.08512
1550.0 6350.0 -0.20741
1650.0 6350.0 -0.37949
1750.0 6350.0 -0.51653
1850.0 6350.0 -0.53677
1950.0 6350.0 -0.43050
2050.0 6350.0 -0.26077
2150.0 6350.0 -0.09586
2250.0 6350.0 0.07064
2350.0 6350.0 0.21996
2450.0 6350.0 0.29833
2550.0 6350.0 0.28440
2650.0 6350.0 0.21303
2750.0 6350.0 0.15198
2850.0 6350.0 0.13243
2950.0 6350.0 0.13073
3050.0 6350.0 0.14207
3150.0 6350.0 0.14133
3250.0 6350.0 0.10734
3350.0 6350.0 0.03955
3450.0 6350.0 -0.04387
3550.0 6350.0 -0.12577
3650.0 6350.0 -0.19290
3750.0 6350.0 -0.21832
3850.0 6350.0 -0.19332
3950.0 6350.0 -0.13655
4050.0 6350.0 -0.08601
4150.0 6350.0 -0.07560
4250.0 6350.0 -0.09621
4350.0 6350.0 -0.08055
4450.0 6350.0 -0.01430
4550.0 6350.0 0.05603
4650.0 6350.0 0.07940
4750.0 6350.0 0.03384
4850.0 6350.0 -0.06522
4950.0 6350.0 -0.18249
5050.0 6350.0 -0.29654
5150.0 6350.0 -0.36010
5250.0 6350.0 -0.32661
5350.0 6350.0 -0.20197
5450.0 6350.0 -0.04855
5550.0 6350.0 0.06040
5650.0 6350.0 0.12355
5750.0 6350.0 0.13947
5850.0 6350.0 0.09433
5950.0 6350.0 0.02376
6050.0 6350.0 -0.02233
6150.0 6350.0 -0.00846
6250.0 6350.0 0.06703
6350.0 6350.0 0.15667
