50.0 50.0 0.00000
150.0 50.0 0.03671
250.0 50.0 0.08167
350.0 50.0 0.12187
450.0 50.0 0.14003
550.0 50.0 0.12783
650.0 50.0 0.09079
750.0 50.0 0.04495
850.0 50.0 0.00518
950.0 50.0 -0.02224
1050.0 50.0 -0.00468
1150.0 50.0 0.05853
1250.0 50.0 0.13504
1350.0 50.0 0.18632
1450.0 50.0 0.18592
1550.0 50.0 0.12876
1650.0 50.0 0.03156
1750.0 50.0 -0.06317
1850.0 50.0 -0.03939
1950.0 50.0 0.12743
2050.0 50.0 0.35227
2150.0 50.0 0.52134
2250.0 50.0 0.54868
2350.0 50.0 0.40769
2450.0 50.0 0.13740
2550.0 50.0 -0.18184
2650.0 50.0 -0.51899
2750.0 50.0 -0.80821
2850.0 50.0 -0.94292
2950.0 50.0 -0.86823
3050.0 50.0 -0.62188
3150.0 50.0 -0.32013
3250.0 50.0 -0.08856
3350.0 50.0 0.05742
3450.0 50.0 0.17037
3550.0 50.0 0.21839
3650.0 50.0 0.19024
3750.0 50.0 0.10560
3850.0 50.0 0.00746
3950.0 50.0 -0.05388
4050.0 50.0 -0.04488
4150.0 50.0 0.01974
4250.0 50.0 0.11694
4350.0 50.0 0.25420
4450.0 50.0 0.38185
4550.0 50.0 0.44100
4650.0 50.0 0.40308
4750.0 50.0 0.28344
4850.0 50.0 0.12931
4950.0 50.0 -0.01825
5050.0 50.0 -0.16321
5150.0 50.0 -0.29287
5250.0 50.0 -0.36655
5350.0 50.0 -0.35657
5450.0 50.0 -0.26995
5550.0 50.0 -0.14877
5650.0 50.0 -0.04946
5750.0 50.0 -0.00060
5850.0 50.0 0.03455
5950.0 50.0 0.07426
6050.0 50.0 0.10713
6150.0 50.0 0.11944
6250.0 50.0 0.10575
6350.0 50.0 0.07250
50.0 150.0 -0.16724
150.0 150.0 -0.13404
250.0 150.0 -0.08701
350.0 150.0 -0.03641
450.0 150.0 -0.00026
550.0 150.0 0.00930
650.0 150.0 -0.00767
750.0 150.0 -0.04005
850.0 150.0 -0.07406
950.0 150.0 -0.09926
1050.0 150.0 -0.08597
1150.0 150.0 -0.03700
1250.0 150.0 0.01635
1350.0 150.0 0.04027
1450.0 150.0 0.01481
1550.0 150.0 -0.05940
1650.0 150.0 -0.16403
1750.0 150.0 -0.26051
1850.0 150.0 -0.22263
1950.0 150.0 -0.01604
2050.0 150.0 0.27071
2150.0 150.0 0.51109
2250.0 150.0 0.60263
2350.0 150.0 0.50474
2450.0 150.0 0.25227
2550.0 150.0 -0.06267
2650.0 150.0 -0.40938
2750.0 150.0 -0.73272
2850.0 150.0 -0.92331
2950.0 150.0 -0.91412
3050.0 150.0 -0.72703
3150.0 150.0 -0.46466
3250.0 150.0 -0.24768
3350.0 150.0 -0.10185
3450.0 150.0 0.00987
3550.0 150.0 0.05177
3650.0 150.0 0.01243
3750.0 150.0 -0.08645
3850.0 150.0 -0.19870
3950.0 150.0 -0.27074
4050.0 150.0 -0.26728
4150.0 150.0 -0.20448
4250.0 150.0 -0.10743
4350.0 150.0 0.03322
4450.0 150.0 0.16841
4550.0 150.0 0.23805
4650.0 150.0 0.21115
4750.0 150.0 0.10044
4850.0 150.0 -0.04869
4950.0 150.0 -0.19457
5050.0 150.0 -0.33374
5150.0 150.0 -0.44119
5250.0 150.0 -0.47427
5350.0 150.0 -0.41213
5450.0 150.0 -0.27318
5550.0 150.0 -0.11108
5650.0 150.0 0.01080
5750.0 150.0 0.06632
5850.0 150.0 0.10361
5950.0 150.0 0.14118
6050.0 150.0 0.16562
6150.0 150.0 0.16388
6250.0 150.0 0.13345
6350.0 150.0 0.08488
50.0 250.0 -0.39484
150.0 250.0 -0.38681
250.0 250.0 -0.36105
350.0 250.0 -0.31803
450.0 250.0 -0.26883
550.0 250.0 -0.22698
650.0 250.0 -0.20257
750.0 250.0 -0.19865
850.0 250.0 -0.20978
950.0 250.0 -0.21651
1050.0 250.0 -0.18055
1150.0 250.0 -0.11033
1250.0 250.0 -0.04617
1350.0 250.0 -0.02693
1450.0 250.0 -0.07056
1550.0 250.0 -0.16855
1650.0 250.0 -0.29429
1750.0 250.0 -0.40897
1850.0 250.0 -0.38639
1950.0 250.0 -0.18264
2050.0 250.0 0.12226
2150.0 250.0 0.40236
2250.0 250.0 0.54623
2350.0 250.0 0.49841
2450.0 250.0 0.28192
2550.0 250.0 -0.00739
2650.0 250.0 -0.33594
2750.0 250.0 -0.65714
2850.0 250.0 -0.86428
2950.0 250.0 -0.88556
3050.0 250.0 -0.73219
3150.0 250.0 -0.49432
3250.0 250.0 -0.28479
3350.0 250.0 -0.13485
3450.0 250.0 -0.02407
3550.0 250.0 0.00222
3650.0 250.0 -0.06932
3750.0 250.0 -0.21206
3850.0 250.0 -0.37011
3950.0 250.0 -0.47905
4050.0 250.0 -0.49671
4150.0 250.0 -0.44291
4250.0 250.0 -0.34928
4350.0 250.0 -0.19923
4450.0 250.0 -0.03869
4550.0 250.0 0.06883
4650.0 250.0 0.08382
4750.0 250.0 0.00846
4850.0 250.0 -0.11956
4950.0 250.0 -0.25719
5050.0 250.0 -0.38790
5150.0 250.0 -0.47705
5250.0 250.0 -0.47878
5350.0 250.0 -0.37457
5450.0 250.0 -0.18952
5550.0 250.0 0.01419
5650.0 250.0 0.16640
5750.0 250.0 0.24087
5850.0 250.0 0.29422
5950.0 250.0 0.34507
6050.0 250.0 0.37326
6150.0 250.0 0.36099
6250.0 250.0 0.30676
6350.0 250.0 0.22816
50.0 350.0 -0.61751
150.0 350.0 -0.66102
250.0 350.0 -0.68687
350.0 350.0 -0.67770
450.0 350.0 -0.62765
550.0 350.0 -0.54735
650.0 350.0 -0.46112
750.0 350.0 -0.39630
850.0 350.0 -0.36470
950.0 350.0 -0.33371
1050.0 350.0 -0.24419
1150.0 350.0 -0.11313
1250.0 350.0 -0.00153
1350.0 350.0 0.03593
1450.0 350.0 -0.02109
1550.0 350.0 -0.15296
1650.0 350.0 -0.31674
1750.0 350.0 -0.46948
1850.0 350.0 -0.49912
1950.0 350.0 -0.35334
2050.0 350.0 -0.08867
2150.0 350.0 0.18678
2250.0 350.0 0.36316
2350.0 350.0 0.37025
2450.0 350.0 0.21032
2550.0 350.0 -0.02790
2650.0 350.0 -0.30566
2750.0 350.0 -0.58285
2850.0 350.0 -0.76177
2950.0 350.0 -0.77416
3050.0 350.0 -0.62626
3150.0 350.0 -0.39661
3250.0 350.0 -0.18654
3350.0 350.0 -0.02734
3450.0 350.0 0.08604
3550.0 350.0 0.09516
3650.0 350.0 -0.01783
3750.0 350.0 -0.22112
3850.0 350.0 -0.44571
3950.0 350.0 -0.61099
4050.0 350.0 -0.66335
4150.0 350.0 -0.62668
4250.0 350.0 -0.54248
4350.0 350.0 -0.38356
4450.0 350.0 -0.18961
4550.0 350.0 -0.02766
4650.0 350.0 0.05063
4750.0 350.0 0.03103
4850.0 350.0 -0.06189
4950.0 350.0 -0.18415
5050.0 350.0 -0.30469
5150.0 350.0 -0.38673
5250.0 350.0 -0.38025
5350.0 350.0 -0.26149
5450.0 350.0 -0.05297
5550.0 350.0 0.18160
5650.0 350.0 0.36755
5750.0 350.0 0.47455
5850.0 350.0 0.56101
5950.0 350.0 0.64554
6050.0 350.0 0.69598
6150.0 350.0 0.68266
6250.0 350.0 0.60157
6350.0 350.0 0.47954
50.0 450.0 -0.73711
150.0 450.0 -0.85002
250.0 450.0 -0.95047
350.0 450.0 -0.99855
450.0 450.0 -0.96382
550.0 450.0 -0.84933
650.0 450.0 -0.69441
750.0 450.0 -0.55615
850.0 450.0 -0.46963
950.0 450.0 -0.38855
1050.0 450.0 -0.22695
1150.0 450.0 -0.01283
1250.0 450.0 0.16503
1350.0 450.0 0.23025
1450.0 450.0 0.15847
1550.0 450.0 -0.01651
1650.0 450.0 -0.23017
1750.0 450.0 -0.43423
1850.0 450.0 -0.54255
1950.0 450.0 -0.49624
2050.0 450.0 -0.31783
2150.0 450.0 -0.08463
2250.0 450.0 0.10400
2350.0 450.0 0.16468
2450.0 450.0 0.07330
2550.0 450.0 -0.09724
2650.0 450.0 -0.30353
2750.0 450.0 -0.51119
2850.0 450.0 -0.63552
2950.0 450.0 -0.61660
3050.0 450.0 -0.45862
3150.0 450.0 -0.22847
3250.0 450.0 -0.01339
3350.0 450.0 0.15853
3450.0 450.0 0.28098
3550.0 450.0 0.28460
3650.0 450.0 0.14465
3750.0 450.0 -0.10590
3850.0 450.0 -0.38837
3950.0 450.0 -0.60732
4050.0 450.0 -0.69674
4150.0 450.0 -0.68189
4250.0 450.0 -0.61382
4350.0 450.0 -0.45633
4450.0 450.0 -0.24086
4550.0 450.0 -0.03467
4650.0 450.0 0.10094
4750.0 450.0 0.13594
4850.0 450.0 0.08047
4950.0 450.0 -0.02272
5050.0 450.0 -0.13388
5150.0 450.0 -0.22460
5250.0 450.0 -0.24070
5350.0 450.0 -0.14533
5450.0 450.0 0.05215
5550.0 450.0 0.29561
5650.0 450.0 0.50989
5750.0 450.0 0.65690
5850.0 450.0 0.78808
5950.0 450.0 0.92222
6050.0 450.0 1.01216
6150.0 450.0 1.01077
6250.0 450.0 0.90774
6350.0 450.0 0.73901
50.0 550.0 -0.69740
150.0 550.0 -0.88187
250.0 550.0 -1.06335
350.0 550.0 -1.17975
450.0 550.0 -1.17391
550.0 550.0 -1.03818
650.0 550.0 -0.82402
750.0 550.0 -0.61683
850.0 550.0 -0.47577
950.0 550.0 -0.34405
1050.0 550.0 -0.11166
1150.0 550.0 0.18144
1250.0 550.0 0.41904
1350.0 550.0 0.50438
1450.0 550.0 0.41091
1550.0 550.0 0.18815
1650.0 550.0 -0.07739
1750.0 550.0 -0.33407
1850.0 550.0 -0.52640
1950.0 550.0 -0.59073
2050.0 550.0 -0.51377
2150.0 550.0 -0.33850
2250.0 550.0 -0.15012
2350.0 550.0 -0.04281
2450.0 550.0 -0.06703
2550.0 550.0 -0.16881
2650.0 550.0 -0.30325
2750.0 550.0 -0.44245
2850.0 550.0 -0.51479
2950.0 550.0 -0.46803
3050.0 550.0 -0.30338
3150.0 550.0 -0.07508
3250.0 550.0 0.14421
3350.0 550.0 0.32924
3450.0 550.0 0.46748
3550.0 550.0 0.48575
3650.0 550.0 0.35120
3750.0 550.0 0.09118
3850.0 550.0 -0.21469
3950.0 550.0 -0.46368
4050.0 550.0 -0.58038
4150.0 550.0 -0.58674
4250.0 550.0 -0.53946
4350.0 550.0 -0.39928
4450.0 550.0 -0.18928
4550.0 550.0 0.02843
4650.0 550.0 0.19047
4750.0 550.0 0.25787
4850.0 550.0 0.22965
4950.0 550.0 0.14432
5050.0 550.0 0.03959
5150.0 550.0 -0.07380
5250.0 550.0 -0.13848
5350.0 550.0 -0.09957
5450.0 550.0 0.05445
5550.0 550.0 0.28249
5650.0 550.0 0.51313
5750.0 550.0 0.69851
5850.0 550.0 0.87593
5950.0 550.0 1.06472
6050.0 550.0 1.20316
6150.0 550.0 1.22497
6250.0 550.0 1.11091
6350.0 550.0 0.90360
50.0 650.0 -0.51497
150.0 650.0 -0.75659
250.0 650.0 -1.00612
350.0 650.0 -1.18463
450.0 650.0 -1.21254
550.0 650.0 -1.07123
650.0 650.0 -0.81919
750.0 650.0 -0.56248
850.0 650.0 -0.37955
950.0 650.0 -0.20866
1050.0 650.0 0.07413
1150.0 650.0 0.41787
1250.0 650.0 0.68648
1350.0 650.0 0.77072
1450.0 650.0 0.64625
1550.0 650.0 0.37770
1650.0 650.0 0.06899
1750.0 650.0 -0.22917
1850.0 650.0 -0.48745
1950.0 650.0 -0.63836
2050.0 650.0 -0.64048
2150.0 650.0 -0.50989
2250.0 650.0 -0.32090
2350.0 650.0 -0.17633
2450.0 650.0 -0.14745
2550.0 650.0 -0.19534
2650.0 650.0 -0.27782
2750.0 650.0 -0.37560
2850.0 650.0 -0.42613
2950.0 650.0 -0.37919
3050.0 650.0 -0.22854
3150.0 650.0 -0.01435
3250.0 650.0 0.20345
3350.0 650.0 0.39873
3450.0 650.0 0.55675
3550.0 650.0 0.60906
3650.0 650.0 0.51524
3750.0 650.0 0.29074
3850.0 650.0 0.00592
3950.0 650.0 -0.23943
4050.0 650.0 -0.36601
4150.0 650.0 -0.38798
4250.0 650.0 -0.36200
4350.0 650.0 -0.25334
4450.0 650.0 -0.07851
4550.0 650.0 0.11049
4650.0 650.0 0.25737
4750.0 650.0 0.32417
4850.0 650.0 0.30519
4950.0 650.0 0.23217
5050.0 650.0 0.13011
5150.0 650.0 -0.01180
5250.0 650.0 -0.13447
5350.0 650.0 -0.16519
5450.0 650.0 -0.07022
5550.0 650.0 0.12684
5650.0 650.0 0.36075
5750.0 650.0 0.57455
5850.0 650.0 0.78903
5950.0 650.0 1.02441
6050.0 650.0 1.20807
6150.0 650.0 1.25751
6250.0 650.0 1.14430
6350.0 650.0 0.91416
50.0 750.0 -0.26640
150.0 750.0 -0.53987
250.0 750.0 -0.83004
350.0 750.0 -1.04942
450.0 750.0 -1.10495
550.0 750.0 -0.96998
650.0 750.0 -0.70466
750.0 750.0 -0.42496
850.0 750.0 -0.22011
950.0 750.0 -0.02902
1050.0 750.0 0.27281
1150.0 750.0 0.62588
1250.0 750.0 0.88606
1350.0 750.0 0.94298
1450.0 750.0 0.77964
1550.0 750.0 0.47329
1650.0 750.0 0.13741
1750.0 750.0 -0.18301
1850.0 750.0 -0.47281
1950.0 750.0 -0.66031
2050.0 750.0 -0.69007
2150.0 750.0 -0.56692
2250.0 750.0 -0.36313
2350.0 750.0 -0.18924
2450.0 750.0 -0.12841
2550.0 750.0 -0.14731
2650.0 750.0 -0.21017
2750.0 750.0 -0.30877
2850.0 750.0 -0.38328
2950.0 750.0 -0.37694
3050.0 750.0 -0.26999
3150.0 750.0 -0.08721
3250.0 750.0 0.12080
3350.0 750.0 0.32137
3450.0 750.0 0.49863
3550.0 750.0 0.59553
3650.0 750.0 0.56608
3750.0 750.0 0.41061
3850.0 750.0 0.18288
3950.0 750.0 -0.02891
4050.0 750.0 -0.14746
4150.0 750.0 -0.17666
4250.0 750.0 -0.16807
4350.0 750.0 -0.09750
4450.0 750.0 0.02212
4550.0 750.0 0.15132
4650.0 750.0 0.24790
4750.0 750.0 0.28386
4850.0 750.0 0.25560
4950.0 750.0 0.18727
5050.0 750.0 0.08485
5150.0 750.0 -0.08066
5250.0 750.0 -0.24984
5350.0 750.0 -0.33751
5450.0 750.0 -0.29347
5550.0 750.0 -0.12753
5650.0 750.0 0.10092
5750.0 750.0 0.32885
5850.0 750.0 0.56411
5950.0 750.0 0.82795
6050.0 750.0 1.04241
6150.0 750.0 1.11505
6250.0 750.0 1.01063
6350.0 750.0 0.77460
50.0 850.0 -0.03172
150.0 850.0 -0.31322
250.0 850.0 -0.61642
350.0 850.0 -0.85242
450.0 850.0 -0.92382
550.0 850.0 -0.79995
650.0 850.0 -0.53914
750.0 850.0 -0.25826
850.0 850.0 -0.04929
950.0 850.0 0.14470
1050.0 850.0 0.43790
1150.0 850.0 0.76501
1250.0 850.0 0.98427
1350.0 850.0 0.99374
1450.0 850.0 0.78767
1550.0 850.0 0.45285
1650.0 850.0 0.10511
1750.0 850.0 -0.21966
1850.0 850.0 -0.50752
1950.0 850.0 -0.68144
2050.0 850.0 -0.68555
2150.0 850.0 -0.52906
2250.0 850.0 -0.29194
2350.0 850.0 -0.09267
2450.0 850.0 -0.01827
2550.0 850.0 -0.03110
2650.0 850.0 -0.10366
2750.0 850.0 -0.24062
2850.0 850.0 -0.37914
2950.0 850.0 -0.44852
3050.0 850.0 -0.41042
3150.0 850.0 -0.27352
3250.0 850.0 -0.08242
3350.0 850.0 0.11879
3450.0 850.0 0.31171
3550.0 850.0 0.45338
3650.0 850.0 0.49470
3750.0 850.0 0.42100
3850.0 850.0 0.26695
3950.0 850.0 0.10476
4050.0 850.0 0.00584
4150.0 850.0 -0.02333
4250.0 850.0 -0.02645
4350.0 850.0 0.00745
4450.0 850.0 0.06622
4550.0 850.0 0.12271
4650.0 850.0 0.15158
4750.0 850.0 0.13970
4850.0 850.0 0.09023
4950.0 850.0 0.02026
5050.0 850.0 -0.08388
5150.0 850.0 -0.26212
5250.0 850.0 -0.45548
5350.0 850.0 -0.57346
5450.0 850.0 -0.55811
5550.0 850.0 -0.41220
5650.0 850.0 -0.19157
5750.0 850.0 0.03841
5850.0 850.0 0.27905
5950.0 850.0 0.55275
6050.0 850.0 0.78085
6150.0 850.0 0.86753
6250.0 850.0 0.77400
6350.0 850.0 0.54362
50.0 950.0 0.19758
150.0 950.0 -0.08039
250.0 950.0 -0.38357
350.0 950.0 -0.62519
450.0 950.0 -0.70778
550.0 950.0 -0.59836
650.0 950.0 -0.35149
750.0 950.0 -0.08037
850.0 950.0 0.12410
950.0 950.0 0.31301
1050.0 950.0 0.58648
1150.0 950.0 0.87545
1250.0 950.0 1.04506
1350.0 950.0 1.00502
1450.0 950.0 0.76096
1550.0 950.0 0.40648
1650.0 950.0 0.05608
1750.0 950.0 -0.26394
1850.0 950.0 -0.53645
1950.0 950.0 -0.68014
2050.0 950.0 -0.64405
2150.0 950.0 -0.44669
2250.0 950.0 -0.17732
2350.0 950.0 0.03972
2450.0 950.0 0.11772
2550.0 950.0 0.10119
2650.0 950.0 0.00880
2750.0 950.0 -0.17621
2850.0 950.0 -0.38637
2950.0 950.0 -0.53602
3050.0 950.0 -0.56869
3150.0 950.0 -0.47851
3250.0 950.0 -0.30592
3350.0 950.0 -0.10683
3450.0 950.0 0.09821
3550.0 950.0 0.28021
3650.0 950.0 0.38788
3750.0 950.0 0.39267
3850.0 950.0 0.31072
3950.0 950.0 0.19811
4050.0 950.0 0.11957
4150.0 950.0 0.09124
4250.0 950.0 0.07755
4350.0 950.0 0.07643
4450.0 950.0 0.07586
4550.0 950.0 0.06028
4650.0 950.0 0.02082
4750.0 950.0 -0.04059
4850.0 950.0 -0.11343
4950.0 950.0 -0.18708
5050.0 950.0 -0.29310
5150.0 950.0 -0.47847
5250.0 950.0 -0.68509
5350.0 950.0 -0.82053
5450.0 950.0 -0.82318
5550.0 950.0 -0.69193
5650.0 950.0 -0.48006
5750.0 950.0 -0.25354
5850.0 950.0 -0.01497
5950.0 950.0 0.25759
6050.0 950.0 0.48689
6150.0 950.0 0.57786
6250.0 950.0 0.49121
6350.0 950.0 0.26865
50.0 1050.0 0.46719
150.0 1050.0 0.22019
250.0 1050.0 -0.05471
350.0 1050.0 -0.28191
450.0 1050.0 -0.37293
550.0 1050.0 -0.29452
650.0 1050.0 -0.09071
750.0 1050.0 0.14109
850.0 1050.0 0.32003
950.0 1050.0 0.48625
1050.0 1050.0 0.72148
1150.0 1050.0 0.96061
1250.0 1050.0 1.08439
1350.0 1050.0 1.01693
1450.0 1050.0 0.76972
1550.0 1050.0 0.43195
1650.0 1050.0 0.10739
1750.0 1050.0 -0.18464
1850.0 1050.0 -0.42215
1950.0 1050.0 -0.52902
2050.0 1050.0 -0.46706
2150.0 1050.0 -0.26392
2250.0 1050.0 -0.00889
2350.0 1050.0 0.18257
2450.0 1050.0 0.23541
2550.0 1050.0 0.19703
2650.0 1050.0 0.07666
2750.0 1050.0 -0.14587
2850.0 1050.0 -0.39901
2950.0 1050.0 -0.59030
3050.0 1050.0 -0.65727
3150.0 1050.0 -0.59116
3250.0 1050.0 -0.43358
3350.0 1050.0 -0.24505
3450.0 1050.0 -0.04034
3550.0 1050.0 0.16298
3650.0 1050.0 0.31230
3750.0 1050.0 0.36872
3850.0 1050.0 0.33415
3950.0 1050.0 0.25197
4050.0 1050.0 0.18138
4150.0 1050.0 0.14578
4250.0 1050.0 0.11636
4350.0 1050.0 0.08238
4450.0 1050.0 0.03315
4550.0 1050.0 -0.03783
4650.0 1050.0 -0.12782
4750.0 1050.0 -0.22532
4850.0 1050.0 -0.31612
4950.0 1050.0 -0.39489
5050.0 1050.0 -0.50275
5150.0 1050.0 -0.68713
5250.0 1050.0 -0.89254
5350.0 1050.0 -1.03026
5450.0 1050.0 -1.04094
5550.0 1050.0 -0.92307
5650.0 1050.0 -0.72737
5750.0 1050.0 -0.51706
5850.0 1050.0 -0.29789
5950.0 1050.0 -0.05690
6050.0 1050.0 0.13473
6150.0 1050.0 0.19524
6250.0 1050.0 0.09574
6350.0 1050.0 -0.11974
50.0 1150.0 0.70985
150.0 1150.0 0.53102
250.0 1150.0 0.32438
350.0 1150.0 0.14259
450.0 1150.0 0.05231
550.0 1150.0 0.08306
650.0 1150.0 0.20911
750.0 1150.0 0.36435
850.0 1150.0 0.49011
950.0 1150.0 0.61021
1050.0 1150.0 0.78357
1150.0 1150.0 0.95971
1250.0 1150.0 1.04635
1350.0 1150.0 0.98486
1450.0 1150.0 0.78430
1550.0 1150.0 0.51385
1650.0 1150.0 0.25386
1750.0 1150.0 0.02110
1850.0 1150.0 -0.15410
1950.0 1150.0 -0.21299
2050.0 1150.0 -0.14098
2150.0 1150.0 0.02455
2250.0 1150.0 0.20594
2350.0 1150.0 0.31564
2450.0 1150.0 0.30540
2550.0 1150.0 0.22097
2650.0 1150.0 0.06361
2750.0 1150.0 -0.17720
2850.0 1150.0 -0.42708
2950.0 1150.0 -0.59932
3050.0 1150.0 -0.64384
3150.0 1150.0 -0.56625
3250.0 1150.0 -0.41704
3350.0 1150.0 -0.25027
3450.0 1150.0 -0.06330
3550.0 1150.0 0.13368
3650.0 1150.0 0.28805
3750.0 1150.0 0.35597
3850.0 1150.0 0.33182
3950.0 1150.0 0.25177
4050.0 1150.0 0.17135
4150.0 1150.0 0.11746
4250.0 1150.0 0.06710
4350.0 1150.0 0.00934
4450.0 1150.0 -0.06359
4550.0 1150.0 -0.15450
4650.0 1150.0 -0.25866
4750.0 1150.0 -0.36518
4850.0 1150.0 -0.46246
4950.0 1150.0 -0.54770
5050.0 1150.0 -0.65712
5150.0 1150.0 -0.82882
5250.0 1150.0 -1.01207
5350.0 1150.0 -1.12981
5450.0 1150.0 -1.13321
5550.0 1150.0 -1.02554
5650.0 1150.0 -0.85522
5750.0 1150.0 -0.67811
5850.0 1150.0 -0.50091
5950.0 1150.0 -0.32883
6050.0 1150.0 -0.22005
6150.0 1150.0 -0.22733
6250.0 1150.0 -0.35664
6350.0 1150.0 -0.55849
50.0 1250.0 0.82529
150.0 1250.0 0.74184
250.0 1250.0 0.63494
350.0 1250.0 0.52632
450.0 1250.0 0.45064
550.0 1250.0 0.42917
650.0 1250.0 0.45839
750.0 1250.0 0.51351
850.0 1250.0 0.56696
950.0 1250.0 0.62433
1050.0 1250.0 0.72043
1150.0 1250.0 0.82753
1250.0 1250.0 0.88796
1350.0 1250.0 0.86138
1450.0 1250.0 0.74731
1550.0 1250.0 0.58289
1650.0 1250.0 0.41595
1750.0 1250.0 0.26505
1850.0 1250.0 0.17313
1950.0 1250.0 0.17337
2050.0 1250.0 0.24865
2150.0 1250.0 0.35045
2250.0 1250.0 0.41988
2350.0 1250.0 0.41016
2450.0 1250.0 0.31046
2550.0 1250.0 0.16279
2650.0 1250.0 -0.03550
2750.0 1250.0 -0.27403
2850.0 1250.0 -0.47711
2950.0 1250.0 -0.57501
3050.0 1250.0 -0.54596
3150.0 1250.0 -0.42455
3250.0 1250.0 -0.27634
3350.0 1250.0 -0.13925
3450.0 1250.0 0.01656
3550.0 1250.0 0.18449
3650.0 1250.0 0.31300
3750.0 1250.0 0.35812
3850.0 1250.0 0.31285
3950.0 1250.0 0.21114
4050.0 1250.0 0.10663
4150.0 1250.0 0.02644
4250.0 1250.0 -0.04636
4350.0 1250.0 -0.11316
4450.0 1250.0 -0.17765
4550.0 1250.0 -0.24566
4650.0 1250.0 -0.32133
4750.0 1250.0 -0.40540
4850.0 1250.0 -0.49528
4950.0 1250.0 -0.58714
5050.0 1250.0 -0.69769
5150.0 1250.0 -0.84719
5250.0 1250.0 -0.99119
5350.0 1250.0 -1.07033
5450.0 1250.0 -1.05289
5550.0 1250.0 -0.95118
5650.0 1250.0 -0.81184
5750.0 1250.0 -0.67993
5850.0 1250.0 -0.56013
5950.0 1250.0 -0.47913
6050.0 1250.0 -0.47635
6150.0 1250.0 -0.56586
6250.0 1250.0 -0.72454
6350.0 1250.0 -0.89803
50.0 1350.0 0.76180
150.0 1350.0 0.77982
250.0 1350.0 0.78282
350.0 1350.0 0.76066
450.0 1350.0 0.71269
550.0 1350.0 0.64868
650.0 1350.0 0.58564
750.0 1350.0 0.54054
850.0 1350.0 0.51898
950.0 1350.0 0.51066
1050.0 1350.0 0.52871
1150.0 1350.0 0.57041
1250.0 1350.0 0.61349
1350.0 1350.0 0.63458
1450.0 1350.0 0.62063
1550.0 1350.0 0.57324
1650.0 1350.0 0.50592
1750.0 1350.0 0.44152
1850.0 1350.0 0.43888
1950.0 1350.0 0.50496
2050.0 1350.0 0.58874
2150.0 1350.0 0.62883
2250.0 1350.0 0.58487
2350.0 1350.0 0.45211
2450.0 1350.0 0.25903
2550.0 1350.0 0.04500
2650.0 1350.0 -0.19141
2750.0 1350.0 -0.41401
2850.0 1350.0 -0.54700
2950.0 1350.0 -0.54297
3050.0 1350.0 -0.41549
3150.0 1350.0 -0.23416
3250.0 1350.0 -0.08183
3350.0 1350.0 0.02423
3450.0 1350.0 0.14490
3550.0 1350.0 0.27523
3650.0 1350.0 0.36519
3750.0 1350.0 0.37300
3850.0 1350.0 0.29326
3950.0 1350.0 0.16025
4050.0 1350.0 0.02674
4150.0 1350.0 -0.08150
4250.0 1350.0 -0.17379
4350.0 1350.0 -0.23499
4450.0 1350.0 -0.26450
4550.0 1350.0 -0.27637
4650.0 1350.0 -0.29156
4750.0 1350.0 -0.32985
4850.0 1350.0 -0.40155
4950.0 1350.0 -0.49892
5050.0 1350.0 -0.61016
5150.0 1350.0 -0.73401
5250.0 1350.0 -0.83247
5350.0 1350.0 -0.86563
5450.0 1350.0 -0.82100
5550.0 1350.0 -0.72162
5650.0 1350.0 -0.61293
5750.0 1350.0 -0.52832
5850.0 1350.0 -0.46776
5950.0 1350.0 -0.47558
6050.0 1350.0 -0.57011
6150.0 1350.0 -0.72707
6250.0 1350.0 -0.89700
6350.0 1350.0 -1.02497
50.0 1450.0 0.54907
150.0 1450.0 0.65115
250.0 1450.0 0.74871
350.0 1450.0 0.80615
450.0 1450.0 0.79237
550.0 1450.0 0.70510
650.0 1450.0 0.57553
750.0 1450.0 0.45321
850.0 1450.0 0.37126
950.0 1450.0 0.30901
1050.0 1450.0 0.26292
1150.0 1450.0 0.25074
1250.0 1450.0 0.27929
1350.0 1450.0 0.33920
1450.0 1450.0 0.40717
1550.0 1450.0 0.45568
1650.0 1450.0 0.47006
1750.0 1450.0 0.47710
1850.0 1450.0 0.55239
1950.0 1450.0 0.68361
2050.0 1450.0 0.79053
2150.0 1450.0 0.79764
2250.0 1450.0 0.67572
2350.0 1450.0 0.45136
2450.0 1450.0 0.18475
2550.0 1450.0 -0.08355
2650.0 1450.0 -0.34990
2750.0 1450.0 -0.55581
2850.0 1450.0 -0.62575
2950.0 1450.0 -0.53180
3050.0 1450.0 -0.31800
3150.0 1450.0 -0.08386
3250.0 1450.0 0.07325
3350.0 1450.0 0.15396
3450.0 1450.0 0.24660
3550.0 1450.0 0.34854
3650.0 1450.0 0.41085
3750.0 1450.0 0.39275
3850.0 1450.0 0.28903
3950.0 1450.0 0.13333
4050.0 1450.0 -0.02270
4150.0 1450.0 -0.15380
4250.0 1450.0 -0.25963
4350.0 1450.0 -0.30728
4450.0 1450.0 -0.29263
4550.0 1450.0 -0.23954
4650.0 1450.0 -0.18707
4750.0 1450.0 -0.17472
4850.0 1450.0 -0.22538
4950.0 1450.0 -0.32640
5050.0 1450.0 -0.43808
5150.0 1450.0 -0.54032
5250.0 1450.0 -0.60039
5350.0 1450.0 -0.59450
5450.0 1450.0 -0.52627
5550.0 1450.0 -0.42782
5650.0 1450.0 -0.34378
5750.0 1450.0 -0.29790
5850.0 1450.0 -0.28431
5950.0 1450.0 -0.35572
6050.0 1450.0 -0.51153
6150.0 1450.0 -0.69909
6250.0 1450.0 -0.85295
6350.0 1450.0 -0.92352
50.0 1550.0 0.28199
150.0 1550.0 0.43396
250.0 1550.0 0.59100
350.0 1550.0 0.70329
450.0 1550.0 0.72053
550.0 1550.0 0.63093
650.0 1550.0 0.47135
750.0 1550.0 0.30873
850.0 1550.0 0.19261
950.0 1550.0 0.09837
1050.0 1550.0 0.01124
1150.0 1550.0 -0.04010
1250.0 1550.0 -0.03069
1350.0 1550.0 0.04066
1450.0 1550.0 0.14728
1550.0 1550.0 0.24644
1650.0 1550.0 0.30704
1750.0 1550.0 0.35657
1850.0 1550.0 0.48537
1950.0 1550.0 0.67371
2050.0 1550.0 0.82183
2150.0 1550.0 0.83996
2250.0 1550.0 0.69831
2350.0 1550.0 0.43647
2450.0 1550.0 0.13222
2550.0 1550.0 -0.16773
2650.0 1550.0 -0.45380
2750.0 1550.0 -0.65593
2850.0 1550.0 -0.69819
2950.0 1550.0 -0.56207
3050.0 1550.0 -0.30703
3150.0 1550.0 -0.04806
3250.0 1550.0 0.10955
3350.0 1550.0 0.17542
3450.0 1550.0 0.25551
3550.0 1550.0 0.35265
3650.0 1550.0 0.41790
3750.0 1550.0 0.40715
3850.0 1550.0 0.31009
3950.0 1550.0 0.15544
4050.0 1550.0 -0.00768
4150.0 1550.0 -0.15152
4250.0 1550.0 -0.26435
4350.0 1550.0 -0.30084
4450.0 1550.0 -0.25479
4550.0 1550.0 -0.15687
4650.0 1550.0 -0.05835
4750.0 1550.0 -0.01165
4850.0 1550.0 -0.04780
4950.0 1550.0 -0.15063
5050.0 1550.0 -0.26281
5150.0 1550.0 -0.35350
5250.0 1550.0 -0.39312
5350.0 1550.0 -0.36695
5450.0 1550.0 -0.28742
5550.0 1550.0 -0.19142
5650.0 1550.0 -0.12276
5750.0 1550.0 -0.09968
5850.0 1550.0 -0.11148
5950.0 1550.0 -0.20838
6050.0 1550.0 -0.37669
6150.0 1550.0 -0.55108
6250.0 1550.0 -0.66382
6350.0 1550.0 -0.67571
50.0 1650.0 0.05556
150.0 1650.0 0.22248
250.0 1650.0 0.40111
350.0 1650.0 0.53842
450.0 1650.0 0.57706
550.0 1650.0 0.49967
650.0 1650.0 0.34177
750.0 1650.0 0.17333
850.0 1650.0 0.04887
950.0 1650.0 -0.05542
1050.0 1650.0 -0.16168
1150.0 1650.0 -0.24034
1250.0 1650.0 -0.25889
1350.0 1650.0 -0.20811
1450.0 1650.0 -0.11012
1550.0 1650.0 -0.00809
1650.0 1650.0 0.06232
1750.0 1650.0 0.12500
1850.0 1650.0 0.28151
1950.0 1650.0 0.51606
2050.0 1650.0 0.71957
2150.0 1650.0 0.78867
2250.0 1650.0 0.68228
2350.0 1650.0 0.43526
2450.0 1650.0 0.12880
2550.0 1650.0 -0.18015
2650.0 1650.0 -0.47786
2750.0 1650.0 -0.69521
2850.0 1650.0 -0.75461
2950.0 1650.0 -0.63490
3050.0 1650.0 -0.39329
3150.0 1650.0 -0.14380
3250.0 1650.0 0.00770
3350.0 1650.0 0.06922
3450.0 1650.0 0.15322
3550.0 1650.0 0.27188
3650.0 1650.0 0.37506
3750.0 1650.0 0.41007
3850.0 1650.0 0.35503
3950.0 1650.0 0.22846
4050.0 1650.0 0.07515
4150.0 1650.0 -0.07109
4250.0 1650.0 -0.18636
4350.0 1650.0 -0.22138
4450.0 1650.0 -0.16937
4550.0 1650.0 -0.06234
4650.0 1650.0 0.04580
4750.0 1650.0 0.09972
4850.0 1650.0 0.06653
4950.0 1650.0 -0.03698
5050.0 1650.0 -0.14994
5150.0 1650.0 -0.24021
5250.0 1650.0 -0.27931
5350.0 1650.0 -0.25411
5450.0 1650.0 -0.17800
5550.0 1650.0 -0.08769
5650.0 1650.0 -0.02593
5750.0 1650.0 -0.00976
5850.0 1650.0 -0.02589
5950.0 1650.0 -0.11395
6050.0 1650.0 -0.25372
6150.0 1650.0 -0.38172
6250.0 1650.0 -0.43922
6350.0 1650.0 -0.39999
50.0 1750.0 -0.12352
150.0 1750.0 0.04237
250.0 1750.0 0.22374
350.0 1750.0 0.36882
450.0 1750.0 0.41927
550.0 1750.0 0.35509
650.0 1750.0 0.20854
750.0 1750.0 0.04704
850.0 1750.0 -0.07511
950.0 1750.0 -0.17969
1050.0 1750.0 -0.29357
1150.0 1750.0 -0.39021
1250.0 1750.0 -0.43483
1350.0 1750.0 -0.41267
1450.0 1750.0 -0.33926
1550.0 1750.0 -0.25270
1650.0 1750.0 -0.18796
1750.0 1750.0 -0.12555
1850.0 1750.0 0.04481
1950.0 1750.0 0.31512
2050.0 1750.0 0.57211
2150.0 1750.0 0.70073
2250.0 1750.0 0.64591
2350.0 1750.0 0.43150
2450.0 1750.0 0.13628
2550.0 1750.0 -0.17234
2650.0 1750.0 -0.47816
2750.0 1750.0 -0.71818
2850.0 1750.0 -0.81281
2950.0 1750.0 -0.73345
3050.0 1750.0 -0.52793
3150.0 1750.0 -0.30244
3250.0 1750.0 -0.16032
3350.0 1750.0 -0.09942
3450.0 1750.0 -0.00576
3550.0 1750.0 0.14360
3650.0 1750.0 0.29720
3750.0 1750.0 0.39224
3850.0 1750.0 0.39302
3950.0 1750.0 0.30576
4050.0 1750.0 0.16994
4150.0 1750.0 0.02650
4250.0 1750.0 -0.08769
4350.0 1750.0 -0.12209
4450.0 1750.0 -0.07048
4550.0 1750.0 0.03491
4650.0 1750.0 0.14048
4750.0 1750.0 0.19164
4850.0 1750.0 0.15627
4950.0 1750.0 0.05140
5050.0 1750.0 -0.06408
5150.0 1750.0 -0.16114
5250.0 1750.0 -0.21120
5350.0 1750.0 -0.19882
5450.0 1750.0 -0.13433
5550.0 1750.0 -0.05196
5650.0 1750.0 0.00657
5750.0 1750.0 0.02307
5850.0 1750.0 0.01193
5950.0 1750.0 -0.05329
6050.0 1750.0 -0.14919
6150.0 1750.0 -0.22015
6250.0 1750.0 -0.22061
6350.0 1750.0 -0.13740
50.0 1850.0 -0.20848
150.0 1850.0 -0.06544
250.0 1850.0 0.08606
350.0 1850.0 0.19936
450.0 1850.0 0.22518
550.0 1850.0 0.14964
650.0 1850.0 0.00508
750.0 1850.0 -0.14660
850.0 1850.0 -0.25801
950.0 1850.0 -0.35069
1050.0 1850.0 -0.44271
1150.0 1850.0 -0.50995
1250.0 1850.0 -0.52751
1350.0 1850.0 -0.48982
1450.0 1850.0 -0.41623
1550.0 1850.0 -0.34221
1650.0 1850.0 -0.29596
1750.0 1850.0 -0.25293
1850.0 1850.0 -0.10147
1950.0 1850.0 0.15542
2050.0 1850.0 0.40980
2150.0 1850.0 0.54797
2250.0 1850.0 0.51077
2350.0 1850.0 0.31424
2450.0 1850.0 0.03043
2550.0 1850.0 -0.27206
2650.0 1850.0 -0.57727
2750.0 1850.0 -0.82772
2850.0 1850.0 -0.94444
2950.0 1850.0 -0.89472
3050.0 1850.0 -0.71912
3150.0 1850.0 -0.51621
3250.0 1850.0 -0.38514
3350.0 1850.0 -0.32769
3450.0 1850.0 -0.23213
3550.0 1850.0 -0.06823
3650.0 1850.0 0.11526
3750.0 1850.0 0.25211
3850.0 1850.0 0.29822
3950.0 1850.0 0.24961
4050.0 1850.0 0.13865
4150.0 1850.0 0.00909
4250.0 1850.0 -0.08449
4350.0 1850.0 -0.08007
4450.0 1850.0 0.02289
4550.0 1850.0 0.17901
4650.0 1850.0 0.32224
4750.0 1850.0 0.39129
4850.0 1850.0 0.35525
4950.0 1850.0 0.23943
5050.0 1850.0 0.10700
5150.0 1850.0 -0.02015
5250.0 1850.0 -0.10918
5350.0 1850.0 -0.13407
5450.0 1850.0 -0.09547
5550.0 1850.0 -0.02309
5650.0 1850.0 0.03946
5750.0 1850.0 0.06734
5850.0 1850.0 0.07361
5950.0 1850.0 0.04553
6050.0 1850.0 0.00385
6150.0 1850.0 -0.01044
6250.0 1850.0 0.03259
6350.0 1850.0 0.13660
50.0 1950.0 -0.15589
150.0 1950.0 -0.06785
250.0 1950.0 0.00962
350.0 1950.0 0.04165
450.0 1950.0 0.00143
550.0 1950.0 -0.10859
650.0 1950.0 -0.25423
750.0 1950.0 -0.38569
850.0 1950.0 -0.47221
950.0 1950.0 -0.53519
1050.0 1950.0 -0.56541
1150.0 1950.0 -0.54168
1250.0 1950.0 -0.46581
1350.0 1950.0 -0.36059
1450.0 1950.0 -0.26157
1550.0 1950.0 -0.20282
1650.0 1950.0 -0.19656
1750.0 1950.0 -0.20161
1850.0 1950.0 -0.11497
1950.0 1950.0 0.06276
2050.0 1950.0 0.24242
2150.0 1950.0 0.32844
2250.0 1950.0 0.26932
2350.0 1950.0 0.07572
2450.0 1950.0 -0.19403
2550.0 1950.0 -0.48156
2650.0 1950.0 -0.77212
2750.0 1950.0 -1.01208
2850.0 1950.0 -1.12733
2950.0 1950.0 -1.08686
3050.0 1950.0 -0.92821
3150.0 1950.0 -0.74336
3250.0 1950.0 -0.62513
3350.0 1950.0 -0.57553
3450.0 1950.0 -0.49137
3550.0 1950.0 -0.34180
3650.0 1950.0 -0.16647
3750.0 1950.0 -0.02352
3850.0 1950.0 0.04473
3950.0 1950.0 0.02879
4050.0 1950.0 -0.04818
4150.0 1950.0 -0.14721
4250.0 1950.0 -0.19357
4350.0 1950.0 -0.10357
4450.0 1950.0 0.10973
4550.0 1950.0 0.37200
4650.0 1950.0 0.59091
4750.0 1950.0 0.69235
4850.0 1950.0 0.64992
4950.0 1950.0 0.50731
5050.0 1950.0 0.33708
5150.0 1950.0 0.14988
5250.0 1950.0 -0.01047
5350.0 1950.0 -0.09665
5450.0 1950.0 -0.09254
5550.0 1950.0 -0.02326
5650.0 1950.0 0.05945
5750.0 1950.0 0.11645
5850.0 1950.0 0.15846
5950.0 1950.0 0.18621
6050.0 1950.0 0.20839
6150.0 1950.0 0.24209
6250.0 1950.0 0.29973
6350.0 1950.0 0.38278
50.0 2050.0 -0.00354
150.0 2050.0 0.00574
250.0 2050.0 -0.01771
350.0 2050.0 -0.09066
450.0 2050.0 -0.20939
550.0 2050.0 -0.35173
650.0 2050.0 -0.48493
750.0 2050.0 -0.57932
850.0 2050.0 -0.62788
950.0 2050.0 -0.64820
1050.0 2050.0 -0.59244
1150.0 2050.0 -0.44477
1250.0 2050.0 -0.24461
1350.0 2050.0 -0.05340
1450.0 2050.0 0.07260
1550.0 2050.0 0.10331
1650.0 2050.0 0.04978
1750.0 2050.0 -0.02528
1850.0 2050.0 -0.03383
1950.0 2050.0 0.02662
2050.0 2050.0 0.09444
2150.0 2050.0 0.10114
2250.0 2050.0 0.00719
2350.0 2050.0 -0.18401
2450.0 2050.0 -0.43394
2550.0 2050.0 -0.69942
2650.0 2050.0 -0.96334
2750.0 2050.0 -1.17375
2850.0 2050.0 -1.26498
2950.0 2050.0 -1.21313
3050.0 2050.0 -1.05713
3150.0 2050.0 -0.88410
3250.0 2050.0 -0.77904
3350.0 2050.0 -0.74073
3450.0 2050.0 -0.68012
3550.0 2050.0 -0.57282
3650.0 2050.0 -0.44412
3750.0 2050.0 -0.33323
3850.0 2050.0 -0.27042
3950.0 2050.0 -0.26489
4050.0 2050.0 -0.30350
4150.0 2050.0 -0.35933
4250.0 2050.0 -0.34223
4350.0 2050.0 -0.14668
4450.0 2050.0 0.19446
4550.0 2050.0 0.57119
4650.0 2050.0 0.86211
4750.0 2050.0 0.98307
4850.0 2050.0 0.91841
4950.0 2050.0 0.73503
5050.0 2050.0 0.51246
5150.0 2050.0 0.24960
5250.0 2050.0 0.00711
5350.0 2050.0 -0.14070
5450.0 2050.0 -0.15961
5550.0 2050.0 -0.07425
5650.0 2050.0 0.04827
5750.0 2050.0 0.14961
5850.0 2050.0 0.24095
5950.0 2050.0 0.33503
6050.0 2050.0 0.42038
6150.0 2050.0 0.48432
6250.0 2050.0 0.52280
6350.0 2050.0 0.54335
50.0 2150.0 0.16810
150.0 2150.0 0.09340
250.0 2150.0 -0.02872
350.0 2150.0 -0.19331
450.0 2150.0 -0.36725
550.0 2150.0 -0.51376
650.0 2150.0 -0.60878
750.0 2150.0 -0.64923
850.0 2150.0 -0.65318
950.0 2150.0 -0.62827
1050.0 2150.0 -0.48884
1150.0 2150.0 -0.22803
1250.0 2150.0 0.07706
1350.0 2150.0 0.32964
1450.0 2150.0 0.45834
1550.0 2150.0 0.44271
1650.0 2150.0 0.31940
1750.0 2150.0 0.16843
1850.0 2150.0 0.06318
1950.0 2150.0 0.01296
2050.0 2150.0 -0.01596
2150.0 2150.0 -0.06805
2250.0 2150.0 -0.17627
2350.0 2150.0 -0.35004
2450.0 2150.0 -0.57338
2550.0 2150.0 -0.81444
2650.0 2150.0 -1.04676
2750.0 2150.0 -1.21825
2850.0 2150.0 -1.27309
2950.0 2150.0 -1.19731
3050.0 2150.0 -1.03404
3150.0 2150.0 -0.86723
3250.0 2150.0 -0.77403
3350.0 2150.0 -0.74804
3450.0 2150.0 -0.71698
3550.0 2150.0 -0.66763
3650.0 2150.0 -0.60891
3750.0 2150.0 -0.55547
3850.0 2150.0 -0.51916
3950.0 2150.0 -0.50439
4050.0 2150.0 -0.50711
4150.0 2150.0 -0.51640
4250.0 2150.0 -0.43721
4350.0 2150.0 -0.15267
4450.0 2150.0 0.28266
4550.0 2150.0 0.72867
4650.0 2150.0 1.04517
4750.0 2150.0 1.14885
4850.0 2150.0 1.04179
4950.0 2150.0 0.81124
5050.0 2150.0 0.53439
5150.0 2150.0 0.20182
5250.0 2150.0 -0.10639
5350.0 2150.0 -0.29086
5450.0 2150.0 -0.30464
5550.0 2150.0 -0.17867
5650.0 2150.0 -0.00086
5750.0 2150.0 0.15117
5850.0 2150.0 0.29492
5950.0 2150.0 0.45287
6050.0 2150.0 0.58999
6150.0 2150.0 0.66396
6250.0 2150.0 0.65793
6350.0 2150.0 0.59150
50.0 2250.0 0.27229
150.0 2250.0 0.12871
250.0 2250.0 -0.06245
350.0 2250.0 -0.27527
450.0 2250.0 -0.45665
550.0 2250.0 -0.56635
650.0 2250.0 -0.59698
750.0 2250.0 -0.57405
850.0 2250.0 -0.53592
950.0 2250.0 -0.47444
1050.0 2250.0 -0.27842
1150.0 2250.0 0.04703
1250.0 2250.0 0.39743
1350.0 2250.0 0.65575
1450.0 2250.0 0.74849
1550.0 2250.0 0.67099
1650.0 2250.0 0.48183
1750.0 2250.0 0.26727
1850.0 2250.0 0.09249
1950.0 2250.0 -0.02123
2050.0 2250.0 -0.08772
2150.0 2250.0 -0.14081
2250.0 2250.0 -0.21926
2350.0 2250.0 -0.35210
2450.0 2250.0 -0.54412
2550.0 2250.0 -0.76400
2650.0 2250.0 -0.96879
2750.0 2250.0 -1.10555
2850.0 2250.0 -1.12700
2950.0 2250.0 -1.02814
3050.0 2250.0 -0.85630
3150.0 2250.0 -0.69326
3250.0 2250.0 -0.60959
3350.0 2250.0 -0.59411
3450.0 2250.0 -0.59000
3550.0 2250.0 -0.59540
3650.0 2250.0 -0.60502
3750.0 2250.0 -0.61074
3850.0 2250.0 -0.60638
3950.0 2250.0 -0.59020
4050.0 2250.0 -0.56503
4150.0 2250.0 -0.53500
4250.0 2250.0 -0.41157
4350.0 2250.0 -0.08281
4450.0 2250.0 0.37820
4550.0 2250.0 0.81637
4650.0 2250.0 1.09090
4750.0 2250.0 1.13355
4850.0 2250.0 0.96859
4950.0 2250.0 0.69472
5050.0 2250.0 0.37472
5150.0 2250.0 -0.00326
5250.0 2250.0 -0.34157
5350.0 2250.0 -0.52418
5450.0 2250.0 -0.50088
5550.0 2250.0 -0.31544
5650.0 2250.0 -0.07778
5750.0 2250.0 0.11988
5850.0 2250.0 0.30754
5950.0 2250.0 0.51539
6050.0 2250.0 0.68751
6150.0 2250.0 0.75784
6250.0 2250.0 0.70136
6350.0 2250.0 0.55083
50.0 2350.0 0.24883
150.0 2350.0 0.06587
250.0 2350.0 -0.14939
350.0 2350.0 -0.35498
450.0 2350.0 -0.49173
550.0 2350.0 -0.52841
650.0 2350.0 -0.47952
750.0 2350.0 -0.39564
850.0 2350.0 -0.32636
950.0 2350.0 -0.24480
1050.0 2350.0 -0.03297
1150.0 2350.0 0.29085
1250.0 2350.0 0.61153
1350.0 2350.0 0.81236
1450.0 2350.0 0.83265
1550.0 2350.0 0.68741
1650.0 2350.0 0.44908
1750.0 2350.0 0.19666
1850.0 2350.0 -0.00272
1950.0 2350.0 -0.11150
2050.0 2350.0 -0.13680
2150.0 2350.0 -0.11994
2250.0 2350.0 -0.11969
2350.0 2350.0 -0.18968
2450.0 2350.0 -0.34984
2550.0 2350.0 -0.55619
2650.0 2350.0 -0.74509
2750.0 2350.0 -0.86350
2850.0 2350.0 -0.86916
2950.0 2350.0 -0.76159
3050.0 2350.0 -0.58942
3150.0 2350.0 -0.43199
3250.0 2350.0 -0.35550
3350.0 2350.0 -0.34663
3450.0 2350.0 -0.35906
3550.0 2350.0 -0.39788
3650.0 2350.0 -0.44898
3750.0 2350.0 -0.49030
3850.0 2350.0 -0.50472
3950.0 2350.0 -0.48691
4050.0 2350.0 -0.44411
4150.0 2350.0 -0.38973
4250.0 2350.0 -0.24914
4350.0 2350.0 0.06961
4450.0 2350.0 0.48187
4550.0 2350.0 0.83591
4650.0 2350.0 1.00889
4750.0 2350.0 0.95881
4850.0 2350.0 0.73220
4950.0 2350.0 0.42775
5050.0 2350.0 0.08441
5150.0 2350.0 -0.30643
5250.0 2350.0 -0.63500
5350.0 2350.0 -0.78017
5450.0 2350.0 -0.69801
5550.0 2350.0 -0.44842
5650.0 2350.0 -0.15969
5750.0 2350.0 0.06895
5850.0 2350.0 0.28376
5950.0 2350.0 0.52177
6050.0 2350.0 0.71395
6150.0 2350.0 0.77978
6250.0 2350.0 0.68965
6350.0 2350.0 0.48505
50.0 2450.0 0.09324
150.0 2450.0 -0.09812
250.0 2450.0 -0.29598
350.0 2450.0 -0.44896
450.0 2450.0 -0.50443
550.0 2450.0 -0.44923
650.0 2450.0 -0.32065
750.0 2450.0 -0.18746
850.0 2450.0 -0.10112
950.0 2450.0 -0.01657
1050.0 2450.0 0.17354
1150.0 2450.0 0.43867
1250.0 2450.0 0.66892
1350.0 2450.0 0.76572
1450.0 2450.0 0.69226
1550.0 2450.0 0.48383
1650.0 2450.0 0.21773
1750.0 2450.0 -0.04478
1850.0 2450.0 -0.22517
1950.0 2450.0 -0.26757
2050.0 2450.0 -0.18510
2150.0 2450.0 -0.04213
2250.0 2450.0 0.07200
2350.0 2450.0 0.07740
2450.0 2450.0 -0.05413
2550.0 2450.0 -0.25555
2650.0 2450.0 -0.44235
2750.0 2450.0 -0.56321
2850.0 2450.0 -0.57668
2950.0 2450.0 -0.48102
3050.0 2450.0 -0.32183
3150.0 2450.0 -0.17489
3250.0 2450.0 -0.10403
3350.0 2450.0 -0.09749
3450.0 2450.0 -0.11325
3550.0 2450.0 -0.15652
3650.0 2450.0 -0.21061
3750.0 2450.0 -0.25107
3850.0 2450.0 -0.26009
3950.0 2450.0 -0.23369
4050.0 2450.0 -0.18163
4150.0 2450.0 -0.11901
4250.0 2450.0 0.01373
4350.0 2450.0 0.28002
4450.0 2450.0 0.59134
4550.0 2450.0 0.81367
4650.0 2450.0 0.85412
4750.0 2450.0 0.70151
4850.0 2450.0 0.42081
4950.0 2450.0 0.10145
5050.0 2450.0 -0.24532
5150.0 2450.0 -0.62130
5250.0 2450.0 -0.91131
5350.0 2450.0 -0.99899
5450.0 2450.0 -0.85285
5550.0 2450.0 -0.54823
5650.0 2450.0 -0.22533
5750.0 2450.0 0.01683
5850.0 2450.0 0.24111
5950.0 2450.0 0.49188
6050.0 2450.0 0.69623
6150.0 2450.0 0.76791
6250.0 2450.0 0.67414
6350.0 2450.0 0.45757
50.0 2550.0 -0.12006
150.0 2550.0 -0.30545
250.0 2550.0 -0.46768
350.0 2550.0 -0.54961
450.0 2550.0 -0.51087
550.0 2550.0 -0.35988
650.0 2550.0 -0.15610
750.0 2550.0 0.01767
850.0 2550.0 0.11270
950.0 2550.0 0.19114
1050.0 2550.0 0.34241
1150.0 2550.0 0.52502
1250.0 2550.0 0.64168
1350.0 2550.0 0.61919
1450.0 2550.0 0.44823
1550.0 2550.0 0.18307
1650.0 2550.0 -0.09885
1750.0 2550.0 -0.35776
1850.0 2550.0 -0.49994
1950.0 2550.0 -0.45120
2050.0 2550.0 -0.23582
2150.0 2550.0 0.05304
2250.0 2550.0 0.29237
2350.0 2550.0 0.37645
2450.0 2550.0 0.27217
2550.0 2550.0 0.07300
2650.0 2550.0 -0.11717
2750.0 2550.0 -0.25019
2850.0 2550.0 -0.28392
2950.0 2550.0 -0.21243
3050.0 2550.0 -0.07562
3150.0 2550.0 0.05586
3250.0 2550.0 0.12020
3350.0 2550.0 0.12567
3450.0 2550.0 0.11254
3550.0 2550.0 0.07914
3650.0 2550.0 0.04180
3750.0 2550.0 0.02160
3850.0 2550.0 0.03156
3950.0 2550.0 0.07136
4050.0 2550.0 0.12929
4150.0 2550.0 0.19242
4250.0 2550.0 0.30654
4350.0 2550.0 0.50484
4450.0 2550.0 0.69871
4550.0 2550.0 0.77709
4650.0 2550.0 0.68038
4750.0 2550.0 0.42814
4850.0 2550.0 0.10072
4950.0 2550.0 -0.22531
5050.0 2550.0 -0.56610
5150.0 2550.0 -0.91569
5250.0 2550.0 -1.15717
5350.0 2550.0 -1.18336
5450.0 2550.0 -0.97702
5550.0 2550.0 -0.62726
5650.0 2550.0 -0.28198
5750.0 2550.0 -0.03653
5850.0 2550.0 0.18766
5950.0 2550.0 0.44314
6050.0 2550.0 0.65810
6150.0 2550.0 0.74436
6250.0 2550.0 0.66564
6350.0 2550.0 0.46091
50.0 2650.0 -0.28152
150.0 2650.0 -0.46100
250.0 2650.0 -0.58042
350.0 2650.0 -0.57886
450.0 2650.0 -0.43443
550.0 2650.0 -0.18298
650.0 2650.0 0.09121
750.0 2650.0 0.29249
850.0 2650.0 0.37882
950.0 2650.0 0.43282
1050.0 2650.0 0.52786
1150.0 2650.0 0.61754
1250.0 2650.0 0.62275
1350.0 2650.0 0.49635
1450.0 2650.0 0.25123
1550.0 2650.0 -0.04822
1650.0 2650.0 -0.33112
1750.0 2650.0 -0.57729
1850.0 2650.0 -0.68316
1950.0 2650.0 -0.55964
2050.0 2650.0 -0.23579
2150.0 2650.0 0.17650
2250.0 2650.0 0.52942
2350.0 2650.0 0.69588
2450.0 2650.0 0.63598
2550.0 2650.0 0.46181
2650.0 2650.0 0.29092
2750.0 2650.0 0.16206
2850.0 2650.0 0.11065
2950.0 2650.0 0.14412
3050.0 2650.0 0.23284
3150.0 2650.0 0.32133
3250.0 2650.0 0.35957
3350.0 2650.0 0.35219
3450.0 2650.0 0.32886
3550.0 2650.0 0.29019
3650.0 2650.0 0.25442
3750.0 2650.0 0.24192
3850.0 2650.0 0.26247
3950.0 2650.0 0.31104
4050.0 2650.0 0.37222
4150.0 2650.0 0.43351
4250.0 2650.0 0.52774
4350.0 2650.0 0.66073
4450.0 2650.0 0.74537
4550.0 2650.0 0.69310
4650.0 2650.0 0.47501
4750.0 2650.0 0.13761
4850.0 2650.0 -0.22655
4950.0 2650.0 -0.55371
5050.0 2650.0 -0.88235
5150.0 2650.0 -1.19726
5250.0 2650.0 -1.38554
5350.0 2650.0 -1.35530
5450.0 2650.0 -1.10563
5550.0 2650.0 -0.73603
5650.0 2650.0 -0.39531
5750.0 2650.0 -0.17005
5850.0 2650.0 0.03303
5950.0 2650.0 0.27861
6050.0 2650.0 0.50087
6150.0 2650.0 0.61054
6250.0 2650.0 0.56373
6350.0 2650.0 0.38799
50.0 2750.0 -0.33043
150.0 2750.0 -0.50642
250.0 2750.0 -0.57874
350.0 2750.0 -0.48719
450.0 2750.0 -0.23671
550.0 2750.0 0.10366
650.0 2750.0 0.42444
750.0 2750.0 0.62192
850.0 2750.0 0.66696
950.0 2750.0 0.66512
1050.0 2750.0 0.68038
1150.0 2750.0 0.67395
1250.0 2750.0 0.59237
1350.0 2750.0 0.41101
1450.0 2750.0 0.15055
1550.0 2750.0 -0.13362
1650.0 2750.0 -0.38896
1750.0 2750.0 -0.60753
1850.0 2750.0 -0.68851
1950.0 2750.0 -0.53727
2050.0 2750.0 -0.17387
2150.0 2750.0 0.29463
2250.0 2750.0 0.71772
2350.0 2750.0 0.95935
2450.0 2750.0 0.97017
2550.0 2750.0 0.86193
2650.0 2750.0 0.75337
2750.0 2750.0 0.66434
2850.0 2750.0 0.60941
2950.0 2750.0 0.59075
3050.0 2750.0 0.59469
3150.0 2750.0 0.59696
3250.0 2750.0 0.57625
3350.0 2750.0 0.53496
3450.0 2750.0 0.47903
3550.0 2750.0 0.40995
3650.0 2750.0 0.35200
3750.0 2750.0 0.32911
3850.0 2750.0 0.34947
3950.0 2750.0 0.40183
4050.0 2750.0 0.46332
4150.0 2750.0 0.51925
4250.0 2750.0 0.59487
4350.0 2750.0 0.67863
4450.0 2750.0 0.68766
4550.0 2750.0 0.55116
4650.0 2750.0 0.26098
4750.0 2750.0 -0.12077
4850.0 2750.0 -0.49721
4950.0 2750.0 -0.81516
5050.0 2750.0 -1.12148
5150.0 2750.0 -1.38891
5250.0 2750.0 -1.51870
5350.0 2750.0 -1.44452
5450.0 2750.0 -1.18456
5550.0 2750.0 -0.84214
5650.0 2750.0 -0.55470
5750.0 2750.0 -0.39127
5850.0 2750.0 -0.24666
5950.0 2750.0 -0.03825
6050.0 2750.0 0.18232
6150.0 2750.0 0.32637
6250.0 2750.0 0.33606
6350.0 2750.0 0.21506
50.0 2850.0 -0.26048
150.0 2850.0 -0.43702
250.0 2850.0 -0.46959
350.0 2850.0 -0.30428
450.0 2850.0 0.02380
550.0 2850.0 0.41401
650.0 2850.0 0.73810
750.0 2850.0 0.89260
850.0 2850.0 0.86580
950.0 2850.0 0.78281
1050.0 2850.0 0.70789
1150.0 2850.0 0.62342
1250.0 2850.0 0.50472
1350.0 2850.0 0.34023
1450.0 2850.0 0.13920
1550.0 2850.0 -0.07310
1650.0 2850.0 -0.27255
1750.0 2850.0 -0.45182
1850.0 2850.0 -0.52765
1950.0 2850.0 -0.41257
2050.0 2850.0 -0.10285
2150.0 2850.0 0.32679
2250.0 2850.0 0.75075
2350.0 2850.0 1.04126
2450.0 2850.0 1.13845
2550.0 2850.0 1.13082
2650.0 2850.0 1.12424
2750.0 2850.0 1.11363
2850.0 2850.0 1.08001
2950.0 2850.0 1.01176
3050.0 2850.0 0.91266
3150.0 2850.0 0.80049
3250.0 2850.0 0.69617
3350.0 2850.0 0.60337
3450.0 2850.0 0.49727
3550.0 2850.0 0.38091
3650.0 2850.0 0.28784
3750.0 2850.0 0.24766
3850.0 2850.0 0.26651
3950.0 2850.0 0.32380
4050.0 2850.0 0.38539
4150.0 2850.0 0.43327
4250.0 2850.0 0.49560
4350.0 2850.0 0.55918
4450.0 2850.0 0.54771
4550.0 2850.0 0.39891
4650.0 2850.0 0.10948
4750.0 2850.0 -0.25950
4850.0 2850.0 -0.61690
4950.0 2850.0 -0.91538
5050.0 2850.0 -1.19122
5150.0 2850.0 -1.40239
5250.0 2850.0 -1.47301
5350.0 2850.0 -1.37032
5450.0 2850.0 -1.13291
5550.0 2850.0 -0.86122
5650.0 2850.0 -0.67022
5750.0 2850.0 -0.60432
5850.0 2850.0 -0.55025
5950.0 2850.0 -0.40445
6050.0 2850.0 -0.19780
6150.0 2850.0 -0.01618
6250.0 2850.0 0.06464
6350.0 2850.0 0.01527
50.0 2950.0 -0.11382
150.0 2950.0 -0.29513
250.0 2950.0 -0.30522
350.0 2950.0 -0.10099
450.0 2950.0 0.25588
550.0 2950.0 0.64232
650.0 2950.0 0.92264
750.0 2950.0 1.00247
850.0 2950.0 0.88817
950.0 2950.0 0.71596
1050.0 2950.0 0.55949
1150.0 2950.0 0.43123
1250.0 2950.0 0.33240
1350.0 2950.0 0.25241
1450.0 2950.0 0.17242
1550.0 2950.0 0.07297
1650.0 2950.0 -0.05425
1750.0 2950.0 -0.19089
1850.0 2950.0 -0.28238
1950.0 2950.0 -0.25961
2050.0 2950.0 -0.08538
2150.0 2950.0 0.21862
2250.0 2950.0 0.57399
2350.0 2950.0 0.87671
2450.0 2950.0 1.05754
2550.0 2950.0 1.16386
2650.0 2950.0 1.27869
2750.0 2950.0 1.37240
2850.0 2950.0 1.38651
2950.0 2950.0 1.28874
3050.0 2950.0 1.09644
3150.0 2950.0 0.87002
3250.0 2950.0 0.67677
3350.0 2950.0 0.52599
3450.0 2950.0 0.36482
3550.0 2950.0 0.20051
3650.0 2950.0 0.07676
3750.0 2950.0 0.02779
3850.0 2950.0 0.05484
3950.0 2950.0 0.12460
4050.0 2950.0 0.18923
4150.0 2950.0 0.22838
4250.0 2950.0 0.28506
4350.0 2950.0 0.35995
4450.0 2950.0 0.38423
4550.0 2950.0 0.29374
4650.0 2950.0 0.07399
4750.0 2950.0 -0.23054
4850.0 2950.0 -0.54293
4950.0 2950.0 -0.81597
5050.0 2950.0 -1.05878
5150.0 2950.0 -1.21300
5250.0 2950.0 -1.22921
5350.0 2950.0 -1.11038
5450.0 2950.0 -0.91453
5550.0 2950.0 -0.73520
5650.0 2950.0 -0.65977
5750.0 2950.0 -0.70566
5850.0 2950.0 -0.75508
5950.0 2950.0 -0.68474
6050.0 2950.0 -0.50277
6150.0 2950.0 -0.29037
6250.0 2950.0 -0.14099
6350.0 2950.0 -0.11870
50.0 3050.0 0.03558
150.0 3050.0 -0.15303
250.0 3050.0 -0.16001
350.0 3050.0 0.04544
450.0 3050.0 0.38375
550.0 3050.0 0.72203
650.0 3050.0 0.92825
750.0 3050.0 0.92266
850.0 3050.0 0.72638
950.0 3050.0 0.47703
1050.0 3050.0 0.26225
1150.0 3050.0 0.12525
1250.0 3050.0 0.08564
1350.0 3050.0 0.12440
1450.0 3050.0 0.18767
1550.0 3050.0 0.20922
1650.0 3050.0 0.15192
1750.0 3050.0 0.05172
1850.0 3050.0 -0.06828
1950.0 3050.0 -0.16220
2050.0 3050.0 -0.15876
2150.0 3050.0 -0.02154
2250.0 3050.0 0.22570
2350.0 3050.0 0.50981
2450.0 3050.0 0.75498
2550.0 3050.0 0.96222
2650.0 3050.0 1.18993
2750.0 3050.0 1.39040
2850.0 3050.0 1.46875
2950.0 3050.0 1.36977
3050.0 3050.0 1.11698
3150.0 3050.0 0.80388
3250.0 3050.0 0.53735
3350.0 3050.0 0.33567
3450.0 3050.0 0.12891
3550.0 3050.0 -0.06813
3650.0 3050.0 -0.20321
3750.0 3050.0 -0.24134
3850.0 3050.0 -0.18988
3950.0 3050.0 -0.09724
4050.0 3050.0 -0.02487
4150.0 3050.0 0.00712
4250.0 3050.0 0.06473
4350.0 3050.0 0.17112
4450.0 3050.0 0.26414
4550.0 3050.0 0.27069
4650.0 3050.0 0.15589
4750.0 3050.0 -0.06016
4850.0 3050.0 -0.31796
4950.0 3050.0 -0.56637
5050.0 3050.0 -0.78014
5150.0 3050.0 -0.88484
5250.0 3050.0 -0.85457
5350.0 3050.0 -0.72363
5450.0 3050.0 -0.56675
5550.0 3050.0 -0.47087
5650.0 3050.0 -0.49866
5750.0 3050.0 -0.64372
5850.0 3050.0 -0.78547
5950.0 3050.0 -0.78573
6050.0 3050.0 -0.63312
6150.0 3050.0 -0.40345
6250.0 3050.0 -0.20355
6350.0 3050.0 -0.12587
50.0 3150.0 0.10994
150.0 3150.0 -0.08561
250.0 3150.0 -0.10233
350.0 3150.0 0.08060
450.0 3150.0 0.37586
550.0 3150.0 0.65106
650.0 3150.0 0.78382
750.0 3150.0 0.70857
850.0 3150.0 0.45528
950.0 3150.0 0.15631
1050.0 3150.0 -0.08887
1150.0 3150.0 -0.21450
1250.0 3150.0 -0.19148
1350.0 3150.0 -0.04966
1450.0 3150.0 0.12828
1550.0 3150.0 0.24138
1650.0 3150.0 0.23341
1750.0 3150.0 0.15638
1850.0 3150.0 0.00904
1950.0 3150.0 -0.18208
2050.0 3150.0 -0.32070
2150.0 3150.0 -0.32572
2250.0 3150.0 -0.17735
2350.0 3150.0 0.07724
2450.0 3150.0 0.35897
2550.0 3150.0 0.63265
2650.0 3150.0 0.93966
2750.0 3150.0 1.22391
2850.0 3150.0 1.36535
2950.0 3150.0 1.28922
3050.0 3150.0 1.01762
3150.0 3150.0 0.66132
3250.0 3150.0 0.35185
3350.0 3150.0 0.11719
3450.0 3150.0 -0.11510
3550.0 3150.0 -0.31999
3650.0 3150.0 -0.44037
3750.0 3150.0 -0.44528
3850.0 3150.0 -0.35382
3950.0 3150.0 -0.22954
4050.0 3150.0 -0.14504
4150.0 3150.0 -0.11701
4250.0 3150.0 -0.05598
4350.0 3150.0 0.08133
4450.0 3150.0 0.23715
4550.0 3150.0 0.32908
4650.0 3150.0 0.30382
4750.0 3150.0 0.16085
4850.0 3150.0 -0.05407
4950.0 3150.0 -0.28530
5050.0 3150.0 -0.47897
5150.0 3150.0 -0.54665
5250.0 3150.0 -0.47755
5350.0 3150.0 -0.32810
5450.0 3150.0 -0.18642
5550.0 3150.0 -0.13748
5650.0 3150.0 -0.22908
5750.0 3150.0 -0.43856
5850.0 3150.0 -0.64157
5950.0 3150.0 -0.69140
6050.0 3150.0 -0.56444
6150.0 3150.0 -0.33187
6250.0 3150.0 -0.10741
6350.0 3150.0 -0.00017
50.0 3250.0 0.06697
150.0 3250.0 -0.13271
250.0 3250.0 -0.16133
350.0 3250.0 -0.00318
450.0 3250.0 0.25424
550.0 3250.0 0.48364
650.0 3250.0 0.57130
750.0 3250.0 0.46022
850.0 3250.0 0.18313
950.0 3250.0 -0.13427
1050.0 3250.0 -0.38810
1150.0 3250.0 -0.50323
1250.0 3250.0 -0.44788
1350.0 3250.0 -0.25794
1450.0 3250.0 -0.02909
1550.0 3250.0 0.12304
1650.0 3250.0 0.13500
1750.0 3250.0 0.06642
1850.0 3250.0 -0.09485
1950.0 3250.0 -0.33134
2050.0 3250.0 -0.53623
2150.0 3250.0 -0.60872
2250.0 3250.0 -0.50939
2350.0 3250.0 -0.27318
2450.0 3250.0 0.02003
2550.0 3250.0 0.31915
2650.0 3250.0 0.66169
2750.0 3250.0 0.99238
2850.0 3250.0 1.18023
2950.0 3250.0 1.13826
3050.0 3250.0 0.88212
3150.0 3250.0 0.52429
3250.0 3250.0 0.20417
3350.0 3250.0 -0.04242
3450.0 3250.0 -0.27807
3550.0 3250.0 -0.46649
3650.0 3250.0 -0.54979
3750.0 3250.0 -0.50499
3850.0 3250.0 -0.36426
3950.0 3250.0 -0.20438
4050.0 3250.0 -0.10525
4150.0 3250.0 -0.07771
4250.0 3250.0 -0.01536
4350.0 3250.0 0.13375
4450.0 3250.0 0.31352
4550.0 3250.0 0.43798
4650.0 3250.0 0.44683
4750.0 3250.0 0.33168
4850.0 3250.0 0.13307
4950.0 3250.0 -0.09164
5050.0 3250.0 -0.27530
5150.0 3250.0 -0.31837
5250.0 3250.0 -0.21500
5350.0 3250.0 -0.03360
5450.0 3250.0 0.12693
5550.0 3250.0 0.17676
5650.0 3250.0 0.07051
5750.0 3250.0 -0.16160
5850.0 3250.0 -0.38835
5950.0 3250.0 -0.45999
6050.0 3250.0 -0.34876
6150.0 3250.0 -0.12310
6250.0 3250.0 0.10250
6350.0 3250.0 0.21446
50.0 3350.0 -0.05394
150.0 3350.0 -0.25550
250.0 3350.0 -0.29323
350.0 3350.0 -0.15294
450.0 3350.0 0.08069
550.0 3350.0 0.28562
650.0 3350.0 0.35362
750.0 3350.0 0.23133
850.0 3350.0 -0.04906
950.0 3350.0 -0.36719
1050.0 3350.0 -0.62062
1150.0 3350.0 -0.73354
1250.0 3350.0 -0.67433
1350.0 3350.0 -0.47969
1450.0 3350.0 -0.24649
1550.0 3350.0 -0.09141
1650.0 3350.0 -0.07824
1750.0 3350.0 -0.14659
1850.0 3350.0 -0.30988
1950.0 3350.0 -0.55172
2050.0 3350.0 -0.76443
2150.0 3350.0 -0.84533
2250.0 3350.0 -0.75287
2350.0 3350.0 -0.52049
2450.0 3350.0 -0.22790
2550.0 3350.0 0.07256
2650.0 3350.0 0.42353
2750.0 3350.0 0.77506
2850.0 3350.0 0.99397
2950.0 3350.0 0.98666
3050.0 3350.0 0.76078
3150.0 3350.0 0.42253
3250.0 3350.0 0.10962
3350.0 3350.0 -0.13639
3450.0 3350.0 -0.36275
3550.0 3350.0 -0.52218
3650.0 3350.0 -0.55839
3750.0 3350.0 -0.45817
3850.0 3350.0 -0.26664
3950.0 3350.0 -0.07176
4050.0 3350.0 0.04199
4150.0 3350.0 0.07063
4250.0 3350.0 0.13115
4350.0 3350.0 0.27486
4450.0 3350.0 0.44591
4550.0 3350.0 0.56022
4650.0 3350.0 0.55991
4750.0 3350.0 0.43860
4850.0 3350.0 0.23761
4950.0 3350.0 0.01323
5050.0 3350.0 -0.16572
5150.0 3350.0 -0.19063
5250.0 3350.0 -0.05480
5350.0 3350.0 0.16709
5450.0 3350.0 0.36672
5550.0 3350.0 0.44544
5650.0 3350.0 0.35311
5750.0 3350.0 0.12263
5850.0 3350.0 -0.10602
5950.0 3350.0 -0.18269
6050.0 3350.0 -0.08004
6150.0 3350.0 0.13501
6250.0 3350.0 0.35030
6350.0 3350.0 0.45443
50.0 3450.0 -0.22092
150.0 3450.0 -0.42839
250.0 3450.0 -0.48281
350.0 3450.0 -0.36896
450.0 3450.0 -0.16407
550.0 3450.0 0.01816
650.0 3450.0 0.07507
750.0 3450.0 -0.04590
850.0 3450.0 -0.31658
950.0 3450.0 -0.62251
1050.0 3450.0 -0.86219
1150.0 3450.0 -0.96314
1250.0 3450.0 -0.89838
1350.0 3450.0 -0.70672
1450.0 3450.0 -0.48334
1550.0 3450.0 -0.34018
1650.0 3450.0 -0.33652
1750.0 3450.0 -0.41090
1850.0 3450.0 -0.56656
1950.0 3450.0 -0.78252
2050.0 3450.0 -0.95871
2150.0 3450.0 -1.00483
2250.0 3450.0 -0.89061
2350.0 3450.0 -0.65542
2450.0 3450.0 -0.37711
2550.0 3450.0 -0.09808
2650.0 3450.0 0.23265
2750.0 3450.0 0.57315
2850.0 3450.0 0.79872
2950.0 3450.0 0.81783
3050.0 3450.0 0.63160
3150.0 3450.0 0.33352
3250.0 3450.0 0.04961
3350.0 3450.0 -0.17733
3450.0 3450.0 -0.37697
3550.0 3450.0 -0.49536
3650.0 3450.0 -0.48360
3750.0 3450.0 -0.34015
3850.0 3450.0 -0.11944
3950.0 3450.0 0.08743
4050.0 3450.0 0.19958
4150.0 3450.0 0.22074
4250.0 3450.0 0.27081
4350.0 3450.0 0.40026
4450.0 3450.0 0.55817
4550.0 3450.0 0.66624
4650.0 3450.0 0.66934
4750.0 3450.0 0.55943
4850.0 3450.0 0.37311
4950.0 3450.0 0.16259
5050.0 3450.0 -0.00291
5150.0 3450.0 -0.01466
5250.0 3450.0 0.13343
5350.0 3450.0 0.36629
5450.0 3450.0 0.57577
5550.0 3450.0 0.66386
5650.0 3450.0 0.58130
5750.0 3450.0 0.36139
5850.0 3450.0 0.14111
5950.0 3450.0 0.06151
6050.0 3450.0 0.14779
6150.0 3450.0 0.33794
6250.0 3450.0 0.52811
6350.0 3450.0 0.61529
50.0 3550.0 -0.42666
150.0 3550.0 -0.64881
250.0 3550.0 -0.73555
350.0 3550.0 -0.66542
450.0 3550.0 -0.49913
550.0 3550.0 -0.33601
650.0 3550.0 -0.27329
750.0 3550.0 -0.36841
850.0 3550.0 -0.60416
950.0 3550.0 -0.87268
1050.0 3550.0 -1.07104
1150.0 3550.0 -1.13727
1250.0 3550.0 -1.05824
1350.0 3550.0 -0.87878
1450.0 3550.0 -0.68804
1550.0 3550.0 -0.58298
1650.0 3550.0 -0.60901
1750.0 3550.0 -0.70204
1850.0 3550.0 -0.83560
1950.0 3550.0 -0.97521
2050.0 3550.0 -1.04377
2150.0 3550.0 -0.98808
2250.0 3550.0 -0.81132
2350.0 3550.0 -0.57024
2450.0 3550.0 -0.33671
2550.0 3550.0 -0.12456
2650.0 3550.0 0.12823
2750.0 3550.0 0.39292
2850.0 3550.0 0.57473
2950.0 3550.0 0.60227
3050.0 3550.0 0.47348
3150.0 3550.0 0.25652
3250.0 3550.0 0.04572
3350.0 3550.0 -0.12426
3450.0 3550.0 -0.26229
3550.0 3550.0 -0.31777
3650.0 3550.0 -0.26096
3750.0 3550.0 -0.10535
3850.0 3550.0 0.09416
3950.0 3550.0 0.26113
4050.0 3550.0 0.33569
4150.0 3550.0 0.33059
4250.0 3550.0 0.35163
4350.0 3550.0 0.44847
4450.0 3550.0 0.58539
4550.0 3550.0 0.69809
4650.0 3550.0 0.73431
4750.0 3550.0 0.67594
4850.0 3550.0 0.54241
4950.0 3550.0 0.37564
5050.0 3550.0 0.24360
5150.0 3550.0 0.23730
5250.0 3550.0 0.35834
5350.0 3550.0 0.54239
5450.0 3550.0 0.70064
5550.0 3550.0 0.75567
5650.0 3550.0 0.67156
5750.0 3550.0 0.47821
5850.0 3550.0 0.28543
5950.0 3550.0 0.20670
6050.0 3550.0 0.26244
6150.0 3550.0 0.40237
6250.0 3550.0 0.54228
6350.0 3550.0 0.59865
50.0 3650.0 -0.59232
150.0 3650.0 -0.83682
250.0 3650.0 -0.96798
350.0 3650.0 -0.95289
450.0 3650.0 -0.82824
550.0 3650.0 -0.67477
650.0 3650.0 -0.58585
750.0 3650.0 -0.62988
850.0 3650.0 -0.80690
950.0 3650.0 -1.01480
1050.0 3650.0 -1.14655
1150.0 3650.0 -1.15727
1250.0 3650.0 -1.05618
1350.0 3650.0 -0.89763
1450.0 3650.0 -0.76075
1550.0 3650.0 -0.71801
1650.0 3650.0 -0.79229
1750.0 3650.0 -0.91626
1850.0 3650.0 -1.02097
1950.0 3650.0 -1.05342
2050.0 3650.0 -0.97172
2150.0 3650.0 -0.77743
2250.0 3650.0 -0.52186
2350.0 3650.0 -0.28524
2450.0 3650.0 -0.12896
2550.0 3650.0 -0.02570
2650.0 3650.0 0.09584
2750.0 3650.0 0.22442
2850.0 3650.0 0.31510
2950.0 3650.0 0.33340
3050.0 3650.0 0.27744
3150.0 3650.0 0.17863
3250.0 3650.0 0.08131
3350.0 3650.0 0.00309
3450.0 3650.0 -0.04237
3550.0 3650.0 -0.01831
3650.0 3650.0 0.07509
3750.0 3650.0 0.20754
3850.0 3650.0 0.33325
3950.0 3650.0 0.40825
4050.0 3650.0 0.41029
4150.0 3650.0 0.36146
4250.0 3650.0 0.33534
4350.0 3650.0 0.37894
4450.0 3650.0 0.48123
4550.0 3650.0 0.60066
4650.0 3650.0 0.68987
4750.0 3650.0 0.71452
4850.0 3650.0 0.66635
4950.0 3650.0 0.57044
5050.0 3650.0 0.49104
5150.0 3650.0 0.48650
5250.0 3650.0 0.55064
5350.0 3650.0 0.63884
5450.0 3650.0 0.69758
5550.0 3650.0 0.68654
5650.0 3650.0 0.59351
5750.0 3650.0 0.44202
5850.0 3650.0 0.29486
5950.0 3650.0 0.22350
6050.0 3650.0 0.24166
6150.0 3650.0 0.31602
6250.0 3650.0 0.39066
6350.0 3650.0 0.40995
50.0 3750.0 -0.64193
150.0 3750.0 -0.91180
250.0 3750.0 -1.09000
350.0 3750.0 -1.12936
450.0 3750.0 -1.03998
550.0 3750.0 -0.88388
650.0 3750.0 -0.75304
750.0 3750.0 -0.73088
850.0 3750.0 -0.83732
950.0 3750.0 -0.97386
1050.0 3750.0 -1.02735
1150.0 3750.0 -0.97311
1250.0 3750.0 -0.84666
1350.0 3750.0 -0.71335
1450.0 3750.0 -0.64044
1550.0 3750.0 -0.67138
1650.0 3750.0 -0.80260
1750.0 3750.0 -0.96401
1850.0 3750.0 -1.04518
1950.0 3750.0 -0.97638
2050.0 3750.0 -0.75393
2150.0 3750.0 -0.43603
2250.0 3750.0 -0.12144
2350.0 3750.0 0.08890
2450.0 3750.0 0.14723
2550.0 3750.0 0.12188
2650.0 3750.0 0.08712
2750.0 3750.0 0.05081
2850.0 3750.0 0.02710
2950.0 3750.0 0.02654
3050.0 3750.0 0.04927
3150.0 3750.0 0.08499
3250.0 3750.0 0.11955
3350.0 3750.0 0.14918
3450.0 3750.0 0.20918
3550.0 3750.0 0.31594
3650.0 3750.0 0.43463
3750.0 3750.0 0.51881
3850.0 3750.0 0.53834
3950.0 3750.0 0.49168
4050.0 3750.0 0.40263
4150.0 3750.0 0.30170
4250.0 3750.0 0.21869
4350.0 3750.0 0.19470
4450.0 3750.0 0.24774
4550.0 3750.0 0.36475
4650.0 3750.0 0.50652
4750.0 3750.0 0.62180
4850.0 3750.0 0.67079
4950.0 3750.0 0.65787
5050.0 3750.0 0.64101
5150.0 3750.0 0.64091
5250.0 3750.0 0.64236
5350.0 3750.0 0.62324
5450.0 3750.0 0.57025
5550.0 3750.0 0.48554
5650.0 3750.0 0.38414
5750.0 3750.0 0.28235
5850.0 3750.0 0.18990
5950.0 3750.0 0.13279
6050.0 3750.0 0.11778
6150.0 3750.0 0.12973
6250.0 3750.0 0.14261
6350.0 3750.0 0.13020
50.0 3850.0 -0.55146
150.0 3850.0 -0.84394
250.0 3850.0 -1.06161
350.0 3850.0 -1.14353
450.0 3850.0 -1.07670
550.0 3850.0 -0.90815
650.0 3850.0 -0.73088
750.0 3850.0 -0.64359
850.0 3850.0 -0.68418
950.0 3850.0 -0.75518
1050.0 3850.0 -0.73687
1150.0 3850.0 -0.62319
1250.0 3850.0 -0.47375
1350.0 3850.0 -0.36400
1450.0 3850.0 -0.35014
1550.0 3850.0 -0.44896
1650.0 3850.0 -0.63253
1750.0 3850.0 -0.82956
1850.0 3850.0 -0.90191
1950.0 3850.0 -0.77059
2050.0 3850.0 -0.46321
2150.0 3850.0 -0.08027
2250.0 3850.0 0.24716
2350.0 3850.0 0.40763
2450.0 3850.0 0.36744
2550.0 3850.0 0.22364
2650.0 3850.0 0.04541
2750.0 3850.0 -0.14201
2850.0 3850.0 -0.27021
2950.0 3850.0 -0.28743
3050.0 3850.0 -0.19179
3150.0 3850.0 -0.03207
3250.0 3850.0 0.12381
3350.0 3850.0 0.25250
3450.0 3850.0 0.40794
3550.0 3850.0 0.58624
3650.0 3850.0 0.72096
3750.0 3850.0 0.75231
3850.0 3850.0 0.66648
3950.0 3850.0 0.50265
4050.0 3850.0 0.32762
4150.0 3850.0 0.17856
4250.0 3850.0 0.04114
4350.0 3850.0 -0.05267
4450.0 3850.0 -0.05822
4550.0 3850.0 0.04024
4650.0 3850.0 0.21474
4750.0 3850.0 0.40199
4850.0 3850.0 0.53497
4950.0 3850.0 0.59755
5050.0 3850.0 0.63995
5150.0 3850.0 0.65195
5250.0 3850.0 0.61065
5350.0 3850.0 0.51185
5450.0 3850.0 0.37489
5550.0 3850.0 0.23667
5650.0 3850.0 0.13483
5750.0 3850.0 0.08006
5850.0 3850.0 0.03885
5950.0 3850.0 0.00030
6050.0 3850.0 -0.03425
6150.0 3850.0 -0.06510
6250.0 3850.0 -0.09409
6350.0 3850.0 -0.12384
50.0 3950.0 -0.35998
150.0 3950.0 -0.66766
250.0 3950.0 -0.91015
350.0 3950.0 -1.01661
450.0 3950.0 -0.95886
550.0 3950.0 -0.77504
650.0 3950.0 -0.56040
750.0 3950.0 -0.42517
850.0 3950.0 -0.41953
950.0 3950.0 -0.44516
1050.0 3950.0 -0.37720
1150.0 3950.0 -0.22244
1250.0 3950.0 -0.05720
1350.0 3950.0 0.03615
1450.0 3950.0 0.00906
1550.0 3950.0 -0.13679
1650.0 3950.0 -0.35662
1750.0 3950.0 -0.57974
1850.0 3950.0 -0.66092
1950.0 3950.0 -0.52196
2050.0 3950.0 -0.20761
2150.0 3950.0 0.16370
2250.0 3950.0 0.45167
2350.0 3950.0 0.54760
2450.0 3950.0 0.42928
2550.0 3950.0 0.20325
2650.0 3950.0 -0.07250
2750.0 3950.0 -0.35976
2850.0 3950.0 -0.55301
2950.0 3950.0 -0.57352
3050.0 3950.0 -0.42010
3150.0 3950.0 -0.16977
3250.0 3950.0 0.07190
3350.0 3950.0 0.26928
3450.0 3950.0 0.49117
3550.0 3950.0 0.72021
3650.0 3950.0 0.86803
3750.0 3950.0 0.86516
3850.0 3950.0 0.70857
3950.0 3950.0 0.46514
4050.0 3950.0 0.23124
4150.0 3950.0 0.04889
4250.0 3950.0 -0.12900
4350.0 3950.0 -0.28141
4450.0 3950.0 -0.34520
4550.0 3950.0 -0.28126
4650.0 3950.0 -0.10475
4750.0 3950.0 0.11733
4850.0 3950.0 0.30141
4950.0 3950.0 0.41525
5050.0 3950.0 0.50160
5150.0 3950.0 0.53501
5250.0 3950.0 0.48823
5350.0 3950.0 0.36503
5450.0 3950.0 0.20030
5550.0 3950.0 0.04809
5650.0 3950.0 -0.04230
5750.0 3950.0 -0.06229
5850.0 3950.0 -0.06708
5950.0 3950.0 -0.08737
6050.0 3950.0 -0.12458
6150.0 3950.0 -0.17061
6250.0 3950.0 -0.21379
6350.0 3950.0 -0.24384
50.0 4050.0 -0.14300
150.0 4050.0 -0.45688
250.0 4050.0 -0.70846
350.0 4050.0 -0.82246
450.0 4050.0 -0.76475
550.0 4050.0 -0.57056
650.0 4050.0 -0.33698
750.0 4050.0 -0.17971
850.0 4050.0 -0.15404
950.0 4050.0 -0.16038
1050.0 4050.0 -0.07127
1150.0 4050.0 0.10103
1250.0 4050.0 0.27312
1350.0 4050.0 0.35964
1450.0 4050.0 0.31526
1550.0 4050.0 0.14950
1650.0 4050.0 -0.08572
1750.0 4050.0 -0.32173
1850.0 4050.0 -0.42546
1950.0 4050.0 -0.32807
2050.0 4050.0 -0.07591
2150.0 4050.0 0.21921
2250.0 4050.0 0.42964
2350.0 4050.0 0.46037
2450.0 4050.0 0.29633
2550.0 4050.0 0.03514
2650.0 4050.0 -0.27842
2750.0 4050.0 -0.59835
2850.0 4050.0 -0.80431
2950.0 4050.0 -0.80927
3050.0 4050.0 -0.61630
3150.0 4050.0 -0.31759
3250.0 4050.0 -0.03573
3350.0 4050.0 0.19116
3450.0 4050.0 0.44364
3550.0 4050.0 0.70145
3650.0 4050.0 0.86650
3750.0 4050.0 0.86285
3850.0 4050.0 0.68883
3950.0 4050.0 0.42032
4050.0 4050.0 0.16512
4150.0 4050.0 -0.03104
4250.0 4050.0 -0.23000
4350.0 4050.0 -0.42128
4450.0 4050.0 -0.53396
4550.0 4050.0 -0.51425
4650.0 4050.0 -0.36504
4750.0 4050.0 -0.14860
4850.0 4050.0 0.04761
4950.0 4050.0 0.18187
5050.0 4050.0 0.29133
5150.0 4050.0 0.35346
5250.0 4050.0 0.34064
5350.0 4050.0 0.25337
5450.0 4050.0 0.12252
5550.0 4050.0 -0.00094
5650.0 4050.0 -0.06875
5750.0 4050.0 -0.07063
5850.0 4050.0 -0.05889
5950.0 4050.0 -0.06542
6050.0 4050.0 -0.09180
6150.0 4050.0 -0.12834
6250.0 4050.0 -0.16126
6350.0 4050.0 -0.17853
50.0 4150.0 0.05122
150.0 4150.0 -0.26306
250.0 4150.0 -0.51442
350.0 4150.0 -0.62693
450.0 4150.0 -0.56624
550.0 4150.0 -0.36796
650.0 4150.0 -0.13008
750.0 4150.0 0.03073
850.0 4150.0 0.05874
950.0 4150.0 0.05437
1050.0 4150.0 0.14571
1150.0 4150.0 0.31997
1250.0 4150.0 0.49300
1350.0 4150.0 0.57908
1450.0 4150.0 0.53315
1550.0 4150.0 0.36548
1650.0 4150.0 0.12873
1750.0 4150.0 -0.11110
1850.0 4150.0 -0.24316
1950.0 4150.0 -0.21206
2050.0 4150.0 -0.05641
2150.0 4150.0 0.13242
2250.0 4150.0 0.25096
2350.0 4150.0 0.22293
2450.0 4150.0 0.03709
2550.0 4150.0 -0.22779
2650.0 4150.0 -0.53920
2750.0 4150.0 -0.84670
2850.0 4150.0 -1.03000
2950.0 4150.0 -1.00635
3050.0 4150.0 -0.78556
3150.0 4150.0 -0.46641
3250.0 4150.0 -0.17471
3350.0 4150.0 0.05552
3450.0 4150.0 0.31519
3550.0 4150.0 0.58885
3650.0 4150.0 0.77678
3750.0 4150.0 0.79807
3850.0 4150.0 0.64536
3950.0 4150.0 0.39034
4050.0 4150.0 0.13985
4150.0 4150.0 -0.05703
4250.0 4150.0 -0.26350
4350.0 4150.0 -0.47844
4450.0 4150.0 -0.63020
4550.0 4150.0 -0.65684
4650.0 4150.0 -0.55038
4750.0 4150.0 -0.36362
4850.0 4150.0 -0.17992
4950.0 4150.0 -0.04567
5050.0 4150.0 0.07249
5150.0 4150.0 0.16626
5250.0 4150.0 0.21015
5350.0 4150.0 0.19456
5450.0 4150.0 0.13434
5550.0 4150.0 0.06484
5650.0 4150.0 0.02540
5750.0 4150.0 0.03026
5850.0 4150.0 0.04505
5950.0 4150.0 0.04773
6050.0 4150.0 0.03812
6150.0 4150.0 0.02345
6250.0 4150.0 0.01296
6350.0 4150.0 0.01396
50.0 4250.0 0.19607
150.0 4250.0 -0.11667
250.0 4250.0 -0.36282
350.0 4250.0 -0.46572
450.0 4250.0 -0.39248
550.0 4250.0 -0.18136
650.0 4250.0 0.06689
750.0 4250.0 0.23380
850.0 4250.0 0.26394
950.0 4250.0 0.26031
1050.0 4250.0 0.35105
1150.0 4250.0 0.52253
1250.0 4250.0 0.69069
1350.0 4250.0 0.77074
1450.0 4250.0 0.71906
1550.0 4250.0 0.54728
1650.0 4250.0 0.30854
1750.0 4250.0 0.06443
1850.0 4250.0 -0.10135
1950.0 4250.0 -0.14707
2050.0 4250.0 -0.09904
2150.0 4250.0 -0.02314
2250.0 4250.0 0.00428
2350.0 4250.0 -0.07454
2450.0 4250.0 -0.26988
2550.0 4250.0 -0.52472
2650.0 4250.0 -0.81713
2750.0 4250.0 -1.09469
2850.0 4250.0 -1.24448
2950.0 4250.0 -1.19344
3050.0 4250.0 -0.95808
3150.0 4250.0 -0.63837
3250.0 4250.0 -0.35594
3350.0 4250.0 -0.13825
3450.0 4250.0 0.11258
3550.0 4250.0 0.38834
3650.0 4250.0 0.59265
3750.0 4250.0 0.64232
3850.0 4250.0 0.52274
3950.0 4250.0 0.29598
4050.0 4250.0 0.06161
4150.0 4250.0 -0.12938
4250.0 4250.0 -0.33320
4350.0 4250.0 -0.55284
4450.0 4250.0 -0.72035
4550.0 4250.0 -0.77341
4650.0 4250.0 -0.69916
4750.0 4250.0 -0.54285
4850.0 4250.0 -0.38111
4950.0 4250.0 -0.25993
5050.0 4250.0 -0.14716
5150.0 4250.0 -0.03703
5250.0 4250.0 0.04936
5350.0 4250.0 0.09488
5450.0 4250.0 0.09939
5550.0 4250.0 0.08154
5650.0 4250.0 0.06915
5750.0 4250.0 0.07840
5850.0 4250.0 0.09380
5950.0 4250.0 0.10574
6050.0 4250.0 0.11684
6150.0 4250.0 0.13177
6250.0 4250.0 0.15365
6350.0 4250.0 0.18243
50.0 4350.0 0.22222
150.0 4350.0 -0.08594
250.0 4350.0 -0.31901
350.0 4350.0 -0.39851
450.0 4350.0 -0.29490
550.0 4350.0 -0.05264
650.0 4350.0 0.22106
750.0 4350.0 0.40346
850.0 4350.0 0.43978
950.0 4350.0 0.43896
1050.0 4350.0 0.52852
1150.0 4350.0 0.69203
1250.0 4350.0 0.84544
1350.0 4350.0 0.90671
1450.0 4350.0 0.83669
1550.0 4350.0 0.65148
1650.0 4350.0 0.40595
1750.0 4350.0 0.15405
1850.0 4350.0 -0.05392
1950.0 4350.0 -0.18708
2050.0 4350.0 -0.25148
2150.0 4350.0 -0.28133
2250.0 4350.0 -0.32514
2350.0 4350.0 -0.42709
2450.0 4350.0 -0.60346
2550.0 4350.0 -0.82105
2650.0 4350.0 -1.06200
2750.0 4350.0 -1.27778
2850.0 4350.0 -1.37773
2950.0 4350.0 -1.30868
3050.0 4350.0 -1.09254
3150.0 4350.0 -0.81812
3250.0 4350.0 -0.58730
3350.0 4350.0 -0.41672
3450.0 4350.0 -0.21103
3550.0 4350.0 0.03213
3650.0 4350.0 0.23057
3750.0 4350.0 0.30635
3850.0 4350.0 0.23637
3950.0 4350.0 0.06323
4050.0 4350.0 -0.13340
4150.0 4350.0 -0.30495
4250.0 4350.0 -0.48353
4350.0 4350.0 -0.66350
4450.0 4350.0 -0.79035
4550.0 4350.0 -0.81938
4650.0 4350.0 -0.74791
4750.0 4350.0 -0.61923
4850.0 4350.0 -0.49831
4950.0 4350.0 -0.41906
5050.0 4350.0 -0.34492
5150.0 4350.0 -0.25983
5250.0 4350.0 -0.17532
5350.0 4350.0 -0.10723
5450.0 4350.0 -0.06439
5550.0 4350.0 -0.04412
5650.0 4350.0 -0.03455
5750.0 4350.0 -0.02377
5850.0 4350.0 -0.01073
5950.0 4350.0 0.00854
6050.0 4350.0 0.04236
6150.0 4350.0 0.09493
6250.0 4350.0 0.16290
6350.0 4350.0 0.23592
50.0 4450.0 0.12902
150.0 4450.0 -0.17243
250.0 4450.0 -0.38935
350.0 4450.0 -0.44115
450.0 4450.0 -0.30197
550.0 4450.0 -0.02309
650.0 4450.0 0.28102
750.0 4450.0 0.48280
850.0 4450.0 0.52808
950.0 4450.0 0.53245
1050.0 4450.0 0.62246
1150.0 4450.0 0.77762
1250.0 4450.0 0.91308
1350.0 4450.0 0.94982
1450.0 4450.0 0.85466
1550.0 4450.0 0.65007
1650.0 4450.0 0.39388
1750.0 4450.0 0.13145
1850.0 4450.0 -0.11898
1950.0 4450.0 -0.33070
2050.0 4450.0 -0.48391
2150.0 4450.0 -0.58122
2250.0 4450.0 -0.64987
2350.0 4450.0 -0.73075
2450.0 4450.0 -0.85420
2550.0 4450.0 -1.00713
2650.0 4450.0 -1.16490
2750.0 4450.0 -1.28914
2850.0 4450.0 -1.32616
2950.0 4450.0 -1.25220
3050.0 4450.0 -1.09238
3150.0 4450.0 -0.91135
3250.0 4450.0 -0.77535
3350.0 4450.0 -0.68659
3450.0 4450.0 -0.56333
3550.0 4450.0 -0.39045
3650.0 4450.0 -0.22484
3750.0 4450.0 -0.13073
3850.0 4450.0 -0.13971
3950.0 4450.0 -0.23732
4050.0 4450.0 -0.37607
4150.0 4450.0 -0.51477
4250.0 4450.0 -0.64609
4350.0 4450.0 -0.74416
4450.0 4450.0 -0.77768
4550.0 4450.0 -0.73687
4650.0 4450.0 -0.64315
4750.0 4450.0 -0.54252
4850.0 4450.0 -0.48282
4950.0 4450.0 -0.47463
5050.0 4450.0 -0.47243
5150.0 4450.0 -0.45411
5250.0 4450.0 -0.41644
5350.0 4450.0 -0.36499
5450.0 4450.0 -0.31088
5550.0 4450.0 -0.26647
5650.0 4450.0 -0.24026
5750.0 4450.0 -0.23085
5850.0 4450.0 -0.22427
5950.0 4450.0 -0.20582
6050.0 4450.0 -0.15970
6150.0 4450.0 -0.07800
6250.0 4450.0 0.03285
6350.0 4450.0 0.15322
50.0 4550.0 -0.02859
150.0 4550.0 -0.32330
250.0 4550.0 -0.52858
350.0 4550.0 -0.56255
450.0 4550.0 -0.40112
550.0 4550.0 -0.09906
650.0 4550.0 0.22520
750.0 4550.0 0.44139
850.0 4550.0 0.49548
950.0 4550.0 0.50669
1050.0 4550.0 0.60088
1150.0 4550.0 0.75363
1250.0 4550.0 0.87794
1350.0 4550.0 0.89608
1450.0 4550.0 0.77948
1550.0 4550.0 0.55663
1650.0 4550.0 0.28893
1750.0 4550.0 0.01555
1850.0 4550.0 -0.26705
1950.0 4550.0 -0.52767
2050.0 4550.0 -0.72087
2150.0 4550.0 -0.82559
2250.0 4550.0 -0.86047
2350.0 4550.0 -0.87567
2450.0 4550.0 -0.92110
2550.0 4550.0 -0.99455
2650.0 4550.0 -1.05320
2750.0 4550.0 -1.07271
2850.0 4550.0 -1.04397
2950.0 4550.0 -0.97680
3050.0 4550.0 -0.89733
3150.0 4550.0 -0.83814
3250.0 4550.0 -0.82110
3350.0 4550.0 -0.83279
3450.0 4550.0 -0.81310
3550.0 4550.0 -0.73432
3650.0 4550.0 -0.62193
3750.0 4550.0 -0.52069
3850.0 4550.0 -0.46905
3950.0 4550.0 -0.48391
4050.0 4550.0 -0.55591
4150.0 4550.0 -0.65478
4250.0 4550.0 -0.72785
4350.0 4550.0 -0.72430
4450.0 4550.0 -0.64121
4550.0 4550.0 -0.51205
4650.0 4550.0 -0.38838
4750.0 4550.0 -0.32016
4850.0 4550.0 -0.33452
4950.0 4550.0 -0.41322
5050.0 4550.0 -0.50085
5150.0 4550.0 -0.57194
5250.0 4550.0 -0.60573
5350.0 4550.0 -0.59267
5450.0 4550.0 -0.54251
5550.0 4550.0 -0.48202
5650.0 4550.0 -0.44234
5750.0 4550.0 -0.43589
5850.0 4550.0 -0.43937
5950.0 4550.0 -0.43401
6050.0 4550.0 -0.39700
6150.0 4550.0 -0.31183
6250.0 4550.0 -0.18138
6350.0 4550.0 -0.02911
50.0 4650.0 -0.17063
150.0 4650.0 -0.46064
250.0 4650.0 -0.66423
350.0 4650.0 -0.69985
450.0 4650.0 -0.54188
550.0 4650.0 -0.24286
650.0 4650.0 0.08082
750.0 4650.0 0.29994
850.0 4650.0 0.35991
950.0 4650.0 0.37824
1050.0 4650.0 0.48080
1150.0 4650.0 0.64074
1250.0 4650.0 0.76754
1350.0 4650.0 0.78181
1450.0 4650.0 0.65618
1550.0 4650.0 0.42257
1650.0 4650.0 0.14578
1750.0 4650.0 -0.13659
1850.0 4650.0 -0.43509
1950.0 4650.0 -0.70715
2050.0 4650.0 -0.88735
2150.0 4650.0 -0.94328
2250.0 4650.0 -0.89836
2350.0 4650.0 -0.82140
2450.0 4650.0 -0.78271
2550.0 4650.0 -0.78019
2650.0 4650.0 -0.74570
2750.0 4650.0 -0.66882
2850.0 4650.0 -0.58260
2950.0 4650.0 -0.52774
3050.0 4650.0 -0.52995
3150.0 4650.0 -0.59020
3250.0 4650.0 -0.68774
3350.0 4650.0 -0.79525
3450.0 4650.0 -0.87581
3550.0 4650.0 -0.89163
3650.0 4650.0 -0.83800
3750.0 4650.0 -0.73951
3850.0 4650.0 -0.63886
3950.0 4650.0 -0.58097
4050.0 4650.0 -0.59196
4150.0 4650.0 -0.65318
4250.0 4650.0 -0.67228
4350.0 4650.0 -0.57735
4450.0 4650.0 -0.39252
4550.0 4650.0 -0.19063
4650.0 4650.0 -0.04933
4750.0 4650.0 -0.01987
4850.0 4650.0 -0.10847
4950.0 4650.0 -0.27045
5050.0 4650.0 -0.44341
5150.0 4650.0 -0.59863
5250.0 4650.0 -0.69861
5350.0 4650.0 -0.71970
5450.0 4650.0 -0.67093
5550.0 4650.0 -0.59334
5650.0 4650.0 -0.53990
5750.0 4650.0 -0.53611
5850.0 4650.0 -0.55124
5950.0 4650.0 -0.57017
6050.0 4650.0 -0.56545
6150.0 4650.0 -0.50840
6250.0 4650.0 -0.39144
6350.0 4650.0 -0.23425
50.0 4750.0 -0.22285
150.0 4750.0 -0.51136
250.0 4750.0 -0.72423
350.0 4750.0 -0.78182
450.0 4750.0 -0.65388
550.0 4750.0 -0.38507
650.0 4750.0 -0.08388
750.0 4750.0 0.12532
850.0 4750.0 0.18677
950.0 4750.0 0.21095
1050.0 4750.0 0.32464
1150.0 4750.0 0.50067
1250.0 4750.0 0.64438
1350.0 4750.0 0.67174
1450.0 4750.0 0.55259
1550.0 4750.0 0.31880
1650.0 4750.0 0.03757
1750.0 4750.0 -0.25030
1850.0 4750.0 -0.54982
1950.0 4750.0 -0.80507
2050.0 4750.0 -0.93934
2150.0 4750.0 -0.91994
2250.0 4750.0 -0.78304
2350.0 4750.0 -0.61801
2450.0 4750.0 -0.51123
2550.0 4750.0 -0.45331
2650.0 4750.0 -0.35120
2750.0 4750.0 -0.20438
2850.0 4750.0 -0.07646
2950.0 4750.0 -0.03058
3050.0 4750.0 -0.09215
3150.0 4750.0 -0.23914
3250.0 4750.0 -0.41988
3350.0 4750.0 -0.59698
3450.0 4750.0 -0.75115
3550.0 4750.0 -0.83811
3650.0 4750.0 -0.83116
3750.0 4750.0 -0.73937
3850.0 4750.0 -0.60749
3950.0 4750.0 -0.49977
4050.0 4750.0 -0.46775
4150.0 4750.0 -0.50180
4250.0 4750.0 -0.48474
4350.0 4750.0 -0.33448
4450.0 4750.0 -0.09481
4550.0 4750.0 0.13660
4650.0 4750.0 0.26853
4750.0 4750.0 0.25375
4850.0 4750.0 0.10370
4950.0 4750.0 -0.11982
5050.0 4750.0 -0.35288
5150.0 4750.0 -0.56099
5250.0 4750.0 -0.69385
5350.0 4750.0 -0.72040
5450.0 4750.0 -0.65355
5550.0 4750.0 -0.54904
5650.0 4750.0 -0.47821
5750.0 4750.0 -0.47496
5850.0 4750.0 -0.50060
5950.0 4750.0 -0.54876
6050.0 4750.0 -0.59068
6150.0 4750.0 -0.58493
6250.0 4750.0 -0.50933
6350.0 4750.0 -0.37358
50.0 4850.0 -0.14780
150.0 4850.0 -0.43791
250.0 4850.0 -0.66769
350.0 4850.0 -0.76042
450.0 4850.0 -0.67944
550.0 4850.0 -0.45828
650.0 4850.0 -0.19402
750.0 4850.0 -0.00387
850.0 4850.0 0.05494
950.0 4850.0 0.08270
1050.0 4850.0 0.20776
1150.0 4850.0 0.40464
1250.0 4850.0 0.57469
1350.0 4850.0 0.62762
1450.0 4850.0 0.52745
1550.0 4850.0 0.30290
1650.0 4850.0 0.02221
1750.0 4850.0 -0.26751
1850.0 4850.0 -0.56037
1950.0 4850.0 -0.79074
2050.0 4850.0 -0.87873
2150.0 4850.0 -0.79697
2250.0 4850.0 -0.59388
2350.0 4850.0 -0.37322
2450.0 4850.0 -0.22978
2550.0 4850.0 -0.14564
2650.0 4850.0 -0.01056
2750.0 4850.0 0.17245
2850.0 4850.0 0.32512
2950.0 4850.0 0.37268
3050.0 4850.0 0.28852
3150.0 4850.0 0.10430
3250.0 4850.0 -0.11414
3350.0 4850.0 -0.32378
3450.0 4850.0 -0.51248
3550.0 4850.0 -0.63291
3650.0 4850.0 -0.64801
3750.0 4850.0 -0.55956
3850.0 4850.0 -0.41322
3950.0 4850.0 -0.28226
4050.0 4850.0 -0.23014
4150.0 4850.0 -0.25152
4250.0 4850.0 -0.22240
4350.0 4850.0 -0.06398
4450.0 4850.0 0.17073
4550.0 4850.0 0.37841
4650.0 4850.0 0.47017
4750.0 4850.0 0.40868
4850.0 4850.0 0.21764
4950.0 4850.0 -0.03645
5050.0 4850.0 -0.29401
5150.0 4850.0 -0.51058
5250.0 4850.0 -0.62867
5350.0 4850.0 -0.61927
5450.0 4850.0 -0.50595
5550.0 4850.0 -0.35997
5650.0 4850.0 -0.26626
5750.0 4850.0 -0.26047
5850.0 4850.0 -0.29324
5950.0 4850.0 -0.36752
6050.0 4850.0 -0.45612
6150.0 4850.0 -0.50749
6250.0 4850.0 -0.48507
6350.0 4850.0 -0.38615
50.0 4950.0 0.02387
150.0 4950.0 -0.26958
250.0 4950.0 -0.51885
350.0 4950.0 -0.65041
450.0 4950.0 -0.62093
550.0 4950.0 -0.45216
650.0 4950.0 -0.22909
750.0 4950.0 -0.06127
850.0 4950.0 -0.00738
950.0 4950.0 0.02205
1050.0 4950.0 0.15720
1150.0 4950.0 0.37533
1250.0 4950.0 0.57446
1350.0 4950.0 0.65774
1450.0 4950.0 0.58220
1550.0 4950.0 0.37178
1650.0 4950.0 0.09477
1750.0 4950.0 -0.19456
1850.0 4950.0 -0.48033
1950.0 4950.0 -0.69253
2050.0 4950.0 -0.75266
2150.0 4950.0 -0.63876
2250.0 4950.0 -0.40641
2350.0 4950.0 -0.16550
2450.0 4950.0 -0.01275
2550.0 4950.0 0.07542
2650.0 4950.0 0.21775
2750.0 4950.0 0.41279
2850.0 4950.0 0.57950
2950.0 4950.0 0.63924
3050.0 4950.0 0.56243
3150.0 4950.0 0.37987
3250.0 4950.0 0.15871
3350.0 4950.0 -0.05537
3450.0 4950.0 -0.24841
3550.0 4950.0 -0.37187
3650.0 4950.0 -0.38731
3750.0 4950.0 -0.29603
3850.0 4950.0 -0.14460
3950.0 4950.0 -0.00824
4050.0 4950.0 0.04765
4150.0 4950.0 0.02809
4250.0 4950.0 0.05141
4350.0 4950.0 0.18376
4450.0 4950.0 0.37076
4550.0 4950.0 0.51748
4650.0 4950.0 0.54870
4750.0 4950.0 0.44076
4850.0 4950.0 0.22524
4950.0 4950.0 -0.03585
5050.0 4950.0 -0.29090
5150.0 4950.0 -0.48213
5250.0 4950.0 -0.54904
5350.0 4950.0 -0.47193
5450.0 4950.0 -0.29024
5550.0 4950.0 -0.09146
5650.0 4950.0 0.02944
5750.0 4950.0 0.04009
5850.0 4950.0 0.00348
5950.0 4950.0 -0.09048
6050.0 4950.0 -0.21763
6150.0 4950.0 -0.31959
6250.0 4950.0 -0.34816
6350.0 4950.0 -0.28888
50.0 5050.0 0.20480
150.0 5050.0 -0.08431
250.0 5050.0 -0.34610
350.0 5050.0 -0.51143
450.0 5050.0 -0.53106
550.0 5050.0 -0.41466
650.0 5050.0 -0.23372
750.0 5050.0 -0.08829
850.0 5050.0 -0.03751
950.0 5050.0 -0.00461
1050.0 5050.0 0.13781
1150.0 5050.0 0.36820
1250.0 5050.0 0.58311
1350.0 5050.0 0.68279
1450.0 5050.0 0.62109
1550.0 5050.0 0.41981
1650.0 5050.0 0.14726
1750.0 5050.0 -0.13850
1850.0 5050.0 -0.41245
1950.0 5050.0 -0.60090
2050.0 5050.0 -0.62907
2150.0 5050.0 -0.48220
2250.0 5050.0 -0.22336
2350.0 5050.0 0.03266
2450.0 5050.0 0.18916
2550.0 5050.0 0.27586
2650.0 5050.0 0.41542
2750.0 5050.0 0.60712
2850.0 5050.0 0.77210
2950.0 5050.0 0.83347
3050.0 5050.0 0.76190
3150.0 5050.0 0.58680
3250.0 5050.0 0.37327
3350.0 5050.0 0.16608
3450.0 5050.0 -0.02089
3550.0 5050.0 -0.14020
3650.0 5050.0 -0.15385
3750.0 5050.0 -0.06266
3850.0 5050.0 0.08811
3950.0 5050.0 0.22479
4050.0 5050.0 0.28311
4150.0 5050.0 0.26755
4250.0 5050.0 0.28467
4350.0 5050.0 0.38366
4450.0 5050.0 0.51108
4550.0 5050.0 0.58547
4650.0 5050.0 0.54992
4750.0 5050.0 0.39690
4850.0 5050.0 0.16523
4950.0 5050.0 -0.09073
5050.0 5050.0 -0.32849
5150.0 5050.0 -0.47421
5250.0 5050.0 -0.46799
5350.0 5050.0 -0.30541
5450.0 5050.0 -0.04593
5550.0 5050.0 0.20636
5650.0 5050.0 0.34967
5750.0 5050.0 0.35909
5850.0 5050.0 0.31402
5950.0 5050.0 0.20176
6050.0 5050.0 0.04420
6150.0 5050.0 -0.09645
6250.0 5050.0 -0.16483
6350.0 5050.0 -0.13885
50.0 5150.0 0.34237
150.0 5150.0 0.08505
250.0 5150.0 -0.16367
350.0 5150.0 -0.34315
450.0 5150.0 -0.40098
550.0 5150.0 -0.33400
650.0 5150.0 -0.19585
750.0 5150.0 -0.07107
850.0 5150.0 -0.01585
950.0 5150.0 0.02814
1050.0 5150.0 0.17087
1150.0 5150.0 0.38688
1250.0 5150.0 0.57656
1350.0 5150.0 0.64843
1450.0 5150.0 0.56567
1550.0 5150.0 0.35677
1650.0 5150.0 0.09042
1750.0 5150.0 -0.18214
1850.0 5150.0 -0.42911
1950.0 5150.0 -0.57306
2050.0 5150.0 -0.54779
2150.0 5150.0 -0.35132
2250.0 5150.0 -0.05742
2350.0 5150.0 0.21444
2450.0 5150.0 0.37060
2550.0 5150.0 0.44960
2650.0 5150.0 0.56773
2750.0 5150.0 0.72008
2850.0 5150.0 0.83977
2950.0 5150.0 0.86573
3050.0 5150.0 0.77960
3150.0 5150.0 0.61279
3250.0 5150.0 0.42369
3350.0 5150.0 0.24633
3450.0 5150.0 0.08373
3550.0 5150.0 -0.02511
3650.0 5150.0 -0.04375
3750.0 5150.0 0.03188
3850.0 5150.0 0.16572
3950.0 5150.0 0.29416
4050.0 5150.0 0.35915
4150.0 5150.0 0.36133
4250.0 5150.0 0.38201
4350.0 5150.0 0.44575
4450.0 5150.0 0.50342
4550.0 5150.0 0.49516
4650.0 5150.0 0.39036
4750.0 5150.0 0.20211
4850.0 5150.0 -0.02397
4950.0 5150.0 -0.24626
5050.0 5150.0 -0.43298
5150.0 5150.0 -0.49071
5250.0 5150.0 -0.37069
5350.0 5150.0 -0.09763
5450.0 5150.0 0.24181
5550.0 5150.0 0.53020
5650.0 5150.0 0.67010
5750.0 5150.0 0.65469
5850.0 5150.0 0.58337
5950.0 5150.0 0.45381
6050.0 5150.0 0.28898
6150.0 5150.0 0.14663
6250.0 5150.0 0.07545
6350.0 5150.0 0.09138
50.0 5250.0 0.39418
150.0 5250.0 0.19909
250.0 5250.0 -0.00650
350.0 5250.0 -0.17458
450.0 5250.0 -0.25334
550.0 5250.0 -0.22715
650.0 5250.0 -0.12823
750.0 5250.0 -0.01989
850.0 5250.0 0.04858
950.0 5250.0 0.11243
1050.0 5250.0 0.25104
1150.0 5250.0 0.43027
1250.0 5250.0 0.55917
1350.0 5250.0 0.56477
1450.0 5250.0 0.43085
1550.0 5250.0 0.20071
1650.0 5250.0 -0.05617
1750.0 5250.0 -0.30544
1850.0 5250.0 -0.51388
1950.0 5250.0 -0.60254
2050.0 5250.0 -0.51775
2150.0 5250.0 -0.27252
2250.0 5250.0 0.04957
2350.0 5250.0 0.32793
2450.0 5250.0 0.47592
2550.0 5250.0 0.54043
2650.0 5250.0 0.61914
2750.0 5250.0 0.69935
2850.0 5250.0 0.73624
2950.0 5250.0 0.69777
3050.0 5250.0 0.58566
3150.0 5250.0 0.43479
3250.0 5250.0 0.29110
3350.0 5250.0 0.16890
3450.0 5250.0 0.05048
3550.0 5250.0 -0.04180
3650.0 5250.0 -0.07416
3750.0 5250.0 -0.03259
3850.0 5250.0 0.06507
3950.0 5250.0 0.17492
4050.0 5250.0 0.25080
4150.0 5250.0 0.28576
4250.0 5250.0 0.32285
4350.0 5250.0 0.35711
4450.0 5250.0 0.34738
4550.0 5250.0 0.26170
4650.0 5250.0 0.10067
4750.0 5250.0 -0.10061
4850.0 5250.0 -0.29187
4950.0 5250.0 -0.44844
5050.0 5250.0 -0.55042
5150.0 5250.0 -0.48812
5250.0 5250.0 -0.23662
5350.0 5250.0 0.14003
5450.0 5250.0 0.52796
5550.0 5250.0 0.80761
5650.0 5250.0 0.90268
5750.0 5250.0 0.83408
5850.0 5250.0 0.71740
5950.0 5250.0 0.57393
6050.0 5250.0 0.43178
6150.0 5250.0 0.33442
6250.0 5250.0 0.30723
6350.0 5250.0 0.34353
50.0 5350.0 0.34566
150.0 5350.0 0.23155
250.0 5350.0 0.08974
350.0 5350.0 -0.04651
450.0 5350.0 -0.12906
550.0 5350.0 -0.13158
650.0 5350.0 -0.06432
750.0 5350.0 0.03309
850.0 5350.0 0.12077
950.0 5350.0 0.21032
1050.0 5350.0 0.34617
1150.0 5350.0 0.48390
1250.0 5350.0 0.54276
1350.0 5350.0 0.47171
1450.0 5350.0 0.27901
1550.0 5350.0 0.02557
1650.0 5350.0 -0.21818
1750.0 5350.0 -0.43870
1850.0 5350.0 -0.60807
1950.0 5350.0 -0.65032
2050.0 5350.0 -0.52464
2150.0 5350.0 -0.25552
2250.0 5350.0 0.06983
2350.0 5350.0 0.33617
2450.0 5350.0 0.46700
2550.0 5350.0 0.51299
2650.0 5350.0 0.54468
2750.0 5350.0 0.54158
2850.0 5350.0 0.48622
2950.0 5350.0 0.38073
3050.0 5350.0 0.24891
3150.0 5350.0 0.12722
3250.0 5350.0 0.04481
3350.0 5350.0 -0.00684
3450.0 5350.0 -0.06955
3550.0 5350.0 -0.14262
3650.0 5350.0 -0.19561
3750.0 5350.0 -0.20117
3850.0 5350.0 -0.15305
3950.0 5350.0 -0.06928
4050.0 5350.0 0.01952
4150.0 5350.0 0.09625
4250.0 5350.0 0.16023
4350.0 5350.0 0.17846
4450.0 5350.0 0.11998
4550.0 5350.0 -0.01886
4650.0 5350.0 -0.20820
4750.0 5350.0 -0.39455
4850.0 5350.0 -0.52664
4950.0 5350.0 -0.59727
5050.0 5350.0 -0.59846
5150.0 5350.0 -0.41548
5250.0 5350.0 -0.05625
5350.0 5350.0 0.37600
5450.0 5350.0 0.75026
5550.0 5350.0 0.96142
5650.0 5350.0 0.97002
5750.0 5350.0 0.82805
5850.0 5350.0 0.65507
5950.0 5350.0 0.50263
6050.0 5350.0 0.40700
6150.0 5350.0 0.39043
6250.0 5350.0 0.44330
6350.0 5350.0 0.52454
50.0 5450.0 0.22348
150.0 5450.0 0.18998
250.0 5450.0 0.11492
350.0 5450.0 0.01762
450.0 5450.0 -0.05869
550.0 5450.0 -0.07940
650.0 5450.0 -0.03538
750.0 5450.0 0.05560
850.0 5450.0 0.16326
950.0 5450.0 0.27906
1050.0 5450.0 0.41866
1150.0 5450.0 0.52939
1250.0 5450.0 0.53849
1350.0 5450.0 0.41220
1450.0 5450.0 0.17825
1550.0 5450.0 -0.08840
1650.0 5450.0 -0.31643
1750.0 5450.0 -0.50949
1850.0 5450.0 -0.65033
1950.0 5450.0 -0.67066
2050.0 5450.0 -0.53937
2150.0 5450.0 -0.28465
2250.0 5450.0 0.01152
2350.0 5450.0 0.24587
2450.0 5450.0 0.35309
2550.0 5450.0 0.38087
2650.0 5450.0 0.37120
2750.0 5450.0 0.29942
2850.0 5450.0 0.17372
2950.0 5450.0 0.02558
3050.0 5450.0 -0.10489
3150.0 5450.0 -0.18412
3250.0 5450.0 -0.20087
3350.0 5450.0 -0.18258
3450.0 5450.0 -0.19082
3550.0 5450.0 -0.24652
3650.0 5450.0 -0.32245
3750.0 5450.0 -0.37757
3850.0 5450.0 -0.38112
3950.0 5450.0 -0.32500
4050.0 5450.0 -0.22429
4150.0 5450.0 -0.10636
4250.0 5450.0 -0.01163
4350.0 5450.0 0.00607
4450.0 5450.0 -0.07414
4550.0 5450.0 -0.23313
4650.0 5450.0 -0.41965
4750.0 5450.0 -0.56892
4850.0 5450.0 -0.63215
4950.0 5450.0 -0.61648
5050.0 5450.0 -0.52470
5150.0 5450.0 -0.25145
5250.0 5450.0 0.16085
5350.0 5450.0 0.58004
5450.0 5450.0 0.87376
5550.0 5450.0 0.96643
5650.0 5450.0 0.86370
5750.0 5450.0 0.64441
5850.0 5450.0 0.41664
5950.0 5450.0 0.25972
6050.0 5450.0 0.21871
6150.0 5450.0 0.29347
6250.0 5450.0 0.43722
6350.0 5450.0 0.57220
50.0 5550.0 0.08815
150.0 5550.0 0.11584
250.0 5550.0 0.09138
350.0 5550.0 0.02349
450.0 5550.0 -0.04830
550.0 5550.0 -0.08303
650.0 5550.0 -0.05684
750.0 5550.0 0.02917
850.0 5550.0 0.15198
950.0 5550.0 0.28902
1050.0 5550.0 0.44107
1150.0 5550.0 0.55201
1250.0 5550.0 0.55202
1350.0 5550.0 0.41406
1450.0 5550.0 0.17363
1550.0 5550.0 -0.08854
1650.0 5550.0 -0.30054
1750.0 5550.0 -0.47366
1850.0 5550.0 -0.60278
1950.0 5550.0 -0.63019
2050.0 5550.0 -0.52912
2150.0 5550.0 -0.32305
2250.0 5550.0 -0.08120
2350.0 5550.0 0.10886
2450.0 5550.0 0.19153
2550.0 5550.0 0.20564
2650.0 5550.0 0.17102
2750.0 5550.0 0.06437
2850.0 5550.0 -0.08825
2950.0 5550.0 -0.23874
3050.0 5550.0 -0.34158
3150.0 5550.0 -0.37108
3250.0 5550.0 -0.33135
3350.0 5550.0 -0.25953
3450.0 5550.0 -0.22683
3550.0 5550.0 -0.27068
3650.0 5550.0 -0.36617
3750.0 5550.0 -0.46143
3850.0 5550.0 -0.50655
3950.0 5550.0 -0.47303
4050.0 5550.0 -0.36395
4150.0 5550.0 -0.21477
4250.0 5550.0 -0.09384
4350.0 5550.0 -0.06621
4450.0 5550.0 -0.14508
4550.0 5550.0 -0.29752
4650.0 5550.0 -0.46108
4750.0 5550.0 -0.56710
4850.0 5550.0 -0.57094
4950.0 5550.0 -0.48876
5050.0 5550.0 -0.33223
5150.0 5550.0 -0.01636
5250.0 5550.0 0.38827
5350.0 5550.0 0.73635
5450.0 5550.0 0.90854
5550.0 5550.0 0.86538
5650.0 5550.0 0.65470
5750.0 5550.0 0.37230
5850.0 5550.0 0.10307
5950.0 5550.0 -0.05639
6050.0 5550.0 -0.05418
6150.0 5550.0 0.09225
6250.0 5550.0 0.30737
6350.0 5550.0 0.48503
50.0 5650.0 0.00588
150.0 5650.0 0.06408
250.0 5650.0 0.06140
350.0 5650.0 0.00052
450.0 5650.0 -0.07959
550.0 5650.0 -0.13229
650.0 5650.0 -0.12373
750.0 5650.0 -0.04490
850.0 5650.0 0.08456
950.0 5650.0 0.23429
1050.0 5650.0 0.40615
1150.0 5650.0 0.54624
1250.0 5650.0 0.58183
1350.0 5650.0 0.48034
1450.0 5650.0 0.27140
1550.0 5650.0 0.03188
1650.0 5650.0 -0.16621
1750.0 5650.0 -0.33008
1850.0 5650.0 -0.46378
1950.0 5650.0 -0.52001
2050.0 5650.0 -0.47103
2150.0 5650.0 -0.32986
2250.0 5650.0 -0.14994
2350.0 5650.0 -0.00374
2450.0 5650.0 0.05936
2550.0 5650.0 0.06675
2650.0 5650.0 0.02773
2750.0 5650.0 -0.07439
2850.0 5650.0 -0.20655
2950.0 5650.0 -0.31942
3050.0 5650.0 -0.37377
3150.0 5650.0 -0.35528
3250.0 5650.0 -0.27814
3350.0 5650.0 -0.17844
3450.0 5650.0 -0.12522
3550.0 5650.0 -0.16414
3650.0 5650.0 -0.27147
3750.0 5650.0 -0.38942
3850.0 5650.0 -0.45775
3950.0 5650.0 -0.43717
4050.0 5650.0 -0.32441
4150.0 5650.0 -0.15930
4250.0 5650.0 -0.02335
4350.0 5650.0 0.01537
4450.0 5650.0 -0.05243
4550.0 5650.0 -0.18883
4650.0 5650.0 -0.32855
4750.0 5650.0 -0.40370
4850.0 5650.0 -0.37311
4950.0 5650.0 -0.25638
5050.0 5650.0 -0.07239
5150.0 5650.0 0.24043
5250.0 5650.0 0.59523
5350.0 5650.0 0.84844
5450.0 5650.0 0.90078
5550.0 5650.0 0.74438
5650.0 5650.0 0.45617
5750.0 5650.0 0.13731
5850.0 5650.0 -0.15354
5950.0 5650.0 -0.31693
6050.0 5650.0 -0.29791
6150.0 5650.0 -0.12188
6250.0 5650.0 0.12253
6350.0 5650.0 0.31632
50.0 5750.0 -0.00029
150.0 5750.0 0.06214
250.0 5750.0 0.05520
350.0 5750.0 -0.02093
450.0 5750.0 -0.12454
550.0 5750.0 -0.20296
650.0 5750.0 -0.21532
750.0 5750.0 -0.14745
850.0 5750.0 -0.01896
950.0 5750.0 0.13587
1050.0 5750.0 0.33119
1150.0 5750.0 0.51936
1250.0 5750.0 0.62064
1350.0 5750.0 0.58825
1450.0 5750.0 0.43631
1550.0 5750.0 0.23089
1650.0 5750.0 0.04384
1750.0 5750.0 -0.11945
1850.0 5750.0 -0.26743
1950.0 5750.0 -0.36110
2050.0 5750.0 -0.36847
2150.0 5750.0 -0.29043
2250.0 5750.0 -0.16558
2350.0 5750.0 -0.05463
2450.0 5750.0 -0.00415
2550.0 5750.0 0.00237
2650.0 5750.0 -0.02570
2750.0 5750.0 -0.09537
2850.0 5750.0 -0.17527
2950.0 5750.0 -0.22617
3050.0 5750.0 -0.22275
3150.0 5750.0 -0.16325
3250.0 5750.0 -0.06693
3350.0 5750.0 0.03880
3450.0 5750.0 0.09549
3550.0 5750.0 0.05625
3650.0 5750.0 -0.05531
3750.0 5750.0 -0.17989
3850.0 5750.0 -0.25478
3950.0 5750.0 -0.23813
4050.0 5750.0 -0.12531
4150.0 5750.0 0.04275
4250.0 5750.0 0.18253
4350.0 5750.0 0.22693
4450.0 5750.0 0.16741
4550.0 5750.0 0.04163
4650.0 5750.0 -0.08638
4750.0 5750.0 -0.15046
4850.0 5750.0 -0.11091
4950.0 5750.0 0.01267
5050.0 5750.0 0.19524
5150.0 5750.0 0.47818
5250.0 5750.0 0.76941
5350.0 5750.0 0.93562
5450.0 5750.0 0.89716
5550.0 5750.0 0.66762
5650.0 5750.0 0.33834
5750.0 5750.0 0.00762
5850.0 5750.0 -0.28842
5950.0 5750.0 -0.45877
6050.0 5750.0 -0.44903
6150.0 5750.0 -0.28400
6250.0 5750.0 -0.05101
6350.0 5750.0 0.13240
50.0 5850.0 0.04803
150.0 5850.0 0.10821
250.0 5850.0 0.08869
350.0 5850.0 -0.01355
450.0 5850.0 -0.15360
550.0 5850.0 -0.27147
650.0 5850.0 -0.31764
750.0 5850.0 -0.27145
850.0 5850.0 -0.15232
950.0 5850.0 0.00027
1050.0 5850.0 0.21423
1150.0 5850.0 0.45002
1250.0 5850.0 0.62112
1350.0 5850.0 0.66483
1450.0 5850.0 0.57688
1550.0 5850.0 0.40951
1650.0 5850.0 0.23313
1750.0 5850.0 0.06818
1850.0 5850.0 -0.09504
1950.0 5850.0 -0.22372
2050.0 5850.0 -0.28050
2150.0 5850.0 -0.25469
2250.0 5850.0 -0.17243
2350.0 5850.0 -0.08573
2450.0 5850.0 -0.04051
2550.0 5850.0 -0.02966
2650.0 5850.0 -0.04095
2750.0 5850.0 -0.07248
2850.0 5850.0 -0.09660
2950.0 5850.0 -0.08554
3050.0 5850.0 -0.02774
3150.0 5850.0 0.06774
3250.0 5850.0 0.17871
3350.0 5850.0 0.28709
3450.0 5850.0 0.34433
3550.0 5850.0 0.30290
3650.0 5850.0 0.18653
3750.0 5850.0 0.05585
3850.0 5850.0 -0.02463
3950.0 5850.0 -0.01144
4050.0 5850.0 0.10079
4150.0 5850.0 0.27021
4250.0 5850.0 0.41245
4350.0 5850.0 0.46168
4450.0 5850.0 0.40939
4550.0 5850.0 0.29221
4650.0 5850.0 0.17256
4750.0 5850.0 0.11509
4850.0 5850.0 0.15870
4950.0 5850.0 0.28438
5050.0 5850.0 0.46077
5150.0 5850.0 0.71008
5250.0 5850.0 0.93723
5350.0 5850.0 1.02066
5450.0 5850.0 0.89985
5550.0 5850.0 0.60744
5650.0 5850.0 0.24601
5750.0 5850.0 -0.09059
5850.0 5850.0 -0.38774
5950.0 5850.0 -0.56547
6050.0 5850.0 -0.57036
6150.0 5850.0 -0.42428
6250.0 5850.0 -0.20994
6350.0 5850.0 -0.04038
50.0 5950.0 0.21684
150.0 5950.0 0.27425
250.0 5950.0 0.23812
350.0 5950.0 0.09624
450.0 5950.0 -0.10696
550.0 5950.0 -0.30247
650.0 5950.0 -0.42521
750.0 5950.0 -0.43907
850.0 5950.0 -0.35847
950.0 5950.0 -0.23402
1050.0 5950.0 -0.02825
1150.0 5950.0 0.23190
1250.0 5950.0 0.45841
1350.0 5950.0 0.57460
1450.0 5950.0 0.55479
1550.0 5950.0 0.43098
1650.0 5950.0 0.26654
1750.0 5950.0 0.09865
1850.0 5950.0 -0.07683
1950.0 5950.0 -0.22731
2050.0 5950.0 -0.30721
2150.0 5950.0 -0.29660
2250.0 5950.0 -0.21613
2350.0 5950.0 -0.11802
2450.0 5950.0 -0.05322
2550.0 5950.0 -0.02027
2650.0 5950.0 -0.00425
2750.0 5950.0 -0.00112
2850.0 5950.0 0.01285
2950.0 5950.0 0.05964
3050.0 5950.0 0.14625
3150.0 5950.0 0.26202
3250.0 5950.0 0.38647
3350.0 5950.0 0.50537
3450.0 5950.0 0.56830
3550.0 5950.0 0.52220
3650.0 5950.0 0.39126
3750.0 5950.0 0.24089
3850.0 5950.0 0.14242
3950.0 5950.0 0.14552
4050.0 5950.0 0.25843
4150.0 5950.0 0.43589
4250.0 5950.0 0.58702
4350.0 5950.0 0.64534
4450.0 5950.0 0.60262
4550.0 5950.0 0.49559
4650.0 5950.0 0.38658
4750.0 5950.0 0.33988
4850.0 5950.0 0.39401
4950.0 5950.0 0.52982
5050.0 5950.0 0.70855
5150.0 5950.0 0.93266
5250.0 5950.0 1.10250
5350.0 5950.0 1.10693
5450.0 5950.0 0.90447
5550.0 5950.0 0.54814
5650.0 5950.0 0.15377
5750.0 5950.0 -0.18798
5850.0 5950.0 -0.48496
5950.0 5950.0 -0.66789
6050.0 5950.0 -0.68243
6150.0 5950.0 -0.54631
6250.0 5950.0 -0.33796
6350.0 5950.0 -0.16799
50.0 6050.0 0.46156
150.0 6050.0 0.51777
250.0 6050.0 0.47230
350.0 6050.0 0.29832
450.0 6050.0 0.03132
550.0 6050.0 -0.25583
650.0 6050.0 -0.48155
750.0 6050.0 -0.58814
850.0 6050.0 -0.57818
950.0 6050.0 -0.51389
1050.0 6050.0 -0.35291
1150.0 6050.0 -0.10542
1250.0 6050.0 0.14686
1350.0 6050.0 0.31827
1450.0 6050.0 0.36108
1550.0 6050.0 0.28134
1650.0 6050.0 0.12867
1750.0 6050.0 -0.04389
1850.0 6050.0 -0.22936
1950.0 6050.0 -0.38879
2050.0 6050.0 -0.46460
2150.0 6050.0 -0.42937
2250.0 6050.0 -0.30552
2350.0 6050.0 -0.15544
2450.0 6050.0 -0.04183
2550.0 6050.0 0.03459
2650.0 6050.0 0.08817
2750.0 6050.0 0.11492
2850.0 6050.0 0.13510
2950.0 6050.0 0.17401
3050.0 6050.0 0.24798
3150.0 6050.0 0.35813
3250.0 6050.0 0.49201
3350.0 6050.0 0.63087
3450.0 6050.0 0.70646
3550.0 6050.0 0.65511
3650.0 6050.0 0.50162
3750.0 6050.0 0.31965
3850.0 6050.0 0.19233
3950.0 6050.0 0.18019
4050.0 6050.0 0.29655
4150.0 6050.0 0.49027
4250.0 6050.0 0.65723
4350.0 6050.0 0.72661
4450.0 6050.0 0.69075
4550.0 6050.0 0.58903
4650.0 6050.0 0.48699
4750.0 6050.0 0.45145
4850.0 6050.0 0.52174
4950.0 6050.0 0.67714
5050.0 6050.0 0.87053
5150.0 6050.0 1.08855
5250.0 6050.0 1.22578
5350.0 6050.0 1.17682
5450.0 6050.0 0.91432
5550.0 6050.0 0.50853
5650.0 6050.0 0.08833
5750.0 6050.0 -0.25616
5850.0 6050.0 -0.55156
5950.0 6050.0 -0.73776
6050.0 6050.0 -0.75739
6150.0 6050.0 -0.62225
6250.0 6050.0 -0.40652
6350.0 6050.0 -0.22037
50.0 6150.0 0.66553
150.0 6150.0 0.72447
250.0 6150.0 0.69018
350.0 6150.0 0.52021
450.0 6150.0 0.23016
550.0 6150.0 -0.11601
650.0 6150.0 -0.42921
750.0 6150.0 -0.63216
850.0 6150.0 -0.71000
950.0 6150.0 -0.72782
1050.0 6150.0 -0.64120
1150.0 6150.0 -0.44233
1250.0 6150.0 -0.19976
1350.0 6150.0 -0.00126
1450.0 6150.0 0.08685
1550.0 6150.0 0.04354
1650.0 6150.0 -0.09974
1750.0 6150.0 -0.27832
1850.0 6150.0 -0.47402
1950.0 6150.0 -0.63805
2050.0 6150.0 -0.69774
2150.0 6150.0 -0.61806
2250.0 6150.0 -0.42652
2350.0 6150.0 -0.20104
2450.0 6150.0 -0.02040
2550.0 6150.0 0.11345
2650.0 6150.0 0.20810
2750.0 6150.0 0.24234
2850.0 6150.0 0.23407
2950.0 6150.0 0.22086
3050.0 6150.0 0.24110
3150.0 6150.0 0.31952
3250.0 6150.0 0.45677
3350.0 6150.0 0.62165
3450.0 6150.0 0.71555
3550.0 6150.0 0.66165
3650.0 6150.0 0.48535
3750.0 6150.0 0.26980
3850.0 6150.0 0.11185
3950.0 6150.0 0.08482
4050.0 6150.0 0.20807
4150.0 6150.0 0.42366
4250.0 6150.0 0.60990
4350.0 6150.0 0.68752
4450.0 6150.0 0.64957
4550.0 6150.0 0.54118
4650.0 6150.0 0.43535
4750.0 6150.0 0.40518
4850.0 6150.0 0.49254
4950.0 6150.0 0.67338
5050.0 6150.0 0.89222
5150.0 6150.0 1.12841
5250.0 6150.0 1.27078
5350.0 6150.0 1.21268
5450.0 6150.0 0.93137
5550.0 6150.0 0.50615
5650.0 6150.0 0.07525
5750.0 6150.0 -0.26842
5850.0 6150.0 -0.56146
5950.0 6150.0 -0.75060
6050.0 6150.0 -0.77416
6150.0 6150.0 -0.63655
6250.0 6150.0 -0.40712
6350.0 6150.0 -0.19639
50.0 6250.0 0.72854
150.0 6250.0 0.79490
250.0 6250.0 0.79731
350.0 6250.0 0.68147
450.0 6250.0 0.43408
550.0 6250.0 0.09499
650.0 6250.0 -0.25452
750.0 6250.0 -0.52701
850.0 6250.0 -0.68789
950.0 6250.0 -0.79087
1050.0 6250.0 -0.78924
1150.0 6250.0 -0.65943
1250.0 6250.0 -0.45358
1350.0 6250.0 -0.25563
1450.0 6250.0 -0.14440
1550.0 6250.0 -0.16401
1650.0 6250.0 -0.30152
1750.0 6250.0 -0.48653
1850.0 6250.0 -0.69511
1950.0 6250.0 -0.86959
2050.0 6250.0 -0.92120
2150.0 6250.0 -0.80523
2250.0 6250.0 -0.55230
2350.0 6250.0 -0.25460
2450.0 6250.0 -0.00703
2550.0 6250.0 0.18514
2650.0 6250.0 0.31621
2750.0 6250.0 0.34321
2850.0 6250.0 0.28304
2950.0 6250.0 0.19065
3050.0 6250.0 0.13304
3150.0 6250.0 0.16395
3250.0 6250.0 0.29892
3350.0 6250.0 0.49009
3450.0 6250.0 0.60433
3550.0 6250.0 0.55279
3650.0 6250.0 0.36122
3750.0 6250.0 0.12083
3850.0 6250.0 -0.05970
3950.0 6250.0 -0.09594
4050.0 6250.0 0.03694
4150.0 6250.0 0.27511
4250.0 6250.0 0.47922
4350.0 6250.0 0.55859
4450.0 6250.0 0.50698
4550.0 6250.0 0.37765
4650.0 6250.0 0.25450
4750.0 6250.0 0.22005
4850.0 6250.0 0.32029
4950.0 6250.0 0.52650
5050.0 6250.0 0.77567
5150.0 6250.0 1.04963
5250.0 6250.0 1.23274
5350.0 6250.0 1.21057
5450.0 6250.0 0.95469
5550.0 6250.0 0.54351
5650.0 6250.0 0.11900
5750.0 6250.0 -0.22056
5850.0 6250.0 -0.51142
5950.0 6250.0 -0.70490
6050.0 6250.0 -0.73512
6150.0 6250.0 -0.59850
6250.0 6250.0 -0.35868
6350.0 6250.0 -0.12566
50.0 6350.0 0.61524
150.0 6350.0 0.69230
250.0 6350.0 0.75033
350.0 6350.0 0.72983
450.0 6350.0 0.58574
550.0 6350.0 0.32299
650.0 6350.0 0.00047
750.0 6350.0 -0.29668
850.0 6350.0 -0.51630
950.0 6350.0 -0.68735
1050.0 6350.0 -0.75772
1150.0 6350.0 -0.69270
1250.0 6350.0 -0.52991
1350.0 6350.0 -0.34713
1450.0 6350.0 -0.22967
1550.0 6350.0 -0.23758
1650.0 6350.0 -0.37250
1750.0 6350.0 -0.56326
1850.0 6350.0 -0.78855
1950.0 6350.0 -0.98684
2050.0 6350.0 -1.05462
2150.0 6350.0 -0.93458
2250.0 6350.0 -0.65408
2350.0 6350.0 -0.31225
2450.0 6350.0 -0.01601
2550.0 6350.0 0.22202
2650.0 6350.0 0.37891
2750.0 6350.0 0.39202
2850.0 6350.0 0.27824
2950.0 6350.0 0.10895
3050.0 6350.0 -0.02287
3150.0 6350.0 -0.03786
3250.0 6350.0 0.09219
3350.0 6350.0 0.30404
3450.0 6350.0 0.43614
3550.0 6350.0 0.39183
3650.0 6350.0 0.19686
3750.0 6350.0 -0.05297
3850.0 6350.0 -0.24198
3950.0 6350.0 -0.27898
4050.0 6350.0 -0.13573
4150.0 6350.0 0.12060
4250.0 6350.0 0.33698
4350.0 6350.0 0.41091
4450.0 6350.0 0.33671
4550.0 6350.0 0.17638
4650.0 6350.0 0.02578
4750.0 6350.0 -0.02202
4850.0 6350.0 0.08375
4950.0 6350.0 0.30939
5050.0 6350.0 0.58574
5150.0 6350.0 0.90354
5250.0 6350.0 1.14468
5350.0 6350.0 1.18382
5450.0 6350.0 0.98051
5550.0 6350.0 0.60508
5650.0 6350.0 0.19819
5750.0 6350.0 -0.13575
5850.0 6350.0 -0.42547
5950.0 6350.0 -0.62574
6050.0 6350.0 -0.66798
6150.0 6350.0 -0.54111
6250.0 6350.0 -0.30220
6350.0 6350.0 -0.05878
