50.0 50.0 0.00000
150.0 50.0 -0.01618
250.0 50.0 -0.04091
350.0 50.0 -0.06915
450.0 50.0 -0.09044
550.0 50.0 -0.09628
650.0 50.0 -0.08417
750.0 50.0 -0.05832
850.0 50.0 -0.02710
950.0 50.0 0.00287
1050.0 50.0 0.04861
1150.0 50.0 0.14136
1250.0 50.0 0.25983
1350.0 50.0 0.35790
1450.0 50.0 0.39552
1550.0 50.0 0.35634
1650.0 50.0 0.25221
1750.0 50.0 0.11454
1850.0 50.0 -0.02769
1950.0 50.0 -0.18583
2050.0 50.0 -0.36909
2150.0 50.0 -0.52969
2250.0 50.0 -0.60994
2350.0 50.0 -0.57916
2450.0 50.0 -0.44938
2550.0 50.0 -0.26973
2650.0 50.0 -0.09955
2750.0 50.0 0.03894
2850.0 50.0 0.15072
2950.0 50.0 0.19985
3050.0 50.0 0.17515
3150.0 50.0 0.09348
3250.0 50.0 -0.00912
3350.0 50.0 -0.08904
3450.0 50.0 -0.10943
3550.0 50.0 -0.05713
3650.0 50.0 0.03850
3750.0 50.0 0.12720
3850.0 50.0 0.18369
3950.0 50.0 0.19371
4050.0 50.0 0.15777
4150.0 50.0 0.09216
4250.0 50.0 0.02447
4350.0 50.0 -0.01609
4450.0 50.0 -0.01383
4550.0 50.0 0.01326
4650.0 50.0 0.01593
4750.0 50.0 -0.02511
4850.0 50.0 -0.09425
4950.0 50.0 -0.16167
5050.0 50.0 -0.19902
5150.0 50.0 -0.18945
5250.0 50.0 -0.13226
5350.0 50.0 -0.04185
5450.0 50.0 0.06136
5550.0 50.0 0.18398
5650.0 50.0 0.31426
5750.0 50.0 0.41104
5850.0 50.0 0.43828
5950.0 50.0 0.38556
6050.0 50.0 0.27328
6150.0 50.0 0.14273
6250.0 50.0 0.03075
6350.0 50.0 -0.06945
50.0 150.0 -0.12650
150.0 150.0 -0.14127
250.0 150.0 -0.15279
350.0 150.0 -0.15271
450.0 150.0 -0.13404
550.0 150.0 -0.09581
650.0 150.0 -0.04433
750.0 150.0 0.00884
850.0 150.0 0.05226
950.0 150.0 0.08336
1050.0 150.0 0.12589
1150.0 150.0 0.20650
1250.0 150.0 0.30242
1350.0 150.0 0.37072
1450.0 150.0 0.37699
1550.0 150.0 0.31101
1650.0 150.0 0.18926
1750.0 150.0 0.04450
1850.0 150.0 -0.09786
1950.0 150.0 -0.25209
2050.0 150.0 -0.42193
2150.0 150.0 -0.55871
2250.0 150.0 -0.60842
2350.0 150.0 -0.54631
2450.0 150.0 -0.39054
2550.0 150.0 -0.19463
2650.0 150.0 -0.01876
2750.0 150.0 0.11901
2850.0 150.0 0.22472
2950.0 150.0 0.25528
3050.0 150.0 0.19868
3150.0 150.0 0.07649
3250.0 150.0 -0.06770
3350.0 150.0 -0.18241
3450.0 150.0 -0.22509
3550.0 150.0 -0.18161
3650.0 150.0 -0.08727
3750.0 150.0 0.00121
3850.0 150.0 0.05872
3950.0 150.0 0.07120
4050.0 150.0 0.03883
4150.0 150.0 -0.02283
4250.0 150.0 -0.08703
4350.0 150.0 -0.12529
4450.0 150.0 -0.12213
4550.0 150.0 -0.09483
4650.0 150.0 -0.09040
4750.0 150.0 -0.12675
4850.0 150.0 -0.18885
4950.0 150.0 -0.24851
5050.0 150.0 -0.27917
5150.0 150.0 -0.26542
5250.0 150.0 -0.20709
5350.0 150.0 -0.11807
5450.0 150.0 -0.01676
5550.0 150.0 0.11122
5650.0 150.0 0.26060
5750.0 150.0 0.38989
5850.0 150.0 0.45773
5950.0 150.0 0.44570
6050.0 150.0 0.36613
6150.0 150.0 0.25483
6250.0 150.0 0.14885
6350.0 150.0 0.04934
50.0 250.0 -0.21068
150.0 250.0 -0.22982
250.0 250.0 -0.23647
350.0 250.0 -0.21940
450.0 250.0 -0.17405
550.0 250.0 -0.10522
650.0 250.0 -0.02629
750.0 250.0 0.04506
850.0 250.0 0.09460
950.0 250.0 0.12278
1050.0 250.0 0.15947
1150.0 250.0 0.22997
1250.0 250.0 0.31226
1350.0 250.0 0.36641
1450.0 250.0 0.36125
1550.0 250.0 0.28865
1650.0 250.0 0.16552
1750.0 250.0 0.02331
1850.0 250.0 -0.11479
1950.0 250.0 -0.26237
2050.0 250.0 -0.41968
2150.0 250.0 -0.53946
2250.0 250.0 -0.57180
2350.0 250.0 -0.49620
2450.0 250.0 -0.33351
2550.0 250.0 -0.13759
2650.0 250.0 0.03321
2750.0 250.0 0.16381
2850.0 250.0 0.25974
2950.0 250.0 0.27426
3050.0 250.0 0.19552
3150.0 250.0 0.04791
3250.0 250.0 -0.12105
3350.0 250.0 -0.25626
3450.0 250.0 -0.31298
3550.0 250.0 -0.27719
3650.0 250.0 -0.18723
3750.0 250.0 -0.10253
3850.0 250.0 -0.04738
3950.0 250.0 -0.03491
4050.0 250.0 -0.06467
4150.0 250.0 -0.12176
4250.0 250.0 -0.18081
4350.0 250.0 -0.21500
4450.0 250.0 -0.20988
4550.0 250.0 -0.18170
4650.0 250.0 -0.17107
4750.0 250.0 -0.19197
4850.0 250.0 -0.23247
4950.0 250.0 -0.27050
5050.0 250.0 -0.28546
5150.0 250.0 -0.26561
5250.0 250.0 -0.21120
5350.0 250.0 -0.13328
5450.0 250.0 -0.04523
5550.0 250.0 0.07393
5650.0 250.0 0.22506
5750.0 250.0 0.36944
5850.0 250.0 0.46409
5950.0 250.0 0.48489
6050.0 250.0 0.43608
6150.0 250.0 0.34599
6250.0 250.0 0.24909
6350.0 250.0 0.15332
50.0 350.0 -0.22944
150.0 350.0 -0.26050
250.0 350.0 -0.27378
350.0 350.0 -0.25592
450.0 350.0 -0.20325
550.0 350.0 -0.12370
650.0 350.0 -0.03494
750.0 350.0 0.04126
850.0 350.0 0.08838
950.0 350.0 0.10839
1050.0 350.0 0.13579
1150.0 350.0 0.19842
1250.0 350.0 0.27782
1350.0 350.0 0.33689
1450.0 350.0 0.34473
1550.0 350.0 0.29046
1650.0 350.0 0.18609
1750.0 350.0 0.05846
1850.0 350.0 -0.06981
1950.0 350.0 -0.20718
2050.0 350.0 -0.35297
2150.0 350.0 -0.46422
2250.0 350.0 -0.49569
2350.0 350.0 -0.42904
2450.0 350.0 -0.28346
2550.0 350.0 -0.10812
2650.0 350.0 0.04393
2750.0 350.0 0.15916
2850.0 350.0 0.24109
2950.0 350.0 0.24475
3050.0 350.0 0.15972
3150.0 350.0 0.01038
3250.0 350.0 -0.15731
3350.0 350.0 -0.29097
3450.0 350.0 -0.34875
3550.0 350.0 -0.31831
3650.0 350.0 -0.23662
3750.0 350.0 -0.16026
3850.0 350.0 -0.11192
3950.0 350.0 -0.10282
4050.0 350.0 -0.13147
4150.0 350.0 -0.18345
4250.0 350.0 -0.23547
4350.0 350.0 -0.26347
4450.0 350.0 -0.25506
4550.0 350.0 -0.22521
4650.0 350.0 -0.20347
4750.0 350.0 -0.19747
4850.0 350.0 -0.20150
4950.0 350.0 -0.20477
5050.0 350.0 -0.19705
5150.0 350.0 -0.17233
5250.0 350.0 -0.13045
5350.0 350.0 -0.07666
5450.0 350.0 -0.01642
5550.0 350.0 0.07522
5650.0 350.0 0.20440
5750.0 350.0 0.33921
5850.0 350.0 0.44013
5950.0 350.0 0.48085
6050.0 350.0 0.45809
6150.0 350.0 0.39044
6250.0 350.0 0.30622
6350.0 350.0 0.21804
50.0 450.0 -0.18329
150.0 450.0 -0.23226
250.0 450.0 -0.26208
350.0 450.0 -0.25811
450.0 450.0 -0.21612
550.0 450.0 -0.14454
650.0 450.0 -0.06251
750.0 450.0 0.00616
850.0 450.0 0.04333
950.0 450.0 0.05097
1050.0 450.0 0.06637
1150.0 450.0 0.12241
1250.0 450.0 0.20626
1350.0 450.0 0.28368
1450.0 450.0 0.32200
1550.0 450.0 0.30404
1650.0 450.0 0.23311
1750.0 450.0 0.12897
1850.0 450.0 0.01477
1950.0 450.0 -0.10963
2050.0 450.0 -0.24453
2150.0 450.0 -0.35340
2250.0 450.0 -0.39625
2350.0 450.0 -0.35529
2450.0 450.0 -0.24489
2550.0 450.0 -0.10563
2650.0 450.0 0.01731
2750.0 450.0 0.11088
2850.0 450.0 0.17628
2950.0 450.0 0.17553
3050.0 450.0 0.10082
3150.0 450.0 -0.02636
3250.0 450.0 -0.16695
3350.0 450.0 -0.27723
3450.0 450.0 -0.32298
3550.0 450.0 -0.29491
3650.0 450.0 -0.22438
3750.0 450.0 -0.15990
3850.0 450.0 -0.12194
3950.0 450.0 -0.11907
4050.0 450.0 -0.14809
4150.0 450.0 -0.19493
4250.0 450.0 -0.23874
4350.0 450.0 -0.25911
4450.0 450.0 -0.24647
4550.0 450.0 -0.21437
4650.0 450.0 -0.17877
4750.0 450.0 -0.14003
4850.0 450.0 -0.10104
4950.0 450.0 -0.06545
5050.0 450.0 -0.03562
5150.0 450.0 -0.01168
5250.0 450.0 0.00829
5350.0 450.0 0.02707
5450.0 450.0 0.04827
5550.0 450.0 0.09735
5650.0 450.0 0.18443
5750.0 450.0 0.28761
5850.0 450.0 0.37528
5950.0 450.0 0.42233
6050.0 450.0 0.41911
6150.0 450.0 0.37319
6250.0 450.0 0.30391
6350.0 450.0 0.22623
50.0 550.0 -0.09467
150.0 550.0 -0.16388
250.0 550.0 -0.21517
350.0 550.0 -0.23324
450.0 550.0 -0.21242
550.0 550.0 -0.15996
650.0 550.0 -0.09460
750.0 550.0 -0.04066
850.0 550.0 -0.01740
950.0 550.0 -0.02376
1050.0 550.0 -0.02143
1150.0 550.0 0.02786
1250.0 550.0 0.11753
1350.0 550.0 0.21637
1450.0 550.0 0.28949
1550.0 550.0 0.31257
1650.0 550.0 0.27915
1750.0 550.0 0.20114
1850.0 550.0 0.10242
1950.0 550.0 -0.00801
2050.0 550.0 -0.13201
2150.0 550.0 -0.24022
2250.0 550.0 -0.29811
2350.0 550.0 -0.28805
2450.0 550.0 -0.21855
2550.0 550.0 -0.12040
2650.0 550.0 -0.03002
2750.0 550.0 0.03976
2850.0 550.0 0.08867
2950.0 550.0 0.08914
3050.0 550.0 0.03651
3150.0 550.0 -0.05252
3250.0 550.0 -0.14905
3350.0 550.0 -0.22169
3450.0 550.0 -0.24664
3550.0 550.0 -0.21830
3650.0 550.0 -0.15981
3750.0 550.0 -0.10851
3850.0 550.0 -0.08237
3950.0 550.0 -0.08709
4050.0 550.0 -0.11747
4150.0 550.0 -0.15963
4250.0 550.0 -0.19524
4350.0 550.0 -0.20772
4450.0 550.0 -0.19060
4550.0 550.0 -0.15611
4650.0 550.0 -0.10705
4750.0 550.0 -0.03755
4850.0 550.0 0.04016
4950.0 550.0 0.10796
5050.0 550.0 0.15172
5150.0 550.0 0.16653
5250.0 550.0 0.15756
5350.0 550.0 0.13639
5450.0 550.0 0.11458
5550.0 550.0 0.11490
5650.0 550.0 0.15021
5750.0 550.0 0.20982
5850.0 550.0 0.27232
5950.0 550.0 0.31598
6050.0 550.0 0.32613
6150.0 550.0 0.29947
6250.0 550.0 0.24529
6350.0 550.0 0.17907
50.0 650.0 -0.00110
150.0 650.0 -0.08847
250.0 650.0 -0.15949
350.0 650.0 -0.19838
450.0 650.0 -0.19808
550.0 650.0 -0.16444
650.0 650.0 -0.11554
750.0 650.0 -0.07585
850.0 650.0 -0.06551
950.0 650.0 -0.08445
1050.0 650.0 -0.09425
1150.0 650.0 -0.05321
1250.0 650.0 0.03736
1350.0 650.0 0.14947
1450.0 650.0 0.24739
1550.0 650.0 0.30162
1650.0 650.0 0.29796
1750.0 650.0 0.24167
1850.0 650.0 0.15656
1950.0 650.0 0.05904
2050.0 650.0 -0.05343
2150.0 650.0 -0.15774
2250.0 650.0 -0.22468
2350.0 650.0 -0.23759
2450.0 650.0 -0.20065
2550.0 650.0 -0.13662
2650.0 650.0 -0.07425
2750.0 650.0 -0.02561
2850.0 650.0 0.00938
2950.0 650.0 0.01379
3050.0 650.0 -0.01407
3150.0 650.0 -0.06250
3250.0 650.0 -0.11296
3350.0 650.0 -0.14636
3450.0 650.0 -0.14914
3550.0 650.0 -0.11920
3650.0 650.0 -0.07137
3750.0 650.0 -0.03187
3850.0 650.0 -0.01643
3950.0 650.0 -0.02814
4050.0 650.0 -0.06001
4150.0 650.0 -0.09828
4250.0 650.0 -0.12677
4350.0 650.0 -0.13235
4450.0 650.0 -0.11129
4550.0 650.0 -0.07476
4650.0 650.0 -0.01555
4750.0 650.0 0.07590
4850.0 650.0 0.17910
4950.0 650.0 0.26453
5050.0 650.0 0.30966
5150.0 650.0 0.30747
5250.0 650.0 0.26743
5350.0 650.0 0.20894
5450.0 650.0 0.14864
5550.0 650.0 0.10489
5650.0 650.0 0.09251
5750.0 650.0 0.11091
5850.0 650.0 0.14814
5950.0 650.0 0.18604
6050.0 650.0 0.20600
6150.0 650.0 0.19533
6250.0 650.0 0.15428
6350.0 650.0 0.09820
50.0 750.0 0.05672
150.0 750.0 -0.04297
250.0 750.0 -0.12574
350.0 750.0 -0.17503
450.0 750.0 -0.18327
550.0 750.0 -0.15643
650.0 750.0 -0.11334
750.0 750.0 -0.07965
850.0 750.0 -0.07651
950.0 750.0 -0.10397
1050.0 750.0 -0.12325
1150.0 750.0 -0.09275
1250.0 750.0 -0.01088
1350.0 750.0 0.09787
1450.0 750.0 0.19952
1550.0 750.0 0.26364
1650.0 750.0 0.27272
1750.0 750.0 0.22809
1850.0 750.0 0.15209
1950.0 750.0 0.06467
2050.0 750.0 -0.03527
2150.0 750.0 -0.12853
2250.0 750.0 -0.19080
2350.0 750.0 -0.20818
2450.0 750.0 -0.18406
2550.0 750.0 -0.13734
2650.0 750.0 -0.09190
2750.0 750.0 -0.05777
2850.0 750.0 -0.03255
2950.0 750.0 -0.02552
3050.0 750.0 -0.03629
3150.0 750.0 -0.05666
3250.0 750.0 -0.07524
3350.0 750.0 -0.08148
3450.0 750.0 -0.06894
3550.0 750.0 -0.03795
3650.0 750.0 0.00243
3750.0 750.0 0.03374
3850.0 750.0 0.04188
3950.0 750.0 0.02556
4050.0 750.0 -0.00700
4150.0 750.0 -0.04218
4250.0 750.0 -0.06542
4350.0 750.0 -0.06600
4450.0 750.0 -0.04211
4550.0 750.0 -0.00424
4650.0 750.0 0.06005
4750.0 750.0 0.16089
4850.0 750.0 0.27215
4950.0 750.0 0.35791
5050.0 750.0 0.39211
5150.0 750.0 0.36854
5250.0 750.0 0.30118
5350.0 750.0 0.21485
5450.0 750.0 0.12767
5550.0 750.0 0.05402
5650.0 750.0 0.01072
5750.0 750.0 0.00412
5850.0 750.0 0.02824
5950.0 750.0 0.06654
6050.0 750.0 0.09680
6150.0 750.0 0.09925
6250.0 750.0 0.06793
6350.0 750.0 0.01886
50.0 850.0 0.05188
150.0 850.0 -0.05262
250.0 850.0 -0.13583
350.0 850.0 -0.17972
450.0 850.0 -0.17771
550.0 850.0 -0.13844
650.0 850.0 -0.08414
750.0 850.0 -0.04350
850.0 850.0 -0.03920
950.0 850.0 -0.06993
1050.0 850.0 -0.09527
1150.0 850.0 -0.07765
1250.0 850.0 -0.01539
1350.0 850.0 0.07068
1450.0 850.0 0.15134
1550.0 850.0 0.20016
1650.0 850.0 0.20165
1750.0 850.0 0.15656
1850.0 850.0 0.08407
1950.0 850.0 0.00320
2050.0 850.0 -0.08315
2150.0 850.0 -0.15683
2250.0 850.0 -0.19781
2350.0 850.0 -0.19709
2450.0 850.0 -0.16166
2550.0 850.0 -0.11159
2650.0 850.0 -0.06936
2750.0 850.0 -0.04151
2850.0 850.0 -0.02170
2950.0 850.0 -0.01673
3050.0 850.0 -0.02546
3150.0 850.0 -0.04040
3250.0 850.0 -0.05203
3350.0 850.0 -0.05223
3450.0 850.0 -0.03675
3550.0 850.0 -0.00683
3650.0 850.0 0.03001
3750.0 850.0 0.05769
3850.0 850.0 0.06295
3950.0 850.0 0.04535
4050.0 850.0 0.01353
4150.0 850.0 -0.01916
4250.0 850.0 -0.03911
4350.0 850.0 -0.03684
4450.0 850.0 -0.01147
4550.0 850.0 0.02693
4650.0 850.0 0.09120
4750.0 850.0 0.18939
4850.0 850.0 0.29287
4950.0 850.0 0.36466
5050.0 850.0 0.37980
5150.0 850.0 0.33515
5250.0 850.0 0.24855
5350.0 850.0 0.14729
5450.0 850.0 0.04780
5550.0 850.0 -0.03717
5650.0 850.0 -0.08804
5750.0 850.0 -0.09556
5850.0 850.0 -0.06471
5950.0 850.0 -0.01381
6050.0 850.0 0.03091
6150.0 850.0 0.04494
6250.0 850.0 0.01967
6350.0 850.0 -0.02627
50.0 950.0 -0.00671
150.0 950.0 -0.11041
250.0 950.0 -0.18521
350.0 950.0 -0.21095
450.0 950.0 -0.18325
550.0 950.0 -0.11563
650.0 950.0 -0.03600
750.0 950.0 0.02219
850.0 950.0 0.03429
950.0 950.0 0.00421
1050.0 950.0 -0.02464
1150.0 950.0 -0.02136
1250.0 950.0 0.01379
1350.0 950.0 0.06369
1450.0 950.0 0.10597
1550.0 950.0 0.12169
1650.0 950.0 0.10115
1750.0 950.0 0.04691
1850.0 950.0 -0.02613
1950.0 950.0 -0.10306
2050.0 950.0 -0.17515
2150.0 950.0 -0.22316
2250.0 950.0 -0.23095
2350.0 950.0 -0.19590
2450.0 950.0 -0.13169
2550.0 950.0 -0.06333
2650.0 950.0 -0.01435
2750.0 950.0 0.01322
2850.0 950.0 0.03043
2950.0 950.0 0.02854
3050.0 950.0 0.00849
3150.0 950.0 -0.02063
3250.0 950.0 -0.04670
3350.0 950.0 -0.05896
3450.0 950.0 -0.05129
3550.0 950.0 -0.02462
3650.0 950.0 0.01148
3750.0 950.0 0.03889
3850.0 950.0 0.04459
3950.0 950.0 0.02828
4050.0 950.0 -0.00157
4150.0 950.0 -0.03201
4250.0 950.0 -0.04993
4350.0 950.0 -0.04629
4450.0 950.0 -0.02037
4550.0 950.0 0.01798
4650.0 950.0 0.07904
4750.0 950.0 0.16736
4850.0 950.0 0.25412
4950.0 950.0 0.30471
5050.0 950.0 0.29803
5150.0 950.0 0.23507
5250.0 950.0 0.13663
5350.0 950.0 0.03032
5450.0 950.0 -0.07079
5550.0 950.0 -0.15314
5650.0 950.0 -0.19345
5750.0 950.0 -0.18257
5850.0 950.0 -0.12847
5950.0 950.0 -0.05404
6050.0 950.0 0.00974
6150.0 950.0 0.03510
6250.0 950.0 0.01346
6350.0 950.0 -0.03216
50.0 1050.0 -0.08390
150.0 1050.0 -0.18174
250.0 1050.0 -0.24204
350.0 1050.0 -0.24273
450.0 1050.0 -0.18255
550.0 1050.0 -0.08073
650.0 1050.0 0.02861
750.0 1050.0 0.10733
850.0 1050.0 0.12928
950.0 1050.0 0.10158
1050.0 1050.0 0.07068
1150.0 1050.0 0.05981
1250.0 1050.0 0.06596
1350.0 1050.0 0.07554
1450.0 1050.0 0.07362
1550.0 1050.0 0.04994
1650.0 1050.0 0.00201
1750.0 1050.0 -0.06477
1850.0 1050.0 -0.14010
1950.0 1050.0 -0.21399
2050.0 1050.0 -0.27080
2150.0 1050.0 -0.28989
2250.0 1050.0 -0.25949
2350.0 1050.0 -0.18451
2450.0 1050.0 -0.08669
2550.0 1050.0 0.00296
2650.0 1050.0 0.05941
2750.0 1050.0 0.08597
2850.0 1050.0 0.09863
2950.0 1050.0 0.08534
3050.0 1050.0 0.04705
3150.0 1050.0 -0.00413
3250.0 1050.0 -0.05186
3350.0 1050.0 -0.08131
3450.0 1050.0 -0.08381
3550.0 1050.0 -0.06028
3650.0 1050.0 -0.02358
3750.0 1050.0 0.00493
3850.0 1050.0 0.01230
3950.0 1050.0 -0.00171
4050.0 1050.0 -0.02878
4150.0 1050.0 -0.05627
4250.0 1050.0 -0.07146
4350.0 1050.0 -0.06564
4450.0 1050.0 -0.03817
4550.0 1050.0 0.00123
4650.0 1050.0 0.05956
4750.0 1050.0 0.13729
4850.0 1050.0 0.20560
4950.0 1050.0 0.23286
5050.0 1050.0 0.20257
5150.0 1050.0 0.12043
5250.0 1050.0 0.01051
5350.0 1050.0 -0.09941
5450.0 1050.0 -0.20028
5550.0 1050.0 -0.27771
5650.0 1050.0 -0.30447
5750.0 1050.0 -0.27153
5850.0 1050.0 -0.19012
5950.0 1050.0 -0.08812
6050.0 1050.0 -0.00167
6150.0 1050.0 0.03795
6250.0 1050.0 0.02217
6350.0 1050.0 -0.02119
50.0 1150.0 -0.17977
150.0 1150.0 -0.25680
250.0 1150.0 -0.28789
350.0 1150.0 -0.25095
450.0 1150.0 -0.14972
550.0 1150.0 -0.00977
650.0 1150.0 0.12974
750.0 1150.0 0.22846
850.0 1150.0 0.26139
950.0 1150.0 0.23972
1050.0 1150.0 0.21103
1150.0 1150.0 0.18981
1250.0 1150.0 0.16879
1350.0 1150.0 0.13675
1450.0 1150.0 0.08597
1550.0 1150.0 0.01595
1650.0 1150.0 -0.06657
1750.0 1150.0 -0.15150
1850.0 1150.0 -0.23283
1950.0 1150.0 -0.30581
2050.0 1150.0 -0.34591
2150.0 1150.0 -0.33126
2250.0 1150.0 -0.25634
2350.0 1150.0 -0.13598
2450.0 1150.0 -0.00198
2550.0 1150.0 0.10766
2650.0 1150.0 0.16671
2750.0 1150.0 0.18546
2850.0 1150.0 0.18506
2950.0 1150.0 0.14889
3050.0 1150.0 0.07967
3150.0 1150.0 -0.00466
3250.0 1150.0 -0.08120
3350.0 1150.0 -0.13033
3450.0 1150.0 -0.14172
3550.0 1150.0 -0.11825
3650.0 1150.0 -0.07768
3750.0 1150.0 -0.04531
3850.0 1150.0 -0.03449
3950.0 1150.0 -0.04515
4050.0 1150.0 -0.06854
4150.0 1150.0 -0.09173
4250.0 1150.0 -0.10192
4350.0 1150.0 -0.09058
4450.0 1150.0 -0.05738
4550.0 1150.0 -0.01244
4650.0 1150.0 0.04730
4750.0 1150.0 0.11729
4850.0 1150.0 0.16789
4950.0 1150.0 0.17025
5050.0 1150.0 0.11308
5150.0 1150.0 0.00804
5250.0 1150.0 -0.11605
5350.0 1150.0 -0.23043
5450.0 1150.0 -0.33098
5550.0 1150.0 -0.40506
5650.0 1150.0 -0.42161
5750.0 1150.0 -0.36977
5850.0 1150.0 -0.26178
5950.0 1150.0 -0.12919
6050.0 1150.0 -0.01341
6150.0 1150.0 0.04937
6250.0 1150.0 0.04887
6350.0 1150.0 0.01692
50.0 1250.0 -0.27131
150.0 1250.0 -0.31042
250.0 1250.0 -0.29915
350.0 1250.0 -0.21871
450.0 1250.0 -0.07899
550.0 1250.0 0.08977
650.0 1250.0 0.24746
750.0 1250.0 0.35676
850.0 1250.0 0.39799
950.0 1250.0 0.38613
1050.0 1250.0 0.36570
1150.0 1250.0 0.34304
1250.0 1250.0 0.30560
1350.0 1250.0 0.24191
1450.0 1250.0 0.14910
1550.0 1250.0 0.03533
1650.0 1250.0 -0.08307
1750.0 1250.0 -0.18967
1850.0 1250.0 -0.28105
1950.0 1250.0 -0.35663
2050.0 1250.0 -0.38225
2150.0 1250.0 -0.33539
2250.0 1250.0 -0.21802
2350.0 1250.0 -0.05592
2450.0 1250.0 0.10866
2550.0 1250.0 0.23100
2650.0 1250.0 0.28446
2750.0 1250.0 0.28707
2850.0 1250.0 0.26455
2950.0 1250.0 0.19587
3050.0 1250.0 0.08777
3150.0 1250.0 -0.03359
3250.0 1250.0 -0.13783
3350.0 1250.0 -0.20147
3450.0 1250.0 -0.21506
3550.0 1250.0 -0.18601
3650.0 1250.0 -0.13753
3750.0 1250.0 -0.09837
3850.0 1250.0 -0.08319
3950.0 1250.0 -0.09139
4050.0 1250.0 -0.11273
4150.0 1250.0 -0.13268
4250.0 1250.0 -0.13734
4350.0 1250.0 -0.11785
4450.0 1250.0 -0.07440
4550.0 1250.0 -0.01852
4650.0 1250.0 0.04858
4750.0 1250.0 0.11716
4850.0 1250.0 0.15571
4950.0 1250.0 0.13714
5050.0 1250.0 0.05496
5150.0 1250.0 -0.07276
5250.0 1250.0 -0.21151
5350.0 1250.0 -0.33051
5450.0 1250.0 -0.43074
5550.0 1250.0 -0.50506
5650.0 1250.0 -0.52012
5750.0 1250.0 -0.46062
5850.0 1250.0 -0.33588
5950.0 1250.0 -0.17780
6050.0 1250.0 -0.03153
6150.0 1250.0 0.06122
6250.0 1250.0 0.08618
6350.0 1250.0 0.07679
50.0 1350.0 -0.32552
150.0 1350.0 -0.31524
250.0 1350.0 -0.25776
350.0 1350.0 -0.14131
450.0 1350.0 0.01866
550.0 1350.0 0.19145
650.0 1350.0 0.34251
750.0 1350.0 0.44433
850.0 1350.0 0.48675
950.0 1350.0 0.48669
1050.0 1350.0 0.48009
1150.0 1350.0 0.46810
1250.0 1350.0 0.43300
1350.0 1350.0 0.35971
1450.0 1350.0 0.24577
1550.0 1350.0 0.10402
1650.0 1350.0 -0.04177
1750.0 1350.0 -0.16852
1850.0 1350.0 -0.27243
1950.0 1350.0 -0.35439
2050.0 1350.0 -0.37217
2150.0 1350.0 -0.30358
2250.0 1350.0 -0.15762
2350.0 1350.0 0.03058
2450.0 1350.0 0.21052
2550.0 1350.0 0.33291
2650.0 1350.0 0.37187
2750.0 1350.0 0.35198
2850.0 1350.0 0.30219
2950.0 1350.0 0.19919
3050.0 1350.0 0.05573
3150.0 1350.0 -0.09348
3250.0 1350.0 -0.21217
3350.0 1350.0 -0.27619
3450.0 1350.0 -0.28046
3550.0 1350.0 -0.23925
3650.0 1350.0 -0.17975
3750.0 1350.0 -0.13214
3850.0 1350.0 -0.11355
3950.0 1350.0 -0.12264
4050.0 1350.0 -0.14651
4150.0 1350.0 -0.16749
4250.0 1350.0 -0.16907
4350.0 1350.0 -0.14123
4450.0 1350.0 -0.08484
4550.0 1350.0 -0.01405
4650.0 1350.0 0.06600
4750.0 1350.0 0.14150
4850.0 1350.0 0.17821
4950.0 1350.0 0.14910
5050.0 1350.0 0.05072
5150.0 1350.0 -0.09360
5250.0 1350.0 -0.24384
5350.0 1350.0 -0.36646
5450.0 1350.0 -0.46649
5550.0 1350.0 -0.54590
5650.0 1350.0 -0.57183
5750.0 1350.0 -0.52242
5850.0 1350.0 -0.39956
5950.0 1350.0 -0.23086
6050.0 1350.0 -0.06195
6150.0 1350.0 0.06079
6250.0 1350.0 0.11725
6350.0 1350.0 0.13877
50.0 1450.0 -0.32138
150.0 1450.0 -0.25985
250.0 1450.0 -0.16307
350.0 1450.0 -0.02916
450.0 1450.0 0.12300
550.0 1450.0 0.26765
650.0 1450.0 0.38259
750.0 1450.0 0.45612
850.0 1450.0 0.49047
950.0 1450.0 0.50172
1050.0 1450.0 0.51219
1150.0 1450.0 0.52216
1250.0 1450.0 0.50998
1350.0 1450.0 0.45405
1450.0 1450.0 0.34713
1550.0 1450.0 0.20130
1650.0 1450.0 0.04369
1750.0 1450.0 -0.09708
1850.0 1450.0 -0.21355
1950.0 1450.0 -0.30469
2050.0 1450.0 -0.32355
2150.0 1450.0 -0.24926
2250.0 1450.0 -0.09588
2350.0 1450.0 0.09579
2450.0 1450.0 0.27121
2550.0 1450.0 0.37985
2650.0 1450.0 0.39760
2750.0 1450.0 0.35303
2850.0 1450.0 0.27649
2950.0 1450.0 0.14598
3050.0 1450.0 -0.01881
3150.0 1450.0 -0.17649
3250.0 1450.0 -0.28854
3350.0 1450.0 -0.33439
3450.0 1450.0 -0.31685
3550.0 1450.0 -0.25809
3650.0 1450.0 -0.18646
3750.0 1450.0 -0.13062
3850.0 1450.0 -0.11111
3950.0 1450.0 -0.12584
4050.0 1450.0 -0.15834
4150.0 1450.0 -0.18637
4250.0 1450.0 -0.18954
4350.0 1450.0 -0.15573
4450.0 1450.0 -0.08646
4550.0 1450.0 0.00042
4650.0 1450.0 0.09678
4750.0 1450.0 0.18675
4850.0 1450.0 0.23305
4950.0 1450.0 0.20681
5050.0 1450.0 0.10512
5150.0 1450.0 -0.04577
5250.0 1450.0 -0.20168
5350.0 1450.0 -0.32609
5450.0 1450.0 -0.42611
5550.0 1450.0 -0.51508
5650.0 1450.0 -0.56382
5750.0 1450.0 -0.54289
5850.0 1450.0 -0.44323
5950.0 1450.0 -0.28370
6050.0 1450.0 -0.10656
6150.0 1450.0 0.03928
6250.0 1450.0 0.12702
6350.0 1450.0 0.18213
50.0 1550.0 -0.26032
150.0 1550.0 -0.15574
250.0 1550.0 -0.03445
350.0 1550.0 0.09455
450.0 1550.0 0.21179
550.0 1550.0 0.30100
650.0 1550.0 0.35684
750.0 1550.0 0.38642
850.0 1550.0 0.40485
950.0 1550.0 0.42467
1050.0 1550.0 0.45196
1150.0 1550.0 0.49014
1250.0 1550.0 0.51553
1350.0 1550.0 0.49853
1450.0 1550.0 0.42329
1550.0 1550.0 0.29623
1650.0 1550.0 0.14343
1750.0 1550.0 -0.00301
1850.0 1550.0 -0.12970
1950.0 1550.0 -0.23077
2050.0 1550.0 -0.25851
2150.0 1550.0 -0.19395
2250.0 1550.0 -0.05353
2350.0 1550.0 0.12069
2450.0 1550.0 0.27464
2550.0 1550.0 0.35974
2650.0 1550.0 0.35427
2750.0 1550.0 0.28772
2850.0 1550.0 0.19032
2950.0 1550.0 0.04493
3050.0 1550.0 -0.12221
3150.0 1550.0 -0.26631
3250.0 1550.0 -0.35089
3350.0 1550.0 -0.36269
3450.0 1550.0 -0.31453
3550.0 1550.0 -0.23611
3650.0 1550.0 -0.15359
3750.0 1550.0 -0.09146
3850.0 1550.0 -0.07409
3950.0 1550.0 -0.09880
4050.0 1550.0 -0.14517
4150.0 1550.0 -0.18579
4250.0 1550.0 -0.19559
4350.0 1550.0 -0.15979
4450.0 1550.0 -0.08037
4550.0 1550.0 0.02060
4650.0 1550.0 0.13318
4750.0 1550.0 0.24159
4850.0 1550.0 0.30579
4950.0 1550.0 0.29376
5050.0 1550.0 0.20079
5150.0 1550.0 0.05344
5250.0 1550.0 -0.10194
5350.0 1550.0 -0.22618
5450.0 1550.0 -0.32637
5550.0 1550.0 -0.42736
5650.0 1550.0 -0.50592
5750.0 1550.0 -0.52559
5850.0 1550.0 -0.46505
5950.0 1550.0 -0.33189
6050.0 1550.0 -0.16186
6150.0 1550.0 -0.00398
6250.0 1550.0 0.10880
6350.0 1550.0 0.19368
50.0 1650.0 -0.16516
150.0 1650.0 -0.03309
250.0 1650.0 0.09528
350.0 1650.0 0.20142
450.0 1650.0 0.26778
550.0 1650.0 0.28958
650.0 1650.0 0.27871
750.0 1650.0 0.25989
850.0 1650.0 0.25894
950.0 1650.0 0.28330
1050.0 1650.0 0.32362
1150.0 1650.0 0.38868
1250.0 1650.0 0.45464
1350.0 1650.0 0.48449
1450.0 1650.0 0.45272
1550.0 1650.0 0.35760
1650.0 1650.0 0.22111
1750.0 1650.0 0.07647
1850.0 1650.0 -0.05647
1950.0 1650.0 -0.16587
2050.0 1650.0 -0.20617
2150.0 1650.0 -0.16038
2250.0 1650.0 -0.04480
2350.0 1650.0 0.10068
2450.0 1650.0 0.22559
2550.0 1650.0 0.28521
2650.0 1650.0 0.26014
2750.0 1650.0 0.17836
2850.0 1650.0 0.06933
2950.0 1650.0 -0.07702
3050.0 1650.0 -0.22951
3150.0 1650.0 -0.34347
3250.0 1650.0 -0.38781
3350.0 1650.0 -0.35845
3450.0 1650.0 -0.27802
3550.0 1650.0 -0.18193
3650.0 1650.0 -0.09175
3750.0 1650.0 -0.02634
3850.0 1650.0 -0.01363
3950.0 1650.0 -0.05058
4050.0 1650.0 -0.11324
4150.0 1650.0 -0.16936
4250.0 1650.0 -0.18937
4350.0 1650.0 -0.15572
4450.0 1650.0 -0.07064
4550.0 1650.0 0.03991
4650.0 1650.0 0.16507
4750.0 1650.0 0.29069
4850.0 1650.0 0.37476
4950.0 1650.0 0.38186
5050.0 1650.0 0.30422
5150.0 1650.0 0.16681
5250.0 1650.0 0.01625
5350.0 1650.0 -0.10648
5450.0 1650.0 -0.20695
5550.0 1650.0 -0.31936
5650.0 1650.0 -0.42706
5750.0 1650.0 -0.48836
5850.0 1650.0 -0.47132
5950.0 1650.0 -0.37254
6050.0 1650.0 -0.22023
6150.0 1650.0 -0.06151
6250.0 1650.0 0.06617
6350.0 1650.0 0.17166
50.0 1750.0 -0.06762
150.0 1750.0 0.07454
250.0 1750.0 0.19566
350.0 1750.0 0.27071
450.0 1750.0 0.28554
550.0 1750.0 0.24576
650.0 1750.0 0.17708
750.0 1750.0 0.11710
850.0 1750.0 0.09843
950.0 1750.0 0.12339
1050.0 1750.0 0.17091
1150.0 1750.0 0.25499
1250.0 1750.0 0.35288
1350.0 1750.0 0.42247
1450.0 1750.0 0.43042
1550.0 1750.0 0.36740
1650.0 1750.0 0.25034
1750.0 1750.0 0.11185
1850.0 1750.0 -0.02317
1950.0 1750.0 -0.13761
2050.0 1750.0 -0.18924
2150.0 1750.0 -0.16250
2250.0 1750.0 -0.07211
2350.0 1750.0 0.04572
2450.0 1750.0 0.14503
2550.0 1750.0 0.18505
2650.0 1750.0 0.14801
2750.0 1750.0 0.05934
2850.0 1750.0 -0.05194
2950.0 1750.0 -0.18851
3050.0 1750.0 -0.31654
3150.0 1750.0 -0.39410
3250.0 1750.0 -0.39689
3350.0 1750.0 -0.32949
3450.0 1750.0 -0.22224
3550.0 1750.0 -0.11365
3650.0 1750.0 -0.01984
3750.0 1750.0 0.04581
3850.0 1750.0 0.05265
3950.0 1750.0 0.00381
4050.0 1750.0 -0.07419
4150.0 1750.0 -0.14542
4250.0 1750.0 -0.17672
4350.0 1750.0 -0.14821
4450.0 1750.0 -0.06212
4550.0 1750.0 0.05256
4650.0 1750.0 0.18459
4750.0 1750.0 0.32178
4850.0 1750.0 0.42124
4950.0 1750.0 0.44495
5050.0 1750.0 0.38221
5150.0 1750.0 0.25572
5250.0 1750.0 0.11115
5350.0 1750.0 -0.00969
5450.0 1750.0 -0.11046
5550.0 1750.0 -0.23112
5650.0 1750.0 -0.36038
5750.0 1750.0 -0.45391
5850.0 1750.0 -0.47273
5950.0 1750.0 -0.40540
6050.0 1750.0 -0.27370
6150.0 1750.0 -0.12195
6250.0 1750.0 0.01012
6350.0 1750.0 0.12506
50.0 1850.0 0.01561
150.0 1850.0 0.15657
250.0 1850.0 0.26341
350.0 1850.0 0.30731
450.0 1850.0 0.27778
550.0 1850.0 0.18875
650.0 1850.0 0.07577
750.0 1850.0 -0.01525
850.0 1850.0 -0.04809
950.0 1850.0 -0.02485
1050.0 1850.0 0.02538
1150.0 1850.0 0.12057
1250.0 1850.0 0.23947
1350.0 1850.0 0.33712
1450.0 1850.0 0.37489
1550.0 1850.0 0.33763
1650.0 1850.0 0.23775
1750.0 1850.0 0.10645
1850.0 1850.0 -0.02805
1950.0 1850.0 -0.14474
2050.0 1850.0 -0.20455
2150.0 1850.0 -0.19275
2250.0 1850.0 -0.12208
2350.0 1850.0 -0.02517
2450.0 1850.0 0.05603
2550.0 1850.0 0.08383
2650.0 1850.0 0.04136
2750.0 1850.0 -0.04844
2850.0 1850.0 -0.15628
2950.0 1850.0 -0.27825
3050.0 1850.0 -0.37949
3150.0 1850.0 -0.42199
3250.0 1850.0 -0.38811
3350.0 1850.0 -0.28964
3450.0 1850.0 -0.16234
3550.0 1850.0 -0.04594
3650.0 1850.0 0.04868
3750.0 1850.0 0.11273
3850.0 1850.0 0.11362
3950.0 1850.0 0.05441
4050.0 1850.0 -0.03667
4150.0 1850.0 -0.12109
4250.0 1850.0 -0.16305
4350.0 1850.0 -0.14089
4450.0 1850.0 -0.05668
4550.0 1850.0 0.05845
4650.0 1850.0 0.19285
4750.0 1850.0 0.33609
4850.0 1850.0 0.44506
4950.0 1850.0 0.48020
5050.0 1850.0 0.42863
5150.0 1850.0 0.31098
5250.0 1850.0 0.17160
5350.0 1850.0 0.05241
5450.0 1850.0 -0.04859
5550.0 1850.0 -0.17431
5650.0 1850.0 -0.31721
5750.0 1850.0 -0.43215
5850.0 1850.0 -0.47638
5950.0 1850.0 -0.43338
6050.0 1850.0 -0.32022
6150.0 1850.0 -0.17846
6250.0 1850.0 -0.04846
6350.0 1850.0 0.06828
50.0 1950.0 0.09178
150.0 1950.0 0.22503
250.0 1950.0 0.31392
350.0 1950.0 0.32744
450.0 1950.0 0.25890
550.0 1950.0 0.12905
650.0 1950.0 -0.01924
750.0 1950.0 -0.13461
850.0 1950.0 -0.17918
950.0 1950.0 -0.15894
1050.0 1950.0 -0.10809
1150.0 1950.0 -0.00406
1250.0 1950.0 0.13390
1350.0 1950.0 0.25848
1450.0 1950.0 0.32603
1550.0 1950.0 0.31543
1650.0 1950.0 0.23409
1750.0 1950.0 0.11116
1850.0 1950.0 -0.02204
1950.0 1950.0 -0.14130
2050.0 1950.0 -0.21229
2150.0 1950.0 -0.22063
2250.0 1950.0 -0.17530
2350.0 1950.0 -0.10343
2450.0 1950.0 -0.04167
2550.0 1950.0 -0.02432
2650.0 1950.0 -0.06799
2750.0 1950.0 -0.15361
2850.0 1950.0 -0.25208
2950.0 1950.0 -0.35320
3050.0 1950.0 -0.42309
3150.0 1950.0 -0.42957
3250.0 1950.0 -0.36238
3350.0 1950.0 -0.23955
3450.0 1950.0 -0.10003
3550.0 1950.0 0.01748
3650.0 1950.0 0.10770
3750.0 1950.0 0.16677
3850.0 1950.0 0.16224
3950.0 1950.0 0.09726
4050.0 1950.0 0.00027
4150.0 1950.0 -0.08992
4250.0 1950.0 -0.13730
4350.0 1950.0 -0.12009
4450.0 1950.0 -0.04045
4550.0 1950.0 0.07032
4650.0 1950.0 0.20154
4750.0 1950.0 0.34508
4850.0 1950.0 0.45948
4950.0 1950.0 0.50520
5050.0 1950.0 0.46764
5150.0 1950.0 0.36431
5250.0 1950.0 0.23633
5350.0 1950.0 0.12395
5450.0 1950.0 0.02697
5550.0 1950.0 -0.09907
5650.0 1950.0 -0.25105
5750.0 1950.0 -0.38469
5850.0 1950.0 -0.45470
5950.0 1950.0 -0.43963
6050.0 1950.0 -0.35074
6150.0 1950.0 -0.22495
6250.0 1950.0 -0.10179
6350.0 1950.0 0.01279
50.0 2050.0 0.14908
150.0 2050.0 0.25912
250.0 2050.0 0.32190
350.0 2050.0 0.30840
450.0 2050.0 0.21576
550.0 2050.0 0.06768
650.0 2050.0 -0.09225
750.0 2050.0 -0.21443
850.0 2050.0 -0.26422
950.0 2050.0 -0.24995
1050.0 2050.0 -0.20331
1150.0 2050.0 -0.09492
1250.0 2050.0 0.05903
1350.0 2050.0 0.20984
1450.0 2050.0 0.30903
1550.0 2050.0 0.32871
1650.0 2050.0 0.26978
1750.0 2050.0 0.15792
1850.0 2050.0 0.02726
1950.0 2050.0 -0.09640
2050.0 2050.0 -0.18808
2150.0 2050.0 -0.23224
2250.0 2050.0 -0.22908
2350.0 2050.0 -0.19477
2450.0 2050.0 -0.15699
2550.0 2050.0 -0.14573
2650.0 2050.0 -0.17939
2750.0 2050.0 -0.24657
2850.0 2050.0 -0.31969
2950.0 2050.0 -0.38327
3050.0 2050.0 -0.40994
3150.0 2050.0 -0.37879
3250.0 2050.0 -0.28876
3350.0 2050.0 -0.16135
3450.0 2050.0 -0.03243
3550.0 2050.0 0.06668
3650.0 2050.0 0.13732
3750.0 2050.0 0.18142
3850.0 2050.0 0.17272
3950.0 2050.0 0.11490
4050.0 2050.0 0.03251
4150.0 2050.0 -0.04200
4250.0 2050.0 -0.07939
4350.0 2050.0 -0.06280
4450.0 2050.0 0.00487
4550.0 2050.0 0.09776
4650.0 2050.0 0.20998
4750.0 2050.0 0.33745
4850.0 2050.0 0.44575
4950.0 2050.0 0.50014
5050.0 2050.0 0.48555
5150.0 2050.0 0.41354
5250.0 2050.0 0.31613
5350.0 2050.0 0.22665
5450.0 2050.0 0.14708
5550.0 2050.0 0.03487
5650.0 2050.0 -0.11358
5750.0 2050.0 -0.25927
5850.0 2050.0 -0.35744
5950.0 2050.0 -0.38153
6050.0 2050.0 -0.33333
6150.0 2050.0 -0.23965
6250.0 2050.0 -0.13517
6350.0 2050.0 -0.03201
50.0 2150.0 0.17272
150.0 2150.0 0.24233
250.0 2150.0 0.27179
350.0 2150.0 0.23917
450.0 2150.0 0.14496
550.0 2150.0 0.01045
650.0 2150.0 -0.12876
750.0 2150.0 -0.23404
850.0 2150.0 -0.27986
950.0 2150.0 -0.27468
1050.0 2150.0 -0.23826
1150.0 2150.0 -0.13326
1250.0 2150.0 0.02803
1350.0 2150.0 0.19730
1450.0 2150.0 0.32269
1550.0 2150.0 0.37012
1650.0 2150.0 0.33352
1750.0 2150.0 0.23382
1850.0 2150.0 0.10692
1950.0 2150.0 -0.02240
2050.0 2150.0 -0.14205
2150.0 2150.0 -0.23333
2250.0 2150.0 -0.28285
2350.0 2150.0 -0.29131
2450.0 2150.0 -0.27496
2550.0 2150.0 -0.25983
2650.0 2150.0 -0.26873
2750.0 2150.0 -0.30116
2850.0 2150.0 -0.33160
2950.0 2150.0 -0.34146
3050.0 2150.0 -0.31631
3150.0 2150.0 -0.25187
3250.0 2150.0 -0.15726
3350.0 2150.0 -0.05301
3450.0 2150.0 0.03609
3550.0 2150.0 0.09345
3650.0 2150.0 0.12724
3750.0 2150.0 0.14488
3850.0 2150.0 0.13285
3950.0 2150.0 0.09587
4050.0 2150.0 0.05006
4150.0 2150.0 0.01422
4250.0 2150.0 0.00323
4350.0 2150.0 0.02351
4450.0 2150.0 0.07062
4550.0 2150.0 0.13027
4650.0 2150.0 0.20488
4750.0 2150.0 0.29561
4850.0 2150.0 0.38124
4950.0 2150.0 0.43781
5050.0 2150.0 0.45209
5150.0 2150.0 0.42717
5250.0 2150.0 0.38000
5350.0 2150.0 0.33099
5450.0 2150.0 0.28406
5550.0 2150.0 0.20329
5650.0 2150.0 0.07711
5750.0 2150.0 -0.06606
5850.0 2150.0 -0.18666
5950.0 2150.0 -0.25437
6050.0 2150.0 -0.25902
6150.0 2150.0 -0.21206
6250.0 2150.0 -0.13861
6350.0 2150.0 -0.05748
50.0 2250.0 0.15739
150.0 2250.0 0.17510
250.0 2250.0 0.16874
350.0 2250.0 0.12764
450.0 2250.0 0.05472
550.0 2250.0 -0.03626
650.0 2250.0 -0.12525
750.0 2250.0 -0.19225
850.0 2250.0 -0.22546
950.0 2250.0 -0.23116
1050.0 2250.0 -0.20985
1150.0 2250.0 -0.11700
1250.0 2250.0 0.03908
1350.0 2250.0 0.21252
1450.0 2250.0 0.35078
1550.0 2250.0 0.41588
1650.0 2250.0 0.39587
1750.0 2250.0 0.30666
1850.0 2250.0 0.18405
1950.0 2250.0 0.04929
2050.0 2250.0 -0.09900
2150.0 2250.0 -0.23709
2250.0 2250.0 -0.33583
2350.0 2250.0 -0.37931
2450.0 2250.0 -0.37289
2550.0 2250.0 -0.34060
2650.0 2250.0 -0.31192
2750.0 2250.0 -0.29804
2850.0 2250.0 -0.27472
2950.0 2250.0 -0.22303
3050.0 2250.0 -0.14617
3150.0 2250.0 -0.05931
3250.0 2250.0 0.01913
3350.0 2250.0 0.07417
3450.0 2250.0 0.09885
3550.0 2250.0 0.09665
3650.0 2250.0 0.08147
3750.0 2250.0 0.06446
3850.0 2250.0 0.04895
3950.0 2250.0 0.04106
4050.0 2250.0 0.04553
4150.0 2250.0 0.06276
4250.0 2250.0 0.08826
4350.0 2250.0 0.11442
4450.0 2250.0 0.13473
4550.0 2250.0 0.15043
4650.0 2250.0 0.17358
4750.0 2250.0 0.21052
4850.0 2250.0 0.25755
4950.0 2250.0 0.30632
5050.0 2250.0 0.34813
5150.0 2250.0 0.37691
5250.0 2250.0 0.39107
5350.0 2250.0 0.39391
5450.0 2250.0 0.39031
5550.0 2250.0 0.35530
5650.0 2250.0 0.27000
5750.0 2250.0 0.14837
5850.0 2250.0 0.02002
5950.0 2250.0 -0.08401
6050.0 2250.0 -0.14181
6150.0 2250.0 -0.14710
6250.0 2250.0 -0.11194
6350.0 2250.0 -0.06039
50.0 2350.0 0.11095
150.0 2350.0 0.07486
250.0 2350.0 0.03577
350.0 2350.0 -0.00400
450.0 2350.0 -0.04020
550.0 2350.0 -0.06963
650.0 2350.0 -0.09169
750.0 2350.0 -0.10857
850.0 2350.0 -0.12398
950.0 2350.0 -0.14050
1050.0 2350.0 -0.13640
1150.0 2350.0 -0.06248
1250.0 2350.0 0.07615
1350.0 2350.0 0.23778
1450.0 2350.0 0.37220
1550.0 2350.0 0.44070
1650.0 2350.0 0.42785
1750.0 2350.0 0.34520
1850.0 2350.0 0.22659
1950.0 2350.0 0.08796
2050.0 2350.0 -0.08277
2150.0 2350.0 -0.25582
2250.0 2350.0 -0.38747
2350.0 2350.0 -0.44789
2450.0 2350.0 -0.43485
2550.0 2350.0 -0.37324
2650.0 2350.0 -0.30041
2750.0 2350.0 -0.23733
2850.0 2350.0 -0.15915
2950.0 2350.0 -0.04913
3050.0 2350.0 0.07065
3150.0 2350.0 0.16623
3250.0 2350.0 0.21221
3350.0 2350.0 0.20252
3450.0 2350.0 0.15113
3550.0 2350.0 0.08306
3650.0 2350.0 0.01606
3750.0 2350.0 -0.03773
3850.0 2350.0 -0.05780
3950.0 2350.0 -0.03657
4050.0 2350.0 0.01896
4150.0 2350.0 0.09018
4250.0 2350.0 0.15255
4350.0 2350.0 0.18391
4450.0 2350.0 0.17564
4550.0 2350.0 0.14495
4650.0 2350.0 0.11227
4750.0 2350.0 0.08773
4850.0 2350.0 0.08621
4950.0 2350.0 0.11710
5050.0 2350.0 0.17831
5150.0 2350.0 0.25601
5250.0 2350.0 0.33023
5350.0 2350.0 0.38629
5450.0 2350.0 0.42854
5550.0 2350.0 0.44543
5650.0 2350.0 0.41324
5750.0 2350.0 0.33019
5850.0 2350.0 0.21279
5950.0 2350.0 0.08906
6050.0 2350.0 -0.01023
6150.0 2350.0 -0.06232
6250.0 2350.0 -0.06517
6350.0 2350.0 -0.04513
50.0 2450.0 0.05289
150.0 2450.0 -0.02877
250.0 2450.0 -0.09319
350.0 2450.0 -0.12635
450.0 2450.0 -0.12352
550.0 2450.0 -0.09193
650.0 2450.0 -0.04928
750.0 2450.0 -0.01806
850.0 2450.0 -0.01584
950.0 2450.0 -0.04125
1050.0 2450.0 -0.05293
1150.0 2450.0 -0.00025
1250.0 2450.0 0.11366
1350.0 2450.0 0.25191
1450.0 2450.0 0.36877
1550.0 2450.0 0.42770
1650.0 2450.0 0.41252
1750.0 2450.0 0.33182
1850.0 2450.0 0.21621
1950.0 2450.0 0.07604
2050.0 2450.0 -0.10657
2150.0 2450.0 -0.29593
2250.0 2450.0 -0.43776
2350.0 2450.0 -0.49374
2450.0 2450.0 -0.45884
2550.0 2450.0 -0.36149
2650.0 2450.0 -0.24655
2750.0 2450.0 -0.14098
2850.0 2450.0 -0.01706
2950.0 2450.0 0.13849
3050.0 2450.0 0.28720
3150.0 2450.0 0.38018
3250.0 2450.0 0.38803
3350.0 2450.0 0.31425
3450.0 2450.0 0.19223
3550.0 2450.0 0.06573
3650.0 2450.0 -0.04578
3750.0 2450.0 -0.13174
3850.0 2450.0 -0.15795
3950.0 2450.0 -0.11562
4050.0 2450.0 -0.02122
4150.0 2450.0 0.09132
4250.0 2450.0 0.18124
4350.0 2450.0 0.21461
4450.0 2450.0 0.18104
4550.0 2450.0 0.11054
4650.0 2450.0 0.02858
4750.0 2450.0 -0.05301
4850.0 2450.0 -0.10338
4950.0 2450.0 -0.09674
5050.0 2450.0 -0.02782
5150.0 2450.0 0.08462
5250.0 2450.0 0.20604
5350.0 2450.0 0.30630
5450.0 2450.0 0.38796
5550.0 2450.0 0.45258
5650.0 2450.0 0.47481
5750.0 2450.0 0.43901
5850.0 2450.0 0.34807
5950.0 2450.0 0.22412
6050.0 2450.0 0.10232
6150.0 2450.0 0.01757
6250.0 2450.0 -0.01572
6350.0 2450.0 -0.02289
50.0 2550.0 0.00774
150.0 2550.0 -0.10379
250.0 2550.0 -0.18444
350.0 2550.0 -0.21238
450.0 2550.0 -0.18268
550.0 2550.0 -0.10964
650.0 2550.0 -0.02326
750.0 2550.0 0.04040
850.0 2550.0 0.05460
950.0 2550.0 0.02339
1050.0 2550.0 0.00049
1150.0 2550.0 0.03515
1250.0 2550.0 0.12489
1350.0 2550.0 0.23706
1450.0 2550.0 0.33084
1550.0 2550.0 0.37340
1650.0 2550.0 0.34985
1750.0 2550.0 0.26746
1850.0 2550.0 0.15347
1950.0 2550.0 0.01402
2050.0 2550.0 -0.16927
2150.0 2550.0 -0.35613
2250.0 2550.0 -0.48720
2350.0 2550.0 -0.52186
2450.0 2550.0 -0.45684
2550.0 2550.0 -0.32566
2650.0 2550.0 -0.17885
2750.0 2550.0 -0.04497
2850.0 2550.0 0.10836
2950.0 2550.0 0.29142
3050.0 2550.0 0.45486
3150.0 2550.0 0.54064
3250.0 2550.0 0.51773
3350.0 2550.0 0.39706
3450.0 2550.0 0.22560
3550.0 2550.0 0.05956
3650.0 2550.0 -0.08131
3750.0 2550.0 -0.18953
3850.0 2550.0 -0.22340
3950.0 2550.0 -0.17342
4050.0 2550.0 -0.06125
4150.0 2550.0 0.07056
4250.0 2550.0 0.17212
4350.0 2550.0 0.20284
4450.0 2550.0 0.15128
4550.0 2550.0 0.05448
4650.0 2550.0 -0.06130
4750.0 2550.0 -0.18458
4850.0 2550.0 -0.27396
4950.0 2550.0 -0.29176
5050.0 2550.0 -0.22619
5150.0 2550.0 -0.09766
5250.0 2550.0 0.05079
5350.0 2550.0 0.17886
5450.0 2550.0 0.28656
5550.0 2550.0 0.38556
5650.0 2550.0 0.45172
5750.0 2550.0 0.45994
5850.0 2550.0 0.40194
5950.0 2550.0 0.29299
6050.0 2550.0 0.16822
6150.0 2550.0 0.06872
6250.0 2550.0 0.01733
6350.0 2550.0 -0.00784
50.0 2650.0 -0.00671
150.0 2650.0 -0.13068
250.0 2650.0 -0.21976
350.0 2650.0 -0.24936
450.0 2650.0 -0.21402
550.0 2650.0 -0.12995
650.0 2650.0 -0.03098
750.0 2650.0 0.04224
850.0 2650.0 0.05964
950.0 2650.0 0.02583
1050.0 2650.0 -0.00238
1150.0 2650.0 0.02137
1250.0 2650.0 0.09431
1350.0 2650.0 0.18639
1450.0 2650.0 0.26062
1550.0 2650.0 0.28761
1650.0 2650.0 0.25462
1750.0 2650.0 0.16892
1850.0 2650.0 0.05528
1950.0 2650.0 -0.08197
2050.0 2650.0 -0.25771
2150.0 2650.0 -0.42899
2250.0 2650.0 -0.53647
2350.0 2650.0 -0.54222
2450.0 2650.0 -0.44766
2550.0 2650.0 -0.29135
2650.0 2650.0 -0.12699
2750.0 2650.0 0.01880
2850.0 2650.0 0.18387
2950.0 2650.0 0.37743
3050.0 2650.0 0.54568
3150.0 2650.0 0.62702
3250.0 2650.0 0.59006
3350.0 2650.0 0.44907
3450.0 2650.0 0.25672
3550.0 2650.0 0.07432
3650.0 2650.0 -0.07853
3750.0 2650.0 -0.19747
3850.0 2650.0 -0.24001
3950.0 2650.0 -0.19639
4050.0 2650.0 -0.08893
4150.0 2650.0 0.03863
4250.0 2650.0 0.13504
4350.0 2650.0 0.15863
4450.0 2650.0 0.09767
4550.0 2650.0 -0.00997
4650.0 2650.0 -0.14099
4750.0 2650.0 -0.28570
4850.0 2650.0 -0.39832
4950.0 2650.0 -0.43514
5050.0 2650.0 -0.37998
5150.0 2650.0 -0.25216
5250.0 2650.0 -0.09703
5350.0 2650.0 0.04097
5450.0 2650.0 0.15940
5550.0 2650.0 0.27545
5650.0 2650.0 0.36783
5750.0 2650.0 0.40722
5850.0 2650.0 0.37859
5950.0 2650.0 0.29129
6050.0 2650.0 0.17748
6150.0 2650.0 0.07891
6250.0 2650.0 0.02214
6350.0 2650.0 -0.01039
50.0 2750.0 0.00434
150.0 2750.0 -0.12148
250.0 2750.0 -0.21518
350.0 2750.0 -0.25278
450.0 2750.0 -0.22783
550.0 2750.0 -0.15470
650.0 2750.0 -0.06524
750.0 2750.0 0.00141
850.0 2750.0 0.01567
950.0 2750.0 -0.01888
1050.0 2750.0 -0.04846
1150.0 2750.0 -0.02989
1250.0 2750.0 0.03337
1350.0 2750.0 0.11258
1450.0 2750.0 0.17316
1550.0 2750.0 0.18835
1650.0 2750.0 0.14747
1750.0 2750.0 0.05841
1850.0 2750.0 -0.05556
1950.0 2750.0 -0.19012
2050.0 2750.0 -0.35488
2150.0 2750.0 -0.50565
2250.0 2750.0 -0.58579
2350.0 2750.0 -0.56238
2450.0 2750.0 -0.44245
2550.0 2750.0 -0.26899
2650.0 2750.0 -0.09704
2750.0 2750.0 0.05035
2850.0 2750.0 0.21651
2950.0 2750.0 0.41126
3050.0 2750.0 0.58043
3150.0 2750.0 0.66202
3250.0 2750.0 0.62451
3350.0 2750.0 0.48231
3450.0 2750.0 0.28848
3550.0 2750.0 0.10477
3650.0 2750.0 -0.04920
3750.0 2750.0 -0.17160
3850.0 2750.0 -0.22306
3950.0 2750.0 -0.19392
4050.0 2750.0 -0.10440
4150.0 2750.0 0.00503
4250.0 2750.0 0.08643
4350.0 2750.0 0.10043
4450.0 2750.0 0.03549
4550.0 2750.0 -0.07340
4650.0 2750.0 -0.20779
4750.0 2750.0 -0.36027
4850.0 2750.0 -0.48457
4950.0 2750.0 -0.53489
5050.0 2750.0 -0.49236
5150.0 2750.0 -0.37396
5250.0 2750.0 -0.22378
5350.0 2750.0 -0.08666
5450.0 2750.0 0.03289
5550.0 2750.0 0.15438
5650.0 2750.0 0.25977
5750.0 2750.0 0.31889
5850.0 2750.0 0.31325
5950.0 2750.0 0.24769
6050.0 2750.0 0.15031
6150.0 2750.0 0.06061
6250.0 2750.0 0.00581
6350.0 2750.0 -0.02742
50.0 2850.0 0.03941
150.0 2850.0 -0.08747
250.0 2850.0 -0.18665
350.0 2850.0 -0.23528
450.0 2850.0 -0.22546
550.0 2850.0 -0.16872
650.0 2850.0 -0.09366
750.0 2850.0 -0.03681
850.0 2850.0 -0.02679
950.0 2850.0 -0.06157
1050.0 2850.0 -0.09169
1150.0 2850.0 -0.07747
1250.0 2850.0 -0.02330
1350.0 2850.0 0.04314
1450.0 2850.0 0.08957
1550.0 2850.0 0.09203
1650.0 2850.0 0.04218
1750.0 2850.0 -0.05113
1850.0 2850.0 -0.16604
1950.0 2850.0 -0.29743
2050.0 2850.0 -0.44815
2150.0 2850.0 -0.57365
2250.0 2850.0 -0.62209
2350.0 2850.0 -0.56754
2450.0 2850.0 -0.42365
2550.0 2850.0 -0.23764
2650.0 2850.0 -0.06472
2750.0 2850.0 0.07698
2850.0 2850.0 0.23577
2950.0 2850.0 0.42154
3050.0 2850.0 0.58194
3150.0 2850.0 0.65739
3250.0 2850.0 0.61783
3350.0 2850.0 0.47755
3450.0 2850.0 0.28807
3550.0 2850.0 0.10902
3650.0 2850.0 -0.04098
3750.0 2850.0 -0.16174
3850.0 2850.0 -0.21722
3950.0 2850.0 -0.19858
4050.0 2850.0 -0.12446
4150.0 2850.0 -0.03211
4250.0 2850.0 0.03438
4350.0 2850.0 0.03882
4450.0 2850.0 -0.02934
4550.0 2850.0 -0.13806
4650.0 2850.0 -0.27296
4750.0 2850.0 -0.42846
4850.0 2850.0 -0.55938
4950.0 2850.0 -0.61988
5050.0 2850.0 -0.58985
5150.0 2850.0 -0.48410
5250.0 2850.0 -0.34443
5350.0 2850.0 -0.21459
5450.0 2850.0 -0.10023
5550.0 2850.0 0.02079
5650.0 2850.0 0.13497
5750.0 2850.0 0.21250
5850.0 2850.0 0.23180
5950.0 2850.0 0.19245
6050.0 2850.0 0.11674
6150.0 2850.0 0.03981
6250.0 2850.0 -0.01152
6350.0 2850.0 -0.04537
50.0 2950.0 0.11622
150.0 2950.0 -0.01233
250.0 2950.0 -0.11909
350.0 2950.0 -0.18248
450.0 2950.0 -0.19249
550.0 2950.0 -0.15670
650.0 2950.0 -0.09950
750.0 2950.0 -0.05423
850.0 2950.0 -0.04848
950.0 2950.0 -0.08246
1050.0 2950.0 -0.11185
1150.0 2950.0 -0.10069
1250.0 2950.0 -0.05477
1350.0 2950.0 -0.00115
1450.0 2950.0 0.03004
1550.0 2950.0 0.01783
1650.0 2950.0 -0.04321
1750.0 2950.0 -0.14267
1850.0 2950.0 -0.25990
1950.0 2950.0 -0.38728
2050.0 2950.0 -0.51783
2150.0 2950.0 -0.60883
2250.0 2950.0 -0.61779
2350.0 2950.0 -0.52983
2450.0 2950.0 -0.36713
2550.0 2950.0 -0.18036
2650.0 2950.0 -0.02217
2750.0 2950.0 0.09713
2850.0 2950.0 0.22916
2950.0 2950.0 0.38240
3050.0 2950.0 0.51123
3150.0 2950.0 0.56470
3250.0 2950.0 0.51806
3350.0 2950.0 0.38511
3450.0 2950.0 0.21164
3550.0 2950.0 0.04963
3650.0 2950.0 -0.08572
3750.0 2950.0 -0.19331
3850.0 2950.0 -0.23988
3950.0 2950.0 -0.21923
4050.0 2950.0 -0.15057
4150.0 2950.0 -0.06918
4250.0 2950.0 -0.01504
4350.0 2950.0 -0.01963
4450.0 2950.0 -0.09062
4550.0 2950.0 -0.19804
4650.0 2950.0 -0.32878
4750.0 2950.0 -0.47749
4850.0 2950.0 -0.60332
4950.0 2950.0 -0.66508
5050.0 2950.0 -0.64497
5150.0 2950.0 -0.55675
5250.0 2950.0 -0.43852
5350.0 2950.0 -0.32983
5450.0 2950.0 -0.23500
5550.0 2950.0 -0.12760
5650.0 2950.0 -0.01383
5750.0 2950.0 0.07930
5850.0 2950.0 0.12768
5950.0 2950.0 0.12367
6050.0 2950.0 0.07987
6150.0 2950.0 0.02277
6250.0 2950.0 -0.02346
6350.0 2950.0 -0.05957
50.0 3050.0 0.21230
150.0 3050.0 0.08178
250.0 3050.0 -0.03288
350.0 3050.0 -0.11111
450.0 3050.0 -0.14046
550.0 3050.0 -0.12450
650.0 3050.0 -0.08349
750.0 3050.0 -0.04791
850.0 3050.0 -0.04476
950.0 3050.0 -0.07657
1050.0 3050.0 -0.10354
1150.0 3050.0 -0.09257
1250.0 3050.0 -0.05107
1350.0 3050.0 -0.00638
1450.0 3050.0 0.01260
1550.0 3050.0 -0.01266
1650.0 3050.0 -0.08475
1750.0 3050.0 -0.19129
1850.0 3050.0 -0.31223
1950.0 3050.0 -0.43527
2050.0 3050.0 -0.54158
2150.0 3050.0 -0.59278
2250.0 3050.0 -0.55999
2350.0 3050.0 -0.44261
2450.0 3050.0 -0.27213
2550.0 3050.0 -0.10089
2650.0 3050.0 0.02429
2750.0 3050.0 0.10314
2850.0 3050.0 0.18827
2950.0 3050.0 0.28610
3050.0 3050.0 0.36309
3150.0 3050.0 0.38302
3250.0 3050.0 0.32949
3350.0 3050.0 0.21435
3450.0 3050.0 0.07238
3550.0 3050.0 -0.05818
3650.0 3050.0 -0.16736
3750.0 3050.0 -0.24951
3850.0 3050.0 -0.27365
3950.0 3050.0 -0.23816
4050.0 3050.0 -0.16508
4150.0 3050.0 -0.08884
4250.0 3050.0 -0.04494
4350.0 3050.0 -0.05837
4450.0 3050.0 -0.13190
4550.0 3050.0 -0.23678
4650.0 3050.0 -0.35779
4750.0 3050.0 -0.48750
4850.0 3050.0 -0.59289
4950.0 3050.0 -0.64289
5050.0 3050.0 -0.62649
5150.0 3050.0 -0.55834
5250.0 3050.0 -0.47163
5350.0 3050.0 -0.39846
5450.0 3050.0 -0.33858
5550.0 3050.0 -0.26013
5650.0 3050.0 -0.15992
5750.0 3050.0 -0.05936
5850.0 3050.0 0.01630
5950.0 3050.0 0.05138
6050.0 3050.0 0.04575
6150.0 3050.0 0.01335
6250.0 3050.0 -0.02681
6350.0 3050.0 -0.06683
50.0 3150.0 0.28902
150.0 3150.0 0.15675
250.0 3150.0 0.03642
350.0 3150.0 -0.05173
450.0 3150.0 -0.09322
550.0 3150.0 -0.08874
650.0 3150.0 -0.05604
750.0 3150.0 -0.02420
850.0 3150.0 -0.02034
950.0 3150.0 -0.04875
1050.0 3150.0 -0.07182
1150.0 3150.0 -0.05727
1250.0 3150.0 -0.01402
1350.0 3150.0 0.02926
1450.0 3150.0 0.04336
1550.0 3150.0 0.01078
1650.0 3150.0 -0.06912
1750.0 3150.0 -0.18200
1850.0 3150.0 -0.30738
1950.0 3150.0 -0.42664
2050.0 3150.0 -0.50913
2150.0 3150.0 -0.52286
2250.0 3150.0 -0.45450
2350.0 3150.0 -0.31838
2450.0 3150.0 -0.15428
2550.0 3150.0 -0.01382
2650.0 3150.0 0.06446
2750.0 3150.0 0.09082
2850.0 3150.0 0.11660
2950.0 3150.0 0.14693
3050.0 3150.0 0.16403
3150.0 3150.0 0.14963
3250.0 3150.0 0.09636
3350.0 3150.0 0.01184
3450.0 3150.0 -0.08470
3550.0 3150.0 -0.17293
3650.0 3150.0 -0.24826
3750.0 3150.0 -0.29702
3850.0 3150.0 -0.29027
3950.0 3150.0 -0.23228
4050.0 3150.0 -0.14921
4150.0 3150.0 -0.07527
4250.0 3150.0 -0.04099
4350.0 3150.0 -0.06363
4450.0 3150.0 -0.13968
4550.0 3150.0 -0.24118
4650.0 3150.0 -0.34806
4750.0 3150.0 -0.44859
4850.0 3150.0 -0.51991
4950.0 3150.0 -0.54524
5050.0 3150.0 -0.52419
5150.0 3150.0 -0.47433
5250.0 3150.0 -0.42376
5350.0 3150.0 -0.39494
5450.0 3150.0 -0.38024
5550.0 3150.0 -0.34233
5650.0 3150.0 -0.26842
5750.0 3150.0 -0.17234
5850.0 3150.0 -0.07841
5950.0 3150.0 -0.00940
6050.0 3150.0 0.02134
6150.0 3150.0 0.01346
6250.0 3150.0 -0.02094
6350.0 3150.0 -0.06585
50.0 3250.0 0.31475
150.0 3250.0 0.18143
250.0 3250.0 0.05938
350.0 3250.0 -0.03051
450.0 3250.0 -0.07268
550.0 3250.0 -0.06706
650.0 3250.0 -0.03135
750.0 3250.0 0.00473
850.0 3250.0 0.01307
950.0 3250.0 -0.01129
1050.0 3250.0 -0.02963
1150.0 3250.0 -0.00813
1250.0 3250.0 0.04327
1350.0 3250.0 0.09368
1450.0 3250.0 0.11199
1550.0 3250.0 0.07991
1650.0 3250.0 -0.00259
1750.0 3250.0 -0.11963
1850.0 3250.0 -0.24932
1950.0 3250.0 -0.36601
2050.0 3250.0 -0.42945
2150.0 3250.0 -0.41477
2250.0 3250.0 -0.32324
2350.0 3250.0 -0.18208
2450.0 3250.0 -0.03683
2550.0 3250.0 0.06380
2650.0 3250.0 0.09038
2750.0 3250.0 0.06223
2850.0 3250.0 0.02806
2950.0 3250.0 -0.00640
3050.0 3250.0 -0.04243
3150.0 3250.0 -0.08106
3250.0 3250.0 -0.12243
3350.0 3250.0 -0.16563
3450.0 3250.0 -0.20904
3550.0 3250.0 -0.25123
3650.0 3250.0 -0.29144
3750.0 3250.0 -0.30586
3850.0 3250.0 -0.26764
3950.0 3250.0 -0.18714
4050.0 3250.0 -0.09470
4150.0 3250.0 -0.02409
4250.0 3250.0 -0.00054
4350.0 3250.0 -0.03316
4450.0 3250.0 -0.11199
4550.0 3250.0 -0.20994
4650.0 3250.0 -0.30095
4750.0 3250.0 -0.36759
4850.0 3250.0 -0.39756
4950.0 3250.0 -0.38982
5050.0 3250.0 -0.35644
5150.0 3250.0 -0.31945
5250.0 3250.0 -0.30264
5350.0 3250.0 -0.31851
5450.0 3250.0 -0.35059
5550.0 3250.0 -0.35721
5650.0 3250.0 -0.31765
5750.0 3250.0 -0.23758
5850.0 3250.0 -0.13845
5950.0 3250.0 -0.04770
6050.0 3250.0 0.01019
6150.0 3250.0 0.02174
6250.0 3250.0 -0.00838
6350.0 3250.0 -0.05817
50.0 3350.0 0.27776
150.0 3350.0 0.14425
250.0 3350.0 0.02466
350.0 3350.0 -0.05869
450.0 3350.0 -0.09029
550.0 3350.0 -0.07151
650.0 3350.0 -0.02238
750.0 3350.0 0.02487
850.0 3350.0 0.04047
950.0 3350.0 0.02003
1050.0 3350.0 0.00623
1150.0 3350.0 0.03638
1250.0 3350.0 0.10011
1350.0 3350.0 0.16394
1450.0 3350.0 0.19377
1550.0 3350.0 0.16913
1650.0 3350.0 0.08921
1750.0 3350.0 -0.02926
1850.0 3350.0 -0.16231
1950.0 3350.0 -0.27786
2050.0 3350.0 -0.32944
2150.0 3350.0 -0.29859
2250.0 3350.0 -0.19773
2350.0 3350.0 -0.06296
2450.0 3350.0 0.05745
2550.0 3350.0 0.11877
2650.0 3350.0 0.09965
2750.0 3350.0 0.02566
2850.0 3350.0 -0.05713
2950.0 3350.0 -0.14014
3050.0 3350.0 -0.21049
3150.0 3350.0 -0.25632
3250.0 3350.0 -0.27422
3350.0 3350.0 -0.27150
3450.0 3350.0 -0.26325
3550.0 3350.0 -0.26418
3650.0 3350.0 -0.27481
3750.0 3350.0 -0.26118
3850.0 3350.0 -0.19892
3950.0 3350.0 -0.10353
4050.0 3350.0 -0.00819
4150.0 3350.0 0.05462
4250.0 3350.0 0.06510
4350.0 3350.0 0.02159
4450.0 3350.0 -0.06042
4550.0 3350.0 -0.15542
4650.0 3350.0 -0.23212
4750.0 3350.0 -0.26735
4850.0 3350.0 -0.25771
4950.0 3350.0 -0.21618
5050.0 3350.0 -0.16641
5150.0 3350.0 -0.13533
5250.0 3350.0 -0.14392
5350.0 3350.0 -0.19629
5450.0 3350.0 -0.26767
5550.0 3350.0 -0.31374
5650.0 3350.0 -0.30884
5750.0 3350.0 -0.25154
5850.0 3350.0 -0.15930
5950.0 3350.0 -0.06129
6050.0 3350.0 0.01079
6150.0 3350.0 0.03374
6250.0 3350.0 0.00582
6350.0 3350.0 -0.04786
50.0 3450.0 0.18876
150.0 3450.0 0.05580
250.0 3450.0 -0.05844
350.0 3450.0 -0.12989
450.0 3450.0 -0.14401
550.0 3450.0 -0.10504
650.0 3450.0 -0.03681
750.0 3450.0 0.02491
850.0 3450.0 0.04852
950.0 3450.0 0.03108
1050.0 3450.0 0.02070
1150.0 3450.0 0.05882
1250.0 3450.0 0.13523
1350.0 3450.0 0.21415
1450.0 3450.0 0.25836
1550.0 3450.0 0.24461
1650.0 3450.0 0.17050
1750.0 3450.0 0.05294
1850.0 3450.0 -0.08204
1950.0 3450.0 -0.19753
2050.0 3450.0 -0.24438
2150.0 3450.0 -0.20843
2250.0 3450.0 -0.10850
2350.0 3450.0 0.01498
2450.0 3450.0 0.11341
2550.0 3450.0 0.14567
2650.0 3450.0 0.09583
2750.0 3450.0 -0.00744
2850.0 3450.0 -0.11930
2950.0 3450.0 -0.22646
3050.0 3450.0 -0.30672
3150.0 3450.0 -0.34178
3250.0 3450.0 -0.32889
3350.0 3450.0 -0.28370
3450.0 3450.0 -0.23416
3550.0 3450.0 -0.20567
3650.0 3450.0 -0.19731
3750.0 3450.0 -0.16715
3850.0 3450.0 -0.09386
3950.0 3450.0 0.00375
4050.0 3450.0 0.09180
4150.0 3450.0 0.14041
4250.0 3450.0 0.13500
4350.0 3450.0 0.07992
4450.0 3450.0 -0.00572
4550.0 3450.0 -0.09887
4650.0 3450.0 -0.16567
4750.0 3450.0 -0.17853
4850.0 3450.0 -0.13977
4950.0 3450.0 -0.07190
5050.0 3450.0 -0.00691
5150.0 3450.0 0.02424
5250.0 3450.0 0.00178
5350.0 3450.0 -0.07309
5450.0 3450.0 -0.16954
5550.0 3450.0 -0.24248
5650.0 3450.0 -0.26444
5750.0 3450.0 -0.22926
5850.0 3450.0 -0.15058
5950.0 3450.0 -0.05689
6050.0 3450.0 0.01724
6150.0 3450.0 0.04348
6250.0 3450.0 0.01584
6350.0 3450.0 -0.04008
50.0 3550.0 0.07318
150.0 3550.0 -0.05882
250.0 3550.0 -0.16686
350.0 3550.0 -0.22523
450.0 3550.0 -0.22080
550.0 3550.0 -0.16110
650.0 3550.0 -0.07397
750.0 3550.0 0.00139
850.0 3550.0 0.03179
950.0 3550.0 0.01604
1050.0 3550.0 0.00746
1150.0 3550.0 0.05109
1250.0 3550.0 0.13712
1350.0 3550.0 0.22830
1450.0 3550.0 0.28500
1550.0 3550.0 0.28153
1650.0 3550.0 0.21381
1750.0 3550.0 0.09841
1850.0 3550.0 -0.03708
1950.0 3550.0 -0.15300
2050.0 3550.0 -0.19993
2150.0 3550.0 -0.16552
2250.0 3550.0 -0.07050
2350.0 3550.0 0.04393
2450.0 3550.0 0.12997
2550.0 3550.0 0.14858
2650.0 3550.0 0.08609
2750.0 3550.0 -0.02827
2850.0 3550.0 -0.14868
2950.0 3550.0 -0.25624
3050.0 3550.0 -0.32477
3150.0 3550.0 -0.33586
3250.0 3550.0 -0.29083
3350.0 3550.0 -0.21244
3450.0 3550.0 -0.13641
3550.0 3550.0 -0.09273
3650.0 3550.0 -0.07699
3750.0 3550.0 -0.04272
3850.0 3550.0 0.02785
3950.0 3550.0 0.11457
4050.0 3550.0 0.18514
4150.0 3550.0 0.21346
4250.0 3550.0 0.18985
4350.0 3550.0 0.12292
4450.0 3550.0 0.03331
4550.0 3550.0 -0.05924
4650.0 3550.0 -0.12160
4750.0 3550.0 -0.12395
4850.0 3550.0 -0.07078
4950.0 3550.0 0.01122
5050.0 3550.0 0.08614
5150.0 3550.0 0.12069
5250.0 3550.0 0.09499
5350.0 3550.0 0.01228
5450.0 3550.0 -0.09369
5550.0 3550.0 -0.17837
5650.0 3550.0 -0.21483
5750.0 3550.0 -0.19495
5850.0 3550.0 -0.12976
5950.0 3550.0 -0.04585
6050.0 3550.0 0.02267
6150.0 3550.0 0.04653
6250.0 3550.0 0.01796
6350.0 3550.0 -0.03849
50.0 3650.0 -0.04698
150.0 3650.0 -0.17774
250.0 3650.0 -0.27965
350.0 3650.0 -0.32568
450.0 3650.0 -0.30420
550.0 3650.0 -0.22589
650.0 3650.0 -0.12220
750.0 3650.0 -0.03534
850.0 3650.0 0.00035
950.0 3650.0 -0.01464
1050.0 3650.0 -0.02253
1150.0 3650.0 0.02449
1250.0 3650.0 0.11716
1350.0 3650.0 0.21739
1450.0 3650.0 0.28385
1550.0 3650.0 0.28895
1650.0 3650.0 0.22709
1750.0 3650.0 0.11428
1850.0 3650.0 -0.02083
1950.0 3650.0 -0.13709
2050.0 3650.0 -0.18572
2150.0 3650.0 -0.15469
2250.0 3650.0 -0.06438
2350.0 3650.0 0.04478
2450.0 3650.0 0.12601
2550.0 3650.0 0.14111
2650.0 3650.0 0.07677
2750.0 3650.0 -0.03830
2850.0 3650.0 -0.15595
2950.0 3650.0 -0.25161
3050.0 3650.0 -0.29821
3150.0 3650.0 -0.28048
3250.0 3650.0 -0.20516
3350.0 3650.0 -0.10095
3450.0 3650.0 -0.00810
3550.0 3650.0 0.04234
3650.0 3650.0 0.05901
3750.0 3650.0 0.09060
3850.0 3650.0 0.15106
3950.0 3650.0 0.22000
4050.0 3650.0 0.26788
4150.0 3650.0 0.27302
4250.0 3650.0 0.23029
4350.0 3650.0 0.15155
4450.0 3650.0 0.05786
4550.0 3650.0 -0.03480
4650.0 3650.0 -0.09612
4750.0 3650.0 -0.09559
4850.0 3650.0 -0.03785
4950.0 3650.0 0.04958
5050.0 3650.0 0.12968
5150.0 3650.0 0.16814
5250.0 3650.0 0.14449
5350.0 3650.0 0.06208
5450.0 3650.0 -0.04448
5550.0 3650.0 -0.13173
5650.0 3650.0 -0.17432
5750.0 3650.0 -0.16374
5850.0 3650.0 -0.10947
5950.0 3650.0 -0.03599
6050.0 3650.0 0.02451
6150.0 3650.0 0.04388
6250.0 3650.0 0.01407
6350.0 3650.0 -0.04194
50.0 3750.0 -0.17041
150.0 3750.0 -0.29279
250.0 3750.0 -0.38040
350.0 3750.0 -0.40629
450.0 3750.0 -0.36241
550.0 3750.0 -0.26392
650.0 3750.0 -0.14579
750.0 3750.0 -0.05168
850.0 3750.0 -0.01502
950.0 3750.0 -0.03244
1050.0 3750.0 -0.04288
1150.0 3750.0 0.00366
1250.0 3750.0 0.09975
1350.0 3750.0 0.20805
1450.0 3750.0 0.28645
1550.0 3750.0 0.30515
1650.0 3750.0 0.25561
1750.0 3750.0 0.15157
1850.0 3750.0 0.02197
1950.0 3750.0 -0.09046
2050.0 3750.0 -0.13907
2150.0 3750.0 -0.11249
2250.0 3750.0 -0.02989
2350.0 3750.0 0.07058
2450.0 3750.0 0.14475
2550.0 3750.0 0.15652
2650.0 3750.0 0.09331
2750.0 3750.0 -0.01779
2850.0 3750.0 -0.12941
2950.0 3750.0 -0.21441
3050.0 3750.0 -0.24545
3150.0 3750.0 -0.20903
3250.0 3750.0 -0.11471
3350.0 3750.0 0.00590
3450.0 3750.0 0.11052
3550.0 3750.0 0.16776
3650.0 3750.0 0.18841
3750.0 3750.0 0.22151
3850.0 3750.0 0.27779
3950.0 3750.0 0.33600
4050.0 3750.0 0.36818
4150.0 3750.0 0.35588
4250.0 3750.0 0.29787
4350.0 3750.0 0.20925
4450.0 3750.0 0.11206
4550.0 3750.0 0.01923
4650.0 3750.0 -0.04464
4750.0 3750.0 -0.05100
4850.0 3750.0 -0.00305
4950.0 3750.0 0.07460
5050.0 3750.0 0.14772
5150.0 3750.0 0.18376
5250.0 3750.0 0.16241
5350.0 3750.0 0.08567
5450.0 3750.0 -0.01425
5550.0 3750.0 -0.09753
5650.0 3750.0 -0.14170
5750.0 3750.0 -0.13877
5850.0 3750.0 -0.09660
5950.0 3750.0 -0.03654
6050.0 3750.0 0.01289
6150.0 3750.0 0.02643
6250.0 3750.0 -0.00343
6350.0 3750.0 -0.05659
50.0 3850.0 -0.28266
150.0 3850.0 -0.38034
250.0 3850.0 -0.43609
350.0 3850.0 -0.42651
450.0 3850.0 -0.35160
550.0 3850.0 -0.23338
650.0 3850.0 -0.10928
750.0 3850.0 -0.02027
850.0 3850.0 0.00627
950.0 3850.0 -0.02103
1050.0 3850.0 -0.04153
1150.0 3850.0 -0.00510
1250.0 3850.0 0.08547
1350.0 3850.0 0.19754
1450.0 3850.0 0.29064
1550.0 3850.0 0.33245
1650.0 3850.0 0.30870
1750.0 3850.0 0.22700
1850.0 3850.0 0.11464
1950.0 3850.0 0.01574
2050.0 3850.0 -0.02844
2150.0 3850.0 -0.00815
2250.0 3850.0 0.06010
2350.0 3850.0 0.14359
2450.0 3850.0 0.20446
2550.0 3850.0 0.21180
2650.0 3850.0 0.15485
2750.0 3850.0 0.05685
2850.0 3850.0 -0.04312
2950.0 3850.0 -0.12236
3050.0 3850.0 -0.15422
3150.0 3850.0 -0.12327
3250.0 3850.0 -0.03560
3350.0 3850.0 0.08110
3450.0 3850.0 0.18756
3550.0 3850.0 0.25322
3650.0 3850.0 0.28609
3750.0 3850.0 0.33145
3850.0 3850.0 0.39796
3950.0 3850.0 0.46200
4050.0 3850.0 0.49430
4150.0 3850.0 0.47711
4250.0 3850.0 0.41182
4350.0 3850.0 0.31708
4450.0 3850.0 0.21753
4550.0 3850.0 0.12454
4650.0 3850.0 0.05134
4750.0 3850.0 0.01934
4850.0 3850.0 0.03020
4950.0 3850.0 0.06957
5050.0 3850.0 0.11365
5150.0 3850.0 0.13671
5250.0 3850.0 0.11985
5350.0 3850.0 0.06066
5450.0 3850.0 -0.01736
5550.0 3850.0 -0.08298
5650.0 3850.0 -0.11948
5750.0 3850.0 -0.12112
5850.0 3850.0 -0.09391
5950.0 3850.0 -0.05379
6050.0 3850.0 -0.02187
6150.0 3850.0 -0.01673
6250.0 3850.0 -0.04377
6350.0 3850.0 -0.08871
50.0 3950.0 -0.35229
150.0 3950.0 -0.40908
250.0 3950.0 -0.41751
350.0 3950.0 -0.36190
450.0 3950.0 -0.25423
550.0 3950.0 -0.12450
650.0 3950.0 -0.00998
750.0 3950.0 0.05651
850.0 3950.0 0.05942
950.0 3950.0 0.01431
1050.0 3950.0 -0.02431
1150.0 3950.0 -0.00953
1250.0 3950.0 0.06307
1350.0 3950.0 0.16997
1450.0 3950.0 0.27567
1550.0 3950.0 0.34603
1650.0 3950.0 0.35891
1750.0 3950.0 0.31213
1850.0 3950.0 0.22882
1950.0 3950.0 0.15343
2050.0 3950.0 0.11862
2150.0 3950.0 0.13147
2250.0 3950.0 0.17961
2350.0 3950.0 0.23875
2450.0 3950.0 0.28087
2550.0 3950.0 0.28323
2650.0 3950.0 0.23803
2750.0 3950.0 0.16243
2850.0 3950.0 0.07989
2950.0 3950.0 0.00145
3050.0 3950.0 -0.04787
3150.0 3950.0 -0.04695
3250.0 3950.0 0.00803
3350.0 3950.0 0.10016
3450.0 3950.0 0.19841
3550.0 3950.0 0.27415
3650.0 3950.0 0.32763
3750.0 3950.0 0.39591
3850.0 3950.0 0.48640
3950.0 3950.0 0.57146
4050.0 3950.0 0.61790
4150.0 3950.0 0.60647
4250.0 3950.0 0.54030
4350.0 3950.0 0.44222
4450.0 3950.0 0.34107
4550.0 3950.0 0.24799
4650.0 3950.0 0.15996
4750.0 3950.0 0.08749
4850.0 3950.0 0.04041
4950.0 3950.0 0.02106
5050.0 3950.0 0.02210
5150.0 3950.0 0.02828
5250.0 3950.0 0.02219
5350.0 3950.0 -0.00609
5450.0 3950.0 -0.04658
5550.0 3950.0 -0.08038
5650.0 3950.0 -0.09927
5750.0 3950.0 -0.10153
5850.0 3950.0 -0.09127
5950.0 3950.0 -0.07682
6050.0 3950.0 -0.06825
6150.0 3950.0 -0.07372
6250.0 3950.0 -0.09489
6350.0 3950.0 -0.12623
50.0 4050.0 -0.35628
150.0 4050.0 -0.36266
250.0 4050.0 -0.31728
350.0 4050.0 -0.21543
450.0 4050.0 -0.08277
550.0 4050.0 0.04365
650.0 4050.0 0.13022
750.0 4050.0 0.15730
850.0 4050.0 0.12539
950.0 4050.0 0.05712
1050.0 4050.0 -0.00508
1150.0 4050.0 -0.02129
1250.0 4050.0 0.02139
1350.0 4050.0 0.11185
1450.0 4050.0 0.22272
1550.0 4050.0 0.31965
1650.0 4050.0 0.37226
1750.0 4050.0 0.36664
1850.0 4050.0 0.31952
1950.0 4050.0 0.27398
2050.0 4050.0 0.25212
2150.0 4050.0 0.25778
2250.0 4050.0 0.28350
2350.0 4050.0 0.31501
2450.0 4050.0 0.33613
2550.0 4050.0 0.33393
2650.0 4050.0 0.30419
2750.0 4050.0 0.25681
2850.0 4050.0 0.19528
2950.0 4050.0 0.11462
3050.0 4050.0 0.03760
3150.0 4050.0 -0.00663
3250.0 4050.0 -0.00040
3350.0 4050.0 0.05445
3450.0 4050.0 0.13829
3550.0 4050.0 0.22519
3650.0 4050.0 0.30449
3750.0 4050.0 0.40193
3850.0 4050.0 0.52368
3950.0 4050.0 0.63709
4050.0 4050.0 0.70370
4150.0 4050.0 0.70195
4250.0 4050.0 0.63667
4350.0 4050.0 0.53561
4450.0 4050.0 0.43289
4550.0 4050.0 0.33980
4650.0 4050.0 0.23535
4750.0 4050.0 0.11852
4850.0 4050.0 0.00935
4950.0 4050.0 -0.07063
5050.0 4050.0 -0.11058
5150.0 4050.0 -0.11513
5250.0 4050.0 -0.10147
5350.0 4050.0 -0.08892
5450.0 4050.0 -0.08210
5550.0 4050.0 -0.07506
5650.0 4050.0 -0.06953
5750.0 4050.0 -0.06898
5850.0 4050.0 -0.07569
5950.0 4050.0 -0.08931
6050.0 4050.0 -0.10680
6150.0 4050.0 -0.12375
6250.0 4050.0 -0.13702
6350.0 4050.0 -0.15153
50.0 4150.0 -0.29458
150.0 4150.0 -0.25084
250.0 4150.0 -0.15616
350.0 4150.0 -0.01807
450.0 4150.0 0.12515
550.0 4150.0 0.23203
650.0 4150.0 0.27589
750.0 4150.0 0.25297
850.0 4150.0 0.18114
950.0 4150.0 0.08874
1050.0 4150.0 0.00192
1150.0 4150.0 -0.04925
1250.0 4150.0 -0.04387
1350.0 4150.0 0.02048
1450.0 4150.0 0.12640
1550.0 4150.0 0.24133
1650.0 4150.0 0.32812
1750.0 4150.0 0.36155
1850.0 4150.0 0.35076
1950.0 4150.0 0.33566
2050.0 4150.0 0.32778
2150.0 4150.0 0.32777
2250.0 4150.0 0.33291
2350.0 4150.0 0.33870
2450.0 4150.0 0.34048
2550.0 4150.0 0.33491
2650.0 4150.0 0.32133
2750.0 4150.0 0.30258
2850.0 4150.0 0.26231
2950.0 4150.0 0.17933
3050.0 4150.0 0.07414
3150.0 4150.0 -0.01597
3250.0 4150.0 -0.05926
3350.0 4150.0 -0.04230
3450.0 4150.0 0.02686
3550.0 4150.0 0.12503
3650.0 4150.0 0.23045
3750.0 4150.0 0.35683
3850.0 4150.0 0.50834
3950.0 4150.0 0.64720
4050.0 4150.0 0.73016
4150.0 4150.0 0.73407
4250.0 4150.0 0.66630
4350.0 4150.0 0.56015
4450.0 4150.0 0.45511
4550.0 4150.0 0.36213
4650.0 4150.0 0.24399
4750.0 4150.0 0.09101
4850.0 4150.0 -0.06666
4950.0 4150.0 -0.19035
5050.0 4150.0 -0.25427
5150.0 4150.0 -0.25567
5250.0 4150.0 -0.21371
5350.0 4150.0 -0.15721
5450.0 4150.0 -0.10239
5550.0 4150.0 -0.05359
5650.0 4150.0 -0.02223
5750.0 4150.0 -0.01709
5850.0 4150.0 -0.03890
5950.0 4150.0 -0.07889
6050.0 4150.0 -0.12118
6150.0 4150.0 -0.14885
6250.0 4150.0 -0.15385
6350.0 4150.0 -0.15155
50.0 4250.0 -0.19244
150.0 4250.0 -0.10853
250.0 4250.0 0.02177
350.0 4250.0 0.17977
450.0 4250.0 0.31805
550.0 4250.0 0.39405
650.0 4250.0 0.38963
750.0 4250.0 0.31650
850.0 4250.0 0.20770
950.0 4250.0 0.09491
1050.0 4250.0 -0.01279
1150.0 4250.0 -0.09605
1250.0 4250.0 -0.12792
1350.0 4250.0 -0.09405
1450.0 4250.0 -0.00198
1550.0 4250.0 0.11913
1650.0 4250.0 0.22809
1750.0 4250.0 0.29099
1850.0 4250.0 0.30964
1950.0 4250.0 0.31961
2050.0 4250.0 0.32379
2150.0 4250.0 0.32033
2250.0 4250.0 0.31016
2350.0 4250.0 0.29652
2450.0 4250.0 0.28386
2550.0 4250.0 0.27646
2650.0 4250.0 0.27649
2750.0 4250.0 0.28121
2850.0 4250.0 0.25902
2950.0 4250.0 0.17657
3050.0 4250.0 0.05265
3150.0 4250.0 -0.06945
3250.0 4250.0 -0.14753
3350.0 4250.0 -0.15678
3450.0 4250.0 -0.09656
3550.0 4250.0 0.01199
3650.0 4250.0 0.13884
3750.0 4250.0 0.28759
3850.0 4250.0 0.45916
3950.0 4250.0 0.61152
4050.0 4250.0 0.69866
4150.0 4250.0 0.69787
4250.0 4250.0 0.62043
4350.0 4250.0 0.50541
4450.0 4250.0 0.39685
4550.0 4250.0 0.30402
4650.0 4250.0 0.17824
4750.0 4250.0 0.00615
4850.0 4250.0 -0.17397
4950.0 4250.0 -0.31226
5050.0 4250.0 -0.37478
5150.0 4250.0 -0.35677
5250.0 4250.0 -0.28171
5350.0 4250.0 -0.18609
5450.0 4250.0 -0.09187
5550.0 4250.0 -0.00882
5650.0 4250.0 0.04385
5750.0 4250.0 0.05302
5850.0 4250.0 0.01919
5950.0 4250.0 -0.04208
6050.0 4250.0 -0.10442
6150.0 4250.0 -0.14073
6250.0 4250.0 -0.13893
6350.0 4250.0 -0.12301
50.0 4350.0 -0.09038
150.0 4350.0 0.01740
250.0 4350.0 0.16502
350.0 4350.0 0.32595
450.0 4350.0 0.44826
550.0 4350.0 0.49111
650.0 4350.0 0.44436
750.0 4350.0 0.33155
850.0 4350.0 0.19597
950.0 4350.0 0.07005
1050.0 4350.0 -0.05120
1150.0 4350.0 -0.15761
1250.0 4350.0 -0.21907
1350.0 4350.0 -0.21303
1450.0 4350.0 -0.13925
1550.0 4350.0 -0.02291
1650.0 4350.0 0.09387
1750.0 4350.0 0.17233
1850.0 4350.0 0.20876
1950.0 4350.0 0.23423
2050.0 4350.0 0.24624
2150.0 4350.0 0.24142
2250.0 4350.0 0.22288
2350.0 4350.0 0.19838
2450.0 4350.0 0.17778
2550.0 4350.0 0.16987
2650.0 4350.0 0.17849
2750.0 4350.0 0.19768
2850.0 4350.0 0.18797
2950.0 4350.0 0.11093
3050.0 4350.0 -0.01546
3150.0 4350.0 -0.14557
3250.0 4350.0 -0.23300
3350.0 4350.0 -0.24827
3450.0 4350.0 -0.18716
3550.0 4350.0 -0.06983
3650.0 4350.0 0.07029
3750.0 4350.0 0.23066
3850.0 4350.0 0.40765
3950.0 4350.0 0.55652
4050.0 4350.0 0.63139
4150.0 4350.0 0.61272
4250.0 4350.0 0.51705
4350.0 4350.0 0.38905
4450.0 4350.0 0.27572
4550.0 4350.0 0.18305
4650.0 4350.0 0.05687
4750.0 4350.0 -0.11427
4850.0 4350.0 -0.28732
4950.0 4350.0 -0.40895
5050.0 4350.0 -0.44517
5150.0 4350.0 -0.39490
5250.0 4350.0 -0.28746
5350.0 4350.0 -0.16404
5450.0 4350.0 -0.04552
5550.0 4350.0 0.05827
5650.0 4350.0 0.12326
5750.0 4350.0 0.13369
5850.0 4350.0 0.09100
5950.0 4350.0 0.01525
6050.0 4350.0 -0.06052
6150.0 4350.0 -0.10276
6250.0 4350.0 -0.09696
6350.0 4350.0 -0.07277
50.0 4450.0 -0.02188
150.0 4450.0 0.09326
250.0 4450.0 0.24185
350.0 4450.0 0.39348
450.0 4450.0 0.49592
550.0 4450.0 0.51154
650.0 4450.0 0.43610
750.0 4450.0 0.29974
850.0 4450.0 0.15036
950.0 4450.0 0.01922
1050.0 4450.0 -0.10756
1150.0 4450.0 -0.22597
1250.0 4450.0 -0.30546
1350.0 4450.0 -0.31960
1450.0 4450.0 -0.26349
1550.0 4450.0 -0.15872
1650.0 4450.0 -0.04595
1750.0 4450.0 0.03498
1850.0 4450.0 0.07721
1950.0 4450.0 0.10810
2050.0 4450.0 0.12309
2150.0 4450.0 0.11830
2250.0 4450.0 0.09752
2350.0 4450.0 0.06995
2450.0 4450.0 0.04719
2550.0 4450.0 0.03948
2650.0 4450.0 0.05124
2750.0 4450.0 0.07548
2850.0 4450.0 0.07245
2950.0 4450.0 0.00584
3050.0 4450.0 -0.10619
3150.0 4450.0 -0.21947
3250.0 4450.0 -0.28990
3350.0 4450.0 -0.29031
3450.0 4450.0 -0.21811
3550.0 4450.0 -0.09369
3650.0 4450.0 0.05122
3750.0 4450.0 0.21235
3850.0 4450.0 0.38057
3950.0 4450.0 0.51008
4050.0 4450.0 0.55788
4150.0 4450.0 0.50991
4250.0 4450.0 0.38901
4350.0 4450.0 0.24490
4450.0 4450.0 0.12590
4550.0 4450.0 0.03334
4650.0 4450.0 -0.08725
4750.0 4450.0 -0.24113
4850.0 4450.0 -0.38391
4950.0 4450.0 -0.46560
5050.0 4450.0 -0.45880
5150.0 4450.0 -0.37022
5250.0 4450.0 -0.23553
5350.0 4450.0 -0.09742
5450.0 4450.0 0.02961
5550.0 4450.0 0.13991
5650.0 4450.0 0.20733
5750.0 4450.0 0.21527
5850.0 4450.0 0.16602
5950.0 4450.0 0.08184
6050.0 4450.0 -0.00123
6150.0 4450.0 -0.04703
6250.0 4450.0 -0.04028
6350.0 4450.0 -0.01329
50.0 4550.0 0.01856
150.0 4550.0 0.13253
250.0 4550.0 0.27423
350.0 4550.0 0.41168
450.0 4550.0 0.49438
550.0 4550.0 0.48839
650.0 4550.0 0.39372
750.0 4550.0 0.24402
850.0 4550.0 0.08861
950.0 4550.0 -0.04323
1050.0 4550.0 -0.17097
1150.0 4550.0 -0.29479
1250.0 4550.0 -0.38501
1350.0 4550.0 -0.41377
1450.0 4550.0 -0.37340
1550.0 4550.0 -0.28239
1650.0 4550.0 -0.17890
1750.0 4550.0 -0.10189
1850.0 4550.0 -0.05997
1950.0 4550.0 -0.02886
2050.0 4550.0 -0.01360
2150.0 4550.0 -0.01806
2250.0 4550.0 -0.03847
2350.0 4550.0 -0.06570
2450.0 4550.0 -0.08818
2550.0 4550.0 -0.09568
2650.0 4550.0 -0.08378
2750.0 4550.0 -0.05938
2850.0 4550.0 -0.05870
2950.0 4550.0 -0.11213
3050.0 4550.0 -0.20082
3150.0 4550.0 -0.28411
3250.0 4550.0 -0.32363
3350.0 4550.0 -0.29820
3450.0 4550.0 -0.20960
3550.0 4550.0 -0.07902
3650.0 4550.0 0.06616
3750.0 4550.0 0.22236
3850.0 4550.0 0.37459
3950.0 4550.0 0.47682
4050.0 4550.0 0.49034
4150.0 4550.0 0.40768
4250.0 4550.0 0.25840
4350.0 4550.0 0.09687
4450.0 4550.0 -0.02814
4550.0 4550.0 -0.12062
4650.0 4550.0 -0.23300
4750.0 4550.0 -0.36261
4850.0 4550.0 -0.46551
4950.0 4550.0 -0.49817
5050.0 4550.0 -0.44265
5150.0 4550.0 -0.31504
5250.0 4550.0 -0.15718
5350.0 4550.0 -0.01169
5450.0 4550.0 0.11565
5550.0 4550.0 0.22507
5650.0 4550.0 0.28986
5750.0 4550.0 0.29354
5850.0 4550.0 0.23912
5950.0 4550.0 0.14989
6050.0 4550.0 0.06286
6150.0 4550.0 0.01483
6250.0 4550.0 0.02100
6350.0 4550.0 0.04800
50.0 4650.0 0.04376
150.0 4650.0 0.14824
250.0 4650.0 0.27300
350.0 4650.0 0.38686
450.0 4650.0 0.44459
550.0 4650.0 0.41815
650.0 4650.0 0.31164
750.0 4650.0 0.15965
850.0 4650.0 0.00932
950.0 4650.0 -0.11405
1050.0 4650.0 -0.23371
1150.0 4650.0 -0.35343
1250.0 4650.0 -0.44639
1350.0 4650.0 -0.48552
1450.0 4650.0 -0.46141
1550.0 4650.0 -0.38860
1650.0 4650.0 -0.30047
1750.0 4650.0 -0.23247
1850.0 4650.0 -0.19403
1950.0 4650.0 -0.16544
2050.0 4650.0 -0.15233
2150.0 4650.0 -0.15867
2250.0 4650.0 -0.18096
2350.0 4650.0 -0.21031
2450.0 4650.0 -0.23532
2550.0 4650.0 -0.24577
2650.0 4650.0 -0.23713
2750.0 4650.0 -0.21602
2850.0 4650.0 -0.21290
2950.0 4650.0 -0.24876
3050.0 4650.0 -0.30415
3150.0 4650.0 -0.34435
3250.0 4650.0 -0.34020
3350.0 4650.0 -0.27985
3450.0 4650.0 -0.17155
3550.0 4650.0 -0.03730
3650.0 4650.0 0.10258
3750.0 4650.0 0.24704
3850.0 4650.0 0.37480
3950.0 4650.0 0.44076
4050.0 4650.0 0.41216
4150.0 4650.0 0.28932
4250.0 4650.0 0.10888
4350.0 4650.0 -0.07080
4450.0 4650.0 -0.20166
4550.0 4650.0 -0.29377
4650.0 4650.0 -0.39605
4750.0 4650.0 -0.49710
4850.0 4650.0 -0.55476
4950.0 4650.0 -0.53409
5050.0 4650.0 -0.42828
5150.0 4650.0 -0.26343
5250.0 4650.0 -0.08701
5350.0 4650.0 0.05979
5450.0 4650.0 0.18118
5550.0 4650.0 0.28591
5650.0 4650.0 0.34935
5750.0 4650.0 0.35572
5850.0 4650.0 0.30734
5950.0 4650.0 0.22568
6050.0 4650.0 0.14533
6150.0 4650.0 0.10090
6250.0 4650.0 0.10696
6350.0 4650.0 0.13238
50.0 4750.0 0.04243
150.0 4750.0 0.12137
250.0 4750.0 0.21027
350.0 4750.0 0.28349
450.0 4750.0 0.30787
550.0 4750.0 0.26544
650.0 4750.0 0.16359
750.0 4750.0 0.03250
850.0 4750.0 -0.09003
950.0 4750.0 -0.18645
1050.0 4750.0 -0.27990
1150.0 4750.0 -0.37638
1250.0 4750.0 -0.45580
1350.0 4750.0 -0.49629
1450.0 4750.0 -0.48869
1550.0 4750.0 -0.44213
1650.0 4750.0 -0.38071
1750.0 4750.0 -0.33123
1850.0 4750.0 -0.30214
1950.0 4750.0 -0.28083
2050.0 4750.0 -0.27356
2150.0 4750.0 -0.28450
2250.0 4750.0 -0.31104
2350.0 4750.0 -0.34530
2450.0 4750.0 -0.37662
2550.0 4750.0 -0.39504
2650.0 4750.0 -0.39571
2750.0 4750.0 -0.38443
2850.0 4750.0 -0.38225
2950.0 4750.0 -0.39594
3050.0 4750.0 -0.40571
3150.0 4750.0 -0.38656
3250.0 4750.0 -0.32360
3350.0 4750.0 -0.21887
3450.0 4750.0 -0.08973
3550.0 4750.0 0.04130
3650.0 4750.0 0.16484
3750.0 4750.0 0.28558
3850.0 4750.0 0.37683
3950.0 4750.0 0.39671
4050.0 4750.0 0.32044
4150.0 4750.0 0.15672
4250.0 4750.0 -0.05214
4350.0 4750.0 -0.24632
4450.0 4750.0 -0.38097
4550.0 4750.0 -0.47208
4650.0 4750.0 -0.56197
4750.0 4750.0 -0.63016
4850.0 4750.0 -0.63892
4950.0 4750.0 -0.56482
5050.0 4750.0 -0.41381
5150.0 4750.0 -0.22161
5250.0 4750.0 -0.03926
5350.0 4750.0 0.09597
5450.0 4750.0 0.19940
5550.0 4750.0 0.29168
5650.0 4750.0 0.35498
5750.0 4750.0 0.37536
5850.0 4750.0 0.35214
5950.0 4750.0 0.29998
6050.0 4750.0 0.24490
6150.0 4750.0 0.21429
6250.0 4750.0 0.22092
6350.0 4750.0 0.24179
50.0 4850.0 0.01700
150.0 4850.0 0.05506
250.0 4850.0 0.09106
350.0 4850.0 0.10992
450.0 4850.0 0.09677
550.0 4850.0 0.04701
650.0 4850.0 -0.03025
750.0 4850.0 -0.11515
850.0 4850.0 -0.18652
950.0 4850.0 -0.23786
1050.0 4850.0 -0.28733
1150.0 4850.0 -0.34139
1250.0 4850.0 -0.39030
1350.0 4850.0 -0.42182
1450.0 4850.0 -0.42934
1550.0 4850.0 -0.41542
1650.0 4850.0 -0.39078
1750.0 4850.0 -0.36864
1850.0 4850.0 -0.35453
1950.0 4850.0 -0.34478
2050.0 4850.0 -0.34536
2150.0 4850.0 -0.36063
2250.0 4850.0 -0.38991
2350.0 4850.0 -0.42776
2450.0 4850.0 -0.46563
2550.0 4850.0 -0.49461
2650.0 4850.0 -0.50957
2750.0 4850.0 -0.51440
2850.0 4850.0 -0.51818
2950.0 4850.0 -0.51149
3050.0 4850.0 -0.47483
3150.0 4850.0 -0.39492
3250.0 4850.0 -0.27330
3350.0 4850.0 -0.12745
3450.0 4850.0 0.01570
3550.0 4850.0 0.13384
3650.0 4850.0 0.23014
3750.0 4850.0 0.31772
3850.0 4850.0 0.36790
3950.0 4850.0 0.34438
4050.0 4850.0 0.23040
4150.0 4850.0 0.04062
4250.0 4850.0 -0.18124
4350.0 4850.0 -0.37859
4450.0 4850.0 -0.51228
4550.0 4850.0 -0.60175
4650.0 4850.0 -0.67909
4750.0 4850.0 -0.71637
4850.0 4850.0 -0.68270
4950.0 4850.0 -0.56739
5050.0 4850.0 -0.38836
5150.0 4850.0 -0.18821
5250.0 4850.0 -0.01800
5350.0 4850.0 0.09132
5450.0 4850.0 0.16496
5550.0 4850.0 0.23613
5650.0 4850.0 0.29739
5750.0 4850.0 0.33794
5850.0 4850.0 0.35265
5950.0 4850.0 0.34564
6050.0 4850.0 0.32948
6150.0 4850.0 0.32008
6250.0 4850.0 0.32724
6350.0 4850.0 0.34072
50.0 4950.0 -0.02034
150.0 4950.0 -0.03181
250.0 4950.0 -0.05689
350.0 4950.0 -0.09684
450.0 4950.0 -0.14497
550.0 4950.0 -0.19154
650.0 4950.0 -0.22770
750.0 4950.0 -0.24825
850.0 4950.0 -0.25327
950.0 4950.0 -0.24870
1050.0 4950.0 -0.24366
1150.0 4950.0 -0.24338
1250.0 4950.0 -0.25046
1350.0 4950.0 -0.26505
1450.0 4950.0 -0.28478
1550.0 4950.0 -0.30541
1650.0 4950.0 -0.32219
1750.0 4950.0 -0.33200
1850.0 4950.0 -0.33610
1950.0 4950.0 -0.33992
2050.0 4950.0 -0.34758
2150.0 4950.0 -0.36338
2250.0 4950.0 -0.38969
2350.0 4950.0 -0.42530
2450.0 4950.0 -0.46550
2550.0 4950.0 -0.50372
2650.0 4950.0 -0.53471
2750.0 4950.0 -0.55924
2850.0 4950.0 -0.57409
2950.0 4950.0 -0.55596
3050.0 4950.0 -0.48646
3150.0 4950.0 -0.36306
3250.0 4950.0 -0.20156
3350.0 4950.0 -0.03212
3450.0 4950.0 0.11112
3550.0 4950.0 0.20697
3650.0 4950.0 0.26950
3750.0 4950.0 0.32115
3850.0 4950.0 0.33659
3950.0 4950.0 0.28655
4050.0 4950.0 0.15998
4150.0 4950.0 -0.02768
4250.0 4950.0 -0.23756
4350.0 4950.0 -0.42163
4450.0 4950.0 -0.54822
4550.0 4950.0 -0.63562
4650.0 4950.0 -0.70290
4750.0 4950.0 -0.71808
4850.0 4950.0 -0.65836
4950.0 4950.0 -0.52446
5050.0 4950.0 -0.34280
5150.0 4950.0 -0.15834
5250.0 4950.0 -0.01809
5350.0 4950.0 0.05467
5450.0 4950.0 0.09146
5550.0 4950.0 0.13502
5650.0 4950.0 0.18930
5750.0 4950.0 0.24751
5850.0 4950.0 0.30026
5950.0 4950.0 0.34039
6050.0 4950.0 0.36555
6150.0 4950.0 0.37852
6250.0 4950.0 0.38528
6350.0 4950.0 0.38976
50.0 5050.0 -0.05362
150.0 5050.0 -0.11377
250.0 5050.0 -0.19669
350.0 5050.0 -0.28933
450.0 5050.0 -0.36424
550.0 5050.0 -0.39894
650.0 5050.0 -0.38654
750.0 5050.0 -0.33780
850.0 5050.0 -0.27446
950.0 5050.0 -0.21401
1050.0 5050.0 -0.15464
1150.0 5050.0 -0.09926
1250.0 5050.0 -0.06257
1350.0 5050.0 -0.05734
1450.0 5050.0 -0.08594
1550.0 5050.0 -0.13801
1650.0 5050.0 -0.19398
1750.0 5050.0 -0.23466
1850.0 5050.0 -0.25674
1950.0 5050.0 -0.27325
2050.0 5050.0 -0.28474
2150.0 5050.0 -0.29517
2250.0 5050.0 -0.31072
2350.0 5050.0 -0.33587
2450.0 5050.0 -0.37135
2550.0 5050.0 -0.41411
2650.0 5050.0 -0.45914
2750.0 5050.0 -0.50309
2850.0 5050.0 -0.53242
2950.0 5050.0 -0.51565
3050.0 5050.0 -0.43617
3150.0 5050.0 -0.29871
3250.0 5050.0 -0.12768
3350.0 5050.0 0.04000
3450.0 5050.0 0.16732
3550.0 5050.0 0.23502
3650.0 5050.0 0.26372
3750.0 5050.0 0.28415
3850.0 5050.0 0.27956
3950.0 5050.0 0.22786
4050.0 5050.0 0.11981
4150.0 5050.0 -0.03434
4250.0 5050.0 -0.20663
4350.0 5050.0 -0.36173
4450.0 5050.0 -0.47581
4550.0 5050.0 -0.56106
4650.0 5050.0 -0.62251
4750.0 5050.0 -0.62802
4850.0 5050.0 -0.56258
4950.0 5050.0 -0.43497
5050.0 5050.0 -0.27526
5150.0 5050.0 -0.12601
5250.0 5050.0 -0.02714
5350.0 5050.0 0.00567
5450.0 5050.0 0.00562
5550.0 5050.0 0.01948
5650.0 5050.0 0.06056
5750.0 5050.0 0.12636
5850.0 5050.0 0.20495
5950.0 5050.0 0.28027
6050.0 5050.0 0.33737
6150.0 5050.0 0.36739
6250.0 5050.0 0.37230
6350.0 5050.0 0.36789
50.0 5150.0 -0.06841
150.0 5150.0 -0.16716
250.0 5150.0 -0.29449
350.0 5150.0 -0.42544
450.0 5150.0 -0.51646
550.0 5150.0 -0.53581
650.0 5150.0 -0.47935
750.0 5150.0 -0.37153
850.0 5150.0 -0.25181
950.0 5150.0 -0.14642
1050.0 5150.0 -0.04353
1150.0 5150.0 0.05619
1250.0 5150.0 0.12838
1350.0 5150.0 0.15016
1450.0 5150.0 0.11519
1550.0 5150.0 0.03861
1650.0 5150.0 -0.04827
1750.0 5150.0 -0.11347
1850.0 5150.0 -0.14989
1950.0 5150.0 -0.17568
2050.0 5150.0 -0.18655
2150.0 5150.0 -0.18584
2250.0 5150.0 -0.18378
2350.0 5150.0 -0.19105
2450.0 5150.0 -0.21462
2550.0 5150.0 -0.25567
2650.0 5150.0 -0.30976
2750.0 5150.0 -0.36909
2850.0 5150.0 -0.41331
2950.0 5150.0 -0.40961
3050.0 5150.0 -0.34344
3150.0 5150.0 -0.22218
3250.0 5150.0 -0.07187
3350.0 5150.0 0.07067
3450.0 5150.0 0.17016
3550.0 5150.0 0.20966
3650.0 5150.0 0.21101
3750.0 5150.0 0.21058
3850.0 5150.0 0.20339
3950.0 5150.0 0.17329
4050.0 5150.0 0.10885
4150.0 5150.0 0.01068
4250.0 5150.0 -0.10764
4350.0 5150.0 -0.22491
4450.0 5150.0 -0.32391
4550.0 5150.0 -0.40734
4650.0 5150.0 -0.46727
4750.0 5150.0 -0.47433
4850.0 5150.0 -0.41962
4950.0 5150.0 -0.31583
5050.0 5150.0 -0.19234
5150.0 5150.0 -0.08620
5250.0 5150.0 -0.02924
5350.0 5150.0 -0.03118
5450.0 5150.0 -0.06096
5550.0 5150.0 -0.07371
5650.0 5150.0 -0.05090
5750.0 5150.0 0.00875
5850.0 5150.0 0.09331
5950.0 5150.0 0.18249
6050.0 5150.0 0.25398
6150.0 5150.0 0.29129
6250.0 5150.0 0.29293
6350.0 5150.0 0.28148
50.0 5250.0 -0.05642
150.0 5250.0 -0.17782
250.0 5250.0 -0.33040
350.0 5250.0 -0.48193
450.0 5250.0 -0.57957
550.0 5250.0 -0.58667
650.0 5250.0 -0.50129
750.0 5250.0 -0.35653
850.0 5250.0 -0.20255
950.0 5250.0 -0.07044
1050.0 5250.0 0.05806
1150.0 5250.0 0.18336
1250.0 5250.0 0.27530
1350.0 5250.0 0.30516
1450.0 5250.0 0.26458
1550.0 5250.0 0.17189
1650.0 5250.0 0.06564
1750.0 5250.0 -0.01453
1850.0 5250.0 -0.05949
1950.0 5250.0 -0.08970
2050.0 5250.0 -0.09585
2150.0 5250.0 -0.08044
2250.0 5250.0 -0.05724
2350.0 5250.0 -0.04265
2450.0 5250.0 -0.04952
2550.0 5250.0 -0.08320
2650.0 5250.0 -0.14009
2750.0 5250.0 -0.20832
2850.0 5250.0 -0.26459
2950.0 5250.0 -0.28045
3050.0 5250.0 -0.24316
3150.0 5250.0 -0.15856
3250.0 5250.0 -0.04846
3350.0 5250.0 0.05580
3450.0 5250.0 0.12395
3550.0 5250.0 0.14117
3650.0 5250.0 0.12606
3750.0 5250.0 0.11729
3850.0 5250.0 0.12157
3950.0 5250.0 0.12646
4050.0 5250.0 0.11578
4150.0 5250.0 0.07902
4250.0 5250.0 0.01578
4350.0 5250.0 -0.06488
4450.0 5250.0 -0.15003
4550.0 5250.0 -0.23224
4650.0 5250.0 -0.29356
4750.0 5250.0 -0.30826
4850.0 5250.0 -0.27094
4950.0 5250.0 -0.19483
5050.0 5250.0 -0.10623
5150.0 5250.0 -0.03635
5250.0 5250.0 -0.01057
5350.0 5250.0 -0.03507
5450.0 5250.0 -0.08273
5550.0 5250.0 -0.11475
5650.0 5250.0 -0.11234
5750.0 5250.0 -0.07152
5850.0 5250.0 -0.00167
5950.0 5250.0 0.07794
6050.0 5250.0 0.14408
6150.0 5250.0 0.17781
6250.0 5250.0 0.17528
6350.0 5250.0 0.15973
50.0 5350.0 -0.01951
150.0 5350.0 -0.14799
250.0 5350.0 -0.30817
350.0 5350.0 -0.46545
450.0 5350.0 -0.56417
550.0 5350.0 -0.56630
650.0 5350.0 -0.47082
750.0 5350.0 -0.31374
850.0 5350.0 -0.14865
950.0 5350.0 -0.00808
1050.0 5350.0 0.12814
1150.0 5350.0 0.25984
1250.0 5350.0 0.35478
1350.0 5350.0 0.38281
1450.0 5350.0 0.33578
1550.0 5350.0 0.23391
1650.0 5350.0 0.11877
1750.0 5350.0 0.03268
1850.0 5350.0 -0.01511
1950.0 5350.0 -0.04530
2050.0 5350.0 -0.04416
2150.0 5350.0 -0.01334
2250.0 5350.0 0.03075
2350.0 5350.0 0.06722
2450.0 5350.0 0.07844
2550.0 5350.0 0.05552
2650.0 5350.0 0.00118
2750.0 5350.0 -0.06960
2850.0 5350.0 -0.13342
2950.0 5350.0 -0.16914
3050.0 5350.0 -0.16532
3150.0 5350.0 -0.12362
3250.0 5350.0 -0.05859
3350.0 5350.0 0.00649
3450.0 5350.0 0.04751
3550.0 5350.0 0.05123
3650.0 5350.0 0.03060
3750.0 5350.0 0.02377
3850.0 5350.0 0.04654
3950.0 5350.0 0.08784
4050.0 5350.0 0.12600
4150.0 5350.0 0.14090
4250.0 5350.0 0.12146
4350.0 5350.0 0.06857
4450.0 5350.0 -0.00660
4550.0 5350.0 -0.08823
4650.0 5350.0 -0.15178
4750.0 5350.0 -0.17422
4850.0 5350.0 -0.15113
4950.0 5350.0 -0.09448
5050.0 5350.0 -0.02755
5150.0 5350.0 0.02236
5250.0 5350.0 0.03328
5350.0 5350.0 0.00008
5450.0 5350.0 -0.05357
5550.0 5350.0 -0.09649
5650.0 5350.0 -0.11358
5750.0 5350.0 -0.09944
5850.0 5350.0 -0.05916
5950.0 5350.0 -0.00682
6050.0 5350.0 0.03868
6150.0 5350.0 0.06052
6250.0 5350.0 0.05362
6350.0 5350.0 0.03686
50.0 5450.0 0.02479
150.0 5450.0 -0.10329
250.0 5450.0 -0.26280
350.0 5450.0 -0.41914
450.0 5450.0 -0.51679
550.0 5450.0 -0.51791
650.0 5450.0 -0.42168
750.0 5450.0 -0.26415
850.0 5450.0 -0.09891
950.0 5450.0 0.04165
1050.0 5450.0 0.17729
1150.0 5450.0 0.30637
1250.0 5450.0 0.39624
1350.0 5450.0 0.41741
1450.0 5450.0 0.36297
1550.0 5450.0 0.25460
1650.0 5450.0 0.13501
1750.0 5450.0 0.04692
1850.0 5450.0 -0.00118
1950.0 5450.0 -0.02943
2050.0 5450.0 -0.01996
2150.0 5450.0 0.02641
2250.0 5450.0 0.09111
2350.0 5450.0 0.14932
2450.0 5450.0 0.17918
2550.0 5450.0 0.16852
2650.0 5450.0 0.11916
2750.0 5450.0 0.04877
2850.0 5450.0 -0.02019
2950.0 5450.0 -0.07454
3050.0 5450.0 -0.10377
3150.0 5450.0 -0.10459
3250.0 5450.0 -0.08338
3350.0 5450.0 -0.05489
3450.0 5450.0 -0.03703
3550.0 5450.0 -0.04189
3650.0 5450.0 -0.06276
3750.0 5450.0 -0.06342
3850.0 5450.0 -0.02095
3950.0 5450.0 0.05388
4050.0 5450.0 0.13424
4150.0 5450.0 0.19198
4250.0 5450.0 0.20777
4350.0 5450.0 0.17674
4450.0 5450.0 0.10947
4550.0 5450.0 0.02858
4650.0 5450.0 -0.03670
4750.0 5450.0 -0.06527
4850.0 5450.0 -0.05269
4950.0 5450.0 -0.00924
5050.0 5450.0 0.04438
5150.0 5450.0 0.08348
5250.0 5450.0 0.08791
5350.0 5450.0 0.05262
5450.0 5450.0 -0.00157
5550.0 5450.0 -0.05103
5650.0 5450.0 -0.08581
5750.0 5450.0 -0.09971
5850.0 5450.0 -0.09314
5950.0 5450.0 -0.07364
6050.0 5450.0 -0.05387
6150.0 5450.0 -0.04673
6250.0 5450.0 -0.05790
6350.0 5450.0 -0.07472
50.0 5550.0 0.02680
150.0 5550.0 -0.09204
250.0 5550.0 -0.23973
350.0 5550.0 -0.38316
450.0 5550.0 -0.46995
550.0 5550.0 -0.46485
650.0 5550.0 -0.36780
750.0 5550.0 -0.21360
850.0 5550.0 -0.05335
950.0 5550.0 0.08257
1050.0 5550.0 0.21314
1150.0 5550.0 0.33503
1250.0 5550.0 0.41589
1350.0 5550.0 0.42764
1450.0 5550.0 0.36495
1550.0 5550.0 0.25058
1650.0 5550.0 0.12755
1750.0 5550.0 0.03803
1850.0 5550.0 -0.01057
1950.0 5550.0 -0.03634
2050.0 5550.0 -0.01518
2150.0 5550.0 0.05363
2250.0 5550.0 0.14862
2350.0 5550.0 0.23944
2450.0 5550.0 0.29794
2550.0 5550.0 0.30683
2650.0 5550.0 0.26630
2750.0 5550.0 0.19784
2850.0 5550.0 0.12361
2950.0 5550.0 0.04712
3050.0 5550.0 -0.02154
3150.0 5550.0 -0.07210
3250.0 5550.0 -0.10061
3350.0 5550.0 -0.11156
3450.0 5550.0 -0.11603
3550.0 5550.0 -0.12554
3650.0 5550.0 -0.14138
3750.0 5550.0 -0.13236
3850.0 5550.0 -0.07088
3950.0 5550.0 0.03282
4050.0 5550.0 0.14859
4150.0 5550.0 0.24279
4250.0 5550.0 0.29023
4350.0 5550.0 0.28171
4450.0 5550.0 0.22708
4550.0 5550.0 0.15361
4650.0 5550.0 0.09162
4750.0 5550.0 0.05775
4850.0 5550.0 0.05559
4950.0 5550.0 0.07742
5050.0 5550.0 0.10740
5150.0 5550.0 0.12652
5250.0 5550.0 0.11913
5350.0 5550.0 0.08119
5450.0 5550.0 0.02850
5550.0 5550.0 -0.02289
5650.0 5550.0 -0.06661
5750.0 5550.0 -0.09670
5850.0 5550.0 -0.11119
5950.0 5550.0 -0.11361
6050.0 5550.0 -0.11222
6150.0 5550.0 -0.11672
6250.0 5550.0 -0.13251
6350.0 5550.0 -0.15112
50.0 5650.0 -0.03532
150.0 5650.0 -0.12941
250.0 5650.0 -0.24651
350.0 5650.0 -0.35793
450.0 5650.0 -0.41949
550.0 5650.0 -0.40213
650.0 5650.0 -0.30697
750.0 5650.0 -0.16470
850.0 5650.0 -0.01930
950.0 5650.0 0.10387
1050.0 5650.0 0.22182
1150.0 5650.0 0.32964
1250.0 5650.0 0.39666
1350.0 5650.0 0.39722
1450.0 5650.0 0.32758
1550.0 5650.0 0.21046
1650.0 5650.0 0.08724
1750.0 5650.0 -0.00220
1850.0 5650.0 -0.05168
1950.0 5650.0 -0.07496
2050.0 5650.0 -0.03958
2150.0 5650.0 0.05759
2250.0 5650.0 0.19186
2350.0 5650.0 0.32596
2450.0 5650.0 0.42342
2550.0 5650.0 0.45997
2650.0 5650.0 0.43306
2750.0 5650.0 0.36900
2850.0 5650.0 0.29019
2950.0 5650.0 0.18894
3050.0 5650.0 0.07615
3150.0 5650.0 -0.02851
3250.0 5650.0 -0.10834
3350.0 5650.0 -0.15636
3450.0 5650.0 -0.17692
3550.0 5650.0 -0.18232
3650.0 5650.0 -0.18365
3750.0 5650.0 -0.15971
3850.0 5650.0 -0.08353
3950.0 5650.0 0.03554
4050.0 5650.0 0.16822
4150.0 5650.0 0.28119
4250.0 5650.0 0.34886
4350.0 5650.0 0.36112
4450.0 5650.0 0.32686
4550.0 5650.0 0.27299
4650.0 5650.0 0.22434
4750.0 5650.0 0.18917
4850.0 5650.0 0.16850
4950.0 5650.0 0.15804
5050.0 5650.0 0.15009
5150.0 5650.0 0.13596
5250.0 5650.0 0.10891
5350.0 5650.0 0.06768
5450.0 5650.0 0.01990
5550.0 5650.0 -0.02529
5650.0 5650.0 -0.06228
5750.0 5650.0 -0.08716
5850.0 5650.0 -0.09974
5950.0 5650.0 -0.10417
6050.0 5650.0 -0.10781
6150.0 5650.0 -0.11837
6250.0 5650.0 -0.13945
6350.0 5650.0 -0.16304
50.0 5750.0 -0.13651
150.0 5750.0 -0.19173
250.0 5750.0 -0.26262
350.0 5750.0 -0.32804
450.0 5750.0 -0.35618
550.0 5750.0 -0.32661
650.0 5750.0 -0.24092
750.0 5750.0 -0.12208
850.0 5750.0 -0.00231
950.0 5750.0 0.10031
1050.0 5750.0 0.19895
1150.0 5750.0 0.28780
1250.0 5750.0 0.33934
1350.0 5750.0 0.33094
1450.0 5750.0 0.25971
1550.0 5750.0 0.14646
1650.0 5750.0 0.02852
1750.0 5750.0 -0.05836
1850.0 5750.0 -0.10895
1950.0 5750.0 -0.13104
2050.0 5750.0 -0.08443
2150.0 5750.0 0.03668
2250.0 5750.0 0.20545
2350.0 5750.0 0.37890
2450.0 5750.0 0.51312
2550.0 5750.0 0.57705
2650.0 5750.0 0.56507
2750.0 5750.0 0.50744
2850.0 5750.0 0.42630
2950.0 5750.0 0.30379
3050.0 5750.0 0.15296
3150.0 5750.0 0.00369
3250.0 5750.0 -0.11501
3350.0 5750.0 -0.18620
3450.0 5750.0 -0.20963
3550.0 5750.0 -0.19999
3650.0 5750.0 -0.17786
3750.0 5750.0 -0.13552
3850.0 5750.0 -0.05319
3950.0 5750.0 0.06094
4050.0 5750.0 0.18358
4150.0 5750.0 0.28900
4250.0 5750.0 0.35823
4350.0 5750.0 0.38467
4450.0 5750.0 0.37624
4550.0 5750.0 0.35326
4650.0 5750.0 0.32860
4750.0 5750.0 0.29971
4850.0 5750.0 0.26339
4950.0 5750.0 0.21860
5050.0 5750.0 0.16722
5150.0 5750.0 0.11372
5250.0 5750.0 0.06340
5350.0 5750.0 0.01946
5450.0 5750.0 -0.02021
5550.0 5750.0 -0.05178
5650.0 5750.0 -0.06783
5750.0 5750.0 -0.06812
5850.0 5750.0 -0.05811
5950.0 5750.0 -0.04670
6050.0 5750.0 -0.04341
6150.0 5750.0 -0.05513
6250.0 5750.0 -0.08221
6350.0 5750.0 -0.11367
50.0 5850.0 -0.23302
150.0 5850.0 -0.24211
250.0 5850.0 -0.26059
350.0 5850.0 -0.27706
450.0 5850.0 -0.27386
550.0 5850.0 -0.23926
650.0 5850.0 -0.17356
750.0 5850.0 -0.08886
850.0 5850.0 -0.00266
950.0 5850.0 0.07488
1050.0 5850.0 0.15094
1150.0 5850.0 0.22000
1250.0 5850.0 0.25877
1350.0 5850.0 0.24748
1450.0 5850.0 0.18283
1550.0 5850.0 0.08165
1650.0 5850.0 -0.02490
1750.0 5850.0 -0.10653
1850.0 5850.0 -0.15822
1950.0 5850.0 -0.18144
2050.0 5850.0 -0.13201
2150.0 5850.0 -0.00192
2250.0 5850.0 0.18218
2350.0 5850.0 0.37539
2450.0 5850.0 0.53019
2550.0 5850.0 0.61155
2650.0 5850.0 0.61122
2750.0 5850.0 0.56077
2850.0 5850.0 0.48058
2950.0 5850.0 0.34616
3050.0 5850.0 0.17389
3150.0 5850.0 0.00225
3250.0 5850.0 -0.13091
3350.0 5850.0 -0.20294
3450.0 5850.0 -0.21266
3550.0 5850.0 -0.17850
3650.0 5850.0 -0.12782
3750.0 5850.0 -0.06696
3850.0 5850.0 0.01110
3950.0 5850.0 0.09944
4050.0 5850.0 0.18503
4150.0 5850.0 0.25609
4250.0 5850.0 0.30647
4350.0 5850.0 0.33724
4450.0 5850.0 0.35541
4550.0 5850.0 0.36945
4650.0 5850.0 0.37622
4750.0 5850.0 0.36264
4850.0 5850.0 0.32031
4950.0 5850.0 0.24995
5050.0 5850.0 0.16197
5150.0 5850.0 0.07364
5250.0 5850.0 0.00274
5350.0 5850.0 -0.04214
5450.0 5850.0 -0.07192
5550.0 5850.0 -0.08598
5650.0 5850.0 -0.07377
5750.0 5850.0 -0.03961
5850.0 5850.0 0.00346
5950.0 5850.0 0.03967
6050.0 5850.0 0.05576
6150.0 5850.0 0.04521
6250.0 5850.0 0.01165
6350.0 5850.0 -0.02918
50.0 5950.0 -0.28424
150.0 5950.0 -0.24909
250.0 5950.0 -0.22021
350.0 5950.0 -0.19654
450.0 5950.0 -0.17325
550.0 5950.0 -0.14518
650.0 5950.0 -0.10913
750.0 5950.0 -0.06479
850.0 5950.0 -0.01453
950.0 5950.0 0.03810
1050.0 5950.0 0.09282
1150.0 5950.0 0.14549
1250.0 5950.0 0.17747
1350.0 5950.0 0.17098
1450.0 5950.0 0.12092
1550.0 5950.0 0.03863
1650.0 5950.0 -0.05199
1750.0 5950.0 -0.12641
1850.0 5950.0 -0.17892
1950.0 5950.0 -0.20582
2050.0 5950.0 -0.16421
2150.0 5950.0 -0.04505
2250.0 5950.0 0.12802
2350.0 5950.0 0.31309
2450.0 5950.0 0.46454
2550.0 5950.0 0.54746
2650.0 5950.0 0.55224
2750.0 5950.0 0.50823
2850.0 5950.0 0.43212
2950.0 5950.0 0.29753
3050.0 5950.0 0.12470
3150.0 5950.0 -0.04254
3250.0 5950.0 -0.16274
3350.0 5950.0 -0.21296
3450.0 5950.0 -0.19496
3550.0 5950.0 -0.13152
3650.0 5950.0 -0.05276
3750.0 5950.0 0.02347
3850.0 5950.0 0.08872
3950.0 5950.0 0.13718
4050.0 5950.0 0.16814
4150.0 5950.0 0.18695
4250.0 5950.0 0.20358
4350.0 5950.0 0.22910
4450.0 5950.0 0.26989
4550.0 5950.0 0.31990
4650.0 5950.0 0.35986
4750.0 5950.0 0.36884
4850.0 5950.0 0.33326
4950.0 5950.0 0.25351
5050.0 5950.0 0.14530
5150.0 5950.0 0.03537
5250.0 5950.0 -0.04828
5350.0 5950.0 -0.09178
5450.0 5950.0 -0.11190
5550.0 5950.0 -0.10934
5650.0 5950.0 -0.07081
5750.0 5950.0 -0.00495
5850.0 5950.0 0.06807
5950.0 5950.0 0.12626
6050.0 5950.0 0.15313
6150.0 5950.0 0.14277
6250.0 5950.0 0.10264
6350.0 5950.0 0.05282
50.0 6050.0 -0.26663
150.0 6050.0 -0.19767
250.0 6050.0 -0.13593
350.0 6050.0 -0.08937
450.0 6050.0 -0.06217
550.0 6050.0 -0.05214
650.0 6050.0 -0.05080
750.0 6050.0 -0.04605
850.0 6050.0 -0.02759
950.0 6050.0 0.00504
1050.0 6050.0 0.04366
1150.0 6050.0 0.08634
1250.0 6050.0 0.11845
1350.0 6050.0 0.12311
1450.0 6050.0 0.09238
1550.0 6050.0 0.03180
1650.0 6050.0 -0.04167
1750.0 6050.0 -0.10841
1850.0 6050.0 -0.16133
1950.0 6050.0 -0.19367
2050.0 6050.0 -0.16872
2150.0 6050.0 -0.07765
2250.0 6050.0 0.06095
2350.0 6050.0 0.21245
2450.0 6050.0 0.33796
2550.0 6050.0 0.40680
2650.0 6050.0 0.40935
2750.0 6050.0 0.36983
2850.0 6050.0 0.29953
2950.0 6050.0 0.17440
3050.0 6050.0 0.01817
3150.0 6050.0 -0.12369
3250.0 6050.0 -0.21112
3350.0 6050.0 -0.22533
3450.0 6050.0 -0.17362
3550.0 6050.0 -0.08276
3650.0 6050.0 0.01820
3750.0 6050.0 0.10454
3850.0 6050.0 0.15364
3950.0 6050.0 0.16044
4050.0 6050.0 0.13552
4150.0 6050.0 0.10013
4250.0 6050.0 0.07945
4350.0 6050.0 0.09415
4450.0 6050.0 0.15029
4550.0 6050.0 0.22839
4650.0 6050.0 0.29684
4750.0 6050.0 0.33105
4850.0 6050.0 0.31322
4950.0 6050.0 0.24147
5050.0 6050.0 0.13268
5150.0 6050.0 0.01806
5250.0 6050.0 -0.06834
5350.0 6050.0 -0.10850
5450.0 6050.0 -0.12112
5550.0 6050.0 -0.10734
5650.0 6050.0 -0.05298
5750.0 6050.0 0.03010
5850.0 6050.0 0.11747
5950.0 6050.0 0.18403
6050.0 6050.0 0.21245
6150.0 6050.0 0.19832
6250.0 6050.0 0.15194
6350.0 6050.0 0.09528
50.0 6150.0 -0.18011
150.0 6150.0 -0.09279
250.0 6150.0 -0.01725
350.0 6150.0 0.03233
450.0 6150.0 0.04784
550.0 6150.0 0.03235
650.0 6150.0 0.00034
750.0 6150.0 -0.02693
850.0 6150.0 -0.03094
950.0 6150.0 -0.01032
1050.0 6150.0 0.01975
1150.0 6150.0 0.05962
1250.0 6150.0 0.09740
1350.0 6150.0 0.11597
1450.0 6150.0 0.10438
1550.0 6150.0 0.06326
1650.0 6150.0 0.00436
1750.0 6150.0 -0.05591
1850.0 6150.0 -0.10883
1950.0 6150.0 -0.14695
2050.0 6150.0 -0.14257
2150.0 6150.0 -0.08810
2250.0 6150.0 0.00368
2350.0 6150.0 0.10740
2450.0 6150.0 0.19363
2550.0 6150.0 0.23831
2650.0 6150.0 0.23306
2750.0 6150.0 0.19551
2850.0 6150.0 0.13077
2950.0 6150.0 0.01923
3050.0 6150.0 -0.11296
3150.0 6150.0 -0.22159
3250.0 6150.0 -0.27094
3350.0 6150.0 -0.24843
3450.0 6150.0 -0.16720
3550.0 6150.0 -0.05686
3650.0 6150.0 0.05695
3750.0 6150.0 0.14784
3850.0 6150.0 0.18386
3950.0 6150.0 0.16031
4050.0 6150.0 0.09525
4150.0 6150.0 0.02058
4250.0 6150.0 -0.02826
4350.0 6150.0 -0.02397
4450.0 6150.0 0.03941
4550.0 6150.0 0.13354
4650.0 6150.0 0.22088
4750.0 6150.0 0.27738
4850.0 6150.0 0.28272
4950.0 6150.0 0.23159
5050.0 6150.0 0.13841
5150.0 6150.0 0.03389
5250.0 6150.0 -0.04653
5350.0 6150.0 -0.08241
5450.0 6150.0 -0.09090
5550.0 6150.0 -0.07397
5650.0 6150.0 -0.01938
5750.0 6150.0 0.05958
5850.0 6150.0 0.13841
5950.0 6150.0 0.19346
6050.0 6150.0 0.21006
6150.0 6150.0 0.18658
6250.0 6150.0 0.13460
6350.0 6150.0 0.07428
50.0 6250.0 -0.04661
150.0 6250.0 0.04474
250.0 6250.0 0.11769
350.0 6250.0 0.15480
450.0 6250.0 0.14845
550.0 6250.0 0.10538
650.0 6250.0 0.04576
750.0 6250.0 -0.00326
850.0 6250.0 -0.01949
950.0 6250.0 -0.00314
1050.0 6250.0 0.02525
1150.0 6250.0 0.06781
1250.0 6250.0 0.11397
1350.0 6250.0 0.14566
1450.0 6250.0 0.14934
1550.0 6250.0 0.12236
1650.0 6250.0 0.07344
1750.0 6250.0 0.01753
1850.0 6250.0 -0.03510
1950.0 6250.0 -0.07817
2050.0 6250.0 -0.09334
2150.0 6250.0 -0.07472
2250.0 6250.0 -0.02985
2350.0 6250.0 0.02489
2450.0 6250.0 0.06964
2550.0 6250.0 0.08755
2650.0 6250.0 0.07199
2750.0 6250.0 0.03427
2850.0 6250.0 -0.02657
2950.0 6250.0 -0.12582
3050.0 6250.0 -0.23621
3150.0 6250.0 -0.31611
3250.0 6250.0 -0.33474
3350.0 6250.0 -0.28512
3450.0 6250.0 -0.18491
3550.0 6250.0 -0.06507
3650.0 6250.0 0.05264
3750.0 6250.0 0.14407
3850.0 6250.0 0.17392
3950.0 6250.0 0.13757
4050.0 6250.0 0.05585
4150.0 6250.0 -0.03529
4250.0 6250.0 -0.09648
4350.0 6250.0 -0.09784
4450.0 6250.0 -0.03333
4550.0 6250.0 0.06543
4650.0 6250.0 0.16143
4750.0 6250.0 0.23404
4850.0 6250.0 0.26204
4950.0 6250.0 0.23653
5050.0 6250.0 0.16740
5150.0 6250.0 0.08145
5250.0 6250.0 0.01201
5350.0 6250.0 -0.01974
5450.0 6250.0 -0.02730
5550.0 6250.0 -0.01474
5650.0 6250.0 0.02563
5750.0 6250.0 0.08078
5850.0 6250.0 0.12999
5950.0 6250.0 0.15533
6050.0 6250.0 0.14790
6150.0 6250.0 0.11002
6250.0 6250.0 0.05314
6350.0 6250.0 -0.00791
50.0 6350.0 0.10489
150.0 6350.0 0.19463
250.0 6350.0 0.25881
350.0 6350.0 0.27791
450.0 6350.0 0.24632
550.0 6350.0 0.17531
650.0 6350.0 0.09046
750.0 6350.0 0.02347
850.0 6350.0 -0.00149
950.0 6350.0 0.01295
1050.0 6350.0 0.04149
1150.0 6350.0 0.08757
1250.0 6350.0 0.14153
1350.0 6350.0 0.18447
1450.0 6350.0 0.20082
1550.0 6350.0 0.18543
1650.0 6350.0 0.14483
1750.0 6350.0 0.09300
1850.0 6350.0 0.04142
1950.0 6350.0 -0.00541
2050.0 6350.0 -0.03812
2150.0 6350.0 -0.05264
2250.0 6350.0 -0.05177
2350.0 6350.0 -0.04348
2450.0 6350.0 -0.03842
2550.0 6350.0 -0.04644
2650.0 6350.0 -0.07219
2750.0 6350.0 -0.11033
2850.0 6350.0 -0.16776
2950.0 6350.0 -0.25611
3050.0 6350.0 -0.34772
3150.0 6350.0 -0.40385
3250.0 6350.0 -0.39826
3350.0 6350.0 -0.32863
3450.0 6350.0 -0.21592
3550.0 6350.0 -0.09156
3650.0 6350.0 0.02622
3750.0 6350.0 0.11678
3850.0 6350.0 0.14436
3950.0 6350.0 0.10437
4050.0 6350.0 0.01821
4150.0 6350.0 -0.07734
4250.0 6350.0 -0.14207
4350.0 6350.0 -0.14557
4450.0 6350.0 -0.08180
4550.0 6350.0 0.01710
4650.0 6350.0 0.11753
4750.0 6350.0 0.20322
4850.0 6350.0 0.25264
4950.0 6350.0 0.25335
5050.0 6350.0 0.21013
5150.0 6350.0 0.14475
5250.0 6350.0 0.08732
5350.0 6350.0 0.05912
5450.0 6350.0 0.05087
5550.0 6350.0 0.05546
5650.0 6350.0 0.07491
5750.0 6350.0 0.09730
5850.0 6350.0 0.10758
5950.0 6350.0 0.09544
6050.0 6350.0 0.05914
6150.0 6350.0 0.00528
6250.0 6350.0 -0.05560
6350.0 6350.0 -0.11554
