50.0 50.0 0.00000
150.0 50.0 0.10413
250.0 50.0 0.13137
350.0 50.0 0.07481
450.0 50.0 -0.01464
550.0 50.0 -0.06333
650.0 50.0 -0.02635
750.0 50.0 0.05298
850.0 50.0 0.09966
950.0 50.0 0.08919
1050.0 50.0 0.03641
1150.0 50.0 -0.01536
1250.0 50.0 -0.02243
1350.0 50.0 0.01373
1450.0 50.0 0.03386
1550.0 50.0 0.01435
1650.0 50.0 -0.02594
1750.0 50.0 -0.05375
1850.0 50.0 -0.04433
1950.0 50.0 0.00081
2050.0 50.0 0.07159
2150.0 50.0 0.17936
2250.0 50.0 0.25901
2350.0 50.0 0.25017
2450.0 50.0 0.15680
2550.0 50.0 0.03592
2650.0 50.0 -0.07197
2750.0 50.0 -0.11935
2850.0 50.0 -0.08116
2950.0 50.0 0.00382
3050.0 50.0 0.06585
3150.0 50.0 0.04949
3250.0 50.0 -0.03080
3350.0 50.0 -0.09898
3450.0 50.0 -0.11567
3550.0 50.0 -0.07745
3650.0 50.0 -0.01698
3750.0 50.0 0.01629
3850.0 50.0 -0.00095
3950.0 50.0 -0.01429
4050.0 50.0 0.02729
4150.0 50.0 0.09367
4250.0 50.0 0.13078
4350.0 50.0 0.10633
4450.0 50.0 0.02819
4550.0 50.0 -0.05753
4650.0 50.0 -0.06517
4750.0 50.0 0.01310
4850.0 50.0 0.10876
4950.0 50.0 0.14318
5050.0 50.0 0.07836
5150.0 50.0 -0.04848
5250.0 50.0 -0.12860
5350.0 50.0 -0.10248
5450.0 50.0 -0.00351
5550.0 50.0 0.08601
5650.0 50.0 0.08899
5750.0 50.0 -0.00531
5850.0 50.0 -0.09570
5950.0 50.0 -0.09138
6050.0 50.0 -0.00625
6150.0 50.0 0.08678
6250.0 50.0 0.10998
6350.0 50.0 0.03346
50.0 150.0 -0.17155
150.0 150.0 -0.06681
250.0 150.0 -0.00639
350.0 150.0 0.00013
450.0 150.0 -0.02088
550.0 150.0 -0.02376
650.0 150.0 0.02384
750.0 150.0 0.09583
850.0 150.0 0.12386
950.0 150.0 0.08177
1050.0 150.0 -0.00630
1150.0 150.0 -0.08545
1250.0 150.0 -0.10566
1350.0 150.0 -0.07256
1450.0 150.0 -0.04082
1550.0 150.0 -0.02049
1650.0 150.0 -0.00287
1750.0 150.0 0.02286
1850.0 150.0 0.06180
1950.0 150.0 0.11050
2050.0 150.0 0.17813
2150.0 150.0 0.28115
2250.0 150.0 0.35528
2350.0 150.0 0.34168
2450.0 150.0 0.24531
2550.0 150.0 0.12299
2650.0 150.0 0.01197
2750.0 150.0 -0.05855
2850.0 150.0 -0.06748
2950.0 150.0 -0.03728
3050.0 150.0 -0.01654
3150.0 150.0 -0.04843
3250.0 150.0 -0.12625
3350.0 150.0 -0.18853
3450.0 150.0 -0.19736
3550.0 150.0 -0.15269
3650.0 150.0 -0.08971
3750.0 150.0 -0.05759
3850.0 150.0 -0.07735
3950.0 150.0 -0.08653
4050.0 150.0 -0.01462
4150.0 150.0 0.10695
4250.0 150.0 0.20512
4350.0 150.0 0.22463
4450.0 150.0 0.16226
4550.0 150.0 0.07655
4650.0 150.0 0.04680
4750.0 150.0 0.07592
4850.0 150.0 0.11229
4950.0 150.0 0.10069
5050.0 150.0 0.01786
5150.0 150.0 -0.10672
5250.0 150.0 -0.17335
5350.0 150.0 -0.11491
5450.0 150.0 0.02845
5550.0 150.0 0.15955
5650.0 150.0 0.18813
5750.0 150.0 0.10233
5850.0 150.0 0.01384
5950.0 150.0 0.01044
6050.0 150.0 0.08014
6150.0 150.0 0.15763
6250.0 150.0 0.17283
6350.0 150.0 0.09835
50.0 250.0 -0.33802
150.0 250.0 -0.25905
250.0 250.0 -0.17706
350.0 250.0 -0.10427
450.0 250.0 -0.04940
550.0 250.0 -0.00816
650.0 250.0 0.03215
750.0 250.0 0.07247
850.0 250.0 0.07631
950.0 250.0 0.02696
1050.0 250.0 -0.05235
1150.0 250.0 -0.11851
1250.0 250.0 -0.13654
1350.0 250.0 -0.11408
1450.0 250.0 -0.08532
1550.0 250.0 -0.04940
1650.0 250.0 -0.00465
1750.0 250.0 0.04485
1850.0 250.0 0.09149
1950.0 250.0 0.13085
2050.0 250.0 0.18511
2150.0 250.0 0.27639
2250.0 250.0 0.34348
2350.0 250.0 0.32800
2450.0 250.0 0.23166
2550.0 250.0 0.10698
2650.0 250.0 -0.00952
2750.0 250.0 -0.09164
2850.0 250.0 -0.11199
2950.0 250.0 -0.08225
3050.0 250.0 -0.04804
3150.0 250.0 -0.05915
3250.0 250.0 -0.11647
3350.0 250.0 -0.15858
3450.0 250.0 -0.15605
3550.0 250.0 -0.11885
3650.0 250.0 -0.08009
3750.0 250.0 -0.07466
3850.0 250.0 -0.11100
3950.0 250.0 -0.12779
4050.0 250.0 -0.03896
4150.0 250.0 0.13014
4250.0 250.0 0.29244
4350.0 250.0 0.36696
4450.0 250.0 0.33172
4550.0 250.0 0.25463
4650.0 250.0 0.20585
4750.0 250.0 0.18393
4850.0 250.0 0.15972
4950.0 250.0 0.10640
5050.0 250.0 0.01671
5150.0 250.0 -0.09116
5250.0 250.0 -0.14208
5350.0 250.0 -0.07264
5450.0 250.0 0.08061
5550.0 250.0 0.22490
5650.0 250.0 0.27209
5750.0 250.0 0.20888
5850.0 250.0 0.13221
5950.0 250.0 0.10058
6050.0 250.0 0.11035
6150.0 250.0 0.12837
6250.0 250.0 0.11597
6350.0 250.0 0.05557
50.0 350.0 -0.40669
150.0 350.0 -0.38027
250.0 350.0 -0.30132
350.0 350.0 -0.18369
450.0 350.0 -0.07216
550.0 350.0 -0.00640
650.0 350.0 0.00445
750.0 350.0 -0.00893
850.0 350.0 -0.03232
950.0 350.0 -0.06248
1050.0 350.0 -0.08768
1150.0 350.0 -0.09987
1250.0 350.0 -0.09985
1350.0 350.0 -0.09479
1450.0 350.0 -0.08428
1550.0 350.0 -0.06082
1650.0 350.0 -0.02552
1750.0 350.0 0.01269
1850.0 350.0 0.04260
1950.0 350.0 0.06004
2050.0 350.0 0.09232
2150.0 350.0 0.16886
2250.0 350.0 0.23329
2350.0 350.0 0.22466
2450.0 350.0 0.13533
2550.0 350.0 0.00881
2650.0 350.0 -0.11544
2750.0 350.0 -0.20031
2850.0 350.0 -0.20311
2950.0 350.0 -0.12875
3050.0 350.0 -0.03476
3150.0 350.0 0.00639
3250.0 350.0 -0.01412
3350.0 350.0 -0.02168
3450.0 350.0 -0.00036
3550.0 350.0 0.02274
3650.0 350.0 0.01853
3750.0 350.0 -0.02280
3850.0 350.0 -0.08792
3950.0 350.0 -0.12684
4050.0 350.0 -0.05159
4150.0 350.0 0.12702
4250.0 350.0 0.32347
4350.0 350.0 0.44060
4450.0 350.0 0.43578
4550.0 350.0 0.37606
4650.0 350.0 0.32140
4750.0 350.0 0.26877
4850.0 350.0 0.20951
4950.0 350.0 0.13973
5050.0 350.0 0.06273
5150.0 350.0 -0.01464
5250.0 350.0 -0.05154
5350.0 350.0 -0.00126
5450.0 350.0 0.11530
5550.0 350.0 0.23303
5650.0 350.0 0.28460
5750.0 350.0 0.25537
5850.0 350.0 0.20231
5950.0 350.0 0.13660
6050.0 350.0 0.06757
6150.0 350.0 0.00881
6250.0 350.0 -0.03366
6350.0 350.0 -0.06431
50.0 450.0 -0.33144
150.0 450.0 -0.36580
250.0 450.0 -0.31324
350.0 450.0 -0.18765
450.0 450.0 -0.05830
550.0 450.0 0.00400
650.0 450.0 -0.02633
750.0 450.0 -0.09692
850.0 450.0 -0.14532
950.0 450.0 -0.14601
1050.0 450.0 -0.10238
1150.0 450.0 -0.04797
1250.0 450.0 -0.02462
1350.0 450.0 -0.03790
1450.0 450.0 -0.05088
1550.0 450.0 -0.05276
1650.0 450.0 -0.04473
1750.0 450.0 -0.03454
1850.0 450.0 -0.03166
1950.0 450.0 -0.03943
2050.0 450.0 -0.02960
2150.0 450.0 0.03634
2250.0 450.0 0.10672
2350.0 450.0 0.11475
2450.0 450.0 0.03937
2550.0 450.0 -0.08706
2650.0 450.0 -0.21960
2750.0 450.0 -0.30800
2850.0 450.0 -0.29330
2950.0 450.0 -0.17278
3050.0 450.0 -0.01611
3150.0 450.0 0.08035
3250.0 450.0 0.09920
3350.0 450.0 0.13051
3450.0 450.0 0.17764
3550.0 450.0 0.19381
3650.0 450.0 0.15117
3750.0 450.0 0.06412
3850.0 450.0 -0.03096
3950.0 450.0 -0.09968
4050.0 450.0 -0.06814
4150.0 450.0 0.07113
4250.0 450.0 0.25181
4350.0 450.0 0.37875
4450.0 450.0 0.39521
4550.0 450.0 0.35559
4650.0 450.0 0.31144
4750.0 450.0 0.26170
4850.0 450.0 0.20822
4950.0 450.0 0.15538
5050.0 450.0 0.10719
5150.0 450.0 0.06351
5250.0 450.0 0.03524
5350.0 450.0 0.04658
5450.0 450.0 0.09797
5550.0 450.0 0.16345
5650.0 450.0 0.20631
5750.0 450.0 0.21094
5850.0 450.0 0.18723
5950.0 450.0 0.10407
6050.0 450.0 -0.01727
6150.0 450.0 -0.12463
6250.0 450.0 -0.17654
6350.0 450.0 -0.16837
50.0 550.0 -0.16994
150.0 550.0 -0.24919
250.0 550.0 -0.22840
350.0 550.0 -0.12054
450.0 550.0 -0.00368
550.0 550.0 0.03896
650.0 550.0 -0.02559
750.0 550.0 -0.13617
850.0 550.0 -0.20377
950.0 550.0 -0.18798
1050.0 550.0 -0.10146
1150.0 550.0 -0.00477
1250.0 550.0 0.03299
1350.0 550.0 0.00684
1450.0 550.0 -0.02128
1550.0 550.0 -0.03721
1650.0 550.0 -0.04305
1750.0 550.0 -0.04761
1850.0 550.0 -0.06080
1950.0 550.0 -0.08556
2050.0 550.0 -0.09030
2150.0 550.0 -0.02680
2250.0 550.0 0.05616
2350.0 550.0 0.08474
2450.0 550.0 0.02521
2550.0 550.0 -0.09918
2650.0 550.0 -0.23849
2750.0 550.0 -0.34011
2850.0 550.0 -0.33646
2950.0 550.0 -0.21217
3050.0 550.0 -0.03471
3150.0 550.0 0.08998
3250.0 550.0 0.13536
3350.0 550.0 0.19687
3450.0 550.0 0.27143
3550.0 550.0 0.29626
3650.0 550.0 0.23940
3750.0 550.0 0.12768
3850.0 550.0 0.01312
3950.0 550.0 -0.08083
4050.0 550.0 -0.10119
4150.0 550.0 -0.02580
4250.0 550.0 0.10533
4350.0 550.0 0.21268
4450.0 550.0 0.23563
4550.0 550.0 0.21095
4650.0 550.0 0.18513
4750.0 550.0 0.16086
4850.0 550.0 0.13982
4950.0 550.0 0.12145
5050.0 550.0 0.10330
5150.0 550.0 0.08374
5250.0 550.0 0.05896
5350.0 550.0 0.03598
5450.0 550.0 0.03186
5550.0 550.0 0.05165
5650.0 550.0 0.08316
5750.0 550.0 0.11034
5850.0 550.0 0.11164
5950.0 550.0 0.03787
6050.0 550.0 -0.08367
6150.0 550.0 -0.18686
6250.0 550.0 -0.21958
6350.0 550.0 -0.17654
50.0 650.0 -0.03214
150.0 650.0 -0.12725
250.0 650.0 -0.12298
350.0 650.0 -0.03153
450.0 650.0 0.06990
550.0 650.0 0.09824
650.0 650.0 0.01996
750.0 650.0 -0.10441
850.0 650.0 -0.18561
950.0 650.0 -0.18047
1050.0 650.0 -0.09962
1150.0 650.0 -0.00505
1250.0 650.0 0.03019
1350.0 650.0 -0.00066
1450.0 650.0 -0.02778
1550.0 650.0 -0.03042
1650.0 650.0 -0.01524
1750.0 650.0 -0.00087
1850.0 650.0 -0.00568
1950.0 650.0 -0.03335
2050.0 650.0 -0.04176
2150.0 650.0 0.02620
2250.0 650.0 0.12224
2350.0 650.0 0.16707
2450.0 650.0 0.11930
2550.0 650.0 -0.00232
2650.0 650.0 -0.14585
2750.0 650.0 -0.27281
2850.0 650.0 -0.31806
2950.0 650.0 -0.24777
3050.0 650.0 -0.10794
3150.0 650.0 0.00610
3250.0 650.0 0.05857
3350.0 650.0 0.13462
3450.0 650.0 0.23199
3550.0 650.0 0.27932
3650.0 650.0 0.23599
3750.0 650.0 0.12655
3850.0 650.0 0.00758
3950.0 650.0 -0.09815
4050.0 650.0 -0.15236
4150.0 650.0 -0.12651
4250.0 650.0 -0.04186
4350.0 650.0 0.03838
4450.0 650.0 0.05694
4550.0 650.0 0.03774
4650.0 650.0 0.02489
4750.0 650.0 0.02382
4850.0 650.0 0.03141
4950.0 650.0 0.03868
5050.0 650.0 0.03668
5150.0 650.0 0.02552
5250.0 650.0 0.00257
5350.0 650.0 -0.02961
5450.0 650.0 -0.04905
5550.0 650.0 -0.04159
5650.0 650.0 -0.01234
5750.0 650.0 0.02246
5850.0 650.0 0.03752
5950.0 650.0 -0.00722
6050.0 650.0 -0.08517
6150.0 650.0 -0.14119
6250.0 650.0 -0.13659
6350.0 650.0 -0.07259
50.0 750.0 0.05399
150.0 750.0 -0.04038
250.0 750.0 -0.03964
350.0 750.0 0.04410
450.0 750.0 0.13676
550.0 750.0 0.15909
650.0 750.0 0.07946
750.0 750.0 -0.04481
850.0 750.0 -0.13460
950.0 750.0 -0.15014
1050.0 750.0 -0.09607
1150.0 750.0 -0.02435
1250.0 750.0 -0.00052
1350.0 750.0 -0.03338
1450.0 750.0 -0.05228
1550.0 750.0 -0.02756
1650.0 750.0 0.02727
1750.0 750.0 0.07841
1850.0 750.0 0.09412
1950.0 750.0 0.06937
2050.0 750.0 0.06100
2150.0 750.0 0.13460
2250.0 750.0 0.24209
2350.0 750.0 0.30029
2450.0 750.0 0.26264
2550.0 750.0 0.14497
2650.0 750.0 -0.00058
2750.0 750.0 -0.15648
2850.0 750.0 -0.26531
2950.0 750.0 -0.27319
3050.0 750.0 -0.19660
3150.0 750.0 -0.11106
3250.0 750.0 -0.06101
3350.0 750.0 0.02026
3450.0 750.0 0.13348
3550.0 750.0 0.20360
3650.0 750.0 0.18164
3750.0 750.0 0.08463
3850.0 750.0 -0.03165
3950.0 750.0 -0.14086
4050.0 750.0 -0.21306
4150.0 750.0 -0.21764
4250.0 750.0 -0.16466
4350.0 750.0 -0.10538
4450.0 750.0 -0.09243
4550.0 750.0 -0.10984
4650.0 750.0 -0.11559
4750.0 750.0 -0.10291
4850.0 750.0 -0.07878
4950.0 750.0 -0.05783
5050.0 750.0 -0.05281
5150.0 750.0 -0.06184
5250.0 750.0 -0.08215
5350.0 750.0 -0.11012
5450.0 750.0 -0.12490
5550.0 750.0 -0.11376
5650.0 750.0 -0.08257
5750.0 750.0 -0.04714
5850.0 750.0 -0.02398
5950.0 750.0 -0.03248
6050.0 750.0 -0.04955
6150.0 750.0 -0.04142
6250.0 750.0 0.00717
6350.0 750.0 0.08538
50.0 850.0 0.05497
150.0 850.0 -0.01987
250.0 850.0 -0.01269
350.0 850.0 0.06247
450.0 850.0 0.13981
550.0 850.0 0.15304
650.0 850.0 0.07904
750.0 850.0 -0.03073
850.0 850.0 -0.10086
950.0 850.0 -0.09879
1050.0 850.0 -0.03962
1150.0 850.0 0.02299
1250.0 850.0 0.03169
1350.0 850.0 -0.01425
1450.0 850.0 -0.03590
1550.0 850.0 0.00635
1650.0 850.0 0.09176
1750.0 850.0 0.17043
1850.0 850.0 0.19646
1950.0 850.0 0.16339
2050.0 850.0 0.14291
2150.0 850.0 0.21126
2250.0 850.0 0.32761
2350.0 850.0 0.40781
2450.0 850.0 0.39491
2550.0 850.0 0.29308
2650.0 850.0 0.15489
2750.0 850.0 -0.01193
2850.0 850.0 -0.15883
2950.0 850.0 -0.22129
3050.0 850.0 -0.19416
3150.0 850.0 -0.13434
3250.0 850.0 -0.08971
3350.0 850.0 -0.01603
3450.0 850.0 0.08356
3550.0 850.0 0.13978
3650.0 850.0 0.10982
3750.0 850.0 0.01268
3850.0 850.0 -0.09876
3950.0 850.0 -0.20528
4050.0 850.0 -0.28438
4150.0 850.0 -0.30156
4250.0 850.0 -0.25815
4350.0 850.0 -0.19897
4450.0 850.0 -0.17647
4550.0 850.0 -0.18144
4650.0 850.0 -0.17979
4750.0 850.0 -0.16514
4850.0 850.0 -0.13985
4950.0 850.0 -0.11354
5050.0 850.0 -0.09671
5150.0 850.0 -0.09014
5250.0 850.0 -0.10244
5350.0 850.0 -0.14173
5450.0 850.0 -0.18557
5550.0 850.0 -0.20792
5650.0 850.0 -0.19782
5750.0 850.0 -0.16512
5850.0 850.0 -0.13033
5950.0 850.0 -0.09103
6050.0 850.0 -0.02707
6150.0 850.0 0.06872
6250.0 850.0 0.18050
6350.0 850.0 0.28338
50.0 950.0 -0.03508
150.0 950.0 -0.06657
250.0 950.0 -0.04151
350.0 950.0 0.02161
450.0 950.0 0.07266
550.0 950.0 0.07097
650.0 950.0 0.01086
750.0 950.0 -0.06635
850.0 950.0 -0.08378
950.0 950.0 -0.02186
1050.0 950.0 0.07475
1150.0 950.0 0.13882
1250.0 950.0 0.12415
1350.0 950.0 0.05027
1450.0 950.0 0.01025
1550.0 950.0 0.05342
1650.0 950.0 0.15218
1750.0 950.0 0.24132
1850.0 950.0 0.26145
1950.0 950.0 0.20472
2050.0 950.0 0.15532
2150.0 950.0 0.19977
2250.0 950.0 0.31417
2350.0 950.0 0.41975
2450.0 950.0 0.44524
2550.0 950.0 0.37296
2650.0 950.0 0.25494
2750.0 950.0 0.10739
2850.0 950.0 -0.02970
2950.0 950.0 -0.09802
3050.0 950.0 -0.08771
3150.0 950.0 -0.04330
3250.0 950.0 -0.00715
3350.0 950.0 0.04555
3450.0 950.0 0.10223
3550.0 950.0 0.10947
3650.0 950.0 0.04480
3750.0 950.0 -0.06241
3850.0 950.0 -0.16513
3950.0 950.0 -0.26165
4050.0 950.0 -0.33616
4150.0 950.0 -0.34750
4250.0 950.0 -0.28977
4350.0 950.0 -0.20675
4450.0 950.0 -0.15586
4550.0 950.0 -0.13461
4650.0 950.0 -0.12696
4750.0 950.0 -0.12954
4850.0 950.0 -0.12784
4950.0 950.0 -0.11068
5050.0 950.0 -0.07731
5150.0 950.0 -0.03738
5250.0 950.0 -0.03051
5350.0 950.0 -0.08948
5450.0 950.0 -0.18963
5550.0 950.0 -0.27849
5650.0 950.0 -0.31074
5750.0 950.0 -0.28330
5850.0 950.0 -0.23773
5950.0 950.0 -0.16175
6050.0 950.0 -0.03456
6150.0 950.0 0.13328
6250.0 950.0 0.30211
6350.0 950.0 0.43385
50.0 1050.0 -0.13843
150.0 1050.0 -0.11688
250.0 1050.0 -0.07069
350.0 1050.0 -0.02380
450.0 1050.0 -0.00656
550.0 1050.0 -0.02761
650.0 1050.0 -0.07102
750.0 1050.0 -0.10858
850.0 1050.0 -0.06447
950.0 1050.0 0.06409
1050.0 1050.0 0.19826
1150.0 1050.0 0.25732
1250.0 1050.0 0.21091
1350.0 1050.0 0.10237
1450.0 1050.0 0.03588
1550.0 1050.0 0.06836
1650.0 1050.0 0.16661
1750.0 1050.0 0.25288
1850.0 1050.0 0.25677
1950.0 1050.0 0.16926
2050.0 1050.0 0.08264
2150.0 1050.0 0.08936
2250.0 1050.0 0.18700
2350.0 1050.0 0.30844
2450.0 1050.0 0.37051
2550.0 1050.0 0.33114
2650.0 1050.0 0.23949
2750.0 1050.0 0.13294
2850.0 1050.0 0.04523
2950.0 1050.0 0.01527
3050.0 1050.0 0.04152
3150.0 1050.0 0.08340
3250.0 1050.0 0.11061
3350.0 1050.0 0.14086
3450.0 1050.0 0.15465
3550.0 1050.0 0.11566
3650.0 1050.0 0.02121
3750.0 1050.0 -0.09110
3850.0 1050.0 -0.18174
3950.0 1050.0 -0.26591
4050.0 1050.0 -0.33434
4150.0 1050.0 -0.33778
4250.0 1050.0 -0.26170
4350.0 1050.0 -0.14888
4450.0 1050.0 -0.06298
4550.0 1050.0 -0.01002
4650.0 1050.0 0.00032
4750.0 1050.0 -0.03334
4850.0 1050.0 -0.07261
4950.0 1050.0 -0.07628
5050.0 1050.0 -0.02685
5150.0 1050.0 0.05383
5250.0 1050.0 0.09037
5350.0 1050.0 0.02508
5450.0 1050.0 -0.11907
5550.0 1050.0 -0.26653
5650.0 1050.0 -0.33779
5750.0 1050.0 -0.31445
5850.0 1050.0 -0.26615
5950.0 1050.0 -0.19375
6050.0 1050.0 -0.07069
6150.0 1050.0 0.09982
6250.0 1050.0 0.28047
6350.0 1050.0 0.42972
50.0 1150.0 -0.17019
150.0 1150.0 -0.10630
250.0 1150.0 -0.04597
350.0 1150.0 -0.01732
450.0 1150.0 -0.03291
550.0 1150.0 -0.07344
650.0 1150.0 -0.10457
750.0 1150.0 -0.11089
850.0 1150.0 -0.02602
950.0 1150.0 0.13674
1050.0 1150.0 0.27709
1150.0 1150.0 0.31250
1250.0 1150.0 0.23153
1350.0 1150.0 0.09414
1450.0 1150.0 0.00593
1550.0 1150.0 0.02890
1650.0 1150.0 0.12550
1750.0 1150.0 0.20832
1850.0 1150.0 0.19839
1950.0 1150.0 0.08585
2050.0 1150.0 -0.03232
2150.0 1150.0 -0.06304
2250.0 1150.0 0.00919
2350.0 1150.0 0.13090
2450.0 1150.0 0.21392
2550.0 1150.0 0.19840
2650.0 1150.0 0.12868
2750.0 1150.0 0.06178
2850.0 1150.0 0.02795
2950.0 1150.0 0.04600
3050.0 1150.0 0.09882
3150.0 1150.0 0.14474
3250.0 1150.0 0.16540
3350.0 1150.0 0.18438
3450.0 1150.0 0.18386
3550.0 1150.0 0.13637
3650.0 1150.0 0.04455
3750.0 1150.0 -0.05669
3850.0 1150.0 -0.13471
3950.0 1150.0 -0.21058
4050.0 1150.0 -0.28224
4150.0 1150.0 -0.29310
4250.0 1150.0 -0.21675
4350.0 1150.0 -0.08979
4450.0 1150.0 0.02131
4550.0 1150.0 0.09964
4650.0 1150.0 0.10977
4750.0 1150.0 0.04586
4850.0 1150.0 -0.03275
4950.0 1150.0 -0.05822
5050.0 1150.0 0.00205
5150.0 1150.0 0.11575
5250.0 1150.0 0.18463
5350.0 1150.0 0.13844
5450.0 1150.0 -0.00723
5550.0 1150.0 -0.17081
5650.0 1150.0 -0.25604
5750.0 1150.0 -0.23281
5850.0 1150.0 -0.19136
5950.0 1150.0 -0.16383
6050.0 1150.0 -0.11466
6150.0 1150.0 -0.01601
6250.0 1150.0 0.12400
6350.0 1150.0 0.27194
50.0 1250.0 -0.09328
150.0 1250.0 -0.01118
250.0 1250.0 0.05070
350.0 1250.0 0.06271
450.0 1250.0 0.02328
550.0 1250.0 -0.03228
650.0 1250.0 -0.05989
750.0 1250.0 -0.05343
850.0 1250.0 0.03555
950.0 1250.0 0.18250
1050.0 1250.0 0.28726
1150.0 1250.0 0.28087
1250.0 1250.0 0.17016
1350.0 1250.0 0.01852
1450.0 1250.0 -0.07678
1550.0 1250.0 -0.04987
1650.0 1250.0 0.05778
1750.0 1250.0 0.14999
1850.0 1250.0 0.14010
1950.0 1250.0 0.01743
2050.0 1250.0 -0.11624
2150.0 1250.0 -0.16987
2250.0 1250.0 -0.11932
2350.0 1250.0 -0.00831
2450.0 1250.0 0.07674
2550.0 1250.0 0.06964
2650.0 1250.0 0.00958
2750.0 1250.0 -0.04173
2850.0 1250.0 -0.05623
2950.0 1250.0 -0.02262
3050.0 1250.0 0.03724
3150.0 1250.0 0.08277
3250.0 1250.0 0.10053
3350.0 1250.0 0.12457
3450.0 1250.0 0.14765
3550.0 1250.0 0.13900
3650.0 1250.0 0.08779
3750.0 1250.0 0.01395
3850.0 1250.0 -0.05415
3950.0 1250.0 -0.12954
4050.0 1250.0 -0.21830
4150.0 1250.0 -0.25902
4250.0 1250.0 -0.21054
4350.0 1250.0 -0.09633
4450.0 1250.0 0.02018
4550.0 1250.0 0.10985
4650.0 1250.0 0.11928
4750.0 1250.0 0.04040
4850.0 1250.0 -0.05757
4950.0 1250.0 -0.09414
5050.0 1250.0 -0.02951
5150.0 1250.0 0.09939
5250.0 1250.0 0.19341
5350.0 1250.0 0.18639
5450.0 1250.0 0.08300
5550.0 1250.0 -0.04843
5650.0 1250.0 -0.11780
5750.0 1250.0 -0.09056
5850.0 1250.0 -0.06045
5950.0 1250.0 -0.09135
6050.0 1250.0 -0.13967
6150.0 1250.0 -0.14078
6250.0 1250.0 -0.06478
6350.0 1250.0 0.06851
50.0 1350.0 0.05325
150.0 1350.0 0.13557
250.0 1350.0 0.19016
350.0 1350.0 0.18764
450.0 1350.0 0.13198
550.0 1350.0 0.06511
650.0 1350.0 0.03440
750.0 1350.0 0.03976
850.0 1350.0 0.10799
950.0 1350.0 0.20785
1050.0 1350.0 0.25355
1150.0 1350.0 0.19834
1250.0 1350.0 0.06464
1350.0 1350.0 -0.08990
1450.0 1350.0 -0.18038
1550.0 1350.0 -0.13684
1650.0 1350.0 -0.00501
1750.0 1350.0 0.10956
1850.0 1350.0 0.11199
1950.0 1350.0 -0.00920
2050.0 1350.0 -0.14567
2150.0 1350.0 -0.20819
2250.0 1350.0 -0.17123
2350.0 1350.0 -0.07343
2450.0 1350.0 0.00349
2550.0 1350.0 -0.00538
2650.0 1350.0 -0.06528
2750.0 1350.0 -0.12376
2850.0 1350.0 -0.15529
2950.0 1350.0 -0.14333
3050.0 1350.0 -0.10147
3150.0 1350.0 -0.06437
3250.0 1350.0 -0.04728
3350.0 1350.0 -0.00829
3450.0 1350.0 0.05999
3550.0 1350.0 0.11613
3650.0 1350.0 0.12541
3750.0 1350.0 0.08654
3850.0 1350.0 0.02572
3950.0 1350.0 -0.05440
4050.0 1350.0 -0.16862
4150.0 1350.0 -0.25300
4250.0 1350.0 -0.25051
4350.0 1350.0 -0.16730
4450.0 1350.0 -0.05976
4550.0 1350.0 0.03081
4650.0 1350.0 0.04088
4750.0 1350.0 -0.03795
4850.0 1350.0 -0.13614
4950.0 1350.0 -0.17274
5050.0 1350.0 -0.10759
5150.0 1350.0 0.02266
5250.0 1350.0 0.13264
5350.0 1350.0 0.16992
5450.0 1350.0 0.12820
5550.0 1350.0 0.05307
5650.0 1350.0 0.01532
5750.0 1350.0 0.04855
5850.0 1350.0 0.06835
5950.0 1350.0 -0.01136
6050.0 1350.0 -0.14197
6150.0 1350.0 -0.22949
6250.0 1350.0 -0.21208
6350.0 1350.0 -0.09673
50.0 1450.0 0.24248
150.0 1450.0 0.32593
250.0 1450.0 0.36662
350.0 1450.0 0.33141
450.0 1450.0 0.23294
550.0 1450.0 0.12893
650.0 1450.0 0.07830
750.0 1450.0 0.07234
850.0 1450.0 0.11856
950.0 1450.0 0.18630
1050.0 1450.0 0.20124
1150.0 1450.0 0.12692
1250.0 1450.0 -0.01186
1350.0 1450.0 -0.16384
1450.0 1450.0 -0.24639
1550.0 1450.0 -0.18598
1650.0 1450.0 -0.03292
1750.0 1450.0 0.09961
1850.0 1450.0 0.11136
1950.0 1450.0 -0.00852
2050.0 1450.0 -0.14913
2150.0 1450.0 -0.22838
2250.0 1450.0 -0.21592
2350.0 1450.0 -0.13903
2450.0 1450.0 -0.07078
2550.0 1450.0 -0.07553
2650.0 1450.0 -0.12685
2750.0 1450.0 -0.18126
2850.0 1450.0 -0.21830
2950.0 1450.0 -0.22079
3050.0 1450.0 -0.19562
3150.0 1450.0 -0.16903
3250.0 1450.0 -0.15498
3350.0 1450.0 -0.10831
3450.0 1450.0 -0.00788
3550.0 1450.0 0.10282
3650.0 1450.0 0.17219
3750.0 1450.0 0.17767
3850.0 1450.0 0.13780
3950.0 1450.0 0.06716
4050.0 1450.0 -0.06074
4150.0 1450.0 -0.18527
4250.0 1450.0 -0.23494
4350.0 1450.0 -0.19299
4450.0 1450.0 -0.10087
4550.0 1450.0 -0.01087
4650.0 1450.0 0.00878
4750.0 1450.0 -0.05364
4850.0 1450.0 -0.14035
4950.0 1450.0 -0.17844
5050.0 1450.0 -0.12703
5150.0 1450.0 -0.01532
5250.0 1450.0 0.08386
5350.0 1450.0 0.13246
5450.0 1450.0 0.12554
5550.0 1450.0 0.09462
5650.0 1450.0 0.08930
5750.0 1450.0 0.13344
5850.0 1450.0 0.15212
5950.0 1450.0 0.04372
6050.0 1450.0 -0.14845
6150.0 1450.0 -0.31398
6250.0 1450.0 -0.36297
6350.0 1450.0 -0.28311
50.0 1550.0 0.42702
150.0 1550.0 0.51995
250.0 1550.0 0.54930
350.0 1550.0 0.46840
450.0 1550.0 0.29745
550.0 1550.0 0.12075
650.0 1550.0 0.02292
750.0 1550.0 -0.01259
850.0 1550.0 0.01310
950.0 1550.0 0.08391
1050.0 1550.0 0.12875
1150.0 1550.0 0.09601
1250.0 1550.0 -0.01315
1350.0 1550.0 -0.15374
1450.0 1550.0 -0.22568
1550.0 1550.0 -0.15441
1650.0 1550.0 0.00549
1750.0 1550.0 0.13905
1850.0 1550.0 0.14843
1950.0 1550.0 0.02662
2050.0 1550.0 -0.12249
2150.0 1550.0 -0.23258
2250.0 1550.0 -0.26053
2350.0 1550.0 -0.21112
2450.0 1550.0 -0.14452
2550.0 1550.0 -0.12904
2650.0 1550.0 -0.15256
2750.0 1550.0 -0.17579
2850.0 1550.0 -0.18856
2950.0 1550.0 -0.18480
3050.0 1550.0 -0.16988
3150.0 1550.0 -0.15704
3250.0 1550.0 -0.15151
3350.0 1550.0 -0.11834
3450.0 1550.0 -0.02948
3550.0 1550.0 0.09176
3650.0 1550.0 0.19997
3750.0 1550.0 0.25839
3850.0 1550.0 0.26639
3950.0 1550.0 0.23700
4050.0 1550.0 0.12833
4150.0 1550.0 -0.01468
4250.0 1550.0 -0.11324
4350.0 1550.0 -0.12158
4450.0 1550.0 -0.05269
4550.0 1550.0 0.03580
4650.0 1550.0 0.08238
4750.0 1550.0 0.06528
4850.0 1550.0 0.00821
4950.0 1550.0 -0.03834
5050.0 1550.0 -0.03006
5150.0 1550.0 0.02487
5250.0 1550.0 0.06097
5350.0 1550.0 0.05486
5450.0 1550.0 0.02773
5550.0 1550.0 0.01517
5650.0 1550.0 0.04294
5750.0 1550.0 0.10816
5850.0 1550.0 0.14693
5950.0 1550.0 0.06089
6050.0 1550.0 -0.13396
6150.0 1550.0 -0.34266
6250.0 1550.0 -0.46147
6350.0 1550.0 -0.44842
50.0 1650.0 0.48525
150.0 1650.0 0.59748
250.0 1650.0 0.63946
350.0 1650.0 0.54311
450.0 1650.0 0.32182
550.0 1650.0 0.07823
650.0 1650.0 -0.07501
750.0 1650.0 -0.15171
850.0 1650.0 -0.14657
950.0 1650.0 -0.05221
1050.0 1650.0 0.05888
1150.0 1650.0 0.10460
1250.0 1650.0 0.04640
1350.0 1650.0 -0.07725
1450.0 1650.0 -0.13875
1550.0 1650.0 -0.06618
1650.0 1650.0 0.08315
1750.0 1650.0 0.19927
1850.0 1650.0 0.19442
1950.0 1650.0 0.06775
2050.0 1650.0 -0.09102
2150.0 1650.0 -0.23311
2250.0 1650.0 -0.29814
2350.0 1650.0 -0.26602
2450.0 1650.0 -0.18664
2550.0 1650.0 -0.13740
2650.0 1650.0 -0.12085
2750.0 1650.0 -0.09714
2850.0 1650.0 -0.07017
2950.0 1650.0 -0.05129
3050.0 1650.0 -0.04604
3150.0 1650.0 -0.05063
3250.0 1650.0 -0.05746
3350.0 1650.0 -0.05826
3450.0 1650.0 -0.02931
3550.0 1650.0 0.04544
3650.0 1650.0 0.15235
3750.0 1650.0 0.25412
3850.0 1650.0 0.32451
3950.0 1650.0 0.35907
4050.0 1650.0 0.30166
4150.0 1650.0 0.17256
4250.0 1650.0 0.04668
4350.0 1650.0 -0.00443
4450.0 1650.0 0.04039
4550.0 1650.0 0.12672
4650.0 1650.0 0.21034
4750.0 1650.0 0.25491
4850.0 1650.0 0.23644
4950.0 1650.0 0.17479
5050.0 1650.0 0.12009
5150.0 1650.0 0.09359
5250.0 1650.0 0.03415
5350.0 1650.0 -0.06586
5450.0 1650.0 -0.14399
5550.0 1650.0 -0.15058
5650.0 1650.0 -0.08693
5750.0 1650.0 0.00634
5850.0 1650.0 0.08330
5950.0 1650.0 0.07300
6050.0 1650.0 -0.05204
6150.0 1650.0 -0.24521
6250.0 1650.0 -0.41142
6350.0 1650.0 -0.47771
50.0 1750.0 0.37439
150.0 1750.0 0.51077
250.0 1750.0 0.59576
350.0 1750.0 0.53903
450.0 1750.0 0.32868
550.0 1750.0 0.06297
650.0 1750.0 -0.12870
750.0 1750.0 -0.24370
850.0 1750.0 -0.26069
950.0 1750.0 -0.15104
1050.0 1750.0 0.01352
1150.0 1750.0 0.12564
1250.0 1750.0 0.11183
1350.0 1750.0 0.00361
1450.0 1750.0 -0.05046
1550.0 1750.0 0.01646
1650.0 1750.0 0.14615
1750.0 1750.0 0.23694
1850.0 1750.0 0.21363
1950.0 1750.0 0.08144
2050.0 1750.0 -0.08412
2150.0 1750.0 -0.24517
2250.0 1750.0 -0.32619
2350.0 1750.0 -0.29052
2450.0 1750.0 -0.18574
2550.0 1750.0 -0.10079
2650.0 1750.0 -0.04722
2750.0 1750.0 0.01700
2850.0 1750.0 0.07422
2950.0 1750.0 0.09899
3050.0 1750.0 0.08867
3150.0 1750.0 0.06495
3250.0 1750.0 0.04616
3350.0 1750.0 0.00516
3450.0 1750.0 -0.04708
3550.0 1750.0 -0.05172
3650.0 1750.0 0.02053
3750.0 1750.0 0.14363
3850.0 1750.0 0.26843
3950.0 1750.0 0.36531
4050.0 1750.0 0.36918
4150.0 1750.0 0.27615
4250.0 1750.0 0.14928
4350.0 1750.0 0.07511
4450.0 1750.0 0.10281
4550.0 1750.0 0.18706
4650.0 1750.0 0.30366
4750.0 1750.0 0.40245
4850.0 1750.0 0.41612
4950.0 1750.0 0.33743
5050.0 1750.0 0.22287
5150.0 1750.0 0.12064
5250.0 1750.0 -0.02493
5350.0 1750.0 -0.20439
5450.0 1750.0 -0.31889
5550.0 1750.0 -0.30981
5650.0 1750.0 -0.20711
5750.0 1750.0 -0.08672
5850.0 1750.0 0.03134
5950.0 1750.0 0.11746
6050.0 1750.0 0.10100
6150.0 1750.0 -0.03187
6250.0 1750.0 -0.21104
6350.0 1750.0 -0.34149
50.0 1850.0 0.17390
150.0 1850.0 0.33072
250.0 1850.0 0.47348
350.0 1850.0 0.49669
450.0 1850.0 0.35379
550.0 1850.0 0.11789
650.0 1850.0 -0.08196
750.0 1850.0 -0.21972
850.0 1850.0 -0.26086
950.0 1850.0 -0.16742
1050.0 1850.0 -0.00285
1150.0 1850.0 0.12250
1250.0 1850.0 0.12292
1350.0 1850.0 0.02253
1450.0 1850.0 -0.02783
1550.0 1850.0 0.03420
1650.0 1850.0 0.15027
1750.0 1850.0 0.22435
1850.0 1850.0 0.18919
1950.0 1850.0 0.05360
2050.0 1850.0 -0.11381
2150.0 1850.0 -0.27582
2250.0 1850.0 -0.34904
2350.0 1850.0 -0.29330
2450.0 1850.0 -0.16152
2550.0 1850.0 -0.05212
2650.0 1850.0 0.02207
2750.0 1850.0 0.10250
2850.0 1850.0 0.16193
2950.0 1850.0 0.17163
3050.0 1850.0 0.13757
3150.0 1850.0 0.09624
3250.0 1850.0 0.06993
3350.0 1850.0 0.00152
3450.0 1850.0 -0.11018
3550.0 1850.0 -0.17865
3650.0 1850.0 -0.14317
3750.0 1850.0 -0.01745
3850.0 1850.0 0.13675
3950.0 1850.0 0.27072
4050.0 1850.0 0.31621
4150.0 1850.0 0.25484
4250.0 1850.0 0.13902
4350.0 1850.0 0.05956
4450.0 1850.0 0.07994
4550.0 1850.0 0.16289
4650.0 1850.0 0.29694
4750.0 1850.0 0.42371
4850.0 1850.0 0.45204
4950.0 1850.0 0.36058
5050.0 1850.0 0.21037
5150.0 1850.0 0.06485
5250.0 1850.0 -0.12162
5350.0 1850.0 -0.32201
5450.0 1850.0 -0.42269
5550.0 1850.0 -0.37280
5650.0 1850.0 -0.22980
5750.0 1850.0 -0.09060
5850.0 1850.0 0.05394
5950.0 1850.0 0.20878
6050.0 1850.0 0.27719
6150.0 1850.0 0.20262
6250.0 1850.0 0.03212
6350.0 1850.0 -0.13016
50.0 1950.0 -0.00238
150.0 1950.0 0.16648
250.0 1950.0 0.36105
350.0 1950.0 0.46993
450.0 1950.0 0.41513
550.0 1950.0 0.23710
650.0 1950.0 0.05266
750.0 1950.0 -0.09109
850.0 1950.0 -0.15758
950.0 1950.0 -0.11239
1050.0 1950.0 -0.00317
1150.0 1950.0 0.07994
1250.0 1950.0 0.06281
1350.0 1950.0 -0.03785
1450.0 1950.0 -0.08666
1550.0 1950.0 -0.02308
1650.0 1950.0 0.09393
1750.0 1950.0 0.16809
1850.0 1950.0 0.13255
1950.0 1950.0 -0.00334
2050.0 1950.0 -0.16887
2150.0 1950.0 -0.32011
2250.0 1950.0 -0.37308
2350.0 1950.0 -0.29355
2450.0 1950.0 -0.14283
2550.0 1950.0 -0.02431
2650.0 1950.0 0.05282
2750.0 1950.0 0.12477
2850.0 1950.0 0.15964
2950.0 1950.0 0.13594
3050.0 1950.0 0.07278
3150.0 1950.0 0.01708
3250.0 1950.0 -0.01165
3350.0 1950.0 -0.08687
3450.0 1950.0 -0.21455
3550.0 1950.0 -0.30170
3650.0 1950.0 -0.27921
3750.0 1950.0 -0.15630
3850.0 1950.0 0.00295
3950.0 1950.0 0.14442
4050.0 1950.0 0.19951
4150.0 1950.0 0.14689
4250.0 1950.0 0.03598
4350.0 1950.0 -0.04261
4450.0 1950.0 -0.02305
4550.0 1950.0 0.05948
4650.0 1950.0 0.19518
4750.0 1950.0 0.32371
4850.0 1950.0 0.35043
4950.0 1950.0 0.25295
5050.0 1950.0 0.09429
5150.0 1950.0 -0.05934
5250.0 1950.0 -0.23882
5350.0 1950.0 -0.39993
5450.0 1950.0 -0.43691
5550.0 1950.0 -0.32310
5650.0 1950.0 -0.14080
5750.0 1950.0 0.00780
5850.0 1950.0 0.15857
5950.0 1950.0 0.33188
6050.0 1950.0 0.42538
6150.0 1950.0 0.37121
6250.0 1950.0 0.20856
6350.0 1950.0 0.04203
50.0 2050.0 -0.17973
150.0 2050.0 -0.01039
250.0 2050.0 0.22557
350.0 2050.0 0.41702
450.0 2050.0 0.45703
550.0 2050.0 0.34883
650.0 2050.0 0.18927
750.0 2050.0 0.04547
850.0 2050.0 -0.04416
950.0 2050.0 -0.05217
1050.0 2050.0 -0.00961
1150.0 2050.0 0.01875
1250.0 2050.0 -0.02356
1350.0 2050.0 -0.12658
1450.0 2050.0 -0.17401
1550.0 2050.0 -0.10581
1650.0 2050.0 0.01813
1750.0 2050.0 0.09905
1850.0 2050.0 0.06769
1950.0 2050.0 -0.06703
2050.0 2050.0 -0.22870
2150.0 2050.0 -0.36288
2250.0 2050.0 -0.38731
2350.0 2050.0 -0.27798
2450.0 2050.0 -0.10719
2550.0 2050.0 0.01734
2650.0 2050.0 0.09234
2750.0 2050.0 0.14667
2850.0 2050.0 0.14607
2950.0 2050.0 0.08213
3050.0 2050.0 -0.01010
3150.0 2050.0 -0.07508
3250.0 2050.0 -0.09983
3350.0 2050.0 -0.17240
3450.0 2050.0 -0.30523
3550.0 2050.0 -0.40676
3650.0 2050.0 -0.40323
3750.0 2050.0 -0.29585
3850.0 2050.0 -0.14431
3950.0 2050.0 -0.00487
4050.0 2050.0 0.06072
4150.0 2050.0 0.02889
4250.0 2050.0 -0.06088
4350.0 2050.0 -0.12802
4450.0 2050.0 -0.11020
4550.0 2050.0 -0.03600
4650.0 2050.0 0.08535
4750.0 2050.0 0.19721
4850.0 2050.0 0.21336
4950.0 2050.0 0.11539
5050.0 2050.0 -0.03657
5150.0 2050.0 -0.18138
5250.0 2050.0 -0.33518
5350.0 2050.0 -0.43960
5450.0 2050.0 -0.40377
5550.0 2050.0 -0.22691
5650.0 2050.0 -0.01065
5750.0 2050.0 0.14429
5850.0 2050.0 0.29572
5950.0 2050.0 0.47019
6050.0 2050.0 0.56515
6150.0 2050.0 0.51225
6250.0 2050.0 0.35036
6350.0 2050.0 0.18407
50.0 2150.0 -0.37828
150.0 2150.0 -0.24598
250.0 2150.0 -0.00557
350.0 2150.0 0.24759
450.0 2150.0 0.38550
550.0 2150.0 0.36479
650.0 2150.0 0.24412
750.0 2150.0 0.10810
850.0 2150.0 0.00938
950.0 2150.0 -0.03178
1050.0 2150.0 -0.03660
1150.0 2150.0 -0.05054
1250.0 2150.0 -0.11382
1350.0 2150.0 -0.21946
1450.0 2150.0 -0.26569
1550.0 2150.0 -0.19161
1650.0 2150.0 -0.05767
1750.0 2150.0 0.03408
1850.0 2150.0 0.01044
1950.0 2150.0 -0.12104
2050.0 2150.0 -0.27539
2150.0 2150.0 -0.38259
2250.0 2150.0 -0.36410
2350.0 2150.0 -0.21177
2450.0 2150.0 -0.01353
2550.0 2150.0 0.11771
2650.0 2150.0 0.18762
2750.0 2150.0 0.21463
2850.0 2150.0 0.16750
2950.0 2150.0 0.06140
3050.0 2150.0 -0.04858
3150.0 2150.0 -0.10338
3250.0 2150.0 -0.10381
3350.0 2150.0 -0.15569
3450.0 2150.0 -0.29091
3550.0 2150.0 -0.43036
3650.0 2150.0 -0.48969
3750.0 2150.0 -0.44119
3850.0 2150.0 -0.32419
3950.0 2150.0 -0.19728
4050.0 2150.0 -0.09272
4150.0 2150.0 -0.04387
4250.0 2150.0 -0.05240
4350.0 2150.0 -0.07872
4450.0 2150.0 -0.07410
4550.0 2150.0 -0.03962
4650.0 2150.0 0.02218
4750.0 2150.0 0.07522
4850.0 2150.0 0.06706
4950.0 2150.0 -0.01145
5050.0 2150.0 -0.12100
5150.0 2150.0 -0.22397
5250.0 2150.0 -0.32770
5350.0 2150.0 -0.37449
5450.0 2150.0 -0.29177
5550.0 2150.0 -0.09043
5650.0 2150.0 0.13224
5750.0 2150.0 0.28907
5850.0 2150.0 0.44076
5950.0 2150.0 0.60744
6050.0 2150.0 0.68683
6150.0 2150.0 0.61635
6250.0 2150.0 0.44201
6350.0 2150.0 0.27195
50.0 2250.0 -0.48342
150.0 2250.0 -0.42619
250.0 2250.0 -0.23671
350.0 2250.0 0.02089
450.0 2250.0 0.21824
550.0 2250.0 0.27218
650.0 2250.0 0.19361
750.0 2250.0 0.07304
850.0 2250.0 -0.01294
950.0 2250.0 -0.04919
1050.0 2250.0 -0.05943
1150.0 2250.0 -0.08452
1250.0 2250.0 -0.15597
1350.0 2250.0 -0.26367
1450.0 2250.0 -0.31032
1550.0 2250.0 -0.23363
1650.0 2250.0 -0.09320
1750.0 2250.0 0.00721
1850.0 2250.0 -0.00888
1950.0 2250.0 -0.13592
2050.0 2250.0 -0.28265
2150.0 2250.0 -0.36763
2250.0 2250.0 -0.31673
2350.0 2250.0 -0.13438
2450.0 2250.0 0.08078
2550.0 2250.0 0.21389
2650.0 2250.0 0.27666
2750.0 2250.0 0.27475
2850.0 2250.0 0.18636
2950.0 2250.0 0.05495
3050.0 2250.0 -0.04777
3150.0 2250.0 -0.06831
3250.0 2250.0 -0.02547
3350.0 2250.0 -0.03408
3450.0 2250.0 -0.15014
3550.0 2250.0 -0.32149
3650.0 2250.0 -0.45794
3750.0 2250.0 -0.49293
3850.0 2250.0 -0.43180
3950.0 2250.0 -0.33070
4050.0 2250.0 -0.18018
4150.0 2250.0 -0.02844
4250.0 2250.0 0.06493
4350.0 2250.0 0.08308
4450.0 2250.0 0.05710
4550.0 2250.0 0.02421
4650.0 2250.0 -0.00860
4750.0 2250.0 -0.04066
4850.0 2250.0 -0.07155
4950.0 2250.0 -0.10167
5050.0 2250.0 -0.13193
5150.0 2250.0 -0.16333
5250.0 2250.0 -0.20317
5350.0 2250.0 -0.21473
5450.0 2250.0 -0.14101
5550.0 2250.0 0.02025
5650.0 2250.0 0.20777
5750.0 2250.0 0.35943
5850.0 2250.0 0.51217
5950.0 2250.0 0.66826
6050.0 2250.0 0.72563
6150.0 2250.0 0.62993
6250.0 2250.0 0.43757
6350.0 2250.0 0.26205
50.0 2350.0 -0.41974
150.0 2350.0 -0.44941
250.0 2350.0 -0.34994
350.0 2350.0 -0.14963
450.0 2350.0 0.04456
550.0 2350.0 0.13180
650.0 2350.0 0.08293
750.0 2350.0 -0.02010
850.0 2350.0 -0.07736
950.0 2350.0 -0.07527
1050.0 2350.0 -0.05060
1150.0 2350.0 -0.05461
1250.0 2350.0 -0.11984
1350.0 2350.0 -0.22845
1450.0 2350.0 -0.27775
1550.0 2350.0 -0.20497
1650.0 2350.0 -0.06722
1750.0 2350.0 0.03351
1850.0 2350.0 0.02034
1950.0 2350.0 -0.10295
2050.0 2350.0 -0.24585
2150.0 2350.0 -0.32814
2250.0 2350.0 -0.27858
2350.0 2350.0 -0.10235
2450.0 2350.0 0.10461
2550.0 2350.0 0.23132
2650.0 2350.0 0.28745
2750.0 2350.0 0.26609
2850.0 2350.0 0.15818
2950.0 2350.0 0.02950
3050.0 2350.0 -0.04168
3150.0 2350.0 -0.01516
3250.0 2350.0 0.07479
3350.0 2350.0 0.12172
3450.0 2350.0 0.05436
3550.0 2350.0 -0.11070
3650.0 2350.0 -0.29195
3750.0 2350.0 -0.39455
3850.0 2350.0 -0.38882
3950.0 2350.0 -0.32088
4050.0 2350.0 -0.14881
4150.0 2350.0 0.06595
4250.0 2350.0 0.21870
4350.0 2350.0 0.25067
4450.0 2350.0 0.18169
4550.0 2350.0 0.07786
4650.0 2350.0 -0.04741
4750.0 2350.0 -0.15274
4850.0 2350.0 -0.18702
4950.0 2350.0 -0.14913
5050.0 2350.0 -0.08785
5150.0 2350.0 -0.04296
5250.0 2350.0 -0.02784
5350.0 2350.0 -0.03953
5450.0 2350.0 -0.02827
5550.0 2350.0 0.04186
5650.0 2350.0 0.16473
5750.0 2350.0 0.30590
5850.0 2350.0 0.46137
5950.0 2350.0 0.61364
6050.0 2350.0 0.66013
6150.0 2350.0 0.55074
6250.0 2350.0 0.34815
6350.0 2350.0 0.16958
50.0 2450.0 -0.23403
150.0 2450.0 -0.32815
250.0 2450.0 -0.31367
350.0 2450.0 -0.19253
450.0 2450.0 -0.04295
550.0 2450.0 0.03777
650.0 2450.0 -0.00024
750.0 2450.0 -0.09067
850.0 2450.0 -0.12042
950.0 2450.0 -0.07507
1050.0 2450.0 -0.00570
1150.0 2450.0 0.02153
1250.0 2450.0 -0.03184
1350.0 2450.0 -0.14045
1450.0 2450.0 -0.19367
1550.0 2450.0 -0.12985
1650.0 2450.0 -0.00291
1750.0 2450.0 0.08971
1850.0 2450.0 0.07377
1950.0 2450.0 -0.04787
2050.0 2450.0 -0.19206
2150.0 2450.0 -0.29169
2250.0 2450.0 -0.27592
2350.0 2450.0 -0.13883
2450.0 2450.0 0.03842
2550.0 2450.0 0.15303
2650.0 2450.0 0.20517
2750.0 2450.0 0.17797
2850.0 2450.0 0.07288
2950.0 2450.0 -0.03408
3050.0 2450.0 -0.06758
3150.0 2450.0 -0.00151
3250.0 2450.0 0.12176
3350.0 2450.0 0.21757
3450.0 2450.0 0.21510
3550.0 2450.0 0.09885
3650.0 2450.0 -0.07219
3750.0 2450.0 -0.19805
3850.0 2450.0 -0.22610
3950.0 2450.0 -0.18755
4050.0 2450.0 -0.03180
4150.0 2450.0 0.17356
4250.0 2450.0 0.31143
4350.0 2450.0 0.31478
4450.0 2450.0 0.20419
4550.0 2450.0 0.05216
4650.0 2450.0 -0.12831
4750.0 2450.0 -0.26604
4850.0 2450.0 -0.28074
4950.0 2450.0 -0.17849
5050.0 2450.0 -0.04640
5150.0 2450.0 0.05147
5250.0 2450.0 0.09661
5350.0 2450.0 0.06202
5450.0 2450.0 -0.00188
5550.0 2450.0 -0.02404
5650.0 2450.0 0.03770
5750.0 2450.0 0.16861
5850.0 2450.0 0.32816
5950.0 2450.0 0.48796
6050.0 2450.0 0.54402
6150.0 2450.0 0.44313
6250.0 2450.0 0.24563
6350.0 2450.0 0.06871
50.0 2550.0 -0.04781
150.0 2550.0 -0.16531
250.0 2550.0 -0.19184
350.0 2550.0 -0.11990
450.0 2550.0 -0.01010
550.0 2550.0 0.05083
650.0 2550.0 0.01052
750.0 2550.0 -0.07581
850.0 2550.0 -0.09494
950.0 2550.0 -0.03178
1050.0 2550.0 0.05677
1150.0 2550.0 0.09793
1250.0 2550.0 0.05014
1350.0 2550.0 -0.05836
1450.0 2550.0 -0.11501
1550.0 2550.0 -0.06064
1650.0 2550.0 0.05345
1750.0 2550.0 0.13474
1850.0 2550.0 0.11291
1950.0 2550.0 -0.00917
2050.0 2550.0 -0.15781
2150.0 2550.0 -0.28271
2250.0 2550.0 -0.31151
2350.0 2550.0 -0.22280
2450.0 2550.0 -0.07977
2550.0 2550.0 0.02305
2650.0 2550.0 0.07426
2750.0 2550.0 0.05019
2850.0 2550.0 -0.04321
2950.0 2550.0 -0.13008
3050.0 2550.0 -0.14094
3150.0 2550.0 -0.05749
3250.0 2550.0 0.07717
3350.0 2550.0 0.20127
3450.0 2550.0 0.25696
3550.0 2550.0 0.20938
3650.0 2550.0 0.09063
3750.0 2550.0 -0.01484
3850.0 2550.0 -0.04848
3950.0 2550.0 -0.02732
4050.0 2550.0 0.08528
4150.0 2550.0 0.22329
4250.0 2550.0 0.28845
4350.0 2550.0 0.23619
4450.0 2550.0 0.09769
4550.0 2550.0 -0.06901
4650.0 2550.0 -0.25734
4750.0 2550.0 -0.38456
4850.0 2550.0 -0.36771
4950.0 2550.0 -0.22466
5050.0 2550.0 -0.06099
5150.0 2550.0 0.05446
5250.0 2550.0 0.10508
5350.0 2550.0 0.05117
5450.0 2550.0 -0.05367
5550.0 2550.0 -0.12088
5650.0 2550.0 -0.08742
5750.0 2550.0 0.03861
5850.0 2550.0 0.20242
5950.0 2550.0 0.37832
6050.0 2550.0 0.46046
6150.0 2550.0 0.38642
6250.0 2550.0 0.20694
6350.0 2550.0 0.03559
50.0 2650.0 0.10065
150.0 2650.0 -0.02023
250.0 2650.0 -0.06222
350.0 2650.0 -0.01609
450.0 2650.0 0.06705
550.0 2650.0 0.11043
650.0 2650.0 0.06549
750.0 2650.0 -0.01950
850.0 2650.0 -0.03658
950.0 2650.0 0.02922
1050.0 2650.0 0.12045
1150.0 2650.0 0.16374
1250.0 2650.0 0.11734
1350.0 2650.0 0.00969
1450.0 2650.0 -0.04970
1550.0 2650.0 -0.00508
1650.0 2650.0 0.09515
1750.0 2650.0 0.16420
1850.0 2650.0 0.13640
1950.0 2650.0 0.01475
2050.0 2650.0 -0.13658
2150.0 2650.0 -0.28280
2250.0 2650.0 -0.35103
2350.0 2650.0 -0.30645
2450.0 2650.0 -0.19567
2550.0 2650.0 -0.10486
2650.0 2650.0 -0.05530
2750.0 2650.0 -0.07590
2850.0 2650.0 -0.15931
2950.0 2650.0 -0.23321
3050.0 2650.0 -0.23367
3150.0 2650.0 -0.14622
3250.0 2650.0 -0.01205
3350.0 2650.0 0.12736
3450.0 2650.0 0.23094
3550.0 2650.0 0.25173
3650.0 2650.0 0.19585
3750.0 2650.0 0.12531
3850.0 2650.0 0.09688
3950.0 2650.0 0.10631
4050.0 2650.0 0.16964
4150.0 2650.0 0.22585
4250.0 2650.0 0.20555
4350.0 2650.0 0.09527
4450.0 2650.0 -0.06143
4550.0 2650.0 -0.22716
4650.0 2650.0 -0.40199
4750.0 2650.0 -0.50065
4850.0 2650.0 -0.44967
4950.0 2650.0 -0.27997
5050.0 2650.0 -0.10530
5150.0 2650.0 0.00991
5250.0 2650.0 0.05606
5350.0 2650.0 -0.00847
5450.0 2650.0 -0.12735
5550.0 2650.0 -0.20696
5650.0 2650.0 -0.18030
5750.0 2650.0 -0.05556
5850.0 2650.0 0.11133
5950.0 2650.0 0.30227
6050.0 2650.0 0.41053
6150.0 2650.0 0.36498
6250.0 2650.0 0.20601
6350.0 2650.0 0.04240
50.0 2750.0 0.21292
150.0 2750.0 0.08599
250.0 2750.0 0.01518
350.0 2750.0 0.01674
450.0 2750.0 0.05947
550.0 2750.0 0.08324
650.0 2750.0 0.04227
750.0 2750.0 -0.02864
850.0 2750.0 -0.02669
950.0 2750.0 0.06293
1050.0 2750.0 0.17803
1150.0 2750.0 0.24059
1250.0 2750.0 0.20729
1350.0 2750.0 0.10890
1450.0 2750.0 0.04768
1550.0 2750.0 0.07092
1650.0 2750.0 0.14132
1750.0 2750.0 0.18915
1850.0 2750.0 0.15985
1950.0 2750.0 0.05402
2050.0 2750.0 -0.07805
2150.0 2750.0 -0.21354
2250.0 2750.0 -0.29331
2350.0 2750.0 -0.28378
2450.0 2750.0 -0.21589
2550.0 2750.0 -0.15594
2650.0 2750.0 -0.12605
2750.0 2750.0 -0.15683
2850.0 2750.0 -0.23709
2950.0 2750.0 -0.30040
3050.0 2750.0 -0.29362
3150.0 2750.0 -0.21100
3250.0 2750.0 -0.09127
3350.0 2750.0 0.04908
3450.0 2750.0 0.18663
3550.0 2750.0 0.26259
3650.0 2750.0 0.25693
3750.0 2750.0 0.20857
3850.0 2750.0 0.17213
3950.0 2750.0 0.16023
4050.0 2750.0 0.18175
4150.0 2750.0 0.18408
4250.0 2750.0 0.11658
4350.0 2750.0 -0.02055
4450.0 2750.0 -0.18354
4550.0 2750.0 -0.34575
4650.0 2750.0 -0.49814
4750.0 2750.0 -0.55585
4850.0 2750.0 -0.46346
4950.0 2750.0 -0.26983
5050.0 2750.0 -0.09490
5150.0 2750.0 0.00688
5250.0 2750.0 0.03788
5350.0 2750.0 -0.03959
5450.0 2750.0 -0.16475
5550.0 2750.0 -0.24376
5650.0 2750.0 -0.21442
5750.0 2750.0 -0.08980
5850.0 2750.0 0.07214
5950.0 2750.0 0.24866
6050.0 2750.0 0.34175
6150.0 2750.0 0.29127
6250.0 2750.0 0.14113
6350.0 2750.0 -0.00514
50.0 2850.0 0.23691
150.0 2850.0 0.10210
250.0 2850.0 -0.00486
350.0 2850.0 -0.05455
450.0 2850.0 -0.05099
550.0 2850.0 -0.03625
650.0 2850.0 -0.05780
750.0 2850.0 -0.09893
850.0 2850.0 -0.06404
950.0 2850.0 0.05933
1050.0 2850.0 0.20430
1150.0 2850.0 0.29092
1250.0 2850.0 0.27795
1350.0 2850.0 0.19894
1450.0 2850.0 0.13892
1550.0 2850.0 0.13162
1650.0 2850.0 0.15994
1750.0 2850.0 0.18269
1850.0 2850.0 0.16199
1950.0 2850.0 0.09251
2050.0 2850.0 0.00879
2150.0 2850.0 -0.07009
2250.0 2850.0 -0.11736
2350.0 2850.0 -0.12235
2450.0 2850.0 -0.10486
2550.0 2850.0 -0.09793
2650.0 2850.0 -0.11053
2750.0 2850.0 -0.16682
2850.0 2850.0 -0.24807
2950.0 2850.0 -0.29803
3050.0 2850.0 -0.28325
3150.0 2850.0 -0.21445
3250.0 2850.0 -0.12666
3350.0 2850.0 -0.00683
3450.0 2850.0 0.13719
3550.0 2850.0 0.23736
3650.0 2850.0 0.25242
3750.0 2850.0 0.20221
3850.0 2850.0 0.13917
3950.0 2850.0 0.09571
4050.0 2850.0 0.09555
4150.0 2850.0 0.09787
4250.0 2850.0 0.05119
4350.0 2850.0 -0.06006
4450.0 2850.0 -0.21024
4550.0 2850.0 -0.36665
4650.0 2850.0 -0.49220
4750.0 2850.0 -0.50741
4850.0 2850.0 -0.38122
4950.0 2850.0 -0.18023
5050.0 2850.0 -0.02428
5150.0 2850.0 0.04713
5250.0 2850.0 0.05050
5350.0 2850.0 -0.04035
5450.0 2850.0 -0.15857
5550.0 2850.0 -0.21753
5650.0 2850.0 -0.17187
5750.0 2850.0 -0.04558
5850.0 2850.0 0.10211
5950.0 2850.0 0.23087
6050.0 2850.0 0.26316
6150.0 2850.0 0.17258
6250.0 2850.0 0.02147
6350.0 2850.0 -0.09362
50.0 2950.0 0.16572
150.0 2950.0 0.02512
250.0 2950.0 -0.10673
350.0 2950.0 -0.18573
450.0 2950.0 -0.19447
550.0 2950.0 -0.16611
650.0 2950.0 -0.15597
750.0 2950.0 -0.16179
850.0 2950.0 -0.09930
950.0 2950.0 0.03783
1050.0 2950.0 0.18560
1150.0 2950.0 0.27436
1250.0 2950.0 0.27386
1350.0 2950.0 0.21745
1450.0 2950.0 0.16248
1550.0 2950.0 0.12874
1650.0 2950.0 0.12120
1750.0 2950.0 0.12771
1850.0 2950.0 0.12571
1950.0 2950.0 0.10215
2050.0 2950.0 0.08007
2150.0 2950.0 0.08339
2250.0 2950.0 0.09829
2350.0 2950.0 0.09956
2450.0 2950.0 0.07213
2550.0 2950.0 0.01969
2650.0 2950.0 -0.04440
2750.0 2950.0 -0.12960
2850.0 2950.0 -0.20733
2950.0 2950.0 -0.23523
3050.0 2950.0 -0.20606
3150.0 2950.0 -0.15205
3250.0 2950.0 -0.10323
3350.0 2950.0 -0.01732
3450.0 2950.0 0.10826
3550.0 2950.0 0.20059
3650.0 2950.0 0.20643
3750.0 2950.0 0.13436
3850.0 2950.0 0.03520
3950.0 2950.0 -0.04098
4050.0 2950.0 -0.04020
4150.0 2950.0 0.00851
4250.0 2950.0 0.03623
4350.0 2950.0 -0.00994
4450.0 2950.0 -0.13400
4550.0 2950.0 -0.28448
4650.0 2950.0 -0.39036
4750.0 2950.0 -0.38148
4850.0 2950.0 -0.24767
4950.0 2950.0 -0.06457
5050.0 2950.0 0.05641
5150.0 2950.0 0.08990
5250.0 2950.0 0.06187
5350.0 2950.0 -0.03862
5450.0 2950.0 -0.13903
5550.0 2950.0 -0.16493
5650.0 2950.0 -0.09453
5750.0 2950.0 0.03469
5850.0 2950.0 0.16558
5950.0 2950.0 0.23884
6050.0 2950.0 0.20159
6150.0 2950.0 0.06694
6250.0 2950.0 -0.08209
6350.0 2950.0 -0.15817
50.0 3050.0 0.05765
150.0 3050.0 -0.08426
250.0 3050.0 -0.21929
350.0 3050.0 -0.29279
450.0 3050.0 -0.28035
550.0 3050.0 -0.21946
650.0 3050.0 -0.17679
750.0 3050.0 -0.15549
850.0 3050.0 -0.08584
950.0 3050.0 0.02956
1050.0 3050.0 0.13936
1150.0 3050.0 0.19728
1250.0 3050.0 0.19204
1350.0 3050.0 0.15257
1450.0 3050.0 0.10465
1550.0 3050.0 0.05870
1650.0 3050.0 0.03522
1750.0 3050.0 0.04068
1850.0 3050.0 0.06060
1950.0 3050.0 0.07530
2050.0 3050.0 0.10368
2150.0 3050.0 0.17753
2250.0 3050.0 0.25002
2350.0 3050.0 0.26438
2450.0 3050.0 0.20638
2550.0 3050.0 0.10799
2650.0 3050.0 0.00301
2750.0 3050.0 -0.10054
2850.0 3050.0 -0.16488
2950.0 3050.0 -0.16219
3050.0 3050.0 -0.11111
3150.0 3050.0 -0.06436
3250.0 3050.0 -0.04656
3350.0 3050.0 0.00905
3450.0 3050.0 0.11082
3550.0 3050.0 0.18412
3650.0 3050.0 0.17077
3750.0 3050.0 0.07444
3850.0 3050.0 -0.05500
3950.0 3050.0 -0.15545
4050.0 3050.0 -0.14416
4150.0 3050.0 -0.04160
4250.0 3050.0 0.06341
4350.0 3050.0 0.08150
4450.0 3050.0 -0.01779
4550.0 3050.0 -0.16444
4650.0 3050.0 -0.26415
4750.0 3050.0 -0.25649
4850.0 3050.0 -0.14147
4950.0 3050.0 0.00736
5050.0 3050.0 0.09143
5150.0 3050.0 0.09375
5250.0 3050.0 0.04163
5350.0 3050.0 -0.06330
5450.0 3050.0 -0.14468
5550.0 3050.0 -0.13970
5650.0 3050.0 -0.04698
5750.0 3050.0 0.08503
5850.0 3050.0 0.20492
5950.0 3050.0 0.24517
6050.0 3050.0 0.17155
6150.0 3050.0 0.02196
6250.0 3050.0 -0.11150
6350.0 3050.0 -0.15192
50.0 3150.0 -0.00204
150.0 3150.0 -0.14144
250.0 3150.0 -0.26234
350.0 3150.0 -0.30651
450.0 3150.0 -0.25586
550.0 3150.0 -0.16048
650.0 3150.0 -0.09677
750.0 3150.0 -0.06486
850.0 3150.0 -0.00976
950.0 3150.0 0.05722
1050.0 3150.0 0.10252
1150.0 3150.0 0.10819
1250.0 3150.0 0.08342
1350.0 3150.0 0.05003
1450.0 3150.0 0.00791
1550.0 3150.0 -0.03558
1650.0 3150.0 -0.05482
1750.0 3150.0 -0.03928
1850.0 3150.0 -0.00351
1950.0 3150.0 0.02946
2050.0 3150.0 0.07985
2150.0 3150.0 0.18253
2250.0 3150.0 0.27612
2350.0 3150.0 0.29141
2450.0 3150.0 0.21635
2550.0 3150.0 0.09632
2650.0 3150.0 -0.02625
2750.0 3150.0 -0.13062
2850.0 3150.0 -0.17311
2950.0 3150.0 -0.13737
3050.0 3150.0 -0.06094
3150.0 3150.0 -0.01047
3250.0 3150.0 -0.00590
3350.0 3150.0 0.03791
3450.0 3150.0 0.13424
3550.0 3150.0 0.20641
3650.0 3150.0 0.19130
3750.0 3150.0 0.08801
3850.0 3150.0 -0.05426
3950.0 3150.0 -0.16652
4050.0 3150.0 -0.15514
4150.0 3150.0 -0.03632
4250.0 3150.0 0.09500
4350.0 3150.0 0.13617
4450.0 3150.0 0.04618
4550.0 3150.0 -0.09951
4650.0 3150.0 -0.20373
4750.0 3150.0 -0.21204
4850.0 3150.0 -0.12411
4950.0 3150.0 -0.00554
5050.0 3150.0 0.05544
5150.0 3150.0 0.04329
5250.0 3150.0 -0.01937
5350.0 3150.0 -0.12559
5450.0 3150.0 -0.19751
5550.0 3150.0 -0.17783
5650.0 3150.0 -0.07464
5750.0 3150.0 0.05872
5850.0 3150.0 0.17791
5950.0 3150.0 0.22298
6050.0 3150.0 0.16600
6150.0 3150.0 0.04425
6250.0 3150.0 -0.05882
6350.0 3150.0 -0.07607
50.0 3250.0 0.00433
150.0 3250.0 -0.13091
250.0 3250.0 -0.23206
350.0 3250.0 -0.24212
450.0 3250.0 -0.15474
550.0 3250.0 -0.03342
650.0 3250.0 0.03936
750.0 3250.0 0.06985
850.0 3250.0 0.09981
950.0 3250.0 0.11103
1050.0 3250.0 0.08777
1150.0 3250.0 0.03817
1250.0 3250.0 -0.01107
1350.0 3250.0 -0.04570
1450.0 3250.0 -0.08401
1550.0 3250.0 -0.11786
1650.0 3250.0 -0.12362
1750.0 3250.0 -0.09528
1850.0 3250.0 -0.05155
1950.0 3250.0 -0.01599
2050.0 3250.0 0.03426
2150.0 3250.0 0.13077
2250.0 3250.0 0.21192
2350.0 3250.0 0.21257
2450.0 3250.0 0.12631
2550.0 3250.0 0.00171
2650.0 3250.0 -0.12089
2750.0 3250.0 -0.21416
2850.0 3250.0 -0.23142
2950.0 3250.0 -0.16467
3050.0 3250.0 -0.06354
3150.0 3250.0 -0.00267
3250.0 3250.0 0.00184
3350.0 3250.0 0.04991
3450.0 3250.0 0.16127
3550.0 3250.0 0.25546
3650.0 3250.0 0.26087
3750.0 3250.0 0.16903
3850.0 3250.0 0.02838
3950.0 3250.0 -0.08768
4050.0 3250.0 -0.09153
4150.0 3250.0 0.00246
4250.0 3250.0 0.10828
4350.0 3250.0 0.13259
4450.0 3250.0 0.03779
4550.0 3250.0 -0.10823
4650.0 3250.0 -0.21993
4750.0 3250.0 -0.24530
4850.0 3250.0 -0.17887
4950.0 3250.0 -0.07821
5050.0 3250.0 -0.02583
5150.0 3250.0 -0.03949
5250.0 3250.0 -0.10312
5350.0 3250.0 -0.21034
5450.0 3250.0 -0.28303
5550.0 3250.0 -0.26378
5650.0 3250.0 -0.16082
5750.0 3250.0 -0.02769
5850.0 3250.0 0.09768
5950.0 3250.0 0.17265
6050.0 3250.0 0.16687
6150.0 3250.0 0.09992
6250.0 3250.0 0.03512
6350.0 3250.0 0.03095
50.0 3350.0 -0.01830
150.0 3350.0 -0.13684
250.0 3350.0 -0.20484
350.0 3350.0 -0.17488
450.0 3350.0 -0.05743
550.0 3350.0 0.07456
650.0 3350.0 0.14185
750.0 3350.0 0.15911
850.0 3350.0 0.15097
950.0 3350.0 0.09815
1050.0 3350.0 0.00858
1150.0 3350.0 -0.08498
1250.0 3350.0 -0.14615
1350.0 3350.0 -0.17308
1450.0 3350.0 -0.19490
1550.0 3350.0 -0.20293
1650.0 3350.0 -0.18507
1750.0 3350.0 -0.14581
1850.0 3350.0 -0.10530
1950.0 3350.0 -0.08021
2050.0 3350.0 -0.04610
2150.0 3350.0 0.02134
2250.0 3350.0 0.07314
2350.0 3350.0 0.05997
2450.0 3350.0 -0.02014
2550.0 3350.0 -0.12698
2650.0 3350.0 -0.22888
2750.0 3350.0 -0.29239
2850.0 3350.0 -0.27325
2950.0 3350.0 -0.17419
3050.0 3350.0 -0.05246
3150.0 3350.0 0.01762
3250.0 3350.0 0.02641
3350.0 3350.0 0.07611
3450.0 3350.0 0.18877
3550.0 3350.0 0.29082
3650.0 3350.0 0.31343
3750.0 3350.0 0.24416
3850.0 3350.0 0.12531
3950.0 3350.0 0.02278
4050.0 3350.0 0.00425
4150.0 3350.0 0.05792
4250.0 3350.0 0.11888
4350.0 3350.0 0.11785
4450.0 3350.0 0.02787
4550.0 3350.0 -0.10139
4650.0 3350.0 -0.21365
4750.0 3350.0 -0.26389
4850.0 3350.0 -0.23515
4950.0 3350.0 -0.16502
5050.0 3350.0 -0.12055
5150.0 3350.0 -0.12408
5250.0 3350.0 -0.17747
5350.0 3350.0 -0.28234
5450.0 3350.0 -0.36495
5550.0 3350.0 -0.36430
5650.0 3350.0 -0.27865
5750.0 3350.0 -0.15457
5850.0 3350.0 -0.02711
5950.0 3350.0 0.08346
6050.0 3350.0 0.14680
6150.0 3350.0 0.15919
6250.0 3350.0 0.15360
6350.0 3350.0 0.17238
50.0 3450.0 -0.09014
150.0 3450.0 -0.16808
250.0 3450.0 -0.18230
350.0 3450.0 -0.11048
450.0 3450.0 0.01408
550.0 3450.0 0.12086
650.0 3450.0 0.15340
750.0 3450.0 0.13652
850.0 3450.0 0.07389
950.0 3450.0 -0.04149
1050.0 3450.0 -0.17152
1150.0 3450.0 -0.26904
1250.0 3450.0 -0.30842
1350.0 3450.0 -0.30769
1450.0 3450.0 -0.28902
1550.0 3450.0 -0.24573
1650.0 3450.0 -0.19382
1750.0 3450.0 -0.15554
1850.0 3450.0 -0.14364
1950.0 3450.0 -0.15322
2050.0 3450.0 -0.16259
2150.0 3450.0 -0.16033
2250.0 3450.0 -0.15967
2350.0 3450.0 -0.17580
2450.0 3450.0 -0.21164
2550.0 3450.0 -0.25757
2650.0 3450.0 -0.30103
2750.0 3450.0 -0.30676
2850.0 3450.0 -0.24521
2950.0 3450.0 -0.13008
3050.0 3450.0 -0.01133
3150.0 3450.0 0.05739
3250.0 3450.0 0.07611
3350.0 3450.0 0.11767
3450.0 3450.0 0.19589
3550.0 3450.0 0.26689
3650.0 3450.0 0.29018
3750.0 3450.0 0.25918
3850.0 3450.0 0.19947
3950.0 3450.0 0.14500
4050.0 3450.0 0.12132
4150.0 3450.0 0.12068
4250.0 3450.0 0.11753
4350.0 3450.0 0.08845
4450.0 3450.0 0.02745
4550.0 3450.0 -0.05004
4650.0 3450.0 -0.14476
4750.0 3450.0 -0.22775
4850.0 3450.0 -0.26107
4950.0 3450.0 -0.24177
5050.0 3450.0 -0.20325
5150.0 3450.0 -0.17534
5250.0 3450.0 -0.19577
5350.0 3450.0 -0.28595
5450.0 3450.0 -0.38702
5550.0 3450.0 -0.43141
5650.0 3450.0 -0.39134
5750.0 3450.0 -0.29300
5850.0 3450.0 -0.17710
5950.0 3450.0 -0.04350
6050.0 3450.0 0.08599
6150.0 3450.0 0.18796
6250.0 3450.0 0.25907
6350.0 3450.0 0.31538
50.0 3550.0 -0.15592
150.0 3550.0 -0.17996
250.0 3550.0 -0.13649
350.0 3550.0 -0.03745
450.0 3550.0 0.06281
550.0 3550.0 0.10995
650.0 3550.0 0.08538
750.0 3550.0 0.02226
850.0 3550.0 -0.09268
950.0 3550.0 -0.24229
1050.0 3550.0 -0.36278
1150.0 3550.0 -0.41179
1250.0 3550.0 -0.39570
1350.0 3550.0 -0.35365
1450.0 3550.0 -0.28245
1550.0 3550.0 -0.18104
1650.0 3550.0 -0.10183
1750.0 3550.0 -0.08448
1850.0 3550.0 -0.12435
1950.0 3550.0 -0.18528
2050.0 3550.0 -0.25445
2150.0 3550.0 -0.33540
2250.0 3550.0 -0.39147
2350.0 3550.0 -0.39499
2450.0 3550.0 -0.35643
2550.0 3550.0 -0.31224
2650.0 3550.0 -0.27447
2750.0 3550.0 -0.21613
2850.0 3550.0 -0.13291
2950.0 3550.0 -0.04194
3050.0 3550.0 0.03481
3150.0 3550.0 0.08473
3250.0 3550.0 0.11597
3350.0 3550.0 0.14133
3450.0 3550.0 0.15692
3550.0 3550.0 0.16430
3650.0 3550.0 0.17050
3750.0 3550.0 0.18352
3850.0 3550.0 0.20579
3950.0 3550.0 0.22281
4050.0 3550.0 0.20751
4150.0 3550.0 0.15643
4250.0 3550.0 0.09041
4350.0 3550.0 0.04074
4450.0 3550.0 0.02690
4550.0 3550.0 0.02398
4650.0 3550.0 -0.03560
4750.0 3550.0 -0.14326
4850.0 3550.0 -0.23819
4950.0 3550.0 -0.26991
5050.0 3550.0 -0.23053
5150.0 3550.0 -0.15717
5250.0 3550.0 -0.12740
5350.0 3550.0 -0.18672
5450.0 3550.0 -0.29988
5550.0 3550.0 -0.39522
5650.0 3550.0 -0.41254
5750.0 3550.0 -0.34940
5850.0 3550.0 -0.26019
5950.0 3550.0 -0.14151
6050.0 3550.0 0.00184
6150.0 3550.0 0.14695
6250.0 3550.0 0.26991
6350.0 3550.0 0.36194
50.0 3650.0 -0.16265
150.0 3650.0 -0.13918
250.0 3650.0 -0.05395
350.0 3650.0 0.05033
450.0 3650.0 0.10687
550.0 3650.0 0.08412
650.0 3650.0 0.00199
750.0 3650.0 -0.10248
850.0 3650.0 -0.24981
950.0 3650.0 -0.39631
1050.0 3650.0 -0.46536
1150.0 3650.0 -0.43503
1250.0 3650.0 -0.35209
1350.0 3650.0 -0.27056
1450.0 3650.0 -0.15499
1550.0 3650.0 -0.01244
1650.0 3650.0 0.07404
1750.0 3650.0 0.05539
1850.0 3650.0 -0.04188
1950.0 3650.0 -0.15210
2050.0 3650.0 -0.27526
2150.0 3650.0 -0.42696
2250.0 3650.0 -0.52494
2350.0 3650.0 -0.50569
2450.0 3650.0 -0.39071
2550.0 3650.0 -0.26081
2650.0 3650.0 -0.14945
2750.0 3650.0 -0.04725
2850.0 3650.0 0.02293
2950.0 3650.0 0.05128
3050.0 3650.0 0.05684
3150.0 3650.0 0.07490
3250.0 3650.0 0.11643
3350.0 3650.0 0.12459
3450.0 3650.0 0.07571
3550.0 3650.0 0.01494
3650.0 3650.0 -0.00333
3750.0 3650.0 0.04545
3850.0 3650.0 0.14253
3950.0 3650.0 0.22756
4050.0 3650.0 0.22936
4150.0 3650.0 0.14757
4250.0 3650.0 0.04026
4350.0 3650.0 -0.01696
4450.0 3650.0 0.01636
4550.0 3650.0 0.08322
4650.0 3650.0 0.06426
4750.0 3650.0 -0.04883
4850.0 3650.0 -0.17967
4950.0 3650.0 -0.24173
5050.0 3650.0 -0.19415
5150.0 3650.0 -0.07809
5250.0 3650.0 0.00211
5350.0 3650.0 -0.01691
5450.0 3650.0 -0.12463
5550.0 3650.0 -0.25177
5650.0 3650.0 -0.31354
5750.0 3650.0 -0.28134
5850.0 3650.0 -0.22548
5950.0 3650.0 -0.16084
6050.0 3650.0 -0.07233
6150.0 3650.0 0.04165
6250.0 3650.0 0.16435
6350.0 3650.0 0.27452
50.0 3750.0 -0.09924
150.0 3750.0 -0.05009
250.0 3750.0 0.05236
350.0 3750.0 0.14840
450.0 3750.0 0.16810
550.0 3750.0 0.09734
650.0 3750.0 -0.02020
750.0 3750.0 -0.14731
850.0 3750.0 -0.30354
950.0 3750.0 -0.42755
1050.0 3750.0 -0.44194
1150.0 3750.0 -0.34597
1250.0 3750.0 -0.21573
1350.0 3750.0 -0.11105
1450.0 3750.0 0.02605
1550.0 3750.0 0.18086
1650.0 3750.0 0.25563
1750.0 3750.0 0.20180
1850.0 3750.0 0.06350
1950.0 3750.0 -0.07636
2050.0 3750.0 -0.22937
2150.0 3750.0 -0.41733
2250.0 3750.0 -0.53240
2350.0 3750.0 -0.49307
2450.0 3750.0 -0.32978
2550.0 3750.0 -0.14963
2650.0 3750.0 0.00222
2750.0 3750.0 0.11572
2850.0 3750.0 0.14917
2950.0 3750.0 0.10623
3050.0 3750.0 0.04262
3150.0 3750.0 0.02974
3250.0 3750.0 0.07600
3350.0 3750.0 0.07389
3450.0 3750.0 -0.01311
3550.0 3750.0 -0.11471
3650.0 3750.0 -0.14884
3750.0 3750.0 -0.08087
3850.0 3750.0 0.05847
3950.0 3750.0 0.18316
4050.0 3750.0 0.19956
4150.0 3750.0 0.10861
4250.0 3750.0 -0.01340
4350.0 3750.0 -0.06892
4450.0 3750.0 -0.00693
4550.0 3750.0 0.10026
4650.0 3750.0 0.11106
4750.0 3750.0 0.00914
4850.0 3750.0 -0.12483
4950.0 3750.0 -0.19033
5050.0 3750.0 -0.13200
5150.0 3750.0 0.00892
5250.0 3750.0 0.12228
5350.0 3750.0 0.13931
5450.0 3750.0 0.05321
5550.0 3750.0 -0.07499
5650.0 3750.0 -0.15244
5750.0 3750.0 -0.13607
5850.0 3750.0 -0.10675
5950.0 3750.0 -0.10800
6050.0 3750.0 -0.10981
6150.0 3750.0 -0.07562
6250.0 3750.0 0.00480
6350.0 3750.0 0.11230
50.0 3850.0 0.00327
150.0 3850.0 0.05657
250.0 3850.0 0.15884
350.0 3850.0 0.24742
450.0 3850.0 0.25389
550.0 3850.0 0.16972
650.0 3850.0 0.04409
750.0 3850.0 -0.08677
850.0 3850.0 -0.23888
950.0 3850.0 -0.34603
1050.0 3850.0 -0.33465
1150.0 3850.0 -0.21379
1250.0 3850.0 -0.06898
1350.0 3850.0 0.04048
1450.0 3850.0 0.17768
1550.0 3850.0 0.32295
1650.0 3850.0 0.37856
1750.0 3850.0 0.30236
1850.0 3850.0 0.14730
1950.0 3850.0 0.00013
2050.0 3850.0 -0.15793
2150.0 3850.0 -0.34994
2250.0 3850.0 -0.46348
2350.0 3850.0 -0.41534
2450.0 3850.0 -0.23950
2550.0 3850.0 -0.04880
2650.0 3850.0 0.10927
2750.0 3850.0 0.21028
2850.0 3850.0 0.20535
2950.0 3850.0 0.11063
3050.0 3850.0 0.00316
3150.0 3850.0 -0.02934
3250.0 3850.0 0.01666
3350.0 3850.0 0.01349
3450.0 3850.0 -0.07812
3550.0 3850.0 -0.18379
3650.0 3850.0 -0.21755
3750.0 3850.0 -0.14408
3850.0 3850.0 0.00357
3950.0 3850.0 0.13613
4050.0 3850.0 0.15725
4150.0 3850.0 0.06794
4250.0 3850.0 -0.05330
4350.0 3850.0 -0.10609
4450.0 3850.0 -0.03795
4550.0 3850.0 0.07752
4650.0 3850.0 0.10060
4750.0 3850.0 0.01500
4850.0 3850.0 -0.10233
4950.0 3850.0 -0.15472
5050.0 3850.0 -0.08830
5150.0 3850.0 0.05794
5250.0 3850.0 0.18328
5350.0 3850.0 0.22377
5450.0 3850.0 0.16523
5550.0 3850.0 0.05841
5650.0 3850.0 -0.00985
5750.0 3850.0 0.00576
5850.0 3850.0 0.02204
5950.0 3850.0 -0.02894
6050.0 3850.0 -0.11048
6150.0 3850.0 -0.15714
6250.0 3850.0 -0.12934
6350.0 3850.0 -0.03612
50.0 3950.0 0.13121
150.0 3950.0 0.18504
250.0 3950.0 0.28001
350.0 3950.0 0.35573
450.0 3950.0 0.35057
550.0 3950.0 0.26181
650.0 3950.0 0.13972
750.0 3950.0 0.01627
850.0 3950.0 -0.12387
950.0 3950.0 -0.21499
1050.0 3950.0 -0.18829
1150.0 3950.0 -0.05700
1250.0 3950.0 0.09249
1350.0 3950.0 0.20345
1450.0 3950.0 0.33520
1550.0 3950.0 0.46065
1650.0 3950.0 0.48643
1750.0 3950.0 0.38144
1850.0 3950.0 0.20917
1950.0 3950.0 0.05811
2050.0 3950.0 -0.09887
2150.0 3950.0 -0.28332
2250.0 3950.0 -0.38359
2350.0 3950.0 -0.32144
2450.0 3950.0 -0.13627
2550.0 3950.0 0.05685
2650.0 3950.0 0.21291
2750.0 3950.0 0.29980
2850.0 3950.0 0.26416
2950.0 3950.0 0.13026
3050.0 3950.0 -0.01112
3150.0 3950.0 -0.06189
3250.0 3950.0 -0.02161
3350.0 3950.0 -0.02658
3450.0 3950.0 -0.11576
3550.0 3950.0 -0.21826
3650.0 3950.0 -0.25221
3750.0 3950.0 -0.18401
3850.0 3950.0 -0.04518
3950.0 3950.0 0.07914
4050.0 3950.0 0.09797
4150.0 3950.0 0.01427
4250.0 3950.0 -0.09660
4350.0 3950.0 -0.14080
4450.0 3950.0 -0.07092
4550.0 3950.0 0.04385
4650.0 3950.0 0.07824
4750.0 3950.0 0.01676
4850.0 3950.0 -0.07454
4950.0 3950.0 -0.11091
5050.0 3950.0 -0.04374
5150.0 3950.0 0.09392
5250.0 3950.0 0.21527
5350.0 3950.0 0.26501
5450.0 3950.0 0.22815
5550.0 3950.0 0.14640
5650.0 3950.0 0.09493
5750.0 3950.0 0.11470
5850.0 3950.0 0.12471
5950.0 3950.0 0.03959
6050.0 3950.0 -0.10360
6150.0 3950.0 -0.21978
6250.0 3950.0 -0.24439
6350.0 3950.0 -0.17347
50.0 4050.0 0.28840
150.0 4050.0 0.34764
250.0 4050.0 0.42240
350.0 4050.0 0.46206
450.0 4050.0 0.42841
550.0 4050.0 0.33638
650.0 4050.0 0.23722
750.0 4050.0 0.14687
850.0 4050.0 0.03903
950.0 4050.0 -0.02947
1050.0 4050.0 0.00429
1150.0 4050.0 0.13195
1250.0 4050.0 0.27954
1350.0 4050.0 0.39595
1450.0 4050.0 0.52243
1550.0 4050.0 0.61594
1650.0 4050.0 0.58878
1750.0 4050.0 0.42959
1850.0 4050.0 0.22286
1950.0 4050.0 0.06251
2050.0 4050.0 -0.09271
2150.0 4050.0 -0.25773
2250.0 4050.0 -0.32315
2350.0 4050.0 -0.22437
2450.0 4050.0 -0.01551
2550.0 4050.0 0.18244
2650.0 4050.0 0.33522
2750.0 4050.0 0.42092
2850.0 4050.0 0.38115
2950.0 4050.0 0.23400
3050.0 4050.0 0.07045
3150.0 4050.0 -0.00499
3250.0 4050.0 0.01326
3350.0 4050.0 -0.00301
3450.0 4050.0 -0.08882
3550.0 4050.0 -0.18791
3650.0 4050.0 -0.23352
3750.0 4050.0 -0.19649
3850.0 4050.0 -0.10078
3950.0 4050.0 -0.01717
4050.0 4050.0 -0.01659
4150.0 4050.0 -0.08613
4250.0 4050.0 -0.16095
4350.0 4050.0 -0.17333
4450.0 4050.0 -0.09801
4550.0 4050.0 0.01025
4650.0 4050.0 0.06744
4750.0 4050.0 0.05475
4850.0 4050.0 0.00740
4950.0 4050.0 -0.01655
5050.0 4050.0 0.02603
5150.0 4050.0 0.11995
5250.0 4050.0 0.19738
5350.0 4050.0 0.21863
5450.0 4050.0 0.18281
5550.0 4050.0 0.12664
5650.0 4050.0 0.10236
5750.0 4050.0 0.13232
5850.0 4050.0 0.14873
5950.0 4050.0 0.06888
6050.0 4050.0 -0.08559
6150.0 4050.0 -0.23670
6250.0 4050.0 -0.30986
6350.0 4050.0 -0.28318
50.0 4150.0 0.38180
150.0 4150.0 0.45160
250.0 4150.0 0.49908
350.0 4150.0 0.48965
450.0 4150.0 0.42062
550.0 4150.0 0.33203
650.0 4150.0 0.27468
750.0 4150.0 0.23962
850.0 4150.0 0.17690
950.0 4150.0 0.12572
1050.0 4150.0 0.14560
1150.0 4150.0 0.24616
1250.0 4150.0 0.38105
1350.0 4150.0 0.50611
1450.0 4150.0 0.63452
1550.0 4150.0 0.70652
1650.0 4150.0 0.63629
1750.0 4150.0 0.42862
1850.0 4150.0 0.18834
1950.0 4150.0 0.01705
2050.0 4150.0 -0.13799
2150.0 4150.0 -0.28380
2250.0 4150.0 -0.31364
2350.0 4150.0 -0.17773
2450.0 4150.0 0.05408
2550.0 4150.0 0.25471
2650.0 4150.0 0.40353
2750.0 4150.0 0.50463
2850.0 4150.0 0.49538
2950.0 4150.0 0.37149
3050.0 4150.0 0.20713
3150.0 4150.0 0.10629
3250.0 4150.0 0.08864
3350.0 4150.0 0.05644
3450.0 4150.0 -0.01409
3550.0 4150.0 -0.09382
3650.0 4150.0 -0.14667
3750.0 4150.0 -0.15540
3850.0 4150.0 -0.13149
3950.0 4150.0 -0.11768
4050.0 4150.0 -0.15164
4150.0 4150.0 -0.20318
4250.0 4150.0 -0.22323
4350.0 4150.0 -0.18598
4450.0 4150.0 -0.10282
4550.0 4150.0 -0.00667
4650.0 4150.0 0.07875
4750.0 4150.0 0.12660
4850.0 4150.0 0.12689
4950.0 4150.0 0.10251
5050.0 4150.0 0.09389
5150.0 4150.0 0.11277
5250.0 4150.0 0.11208
5350.0 4150.0 0.07451
5450.0 4150.0 0.02568
5550.0 4150.0 -0.00068
5650.0 4150.0 0.01350
5750.0 4150.0 0.05934
5850.0 4150.0 0.09605
5950.0 4150.0 0.06887
6050.0 4150.0 -0.03122
6150.0 4150.0 -0.16444
6250.0 4150.0 -0.26762
6350.0 4150.0 -0.29986
50.0 4250.0 0.34268
150.0 4250.0 0.42493
250.0 4250.0 0.45011
350.0 4250.0 0.40010
450.0 4250.0 0.30575
550.0 4250.0 0.22914
650.0 4250.0 0.21867
750.0 4250.0 0.24131
850.0 4250.0 0.21840
950.0 4250.0 0.16842
1050.0 4250.0 0.15270
1150.0 4250.0 0.20769
1250.0 4250.0 0.32148
1350.0 4250.0 0.45523
1450.0 4250.0 0.59625
1550.0 4250.0 0.67742
1650.0 4250.0 0.60727
1750.0 4250.0 0.39073
1850.0 4250.0 0.13932
1950.0 4250.0 -0.03883
2050.0 4250.0 -0.19694
2150.0 4250.0 -0.33834
2250.0 4250.0 -0.35777
2350.0 4250.0 -0.21153
2450.0 4250.0 0.02463
2550.0 4250.0 0.22173
2650.0 4250.0 0.36709
2750.0 4250.0 0.49305
2850.0 4250.0 0.53451
2950.0 4250.0 0.45776
3050.0 4250.0 0.31069
3150.0 4250.0 0.19114
3250.0 4250.0 0.13642
3350.0 4250.0 0.09283
3450.0 4250.0 0.05453
3550.0 4250.0 0.01805
3650.0 4250.0 -0.02136
3750.0 4250.0 -0.06642
3850.0 4250.0 -0.11607
3950.0 4250.0 -0.17666
4050.0 4250.0 -0.25040
4150.0 4250.0 -0.28856
4250.0 4250.0 -0.25669
4350.0 4250.0 -0.17111
4450.0 4250.0 -0.08093
4550.0 4250.0 0.00165
4650.0 4250.0 0.10956
4750.0 4250.0 0.20571
4850.0 4250.0 0.23742
4950.0 4250.0 0.19750
5050.0 4250.0 0.12815
5150.0 4250.0 0.06727
5250.0 4250.0 -0.01479
5350.0 4250.0 -0.11127
5450.0 4250.0 -0.16933
5550.0 4250.0 -0.16009
5650.0 4250.0 -0.10295
5750.0 4250.0 -0.03993
5850.0 4250.0 0.02275
5950.0 4250.0 0.07220
6050.0 4250.0 0.06480
6150.0 4250.0 -0.01248
6250.0 4250.0 -0.12224
6350.0 4250.0 -0.20894
50.0 4350.0 0.19844
150.0 4350.0 0.29045
250.0 4350.0 0.30664
350.0 4350.0 0.23969
450.0 4350.0 0.13957
550.0 4350.0 0.07917
650.0 4350.0 0.10336
750.0 4350.0 0.16488
850.0 4350.0 0.16240
950.0 4350.0 0.09844
1050.0 4350.0 0.04021
1150.0 4350.0 0.04933
1250.0 4350.0 0.14204
1350.0 4350.0 0.28136
1450.0 4350.0 0.44146
1550.0 4350.0 0.56037
1650.0 4350.0 0.53527
1750.0 4350.0 0.35450
1850.0 4350.0 0.11945
1950.0 4350.0 -0.05875
2050.0 4350.0 -0.22247
2150.0 4350.0 -0.37800
2250.0 4350.0 -0.41968
2350.0 4350.0 -0.29757
2450.0 4350.0 -0.07994
2550.0 4350.0 0.10787
2650.0 4350.0 0.25107
2750.0 4350.0 0.39751
2850.0 4350.0 0.48117
2950.0 4350.0 0.44580
3050.0 4350.0 0.31791
3150.0 4350.0 0.18886
3250.0 4350.0 0.10923
3350.0 4350.0 0.06459
3450.0 4350.0 0.06824
3550.0 4350.0 0.08961
3650.0 4350.0 0.08551
3750.0 4350.0 0.03043
3850.0 4350.0 -0.06672
3950.0 4350.0 -0.17885
4050.0 4350.0 -0.28295
4150.0 4350.0 -0.31736
4250.0 4350.0 -0.25569
4350.0 4350.0 -0.14095
4450.0 4350.0 -0.04720
4550.0 4350.0 0.02553
4650.0 4350.0 0.14326
4750.0 4350.0 0.26065
4850.0 4350.0 0.29954
4950.0 4350.0 0.23758
5050.0 4350.0 0.12168
5150.0 4350.0 0.00596
5250.0 4350.0 -0.12789
5350.0 4350.0 -0.25347
5450.0 4350.0 -0.30210
5550.0 4350.0 -0.25406
5650.0 4350.0 -0.15943
5750.0 4350.0 -0.08316
5850.0 4350.0 -0.00103
5950.0 4350.0 0.10864
6050.0 4350.0 0.17779
6150.0 4350.0 0.15257
6250.0 4350.0 0.04769
6350.0 4350.0 -0.07335
50.0 4450.0 0.04094
150.0 4450.0 0.13735
250.0 4450.0 0.15741
350.0 4450.0 0.09672
450.0 4450.0 0.00717
550.0 4450.0 -0.03954
650.0 4450.0 -0.00166
750.0 4450.0 0.07151
850.0 4450.0 0.06886
950.0 4450.0 -0.01387
1050.0 4450.0 -0.10312
1150.0 4450.0 -0.12270
1250.0 4450.0 -0.04308
1350.0 4450.0 0.09767
1450.0 4450.0 0.27525
1550.0 4450.0 0.44060
1650.0 4450.0 0.47908
1750.0 4450.0 0.35551
1850.0 4450.0 0.15195
1950.0 4450.0 -0.02117
2050.0 4450.0 -0.19078
2150.0 4450.0 -0.37094
2250.0 4450.0 -0.45418
2350.0 4450.0 -0.37638
2450.0 4450.0 -0.18988
2550.0 4450.0 -0.01308
2650.0 4450.0 0.12923
2750.0 4450.0 0.28137
2850.0 4450.0 0.37672
2950.0 4450.0 0.35244
3050.0 4450.0 0.22904
3150.0 4450.0 0.09632
3250.0 4450.0 0.00902
3350.0 4450.0 -0.02730
3450.0 4450.0 0.01511
3550.0 4450.0 0.09093
3650.0 4450.0 0.13143
3750.0 4450.0 0.09224
3850.0 4450.0 -0.01626
3950.0 4450.0 -0.14529
4050.0 4450.0 -0.26234
4150.0 4450.0 -0.30135
4250.0 4450.0 -0.23641
4350.0 4450.0 -0.11668
4450.0 4450.0 -0.02312
4550.0 4450.0 0.04603
4650.0 4450.0 0.16230
4750.0 4450.0 0.27668
4850.0 4450.0 0.30611
4950.0 4450.0 0.22786
5050.0 4450.0 0.09320
5150.0 4450.0 -0.03990
5250.0 4450.0 -0.18329
5350.0 4450.0 -0.29842
5450.0 4450.0 -0.31651
5550.0 4450.0 -0.23095
5650.0 4450.0 -0.11030
5750.0 4450.0 -0.02728
5850.0 4450.0 0.06029
5950.0 4450.0 0.18574
6050.0 4450.0 0.27366
6150.0 4450.0 0.25927
6250.0 4450.0 0.15216
6350.0 4450.0 0.01917
50.0 4550.0 -0.09729
150.0 4550.0 -0.00186
250.0 4550.0 0.02457
350.0 4550.0 -0.02187
450.0 4550.0 -0.09422
550.0 4550.0 -0.12773
650.0 4550.0 -0.08481
750.0 4550.0 -0.01165
850.0 4550.0 -0.02214
950.0 4550.0 -0.12309
1050.0 4550.0 -0.23531
1150.0 4550.0 -0.27389
1250.0 4550.0 -0.20315
1350.0 4550.0 -0.06311
1450.0 4550.0 0.12832
1550.0 4550.0 0.33616
1650.0 4550.0 0.43603
1750.0 4550.0 0.37018
1850.0 4550.0 0.20038
1950.0 4550.0 0.03460
2050.0 4550.0 -0.13861
2150.0 4550.0 -0.34058
2250.0 4550.0 -0.46297
2350.0 4550.0 -0.42835
2450.0 4550.0 -0.27307
2550.0 4550.0 -0.10778
2650.0 4550.0 0.03211
2750.0 4550.0 0.17893
2850.0 4550.0 0.26612
2950.0 4550.0 0.23401
3050.0 4550.0 0.10595
3150.0 4550.0 -0.02754
3250.0 4550.0 -0.11325
3350.0 4550.0 -0.13734
3450.0 4550.0 -0.06180
3550.0 4550.0 0.06017
3650.0 4550.0 0.14311
3750.0 4550.0 0.12830
3850.0 4550.0 0.02513
3950.0 4550.0 -0.10354
4050.0 4550.0 -0.22308
4150.0 4550.0 -0.26829
4250.0 4550.0 -0.21176
4350.0 4550.0 -0.09952
4450.0 4550.0 -0.01020
4550.0 4550.0 0.05621
4650.0 4550.0 0.16691
4750.0 4550.0 0.27274
4850.0 4550.0 0.29323
4950.0 4550.0 0.20848
5050.0 4550.0 0.07094
5150.0 4550.0 -0.06256
5250.0 4550.0 -0.19634
5350.0 4550.0 -0.28288
5450.0 4550.0 -0.26104
5550.0 4550.0 -0.13952
5650.0 4550.0 0.00040
5750.0 4550.0 0.08556
5850.0 4550.0 0.16919
5950.0 4550.0 0.28305
6050.0 4550.0 0.35401
6150.0 4550.0 0.32374
6250.0 4550.0 0.20746
6350.0 4550.0 0.07313
50.0 4650.0 -0.23126
150.0 4650.0 -0.16103
250.0 4650.0 -0.14722
350.0 4650.0 -0.18337
450.0 4650.0 -0.22588
550.0 4650.0 -0.22732
650.0 4650.0 -0.16812
750.0 4650.0 -0.09088
850.0 4650.0 -0.10680
950.0 4650.0 -0.22756
1050.0 4650.0 -0.36890
1150.0 4650.0 -0.43460
1250.0 4650.0 -0.37879
1350.0 4650.0 -0.24253
1450.0 4650.0 -0.04571
1550.0 4650.0 0.18721
1650.0 4650.0 0.32972
1750.0 4650.0 0.31031
1850.0 4650.0 0.17398
1950.0 4650.0 0.02276
2050.0 4650.0 -0.13877
2150.0 4650.0 -0.32582
2250.0 4650.0 -0.44054
2350.0 4650.0 -0.41338
2450.0 4650.0 -0.27754
2550.0 4650.0 -0.13318
2650.0 4650.0 -0.01307
2750.0 4650.0 0.10505
2850.0 4650.0 0.16306
2950.0 4650.0 0.11657
3050.0 4650.0 -0.00623
3150.0 4650.0 -0.12356
3250.0 4650.0 -0.19293
3350.0 4650.0 -0.19847
3450.0 4650.0 -0.10027
3550.0 4650.0 0.04536
3650.0 4650.0 0.14912
3750.0 4650.0 0.15045
3850.0 4650.0 0.05991
3950.0 4650.0 -0.05453
4050.0 4650.0 -0.15805
4150.0 4650.0 -0.19838
4250.0 4650.0 -0.15609
4350.0 4650.0 -0.07135
4450.0 4650.0 -0.00889
4550.0 4650.0 0.03572
4650.0 4650.0 0.13503
4750.0 4650.0 0.24904
4850.0 4650.0 0.29450
4950.0 4650.0 0.23730
5050.0 4650.0 0.11359
5150.0 4650.0 -0.02025
5250.0 4650.0 -0.14195
5350.0 4650.0 -0.19298
5450.0 4650.0 -0.12674
5550.0 4650.0 0.02723
5650.0 4650.0 0.17509
5750.0 4650.0 0.24782
5850.0 4650.0 0.30857
5950.0 4650.0 0.38317
6050.0 4650.0 0.41400
6150.0 4650.0 0.36207
6250.0 4650.0 0.24838
6350.0 4650.0 0.13124
50.0 4750.0 -0.30006
150.0 4750.0 -0.28607
250.0 4750.0 -0.31242
350.0 4750.0 -0.34963
450.0 4750.0 -0.35320
550.0 4750.0 -0.30342
650.0 4750.0 -0.21516
750.0 4750.0 -0.12799
850.0 4750.0 -0.14088
950.0 4750.0 -0.27207
1050.0 4750.0 -0.43641
1150.0 4750.0 -0.52827
1250.0 4750.0 -0.48993
1350.0 4750.0 -0.36091
1450.0 4750.0 -0.17362
1550.0 4750.0 0.04942
1650.0 4750.0 0.19227
1750.0 4750.0 0.18766
1850.0 4750.0 0.07435
1950.0 4750.0 -0.05519
2050.0 4750.0 -0.18647
2150.0 4750.0 -0.31528
2250.0 4750.0 -0.36838
2350.0 4750.0 -0.30893
2450.0 4750.0 -0.18131
2550.0 4750.0 -0.07085
2650.0 4750.0 0.00802
2750.0 4750.0 0.07162
2850.0 4750.0 0.08158
2950.0 4750.0 0.02169
3050.0 4750.0 -0.07613
3150.0 4750.0 -0.15289
3250.0 4750.0 -0.18736
3350.0 4750.0 -0.16959
3450.0 4750.0 -0.07102
3550.0 4750.0 0.05714
3650.0 4750.0 0.14257
3750.0 4750.0 0.14263
3850.0 4750.0 0.07229
3950.0 4750.0 -0.01015
4050.0 4750.0 -0.07134
4150.0 4750.0 -0.08734
4250.0 4750.0 -0.06062
4350.0 4750.0 -0.02430
4450.0 4750.0 -0.01585
4550.0 4750.0 -0.01746
4650.0 4750.0 0.05884
4750.0 4750.0 0.19281
4850.0 4750.0 0.29450
4950.0 4750.0 0.29839
5050.0 4750.0 0.20520
5150.0 4750.0 0.07035
5250.0 4750.0 -0.04020
5350.0 4750.0 -0.05787
5450.0 4750.0 0.04335
5550.0 4750.0 0.21177
5650.0 4750.0 0.34584
5750.0 4750.0 0.38651
5850.0 4750.0 0.40260
5950.0 4750.0 0.41229
6050.0 4750.0 0.38910
6150.0 4750.0 0.32395
6250.0 4750.0 0.23805
6350.0 4750.0 0.16439
50.0 4850.0 -0.26047
150.0 4850.0 -0.31607
250.0 4850.0 -0.39847
350.0 4850.0 -0.44977
450.0 4850.0 -0.41985
550.0 4850.0 -0.31755
650.0 4850.0 -0.19718
750.0 4850.0 -0.09713
850.0 4850.0 -0.09646
950.0 4850.0 -0.21871
1050.0 4850.0 -0.38444
1150.0 4850.0 -0.48657
1250.0 4850.0 -0.45969
1350.0 4850.0 -0.33879
1450.0 4850.0 -0.17295
1550.0 4850.0 0.00830
1650.0 4850.0 0.10894
1750.0 4850.0 0.08261
1850.0 4850.0 -0.02553
1950.0 4850.0 -0.13323
2050.0 4850.0 -0.22762
2150.0 4850.0 -0.28474
2250.0 4850.0 -0.26127
2350.0 4850.0 -0.16063
2450.0 4850.0 -0.04154
2550.0 4850.0 0.02831
2650.0 4850.0 0.05780
2750.0 4850.0 0.06111
2850.0 4850.0 0.02530
2950.0 4850.0 -0.03570
3050.0 4850.0 -0.09110
3150.0 4850.0 -0.11328
3250.0 4850.0 -0.10520
3350.0 4850.0 -0.06647
3450.0 4850.0 0.01105
3550.0 4850.0 0.08752
3650.0 4850.0 0.12253
3750.0 4850.0 0.10505
3850.0 4850.0 0.05615
3950.0 4850.0 0.01373
4050.0 4850.0 0.00977
4150.0 4850.0 0.03335
4250.0 4850.0 0.05186
4350.0 4850.0 0.03682
4450.0 4850.0 -0.01786
4550.0 4850.0 -0.07600
4650.0 4850.0 -0.03333
4750.0 4850.0 0.11259
4850.0 4850.0 0.26755
4950.0 4850.0 0.33360
5050.0 4850.0 0.27215
5150.0 4850.0 0.13543
5250.0 4850.0 0.03075
5350.0 4850.0 0.03123
5450.0 4850.0 0.14349
5550.0 4850.0 0.30064
5650.0 4850.0 0.40181
5750.0 4850.0 0.40070
5850.0 4850.0 0.36596
5950.0 4850.0 0.31221
6050.0 4850.0 0.24905
6150.0 4850.0 0.19462
6250.0 4850.0 0.16054
6350.0 4850.0 0.14511
50.0 4950.0 -0.14465
150.0 4950.0 -0.25681
250.0 4950.0 -0.38894
350.0 4950.0 -0.46005
450.0 4950.0 -0.41254
550.0 4950.0 -0.27466
650.0 4950.0 -0.13072
750.0 4950.0 -0.01967
850.0 4950.0 -0.00011
950.0 4950.0 -0.09761
1050.0 4950.0 -0.24284
1150.0 4950.0 -0.33568
1250.0 4950.0 -0.31003
1350.0 4950.0 -0.19503
1450.0 4950.0 -0.05146
1550.0 4950.0 0.08091
1650.0 4950.0 0.12566
1750.0 4950.0 0.06138
1850.0 4950.0 -0.05444
1950.0 4950.0 -0.14698
2050.0 4950.0 -0.21404
2150.0 4950.0 -0.22434
2250.0 4950.0 -0.15754
2350.0 4950.0 -0.04295
2450.0 4950.0 0.05628
2550.0 4950.0 0.08952
2650.0 4950.0 0.08004
2750.0 4950.0 0.04080
2850.0 4950.0 -0.01953
2950.0 4950.0 -0.06673
3050.0 4950.0 -0.07644
3150.0 4950.0 -0.04976
3250.0 4950.0 -0.00732
3350.0 4950.0 0.04470
3450.0 4950.0 0.09522
3550.0 4950.0 0.11596
3650.0 4950.0 0.09736
3750.0 4950.0 0.05829
3850.0 4950.0 0.02510
3950.0 4950.0 0.01571
4050.0 4950.0 0.06256
4150.0 4950.0 0.12640
4250.0 4950.0 0.14751
4350.0 4950.0 0.09769
4450.0 4950.0 -0.00544
4550.0 4950.0 -0.10962
4650.0 4950.0 -0.10292
4750.0 4950.0 0.03312
4850.0 4950.0 0.20710
4950.0 4950.0 0.30401
5050.0 4950.0 0.25963
5150.0 4950.0 0.12062
5250.0 4950.0 0.01587
5350.0 4950.0 0.01699
5450.0 4950.0 0.11859
5550.0 4950.0 0.24885
5650.0 4950.0 0.31370
5750.0 4950.0 0.27738
5850.0 4950.0 0.20509
5950.0 4950.0 0.11472
6050.0 4950.0 0.04327
6150.0 4950.0 0.02219
6250.0 4950.0 0.04630
6350.0 4950.0 0.08257
50.0 5050.0 -0.03819
150.0 5050.0 -0.17594
250.0 5050.0 -0.33313
350.0 5050.0 -0.41838
450.0 5050.0 -0.36886
550.0 5050.0 -0.21927
650.0 5050.0 -0.06622
750.0 5050.0 0.05030
850.0 5050.0 0.08511
950.0 5050.0 0.01359
1050.0 5050.0 -0.10411
1150.0 5050.0 -0.17789
1250.0 5050.0 -0.14601
1350.0 5050.0 -0.03304
1450.0 5050.0 0.09933
1550.0 5050.0 0.20599
1650.0 5050.0 0.22019
1750.0 5050.0 0.13367
1850.0 5050.0 0.01132
1950.0 5050.0 -0.07513
2050.0 5050.0 -0.13436
2150.0 5050.0 -0.14462
2250.0 5050.0 -0.09402
2350.0 5050.0 -0.01081
2450.0 5050.0 0.05379
2550.0 5050.0 0.06258
2650.0 5050.0 0.03631
2750.0 5050.0 -0.01601
2850.0 5050.0 -0.07488
2950.0 5050.0 -0.10101
3050.0 5050.0 -0.07852
3150.0 5050.0 -0.02487
3250.0 5050.0 0.03317
3350.0 5050.0 0.09069
3450.0 5050.0 0.12822
3550.0 5050.0 0.12282
3650.0 5050.0 0.07914
3750.0 5050.0 0.02973
3850.0 5050.0 0.00331
3950.0 5050.0 0.00948
4050.0 5050.0 0.08338
4150.0 5050.0 0.17284
4250.0 5050.0 0.20338
4350.0 5050.0 0.14387
4450.0 5050.0 0.02113
4550.0 5050.0 -0.10460
4650.0 5050.0 -0.12617
4750.0 5050.0 -0.02083
4850.0 5050.0 0.12964
4950.0 5050.0 0.21469
5050.0 5050.0 0.16660
5150.0 5050.0 0.02560
5250.0 5050.0 -0.08172
5350.0 5050.0 -0.08766
5450.0 5050.0 -0.00113
5550.0 5050.0 0.10776
5650.0 5050.0 0.15122
5750.0 5050.0 0.09838
5850.0 5050.0 0.01249
5950.0 5050.0 -0.08029
6050.0 5050.0 -0.13228
6150.0 5050.0 -0.11437
6250.0 5050.0 -0.04810
6350.0 5050.0 0.01606
50.0 5150.0 0.01959
150.0 5150.0 -0.12039
250.0 5150.0 -0.28188
350.0 5150.0 -0.37275
450.0 5150.0 -0.32830
550.0 5150.0 -0.18179
650.0 5150.0 -0.02970
750.0 5150.0 0.08749
850.0 5150.0 0.13078
950.0 5150.0 0.07784
1050.0 5150.0 -0.01714
1150.0 5150.0 -0.07265
1250.0 5150.0 -0.03270
1350.0 5150.0 0.08070
1450.0 5150.0 0.21280
1550.0 5150.0 0.31963
1650.0 5150.0 0.33483
1750.0 5150.0 0.25002
1850.0 5150.0 0.12943
1950.0 5150.0 0.04425
2050.0 5150.0 -0.02045
2150.0 5150.0 -0.06216
2250.0 5150.0 -0.06720
2350.0 5150.0 -0.04455
2450.0 5150.0 -0.02291
2550.0 5150.0 -0.02908
2650.0 5150.0 -0.05636
2750.0 5150.0 -0.10277
2850.0 5150.0 -0.14648
2950.0 5150.0 -0.15270
3050.0 5150.0 -0.11316
3150.0 5150.0 -0.05115
3250.0 5150.0 0.00834
3350.0 5150.0 0.06765
3450.0 5150.0 0.10907
3550.0 5150.0 0.10900
3650.0 5150.0 0.07048
3750.0 5150.0 0.02452
3850.0 5150.0 -0.00038
3950.0 5150.0 0.00821
4050.0 5150.0 0.08926
4150.0 5150.0 0.18922
4250.0 5150.0 0.22959
4350.0 5150.0 0.17576
4450.0 5150.0 0.05383
4550.0 5150.0 -0.07493
4650.0 5150.0 -0.11601
4750.0 5150.0 -0.05038
4850.0 5150.0 0.05298
4950.0 5150.0 0.10105
5050.0 5150.0 0.03702
5150.0 5150.0 -0.10501
5250.0 5150.0 -0.21357
5350.0 5150.0 -0.22412
5450.0 5150.0 -0.14496
5550.0 5150.0 -0.04374
5650.0 5150.0 -0.00552
5750.0 5150.0 -0.06045
5850.0 5150.0 -0.14389
5950.0 5150.0 -0.22010
6050.0 5150.0 -0.24236
6150.0 5150.0 -0.19191
6250.0 5150.0 -0.10250
6350.0 5150.0 -0.03028
50.0 5250.0 0.08121
150.0 5250.0 -0.04575
250.0 5250.0 -0.19635
350.0 5250.0 -0.28898
450.0 5250.0 -0.26312
550.0 5250.0 -0.14402
650.0 5250.0 -0.01496
750.0 5250.0 0.08558
850.0 5250.0 0.12096
950.0 5250.0 0.07556
1050.0 5250.0 0.00049
1150.0 5250.0 -0.03420
1250.0 5250.0 0.01513
1350.0 5250.0 0.12597
1450.0 5250.0 0.25200
1550.0 5250.0 0.35300
1650.0 5250.0 0.36988
1750.0 5250.0 0.29683
1850.0 5250.0 0.19336
1950.0 5250.0 0.12389
2050.0 5250.0 0.06879
2150.0 5250.0 0.01377
2250.0 5250.0 -0.03193
2350.0 5250.0 -0.06352
2450.0 5250.0 -0.08638
2550.0 5250.0 -0.11115
2650.0 5250.0 -0.14183
2750.0 5250.0 -0.18301
2850.0 5250.0 -0.21447
2950.0 5250.0 -0.21054
3050.0 5250.0 -0.17039
3150.0 5250.0 -0.11832
3250.0 5250.0 -0.07380
3350.0 5250.0 -0.02292
3450.0 5250.0 0.02966
3550.0 5250.0 0.06190
3650.0 5250.0 0.06449
3750.0 5250.0 0.04948
3850.0 5250.0 0.03628
3950.0 5250.0 0.04779
4050.0 5250.0 0.12126
4150.0 5250.0 0.20881
4250.0 5250.0 0.24224
4350.0 5250.0 0.19316
4450.0 5250.0 0.08628
4550.0 5250.0 -0.02745
4650.0 5250.0 -0.08277
4750.0 5250.0 -0.06840
4850.0 5250.0 -0.03137
4950.0 5250.0 -0.03303
5050.0 5250.0 -0.10928
5150.0 5250.0 -0.23601
5250.0 5250.0 -0.32459
5350.0 5250.0 -0.31648
5450.0 5250.0 -0.22816
5550.0 5250.0 -0.12943
5650.0 5250.0 -0.09906
5750.0 5250.0 -0.15933
5850.0 5250.0 -0.24079
5950.0 5250.0 -0.29550
6050.0 5250.0 -0.28314
6150.0 5250.0 -0.20176
6250.0 5250.0 -0.09907
6350.0 5250.0 -0.03341
50.0 5350.0 0.13686
150.0 5350.0 0.04981
250.0 5350.0 -0.05876
350.0 5350.0 -0.13864
450.0 5350.0 -0.14765
550.0 5350.0 -0.09499
650.0 5350.0 -0.02854
750.0 5350.0 0.02227
850.0 5350.0 0.01937
950.0 5350.0 -0.03740
1050.0 5350.0 -0.09548
1150.0 5350.0 -0.10274
1250.0 5350.0 -0.04117
1350.0 5350.0 0.06084
1450.0 5350.0 0.16603
1550.0 5350.0 0.24046
1650.0 5350.0 0.24844
1750.0 5350.0 0.19676
1850.0 5350.0 0.13573
1950.0 5350.0 0.11052
2050.0 5350.0 0.09784
2150.0 5350.0 0.07519
2250.0 5350.0 0.03287
2350.0 5350.0 -0.02718
2450.0 5350.0 -0.09036
2550.0 5350.0 -0.14073
2650.0 5350.0 -0.18190
2750.0 5350.0 -0.21962
2850.0 5350.0 -0.24077
2950.0 5350.0 -0.23816
3050.0 5350.0 -0.22105
3150.0 5350.0 -0.20896
3250.0 5350.0 -0.20911
3350.0 5350.0 -0.19144
3450.0 5350.0 -0.13216
3550.0 5350.0 -0.04253
3650.0 5350.0 0.04584
3750.0 5350.0 0.10164
3850.0 5350.0 0.11882
3950.0 5350.0 0.13704
4050.0 5350.0 0.17990
4150.0 5350.0 0.21681
4250.0 5350.0 0.21470
4350.0 5350.0 0.16895
4450.0 5350.0 0.10250
4550.0 5350.0 0.03677
4650.0 5350.0 -0.01690
4750.0 5350.0 -0.05998
4850.0 5350.0 -0.10492
4950.0 5350.0 -0.16259
5050.0 5350.0 -0.23528
5150.0 5350.0 -0.31435
5250.0 5350.0 -0.34454
5350.0 5350.0 -0.28128
5450.0 5350.0 -0.16507
5550.0 5350.0 -0.07240
5650.0 5350.0 -0.06420
5750.0 5350.0 -0.13988
5850.0 5350.0 -0.22372
5950.0 5350.0 -0.25372
6050.0 5350.0 -0.20421
6150.0 5350.0 -0.09954
6250.0 5350.0 -0.00345
6350.0 5350.0 0.02923
50.0 5450.0 0.15010
150.0 5450.0 0.12123
250.0 5450.0 0.08179
350.0 5450.0 0.03703
450.0 5450.0 -0.00271
550.0 5450.0 -0.03084
650.0 5450.0 -0.04841
750.0 5450.0 -0.06779
850.0 5450.0 -0.12733
950.0 5450.0 -0.20607
1050.0 5450.0 -0.24754
1150.0 5450.0 -0.22208
1250.0 5450.0 -0.14593
1350.0 5450.0 -0.05667
1450.0 5450.0 0.01661
1550.0 5450.0 0.04592
1650.0 5450.0 0.03034
1750.0 5450.0 -0.00151
1850.0 5450.0 -0.00865
1950.0 5450.0 0.02733
2050.0 5450.0 0.07897
2150.0 5450.0 0.12428
2250.0 5450.0 0.12506
2350.0 5450.0 0.06564
2450.0 5450.0 -0.02626
2550.0 5450.0 -0.10369
2650.0 5450.0 -0.15933
2750.0 5450.0 -0.19067
2850.0 5450.0 -0.19402
2950.0 5450.0 -0.18930
3050.0 5450.0 -0.20142
3150.0 5450.0 -0.24419
3250.0 5450.0 -0.30736
3350.0 5450.0 -0.34614
3450.0 5450.0 -0.30611
3550.0 5450.0 -0.17637
3650.0 5450.0 -0.00481
3750.0 5450.0 0.12935
3850.0 5450.0 0.18532
3950.0 5450.0 0.21332
4050.0 5450.0 0.21468
4150.0 5450.0 0.18305
4250.0 5450.0 0.13379
4350.0 5450.0 0.09469
4450.0 5450.0 0.08582
4550.0 5450.0 0.08972
4650.0 5450.0 0.05861
4750.0 5450.0 -0.02232
4850.0 5450.0 -0.13054
4950.0 5450.0 -0.22545
5050.0 5450.0 -0.27473
5150.0 5450.0 -0.28533
5250.0 5450.0 -0.23751
5350.0 5450.0 -0.10880
5450.0 5450.0 0.02946
5550.0 5450.0 0.09781
5650.0 5450.0 0.06591
5750.0 5450.0 -0.03310
5850.0 5450.0 -0.12324
5950.0 5450.0 -0.13209
6050.0 5450.0 -0.05320
6150.0 5450.0 0.06018
6250.0 5450.0 0.13065
6350.0 5450.0 0.11185
50.0 5550.0 0.11150
150.0 5550.0 0.13819
250.0 5550.0 0.17295
350.0 5550.0 0.17901
450.0 5550.0 0.13091
550.0 5550.0 0.04238
650.0 5550.0 -0.04782
750.0 5550.0 -0.13142
850.0 5550.0 -0.24152
950.0 5550.0 -0.33730
1050.0 5550.0 -0.35967
1150.0 5550.0 -0.30107
1250.0 5550.0 -0.21013
1350.0 5550.0 -0.13249
1450.0 5550.0 -0.09109
1550.0 5550.0 -0.11098
1650.0 5550.0 -0.15930
1750.0 5550.0 -0.18326
1850.0 5550.0 -0.14686
1950.0 5550.0 -0.05585
2050.0 5550.0 0.05635
2150.0 5550.0 0.17142
2250.0 5550.0 0.22436
2350.0 5550.0 0.17890
2450.0 5550.0 0.06987
2550.0 5550.0 -0.02946
2650.0 5550.0 -0.09772
2750.0 5550.0 -0.11685
2850.0 5550.0 -0.09021
2950.0 5550.0 -0.06690
3050.0 5550.0 -0.09246
3150.0 5550.0 -0.17961
3250.0 5550.0 -0.30040
3350.0 5550.0 -0.40199
3450.0 5550.0 -0.41208
3550.0 5550.0 -0.29157
3650.0 5550.0 -0.08618
3750.0 5550.0 0.09577
3850.0 5550.0 0.18280
3950.0 5550.0 0.22090
4050.0 5550.0 0.18953
4150.0 5550.0 0.10409
4250.0 5550.0 0.02116
4350.0 5550.0 -0.00524
4450.0 5550.0 0.04080
4550.0 5550.0 0.11012
4650.0 5550.0 0.11382
4750.0 5550.0 0.02819
4850.0 5550.0 -0.10174
4950.0 5550.0 -0.20176
5050.0 5550.0 -0.21673
5150.0 5550.0 -0.16360
5250.0 5550.0 -0.05035
5350.0 5550.0 0.12042
5450.0 5550.0 0.25357
5550.0 5550.0 0.27628
5650.0 5550.0 0.19446
5750.0 5550.0 0.07165
5850.0 5550.0 -0.02568
5950.0 5550.0 -0.02155
6050.0 5550.0 0.07349
6150.0 5550.0 0.18351
6250.0 5550.0 0.22275
6350.0 5550.0 0.15431
50.0 5650.0 0.04910
150.0 5650.0 0.10930
250.0 5650.0 0.19720
350.0 5650.0 0.25155
450.0 5650.0 0.21982
550.0 5650.0 0.11194
650.0 5650.0 -0.01434
750.0 5650.0 -0.13356
850.0 5650.0 -0.26762
950.0 5650.0 -0.36324
1050.0 5650.0 -0.36292
1150.0 5650.0 -0.27599
1250.0 5650.0 -0.17235
1350.0 5650.0 -0.10092
1450.0 5650.0 -0.08006
1550.0 5650.0 -0.13549
1650.0 5650.0 -0.21347
1750.0 5650.0 -0.24346
1850.0 5650.0 -0.18856
1950.0 5650.0 -0.06776
2050.0 5650.0 0.07779
2150.0 5650.0 0.22860
2250.0 5650.0 0.30492
2350.0 5650.0 0.26098
2450.0 5650.0 0.13794
2550.0 5650.0 0.02490
2650.0 5650.0 -0.04951
2750.0 5650.0 -0.05190
2850.0 5650.0 0.01290
2950.0 5650.0 0.07263
3050.0 5650.0 0.06037
3150.0 5650.0 -0.04240
3250.0 5650.0 -0.19511
3350.0 5650.0 -0.34399
3450.0 5650.0 -0.41771
3550.0 5650.0 -0.35265
3650.0 5650.0 -0.17466
3750.0 5650.0 0.00779
3850.0 5650.0 0.10734
3950.0 5650.0 0.15283
4050.0 5650.0 0.11119
4150.0 5650.0 0.00926
4250.0 5650.0 -0.07805
4350.0 5650.0 -0.08735
4450.0 5650.0 -0.00729
4550.0 5650.0 0.09985
4650.0 5650.0 0.13294
4750.0 5650.0 0.06549
4850.0 5650.0 -0.05141
4950.0 5650.0 -0.13416
5050.0 5650.0 -0.12093
5150.0 5650.0 -0.03144
5250.0 5650.0 0.11092
5350.0 5650.0 0.28299
5450.0 5650.0 0.38179
5550.0 5650.0 0.34994
5650.0 5650.0 0.22380
5750.0 5650.0 0.08462
5850.0 5650.0 -0.01701
5950.0 5650.0 -0.00684
6050.0 5650.0 0.09516
6150.0 5650.0 0.20107
6250.0 5650.0 0.22123
6350.0 5650.0 0.12441
50.0 5750.0 -0.00204
150.0 5750.0 0.06708
250.0 5750.0 0.17875
350.0 5750.0 0.26621
450.0 5750.0 0.26343
550.0 5750.0 0.17006
650.0 5750.0 0.04307
750.0 5750.0 -0.08180
850.0 5750.0 -0.21240
950.0 5750.0 -0.29089
1050.0 5750.0 -0.26544
1150.0 5750.0 -0.15636
1250.0 5750.0 -0.04271
1350.0 5750.0 0.02820
1450.0 5750.0 0.04219
1550.0 5750.0 -0.02914
1650.0 5750.0 -0.12597
1750.0 5750.0 -0.16955
1850.0 5750.0 -0.11844
1950.0 5750.0 0.00642
2050.0 5750.0 0.15534
2150.0 5750.0 0.29944
2250.0 5750.0 0.35736
2350.0 5750.0 0.28961
2450.0 5750.0 0.14742
2550.0 5750.0 0.02656
2650.0 5750.0 -0.04764
2750.0 5750.0 -0.03228
2850.0 5750.0 0.07111
2950.0 5750.0 0.17605
3050.0 5750.0 0.19722
3150.0 5750.0 0.10546
3250.0 5750.0 -0.05227
3350.0 5750.0 -0.22481
3450.0 5750.0 -0.35460
3550.0 5750.0 -0.36273
3650.0 5750.0 -0.24802
3750.0 5750.0 -0.09856
3850.0 5750.0 -0.00295
3950.0 5750.0 0.04640
4050.0 5750.0 0.01484
4150.0 5750.0 -0.06984
4250.0 5750.0 -0.13654
4350.0 5750.0 -0.12809
4450.0 5750.0 -0.03722
4550.0 5750.0 0.07771
4650.0 5750.0 0.12412
4750.0 5750.0 0.07692
4850.0 5750.0 -0.01711
4950.0 5750.0 -0.08033
5050.0 5750.0 -0.05473
5150.0 5750.0 0.04172
5250.0 5750.0 0.17903
5350.0 5750.0 0.32122
5450.0 5750.0 0.37135
5550.0 5750.0 0.29061
5650.0 5750.0 0.13447
5750.0 5750.0 -0.01168
5850.0 5750.0 -0.11348
5950.0 5750.0 -0.09935
6050.0 5750.0 0.00873
6150.0 5750.0 0.11894
6250.0 5750.0 0.13905
6350.0 5750.0 0.03810
50.0 5850.0 -0.02755
150.0 5850.0 0.03589
250.0 5850.0 0.15009
350.0 5850.0 0.25291
450.0 5850.0 0.27493
550.0 5850.0 0.20571
650.0 5850.0 0.09296
750.0 5850.0 -0.02288
850.0 5850.0 -0.13350
950.0 5850.0 -0.18068
1050.0 5850.0 -0.12351
1150.0 5850.0 0.00679
1250.0 5850.0 0.12730
1350.0 5850.0 0.19652
1450.0 5850.0 0.20414
1550.0 5850.0 0.11774
1650.0 5850.0 -0.00061
1750.0 5850.0 -0.06554
1850.0 5850.0 -0.02902
1950.0 5850.0 0.08939
2050.0 5850.0 0.23086
2150.0 5850.0 0.35694
2250.0 5850.0 0.38984
2350.0 5850.0 0.29938
2450.0 5850.0 0.14433
2550.0 5850.0 0.02146
2650.0 5850.0 -0.04951
2750.0 5850.0 -0.02068
2850.0 5850.0 0.11092
2950.0 5850.0 0.25247
3050.0 5850.0 0.30675
3150.0 5850.0 0.23484
3250.0 5850.0 0.08558
3350.0 5850.0 -0.09299
3450.0 5850.0 -0.25964
3550.0 5850.0 -0.33015
3650.0 5850.0 -0.28103
3750.0 5850.0 -0.17532
3850.0 5850.0 -0.09436
3950.0 5850.0 -0.04871
4050.0 5850.0 -0.06969
4150.0 5850.0 -0.12961
4250.0 5850.0 -0.16748
4350.0 5850.0 -0.13897
4450.0 5850.0 -0.04356
4550.0 5850.0 0.06893
4650.0 5850.0 0.11759
4750.0 5850.0 0.08005
4850.0 5850.0 0.00049
4950.0 5850.0 -0.04930
5050.0 5850.0 -0.01652
5150.0 5850.0 0.08126
5250.0 5850.0 0.20707
5350.0 5850.0 0.31355
5450.0 5850.0 0.31275
5550.0 5850.0 0.18513
5650.0 5850.0 0.00288
5750.0 5850.0 -0.14743
5850.0 5850.0 -0.24714
5950.0 5850.0 -0.22539
6050.0 5850.0 -0.10357
6150.0 5850.0 0.02297
6250.0 5850.0 0.05665
6350.0 5850.0 -0.03682
50.0 5950.0 0.00709
150.0 5950.0 0.03249
250.0 5950.0 0.09956
350.0 5950.0 0.17175
450.0 5950.0 0.19983
550.0 5950.0 0.16697
650.0 5950.0 0.09555
750.0 5950.0 0.01722
850.0 5950.0 -0.04105
950.0 5950.0 -0.03100
1050.0 5950.0 0.06536
1150.0 5950.0 0.20678
1250.0 5950.0 0.31958
1350.0 5950.0 0.37785
1450.0 5950.0 0.37225
1550.0 5950.0 0.26503
1650.0 5950.0 0.11710
1750.0 5950.0 0.01841
1850.0 5950.0 0.02467
1950.0 5950.0 0.12044
2050.0 5950.0 0.24010
2150.0 5950.0 0.34461
2250.0 5950.0 0.36752
2350.0 5950.0 0.28444
2450.0 5950.0 0.14739
2550.0 5950.0 0.04000
2650.0 5950.0 -0.02193
2750.0 5950.0 0.00356
2850.0 5950.0 0.12421
2950.0 5950.0 0.26273
3050.0 5950.0 0.33157
3150.0 5950.0 0.28952
3250.0 5950.0 0.17580
3350.0 5950.0 0.03513
3450.0 5950.0 -0.10761
3550.0 5950.0 -0.19090
3650.0 5950.0 -0.19049
3750.0 5950.0 -0.14250
3850.0 5950.0 -0.10213
3950.0 5950.0 -0.08503
4050.0 5950.0 -0.11113
4150.0 5950.0 -0.14831
4250.0 5950.0 -0.14964
4350.0 5950.0 -0.09460
4450.0 5950.0 0.00102
4550.0 5950.0 0.09884
4650.0 5950.0 0.12805
4750.0 5950.0 0.07170
4850.0 5950.0 -0.01784
4950.0 5950.0 -0.06682
5050.0 5950.0 -0.02795
5150.0 5950.0 0.07506
5250.0 5950.0 0.19501
5350.0 5950.0 0.27387
5450.0 5950.0 0.23119
5550.0 5950.0 0.06455
5650.0 5950.0 -0.13849
5750.0 5950.0 -0.28977
5850.0 5950.0 -0.38454
5950.0 5950.0 -0.34946
6050.0 5950.0 -0.20088
6150.0 5950.0 -0.03740
6250.0 5950.0 0.03287
6350.0 5950.0 -0.03409
50.0 6050.0 0.07470
150.0 6050.0 0.03430
250.0 6050.0 0.01274
350.0 6050.0 0.01718
450.0 6050.0 0.03807
550.0 6050.0 0.05424
650.0 6050.0 0.04835
750.0 6050.0 0.03132
850.0 6050.0 0.04287
950.0 6050.0 0.10949
1050.0 6050.0 0.22313
1150.0 6050.0 0.34387
1250.0 6050.0 0.42589
1350.0 6050.0 0.46437
1450.0 6050.0 0.44541
1550.0 6050.0 0.32989
1650.0 6050.0 0.17039
1750.0 6050.0 0.05040
1850.0 6050.0 0.02615
1950.0 6050.0 0.08780
2050.0 6050.0 0.17336
2150.0 6050.0 0.25420
2250.0 6050.0 0.28186
2350.0 6050.0 0.23408
2450.0 6050.0 0.14304
2550.0 6050.0 0.06672
2650.0 6050.0 0.01852
2750.0 6050.0 0.02243
2850.0 6050.0 0.09034
2950.0 6050.0 0.18184
3050.0 6050.0 0.24145
3150.0 6050.0 0.23454
3250.0 6050.0 0.17964
3350.0 6050.0 0.11842
3450.0 6050.0 0.06243
3550.0 6050.0 0.02371
3650.0 6050.0 0.00328
3750.0 6050.0 -0.01111
3850.0 6050.0 -0.03246
3950.0 6050.0 -0.06638
4050.0 6050.0 -0.11564
4150.0 6050.0 -0.13924
4250.0 6050.0 -0.10520
4350.0 6050.0 -0.02335
4450.0 6050.0 0.06701
4550.0 6050.0 0.13982
4650.0 6050.0 0.13378
4750.0 6050.0 0.04035
4850.0 6050.0 -0.07256
4950.0 6050.0 -0.12549
5050.0 6050.0 -0.07870
5150.0 6050.0 0.03331
5250.0 6050.0 0.15773
5350.0 6050.0 0.23183
5450.0 6050.0 0.17745
5550.0 6050.0 -0.00091
5650.0 6050.0 -0.20859
5750.0 6050.0 -0.35596
5850.0 6050.0 -0.44627
5950.0 6050.0 -0.40670
6050.0 6050.0 -0.24322
6150.0 6050.0 -0.04921
6250.0 6050.0 0.06115
6350.0 6050.0 0.03215
50.0 6150.0 0.11963
150.0 6150.0 0.01048
250.0 6150.0 -0.10251
350.0 6150.0 -0.16643
450.0 6150.0 -0.15017
550.0 6150.0 -0.08052
650.0 6150.0 -0.01699
750.0 6150.0 0.02882
850.0 6150.0 0.09757
950.0 6150.0 0.18855
1050.0 6150.0 0.27732
1150.0 6150.0 0.34158
1250.0 6150.0 0.37554
1350.0 6150.0 0.39203
1450.0 6150.0 0.36777
1550.0 6150.0 0.26976
1650.0 6150.0 0.13562
1750.0 6150.0 0.02813
1850.0 6150.0 -0.00817
1950.0 6150.0 0.02155
2050.0 6150.0 0.07179
2150.0 6150.0 0.13007
2250.0 6150.0 0.16661
2350.0 6150.0 0.16000
2450.0 6150.0 0.12011
2550.0 6150.0 0.07731
2650.0 6150.0 0.04292
2750.0 6150.0 0.01799
2850.0 6150.0 0.01718
2950.0 6150.0 0.04306
3050.0 6150.0 0.07990
3150.0 6150.0 0.10399
3250.0 6150.0 0.11048
3350.0 6150.0 0.13849
3450.0 6150.0 0.19089
3550.0 6150.0 0.22355
3650.0 6150.0 0.20399
3750.0 6150.0 0.13706
3850.0 6150.0 0.05336
3950.0 6150.0 -0.03559
4050.0 6150.0 -0.11629
4150.0 6150.0 -0.13776
4250.0 6150.0 -0.07937
4350.0 6150.0 0.02187
4450.0 6150.0 0.10397
4550.0 6150.0 0.15090
4650.0 6150.0 0.11190
4750.0 6150.0 -0.01188
4850.0 6150.0 -0.13897
4950.0 6150.0 -0.18776
5050.0 6150.0 -0.12902
5150.0 6150.0 -0.00704
5250.0 6150.0 0.13069
5350.0 6150.0 0.22481
5450.0 6150.0 0.19339
5550.0 6150.0 0.03509
5650.0 6150.0 -0.15926
5750.0 6150.0 -0.29921
5850.0 6150.0 -0.38926
5950.0 6150.0 -0.36539
6050.0 6150.0 -0.22061
6150.0 6150.0 -0.03059
6250.0 6150.0 0.09741
6350.0 6150.0 0.10071
50.0 6250.0 0.10321
150.0 6250.0 -0.05097
250.0 6250.0 -0.21796
350.0 6250.0 -0.31437
450.0 6250.0 -0.28639
550.0 6250.0 -0.17015
650.0 6250.0 -0.05616
750.0 6250.0 0.03097
850.0 6250.0 0.12366
950.0 6250.0 0.19875
1050.0 6250.0 0.23088
1150.0 6250.0 0.22463
1250.0 6250.0 0.21141
1350.0 6250.0 0.21187
1450.0 6250.0 0.19266
1550.0 6250.0 0.13254
1650.0 6250.0 0.05278
1750.0 6250.0 -0.01165
1850.0 6250.0 -0.03630
1950.0 6250.0 -0.02441
2050.0 6250.0 0.00108
2150.0 6250.0 0.04029
2250.0 6250.0 0.07639
2350.0 6250.0 0.09085
2450.0 6250.0 0.08092
2550.0 6250.0 0.05935
2650.0 6250.0 0.03426
2750.0 6250.0 -0.01072
2850.0 6250.0 -0.05920
2950.0 6250.0 -0.07911
3050.0 6250.0 -0.05873
3150.0 6250.0 -0.01406
3250.0 6250.0 0.03404
3350.0 6250.0 0.12266
3450.0 6250.0 0.24882
3550.0 6250.0 0.33022
3650.0 6250.0 0.31155
3750.0 6250.0 0.20913
3850.0 6250.0 0.08317
3950.0 6250.0 -0.04372
4050.0 6250.0 -0.14853
4150.0 6250.0 -0.17330
4250.0 6250.0 -0.10342
4350.0 6250.0 0.00755
4450.0 6250.0 0.08297
4550.0 6250.0 0.11313
4650.0 6250.0 0.05966
4750.0 6250.0 -0.06790
4850.0 6250.0 -0.18424
4950.0 6250.0 -0.21396
5050.0 6250.0 -0.13993
5150.0 6250.0 -0.01046
5250.0 6250.0 0.14155
5350.0 6250.0 0.26455
5450.0 6250.0 0.27023
5550.0 6250.0 0.14531
5650.0 6250.0 -0.02889
5750.0 6250.0 -0.16176
5850.0 6250.0 -0.25639
5950.0 6250.0 -0.26512
6050.0 6250.0 -0.16994
6150.0 6250.0 -0.02134
6250.0 6250.0 0.09234
6350.0 6250.0 0.10946
50.0 6350.0 0.02714
150.0 6350.0 -0.13798
250.0 6350.0 -0.30684
350.0 6350.0 -0.38775
450.0 6350.0 -0.32890
550.0 6350.0 -0.17936
650.0 6350.0 -0.04364
750.0 6350.0 0.05490
850.0 6350.0 0.13951
950.0 6350.0 0.17598
1050.0 6350.0 0.14927
1150.0 6350.0 0.08779
1250.0 6350.0 0.04486
1350.0 6350.0 0.03925
1450.0 6350.0 0.03114
1550.0 6350.0 0.01147
1650.0 6350.0 -0.01039
1750.0 6350.0 -0.02333
1850.0 6350.0 -0.02248
1950.0 6350.0 -0.01184
2050.0 6350.0 0.00406
2150.0 6350.0 0.02774
2250.0 6350.0 0.04719
2350.0 6350.0 0.05058
2450.0 6350.0 0.03780
2550.0 6350.0 0.01889
2650.0 6350.0 -0.00295
2750.0 6350.0 -0.04950
2850.0 6350.0 -0.10274
2950.0 6350.0 -0.12466
3050.0 6350.0 -0.09963
3150.0 6350.0 -0.04426
3250.0 6350.0 0.01690
3350.0 6350.0 0.11908
3450.0 6350.0 0.25281
3550.0 6350.0 0.32773
3650.0 6350.0 0.28946
3750.0 6350.0 0.16483
3850.0 6350.0 0.02372
3950.0 6350.0 -0.11470
4050.0 6350.0 -0.22617
4150.0 6350.0 -0.25063
4250.0 6350.0 -0.17580
4350.0 6350.0 -0.06088
4450.0 6350.0 0.01278
4550.0 6350.0 0.03902
4650.0 6350.0 -0.00661
4750.0 6350.0 -0.10919
4850.0 6350.0 -0.19055
4950.0 6350.0 -0.18910
5050.0 6350.0 -0.09918
5150.0 6350.0 0.03357
5250.0 6350.0 0.19283
5350.0 6350.0 0.33300
5450.0 6350.0 0.36175
5550.0 6350.0 0.25780
5650.0 6350.0 0.09583
5750.0 6350.0 -0.03377
5850.0 6350.0 -0.13538
5950.0 6350.0 -0.17999
6050.0 6350.0 -0.14349
6150.0 6350.0 -0.05321
6250.0 6350.0 0.02515
6350.0 6350.0 0.03701
