50.0 50.0 0.00000
150.0 50.0 -0.05272
250.0 50.0 -0.12037
350.0 50.0 -0.19323
450.0 50.0 -0.25080
550.0 50.0 -0.27494
650.0 50.0 -0.25777
750.0 50.0 -0.20454
850.0 50.0 -0.13118
950.0 50.0 -0.05690
1050.0 50.0 0.00850
1150.0 50.0 0.06804
1250.0 50.0 0.11171
1350.0 50.0 0.12996
1450.0 50.0 0.12013
1550.0 50.0 0.08720
1650.0 50.0 0.04275
1750.0 50.0 0.00220
1850.0 50.0 -0.01982
1950.0 50.0 -0.01579
2050.0 50.0 0.00653
2150.0 50.0 0.02389
2250.0 50.0 0.02246
2350.0 50.0 0.00212
2450.0 50.0 -0.02922
2550.0 50.0 -0.06036
2650.0 50.0 -0.08053
2750.0 50.0 -0.08220
2850.0 50.0 -0.06296
2950.0 50.0 -0.02637
3050.0 50.0 0.01864
3150.0 50.0 0.07616
3250.0 50.0 0.15110
3350.0 50.0 0.22673
3450.0 50.0 0.27996
3550.0 50.0 0.29354
3650.0 50.0 0.26280
3750.0 50.0 0.19690
3850.0 50.0 0.11456
3950.0 50.0 0.03435
4050.0 50.0 -0.03898
4150.0 50.0 -0.09954
4250.0 50.0 -0.13182
4350.0 50.0 -0.12968
4450.0 50.0 -0.09698
4550.0 50.0 -0.04603
4650.0 50.0 0.00555
4750.0 50.0 0.03934
4850.0 50.0 0.04214
4950.0 50.0 0.01346
5050.0 50.0 -0.02896
5150.0 50.0 -0.07731
5250.0 50.0 -0.12717
5350.0 50.0 -0.16621
5450.0 50.0 -0.18290
5550.0 50.0 -0.17210
5650.0 50.0 -0.13738
5750.0 50.0 -0.08976
5850.0 50.0 -0.04314
5950.0 50.0 -0.00623
6050.0 50.0 0.02306
6150.0 50.0 0.03183
6250.0 50.0 0.01256
6350.0 50.0 -0.02742
50.0 150.0 -0.13885
150.0 150.0 -0.19263
250.0 150.0 -0.26287
350.0 150.0 -0.34017
450.0 150.0 -0.40353
550.0 150.0 -0.43383
650.0 150.0 -0.42219
750.0 150.0 -0.37300
850.0 150.0 -0.30178
950.0 150.0 -0.22786
1050.0 150.0 -0.16175
1150.0 150.0 -0.09926
1250.0 150.0 -0.04506
1350.0 150.0 -0.00679
1450.0 150.0 0.01123
1550.0 150.0 0.01004
1650.0 150.0 -0.00372
1750.0 150.0 -0.01931
1850.0 150.0 -0.02523
1950.0 150.0 -0.01431
2050.0 150.0 0.00940
2150.0 150.0 0.03000
2250.0 150.0 0.03871
2350.0 150.0 0.03630
2450.0 150.0 0.02869
2550.0 150.0 0.02340
2650.0 150.0 0.02702
2750.0 150.0 0.04346
2850.0 150.0 0.07308
2950.0 150.0 0.11268
3050.0 150.0 0.15683
3150.0 150.0 0.20997
3250.0 150.0 0.27290
3350.0 150.0 0.32829
3450.0 150.0 0.35535
3550.0 150.0 0.34080
3650.0 150.0 0.28440
3750.0 150.0 0.19908
3850.0 150.0 0.10564
3950.0 150.0 0.02194
4050.0 150.0 -0.05158
4150.0 150.0 -0.11386
4250.0 150.0 -0.15107
4350.0 150.0 -0.15700
4450.0 150.0 -0.13433
4550.0 150.0 -0.09366
4650.0 150.0 -0.05085
4750.0 150.0 -0.02299
4850.0 150.0 -0.02274
4950.0 150.0 -0.05116
5050.0 150.0 -0.09252
5150.0 150.0 -0.14216
5250.0 150.0 -0.19761
5350.0 150.0 -0.24661
5450.0 150.0 -0.27632
5550.0 150.0 -0.27949
5650.0 150.0 -0.25731
5750.0 150.0 -0.21877
5850.0 150.0 -0.17673
5950.0 150.0 -0.14061
6050.0 150.0 -0.11061
6150.0 150.0 -0.09877
6250.0 150.0 -0.11123
6350.0 150.0 -0.14087
50.0 250.0 -0.30097
150.0 250.0 -0.35956
250.0 250.0 -0.43733
350.0 250.0 -0.52461
450.0 250.0 -0.59848
550.0 250.0 -0.63755
650.0 250.0 -0.63125
750.0 250.0 -0.58336
850.0 250.0 -0.50997
950.0 250.0 -0.43179
1050.0 250.0 -0.36079
1150.0 250.0 -0.29180
1250.0 250.0 -0.22545
1350.0 250.0 -0.16801
1450.0 250.0 -0.12511
1550.0 250.0 -0.09869
1650.0 250.0 -0.08578
1750.0 250.0 -0.07906
1850.0 250.0 -0.06930
1950.0 250.0 -0.04950
2050.0 250.0 -0.02092
2150.0 250.0 0.00678
2250.0 250.0 0.02938
2350.0 250.0 0.04727
2450.0 250.0 0.06307
2550.0 250.0 0.08002
2650.0 250.0 0.10093
2750.0 250.0 0.12742
2850.0 250.0 0.15955
2950.0 250.0 0.19590
3050.0 250.0 0.23426
3150.0 250.0 0.27985
3250.0 250.0 0.33193
3350.0 250.0 0.37382
3450.0 250.0 0.38658
3550.0 250.0 0.35903
3650.0 250.0 0.29257
3750.0 250.0 0.20090
3850.0 250.0 0.10456
3950.0 250.0 0.02029
4050.0 250.0 -0.05327
4150.0 250.0 -0.11976
4250.0 250.0 -0.16889
4350.0 250.0 -0.19356
4450.0 250.0 -0.19300
4550.0 250.0 -0.17343
4650.0 250.0 -0.14677
4750.0 250.0 -0.12755
4850.0 250.0 -0.12796
4950.0 250.0 -0.15100
5050.0 250.0 -0.18509
5150.0 250.0 -0.22960
5250.0 250.0 -0.28430
5350.0 250.0 -0.33771
5450.0 250.0 -0.37630
5550.0 250.0 -0.39091
5650.0 250.0 -0.38003
5750.0 250.0 -0.34991
5850.0 250.0 -0.31157
5950.0 250.0 -0.27463
6050.0 250.0 -0.24189
6150.0 250.0 -0.22394
6250.0 250.0 -0.22482
6350.0 250.0 -0.23745
50.0 350.0 -0.46117
150.0 350.0 -0.52960
250.0 350.0 -0.62119
350.0 350.0 -0.72512
450.0 350.0 -0.81466
550.0 350.0 -0.86456
650.0 350.0 -0.86189
750.0 350.0 -0.81038
850.0 350.0 -0.72818
950.0 350.0 -0.63911
1050.0 350.0 -0.55749
1150.0 350.0 -0.47756
1250.0 350.0 -0.39854
1350.0 350.0 -0.32642
1450.0 350.0 -0.26736
1550.0 350.0 -0.22430
1650.0 350.0 -0.19537
1750.0 350.0 -0.17418
1850.0 350.0 -0.15196
1950.0 350.0 -0.12162
2050.0 350.0 -0.08355
2150.0 350.0 -0.04378
2250.0 350.0 -0.00316
2350.0 350.0 0.03647
2450.0 350.0 0.07280
2550.0 350.0 0.10437
2650.0 350.0 0.13117
2750.0 350.0 0.15473
2850.0 350.0 0.17747
2950.0 350.0 0.20157
3050.0 350.0 0.22744
3150.0 350.0 0.26116
3250.0 350.0 0.30397
3350.0 350.0 0.34148
3450.0 350.0 0.35600
3550.0 350.0 0.33594
3650.0 350.0 0.28056
3750.0 350.0 0.20023
3850.0 350.0 0.11211
3950.0 350.0 0.03121
4050.0 350.0 -0.04215
4150.0 350.0 -0.11549
4250.0 350.0 -0.18387
4350.0 350.0 -0.23817
4450.0 350.0 -0.27149
4550.0 350.0 -0.28279
4650.0 350.0 -0.27781
4750.0 350.0 -0.26759
4850.0 350.0 -0.26428
4950.0 350.0 -0.27447
5050.0 350.0 -0.29290
5150.0 350.0 -0.32358
5250.0 350.0 -0.36898
5350.0 350.0 -0.41937
5450.0 350.0 -0.46134
5550.0 350.0 -0.48407
5650.0 350.0 -0.48293
5750.0 350.0 -0.46044
5850.0 350.0 -0.42464
5950.0 350.0 -0.38473
6050.0 350.0 -0.34664
6150.0 350.0 -0.31992
6250.0 350.0 -0.30621
6350.0 350.0 -0.29808
50.0 450.0 -0.57568
150.0 450.0 -0.65823
250.0 450.0 -0.76860
350.0 450.0 -0.89383
450.0 450.0 -1.00188
550.0 450.0 -1.06247
650.0 450.0 -1.06005
750.0 450.0 -0.99906
850.0 450.0 -0.90120
950.0 450.0 -0.79504
1050.0 450.0 -0.69775
1150.0 450.0 -0.60350
1250.0 450.0 -0.51357
1350.0 450.0 -0.43502
1450.0 450.0 -0.37356
1550.0 450.0 -0.33048
1650.0 450.0 -0.30162
1750.0 450.0 -0.27826
1850.0 450.0 -0.24990
1950.0 450.0 -0.20900
2050.0 450.0 -0.15755
2150.0 450.0 -0.10171
2250.0 450.0 -0.04072
2350.0 450.0 0.01953
2450.0 450.0 0.07070
2550.0 450.0 0.10667
2650.0 450.0 0.12605
2750.0 450.0 0.13271
2850.0 450.0 0.13410
2950.0 450.0 0.13756
3050.0 450.0 0.14507
3150.0 450.0 0.16315
3250.0 450.0 0.19805
3350.0 450.0 0.23906
3450.0 450.0 0.26924
3550.0 450.0 0.27441
3650.0 450.0 0.24843
3750.0 450.0 0.19478
3850.0 450.0 0.12450
3950.0 450.0 0.05042
4050.0 450.0 -0.02247
4150.0 450.0 -0.10402
4250.0 450.0 -0.19521
4350.0 450.0 -0.28386
4450.0 450.0 -0.35523
4550.0 450.0 -0.39940
4650.0 450.0 -0.41507
4750.0 450.0 -0.40981
4850.0 450.0 -0.39658
4950.0 450.0 -0.38677
5050.0 450.0 -0.38221
5150.0 450.0 -0.39151
5250.0 450.0 -0.42027
5350.0 450.0 -0.46133
5450.0 450.0 -0.50209
5550.0 450.0 -0.53024
5650.0 450.0 -0.53764
5750.0 450.0 -0.52221
5850.0 450.0 -0.48799
5950.0 450.0 -0.44324
6050.0 450.0 -0.39777
6150.0 450.0 -0.36189
6250.0 450.0 -0.33549
6350.0 450.0 -0.31034
50.0 550.0 -0.60945
150.0 550.0 -0.70835
250.0 550.0 -0.83956
350.0 550.0 -0.98724
450.0 550.0 -1.11330
550.0 550.0 -1.18206
650.0 550.0 -1.17562
750.0 550.0 -1.09989
850.0 550.0 -0.98129
950.0 550.0 -0.85404
1050.0 550.0 -0.73822
1150.0 550.0 -0.62839
1250.0 550.0 -0.53130
1350.0 550.0 -0.45641
1450.0 550.0 -0.40790
1550.0 550.0 -0.38285
1650.0 550.0 -0.37156
1750.0 550.0 -0.35981
1850.0 550.0 -0.33320
1950.0 550.0 -0.28348
2050.0 550.0 -0.21671
2150.0 550.0 -0.14299
2250.0 550.0 -0.06194
2350.0 550.0 0.01536
2450.0 550.0 0.07418
2550.0 550.0 0.10439
2650.0 550.0 0.10475
2750.0 550.0 0.08344
2850.0 550.0 0.05482
2950.0 550.0 0.03229
3050.0 550.0 0.01814
3150.0 550.0 0.01850
3250.0 550.0 0.04619
3350.0 550.0 0.09499
3450.0 550.0 0.14842
3550.0 550.0 0.18853
3650.0 550.0 0.20197
3750.0 550.0 0.18339
3850.0 550.0 0.13623
3950.0 550.0 0.07085
4050.0 550.0 -0.00138
4150.0 550.0 -0.09063
4250.0 550.0 -0.20304
4350.0 550.0 -0.32271
4450.0 550.0 -0.42675
4550.0 550.0 -0.49670
4650.0 550.0 -0.52505
4750.0 550.0 -0.51702
4850.0 550.0 -0.48744
4950.0 550.0 -0.45283
5050.0 550.0 -0.42124
5150.0 550.0 -0.40505
5250.0 550.0 -0.41324
5350.0 550.0 -0.44166
5450.0 550.0 -0.47888
5550.0 550.0 -0.51120
5650.0 550.0 -0.52668
5750.0 550.0 -0.51814
5850.0 550.0 -0.48505
5950.0 550.0 -0.43445
6050.0 550.0 -0.38077
6150.0 550.0 -0.33791
6250.0 550.0 -0.30560
6350.0 550.0 -0.27432
50.0 650.0 -0.55194
150.0 650.0 -0.66684
250.0 650.0 -0.81755
350.0 650.0 -0.98510
450.0 650.0 -1.12557
550.0 650.0 -1.19842
650.0 650.0 -1.18405
750.0 650.0 -1.09049
850.0 650.0 -0.94921
950.0 650.0 -0.80015
1050.0 650.0 -0.66589
1150.0 650.0 -0.54162
1250.0 650.0 -0.44196
1350.0 650.0 -0.37965
1450.0 650.0 -0.35657
1550.0 650.0 -0.36381
1650.0 650.0 -0.38386
1750.0 650.0 -0.39491
1850.0 650.0 -0.37721
1950.0 650.0 -0.32164
2050.0 650.0 -0.23998
2150.0 650.0 -0.14926
2250.0 650.0 -0.05090
2350.0 650.0 0.03852
2450.0 650.0 0.09845
2550.0 650.0 0.11574
2650.0 650.0 0.09044
2750.0 650.0 0.03610
2850.0 650.0 -0.02546
2950.0 650.0 -0.07488
3050.0 650.0 -0.11053
3150.0 650.0 -0.12775
3250.0 650.0 -0.10737
3350.0 650.0 -0.05122
3450.0 650.0 0.02475
3550.0 650.0 0.09894
3650.0 650.0 0.15091
3750.0 650.0 0.16666
3850.0 650.0 0.14216
3950.0 650.0 0.08531
4050.0 650.0 0.01386
4150.0 650.0 -0.08100
4250.0 650.0 -0.20854
4350.0 650.0 -0.34902
4450.0 650.0 -0.47270
4550.0 650.0 -0.55461
4650.0 650.0 -0.58328
4750.0 650.0 -0.56344
4850.0 650.0 -0.51269
4950.0 650.0 -0.45219
5050.0 650.0 -0.39383
5150.0 650.0 -0.35253
5250.0 650.0 -0.34064
5350.0 650.0 -0.35699
5450.0 650.0 -0.39123
5550.0 650.0 -0.42821
5650.0 650.0 -0.45217
5750.0 650.0 -0.45079
5850.0 650.0 -0.41900
5950.0 650.0 -0.36265
6050.0 650.0 -0.30132
6150.0 650.0 -0.25554
6250.0 650.0 -0.22684
6350.0 650.0 -0.20407
50.0 750.0 -0.42160
150.0 750.0 -0.54960
250.0 750.0 -0.71551
350.0 750.0 -0.89743
450.0 750.0 -1.04675
550.0 750.0 -1.11933
650.0 750.0 -1.09475
750.0 750.0 -0.98335
850.0 750.0 -0.82125
950.0 750.0 -0.65320
1050.0 750.0 -0.50351
1150.0 750.0 -0.36802
1250.0 750.0 -0.26977
1350.0 750.0 -0.22494
1450.0 750.0 -0.23290
1550.0 750.0 -0.27833
1650.0 750.0 -0.33541
1750.0 750.0 -0.37428
1850.0 750.0 -0.36963
1950.0 750.0 -0.31144
2050.0 750.0 -0.21765
2150.0 750.0 -0.11316
2250.0 750.0 -0.00186
2350.0 750.0 0.09496
2450.0 750.0 0.15217
2550.0 750.0 0.15466
2650.0 750.0 0.10420
2750.0 750.0 0.01939
2850.0 750.0 -0.07137
2950.0 750.0 -0.14379
3050.0 750.0 -0.19737
3150.0 750.0 -0.22984
3250.0 750.0 -0.21769
3350.0 750.0 -0.15919
3450.0 750.0 -0.06949
3550.0 750.0 0.02753
3650.0 750.0 0.10646
3750.0 750.0 0.14688
3850.0 750.0 0.13898
3950.0 750.0 0.08850
4050.0 750.0 0.01777
4150.0 750.0 -0.07964
4250.0 750.0 -0.21361
4350.0 750.0 -0.36105
4450.0 750.0 -0.48778
4550.0 750.0 -0.56547
4650.0 750.0 -0.58162
4750.0 750.0 -0.54247
4850.0 750.0 -0.46892
4950.0 750.0 -0.38544
5050.0 750.0 -0.30487
5150.0 750.0 -0.24325
5250.0 750.0 -0.21604
5350.0 750.0 -0.22457
5450.0 750.0 -0.25911
5550.0 750.0 -0.30285
5650.0 750.0 -0.33641
5750.0 750.0 -0.34281
5850.0 750.0 -0.31305
5950.0 750.0 -0.25215
6050.0 750.0 -0.18495
6150.0 750.0 -0.14090
6250.0 750.0 -0.12507
6350.0 750.0 -0.12458
50.0 850.0 -0.25875
150.0 850.0 -0.39524
250.0 850.0 -0.57023
350.0 850.0 -0.75962
450.0 850.0 -0.91183
550.0 850.0 -0.98078
650.0 850.0 -0.94604
750.0 850.0 -0.82003
850.0 850.0 -0.64231
950.0 850.0 -0.46092
1050.0 850.0 -0.30092
1150.0 850.0 -0.15860
1250.0 850.0 -0.06396
1350.0 850.0 -0.03595
1450.0 850.0 -0.07186
1550.0 850.0 -0.15102
1650.0 850.0 -0.24080
1750.0 850.0 -0.30472
1850.0 850.0 -0.31290
1950.0 850.0 -0.25469
2050.0 850.0 -0.15306
2150.0 850.0 -0.03957
2250.0 850.0 0.07996
2350.0 850.0 0.18106
2450.0 850.0 0.23567
2550.0 850.0 0.22747
2650.0 850.0 0.15954
2750.0 850.0 0.05393
2850.0 850.0 -0.05652
2950.0 850.0 -0.14428
3050.0 850.0 -0.20973
3150.0 850.0 -0.25355
3250.0 850.0 -0.25107
3350.0 850.0 -0.19853
3450.0 850.0 -0.10968
3550.0 850.0 -0.00842
3650.0 850.0 0.07829
3750.0 850.0 0.12731
3850.0 850.0 0.12593
3950.0 850.0 0.07824
4050.0 850.0 0.00805
4150.0 850.0 -0.08876
4250.0 850.0 -0.22032
4350.0 850.0 -0.36121
4450.0 850.0 -0.47561
4550.0 850.0 -0.53519
4650.0 850.0 -0.52923
4750.0 850.0 -0.46706
4850.0 850.0 -0.37282
4950.0 850.0 -0.27260
5050.0 850.0 -0.17743
5150.0 850.0 -0.10338
5250.0 850.0 -0.06866
5350.0 850.0 -0.07620
5450.0 850.0 -0.11615
5550.0 850.0 -0.16980
5650.0 850.0 -0.21449
5750.0 850.0 -0.22948
5850.0 850.0 -0.20285
5950.0 850.0 -0.13937
6050.0 850.0 -0.06883
6150.0 850.0 -0.03039
6250.0 850.0 -0.03370
6350.0 850.0 -0.06430
50.0 950.0 -0.10720
150.0 950.0 -0.24722
250.0 950.0 -0.42515
350.0 950.0 -0.61566
450.0 950.0 -0.76600
550.0 950.0 -0.82969
650.0 950.0 -0.78689
750.0 950.0 -0.65148
850.0 950.0 -0.46495
950.0 950.0 -0.27686
1050.0 950.0 -0.11226
1150.0 950.0 0.03259
1250.0 950.0 0.12359
1350.0 950.0 0.14015
1450.0 950.0 0.08625
1550.0 950.0 -0.01427
1650.0 950.0 -0.12474
1750.0 950.0 -0.20478
1850.0 950.0 -0.22186
1950.0 950.0 -0.16495
2050.0 950.0 -0.06002
2150.0 950.0 0.05761
2250.0 950.0 0.18153
2350.0 950.0 0.28601
2450.0 950.0 0.34152
2550.0 950.0 0.33096
2650.0 950.0 0.25757
2750.0 950.0 0.14459
2850.0 950.0 0.02659
2950.0 950.0 -0.06749
3050.0 950.0 -0.13816
3150.0 950.0 -0.18906
3250.0 950.0 -0.19780
3350.0 950.0 -0.16023
3450.0 950.0 -0.08813
3550.0 950.0 -0.00292
3650.0 950.0 0.07065
3750.0 950.0 0.11077
3850.0 950.0 0.10490
3950.0 950.0 0.05608
4050.0 950.0 -0.01381
4150.0 950.0 -0.10760
4250.0 950.0 -0.23011
4350.0 950.0 -0.35465
4450.0 950.0 -0.44636
4550.0 950.0 -0.47955
4650.0 950.0 -0.44725
4750.0 950.0 -0.36262
4850.0 950.0 -0.25253
4950.0 950.0 -0.14311
5050.0 950.0 -0.04167
5150.0 950.0 0.03619
5250.0 950.0 0.06997
5350.0 950.0 0.05610
5450.0 950.0 0.00534
5550.0 950.0 -0.06146
5650.0 950.0 -0.11879
5750.0 950.0 -0.14313
5850.0 950.0 -0.12077
5950.0 950.0 -0.05685
6050.0 950.0 0.01451
6150.0 950.0 0.04511
6250.0 950.0 0.02064
6350.0 950.0 -0.04328
50.0 1050.0 0.01565
150.0 1050.0 -0.12461
250.0 1050.0 -0.30164
350.0 1050.0 -0.48953
450.0 1050.0 -0.63560
550.0 1050.0 -0.69386
650.0 1050.0 -0.64531
750.0 1050.0 -0.50477
850.0 1050.0 -0.31450
950.0 1050.0 -0.12441
1050.0 1050.0 0.04095
1150.0 1050.0 0.18568
1250.0 1050.0 0.27406
1350.0 1050.0 0.28486
1450.0 1050.0 0.22262
1550.0 1050.0 0.11242
1650.0 1050.0 -0.00739
1750.0 1050.0 -0.09491
1850.0 1050.0 -0.11656
1950.0 1050.0 -0.06117
2050.0 1050.0 0.04407
2150.0 1050.0 0.16274
2250.0 1050.0 0.28909
2350.0 1050.0 0.39746
2450.0 1050.0 0.45779
2550.0 1050.0 0.45216
2650.0 1050.0 0.38300
2750.0 1050.0 0.27294
2850.0 1050.0 0.15630
2950.0 1050.0 0.06224
3050.0 1050.0 -0.00917
3150.0 1050.0 -0.06427
3250.0 1050.0 -0.08527
3350.0 1050.0 -0.06871
3450.0 1050.0 -0.02400
3550.0 1050.0 0.03160
3650.0 1050.0 0.07801
3750.0 1050.0 0.09750
3850.0 1050.0 0.07979
3950.0 1050.0 0.02720
4050.0 1050.0 -0.04259
4150.0 1050.0 -0.13221
4250.0 1050.0 -0.24253
4350.0 1050.0 -0.34645
4450.0 1050.0 -0.41143
4550.0 1050.0 -0.41579
4650.0 1050.0 -0.35710
4750.0 1050.0 -0.25249
4850.0 1050.0 -0.13096
4950.0 1050.0 -0.01772
5050.0 1050.0 0.08441
5150.0 1050.0 0.16032
5250.0 1050.0 0.18755
5350.0 1050.0 0.16251
5450.0 1050.0 0.09740
5550.0 1050.0 0.01537
5650.0 1050.0 -0.05555
5750.0 1050.0 -0.08970
5850.0 1050.0 -0.07234
5950.0 1050.0 -0.00941
6050.0 1050.0 0.06118
6150.0 1050.0 0.08335
6250.0 1050.0 0.03854
6350.0 1050.0 -0.05682
50.0 1150.0 0.11581
150.0 1150.0 -0.02240
250.0 1150.0 -0.19532
350.0 1150.0 -0.37697
450.0 1150.0 -0.51576
550.0 1150.0 -0.56723
650.0 1150.0 -0.51370
750.0 1150.0 -0.37075
850.0 1150.0 -0.18065
950.0 1150.0 0.00733
1050.0 1150.0 0.16967
1150.0 1150.0 0.31104
1250.0 1150.0 0.39547
1350.0 1150.0 0.40204
1450.0 1150.0 0.33592
1550.0 1150.0 0.22281
1650.0 1150.0 0.10132
1750.0 1150.0 0.01326
1850.0 1150.0 -0.00823
1950.0 1150.0 0.04749
2050.0 1150.0 0.15292
2150.0 1150.0 0.27242
2250.0 1150.0 0.40158
2350.0 1150.0 0.51511
2450.0 1150.0 0.58252
2550.0 1150.0 0.58489
2650.0 1150.0 0.52345
2750.0 1150.0 0.41966
2850.0 1150.0 0.30707
2950.0 1150.0 0.21480
3050.0 1150.0 0.14387
3150.0 1150.0 0.08507
3250.0 1150.0 0.05061
3350.0 1150.0 0.04285
3450.0 1150.0 0.05499
3550.0 1150.0 0.07466
3650.0 1150.0 0.08758
3750.0 1150.0 0.08118
3850.0 1150.0 0.04824
3950.0 1150.0 -0.00947
4050.0 1150.0 -0.07956
4150.0 1150.0 -0.16535
4250.0 1150.0 -0.26393
4350.0 1150.0 -0.34793
4450.0 1150.0 -0.38725
4550.0 1150.0 -0.36425
4650.0 1150.0 -0.28095
4750.0 1150.0 -0.15823
4850.0 1150.0 -0.02700
4950.0 1150.0 0.08858
5050.0 1150.0 0.19009
5150.0 1150.0 0.26357
5250.0 1150.0 0.28498
5350.0 1150.0 0.25038
5450.0 1150.0 0.17272
5550.0 1150.0 0.07672
5650.0 1150.0 -0.00759
5750.0 1150.0 -0.05266
5850.0 1150.0 -0.04263
5950.0 1150.0 0.01625
6050.0 1150.0 0.08305
6150.0 1150.0 0.09549
6250.0 1150.0 0.03159
6350.0 1150.0 -0.09164
50.0 1250.0 0.15788
150.0 1250.0 0.02822
250.0 1250.0 -0.13122
350.0 1250.0 -0.29563
450.0 1250.0 -0.41775
550.0 1250.0 -0.45774
650.0 1250.0 -0.40086
750.0 1250.0 -0.26306
850.0 1250.0 -0.08452
950.0 1250.0 0.08900
1050.0 1250.0 0.23678
1150.0 1250.0 0.36440
1250.0 1250.0 0.43856
1350.0 1250.0 0.44140
1450.0 1250.0 0.37971
1550.0 1250.0 0.27868
1650.0 1250.0 0.17415
1750.0 1250.0 0.10357
1850.0 1250.0 0.09552
1950.0 1250.0 0.15780
2050.0 1250.0 0.26460
2150.0 1250.0 0.38575
2250.0 1250.0 0.51932
2350.0 1250.0 0.64074
2450.0 1250.0 0.71905
2550.0 1250.0 0.73409
2650.0 1250.0 0.68529
2750.0 1250.0 0.59231
2850.0 1250.0 0.48739
2950.0 1250.0 0.39946
3050.0 1250.0 0.33086
3150.0 1250.0 0.26921
3250.0 1250.0 0.21955
3350.0 1250.0 0.18244
3450.0 1250.0 0.15392
3550.0 1250.0 0.12764
3650.0 1250.0 0.09674
3750.0 1250.0 0.05561
3850.0 1250.0 0.00150
3950.0 1250.0 -0.06416
4050.0 1250.0 -0.13585
4150.0 1250.0 -0.21974
4250.0 1250.0 -0.30994
4350.0 1250.0 -0.37897
4450.0 1250.0 -0.39886
4550.0 1250.0 -0.35528
4650.0 1250.0 -0.25387
4750.0 1250.0 -0.11846
4850.0 1250.0 0.01860
4950.0 1250.0 0.13408
5050.0 1250.0 0.23346
5150.0 1250.0 0.30618
5250.0 1250.0 0.32805
5350.0 1250.0 0.29320
5450.0 1250.0 0.21246
5550.0 1250.0 0.10928
5650.0 1250.0 0.01371
5750.0 1250.0 -0.04545
5850.0 1250.0 -0.05036
5950.0 1250.0 -0.00575
6050.0 1250.0 0.04723
6150.0 1250.0 0.04566
6250.0 1250.0 -0.03282
6350.0 1250.0 -0.17148
50.0 1350.0 0.12946
150.0 1350.0 0.01644
250.0 1350.0 -0.11801
350.0 1350.0 -0.25191
450.0 1350.0 -0.34636
550.0 1350.0 -0.36987
650.0 1350.0 -0.31255
750.0 1350.0 -0.19012
850.0 1350.0 -0.03789
950.0 1350.0 0.10547
1050.0 1350.0 0.22419
1150.0 1350.0 0.32478
1250.0 1350.0 0.37964
1350.0 1350.0 0.37712
1450.0 1350.0 0.32712
1550.0 1350.0 0.25333
1650.0 1350.0 0.18562
1750.0 1350.0 0.15232
1850.0 1350.0 0.17254
1950.0 1350.0 0.24847
2050.0 1350.0 0.35803
2150.0 1350.0 0.48150
2250.0 1350.0 0.62020
2350.0 1350.0 0.75048
2450.0 1350.0 0.84121
2550.0 1350.0 0.87101
2650.0 1350.0 0.83749
2750.0 1350.0 0.75826
2850.0 1350.0 0.66391
2950.0 1350.0 0.58289
3050.0 1350.0 0.51894
3150.0 1350.0 0.45673
3250.0 1350.0 0.39380
3350.0 1350.0 0.32826
3450.0 1350.0 0.25855
3550.0 1350.0 0.18421
3650.0 1350.0 0.10622
3750.0 1350.0 0.02672
3850.0 1350.0 -0.05174
3950.0 1350.0 -0.12752
4050.0 1350.0 -0.20240
4150.0 1350.0 -0.28712
4250.0 1350.0 -0.37410
4350.0 1350.0 -0.43599
4450.0 1350.0 -0.44627
4550.0 1350.0 -0.39281
4650.0 1350.0 -0.28340
4750.0 1350.0 -0.14357
4850.0 1350.0 -0.00634
4950.0 1350.0 0.10579
5050.0 1350.0 0.20114
5150.0 1350.0 0.27561
5250.0 1350.0 0.30681
5350.0 1350.0 0.28499
5450.0 1350.0 0.21507
5550.0 1350.0 0.11531
5650.0 1350.0 0.01297
5750.0 1350.0 -0.06289
5850.0 1350.0 -0.09159
5950.0 1350.0 -0.07391
6050.0 1350.0 -0.04720
6150.0 1350.0 -0.06722
6250.0 1350.0 -0.15240
6350.0 1350.0 -0.28747
50.0 1450.0 0.04571
150.0 1450.0 -0.04403
250.0 1450.0 -0.14430
350.0 1450.0 -0.23738
450.0 1450.0 -0.29602
550.0 1450.0 -0.30006
650.0 1450.0 -0.24585
750.0 1450.0 -0.14819
850.0 1450.0 -0.03509
950.0 1450.0 0.06487
1050.0 1450.0 0.14249
1150.0 1450.0 0.20477
1250.0 1450.0 0.23139
1350.0 1450.0 0.21933
1450.0 1450.0 0.18296
1550.0 1450.0 0.14434
1650.0 1450.0 0.12540
1750.0 1450.0 0.14210
1850.0 1450.0 0.20056
1950.0 1450.0 0.29510
2050.0 1450.0 0.40848
2150.0 1450.0 0.53441
2250.0 1450.0 0.67714
2350.0 1450.0 0.81398
2450.0 1450.0 0.91410
2550.0 1450.0 0.95567
2650.0 1450.0 0.93512
2750.0 1450.0 0.86852
2850.0 1450.0 0.78496
2950.0 1450.0 0.71220
3050.0 1450.0 0.65482
3150.0 1450.0 0.59554
3250.0 1450.0 0.52618
3350.0 1450.0 0.44226
3450.0 1450.0 0.34317
3550.0 1450.0 0.23244
3650.0 1450.0 0.11704
3750.0 1450.0 0.00561
3850.0 1450.0 -0.09433
3950.0 1450.0 -0.18025
4050.0 1450.0 -0.25961
4150.0 1450.0 -0.34783
4250.0 1450.0 -0.43708
4350.0 1450.0 -0.50031
4450.0 1450.0 -0.51175
4550.0 1450.0 -0.46001
4650.0 1450.0 -0.35351
4750.0 1450.0 -0.21796
4850.0 1450.0 -0.08627
4950.0 1450.0 0.01953
5050.0 1450.0 0.10932
5150.0 1450.0 0.18809
5250.0 1450.0 0.23725
5350.0 1450.0 0.24150
5450.0 1450.0 0.19646
5550.0 1450.0 0.11159
5650.0 1450.0 0.00860
5750.0 1450.0 -0.08442
5850.0 1450.0 -0.14337
5950.0 1450.0 -0.16286
6050.0 1450.0 -0.17259
6150.0 1450.0 -0.21353
6250.0 1450.0 -0.29606
6350.0 1450.0 -0.40742
50.0 1550.0 -0.06188
150.0 1550.0 -0.12510
250.0 1550.0 -0.18698
350.0 1550.0 -0.23495
450.0 1550.0 -0.25496
550.0 1550.0 -0.23952
650.0 1550.0 -0.19163
750.0 1550.0 -0.12464
850.0 1550.0 -0.05788
950.0 1550.0 -0.00828
1050.0 1550.0 0.02218
1150.0 1550.0 0.04009
1250.0 1550.0 0.03215
1350.0 1550.0 0.00476
1450.0 1550.0 -0.02219
1550.0 1550.0 -0.02763
1650.0 1550.0 0.00241
1750.0 1550.0 0.07082
1850.0 1550.0 0.16956
1950.0 1550.0 0.28401
2050.0 1550.0 0.40162
2150.0 1550.0 0.52951
2250.0 1550.0 0.67358
2350.0 1550.0 0.81181
2450.0 1550.0 0.91434
2550.0 1550.0 0.96005
2650.0 1550.0 0.94554
2750.0 1550.0 0.88645
2850.0 1550.0 0.81105
2950.0 1550.0 0.74623
3050.0 1550.0 0.69636
3150.0 1550.0 0.64380
3250.0 1550.0 0.57818
3350.0 1550.0 0.49281
3450.0 1550.0 0.38601
3550.0 1550.0 0.26194
3650.0 1550.0 0.12990
3750.0 1550.0 0.00197
3850.0 1550.0 -0.11097
3950.0 1550.0 -0.20479
4050.0 1550.0 -0.28920
4150.0 1550.0 -0.38280
4250.0 1550.0 -0.47861
4350.0 1550.0 -0.55005
4450.0 1550.0 -0.57137
4550.0 1550.0 -0.53078
4650.0 1550.0 -0.43585
4750.0 1550.0 -0.31135
4850.0 1550.0 -0.18937
4950.0 1550.0 -0.09176
5050.0 1550.0 -0.00824
5150.0 1550.0 0.07673
5250.0 1550.0 0.14981
5350.0 1550.0 0.18931
5450.0 1550.0 0.17950
5550.0 1550.0 0.11870
5650.0 1550.0 0.02116
5750.0 1550.0 -0.08706
5850.0 1550.0 -0.17833
5950.0 1550.0 -0.23985
6050.0 1550.0 -0.29092
6150.0 1550.0 -0.35248
6250.0 1550.0 -0.42404
6350.0 1550.0 -0.49599
50.0 1650.0 -0.15593
150.0 1650.0 -0.19360
250.0 1650.0 -0.21896
350.0 1650.0 -0.22459
450.0 1650.0 -0.20912
550.0 1650.0 -0.17702
650.0 1650.0 -0.13742
750.0 1650.0 -0.10189
850.0 1650.0 -0.08114
950.0 1650.0 -0.08077
1050.0 1650.0 -0.09599
1150.0 1650.0 -0.12165
1250.0 1650.0 -0.16609
1350.0 1650.0 -0.21444
1450.0 1650.0 -0.24090
1550.0 1650.0 -0.22413
1650.0 1650.0 -0.15627
1750.0 1650.0 -0.04557
1850.0 1650.0 0.08722
1950.0 1650.0 0.21896
2050.0 1650.0 0.34045
2150.0 1650.0 0.46935
2250.0 1650.0 0.61131
2350.0 1650.0 0.74455
2450.0 1650.0 0.84075
2550.0 1650.0 0.88077
2650.0 1650.0 0.86294
2750.0 1650.0 0.80390
2850.0 1650.0 0.73200
2950.0 1650.0 0.67327
3050.0 1650.0 0.63066
3150.0 1650.0 0.58777
3250.0 1650.0 0.53628
3350.0 1650.0 0.46807
3450.0 1650.0 0.37837
3550.0 1650.0 0.26823
3650.0 1650.0 0.14489
3750.0 1650.0 0.01997
3850.0 1650.0 -0.09456
3950.0 1650.0 -0.19249
4050.0 1650.0 -0.28169
4150.0 1650.0 -0.38121
4250.0 1650.0 -0.48547
4350.0 1650.0 -0.56838
4450.0 1650.0 -0.60382
4550.0 1650.0 -0.57884
4650.0 1650.0 -0.49949
4750.0 1650.0 -0.38894
4850.0 1650.0 -0.27814
4950.0 1650.0 -0.18895
5050.0 1650.0 -0.11143
5150.0 1650.0 -0.01953
5250.0 1650.0 0.07911
5350.0 1650.0 0.15659
5450.0 1650.0 0.18572
5550.0 1650.0 0.15329
5650.0 1650.0 0.06550
5750.0 1650.0 -0.05418
5850.0 1650.0 -0.17504
5950.0 1650.0 -0.27681
6050.0 1650.0 -0.36760
6150.0 1650.0 -0.44688
6250.0 1650.0 -0.50258
6350.0 1650.0 -0.52834
50.0 1750.0 -0.20284
150.0 1750.0 -0.21992
250.0 1750.0 -0.21617
350.0 1750.0 -0.18851
450.0 1750.0 -0.14573
550.0 1750.0 -0.10182
650.0 1750.0 -0.07059
750.0 1750.0 -0.06189
850.0 1750.0 -0.07927
950.0 1750.0 -0.11914
1050.0 1750.0 -0.17138
1150.0 1750.0 -0.23315
1250.0 1750.0 -0.31099
1350.0 1750.0 -0.38393
1450.0 1750.0 -0.42078
1550.0 1750.0 -0.39838
1650.0 1750.0 -0.31184
1750.0 1750.0 -0.17659
1850.0 1750.0 -0.02237
1950.0 1750.0 0.12092
2050.0 1750.0 0.24531
2150.0 1750.0 0.37410
2250.0 1750.0 0.51085
2350.0 1750.0 0.63347
2450.0 1750.0 0.71558
2550.0 1750.0 0.74098
2650.0 1750.0 0.71099
2750.0 1750.0 0.64453
2850.0 1750.0 0.57093
2950.0 1750.0 0.51550
3050.0 1750.0 0.47875
3150.0 1750.0 0.44671
3250.0 1750.0 0.41664
3350.0 1750.0 0.37997
3450.0 1750.0 0.32746
3550.0 1750.0 0.25411
3650.0 1750.0 0.16141
3750.0 1750.0 0.05698
3850.0 1750.0 -0.04838
3950.0 1750.0 -0.14629
4050.0 1750.0 -0.23925
4150.0 1750.0 -0.34372
4250.0 1750.0 -0.45528
4350.0 1750.0 -0.54825
4450.0 1750.0 -0.59609
4550.0 1750.0 -0.58482
4650.0 1750.0 -0.51904
4750.0 1750.0 -0.42048
4850.0 1750.0 -0.31912
4950.0 1750.0 -0.23686
5050.0 1750.0 -0.16414
5150.0 1750.0 -0.06601
5250.0 1750.0 0.05492
5350.0 1750.0 0.16573
5450.0 1750.0 0.22961
5550.0 1750.0 0.22350
5650.0 1750.0 0.14659
5750.0 1750.0 0.01977
5850.0 1750.0 -0.12393
5950.0 1750.0 -0.25802
6050.0 1750.0 -0.38081
6150.0 1750.0 -0.47322
6250.0 1750.0 -0.51320
6350.0 1750.0 -0.49714
50.0 1850.0 -0.18177
150.0 1850.0 -0.18584
250.0 1850.0 -0.16397
350.0 1850.0 -0.11588
450.0 1850.0 -0.05680
550.0 1850.0 -0.00657
650.0 1850.0 0.01820
750.0 1850.0 0.00892
850.0 1850.0 -0.03329
950.0 1850.0 -0.09895
1050.0 1850.0 -0.17470
1150.0 1850.0 -0.26041
1250.0 1850.0 -0.36427
1350.0 1850.0 -0.46242
1450.0 1850.0 -0.51939
1550.0 1850.0 -0.50892
1650.0 1850.0 -0.42554
1750.0 1850.0 -0.28685
1850.0 1850.0 -0.12673
1950.0 1850.0 0.02080
2050.0 1850.0 0.14671
2150.0 1850.0 0.27446
2250.0 1850.0 0.40409
2350.0 1850.0 0.51290
2450.0 1850.0 0.57641
2550.0 1850.0 0.58171
2650.0 1850.0 0.53378
2750.0 1850.0 0.45456
2850.0 1850.0 0.37499
2950.0 1850.0 0.31989
3050.0 1850.0 0.28682
3150.0 1850.0 0.26465
3250.0 1850.0 0.25807
3350.0 1850.0 0.25887
3450.0 1850.0 0.25307
3550.0 1850.0 0.22832
3650.0 1850.0 0.17841
3750.0 1850.0 0.10485
3850.0 1850.0 0.01565
3950.0 1850.0 -0.07893
4050.0 1850.0 -0.17412
4150.0 1850.0 -0.28130
4250.0 1850.0 -0.39622
4350.0 1850.0 -0.49345
4450.0 1850.0 -0.54644
4550.0 1850.0 -0.54095
4650.0 1850.0 -0.48114
4750.0 1850.0 -0.38824
4850.0 1850.0 -0.29180
4950.0 1850.0 -0.21362
5050.0 1850.0 -0.14392
5150.0 1850.0 -0.04153
5250.0 1850.0 0.09436
5350.0 1850.0 0.22761
5450.0 1850.0 0.31516
5550.0 1850.0 0.32746
5650.0 1850.0 0.25895
5750.0 1850.0 0.12870
5850.0 1850.0 -0.02892
5950.0 1850.0 -0.18336
6050.0 1850.0 -0.32642
6150.0 1850.0 -0.42696
6250.0 1850.0 -0.45648
6350.0 1850.0 -0.41314
50.0 1950.0 -0.09282
150.0 1950.0 -0.09174
250.0 1950.0 -0.06286
350.0 1950.0 -0.00710
450.0 1950.0 0.05779
550.0 1950.0 0.10970
650.0 1950.0 0.13106
750.0 1950.0 0.11390
850.0 1950.0 0.06132
950.0 1950.0 -0.01484
1050.0 1950.0 -0.10002
1150.0 1950.0 -0.19671
1250.0 1950.0 -0.31754
1350.0 1950.0 -0.43876
1450.0 1950.0 -0.52211
1550.0 1950.0 -0.53743
1650.0 1950.0 -0.47562
1750.0 1950.0 -0.35200
1850.0 1950.0 -0.19995
1950.0 1950.0 -0.05489
2050.0 1950.0 0.07122
2150.0 1950.0 0.19734
2250.0 1950.0 0.31949
2350.0 1950.0 0.41413
2450.0 1950.0 0.45841
2550.0 1950.0 0.44249
2650.0 1950.0 0.37492
2750.0 1950.0 0.28077
2850.0 1950.0 0.19285
2950.0 1950.0 0.13573
3050.0 1950.0 0.10409
3150.0 1950.0 0.08926
3250.0 1950.0 0.10328
3350.0 1950.0 0.13886
3450.0 1950.0 0.17793
3550.0 1950.0 0.20124
3650.0 1950.0 0.19489
3750.0 1950.0 0.15393
3850.0 1950.0 0.08291
3950.0 1950.0 -0.00659
4050.0 1950.0 -0.10246
4150.0 1950.0 -0.20961
4250.0 1950.0 -0.32265
4350.0 1950.0 -0.41617
4450.0 1950.0 -0.46424
4550.0 1950.0 -0.45362
4650.0 1950.0 -0.38948
4750.0 1950.0 -0.29384
4850.0 1950.0 -0.19662
4950.0 1950.0 -0.11932
5050.0 1950.0 -0.05081
5150.0 1950.0 0.05333
5250.0 1950.0 0.19531
5350.0 1950.0 0.33770
5450.0 1950.0 0.43494
5550.0 1950.0 0.45484
5650.0 1950.0 0.38990
5750.0 1950.0 0.25842
5850.0 1950.0 0.09532
5950.0 1950.0 -0.06724
6050.0 1950.0 -0.21850
6150.0 1950.0 -0.32308
6250.0 1950.0 -0.35034
6350.0 1950.0 -0.29904
50.0 2050.0 0.03555
150.0 2050.0 0.03708
250.0 2050.0 0.06642
350.0 2050.0 0.12249
450.0 2050.0 0.18731
550.0 2050.0 0.23866
650.0 2050.0 0.25898
750.0 2050.0 0.24048
850.0 2050.0 0.18651
950.0 2050.0 0.10916
1050.0 2050.0 0.02305
1150.0 2050.0 -0.07674
1250.0 2050.0 -0.20853
1350.0 2050.0 -0.35048
1450.0 2050.0 -0.46245
1550.0 2050.0 -0.51011
1650.0 2050.0 -0.47926
1750.0 2050.0 -0.38046
1850.0 2050.0 -0.24401
1950.0 2050.0 -0.10510
2050.0 2050.0 0.02042
2150.0 2050.0 0.14475
2250.0 2050.0 0.25987
2350.0 2050.0 0.34138
2450.0 2050.0 0.36774
2550.0 2050.0 0.33181
2650.0 2050.0 0.24535
2750.0 2050.0 0.13638
2850.0 2050.0 0.03953
2950.0 2050.0 -0.02072
3050.0 2050.0 -0.05229
3150.0 2050.0 -0.06193
3250.0 2050.0 -0.03111
3350.0 2050.0 0.03400
3450.0 2050.0 0.11204
3550.0 2050.0 0.17783
3650.0 2050.0 0.21066
3750.0 2050.0 0.19962
3850.0 2050.0 0.14586
3950.0 2050.0 0.06182
4050.0 2050.0 -0.03383
4150.0 2050.0 -0.13914
4250.0 2050.0 -0.24666
4350.0 2050.0 -0.33085
4450.0 2050.0 -0.36693
4550.0 2050.0 -0.34352
4650.0 2050.0 -0.26786
4750.0 2050.0 -0.16373
4850.0 2050.0 -0.06193
4950.0 2050.0 0.01653
5050.0 2050.0 0.08491
5150.0 2050.0 0.18906
5250.0 2050.0 0.33125
5350.0 2050.0 0.47395
5450.0 2050.0 0.57142
5550.0 2050.0 0.59134
5650.0 2050.0 0.52614
5750.0 2050.0 0.39413
5850.0 2050.0 0.23031
5950.0 2050.0 0.06695
6050.0 2050.0 -0.08526
6150.0 2050.0 -0.19189
6250.0 2050.0 -0.22290
6350.0 2050.0 -0.17699
50.0 2150.0 0.15123
150.0 2150.0 0.15112
250.0 2150.0 0.18022
350.0 2150.0 0.23829
450.0 2150.0 0.30752
550.0 2150.0 0.36517
650.0 2150.0 0.39264
750.0 2150.0 0.38084
850.0 2150.0 0.33188
950.0 2150.0 0.25723
1050.0 2150.0 0.17204
1150.0 2150.0 0.07040
1250.0 2150.0 -0.07226
1350.0 2150.0 -0.23646
1450.0 2150.0 -0.38020
1550.0 2150.0 -0.46451
1650.0 2150.0 -0.46930
1750.0 2150.0 -0.39948
1850.0 2150.0 -0.28144
1950.0 2150.0 -0.14989
2050.0 2150.0 -0.02503
2150.0 2150.0 0.09796
2250.0 2150.0 0.20769
2350.0 2150.0 0.27898
2450.0 2150.0 0.29121
2550.0 2150.0 0.23929
2650.0 2150.0 0.13748
2750.0 2150.0 0.01619
2850.0 2150.0 -0.08842
2950.0 2150.0 -0.15182
3050.0 2150.0 -0.18395
3150.0 2150.0 -0.18973
3250.0 2150.0 -0.14489
3350.0 2150.0 -0.05453
3450.0 2150.0 0.05729
3550.0 2150.0 0.16026
3650.0 2150.0 0.22769
3750.0 2150.0 0.24332
3850.0 2150.0 0.20514
3950.0 2150.0 0.12624
4050.0 2150.0 0.03110
4150.0 2150.0 -0.07144
4250.0 2150.0 -0.17146
4350.0 2150.0 -0.24356
4450.0 2150.0 -0.26476
4550.0 2150.0 -0.22619
4650.0 2150.0 -0.13767
4750.0 2150.0 -0.02489
4850.0 2150.0 0.08059
4950.0 2150.0 0.15863
5050.0 2150.0 0.22498
5150.0 2150.0 0.32573
5250.0 2150.0 0.46287
5350.0 2150.0 0.59986
5450.0 2150.0 0.69240
5550.0 2150.0 0.70935
5650.0 2150.0 0.64370
5750.0 2150.0 0.51355
5850.0 2150.0 0.35312
5950.0 2150.0 0.19369
6050.0 2150.0 0.04502
6150.0 2150.0 -0.06125
6250.0 2150.0 -0.09696
6350.0 2150.0 -0.06056
50.0 2250.0 0.21518
150.0 2250.0 0.20869
250.0 2250.0 0.23649
350.0 2250.0 0.30148
450.0 2250.0 0.38649
550.0 2250.0 0.46701
650.0 2250.0 0.52066
750.0 2250.0 0.53348
850.0 2250.0 0.50307
950.0 2250.0 0.43846
1050.0 2250.0 0.35678
1150.0 2250.0 0.25470
1250.0 2250.0 0.10108
1350.0 2250.0 -0.08757
1450.0 2250.0 -0.26731
1550.0 2250.0 -0.39391
1650.0 2250.0 -0.44033
1750.0 2250.0 -0.40466
1850.0 2250.0 -0.30848
1950.0 2250.0 -0.18560
2050.0 2250.0 -0.06136
2150.0 2250.0 0.06163
2250.0 2250.0 0.17038
2350.0 2250.0 0.23923
2450.0 2250.0 0.24746
2550.0 2250.0 0.19028
2650.0 2250.0 0.08265
2750.0 2250.0 -0.04414
2850.0 2250.0 -0.15314
2950.0 2250.0 -0.21947
3050.0 2250.0 -0.25355
3150.0 2250.0 -0.25867
3250.0 2250.0 -0.20688
3350.0 2250.0 -0.10224
3450.0 2250.0 0.02981
3550.0 2250.0 0.15597
3650.0 2250.0 0.24573
3750.0 2250.0 0.27915
3850.0 2250.0 0.25184
3950.0 2250.0 0.17696
4050.0 2250.0 0.08284
4150.0 2250.0 -0.01511
4250.0 2250.0 -0.10387
4350.0 2250.0 -0.15912
4450.0 2250.0 -0.16111
4550.0 2250.0 -0.10490
4650.0 2250.0 -0.00361
4750.0 2250.0 0.11516
4850.0 2250.0 0.21980
4950.0 2250.0 0.29207
5050.0 2250.0 0.35055
5150.0 2250.0 0.43889
5250.0 2250.0 0.55823
5350.0 2250.0 0.67592
5450.0 2250.0 0.75278
5550.0 2250.0 0.76175
5650.0 2250.0 0.69740
5750.0 2250.0 0.57662
5850.0 2250.0 0.43035
5950.0 2250.0 0.28631
6050.0 2250.0 0.15194
6150.0 2250.0 0.05276
6250.0 2250.0 0.01261
6350.0 2250.0 0.03335
50.0 2350.0 0.21317
150.0 2350.0 0.19443
250.0 2350.0 0.21777
350.0 2350.0 0.29132
450.0 2350.0 0.39947
550.0 2350.0 0.51524
650.0 2350.0 0.61038
750.0 2350.0 0.66306
850.0 2350.0 0.66323
950.0 2350.0 0.61560
1050.0 2350.0 0.54022
1150.0 2350.0 0.43998
1250.0 2350.0 0.27818
1350.0 2350.0 0.06822
1450.0 2350.0 -0.14441
1550.0 2350.0 -0.31065
1650.0 2350.0 -0.39678
1750.0 2350.0 -0.39412
1850.0 2350.0 -0.31923
1950.0 2350.0 -0.20476
2050.0 2350.0 -0.08089
2150.0 2350.0 0.04362
2250.0 2350.0 0.15649
2350.0 2350.0 0.23185
2450.0 2350.0 0.24768
2550.0 2350.0 0.19757
2650.0 2350.0 0.09505
2750.0 2350.0 -0.02945
2850.0 2350.0 -0.13901
2950.0 2350.0 -0.20805
3050.0 2350.0 -0.24574
3150.0 2350.0 -0.25424
3250.0 2350.0 -0.20473
3350.0 2350.0 -0.10040
3450.0 2350.0 0.03375
3550.0 2350.0 0.16421
3650.0 2350.0 0.25959
3750.0 2350.0 0.29865
3850.0 2350.0 0.27567
3950.0 2350.0 0.20317
4050.0 2350.0 0.11063
4150.0 2350.0 0.01895
4250.0 2350.0 -0.05556
4350.0 2350.0 -0.09069
4450.0 2350.0 -0.07143
4550.0 2350.0 0.00216
4650.0 2350.0 0.11326
4750.0 2350.0 0.23278
4850.0 2350.0 0.33013
4950.0 2350.0 0.39004
5050.0 2350.0 0.43388
5150.0 2350.0 0.49960
5250.0 2350.0 0.58720
5350.0 2350.0 0.67117
5450.0 2350.0 0.72169
5550.0 2350.0 0.71878
5650.0 2350.0 0.65951
5750.0 2350.0 0.55811
5850.0 2350.0 0.43925
5950.0 2350.0 0.32415
6050.0 2350.0 0.21673
6150.0 2350.0 0.13318
6250.0 2350.0 0.09042
6350.0 2350.0 0.09075
50.0 2450.0 0.15241
150.0 2450.0 0.11639
250.0 2450.0 0.13035
350.0 2450.0 0.20865
450.0 2450.0 0.33822
550.0 2450.0 0.49018
650.0 2450.0 0.63017
750.0 2450.0 0.72746
850.0 2450.0 0.76291
950.0 2450.0 0.73563
1050.0 2450.0 0.66849
1150.0 2450.0 0.57265
1250.0 2450.0 0.40847
1350.0 2450.0 0.18687
1450.0 2450.0 -0.04610
1550.0 2450.0 -0.23830
1650.0 2450.0 -0.35142
1750.0 2450.0 -0.37178
1850.0 2450.0 -0.31200
1950.0 2450.0 -0.20342
2050.0 2450.0 -0.07950
2150.0 2450.0 0.04772
2250.0 2450.0 0.16859
2350.0 2450.0 0.25730
2450.0 2450.0 0.28961
2550.0 2450.0 0.25595
2650.0 2450.0 0.16683
2750.0 2450.0 0.05054
2850.0 2450.0 -0.05670
2950.0 2450.0 -0.12833
3050.0 2450.0 -0.17092
3150.0 2450.0 -0.18636
3250.0 2450.0 -0.14765
3350.0 2450.0 -0.05730
3450.0 2450.0 0.06179
3550.0 2450.0 0.17853
3650.0 2450.0 0.26348
3750.0 2450.0 0.29636
3850.0 2450.0 0.27126
3950.0 2450.0 0.19945
4050.0 2450.0 0.10887
4150.0 2450.0 0.02418
4250.0 2450.0 -0.03545
4350.0 2450.0 -0.05081
4450.0 2450.0 -0.01241
4550.0 2450.0 0.07435
4650.0 2450.0 0.18930
4750.0 2450.0 0.30279
4850.0 2450.0 0.38629
4950.0 2450.0 0.42826
5050.0 2450.0 0.45215
5150.0 2450.0 0.48770
5250.0 2450.0 0.53376
5350.0 2450.0 0.57459
5450.0 2450.0 0.59273
5550.0 2450.0 0.57737
5650.0 2450.0 0.52832
5750.0 2450.0 0.45574
5850.0 2450.0 0.37550
5950.0 2450.0 0.30020
6050.0 2450.0 0.22978
6150.0 2450.0 0.16938
6250.0 2450.0 0.12742
6350.0 2450.0 0.10660
50.0 2550.0 0.05651
150.0 2550.0 0.00042
250.0 2550.0 -0.00033
350.0 2550.0 0.07426
450.0 2550.0 0.21463
550.0 2550.0 0.39164
650.0 2550.0 0.56652
750.0 2550.0 0.70102
850.0 2550.0 0.76753
950.0 2550.0 0.75937
1050.0 2550.0 0.70095
1150.0 2550.0 0.61169
1250.0 2550.0 0.45248
1350.0 2550.0 0.23296
1450.0 2550.0 -0.00144
1550.0 2550.0 -0.19826
1650.0 2550.0 -0.31796
1750.0 2550.0 -0.34497
1850.0 2550.0 -0.28996
1950.0 2550.0 -0.18314
2050.0 2550.0 -0.05869
2150.0 2550.0 0.07173
2250.0 2550.0 0.20220
2350.0 2550.0 0.30702
2450.0 2550.0 0.35939
2550.0 2550.0 0.34596
2650.0 2550.0 0.27355
2750.0 2550.0 0.16780
2850.0 2550.0 0.06398
2950.0 2550.0 -0.01024
3050.0 2550.0 -0.05835
3150.0 2550.0 -0.08280
3250.0 2550.0 -0.06028
3350.0 2550.0 0.00714
3450.0 2550.0 0.09973
3550.0 2550.0 0.19057
3650.0 2550.0 0.25410
3750.0 2550.0 0.27262
3850.0 2550.0 0.24083
3950.0 2550.0 0.16840
4050.0 2550.0 0.07991
4150.0 2550.0 0.00172
4250.0 2550.0 -0.04503
4350.0 2550.0 -0.04460
4450.0 2550.0 0.00707
4550.0 2550.0 0.09988
4650.0 2550.0 0.21129
4750.0 2550.0 0.31219
4850.0 2550.0 0.37703
4950.0 2550.0 0.39803
5050.0 2550.0 0.39966
5150.0 2550.0 0.40229
5250.0 2550.0 0.40403
5350.0 2550.0 0.40003
5450.0 2550.0 0.38625
5550.0 2550.0 0.36141
5650.0 2550.0 0.32773
5750.0 2550.0 0.29022
5850.0 2550.0 0.25466
5950.0 2550.0 0.22419
6050.0 2550.0 0.19534
6150.0 2550.0 0.16252
6250.0 2550.0 0.12545
6350.0 2550.0 0.08715
50.0 2650.0 -0.04118
150.0 2650.0 -0.11711
250.0 2650.0 -0.13678
350.0 2650.0 -0.07629
450.0 2650.0 0.05885
550.0 2650.0 0.24139
650.0 2650.0 0.43132
750.0 2650.0 0.58610
850.0 2650.0 0.67216
950.0 2650.0 0.67777
1050.0 2650.0 0.62703
1150.0 2650.0 0.54548
1250.0 2650.0 0.39788
1350.0 2650.0 0.19401
1450.0 2650.0 -0.02244
1550.0 2650.0 -0.20154
1650.0 2650.0 -0.30608
1750.0 2650.0 -0.32209
1850.0 2650.0 -0.26062
1950.0 2650.0 -0.15108
2050.0 2650.0 -0.02571
2150.0 2650.0 0.10758
2250.0 2650.0 0.24653
2350.0 2650.0 0.36549
2450.0 2650.0 0.43532
2550.0 2650.0 0.43934
2650.0 2650.0 0.38113
2750.0 2650.0 0.28410
2850.0 2650.0 0.18275
2950.0 2650.0 0.10580
3050.0 2650.0 0.05245
3150.0 2650.0 0.01897
3250.0 2650.0 0.02450
3350.0 2650.0 0.06727
3450.0 2650.0 0.13088
3550.0 2650.0 0.19295
3650.0 2650.0 0.23228
3750.0 2650.0 0.23418
3850.0 2650.0 0.19431
3950.0 2650.0 0.12073
4050.0 2650.0 0.03413
4150.0 2650.0 -0.03902
4250.0 2650.0 -0.07683
4350.0 2650.0 -0.06693
4450.0 2650.0 -0.00973
4550.0 2650.0 0.08132
4650.0 2650.0 0.18262
4750.0 2650.0 0.26660
4850.0 2650.0 0.31102
4950.0 2650.0 0.31143
5050.0 2650.0 0.29208
5150.0 2650.0 0.26449
5250.0 2650.0 0.22672
5350.0 2650.0 0.18421
5450.0 2650.0 0.14506
5550.0 2650.0 0.11630
5650.0 2650.0 0.10161
5750.0 2650.0 0.10046
5850.0 2650.0 0.10879
5950.0 2650.0 0.12112
6050.0 2650.0 0.13177
6150.0 2650.0 0.12661
6250.0 2650.0 0.09796
6350.0 2650.0 0.04896
50.0 2750.0 -0.10603
150.0 2750.0 -0.19858
250.0 2750.0 -0.23883
350.0 2750.0 -0.20152
450.0 2750.0 -0.08812
550.0 2750.0 0.07810
650.0 2750.0 0.25944
750.0 2750.0 0.41319
850.0 2750.0 0.50343
950.0 2750.0 0.51500
1050.0 2750.0 0.46965
1150.0 2750.0 0.39554
1250.0 2750.0 0.26335
1350.0 2750.0 0.08423
1450.0 2750.0 -0.10057
1550.0 2750.0 -0.24564
1650.0 2750.0 -0.31884
1750.0 2750.0 -0.31048
1850.0 2750.0 -0.23397
1950.0 2750.0 -0.11830
2050.0 2750.0 0.00818
2150.0 2750.0 0.14328
2250.0 2750.0 0.28719
2350.0 2750.0 0.41408
2450.0 2750.0 0.49328
2550.0 2750.0 0.50613
2650.0 2750.0 0.45449
2750.0 2750.0 0.36067
2850.0 2750.0 0.25905
2950.0 2750.0 0.17916
3050.0 2750.0 0.12164
3150.0 2750.0 0.08122
3250.0 2750.0 0.07391
3350.0 2750.0 0.09827
3450.0 2750.0 0.14035
3550.0 2750.0 0.18119
3650.0 2750.0 0.20276
3750.0 2750.0 0.19259
3850.0 2750.0 0.14694
3950.0 2750.0 0.07264
4050.0 2750.0 -0.01252
4150.0 2750.0 -0.08265
4250.0 2750.0 -0.11621
4350.0 2750.0 -0.10353
4450.0 2750.0 -0.04797
4550.0 2750.0 0.03527
4650.0 2750.0 0.12281
4750.0 2750.0 0.18916
4850.0 2750.0 0.21513
4950.0 2750.0 0.19867
5050.0 2750.0 0.16286
5150.0 2750.0 0.11251
5250.0 2750.0 0.04628
5350.0 2750.0 -0.02229
5450.0 2750.0 -0.07607
5550.0 2750.0 -0.10233
5650.0 2750.0 -0.09714
5750.0 2750.0 -0.06612
5850.0 2750.0 -0.02138
5950.0 2750.0 0.02509
6050.0 2750.0 0.06703
6150.0 2750.0 0.08519
6250.0 2750.0 0.06678
6350.0 2750.0 0.01493
50.0 2850.0 -0.11224
150.0 2850.0 -0.21605
250.0 2850.0 -0.27555
350.0 2850.0 -0.26661
450.0 2850.0 -0.18731
550.0 2850.0 -0.05551
650.0 2850.0 0.09635
750.0 2850.0 0.22933
850.0 2850.0 0.30881
950.0 2850.0 0.31820
1050.0 2850.0 0.27534
1150.0 2850.0 0.20703
1250.0 2850.0 0.09013
1350.0 2850.0 -0.06219
1450.0 2850.0 -0.21120
1550.0 2850.0 -0.31662
1650.0 2850.0 -0.35243
1750.0 2850.0 -0.31440
1850.0 2850.0 -0.21934
1950.0 2850.0 -0.09619
2050.0 2850.0 0.03132
2150.0 2850.0 0.16675
2250.0 2850.0 0.31064
2350.0 2850.0 0.43671
2450.0 2850.0 0.51391
2550.0 2850.0 0.52353
2650.0 2850.0 0.46774
2750.0 2850.0 0.36948
2850.0 2850.0 0.26381
2950.0 2850.0 0.18072
3050.0 2850.0 0.12060
3150.0 2850.0 0.07687
3250.0 2850.0 0.06475
3350.0 2850.0 0.08318
3450.0 2850.0 0.11916
3550.0 2850.0 0.15471
3650.0 2850.0 0.17254
3750.0 2850.0 0.16041
3850.0 2850.0 0.11437
3950.0 2850.0 0.04063
4050.0 2850.0 -0.04366
4150.0 2850.0 -0.11280
4250.0 2850.0 -0.14622
4350.0 2850.0 -0.13595
4450.0 2850.0 -0.08666
4550.0 2850.0 -0.01379
4650.0 2850.0 0.06031
4750.0 2850.0 0.11219
4850.0 2850.0 0.12489
4950.0 2850.0 0.09761
5050.0 2850.0 0.05190
5150.0 2850.0 -0.01110
5250.0 2850.0 -0.09150
5350.0 2850.0 -0.17094
5450.0 2850.0 -0.22741
5550.0 2850.0 -0.24568
5650.0 2850.0 -0.22272
5750.0 2850.0 -0.16805
5850.0 2850.0 -0.09908
5950.0 2850.0 -0.03140
6050.0 2850.0 0.02972
6150.0 2850.0 0.06356
6250.0 2850.0 0.05500
6350.0 2850.0 0.00702
50.0 2950.0 -0.05464
150.0 2950.0 -0.16406
250.0 2950.0 -0.23940
350.0 2950.0 -0.25959
450.0 2950.0 -0.22016
550.0 2950.0 -0.13314
650.0 2950.0 -0.02390
750.0 2950.0 0.07501
850.0 2950.0 0.13307
950.0 2950.0 0.13401
1050.0 2950.0 0.09103
1150.0 2950.0 0.02623
1250.0 2950.0 -0.07861
1350.0 2950.0 -0.20829
1450.0 2950.0 -0.32608
1550.0 2950.0 -0.39625
1650.0 2950.0 -0.39831
1750.0 2950.0 -0.33318
1850.0 2950.0 -0.22103
1950.0 2950.0 -0.09102
2050.0 2950.0 0.03726
2150.0 2950.0 0.17154
2250.0 2950.0 0.31061
2350.0 2950.0 0.42738
2450.0 2950.0 0.49158
2550.0 2950.0 0.48632
2650.0 2950.0 0.41605
2750.0 2950.0 0.30595
2850.0 2950.0 0.19261
2950.0 2950.0 0.10613
3050.0 2950.0 0.04498
3150.0 2950.0 0.00184
3250.0 2950.0 -0.00610
3350.0 2950.0 0.02062
3450.0 2950.0 0.06821
3550.0 2950.0 0.11694
3650.0 2950.0 0.14736
3750.0 2950.0 0.14520
3850.0 2950.0 0.10519
3950.0 2950.0 0.03364
4050.0 2950.0 -0.05031
4150.0 2950.0 -0.11994
4250.0 2950.0 -0.15580
4350.0 2950.0 -0.15056
4450.0 2950.0 -0.10890
4550.0 2950.0 -0.04550
4650.0 2950.0 0.01858
4750.0 2950.0 0.06139
4850.0 2950.0 0.06719
4950.0 2950.0 0.03542
5050.0 2950.0 -0.01374
5150.0 2950.0 -0.07977
5250.0 2950.0 -0.16129
5350.0 2950.0 -0.23821
5450.0 2950.0 -0.28759
5550.0 2950.0 -0.29458
5650.0 2950.0 -0.25779
5750.0 2950.0 -0.18926
5850.0 2950.0 -0.10878
5950.0 2950.0 -0.03279
6050.0 2950.0 0.03547
6150.0 2950.0 0.07675
6250.0 2950.0 0.07597
6350.0 2950.0 0.03590
50.0 3050.0 0.03833
150.0 3050.0 -0.07352
250.0 3050.0 -0.16205
350.0 3050.0 -0.21003
450.0 3050.0 -0.21103
550.0 3050.0 -0.17137
650.0 3050.0 -0.10888
750.0 3050.0 -0.04875
850.0 3050.0 -0.01622
950.0 3050.0 -0.02637
1050.0 3050.0 -0.07077
1150.0 3050.0 -0.13350
1250.0 3050.0 -0.22905
1350.0 3050.0 -0.34041
1450.0 3050.0 -0.43245
1550.0 3050.0 -0.47319
1650.0 3050.0 -0.44686
1750.0 3050.0 -0.35880
1850.0 3050.0 -0.23217
1950.0 3050.0 -0.09644
2050.0 3050.0 0.03228
2150.0 3050.0 0.16457
2250.0 3050.0 0.29625
2350.0 3050.0 0.39933
2450.0 3050.0 0.44487
2550.0 3050.0 0.41874
2650.0 3050.0 0.32873
2750.0 3050.0 0.20305
2850.0 3050.0 0.08021
2950.0 3050.0 -0.00977
3050.0 3050.0 -0.07117
3150.0 3050.0 -0.11164
3250.0 3050.0 -0.11047
3350.0 3050.0 -0.06753
3450.0 3050.0 0.00160
3550.0 3050.0 0.07394
3650.0 3050.0 0.12624
3750.0 3050.0 0.14089
3850.0 3050.0 0.11066
3950.0 3050.0 0.04229
4050.0 3050.0 -0.04153
4150.0 3050.0 -0.11221
4250.0 3050.0 -0.15128
4350.0 3050.0 -0.15154
4450.0 3050.0 -0.11702
4550.0 3050.0 -0.06136
4650.0 3050.0 -0.00434
4750.0 3050.0 0.03311
4850.0 3050.0 0.03586
4950.0 3050.0 0.00310
5050.0 3050.0 -0.04609
5150.0 3050.0 -0.11013
5250.0 3050.0 -0.18609
5350.0 3050.0 -0.25385
5450.0 3050.0 -0.29154
5550.0 3050.0 -0.28610
5650.0 3050.0 -0.23813
5750.0 3050.0 -0.16131
5850.0 3050.0 -0.07628
5950.0 3050.0 0.00112
6050.0 3050.0 0.07008
6150.0 3050.0 0.11418
6250.0 3050.0 0.11951
6350.0 3050.0 0.08861
50.0 3150.0 0.11906
150.0 3150.0 0.00771
250.0 3150.0 -0.08959
350.0 3150.0 -0.15921
450.0 3150.0 -0.19352
550.0 3150.0 -0.19415
650.0 3150.0 -0.17241
750.0 3150.0 -0.14678
850.0 3150.0 -0.13744
950.0 3150.0 -0.15790
1050.0 3150.0 -0.20377
1150.0 3150.0 -0.26435
1250.0 3150.0 -0.34994
1350.0 3150.0 -0.44204
1450.0 3150.0 -0.50781
1550.0 3150.0 -0.51959
1650.0 3150.0 -0.46661
1750.0 3150.0 -0.35854
1850.0 3150.0 -0.22106
1950.0 3150.0 -0.08337
2050.0 3150.0 0.04221
2150.0 3150.0 0.16938
2250.0 3150.0 0.29192
2350.0 3150.0 0.38144
2450.0 3150.0 0.41029
2550.0 3150.0 0.36653
2650.0 3150.0 0.26036
2750.0 3150.0 0.12197
2850.0 3150.0 -0.00909
2950.0 3150.0 -0.10315
3050.0 3150.0 -0.16650
3150.0 3150.0 -0.20726
3250.0 3150.0 -0.20246
3350.0 3150.0 -0.15106
3450.0 3150.0 -0.06918
3550.0 3150.0 0.01845
3650.0 3150.0 0.08612
3750.0 3150.0 0.11366
3850.0 3150.0 0.09197
3950.0 3150.0 0.02757
4050.0 3150.0 -0.05457
4150.0 3150.0 -0.12469
4250.0 3150.0 -0.16531
4350.0 3150.0 -0.16936
4450.0 3150.0 -0.14028
4550.0 3150.0 -0.09066
4650.0 3150.0 -0.03908
4750.0 3150.0 -0.00540
4850.0 3150.0 -0.00416
4950.0 3150.0 -0.03642
5050.0 3150.0 -0.08402
5150.0 3150.0 -0.14337
5250.0 3150.0 -0.20950
5350.0 3150.0 -0.26283
5450.0 3150.0 -0.28362
5550.0 3150.0 -0.26153
5650.0 3150.0 -0.19982
5750.0 3150.0 -0.11402
5850.0 3150.0 -0.02523
5950.0 3150.0 0.05193
6050.0 3150.0 0.11988
6150.0 3150.0 0.16580
6250.0 3150.0 0.17733
6350.0 3150.0 0.15665
50.0 3250.0 0.16165
150.0 3250.0 0.05724
250.0 3250.0 -0.03840
350.0 3250.0 -0.11471
450.0 3250.0 -0.16439
550.0 3250.0 -0.18705
650.0 3250.0 -0.19009
750.0 3250.0 -0.18718
850.0 3250.0 -0.19418
950.0 3250.0 -0.22243
1050.0 3250.0 -0.26964
1150.0 3250.0 -0.32779
1250.0 3250.0 -0.40193
1350.0 3250.0 -0.47300
1450.0 3250.0 -0.51194
1550.0 3250.0 -0.49678
1650.0 3250.0 -0.42225
1750.0 3250.0 -0.30189
1850.0 3250.0 -0.16265
1950.0 3250.0 -0.03211
2050.0 3250.0 0.08180
2150.0 3250.0 0.19668
2250.0 3250.0 0.30692
2350.0 3250.0 0.38499
2450.0 3250.0 0.40420
2550.0 3250.0 0.35308
2650.0 3250.0 0.24160
2750.0 3250.0 0.09909
2850.0 3250.0 -0.03613
2950.0 3250.0 -0.13534
3050.0 3250.0 -0.20478
3150.0 3250.0 -0.25301
3250.0 3250.0 -0.25773
3350.0 3250.0 -0.21631
3450.0 3250.0 -0.14253
3550.0 3250.0 -0.05924
3650.0 3250.0 0.00849
3750.0 3250.0 0.03980
3850.0 3250.0 0.02386
3950.0 3250.0 -0.03463
4050.0 3250.0 -0.11135
4150.0 3250.0 -0.17710
4250.0 3250.0 -0.21549
4350.0 3250.0 -0.21972
4450.0 3250.0 -0.19276
4550.0 3250.0 -0.14614
4650.0 3250.0 -0.09721
4750.0 3250.0 -0.06461
4850.0 3250.0 -0.06214
4950.0 3250.0 -0.09097
5050.0 3250.0 -0.13381
5150.0 3250.0 -0.18350
5250.0 3250.0 -0.23243
5350.0 3250.0 -0.26263
5450.0 3250.0 -0.25818
5550.0 3250.0 -0.21312
5650.0 3250.0 -0.13427
5750.0 3250.0 -0.03907
5850.0 3250.0 0.05157
5950.0 3250.0 0.12547
6050.0 3250.0 0.18934
6150.0 3250.0 0.23520
6250.0 3250.0 0.25280
6350.0 3250.0 0.24370
50.0 3350.0 0.15749
150.0 3350.0 0.06721
250.0 3350.0 -0.01479
350.0 3350.0 -0.08008
450.0 3350.0 -0.12364
550.0 3350.0 -0.14614
650.0 3350.0 -0.15429
750.0 3350.0 -0.15943
850.0 3350.0 -0.17409
950.0 3350.0 -0.20685
1050.0 3350.0 -0.25519
1150.0 3350.0 -0.31084
1250.0 3350.0 -0.37308
1350.0 3350.0 -0.42343
1450.0 3350.0 -0.43818
1550.0 3350.0 -0.40199
1650.0 3350.0 -0.31508
1750.0 3350.0 -0.19376
1850.0 3350.0 -0.06460
1950.0 3350.0 0.04804
2050.0 3350.0 0.14085
2150.0 3350.0 0.23583
2250.0 3350.0 0.33120
2350.0 3350.0 0.40188
2450.0 3350.0 0.42155
2550.0 3350.0 0.37700
2650.0 3350.0 0.27466
2750.0 3350.0 0.13945
2850.0 3350.0 0.00574
2950.0 3350.0 -0.09940
3050.0 3350.0 -0.17941
3150.0 3350.0 -0.24261
3250.0 3350.0 -0.27000
3350.0 3350.0 -0.25655
3450.0 3350.0 -0.21074
3550.0 3350.0 -0.15008
3650.0 3350.0 -0.09606
3750.0 3350.0 -0.06868
3850.0 3350.0 -0.08057
3950.0 3350.0 -0.13059
4050.0 3350.0 -0.19779
4150.0 3350.0 -0.25511
4250.0 3350.0 -0.28755
4350.0 3350.0 -0.28871
4450.0 3350.0 -0.26109
4550.0 3350.0 -0.21513
4650.0 3350.0 -0.16666
4750.0 3350.0 -0.13283
4850.0 3350.0 -0.12646
4950.0 3350.0 -0.14877
5050.0 3350.0 -0.18344
5150.0 3350.0 -0.21911
5250.0 3350.0 -0.24559
5350.0 3350.0 -0.24765
5450.0 3350.0 -0.21455
5550.0 3350.0 -0.14554
5650.0 3350.0 -0.05108
5750.0 3350.0 0.05017
5850.0 3350.0 0.13864
5950.0 3350.0 0.20549
6050.0 3350.0 0.26186
6150.0 3350.0 0.30513
6250.0 3350.0 0.32753
6350.0 3350.0 0.32975
50.0 3450.0 0.11240
150.0 3450.0 0.04174
250.0 3450.0 -0.01694
350.0 3450.0 -0.05649
450.0 3450.0 -0.07564
550.0 3450.0 -0.07878
650.0 3450.0 -0.07479
750.0 3450.0 -0.07484
850.0 3450.0 -0.08928
950.0 3450.0 -0.12346
1050.0 3450.0 -0.17270
1150.0 3450.0 -0.22611
1250.0 3450.0 -0.27752
1350.0 3450.0 -0.31024
1450.0 3450.0 -0.30676
1550.0 3450.0 -0.25854
1650.0 3450.0 -0.17050
1750.0 3450.0 -0.06029
1850.0 3450.0 0.04770
1950.0 3450.0 0.13353
2050.0 3450.0 0.19814
2150.0 3450.0 0.26783
2250.0 3450.0 0.34758
2350.0 3450.0 0.41604
2450.0 3450.0 0.44667
2550.0 3450.0 0.42235
2650.0 3450.0 0.34304
2750.0 3450.0 0.22609
2850.0 3450.0 0.09959
2950.0 3450.0 -0.01150
3050.0 3450.0 -0.10539
3150.0 3450.0 -0.18866
3250.0 3450.0 -0.24692
3350.0 3450.0 -0.27201
3450.0 3450.0 -0.26526
3550.0 3450.0 -0.23676
3650.0 3450.0 -0.20293
3750.0 3450.0 -0.18231
3850.0 3450.0 -0.18977
3950.0 3450.0 -0.22886
4050.0 3450.0 -0.28347
4150.0 3450.0 -0.32953
4250.0 3450.0 -0.35375
4350.0 3450.0 -0.35028
4450.0 3450.0 -0.32108
4550.0 3450.0 -0.27521
4650.0 3450.0 -0.22665
4750.0 3450.0 -0.19070
4850.0 3450.0 -0.17888
4950.0 3450.0 -0.19247
5050.0 3450.0 -0.21655
5150.0 3450.0 -0.23631
5250.0 3450.0 -0.23995
5350.0 3450.0 -0.21585
5450.0 3450.0 -0.15866
5550.0 3450.0 -0.07237
5650.0 3450.0 0.03002
5750.0 3450.0 0.13011
5850.0 3450.0 0.21095
5950.0 3450.0 0.26736
6050.0 3450.0 0.31361
6150.0 3450.0 0.35181
6250.0 3450.0 0.37667
6350.0 3450.0 0.38788
50.0 3550.0 0.04354
150.0 3550.0 -0.00524
250.0 3550.0 -0.03594
350.0 3550.0 -0.04206
450.0 3550.0 -0.02679
550.0 3550.0 0.00029
650.0 3550.0 0.02655
750.0 3550.0 0.03951
850.0 3550.0 0.03025
950.0 3550.0 -0.00335
1050.0 3550.0 -0.05329
1150.0 3550.0 -0.10497
1250.0 3550.0 -0.14792
1350.0 3550.0 -0.16803
1450.0 3550.0 -0.15403
1550.0 3550.0 -0.10342
1650.0 3550.0 -0.02455
1750.0 3550.0 0.06511
1850.0 3550.0 0.14464
1950.0 3550.0 0.19904
2050.0 3550.0 0.23262
2150.0 3550.0 0.27539
2250.0 3550.0 0.34082
2350.0 3550.0 0.41197
2450.0 3550.0 0.46151
2550.0 3550.0 0.46711
2650.0 3550.0 0.42031
2750.0 3550.0 0.32911
2850.0 3550.0 0.21400
2950.0 3550.0 0.09769
3050.0 3550.0 -0.01127
3150.0 3550.0 -0.11588
3250.0 3550.0 -0.20595
3350.0 3550.0 -0.26974
3450.0 3550.0 -0.30115
3550.0 3550.0 -0.30287
3650.0 3550.0 -0.28655
3750.0 3550.0 -0.26985
3850.0 3550.0 -0.27044
3950.0 3550.0 -0.29696
4050.0 3550.0 -0.33779
4150.0 3550.0 -0.37176
4250.0 3550.0 -0.38761
4350.0 3550.0 -0.38010
4450.0 3550.0 -0.35049
4550.0 3550.0 -0.30614
4650.0 3550.0 -0.25876
4750.0 3550.0 -0.22142
4850.0 3550.0 -0.20417
4950.0 3550.0 -0.20839
5050.0 3550.0 -0.22111
5150.0 3550.0 -0.22609
5250.0 3550.0 -0.21156
5350.0 3550.0 -0.16976
5450.0 3550.0 -0.09987
5550.0 3550.0 -0.00892
5650.0 3550.0 0.08960
5750.0 3550.0 0.17939
5850.0 3550.0 0.24722
5950.0 3550.0 0.29113
6050.0 3550.0 0.32616
6150.0 3550.0 0.35754
6250.0 3550.0 0.38207
6350.0 3550.0 0.39845
50.0 3650.0 -0.02520
150.0 3650.0 -0.05368
250.0 3650.0 -0.05802
350.0 3650.0 -0.03220
450.0 3650.0 0.01641
550.0 3650.0 0.07323
650.0 3650.0 0.12184
750.0 3650.0 0.14831
850.0 3650.0 0.14481
950.0 3650.0 0.11217
1050.0 3650.0 0.06165
1150.0 3650.0 0.01107
1250.0 3650.0 -0.02629
1350.0 3650.0 -0.03918
1450.0 3650.0 -0.02171
1550.0 3650.0 0.02396
1650.0 3650.0 0.08742
1750.0 3650.0 0.15248
1850.0 3650.0 0.20213
1950.0 3650.0 0.22607
2050.0 3650.0 0.23083
2150.0 3650.0 0.24919
2250.0 3650.0 0.30317
2350.0 3650.0 0.38014
2450.0 3650.0 0.45173
2550.0 3650.0 0.49006
2650.0 3650.0 0.47814
2750.0 3650.0 0.41453
2850.0 3650.0 0.31227
2950.0 3650.0 0.19195
3050.0 3650.0 0.06915
3150.0 3650.0 -0.05398
3250.0 3650.0 -0.16944
3350.0 3650.0 -0.26197
3450.0 3650.0 -0.31932
3550.0 3650.0 -0.33877
3650.0 3650.0 -0.32921
3750.0 3650.0 -0.30891
3850.0 3650.0 -0.29898
3950.0 3650.0 -0.31252
4050.0 3650.0 -0.34060
4150.0 3650.0 -0.36384
4250.0 3650.0 -0.37327
4350.0 3650.0 -0.36423
4450.0 3650.0 -0.33708
4550.0 3650.0 -0.29714
4650.0 3650.0 -0.25359
4750.0 3650.0 -0.21700
4850.0 3650.0 -0.19584
4950.0 3650.0 -0.19169
5050.0 3650.0 -0.19415
5150.0 3650.0 -0.18804
5250.0 3650.0 -0.16349
5350.0 3650.0 -0.11620
5450.0 3650.0 -0.04815
5550.0 3650.0 0.03292
5650.0 3650.0 0.11535
5750.0 3650.0 0.18662
5850.0 3650.0 0.23776
5950.0 3650.0 0.26901
6050.0 3650.0 0.29355
6150.0 3650.0 0.31763
6250.0 3650.0 0.33944
6350.0 3650.0 0.35689
50.0 3750.0 -0.06933
150.0 3750.0 -0.08251
250.0 3750.0 -0.06806
350.0 3750.0 -0.02074
450.0 3750.0 0.04908
550.0 3750.0 0.12361
650.0 3750.0 0.18433
750.0 3750.0 0.21699
850.0 3750.0 0.21515
950.0 3750.0 0.18206
1050.0 3750.0 0.13093
1150.0 3750.0 0.08093
1250.0 3750.0 0.04665
1350.0 3750.0 0.03692
1450.0 3750.0 0.05371
1550.0 3750.0 0.09176
1650.0 3750.0 0.13972
1750.0 3750.0 0.18296
1850.0 3750.0 0.20786
1950.0 3750.0 0.20771
2050.0 3750.0 0.19036
2150.0 3750.0 0.19027
2250.0 3750.0 0.23639
2350.0 3750.0 0.31951
2450.0 3750.0 0.41030
2550.0 3750.0 0.47628
2650.0 3750.0 0.49350
2750.0 3750.0 0.45295
2850.0 3750.0 0.36169
2950.0 3750.0 0.23873
3050.0 3750.0 0.10542
3150.0 3750.0 -0.03008
3250.0 3750.0 -0.15902
3350.0 3750.0 -0.26299
3450.0 3750.0 -0.32625
3550.0 3750.0 -0.34404
3650.0 3750.0 -0.32557
3750.0 3750.0 -0.29173
3850.0 3750.0 -0.26751
3950.0 3750.0 -0.26913
4050.0 3750.0 -0.28740
4150.0 3750.0 -0.30310
4250.0 3750.0 -0.30959
4350.0 3750.0 -0.30271
4450.0 3750.0 -0.28170
4550.0 3750.0 -0.24971
4650.0 3750.0 -0.21319
4750.0 3750.0 -0.18023
4850.0 3750.0 -0.15776
4950.0 3750.0 -0.14769
5050.0 3750.0 -0.14250
5150.0 3750.0 -0.13053
5250.0 3750.0 -0.10510
5350.0 3750.0 -0.06453
5450.0 3750.0 -0.01153
5550.0 3750.0 0.04773
5650.0 3750.0 0.10527
5750.0 3750.0 0.15333
5850.0 3750.0 0.18701
5950.0 3750.0 0.20746
6050.0 3750.0 0.22387
6150.0 3750.0 0.24159
6250.0 3750.0 0.25949
6350.0 3750.0 0.27492
50.0 3850.0 -0.07118
150.0 3850.0 -0.07611
250.0 3850.0 -0.05430
350.0 3850.0 -0.00199
450.0 3850.0 0.06924
550.0 3850.0 0.14126
650.0 3850.0 0.19636
750.0 3850.0 0.22212
850.0 3850.0 0.21433
950.0 3850.0 0.17795
1050.0 3850.0 0.12606
1150.0 3850.0 0.07637
1250.0 3850.0 0.04372
1350.0 3850.0 0.03551
1450.0 3850.0 0.05148
1550.0 3850.0 0.08463
1650.0 3850.0 0.12316
1750.0 3850.0 0.15338
1850.0 3850.0 0.16370
1950.0 3850.0 0.14952
2050.0 3850.0 0.11935
2150.0 3850.0 0.10859
2250.0 3850.0 0.15020
2350.0 3850.0 0.23693
2450.0 3850.0 0.33889
2550.0 3850.0 0.42095
2650.0 3850.0 0.45512
2750.0 3850.0 0.42796
2850.0 3850.0 0.34310
2950.0 3850.0 0.21863
3050.0 3850.0 0.07931
3150.0 3850.0 -0.06078
3250.0 3850.0 -0.18903
3350.0 3850.0 -0.28464
3450.0 3850.0 -0.33149
3550.0 3850.0 -0.32665
3650.0 3850.0 -0.28299
3750.0 3850.0 -0.22599
3850.0 3850.0 -0.18462
3950.0 3850.0 -0.17649
4050.0 3850.0 -0.18903
4150.0 3850.0 -0.20134
4250.0 3850.0 -0.20896
4350.0 3850.0 -0.20807
4450.0 3850.0 -0.19672
4550.0 3850.0 -0.17583
4650.0 3850.0 -0.14927
4750.0 3850.0 -0.12279
4850.0 3850.0 -0.10196
4950.0 3850.0 -0.08912
5050.0 3850.0 -0.07976
5150.0 3850.0 -0.06717
5250.0 3850.0 -0.04852
5350.0 3850.0 -0.02353
5450.0 3850.0 0.00613
5550.0 3850.0 0.03751
5650.0 3850.0 0.06719
5750.0 3850.0 0.09212
5850.0 3850.0 0.11067
5950.0 3850.0 0.12369
6050.0 3850.0 0.13532
6150.0 3850.0 0.14879
6250.0 3850.0 0.16307
6350.0 3850.0 0.17526
50.0 3950.0 -0.02891
150.0 3950.0 -0.03229
250.0 3950.0 -0.01434
350.0 3950.0 0.02638
450.0 3950.0 0.07878
550.0 3950.0 0.12739
650.0 3950.0 0.15833
750.0 3950.0 0.16329
850.0 3950.0 0.14133
950.0 3950.0 0.09855
1050.0 3950.0 0.04570
1150.0 3950.0 -0.00370
1250.0 3950.0 -0.03499
1350.0 3950.0 -0.04103
1450.0 3950.0 -0.02296
1550.0 3950.0 0.01134
1650.0 3950.0 0.04946
1750.0 3950.0 0.07764
1850.0 3950.0 0.08463
1950.0 3950.0 0.06649
2050.0 3950.0 0.03226
2150.0 3950.0 0.01786
2250.0 3950.0 0.05718
2350.0 3950.0 0.14350
2450.0 3950.0 0.24691
2550.0 3950.0 0.33173
2650.0 3950.0 0.36906
2750.0 3950.0 0.34443
2850.0 3950.0 0.26054
2950.0 3950.0 0.13518
3050.0 3950.0 -0.00598
3150.0 3950.0 -0.14376
3250.0 3950.0 -0.25932
3350.0 3950.0 -0.33023
3450.0 3950.0 -0.34268
3550.0 3950.0 -0.29875
3650.0 3950.0 -0.21759
3750.0 3950.0 -0.13064
3850.0 3950.0 -0.07074
3950.0 3950.0 -0.05531
4050.0 3950.0 -0.06592
4150.0 3950.0 -0.07858
4250.0 3950.0 -0.09071
4350.0 3950.0 -0.09874
4450.0 3950.0 -0.09946
4550.0 3950.0 -0.09173
4650.0 3950.0 -0.07703
4750.0 3950.0 -0.05905
4850.0 3950.0 -0.04229
4950.0 3950.0 -0.02955
5050.0 3950.0 -0.01916
5150.0 3950.0 -0.00984
5250.0 3950.0 -0.00240
5350.0 3950.0 0.00307
5450.0 3950.0 0.00708
5550.0 3950.0 0.01057
5650.0 3950.0 0.01458
5750.0 3950.0 0.02006
5850.0 3950.0 0.02752
5950.0 3950.0 0.03670
6050.0 3950.0 0.04673
6150.0 3950.0 0.05837
6250.0 3950.0 0.07037
6350.0 3950.0 0.07981
50.0 4050.0 0.03558
150.0 4050.0 0.03073
250.0 4050.0 0.03949
350.0 4050.0 0.06051
450.0 4050.0 0.08406
550.0 4050.0 0.09873
650.0 4050.0 0.09607
750.0 4050.0 0.07310
850.0 4050.0 0.03268
950.0 4050.0 -0.01815
1050.0 4050.0 -0.07205
1150.0 4050.0 -0.12105
1250.0 4050.0 -0.15060
1350.0 4050.0 -0.15330
1450.0 4050.0 -0.13060
1550.0 4050.0 -0.09114
1650.0 4050.0 -0.04816
1750.0 4050.0 -0.01620
1850.0 4050.0 -0.00697
1950.0 4050.0 -0.02444
2050.0 4050.0 -0.05890
2150.0 4050.0 -0.07400
2250.0 4050.0 -0.03639
2350.0 4050.0 0.04709
2450.0 4050.0 0.14683
2550.0 4050.0 0.22769
2650.0 4050.0 0.26138
2750.0 4050.0 0.23395
2850.0 4050.0 0.14839
2950.0 4050.0 0.02244
3050.0 4050.0 -0.11861
3150.0 4050.0 -0.25108
3250.0 4050.0 -0.34900
3350.0 4050.0 -0.38870
3450.0 4050.0 -0.35978
3550.0 4050.0 -0.27055
3650.0 4050.0 -0.14743
3750.0 4050.0 -0.02824
3850.0 4050.0 0.05045
3950.0 4050.0 0.07207
4050.0 4050.0 0.06183
4150.0 4050.0 0.04733
4250.0 4050.0 0.02937
4350.0 4050.0 0.01135
4450.0 4050.0 -0.00232
4550.0 4050.0 -0.00848
4650.0 4050.0 -0.00634
4750.0 4050.0 0.00231
4850.0 4050.0 0.01400
4950.0 4050.0 0.02541
5050.0 4050.0 0.03551
5150.0 4050.0 0.04024
5250.0 4050.0 0.03548
5350.0 4050.0 0.02129
5450.0 4050.0 0.00071
5550.0 4050.0 -0.02149
5650.0 4050.0 -0.04012
5750.0 4050.0 -0.05088
5850.0 4050.0 -0.05178
5950.0 4050.0 -0.04446
6050.0 4050.0 -0.03438
6150.0 4050.0 -0.02334
6250.0 4050.0 -0.01293
6350.0 4050.0 -0.00604
50.0 4150.0 0.11199
150.0 4150.0 0.10620
250.0 4150.0 0.10475
350.0 4150.0 0.10295
450.0 4150.0 0.09265
550.0 4150.0 0.06729
650.0 4150.0 0.02490
750.0 4150.0 -0.03108
850.0 4150.0 -0.09313
950.0 4150.0 -0.15308
1050.0 4150.0 -0.20768
1150.0 4150.0 -0.25522
1250.0 4150.0 -0.28046
1350.0 4150.0 -0.27585
1450.0 4150.0 -0.24408
1550.0 4150.0 -0.19557
1650.0 4150.0 -0.14529
1750.0 4150.0 -0.10898
1850.0 4150.0 -0.09874
1950.0 4150.0 -0.11797
2050.0 4150.0 -0.15559
2150.0 4150.0 -0.17440
2250.0 4150.0 -0.14136
2350.0 4150.0 -0.06278
2450.0 4150.0 0.03266
2550.0 4150.0 0.11061
2650.0 4150.0 0.14312
2750.0 4150.0 0.11604
2850.0 4150.0 0.03176
2950.0 4150.0 -0.09274
3050.0 4150.0 -0.23240
3150.0 4150.0 -0.35944
3250.0 4150.0 -0.44214
3350.0 4150.0 -0.45552
3450.0 4150.0 -0.39162
3550.0 4150.0 -0.26359
3650.0 4150.0 -0.10369
3750.0 4150.0 0.04486
3850.0 4150.0 0.14216
3950.0 4150.0 0.17207
4050.0 4150.0 0.16520
4150.0 4150.0 0.15164
4250.0 4150.0 0.12987
4350.0 4150.0 0.10281
4450.0 4150.0 0.07599
4550.0 4150.0 0.05488
4650.0 4150.0 0.04304
4750.0 4150.0 0.04124
4850.0 4150.0 0.04759
4950.0 4150.0 0.05841
5050.0 4150.0 0.06946
5150.0 4150.0 0.07166
5250.0 4150.0 0.05850
5350.0 4150.0 0.03052
5450.0 4150.0 -0.00694
5550.0 4150.0 -0.04598
5650.0 4150.0 -0.07833
5750.0 4150.0 -0.09750
5850.0 4150.0 -0.10076
5950.0 4150.0 -0.09114
6050.0 4150.0 -0.07783
6150.0 4150.0 -0.06697
6250.0 4150.0 -0.06208
6350.0 4150.0 -0.06571
50.0 4250.0 0.19735
150.0 4250.0 0.19222
250.0 4250.0 0.18080
350.0 4250.0 0.15444
450.0 4250.0 0.10666
550.0 4250.0 0.03647
650.0 4250.0 -0.05065
750.0 4250.0 -0.14378
850.0 4250.0 -0.22992
950.0 4250.0 -0.29947
1050.0 4250.0 -0.35384
1150.0 4250.0 -0.39789
1250.0 4250.0 -0.41421
1350.0 4250.0 -0.39547
1450.0 4250.0 -0.34733
1550.0 4250.0 -0.28398
1650.0 4250.0 -0.22360
1750.0 4250.0 -0.18365
1850.0 4250.0 -0.17614
1950.0 4250.0 -0.20276
2050.0 4250.0 -0.24978
2150.0 4250.0 -0.27863
2250.0 4250.0 -0.25594
2350.0 4250.0 -0.18609
2450.0 4250.0 -0.09562
2550.0 4250.0 -0.01772
2650.0 4250.0 0.01934
2750.0 4250.0 -0.00040
2850.0 4250.0 -0.07716
2950.0 4250.0 -0.19609
3050.0 4250.0 -0.33191
3150.0 4250.0 -0.45397
3250.0 4250.0 -0.52803
3350.0 4250.0 -0.52783
3450.0 4250.0 -0.44552
3550.0 4250.0 -0.29567
3650.0 4250.0 -0.11297
3750.0 4250.0 0.05655
3850.0 4250.0 0.17072
3950.0 4250.0 0.21277
4050.0 4250.0 0.21550
4150.0 4250.0 0.20880
4250.0 4250.0 0.18797
4350.0 4250.0 0.15478
4450.0 4250.0 0.11570
4550.0 4250.0 0.07882
4650.0 4250.0 0.05133
4750.0 4250.0 0.03775
4850.0 4250.0 0.03877
4950.0 4250.0 0.05073
5050.0 4250.0 0.06533
5150.0 4250.0 0.06897
5250.0 4250.0 0.05425
5350.0 4250.0 0.02290
5450.0 4250.0 -0.01769
5550.0 4250.0 -0.05769
5650.0 4250.0 -0.08763
5750.0 4250.0 -0.10078
5850.0 4250.0 -0.09514
5950.0 4250.0 -0.07507
6050.0 4250.0 -0.05211
6150.0 4250.0 -0.03982
6250.0 4250.0 -0.04634
6350.0 4250.0 -0.07339
50.0 4350.0 0.27141
150.0 4350.0 0.26912
250.0 4350.0 0.25080
350.0 4350.0 0.20407
450.0 4350.0 0.12387
550.0 4350.0 0.01418
650.0 4350.0 -0.11265
750.0 4350.0 -0.23877
850.0 4350.0 -0.34597
950.0 4350.0 -0.42316
1050.0 4350.0 -0.47600
1150.0 4350.0 -0.51466
1250.0 4350.0 -0.51808
1350.0 4350.0 -0.47974
1450.0 4350.0 -0.40995
1550.0 4350.0 -0.32839
1650.0 4350.0 -0.25752
1750.0 4350.0 -0.21671
1850.0 4350.0 -0.21714
1950.0 4350.0 -0.25752
2050.0 4350.0 -0.32045
2150.0 4350.0 -0.36590
2250.0 4350.0 -0.35944
2350.0 4350.0 -0.30211
2450.0 4350.0 -0.21708
2550.0 4350.0 -0.13598
2650.0 4350.0 -0.08820
2750.0 4350.0 -0.09318
2850.0 4350.0 -0.15582
2950.0 4350.0 -0.26483
3050.0 4350.0 -0.39431
3150.0 4350.0 -0.51246
3250.0 4350.0 -0.58680
3350.0 4350.0 -0.58990
3450.0 4350.0 -0.51120
3550.0 4350.0 -0.36244
3650.0 4350.0 -0.17633
3750.0 4350.0 0.00174
3850.0 4350.0 0.12879
3950.0 4350.0 0.18629
4050.0 4350.0 0.20505
4150.0 4350.0 0.21164
4250.0 4350.0 0.19756
4350.0 4350.0 0.16273
4450.0 4350.0 0.11417
4550.0 4350.0 0.06266
4650.0 4350.0 0.01962
4750.0 4350.0 -0.00579
4850.0 4350.0 -0.00934
4950.0 4350.0 0.00573
5050.0 4350.0 0.02654
5150.0 4350.0 0.03523
5250.0 4350.0 0.02475
5350.0 4350.0 -0.00123
5450.0 4350.0 -0.03330
5550.0 4350.0 -0.06055
5650.0 4350.0 -0.07375
5750.0 4350.0 -0.06764
5850.0 4350.0 -0.04231
5950.0 4350.0 -0.00359
6050.0 4350.0 0.03584
6150.0 4350.0 0.05263
6250.0 4350.0 0.03191
6350.0 4350.0 -0.02686
50.0 4450.0 0.31206
150.0 4450.0 0.31474
250.0 4450.0 0.29520
350.0 4450.0 0.23850
450.0 4450.0 0.14030
550.0 4450.0 0.00762
650.0 4450.0 -0.14279
750.0 4450.0 -0.28848
850.0 4450.0 -0.40767
950.0 4450.0 -0.48811
1050.0 4450.0 -0.53811
1150.0 4450.0 -0.57024
1250.0 4450.0 -0.55897
1350.0 4450.0 -0.49920
1450.0 4450.0 -0.40687
1550.0 4450.0 -0.30797
1650.0 4450.0 -0.22949
1750.0 4450.0 -0.19231
1850.0 4450.0 -0.20594
1950.0 4450.0 -0.26520
2050.0 4450.0 -0.34871
2150.0 4450.0 -0.41531
2250.0 4450.0 -0.42913
2350.0 4450.0 -0.38678
2450.0 4450.0 -0.30722
2550.0 4450.0 -0.22032
2650.0 4450.0 -0.15714
2750.0 4450.0 -0.14189
2850.0 4450.0 -0.18562
2950.0 4450.0 -0.28162
3050.0 4450.0 -0.40299
3150.0 4450.0 -0.51878
3250.0 4450.0 -0.60223
3350.0 4450.0 -0.62504
3450.0 4450.0 -0.57145
3550.0 4450.0 -0.44646
3650.0 4450.0 -0.27663
3750.0 4450.0 -0.10341
3850.0 4450.0 0.03103
3950.0 4450.0 0.10545
4050.0 4450.0 0.14477
4150.0 4450.0 0.16956
4250.0 4450.0 0.16737
4350.0 4450.0 0.13586
4450.0 4450.0 0.08210
4550.0 4450.0 0.01925
4650.0 4450.0 -0.03704
4750.0 4450.0 -0.07266
4850.0 4450.0 -0.07934
4950.0 4450.0 -0.05949
5050.0 4450.0 -0.03066
5150.0 4450.0 -0.01499
5250.0 4450.0 -0.01877
5350.0 4450.0 -0.03580
5450.0 4450.0 -0.05440
5550.0 4450.0 -0.06261
5650.0 4450.0 -0.05195
5750.0 4450.0 -0.01942
5850.0 4450.0 0.03209
5950.0 4450.0 0.09499
6050.0 4450.0 0.15589
6150.0 4450.0 0.18106
6250.0 4450.0 0.14823
6350.0 4450.0 0.05818
50.0 4550.0 0.30651
150.0 4550.0 0.31568
250.0 4550.0 0.30162
350.0 4550.0 0.24866
450.0 4550.0 0.15223
550.0 4550.0 0.01964
650.0 4550.0 -0.13159
750.0 4550.0 -0.27793
850.0 4550.0 -0.39658
950.0 4550.0 -0.47465
1050.0 4550.0 -0.52084
1150.0 4550.0 -0.54640
1250.0 4550.0 -0.52133
1350.0 4550.0 -0.44241
1450.0 4550.0 -0.33127
1550.0 4550.0 -0.21986
1650.0 4550.0 -0.13907
1750.0 4550.0 -0.11048
1850.0 4550.0 -0.14120
1950.0 4550.0 -0.22183
2050.0 4550.0 -0.32743
2150.0 4550.0 -0.41654
2250.0 4550.0 -0.45171
2350.0 4550.0 -0.42479
2450.0 4550.0 -0.35029
2550.0 4550.0 -0.25633
2650.0 4550.0 -0.17589
2750.0 4550.0 -0.13838
2850.0 4550.0 -0.16153
2950.0 4550.0 -0.24349
3050.0 4550.0 -0.35625
3150.0 4550.0 -0.47124
3250.0 4550.0 -0.57013
3350.0 4550.0 -0.62408
3450.0 4550.0 -0.61064
3550.0 4550.0 -0.52560
3650.0 4550.0 -0.38663
3750.0 4550.0 -0.22890
3850.0 4550.0 -0.09253
3950.0 4550.0 -0.00195
4050.0 4550.0 0.05927
4150.0 4550.0 0.10429
4250.0 4550.0 0.11708
4350.0 4550.0 0.09297
4450.0 4550.0 0.03859
4550.0 4550.0 -0.03111
4650.0 4550.0 -0.09680
4750.0 4550.0 -0.13977
4850.0 4550.0 -0.14785
4950.0 4550.0 -0.12237
5050.0 4550.0 -0.08501
5150.0 4550.0 -0.06266
5250.0 4550.0 -0.06124
5350.0 4550.0 -0.07191
5450.0 4550.0 -0.08008
5550.0 4550.0 -0.07210
5650.0 4550.0 -0.03963
5750.0 4550.0 0.01849
5850.0 4550.0 0.09659
5950.0 4550.0 0.18499
6050.0 4550.0 0.26919
6150.0 4550.0 0.30634
6250.0 4550.0 0.26781
6350.0 4550.0 0.15549
50.0 4650.0 0.25654
150.0 4650.0 0.27264
250.0 4650.0 0.26968
350.0 4650.0 0.23317
450.0 4650.0 0.15740
550.0 4650.0 0.04726
650.0 4650.0 -0.08258
750.0 4650.0 -0.21113
850.0 4650.0 -0.31716
950.0 4650.0 -0.38779
1050.0 4650.0 -0.42984
1150.0 4650.0 -0.44987
1250.0 4650.0 -0.41421
1350.0 4650.0 -0.32173
1450.0 4650.0 -0.19886
1550.0 4650.0 -0.08218
1650.0 4650.0 -0.00513
1750.0 4650.0 0.01098
1850.0 4650.0 -0.03816
1950.0 4650.0 -0.13927
2050.0 4650.0 -0.26494
2150.0 4650.0 -0.37437
2250.0 4650.0 -0.42873
2350.0 4650.0 -0.41559
2450.0 4650.0 -0.34545
2550.0 4650.0 -0.24487
2650.0 4650.0 -0.14862
2750.0 4650.0 -0.09084
2850.0 4650.0 -0.09528
2950.0 4650.0 -0.16452
3050.0 4650.0 -0.26953
3150.0 4650.0 -0.38484
3250.0 4650.0 -0.50109
3350.0 4650.0 -0.58919
3450.0 4650.0 -0.62002
3550.0 4650.0 -0.57979
3650.0 4650.0 -0.47677
3750.0 4650.0 -0.33920
3850.0 4650.0 -0.20466
3950.0 4650.0 -0.10064
4050.0 4650.0 -0.01963
4150.0 4650.0 0.04420
4250.0 4650.0 0.07209
4350.0 4650.0 0.05731
4450.0 4650.0 0.00578
4550.0 4650.0 -0.06646
4650.0 4650.0 -0.13735
4750.0 4650.0 -0.18453
4850.0 4650.0 -0.19253
4950.0 4650.0 -0.16158
5050.0 4650.0 -0.11667
5150.0 4650.0 -0.08997
5250.0 4650.0 -0.08832
5350.0 4650.0 -0.10038
5450.0 4650.0 -0.10805
5550.0 4650.0 -0.09478
5650.0 4650.0 -0.05081
5750.0 4650.0 0.02450
5850.0 4650.0 0.12355
5950.0 4650.0 0.23427
6050.0 4650.0 0.33989
6150.0 4650.0 0.39126
6250.0 4650.0 0.35567
6350.0 4650.0 0.23566
50.0 4750.0 0.17783
150.0 4750.0 0.20006
250.0 4750.0 0.21097
350.0 4750.0 0.19860
450.0 4750.0 0.15558
550.0 4750.0 0.08257
650.0 4750.0 -0.01118
750.0 4750.0 -0.10973
850.0 4750.0 -0.19529
950.0 4750.0 -0.25557
1050.0 4750.0 -0.29388
1150.0 4750.0 -0.31023
1250.0 4750.0 -0.26861
1350.0 4750.0 -0.16982
1450.0 4750.0 -0.04357
1550.0 4750.0 0.07093
1650.0 4750.0 0.13931
1750.0 4750.0 0.14138
1850.0 4750.0 0.07553
1950.0 4750.0 -0.04201
2050.0 4750.0 -0.18271
2150.0 4750.0 -0.30726
2250.0 4750.0 -0.37601
2350.0 4750.0 -0.37334
2450.0 4750.0 -0.30677
2550.0 4750.0 -0.20163
2650.0 4750.0 -0.09398
2750.0 4750.0 -0.02141
2850.0 4750.0 -0.01213
2950.0 4750.0 -0.07198
3050.0 4750.0 -0.17124
3150.0 4750.0 -0.28716
3250.0 4750.0 -0.41756
3350.0 4750.0 -0.53322
3450.0 4750.0 -0.59982
3550.0 4750.0 -0.59605
3650.0 4750.0 -0.52265
3750.0 4750.0 -0.40230
3850.0 4750.0 -0.27042
3950.0 4750.0 -0.15682
4050.0 4750.0 -0.06113
4150.0 4750.0 0.01698
4250.0 4750.0 0.05702
4350.0 4750.0 0.05069
4450.0 4750.0 0.00324
4550.0 4750.0 -0.06878
4650.0 4750.0 -0.14164
4750.0 4750.0 -0.19053
4850.0 4750.0 -0.19771
4950.0 4750.0 -0.16248
5050.0 4750.0 -0.11217
5150.0 4750.0 -0.08489
5250.0 4750.0 -0.08994
5350.0 4750.0 -0.11410
5450.0 4750.0 -0.13523
5550.0 4750.0 -0.13246
5650.0 4750.0 -0.09270
5750.0 4750.0 -0.01378
5850.0 4750.0 0.09608
5950.0 4750.0 0.22226
6050.0 4750.0 0.34424
6150.0 4750.0 0.40995
6250.0 4750.0 0.38551
6350.0 4750.0 0.27365
50.0 4850.0 0.09337
150.0 4850.0 0.11992
250.0 4850.0 0.14394
350.0 4850.0 0.15646
450.0 4850.0 0.14844
550.0 4850.0 0.11576
650.0 4850.0 0.06157
750.0 4850.0 -0.00411
850.0 4850.0 -0.06761
950.0 4850.0 -0.11749
1050.0 4850.0 -0.15312
1150.0 4850.0 -0.16789
1250.0 4850.0 -0.12507
1350.0 4850.0 -0.02694
1450.0 4850.0 0.09536
1550.0 4850.0 0.20202
1650.0 4850.0 0.25919
1750.0 4850.0 0.24835
1850.0 4850.0 0.17002
1950.0 4850.0 0.04213
2050.0 4850.0 -0.10694
2150.0 4850.0 -0.23989
2250.0 4850.0 -0.31691
2350.0 4850.0 -0.32069
2450.0 4850.0 -0.25700
2550.0 4850.0 -0.15042
2650.0 4850.0 -0.03749
2750.0 4850.0 0.04242
2850.0 4850.0 0.05877
2950.0 4850.0 0.00390
3050.0 4850.0 -0.09220
3150.0 4850.0 -0.20815
3250.0 4850.0 -0.34530
3350.0 4850.0 -0.47431
3450.0 4850.0 -0.55820
3550.0 4850.0 -0.57187
3650.0 4850.0 -0.51235
3750.0 4850.0 -0.39964
3850.0 4850.0 -0.26816
3950.0 4850.0 -0.14896
4050.0 4850.0 -0.04518
4150.0 4850.0 0.04087
4250.0 4850.0 0.08783
4350.0 4850.0 0.08659
4450.0 4850.0 0.04195
4550.0 4850.0 -0.02935
4650.0 4850.0 -0.10274
4750.0 4850.0 -0.15218
4850.0 4850.0 -0.15867
4950.0 4850.0 -0.12104
5050.0 4850.0 -0.06807
5150.0 4850.0 -0.04433
5250.0 4850.0 -0.06313
5350.0 4850.0 -0.11009
5450.0 4850.0 -0.15883
5550.0 4850.0 -0.18291
5650.0 4850.0 -0.16408
5750.0 4850.0 -0.09656
5850.0 4850.0 0.01230
5950.0 4850.0 0.14533
6050.0 4850.0 0.27682
6150.0 4850.0 0.35490
6250.0 4850.0 0.34727
6350.0 4850.0 0.25633
50.0 4950.0 0.02095
150.0 4950.0 0.04983
250.0 4950.0 0.08392
350.0 4950.0 0.11702
450.0 4950.0 0.13865
550.0 4950.0 0.14056
650.0 4950.0 0.12049
750.0 4950.0 0.08315
850.0 4950.0 0.03846
950.0 4950.0 -0.00299
1050.0 4950.0 -0.03713
1150.0 4950.0 -0.05204
1250.0 4950.0 -0.01154
1350.0 4950.0 0.08116
1450.0 4950.0 0.19498
1550.0 4950.0 0.29097
1650.0 4950.0 0.33684
1750.0 4950.0 0.31578
1850.0 4950.0 0.22977
1950.0 4950.0 0.09732
2050.0 4950.0 -0.05425
2150.0 4950.0 -0.18972
2250.0 4950.0 -0.26970
2350.0 4950.0 -0.27651
2450.0 4950.0 -0.21533
2550.0 4950.0 -0.11023
2650.0 4950.0 0.00238
2750.0 4950.0 0.08292
2850.0 4950.0 0.10038
2950.0 4950.0 0.04659
3050.0 4950.0 -0.04862
3150.0 4950.0 -0.16357
3250.0 4950.0 -0.29926
3350.0 4950.0 -0.42608
3450.0 4950.0 -0.50696
3550.0 4950.0 -0.51695
3650.0 4950.0 -0.45341
3750.0 4950.0 -0.33678
3850.0 4950.0 -0.20191
3950.0 4950.0 -0.08004
4050.0 4950.0 0.02603
4150.0 4950.0 0.11419
4250.0 4950.0 0.16277
4350.0 4950.0 0.16244
4450.0 4950.0 0.11793
4550.0 4950.0 0.04613
4650.0 4950.0 -0.02804
4750.0 4950.0 -0.07809
4850.0 4950.0 -0.08465
4950.0 4950.0 -0.04641
5050.0 4950.0 0.00681
5150.0 4950.0 0.02381
5250.0 4950.0 -0.01385
5350.0 4950.0 -0.09130
5450.0 4950.0 -0.17789
5550.0 4950.0 -0.24095
5650.0 4950.0 -0.25573
5750.0 4950.0 -0.21139
5850.0 4950.0 -0.11317
5950.0 4950.0 0.01933
6050.0 4950.0 0.15417
6150.0 4950.0 0.24174
6250.0 4950.0 0.25314
6350.0 4950.0 0.19014
50.0 5050.0 -0.04036
150.0 5050.0 -0.01018
250.0 5050.0 0.03200
350.0 5050.0 0.08247
450.0 5050.0 0.12965
550.0 5050.0 0.16177
650.0 5050.0 0.17180
750.0 5050.0 0.15971
850.0 5050.0 0.13195
950.0 5050.0 0.09822
1050.0 5050.0 0.06555
1150.0 5050.0 0.05022
1250.0 5050.0 0.08696
1350.0 5050.0 0.17175
1450.0 5050.0 0.27423
1550.0 5050.0 0.35722
1650.0 5050.0 0.39057
1750.0 5050.0 0.35953
1850.0 5050.0 0.26745
1950.0 5050.0 0.13297
2050.0 5050.0 -0.01823
2150.0 5050.0 -0.15338
2250.0 5050.0 -0.23398
2350.0 5050.0 -0.24249
2450.0 5050.0 -0.18384
2550.0 5050.0 -0.08166
2650.0 5050.0 0.02825
2750.0 5050.0 0.10680
2850.0 5050.0 0.12332
2950.0 5050.0 0.06962
3050.0 5050.0 -0.02492
3150.0 5050.0 -0.13756
3250.0 5050.0 -0.26723
3350.0 5050.0 -0.38407
3450.0 5050.0 -0.45214
3550.0 5050.0 -0.44845
3650.0 5050.0 -0.37249
3750.0 5050.0 -0.24652
3850.0 5050.0 -0.10636
3950.0 5050.0 0.01715
4050.0 5050.0 0.12321
4150.0 5050.0 0.21108
4250.0 5050.0 0.25894
4350.0 5050.0 0.25742
4450.0 5050.0 0.21139
4550.0 5050.0 0.13796
4650.0 5050.0 0.06230
4750.0 5050.0 0.01110
4850.0 5050.0 0.00386
4950.0 5050.0 0.04184
5050.0 5050.0 0.09429
5150.0 5050.0 0.10320
5250.0 5050.0 0.04459
5350.0 5050.0 -0.06649
5450.0 5050.0 -0.19514
5550.0 5050.0 -0.30215
5650.0 5050.0 -0.35577
5750.0 5050.0 -0.33946
5850.0 5050.0 -0.25590
5950.0 5050.0 -0.12703
6050.0 5050.0 0.00855
6150.0 5050.0 0.10435
6250.0 5050.0 0.13558
6350.0 5050.0 0.10323
50.0 5150.0 -0.07665
150.0 5150.0 -0.04697
250.0 5150.0 -0.00006
350.0 5150.0 0.06330
450.0 5150.0 0.13177
550.0 5150.0 0.19150
650.0 5150.0 0.23161
750.0 5150.0 0.24743
850.0 5150.0 0.24125
950.0 5150.0 0.22074
1050.0 5150.0 0.19505
1150.0 5150.0 0.18304
1250.0 5150.0 0.21365
1350.0 5150.0 0.28077
1450.0 5150.0 0.35645
1550.0 5150.0 0.40858
1650.0 5150.0 0.41313
1750.0 5150.0 0.36085
1850.0 5150.0 0.25859
1950.0 5150.0 0.12505
2050.0 5150.0 -0.01870
2150.0 5150.0 -0.14695
2250.0 5150.0 -0.22425
2350.0 5150.0 -0.23373
2450.0 5150.0 -0.17950
2550.0 5150.0 -0.08334
2650.0 5150.0 0.02117
2750.0 5150.0 0.09704
2850.0 5150.0 0.11494
2950.0 5150.0 0.06670
3050.0 5150.0 -0.02013
3150.0 5150.0 -0.12209
3250.0 5150.0 -0.23529
3350.0 5150.0 -0.33067
3450.0 5150.0 -0.37533
3550.0 5150.0 -0.34983
3650.0 5150.0 -0.25668
3750.0 5150.0 -0.11975
3850.0 5150.0 0.02525
3950.0 5150.0 0.14918
4050.0 5150.0 0.25405
4150.0 5150.0 0.34031
4250.0 5150.0 0.38581
4350.0 5150.0 0.38113
4450.0 5150.0 0.33133
4550.0 5150.0 0.25389
4650.0 5150.0 0.17441
4750.0 5150.0 0.11999
4850.0 5150.0 0.11032
4950.0 5150.0 0.14660
5050.0 5150.0 0.19692
5150.0 5150.0 0.19577
5250.0 5150.0 0.11293
5350.0 5150.0 -0.03662
5450.0 5150.0 -0.21358
5550.0 5150.0 -0.37168
5650.0 5150.0 -0.47133
5750.0 5150.0 -0.48946
5850.0 5150.0 -0.42555
5950.0 5150.0 -0.30392
6050.0 5150.0 -0.17027
6150.0 5150.0 -0.06557
6250.0 5150.0 -0.00891
6350.0 5150.0 -0.00096
50.0 5250.0 -0.07168
150.0 5250.0 -0.04588
250.0 5250.0 -0.00122
350.0 5250.0 0.06469
450.0 5250.0 0.14340
550.0 5250.0 0.22198
650.0 5250.0 0.28799
750.0 5250.0 0.33293
850.0 5250.0 0.35419
950.0 5250.0 0.35561
1050.0 5250.0 0.34648
1150.0 5250.0 0.34484
1250.0 5250.0 0.36737
1350.0 5250.0 0.40411
1450.0 5250.0 0.43200
1550.0 5250.0 0.42900
1650.0 5250.0 0.38291
1750.0 5250.0 0.29508
1850.0 5250.0 0.17885
1950.0 5250.0 0.05281
2050.0 5250.0 -0.07100
2150.0 5250.0 -0.18094
2250.0 5250.0 -0.24851
2350.0 5250.0 -0.25844
2450.0 5250.0 -0.21284
2550.0 5250.0 -0.12918
2650.0 5250.0 -0.03573
2750.0 5250.0 0.03554
2850.0 5250.0 0.05850
2950.0 5250.0 0.02502
3050.0 5250.0 -0.04172
3150.0 5250.0 -0.11912
3250.0 5250.0 -0.20016
3350.0 5250.0 -0.25872
3450.0 5250.0 -0.26760
3550.0 5250.0 -0.21290
3650.0 5250.0 -0.10047
3750.0 5250.0 0.04550
3850.0 5250.0 0.19176
3950.0 5250.0 0.31318
4050.0 5250.0 0.41483
4150.0 5250.0 0.49750
4250.0 5250.0 0.53860
4350.0 5250.0 0.52860
4450.0 5250.0 0.47273
4550.0 5250.0 0.38887
4650.0 5250.0 0.30309
4750.0 5250.0 0.24294
4850.0 5250.0 0.22843
4950.0 5250.0 0.26069
5050.0 5250.0 0.30669
5150.0 5250.0 0.29388
5250.0 5250.0 0.18590
5350.0 5250.0 -0.00289
5450.0 5250.0 -0.22948
5550.0 5250.0 -0.44106
5650.0 5250.0 -0.59043
5750.0 5250.0 -0.64774
5850.0 5250.0 -0.60884
5950.0 5250.0 -0.49994
6050.0 5250.0 -0.37307
6150.0 5250.0 -0.26006
6250.0 5250.0 -0.17259
6350.0 5250.0 -0.11424
50.0 5350.0 -0.02953
150.0 5350.0 -0.01120
250.0 5350.0 0.02255
350.0 5350.0 0.07715
450.0 5350.0 0.14979
550.0 5350.0 0.23224
650.0 5350.0 0.31372
750.0 5350.0 0.38371
850.0 5350.0 0.43474
950.0 5350.0 0.46514
1050.0 5350.0 0.48176
1150.0 5350.0 0.49811
1250.0 5350.0 0.51387
1350.0 5350.0 0.51409
1450.0 5350.0 0.48254
1550.0 5350.0 0.41080
1650.0 5350.0 0.30255
1750.0 5350.0 0.17313
1850.0 5350.0 0.04432
1950.0 5350.0 -0.06576
2050.0 5350.0 -0.15716
2150.0 5350.0 -0.23770
2250.0 5350.0 -0.28976
2350.0 5350.0 -0.30062
2450.0 5350.0 -0.26918
2550.0 5350.0 -0.20592
2650.0 5350.0 -0.13052
2750.0 5350.0 -0.06689
2850.0 5350.0 -0.03594
2950.0 5350.0 -0.04575
3050.0 5350.0 -0.08030
3150.0 5350.0 -0.12060
3250.0 5350.0 -0.15781
3350.0 5350.0 -0.17101
3450.0 5350.0 -0.14069
3550.0 5350.0 -0.05904
3650.0 5350.0 0.06592
3750.0 5350.0 0.21229
3850.0 5350.0 0.35242
3950.0 5350.0 0.46718
4050.0 5350.0 0.56360
4150.0 5350.0 0.64110
4250.0 5350.0 0.67688
4350.0 5350.0 0.66127
4450.0 5350.0 0.59944
4550.0 5350.0 0.50930
4650.0 5350.0 0.41704
4750.0 5350.0 0.35041
4850.0 5350.0 0.32961
4950.0 5350.0 0.35584
5050.0 5350.0 0.39556
5150.0 5350.0 0.37218
5250.0 5350.0 0.24514
5350.0 5350.0 0.02754
5450.0 5350.0 -0.23599
5550.0 5350.0 -0.48883
5650.0 5350.0 -0.67865
5750.0 5350.0 -0.77057
5850.0 5350.0 -0.75715
5950.0 5350.0 -0.66523
6050.0 5350.0 -0.55022
6150.0 5350.0 -0.43221
6250.0 5350.0 -0.31512
6350.0 5350.0 -0.20640
50.0 5450.0 0.03308
150.0 5450.0 0.04117
250.0 5450.0 0.05612
350.0 5450.0 0.08564
450.0 5450.0 0.13469
550.0 5450.0 0.20319
650.0 5450.0 0.28544
750.0 5450.0 0.37133
850.0 5450.0 0.44939
950.0 5450.0 0.51156
1050.0 5450.0 0.55978
1150.0 5450.0 0.60004
1250.0 5450.0 0.61384
1350.0 5450.0 0.58134
1450.0 5450.0 0.49371
1550.0 5450.0 0.35691
1650.0 5450.0 0.19113
1750.0 5450.0 0.02607
1850.0 5450.0 -0.10813
1950.0 5450.0 -0.19411
2050.0 5450.0 -0.24459
2150.0 5450.0 -0.28859
2250.0 5450.0 -0.32196
2350.0 5450.0 -0.33531
2450.0 5450.0 -0.32337
2550.0 5450.0 -0.28765
2650.0 5450.0 -0.23671
2750.0 5450.0 -0.18414
2850.0 5450.0 -0.14412
2950.0 5450.0 -0.12468
3050.0 5450.0 -0.11908
3150.0 5450.0 -0.11538
3250.0 5450.0 -0.10563
3350.0 5450.0 -0.07597
3450.0 5450.0 -0.01494
3550.0 5450.0 0.08043
3650.0 5450.0 0.20257
3750.0 5450.0 0.33530
3850.0 5450.0 0.45958
3950.0 5450.0 0.56338
4050.0 5450.0 0.65320
4150.0 5450.0 0.72495
4250.0 5450.0 0.75614
4350.0 5450.0 0.73701
4450.0 5450.0 0.67220
4550.0 5450.0 0.57898
4650.0 5450.0 0.48294
4750.0 5450.0 0.41141
4850.0 5450.0 0.38449
4950.0 5450.0 0.40367
5050.0 5450.0 0.43612
5150.0 5450.0 0.40619
5250.0 5450.0 0.27269
5350.0 5450.0 0.04701
5450.0 5450.0 -0.22780
5550.0 5450.0 -0.49577
5650.0 5450.0 -0.70401
5750.0 5450.0 -0.81604
5850.0 5450.0 -0.82248
5950.0 5450.0 -0.74897
6050.0 5450.0 -0.64957
6150.0 5450.0 -0.53213
6250.0 5450.0 -0.39417
6350.0 5450.0 -0.24739
50.0 5550.0 0.09404
150.0 5550.0 0.09071
250.0 5550.0 0.08191
350.0 5550.0 0.07647
450.0 5550.0 0.08811
550.0 5550.0 0.12705
650.0 5550.0 0.19526
750.0 5550.0 0.28543
850.0 5550.0 0.38357
950.0 5550.0 0.47536
1050.0 5550.0 0.55609
1150.0 5550.0 0.62284
1250.0 5550.0 0.64163
1350.0 5550.0 0.58890
1450.0 5550.0 0.46236
1550.0 5550.0 0.28013
1650.0 5550.0 0.07605
1750.0 5550.0 -0.10862
1850.0 5550.0 -0.23727
1950.0 5550.0 -0.29363
2050.0 5550.0 -0.30096
2150.0 5550.0 -0.30709
2250.0 5550.0 -0.32206
2350.0 5550.0 -0.34008
2450.0 5550.0 -0.35133
2550.0 5550.0 -0.34751
2650.0 5550.0 -0.32511
2750.0 5550.0 -0.28644
2850.0 5550.0 -0.23838
2950.0 5550.0 -0.18891
3050.0 5550.0 -0.14151
3150.0 5550.0 -0.09435
3250.0 5550.0 -0.04379
3350.0 5550.0 0.01613
3450.0 5550.0 0.09002
3550.0 5550.0 0.17872
3650.0 5550.0 0.27854
3750.0 5550.0 0.38218
3850.0 5550.0 0.48132
3950.0 5550.0 0.57094
4050.0 5550.0 0.65381
4150.0 5550.0 0.72036
4250.0 5550.0 0.74913
4350.0 5550.0 0.73028
4450.0 5550.0 0.66747
4550.0 5550.0 0.57649
4650.0 5550.0 0.48142
4750.0 5550.0 0.40843
4850.0 5550.0 0.37713
4950.0 5550.0 0.38952
5050.0 5550.0 0.41489
5150.0 5550.0 0.38418
5250.0 5550.0 0.25975
5350.0 5550.0 0.05106
5450.0 5550.0 -0.20376
5550.0 5550.0 -0.45436
5650.0 5550.0 -0.65257
5750.0 5550.0 -0.76456
5850.0 5550.0 -0.78082
5950.0 5550.0 -0.72396
6050.0 5550.0 -0.64157
6150.0 5550.0 -0.53090
6250.0 5550.0 -0.38585
6350.0 5550.0 -0.22198
50.0 5650.0 0.13210
150.0 5650.0 0.11812
250.0 5650.0 0.08505
350.0 5650.0 0.04173
450.0 5650.0 0.01008
550.0 5650.0 0.01087
650.0 5650.0 0.05477
750.0 5650.0 0.13878
850.0 5650.0 0.24810
950.0 5650.0 0.36317
1050.0 5650.0 0.47221
1150.0 5650.0 0.56393
1250.0 5650.0 0.59457
1350.0 5650.0 0.53875
1450.0 5650.0 0.39869
1550.0 5650.0 0.20022
1650.0 5650.0 -0.01460
1750.0 5650.0 -0.19792
1850.0 5650.0 -0.30985
1950.0 5650.0 -0.33535
2050.0 5650.0 -0.30416
2150.0 5650.0 -0.27725
2250.0 5650.0 -0.27742
2350.0 5650.0 -0.30222
2450.0 5650.0 -0.33756
2550.0 5650.0 -0.36595
2650.0 5650.0 -0.37258
2750.0 5650.0 -0.34920
2850.0 5650.0 -0.29588
2950.0 5650.0 -0.22059
3050.0 5650.0 -0.13641
3150.0 5650.0 -0.05350
3250.0 5650.0 0.02453
3350.0 5650.0 0.09606
3450.0 5650.0 0.16136
3550.0 5650.0 0.22239
3650.0 5650.0 0.28236
3750.0 5650.0 0.34492
3850.0 5650.0 0.41297
3950.0 5650.0 0.48720
4050.0 5650.0 0.56388
4150.0 5650.0 0.62675
4250.0 5650.0 0.65598
4350.0 5650.0 0.64175
4450.0 5650.0 0.58632
4550.0 5650.0 0.50331
4650.0 5650.0 0.41451
4750.0 5650.0 0.34425
4850.0 5650.0 0.31131
4950.0 5650.0 0.31831
5050.0 5650.0 0.33792
5150.0 5650.0 0.31212
5250.0 5650.0 0.21033
5350.0 5650.0 0.04010
5450.0 5650.0 -0.16771
5550.0 5650.0 -0.37233
5650.0 5650.0 -0.53465
5750.0 5650.0 -0.62714
5850.0 5650.0 -0.64198
5950.0 5650.0 -0.59743
6050.0 5650.0 -0.53071
6150.0 5650.0 -0.43172
6250.0 5650.0 -0.29398
6350.0 5650.0 -0.13594
50.0 5750.0 0.13228
150.0 5750.0 0.11020
250.0 5750.0 0.05709
350.0 5750.0 -0.01896
450.0 5750.0 -0.08972
550.0 5750.0 -0.12574
650.0 5750.0 -0.10860
750.0 5750.0 -0.03670
850.0 5750.0 0.07558
950.0 5750.0 0.20519
1050.0 5750.0 0.33430
1150.0 5750.0 0.44572
1250.0 5750.0 0.49288
1350.0 5750.0 0.45066
1450.0 5750.0 0.32320
1550.0 5750.0 0.13860
1650.0 5750.0 -0.05923
1750.0 5750.0 -0.22157
1850.0 5750.0 -0.30879
1950.0 5750.0 -0.30702
2050.0 5750.0 -0.24762
2150.0 5750.0 -0.19740
2250.0 5750.0 -0.18868
2350.0 5750.0 -0.22166
2450.0 5750.0 -0.27883
2550.0 5750.0 -0.33543
2650.0 5750.0 -0.36769
2750.0 5750.0 -0.35906
2850.0 5750.0 -0.30424
2950.0 5750.0 -0.21117
3050.0 5750.0 -0.10068
3150.0 5750.0 0.00524
3250.0 5750.0 0.09403
3350.0 5750.0 0.15803
3450.0 5750.0 0.19611
3550.0 5750.0 0.21425
3650.0 5750.0 0.22432
3750.0 5750.0 0.24107
3850.0 5750.0 0.27733
3950.0 5750.0 0.33749
4050.0 5750.0 0.40964
4150.0 5750.0 0.47084
4250.0 5750.0 0.50328
4350.0 5750.0 0.49722
4450.0 5750.0 0.45332
4550.0 5750.0 0.38268
4650.0 5750.0 0.30439
4750.0 5750.0 0.24056
4850.0 5750.0 0.20888
4950.0 5750.0 0.21268
5050.0 5750.0 0.22859
5150.0 5750.0 0.21158
5250.0 5750.0 0.13976
5350.0 5750.0 0.01920
5450.0 5750.0 -0.12732
5550.0 5750.0 -0.27015
5650.0 5750.0 -0.38133
5750.0 5750.0 -0.44158
5850.0 5750.0 -0.44596
5950.0 5750.0 -0.40805
6050.0 5750.0 -0.35322
6150.0 5750.0 -0.26797
6250.0 5750.0 -0.14816
6350.0 5750.0 -0.01385
50.0 5850.0 0.09031
150.0 5850.0 0.06368
250.0 5850.0 -0.00183
350.0 5850.0 -0.09910
450.0 5850.0 -0.19635
550.0 5850.0 -0.25874
650.0 5850.0 -0.26269
750.0 5850.0 -0.20306
850.0 5850.0 -0.09320
950.0 5850.0 0.04222
1050.0 5850.0 0.18150
1150.0 5850.0 0.30515
1250.0 5850.0 0.37017
1350.0 5850.0 0.35344
1450.0 5850.0 0.25849
1550.0 5850.0 0.11084
1650.0 5850.0 -0.04939
1750.0 5850.0 -0.17756
1850.0 5850.0 -0.23719
1950.0 5850.0 -0.21539
2050.0 5850.0 -0.14080
2150.0 5850.0 -0.07909
2250.0 5850.0 -0.06806
2350.0 5850.0 -0.10955
2450.0 5850.0 -0.18388
2550.0 5850.0 -0.26163
2650.0 5850.0 -0.31336
2750.0 5850.0 -0.31723
2850.0 5850.0 -0.26458
2950.0 5850.0 -0.16338
3050.0 5850.0 -0.03940
3150.0 5850.0 0.07532
3250.0 5850.0 0.15937
3350.0 5850.0 0.20123
3450.0 5850.0 0.20108
3550.0 5850.0 0.17064
3650.0 5850.0 0.13048
3750.0 5850.0 0.10483
3850.0 5850.0 0.11382
3950.0 5850.0 0.16322
4050.0 5850.0 0.23296
4150.0 5850.0 0.29449
4250.0 5850.0 0.33204
4350.0 5850.0 0.33599
4450.0 5850.0 0.30550
4550.0 5850.0 0.24922
4650.0 5850.0 0.18355
4750.0 5850.0 0.12838
4850.0 5850.0 0.10028
4950.0 5850.0 0.10324
5050.0 5850.0 0.11769
5150.0 5850.0 0.11057
5250.0 5850.0 0.06822
5350.0 5850.0 -0.00423
5450.0 5850.0 -0.09101
5550.0 5850.0 -0.17262
5650.0 5850.0 -0.23154
5750.0 5850.0 -0.25654
5850.0 5850.0 -0.24588
5950.0 5850.0 -0.20916
6050.0 5850.0 -0.16112
6150.0 5850.0 -0.08841
6250.0 5850.0 0.00922
6350.0 5850.0 0.11140
50.0 5950.0 0.01607
150.0 5950.0 -0.01197
250.0 5950.0 -0.08232
350.0 5950.0 -0.18864
450.0 5950.0 -0.29807
550.0 5950.0 -0.37364
650.0 5950.0 -0.38944
750.0 5950.0 -0.33842
850.0 5950.0 -0.23292
950.0 5950.0 -0.09779
1050.0 5950.0 0.04368
1150.0 5950.0 0.17290
1250.0 5950.0 0.25457
1350.0 5950.0 0.26851
1450.0 5950.0 0.21600
1550.0 5950.0 0.11689
1650.0 5950.0 0.00402
1750.0 5950.0 -0.08493
1850.0 5950.0 -0.11829
1950.0 5950.0 -0.08387
2050.0 5950.0 -0.00494
2150.0 5950.0 0.05862
2250.0 5950.0 0.06693
2350.0 5950.0 0.01737
2450.0 5950.0 -0.06928
2550.0 5950.0 -0.16127
2650.0 5950.0 -0.22633
2750.0 5950.0 -0.24005
2850.0 5950.0 -0.19210
2950.0 5950.0 -0.09049
3050.0 5950.0 0.03645
3150.0 5950.0 0.14909
3250.0 5950.0 0.21833
3350.0 5950.0 0.23079
3450.0 5950.0 0.18964
3550.0 5950.0 0.11280
3650.0 5950.0 0.02850
3750.0 5950.0 -0.03187
3850.0 5950.0 -0.04361
3950.0 5950.0 -0.00133
4050.0 5950.0 0.06775
4150.0 5950.0 0.13096
4250.0 5950.0 0.17439
4350.0 5950.0 0.18857
4450.0 5950.0 0.17134
4550.0 5950.0 0.12923
4650.0 5950.0 0.07628
4750.0 5950.0 0.03038
4850.0 5950.0 0.00710
4950.0 5950.0 0.01098
5050.0 5950.0 0.02565
5150.0 5950.0 0.02740
5250.0 5950.0 0.00907
5350.0 5950.0 -0.02462
5450.0 5950.0 -0.06303
5550.0 5950.0 -0.09442
5650.0 5950.0 -0.10944
5750.0 5950.0 -0.10341
5850.0 5950.0 -0.07743
5950.0 5950.0 -0.03821
6050.0 5950.0 0.00746
6150.0 5950.0 0.07058
6250.0 5950.0 0.14722
6350.0 5950.0 0.21753
50.0 6050.0 -0.07163
150.0 6050.0 -0.10000
250.0 6050.0 -0.17211
350.0 6050.0 -0.28234
450.0 6050.0 -0.39773
550.0 6050.0 -0.48067
650.0 6050.0 -0.50422
750.0 6050.0 -0.46017
850.0 6050.0 -0.35987
950.0 6050.0 -0.22780
1050.0 6050.0 -0.08784
1150.0 6050.0 0.04369
1250.0 6050.0 0.14068
1350.0 6050.0 0.18639
1450.0 6050.0 0.17950
1550.0 6050.0 0.13322
1650.0 6050.0 0.07187
1750.0 6050.0 0.02490
1850.0 6050.0 0.01830
1950.0 6050.0 0.06345
2050.0 6050.0 0.14338
2150.0 6050.0 0.20583
2250.0 6050.0 0.21000
2350.0 6050.0 0.15271
2450.0 6050.0 0.05550
2550.0 6050.0 -0.04835
2650.0 6050.0 -0.12467
2750.0 6050.0 -0.14733
2850.0 6050.0 -0.10489
2950.0 6050.0 -0.00539
3050.0 6050.0 0.12109
3150.0 6050.0 0.22836
3250.0 6050.0 0.28017
3350.0 6050.0 0.26189
3450.0 6050.0 0.17992
3550.0 6050.0 0.05826
3650.0 6050.0 -0.06773
3750.0 6050.0 -0.16036
3850.0 6050.0 -0.19120
3950.0 6050.0 -0.15564
4050.0 6050.0 -0.08753
4150.0 6050.0 -0.02310
4250.0 6050.0 0.02560
4350.0 6050.0 0.04935
4450.0 6050.0 0.04489
4550.0 6050.0 0.01673
4650.0 6050.0 -0.02339
4750.0 6050.0 -0.05963
4850.0 6050.0 -0.07757
4950.0 6050.0 -0.07225
5050.0 6050.0 -0.05696
5150.0 6050.0 -0.04716
5250.0 6050.0 -0.04441
5350.0 6050.0 -0.04428
5450.0 6050.0 -0.04057
5550.0 6050.0 -0.02818
5650.0 6050.0 -0.00482
5750.0 6050.0 0.02854
5850.0 6050.0 0.06832
5950.0 6050.0 0.11029
6050.0 6050.0 0.15437
6150.0 6050.0 0.20877
6250.0 6050.0 0.26571
6350.0 6050.0 0.30622
50.0 6150.0 -0.18125
150.0 6150.0 -0.20941
250.0 6150.0 -0.27944
350.0 6150.0 -0.38647
450.0 6150.0 -0.49956
550.0 6150.0 -0.58307
650.0 6150.0 -0.61109
750.0 6150.0 -0.57525
850.0 6150.0 -0.48562
950.0 6150.0 -0.36493
1050.0 6150.0 -0.23592
1150.0 6150.0 -0.11085
1250.0 6150.0 -0.00385
1350.0 6150.0 0.07401
1450.0 6150.0 0.11945
1550.0 6150.0 0.13801
1650.0 6150.0 0.14292
1750.0 6150.0 0.15196
1850.0 6150.0 0.18209
1950.0 6150.0 0.24212
2050.0 6150.0 0.32307
2150.0 6150.0 0.38420
2250.0 6150.0 0.38461
2350.0 6150.0 0.32057
2450.0 6150.0 0.21403
2550.0 6150.0 0.09944
2650.0 6150.0 0.01247
2750.0 6150.0 -0.01917
2850.0 6150.0 0.01701
2950.0 6150.0 0.11314
3050.0 6150.0 0.23773
3150.0 6150.0 0.33898
3250.0 6150.0 0.37423
3350.0 6150.0 0.32693
3450.0 6150.0 0.20559
3550.0 6150.0 0.03920
3650.0 6150.0 -0.13045
3750.0 6150.0 -0.25935
3850.0 6150.0 -0.31484
3950.0 6150.0 -0.29224
4050.0 6150.0 -0.23145
4150.0 6150.0 -0.17203
4250.0 6150.0 -0.12352
4350.0 6150.0 -0.09387
4450.0 6150.0 -0.08689
4550.0 6150.0 -0.10008
4650.0 6150.0 -0.12480
4750.0 6150.0 -0.14850
4850.0 6150.0 -0.15925
4950.0 6150.0 -0.15229
5050.0 6150.0 -0.13704
5150.0 6150.0 -0.12038
5250.0 6150.0 -0.09914
5350.0 6150.0 -0.06988
5450.0 6150.0 -0.03096
5550.0 6150.0 0.01655
5650.0 6150.0 0.06888
5750.0 6150.0 0.12069
5850.0 6150.0 0.16699
5950.0 6150.0 0.20623
6050.0 6150.0 0.24409
6150.0 6150.0 0.28681
6250.0 6150.0 0.32455
6350.0 6150.0 0.34020
50.0 6250.0 -0.30236
150.0 6250.0 -0.32944
250.0 6250.0 -0.39120
350.0 6250.0 -0.48355
450.0 6250.0 -0.58086
550.0 6250.0 -0.65356
650.0 6250.0 -0.68023
750.0 6250.0 -0.65395
850.0 6250.0 -0.58313
950.0 6250.0 -0.48662
1050.0 6250.0 -0.38327
1150.0 6250.0 -0.27912
1250.0 6250.0 -0.17402
1350.0 6250.0 -0.07073
1450.0 6250.0 0.02724
1550.0 6250.0 0.11762
1650.0 6250.0 0.20045
1750.0 6250.0 0.27818
1850.0 6250.0 0.35478
1950.0 6250.0 0.43387
2050.0 6250.0 0.51567
2150.0 6250.0 0.57530
2250.0 6250.0 0.57322
2350.0 6250.0 0.50509
2450.0 6250.0 0.39272
2550.0 6250.0 0.27085
2650.0 6250.0 0.17587
2750.0 6250.0 0.13647
2850.0 6250.0 0.16605
2950.0 6250.0 0.25717
3050.0 6250.0 0.37767
3150.0 6250.0 0.47295
3250.0 6250.0 0.49627
3350.0 6250.0 0.42848
3450.0 6250.0 0.27773
3550.0 6250.0 0.07509
3650.0 6250.0 -0.13354
3750.0 6250.0 -0.29906
3850.0 6250.0 -0.38441
3950.0 6250.0 -0.38342
4050.0 6250.0 -0.33982
4150.0 6250.0 -0.29534
4250.0 6250.0 -0.25600
4350.0 6250.0 -0.22708
4450.0 6250.0 -0.21182
4550.0 6250.0 -0.20965
4650.0 6250.0 -0.21599
4750.0 6250.0 -0.22345
4850.0 6250.0 -0.22454
4950.0 6250.0 -0.21576
5050.0 6250.0 -0.20161
5150.0 6250.0 -0.18040
5250.0 6250.0 -0.14584
5350.0 6250.0 -0.09650
5450.0 6250.0 -0.03534
5550.0 6250.0 0.03145
5650.0 6250.0 0.09602
5750.0 6250.0 0.15093
5850.0 6250.0 0.19162
5950.0 6250.0 0.21941
6050.0 6250.0 0.24385
6150.0 6250.0 0.27060
6250.0 6250.0 0.29073
6350.0 6250.0 0.29045
50.0 6350.0 -0.40280
150.0 6350.0 -0.42793
250.0 6350.0 -0.47533
350.0 6350.0 -0.54169
450.0 6350.0 -0.60973
550.0 6350.0 -0.65999
650.0 6350.0 -0.67882
750.0 6350.0 -0.66251
850.0 6350.0 -0.61751
950.0 6350.0 -0.55689
1050.0 6350.0 -0.49290
1150.0 6350.0 -0.42428
1250.0 6350.0 -0.33731
1350.0 6350.0 -0.22493
1450.0 6350.0 -0.08848
1550.0 6350.0 0.06394
1650.0 6350.0 0.21980
1750.0 6350.0 0.36533
1850.0 6350.0 0.48940
1950.0 6350.0 0.58820
2050.0 6350.0 0.67039
2150.0 6350.0 0.72859
2250.0 6350.0 0.72604
2350.0 6350.0 0.65795
2450.0 6350.0 0.54520
2550.0 6350.0 0.42173
2650.0 6350.0 0.32352
2750.0 6350.0 0.27933
2850.0 6350.0 0.30310
2950.0 6350.0 0.38806
3050.0 6350.0 0.50252
3150.0 6350.0 0.59322
3250.0 6350.0 0.61352
3350.0 6350.0 0.54126
3450.0 6350.0 0.38107
3550.0 6350.0 0.16177
3650.0 6350.0 -0.07069
3750.0 6350.0 -0.26492
3850.0 6350.0 -0.38023
3950.0 6350.0 -0.40740
4050.0 6350.0 -0.39017
4150.0 6350.0 -0.37014
4250.0 6350.0 -0.34908
4350.0 6350.0 -0.32825
4450.0 6350.0 -0.30918
4550.0 6350.0 -0.29291
4650.0 6350.0 -0.27958
4750.0 6350.0 -0.26845
4850.0 6350.0 -0.25817
4950.0 6350.0 -0.24757
5050.0 6350.0 -0.23556
5150.0 6350.0 -0.21254
5250.0 6350.0 -0.17104
5350.0 6350.0 -0.11261
5450.0 6350.0 -0.04447
5550.0 6350.0 0.02354
5650.0 6350.0 0.08184
5750.0 6350.0 0.12344
5850.0 6350.0 0.14611
5950.0 6350.0 0.15407
6050.0 6350.0 0.15842
6150.0 6350.0 0.16567
6250.0 6350.0 0.17079
6350.0 6350.0 0.16468
