50.0 50.0 0.00000
150.0 50.0 -0.21112
250.0 50.0 -0.41978
350.0 50.0 -0.60707
450.0 50.0 -0.74781
550.0 50.0 -0.82042
650.0 50.0 -0.81372
750.0 50.0 -0.73049
850.0 50.0 -0.58795
950.0 50.0 -0.41503
1050.0 50.0 -0.24649
1150.0 50.0 -0.11393
1250.0 50.0 -0.03359
1350.0 50.0 0.00861
1450.0 50.0 0.02334
1550.0 50.0 -0.02706
1650.0 50.0 -0.14865
1750.0 50.0 -0.31965
1850.0 50.0 -0.50430
1950.0 50.0 -0.66404
2050.0 50.0 -0.76591
2150.0 50.0 -0.78824
2250.0 50.0 -0.72359
2350.0 50.0 -0.57904
2450.0 50.0 -0.37360
2550.0 50.0 -0.13307
2650.0 50.0 0.11778
2750.0 50.0 0.35660
2850.0 50.0 0.55627
2950.0 50.0 0.69131
3050.0 50.0 0.74465
3150.0 50.0 0.71180
3250.0 50.0 0.60251
3350.0 50.0 0.44007
3450.0 50.0 0.25808
3550.0 50.0 0.09483
3650.0 50.0 -0.01484
3750.0 50.0 -0.05009
3850.0 50.0 -0.01708
3950.0 50.0 0.04646
4050.0 50.0 0.15497
4150.0 50.0 0.32774
4250.0 50.0 0.54487
4350.0 50.0 0.76637
4450.0 50.0 0.94803
4550.0 50.0 1.05310
4650.0 50.0 1.05993
4750.0 50.0 0.96549
4850.0 50.0 0.78472
4950.0 50.0 0.54585
5050.0 50.0 0.28156
5150.0 50.0 0.01602
5250.0 50.0 -0.25222
5350.0 50.0 -0.53695
5450.0 50.0 -0.82022
5550.0 50.0 -1.06389
5650.0 50.0 -1.22788
5750.0 50.0 -1.28338
5850.0 50.0 -1.22091
5950.0 50.0 -1.05337
6050.0 50.0 -0.81404
6150.0 50.0 -0.54944
6250.0 50.0 -0.30714
6350.0 50.0 -0.11853
50.0 150.0 -0.01110
150.0 150.0 -0.22339
250.0 150.0 -0.43859
350.0 150.0 -0.64068
450.0 150.0 -0.80503
550.0 150.0 -0.90883
650.0 150.0 -0.93833
750.0 150.0 -0.89299
850.0 150.0 -0.78640
950.0 150.0 -0.64417
1050.0 150.0 -0.49857
1150.0 150.0 -0.38010
1250.0 150.0 -0.30591
1350.0 150.0 -0.26532
1450.0 150.0 -0.24819
1550.0 150.0 -0.28472
1650.0 150.0 -0.37695
1750.0 150.0 -0.50314
1850.0 150.0 -0.63062
1950.0 150.0 -0.72601
2050.0 150.0 -0.76262
2150.0 150.0 -0.72519
2250.0 150.0 -0.61188
2350.0 150.0 -0.43350
2450.0 150.0 -0.21009
2550.0 150.0 0.03531
2650.0 150.0 0.28496
2750.0 150.0 0.51796
2850.0 150.0 0.70156
2950.0 150.0 0.80789
3050.0 150.0 0.82054
3150.0 150.0 0.73791
3250.0 150.0 0.57417
3350.0 150.0 0.35771
3450.0 150.0 0.12719
3550.0 150.0 -0.07490
3650.0 150.0 -0.21114
3750.0 150.0 -0.26048
3850.0 150.0 -0.23211
3950.0 150.0 -0.17002
4050.0 150.0 -0.06297
4150.0 150.0 0.10847
4250.0 150.0 0.32468
4350.0 150.0 0.54599
4450.0 150.0 0.72838
4550.0 150.0 0.83514
4650.0 150.0 0.84452
4750.0 150.0 0.75316
4850.0 150.0 0.57561
4950.0 150.0 0.33969
5050.0 150.0 0.07779
5150.0 150.0 -0.18590
5250.0 150.0 -0.45210
5350.0 150.0 -0.73306
5450.0 150.0 -1.00995
5550.0 150.0 -1.24469
5650.0 150.0 -1.39783
5750.0 150.0 -1.44152
5850.0 150.0 -1.36742
5950.0 150.0 -1.18950
6050.0 150.0 -0.94189
6150.0 150.0 -0.67161
6250.0 150.0 -0.42631
6350.0 150.0 -0.23693
50.0 250.0 0.02732
150.0 250.0 -0.18641
250.0 250.0 -0.40720
350.0 250.0 -0.62164
450.0 250.0 -0.80609
550.0 250.0 -0.93727
650.0 250.0 -0.99972
750.0 250.0 -0.99029
850.0 250.0 -0.91944
950.0 250.0 -0.80960
1050.0 250.0 -0.69038
1150.0 250.0 -0.59076
1250.0 250.0 -0.52820
1350.0 250.0 -0.49496
1450.0 250.0 -0.48053
1550.0 250.0 -0.50627
1650.0 250.0 -0.56960
1750.0 250.0 -0.64889
1850.0 250.0 -0.71521
1950.0 250.0 -0.74129
2050.0 250.0 -0.70781
2150.0 250.0 -0.60699
2250.0 250.0 -0.44343
2350.0 250.0 -0.23223
2450.0 250.0 0.00551
2550.0 250.0 0.25002
2650.0 250.0 0.49182
2750.0 250.0 0.71344
2850.0 250.0 0.87815
2950.0 250.0 0.95629
3050.0 250.0 0.93189
3150.0 250.0 0.80546
3250.0 250.0 0.59437
3350.0 250.0 0.33079
3450.0 250.0 0.05710
3550.0 250.0 -0.18108
3650.0 250.0 -0.34438
3750.0 250.0 -0.41161
3850.0 250.0 -0.39410
3950.0 250.0 -0.34068
4050.0 250.0 -0.24364
4150.0 250.0 -0.08367
4250.0 250.0 0.12113
4350.0 250.0 0.33314
4450.0 250.0 0.51025
4550.0 250.0 0.61693
4650.0 250.0 0.63162
4750.0 250.0 0.55011
4850.0 250.0 0.38530
4950.0 250.0 0.16289
5050.0 250.0 -0.08651
5150.0 250.0 -0.33932
5250.0 250.0 -0.59494
5350.0 250.0 -0.86439
5450.0 250.0 -1.12933
5550.0 250.0 -1.35294
5650.0 250.0 -1.49726
5750.0 250.0 -1.53564
5850.0 250.0 -1.46025
5950.0 250.0 -1.28487
6050.0 250.0 -1.04264
6150.0 250.0 -0.77912
6250.0 250.0 -0.54035
6350.0 250.0 -0.35612
50.0 350.0 0.12711
150.0 350.0 -0.08836
250.0 350.0 -0.31268
350.0 350.0 -0.53436
450.0 350.0 -0.73135
550.0 350.0 -0.88118
650.0 350.0 -0.96825
750.0 350.0 -0.98821
850.0 350.0 -0.94948
950.0 350.0 -0.87184
1050.0 350.0 -0.78220
1150.0 350.0 -0.70745
1250.0 350.0 -0.66442
1350.0 350.0 -0.64717
1450.0 350.0 -0.64349
1550.0 350.0 -0.66438
1650.0 350.0 -0.70199
1750.0 350.0 -0.73499
1850.0 350.0 -0.73885
1950.0 350.0 -0.69347
2050.0 350.0 -0.58803
2150.0 350.0 -0.42330
2250.0 350.0 -0.21117
2350.0 350.0 0.02845
2450.0 350.0 0.27339
2550.0 350.0 0.50773
2650.0 350.0 0.73154
2750.0 350.0 0.93375
2850.0 350.0 1.07652
2950.0 350.0 1.12957
3050.0 350.0 1.07697
3150.0 350.0 0.91989
3250.0 350.0 0.67675
3350.0 350.0 0.38097
3450.0 350.0 0.07625
3550.0 350.0 -0.19068
3650.0 350.0 -0.37970
3750.0 350.0 -0.46946
3850.0 350.0 -0.47202
3950.0 350.0 -0.43825
4050.0 350.0 -0.36426
4150.0 350.0 -0.23117
4250.0 350.0 -0.05380
4350.0 350.0 0.13502
4450.0 350.0 0.29763
4550.0 350.0 0.40144
4650.0 350.0 0.42556
4750.0 350.0 0.36415
4850.0 350.0 0.22646
4950.0 350.0 0.03360
5050.0 350.0 -0.18795
5150.0 350.0 -0.41620
5250.0 350.0 -0.64819
5350.0 350.0 -0.89421
5450.0 350.0 -1.13820
5550.0 350.0 -1.34655
5650.0 350.0 -1.48415
5750.0 350.0 -1.52586
5850.0 350.0 -1.46367
5950.0 350.0 -1.30925
6050.0 350.0 -1.09217
6150.0 350.0 -0.85356
6250.0 350.0 -0.63537
6350.0 350.0 -0.46513
50.0 450.0 0.27285
150.0 450.0 0.05545
250.0 450.0 -0.16937
350.0 450.0 -0.39098
450.0 450.0 -0.58948
550.0 450.0 -0.74476
650.0 450.0 -0.84304
750.0 450.0 -0.88075
850.0 450.0 -0.86581
950.0 450.0 -0.81638
1050.0 450.0 -0.75693
1150.0 450.0 -0.71178
1250.0 450.0 -0.69597
1350.0 450.0 -0.70380
1450.0 450.0 -0.71977
1550.0 450.0 -0.74375
1650.0 450.0 -0.76241
1750.0 450.0 -0.75488
1850.0 450.0 -0.70145
1950.0 450.0 -0.58965
2050.0 450.0 -0.41769
2150.0 450.0 -0.19532
2250.0 450.0 0.05800
2350.0 450.0 0.31743
2450.0 450.0 0.55987
2550.0 450.0 0.77354
2650.0 450.0 0.96866
2750.0 450.0 1.14346
2850.0 450.0 1.26279
2950.0 450.0 1.29716
3050.0 450.0 1.23025
3150.0 450.0 1.06200
3250.0 450.0 0.80905
3350.0 450.0 0.50289
3450.0 450.0 0.18537
3550.0 450.0 -0.09825
3650.0 450.0 -0.30865
3750.0 450.0 -0.42442
3850.0 450.0 -0.45643
3950.0 450.0 -0.45388
4050.0 450.0 -0.41672
4150.0 450.0 -0.32687
4250.0 450.0 -0.19391
4350.0 450.0 -0.04305
4450.0 450.0 0.09522
4550.0 450.0 0.19307
4650.0 450.0 0.23087
4750.0 450.0 0.20025
4850.0 450.0 0.10482
4950.0 450.0 -0.04160
5050.0 450.0 -0.21911
5150.0 450.0 -0.40833
5250.0 450.0 -0.60286
5350.0 450.0 -0.81254
5450.0 450.0 -1.02543
5550.0 450.0 -1.21312
5650.0 450.0 -1.34479
5750.0 450.0 -1.39735
5850.0 450.0 -1.36193
5950.0 450.0 -1.24635
6050.0 450.0 -1.07392
6150.0 450.0 -0.87839
6250.0 450.0 -0.69501
6350.0 450.0 -0.54786
50.0 550.0 0.43475
150.0 550.0 0.21544
250.0 550.0 -0.00631
350.0 550.0 -0.21939
450.0 550.0 -0.40644
550.0 550.0 -0.55123
650.0 550.0 -0.64388
750.0 550.0 -0.68375
850.0 550.0 -0.68019
950.0 550.0 -0.65106
1050.0 550.0 -0.61898
1150.0 550.0 -0.60544
1250.0 550.0 -0.62262
1350.0 550.0 -0.66313
1450.0 550.0 -0.70676
1550.0 550.0 -0.74255
1650.0 550.0 -0.75207
1750.0 550.0 -0.71504
1850.0 550.0 -0.61649
1950.0 550.0 -0.45133
2050.0 550.0 -0.22637
2150.0 550.0 0.04017
2250.0 550.0 0.32172
2350.0 550.0 0.58901
2450.0 550.0 0.81816
2550.0 550.0 1.00145
2650.0 550.0 1.15880
2750.0 550.0 1.30005
2850.0 550.0 1.39668
2950.0 550.0 1.42157
3050.0 550.0 1.35752
3150.0 550.0 1.20122
3250.0 550.0 0.96460
3350.0 550.0 0.67376
3450.0 550.0 0.36535
3550.0 550.0 0.08040
3650.0 550.0 -0.14427
3750.0 550.0 -0.28724
3850.0 550.0 -0.35615
3950.0 550.0 -0.39462
4050.0 550.0 -0.40596
4150.0 550.0 -0.37321
4250.0 550.0 -0.29911
4350.0 550.0 -0.19882
4450.0 550.0 -0.09335
4550.0 550.0 -0.00419
4650.0 550.0 0.05073
4750.0 550.0 0.05984
4850.0 550.0 0.01937
4950.0 550.0 -0.06639
5050.0 550.0 -0.18620
5150.0 550.0 -0.32416
5250.0 550.0 -0.46950
5350.0 550.0 -0.63161
5450.0 550.0 -0.80403
5550.0 550.0 -0.96521
5650.0 550.0 -1.08992
5750.0 550.0 -1.15773
5850.0 550.0 -1.15852
5950.0 550.0 -1.09494
6050.0 550.0 -0.98202
6150.0 550.0 -0.84370
6250.0 550.0 -0.70642
6350.0 550.0 -0.58976
50.0 650.0 0.57909
150.0 650.0 0.35808
250.0 650.0 0.14293
350.0 650.0 -0.05335
450.0 650.0 -0.21612
550.0 650.0 -0.33428
650.0 650.0 -0.40366
750.0 650.0 -0.42860
850.0 650.0 -0.42178
950.0 650.0 -0.40224
1050.0 650.0 -0.39162
1150.0 650.0 -0.40858
1250.0 650.0 -0.46152
1350.0 650.0 -0.53950
1450.0 650.0 -0.61652
1550.0 650.0 -0.67221
1650.0 650.0 -0.68394
1750.0 650.0 -0.63210
1850.0 650.0 -0.50590
1950.0 650.0 -0.30661
2050.0 650.0 -0.04835
2150.0 650.0 0.24358
2250.0 650.0 0.53678
2350.0 650.0 0.79838
2450.0 650.0 1.00410
2550.0 650.0 1.14974
2650.0 650.0 1.26347
2750.0 650.0 1.36799
2850.0 650.0 1.44490
2950.0 650.0 1.47088
3050.0 650.0 1.42742
3150.0 650.0 1.30620
3250.0 650.0 1.11174
3350.0 650.0 0.86171
3450.0 650.0 0.58452
3550.0 650.0 0.31449
3650.0 650.0 0.08441
3750.0 650.0 -0.08436
3850.0 650.0 -0.19444
3950.0 650.0 -0.28022
4050.0 650.0 -0.34760
4150.0 650.0 -0.38093
4250.0 650.0 -0.37507
4350.0 650.0 -0.33361
4450.0 650.0 -0.26656
4550.0 650.0 -0.18804
4650.0 650.0 -0.11394
4750.0 650.0 -0.05951
4850.0 650.0 -0.03696
4950.0 650.0 -0.05300
5050.0 650.0 -0.10633
5150.0 650.0 -0.18518
5250.0 650.0 -0.27372
5350.0 650.0 -0.38059
5450.0 650.0 -0.50554
5550.0 650.0 -0.63488
5650.0 650.0 -0.74990
5750.0 650.0 -0.83338
5850.0 650.0 -0.87391
5950.0 650.0 -0.86842
6050.0 650.0 -0.82253
6150.0 650.0 -0.74902
6250.0 650.0 -0.66422
6350.0 650.0 -0.58244
50.0 750.0 0.67610
150.0 750.0 0.45376
250.0 750.0 0.24811
350.0 750.0 0.07528
450.0 750.0 -0.05272
550.0 750.0 -0.13067
650.0 750.0 -0.16140
750.0 750.0 -0.15579
850.0 750.0 -0.13145
950.0 750.0 -0.10996
1050.0 750.0 -0.11287
1150.0 750.0 -0.15633
1250.0 750.0 -0.24443
1350.0 750.0 -0.36115
1450.0 750.0 -0.47409
1550.0 750.0 -0.55578
1650.0 750.0 -0.58059
1750.0 750.0 -0.52966
1850.0 750.0 -0.39543
1950.0 750.0 -0.18394
2050.0 750.0 0.08534
2150.0 750.0 0.38198
2250.0 750.0 0.66954
2350.0 750.0 0.91277
2450.0 750.0 1.08729
2550.0 750.0 1.19161
2650.0 750.0 1.25998
2750.0 750.0 1.32800
2850.0 750.0 1.38985
2950.0 750.0 1.42700
3050.0 750.0 1.41938
3150.0 750.0 1.35235
3250.0 750.0 1.22117
3350.0 750.0 1.03283
3450.0 750.0 0.80537
3550.0 750.0 0.56455
3650.0 750.0 0.33808
3750.0 750.0 0.14716
3850.0 750.0 -0.00448
3950.0 750.0 -0.13939
4050.0 750.0 -0.26501
4150.0 750.0 -0.36711
4250.0 750.0 -0.43238
4350.0 750.0 -0.45234
4450.0 750.0 -0.42558
4550.0 750.0 -0.35853
4650.0 750.0 -0.26492
4750.0 750.0 -0.16378
4850.0 750.0 -0.07606
4950.0 750.0 -0.01984
5050.0 750.0 -0.00422
5150.0 750.0 -0.02168
5250.0 750.0 -0.05113
5350.0 750.0 -0.09994
5450.0 750.0 -0.17393
5550.0 750.0 -0.26750
5650.0 750.0 -0.36890
5750.0 750.0 -0.46450
5850.0 750.0 -0.54200
5950.0 750.0 -0.59275
6050.0 750.0 -0.61301
6150.0 750.0 -0.60423
6250.0 750.0 -0.57238
6350.0 750.0 -0.52622
50.0 850.0 0.70545
150.0 850.0 0.48225
250.0 850.0 0.28783
350.0 850.0 0.14226
450.0 850.0 0.05522
550.0 850.0 0.02596
650.0 850.0 0.04412
750.0 850.0 0.09147
850.0 850.0 0.14454
950.0 850.0 0.17821
1050.0 850.0 0.17015
1150.0 850.0 0.10623
1250.0 850.0 -0.01320
1350.0 850.0 -0.16619
1450.0 850.0 -0.31398
1550.0 850.0 -0.42461
1650.0 850.0 -0.47089
1750.0 850.0 -0.43461
1850.0 850.0 -0.31036
1950.0 850.0 -0.10710
2050.0 850.0 0.15253
2150.0 850.0 0.43525
2250.0 850.0 0.70247
2350.0 850.0 0.91784
2450.0 850.0 1.05722
2550.0 850.0 1.12081
2650.0 850.0 1.14648
2750.0 850.0 1.18155
2850.0 850.0 1.23374
2950.0 850.0 1.28977
3050.0 850.0 1.32787
3150.0 850.0 1.32661
3250.0 850.0 1.27116
3350.0 850.0 1.15694
3450.0 850.0 0.99064
3550.0 850.0 0.78874
3650.0 850.0 0.57336
3750.0 850.0 0.36549
3850.0 850.0 0.17574
3950.0 850.0 -0.00535
4050.0 850.0 -0.18579
4150.0 850.0 -0.35264
4250.0 850.0 -0.48494
4350.0 850.0 -0.56287
4450.0 850.0 -0.57425
4550.0 850.0 -0.51825
4650.0 850.0 -0.40656
4750.0 850.0 -0.26171
4850.0 850.0 -0.11286
4950.0 850.0 0.01119
5050.0 850.0 0.09160
5150.0 850.0 0.13186
5250.0 850.0 0.15814
5350.0 850.0 0.16497
5450.0 850.0 0.14133
5550.0 850.0 0.08529
5650.0 850.0 0.00187
5750.0 850.0 -0.09911
5850.0 850.0 -0.20508
5950.0 850.0 -0.30276
6050.0 850.0 -0.38017
6150.0 850.0 -0.42853
6250.0 850.0 -0.44422
6350.0 850.0 -0.43065
50.0 950.0 0.65921
150.0 950.0 0.43560
250.0 950.0 0.25261
350.0 950.0 0.13445
450.0 950.0 0.08900
550.0 950.0 0.11007
650.0 950.0 0.18015
750.0 950.0 0.27381
850.0 950.0 0.36155
950.0 950.0 0.41429
1050.0 950.0 0.40834
1150.0 950.0 0.33098
1250.0 950.0 0.18659
1350.0 950.0 0.00317
1450.0 950.0 -0.17490
1550.0 950.0 -0.31366
1650.0 950.0 -0.38562
1750.0 950.0 -0.37312
1850.0 950.0 -0.27177
1950.0 950.0 -0.09176
2050.0 950.0 0.14320
2150.0 950.0 0.39900
2250.0 950.0 0.63662
2350.0 950.0 0.81975
2450.0 950.0 0.92467
2550.0 950.0 0.95237
2650.0 950.0 0.94201
2750.0 950.0 0.95040
2850.0 950.0 0.99808
2950.0 950.0 1.07678
3050.0 950.0 1.16315
3150.0 950.0 1.22930
3250.0 950.0 1.25080
3350.0 950.0 1.21205
3450.0 950.0 1.10896
3550.0 950.0 0.94912
3650.0 950.0 0.74928
3750.0 950.0 0.53025
3850.0 950.0 0.30916
3950.0 950.0 0.08913
4050.0 950.0 -0.13754
4150.0 950.0 -0.35904
4250.0 950.0 -0.54793
4350.0 950.0 -0.67483
4450.0 950.0 -0.71847
4550.0 950.0 -0.67190
4650.0 950.0 -0.54506
4750.0 950.0 -0.36345
4850.0 950.0 -0.16312
4950.0 950.0 0.01808
5050.0 950.0 0.15312
5150.0 950.0 0.24204
5250.0 950.0 0.31553
5350.0 950.0 0.37063
5450.0 950.0 0.39261
5550.0 950.0 0.37336
5650.0 950.0 0.31191
5750.0 950.0 0.21430
5850.0 950.0 0.09258
5950.0 950.0 -0.03687
6050.0 950.0 -0.15583
6150.0 950.0 -0.24746
6250.0 950.0 -0.30029
6350.0 950.0 -0.31302
50.0 1050.0 0.54227
150.0 1050.0 0.31863
250.0 1050.0 0.14566
350.0 1050.0 0.05133
450.0 1050.0 0.04231
550.0 1050.0 0.10807
650.0 1050.0 0.22522
750.0 1050.0 0.36217
850.0 1050.0 0.48412
950.0 1050.0 0.55825
1050.0 1050.0 0.55928
1150.0 1050.0 0.47529
1250.0 1050.0 0.31382
1350.0 1050.0 0.10821
1450.0 1050.0 -0.09275
1550.0 1050.0 -0.25513
1650.0 1050.0 -0.35201
1750.0 1050.0 -0.36611
1850.0 1050.0 -0.29321
1950.0 1050.0 -0.14332
2050.0 1050.0 0.06026
2150.0 1050.0 0.28413
2250.0 1050.0 0.49007
2350.0 1050.0 0.64253
2450.0 1050.0 0.71834
2550.0 1050.0 0.71848
2650.0 1050.0 0.68167
2750.0 1050.0 0.67135
2850.0 1050.0 0.71852
2950.0 1050.0 0.81904
3050.0 1050.0 0.94827
3150.0 1050.0 1.07303
3250.0 1050.0 1.16103
3350.0 1050.0 1.18761
3450.0 1050.0 1.13980
3550.0 1050.0 1.01790
3650.0 1050.0 0.83424
3750.0 1050.0 0.60944
3850.0 1050.0 0.36598
3950.0 1050.0 0.11741
4050.0 1050.0 -0.14315
4150.0 1050.0 -0.40470
4250.0 1050.0 -0.63504
4350.0 1050.0 -0.79780
4450.0 1050.0 -0.86504
4550.0 1050.0 -0.82533
4650.0 1050.0 -0.68733
4750.0 1050.0 -0.47871
4850.0 1050.0 -0.24062
4950.0 1050.0 -0.01748
5050.0 1050.0 0.15761
5150.0 1050.0 0.28221
5250.0 1050.0 0.39056
5350.0 1050.0 0.48279
5450.0 1050.0 0.54233
5550.0 1050.0 0.55666
5650.0 1050.0 0.52009
5750.0 1050.0 0.43513
5850.0 1050.0 0.31251
5950.0 1050.0 0.16984
6050.0 1050.0 0.02897
6150.0 1050.0 -0.08804
6250.0 1050.0 -0.16430
6350.0 1050.0 -0.19479
50.0 1150.0 0.37035
150.0 1150.0 0.14693
250.0 1150.0 -0.01869
350.0 1150.0 -0.09569
450.0 1150.0 -0.07801
550.0 1150.0 0.02096
650.0 1150.0 0.17375
750.0 1150.0 0.34443
850.0 1150.0 0.49425
950.0 1150.0 0.58748
1050.0 1150.0 0.59736
1150.0 1150.0 0.51225
1250.0 1150.0 0.34178
1350.0 1150.0 0.12315
1450.0 1150.0 -0.09191
1550.0 1150.0 -0.27067
1650.0 1150.0 -0.38718
1750.0 1150.0 -0.42441
1850.0 1150.0 -0.37774
1950.0 1150.0 -0.25624
2050.0 1150.0 -0.08194
2150.0 1150.0 0.11321
2250.0 1150.0 0.29235
2350.0 1150.0 0.42101
2450.0 1150.0 0.47648
2550.0 1150.0 0.45933
2650.0 1150.0 0.40687
2750.0 1150.0 0.38614
2850.0 1150.0 0.43510
2950.0 1150.0 0.55242
3050.0 1150.0 0.71257
3150.0 1150.0 0.87885
3250.0 1150.0 1.01371
3350.0 1150.0 1.08637
3450.0 1150.0 1.07795
3550.0 1150.0 0.98379
3650.0 1150.0 0.81326
3750.0 1150.0 0.58685
3850.0 1150.0 0.33063
3950.0 1150.0 0.06521
4050.0 1150.0 -0.21534
4150.0 1150.0 -0.50047
4250.0 1150.0 -0.75518
4350.0 1150.0 -0.93894
4450.0 1150.0 -1.01989
4550.0 1150.0 -0.98399
4650.0 1150.0 -0.83917
4750.0 1150.0 -0.61439
4850.0 1150.0 -0.35382
4950.0 1150.0 -0.10582
5050.0 1150.0 0.09299
5150.0 1150.0 0.23868
5250.0 1150.0 0.36797
5350.0 1150.0 0.48447
5450.0 1150.0 0.57161
5550.0 1150.0 0.61454
5650.0 1150.0 0.60429
5750.0 1150.0 0.54032
5850.0 1150.0 0.43127
5950.0 1150.0 0.29415
6050.0 1150.0 0.15168
6150.0 1150.0 0.02807
6250.0 1150.0 -0.05699
6350.0 1150.0 -0.09596
50.0 1250.0 0.16547
150.0 1250.0 -0.05762
250.0 1250.0 -0.21897
350.0 1250.0 -0.28602
450.0 1250.0 -0.25285
550.0 1250.0 -0.13426
650.0 1250.0 0.04016
750.0 1250.0 0.23203
850.0 1250.0 0.40029
950.0 1250.0 0.50739
1050.0 1250.0 0.52546
1150.0 1250.0 0.44274
1250.0 1250.0 0.26990
1350.0 1250.0 0.04638
1450.0 1250.0 -0.17462
1550.0 1250.0 -0.36190
1650.0 1250.0 -0.49049
1750.0 1250.0 -0.54346
1850.0 1250.0 -0.51554
1950.0 1250.0 -0.41470
2050.0 1250.0 -0.26155
2150.0 1250.0 -0.08653
2250.0 1250.0 0.07487
2350.0 1250.0 0.18915
2450.0 1250.0 0.23393
2550.0 1250.0 0.20921
2650.0 1250.0 0.15071
2750.0 1250.0 0.12650
2850.0 1250.0 0.17789
2950.0 1250.0 0.30486
3050.0 1250.0 0.48151
3150.0 1250.0 0.66943
3250.0 1250.0 0.82851
3350.0 1250.0 0.92506
3450.0 1250.0 0.93729
3550.0 1250.0 0.85819
3650.0 1250.0 0.69566
3750.0 1250.0 0.47012
3850.0 1250.0 0.20938
3950.0 1250.0 -0.06251
4050.0 1250.0 -0.35069
4150.0 1250.0 -0.64473
4250.0 1250.0 -0.90853
4350.0 1250.0 -1.10000
4450.0 1250.0 -1.18579
4550.0 1250.0 -1.15089
4650.0 1250.0 -1.00300
4750.0 1250.0 -0.77162
4850.0 1250.0 -0.50212
4950.0 1250.0 -0.24436
5050.0 1250.0 -0.03636
5150.0 1250.0 0.11745
5250.0 1250.0 0.25527
5350.0 1250.0 0.38434
5450.0 1250.0 0.48970
5550.0 1250.0 0.55592
5650.0 1250.0 0.57209
5750.0 1250.0 0.53512
5850.0 1250.0 0.45109
5950.0 1250.0 0.33482
6050.0 1250.0 0.20765
6150.0 1250.0 0.09328
6250.0 1250.0 0.01193
6350.0 1250.0 -0.02747
50.0 1350.0 -0.05122
150.0 1350.0 -0.27396
250.0 1350.0 -0.43304
350.0 1350.0 -0.49496
450.0 1350.0 -0.45367
550.0 1350.0 -0.32449
650.0 1350.0 -0.13796
750.0 1350.0 0.06636
850.0 1350.0 0.24617
950.0 1350.0 0.36283
1050.0 1350.0 0.38772
1150.0 1350.0 0.30877
1250.0 1350.0 0.13704
1350.0 1350.0 -0.08684
1450.0 1350.0 -0.30907
1550.0 1350.0 -0.49986
1650.0 1350.0 -0.63507
1750.0 1350.0 -0.69774
1850.0 1350.0 -0.68203
1950.0 1350.0 -0.59488
2050.0 1350.0 -0.45561
2150.0 1350.0 -0.29341
2250.0 1350.0 -0.14264
2350.0 1350.0 -0.03602
2450.0 1350.0 0.00427
2550.0 1350.0 -0.02230
2650.0 1350.0 -0.08143
2750.0 1350.0 -0.10539
2850.0 1350.0 -0.05184
2950.0 1350.0 0.07967
3050.0 1350.0 0.26309
3150.0 1350.0 0.45949
3250.0 1350.0 0.62790
3350.0 1350.0 0.73369
3450.0 1350.0 0.75413
3550.0 1350.0 0.68140
3650.0 1350.0 0.52295
3750.0 1350.0 0.29915
3850.0 1350.0 0.03837
3950.0 1350.0 -0.23414
4050.0 1350.0 -0.52300
4150.0 1350.0 -0.81770
4250.0 1350.0 -1.08202
4350.0 1350.0 -1.27371
4450.0 1350.0 -1.35933
4550.0 1350.0 -1.32383
4650.0 1350.0 -1.17493
4750.0 1350.0 -0.94229
4850.0 1350.0 -0.67141
4950.0 1350.0 -0.41237
5050.0 1350.0 -0.20329
5150.0 1350.0 -0.04862
5250.0 1350.0 0.09077
5350.0 1350.0 0.22576
5450.0 1350.0 0.34386
5550.0 1350.0 0.43000
5650.0 1350.0 0.47216
5750.0 1350.0 0.46499
5850.0 1350.0 0.41177
5950.0 1350.0 0.32438
6050.0 1350.0 0.22148
6150.0 1350.0 0.12487
6250.0 1350.0 0.05401
6350.0 1350.0 0.01860
50.0 1450.0 -0.28823
150.0 1450.0 -0.50846
250.0 1450.0 -0.66328
350.0 1450.0 -0.71842
450.0 1450.0 -0.66784
550.0 1450.0 -0.52748
650.0 1450.0 -0.32882
750.0 1450.0 -0.11248
850.0 1450.0 0.07819
950.0 1450.0 0.20372
1050.0 1450.0 0.23496
1150.0 1450.0 0.15978
1250.0 1450.0 -0.01036
1350.0 1450.0 -0.23379
1450.0 1450.0 -0.45645
1550.0 1450.0 -0.65006
1650.0 1450.0 -0.79114
1750.0 1450.0 -0.86256
1850.0 1450.0 -0.85768
1950.0 1450.0 -0.78227
2050.0 1450.0 -0.65440
2150.0 1450.0 -0.50204
2250.0 1450.0 -0.35860
2350.0 1450.0 -0.25626
2450.0 1450.0 -0.21722
2550.0 1450.0 -0.24266
2650.0 1450.0 -0.29962
2750.0 1450.0 -0.32099
2850.0 1450.0 -0.26398
2950.0 1450.0 -0.12798
3050.0 1450.0 0.06087
3150.0 1450.0 0.26336
3250.0 1450.0 0.43815
3350.0 1450.0 0.55017
3450.0 1450.0 0.57630
3550.0 1450.0 0.50842
3650.0 1450.0 0.35380
3750.0 1450.0 0.13283
3850.0 1450.0 -0.12585
3950.0 1450.0 -0.39652
4050.0 1450.0 -0.68371
4150.0 1450.0 -0.97709
4250.0 1450.0 -1.24056
4350.0 1450.0 -1.43191
4450.0 1450.0 -1.51764
4550.0 1450.0 -1.48258
4650.0 1450.0 -1.33426
4750.0 1450.0 -1.10213
4850.0 1450.0 -0.83149
4950.0 1450.0 -0.57225
5050.0 1450.0 -0.36249
5150.0 1450.0 -0.20678
5250.0 1450.0 -0.06549
5350.0 1450.0 0.07587
5450.0 1450.0 0.20732
5550.0 1450.0 0.31425
5650.0 1450.0 0.38347
5750.0 1450.0 0.40740
5850.0 1450.0 0.38644
5950.0 1450.0 0.32941
6050.0 1450.0 0.25223
6150.0 1450.0 0.17470
6250.0 1450.0 0.11541
6350.0 1450.0 0.08487
50.0 1550.0 -0.57036
150.0 1550.0 -0.78104
250.0 1550.0 -0.92449
350.0 1550.0 -0.96602
450.0 1550.0 -0.90025
550.0 1550.0 -0.74423
650.0 1550.0 -0.53073
750.0 1550.0 -0.30147
850.0 1550.0 -0.10049
950.0 1550.0 0.03247
1050.0 1550.0 0.06854
1150.0 1550.0 -0.00377
1250.0 1550.0 -0.17214
1350.0 1550.0 -0.39417
1450.0 1550.0 -0.61646
1550.0 1550.0 -0.81267
1650.0 1550.0 -0.95977
1750.0 1550.0 -1.03980
1850.0 1550.0 -1.04463
1950.0 1550.0 -0.97836
2050.0 1550.0 -0.85752
2150.0 1550.0 -0.70895
2250.0 1550.0 -0.56553
2350.0 1550.0 -0.45953
2450.0 1550.0 -0.41378
2550.0 1550.0 -0.43057
2650.0 1550.0 -0.47821
2750.0 1550.0 -0.49068
2850.0 1550.0 -0.42594
2950.0 1550.0 -0.28376
3050.0 1550.0 -0.09035
3150.0 1550.0 0.11526
3250.0 1550.0 0.29218
3350.0 1550.0 0.40595
3450.0 1550.0 0.43413
3550.0 1550.0 0.36925
3650.0 1550.0 0.21906
3750.0 1550.0 0.00415
3850.0 1550.0 -0.24716
3950.0 1550.0 -0.51008
4050.0 1550.0 -0.79051
4150.0 1550.0 -1.07918
4250.0 1550.0 -1.34056
4350.0 1550.0 -1.53253
4450.0 1550.0 -1.62119
4550.0 1550.0 -1.59063
4650.0 1550.0 -1.44734
4750.0 1550.0 -1.21962
4850.0 1550.0 -0.95169
4950.0 1550.0 -0.69272
5050.0 1550.0 -0.48059
5150.0 1550.0 -0.32054
5250.0 1550.0 -0.17368
5350.0 1550.0 -0.02236
5450.0 1550.0 0.12575
5550.0 1550.0 0.25627
5650.0 1550.0 0.35466
5750.0 1550.0 0.41103
5850.0 1550.0 0.42293
5950.0 1550.0 0.39635
6050.0 1550.0 0.34474
6150.0 1550.0 0.28624
6250.0 1550.0 0.23890
6350.0 1550.0 0.21415
50.0 1650.0 -0.87719
150.0 1650.0 -1.06891
250.0 1650.0 -1.19183
350.0 1650.0 -1.21160
450.0 1650.0 -1.12428
550.0 1650.0 -0.94873
650.0 1650.0 -0.71924
750.0 1650.0 -0.47842
850.0 1650.0 -0.27035
950.0 1650.0 -0.13394
1050.0 1650.0 -0.09660
1150.0 1650.0 -0.16813
1250.0 1650.0 -0.33486
1350.0 1650.0 -0.55423
1450.0 1650.0 -0.77512
1550.0 1650.0 -0.97390
1650.0 1650.0 -1.12764
1750.0 1650.0 -1.21676
1850.0 1650.0 -1.23067
1950.0 1650.0 -1.17099
2050.0 1650.0 -1.05226
2150.0 1650.0 -0.90026
2250.0 1650.0 -0.74775
2350.0 1650.0 -0.62785
2450.0 1650.0 -0.56493
2550.0 1650.0 -0.56300
2650.0 1650.0 -0.59168
2750.0 1650.0 -0.58684
2850.0 1650.0 -0.50889
2950.0 1650.0 -0.35882
3050.0 1650.0 -0.16290
3150.0 1650.0 0.04077
3250.0 1650.0 0.21295
3350.0 1650.0 0.32128
3450.0 1650.0 0.34556
3550.0 1650.0 0.28037
3650.0 1650.0 0.13490
3750.0 1650.0 -0.06988
3850.0 1650.0 -0.30675
3950.0 1650.0 -0.55395
4050.0 1650.0 -0.82074
4150.0 1650.0 -1.10015
4250.0 1650.0 -1.35781
4350.0 1650.0 -1.55174
4450.0 1650.0 -1.64724
4550.0 1650.0 -1.62673
4650.0 1650.0 -1.49455
4750.0 1650.0 -1.27657
4850.0 1650.0 -1.01477
4950.0 1650.0 -0.75672
5050.0 1650.0 -0.53993
5150.0 1650.0 -0.37110
5250.0 1650.0 -0.21383
5350.0 1650.0 -0.04838
5450.0 1650.0 0.11931
5550.0 1650.0 0.27466
5650.0 1650.0 0.40172
5750.0 1650.0 0.48843
5850.0 1650.0 0.52996
5950.0 1650.0 0.53009
6050.0 1650.0 0.50057
6150.0 1650.0 0.45860
6250.0 1650.0 0.42225
6350.0 1650.0 0.40397
50.0 1750.0 -1.16187
150.0 1750.0 -1.32529
250.0 1750.0 -1.41914
350.0 1750.0 -1.41034
450.0 1750.0 -1.29726
550.0 1750.0 -1.10109
650.0 1750.0 -0.85769
750.0 1750.0 -0.61005
850.0 1750.0 -0.40124
950.0 1750.0 -0.26804
1050.0 1750.0 -0.23496
1150.0 1750.0 -0.30895
1250.0 1750.0 -0.47460
1350.0 1750.0 -0.69010
1450.0 1750.0 -0.90863
1550.0 1750.0 -1.11022
1650.0 1750.0 -1.27184
1750.0 1750.0 -1.37141
1850.0 1750.0 -1.39489
1950.0 1750.0 -1.34051
2050.0 1750.0 -1.22029
2150.0 1750.0 -1.05879
2250.0 1750.0 -0.88904
2350.0 1750.0 -0.74571
2450.0 1750.0 -0.65555
2550.0 1750.0 -0.62495
2650.0 1750.0 -0.62503
2750.0 1750.0 -0.59460
2850.0 1750.0 -0.49839
2950.0 1750.0 -0.33949
3050.0 1750.0 -0.14418
3150.0 1750.0 0.05114
3250.0 1750.0 0.21023
3350.0 1750.0 0.30445
3450.0 1750.0 0.31759
3550.0 1750.0 0.24775
3650.0 1750.0 0.10657
3750.0 1750.0 -0.08436
3850.0 1750.0 -0.29983
3950.0 1750.0 -0.52331
4050.0 1750.0 -0.76963
4150.0 1750.0 -1.03524
4250.0 1750.0 -1.28762
4350.0 1750.0 -1.48495
4450.0 1750.0 -1.59126
4550.0 1750.0 -1.58648
4650.0 1750.0 -1.47158
4750.0 1750.0 -1.26876
4850.0 1750.0 -1.01656
4950.0 1750.0 -0.76013
5050.0 1750.0 -0.53640
5150.0 1750.0 -0.35438
5250.0 1750.0 -0.18197
5350.0 1750.0 0.00092
5450.0 1750.0 0.18906
5550.0 1750.0 0.36725
5650.0 1750.0 0.51813
5750.0 1750.0 0.62803
5850.0 1750.0 0.69067
5950.0 1750.0 0.70878
6050.0 1750.0 0.69363
6150.0 1750.0 0.66258
6250.0 1750.0 0.63436
6350.0 1750.0 0.62246
50.0 1850.0 -1.37287
150.0 1850.0 -1.50065
250.0 1850.0 -1.55928
350.0 1850.0 -1.51803
450.0 1850.0 -1.37837
550.0 1850.0 -1.16407
650.0 1850.0 -0.91230
750.0 1850.0 -0.66562
850.0 1850.0 -0.46495
950.0 1850.0 -0.34346
1050.0 1850.0 -0.32139
1150.0 1850.0 -0.40182
1250.0 1850.0 -0.56738
1350.0 1850.0 -0.77809
1450.0 1850.0 -0.99357
1550.0 1850.0 -1.19851
1650.0 1850.0 -1.36969
1750.0 1850.0 -1.48188
1850.0 1850.0 -1.51666
1950.0 1850.0 -1.46805
2050.0 1850.0 -1.34497
2150.0 1850.0 -1.17053
2250.0 1850.0 -0.97816
2350.0 1850.0 -0.80457
2450.0 1850.0 -0.67953
2550.0 1850.0 -0.61245
2650.0 1850.0 -0.57623
2750.0 1850.0 -0.51372
2850.0 1850.0 -0.39568
2950.0 1850.0 -0.22811
3050.0 1850.0 -0.03723
3150.0 1850.0 0.14301
3250.0 1850.0 0.28053
3350.0 1850.0 0.35197
3450.0 1850.0 0.34659
3550.0 1850.0 0.26737
3650.0 1850.0 0.12930
3750.0 1850.0 -0.04521
3850.0 1850.0 -0.23380
3950.0 1850.0 -0.42719
4050.0 1850.0 -0.64756
4150.0 1850.0 -0.89580
4250.0 1850.0 -1.14169
4350.0 1850.0 -1.34367
4450.0 1850.0 -1.46410
4550.0 1850.0 -1.47970
4650.0 1850.0 -1.38716
4750.0 1850.0 -1.20393
4850.0 1850.0 -0.96419
4950.0 1850.0 -0.70999
5050.0 1850.0 -0.47755
5150.0 1850.0 -0.27877
5250.0 1850.0 -0.08760
5350.0 1850.0 0.11434
5450.0 1850.0 0.32123
5550.0 1850.0 0.51672
5650.0 1850.0 0.68235
5750.0 1850.0 0.80371
5850.0 1850.0 0.87435
5950.0 1850.0 0.89748
6050.0 1850.0 0.88547
6150.0 1850.0 0.85708
6250.0 1850.0 0.83246
6350.0 1850.0 0.82598
50.0 1950.0 -1.46997
150.0 1950.0 -1.55797
250.0 1950.0 -1.57868
350.0 1950.0 -1.50477
450.0 1950.0 -1.34127
550.0 1950.0 -1.11453
650.0 1950.0 -0.86250
750.0 1950.0 -0.62642
850.0 1950.0 -0.44385
950.0 1950.0 -0.34307
1050.0 1950.0 -0.33891
1150.0 1950.0 -0.42984
1250.0 1950.0 -0.59656
1350.0 1950.0 -0.80202
1450.0 1950.0 -1.01415
1550.0 1950.0 -1.22319
1650.0 1950.0 -1.40580
1750.0 1950.0 -1.53320
1850.0 1950.0 -1.58201
1950.0 1950.0 -1.54137
2050.0 1950.0 -1.41657
2150.0 1950.0 -1.22895
2250.0 1950.0 -1.01228
2350.0 1950.0 -0.80547
2450.0 1950.0 -0.64166
2550.0 1950.0 -0.53371
2650.0 1950.0 -0.45670
2750.0 1950.0 -0.35851
2850.0 1950.0 -0.21720
2950.0 1950.0 -0.04220
3050.0 1950.0 0.14037
3150.0 1950.0 0.29954
3250.0 1950.0 0.40833
3350.0 1950.0 0.44970
3450.0 1950.0 0.41948
3550.0 1950.0 0.32655
3650.0 1950.0 0.18986
3750.0 1950.0 0.03272
3850.0 1950.0 -0.12594
3950.0 1950.0 -0.28550
4050.0 1950.0 -0.47673
4150.0 1950.0 -0.70556
4250.0 1950.0 -0.94436
4350.0 1950.0 -1.15184
4450.0 1950.0 -1.28847
4550.0 1950.0 -1.32733
4650.0 1950.0 -1.26025
4750.0 1950.0 -1.09934
4850.0 1950.0 -0.87383
4950.0 1950.0 -0.62228
5050.0 1950.0 -0.38011
5150.0 1950.0 -0.16251
5250.0 1950.0 0.04934
5350.0 1950.0 0.26997
5450.0 1950.0 0.49154
5550.0 1950.0 0.69616
5650.0 1950.0 0.86468
5750.0 1950.0 0.98301
5850.0 1950.0 1.04601
5950.0 1950.0 1.05906
6050.0 1950.0 1.03722
6150.0 1950.0 1.00192
6250.0 1950.0 0.97540
6350.0 1950.0 0.97264
50.0 2050.0 -1.43431
150.0 2050.0 -1.48222
250.0 2050.0 -1.46614
350.0 2050.0 -1.36289
450.0 2050.0 -1.18127
550.0 2050.0 -0.94989
650.0 2050.0 -0.70681
750.0 2050.0 -0.49105
850.0 2050.0 -0.33582
950.0 2050.0 -0.26365
1050.0 2050.0 -0.28320
1150.0 2050.0 -0.38808
1250.0 2050.0 -0.55723
1350.0 2050.0 -0.75749
1450.0 2050.0 -0.96641
1550.0 2050.0 -1.18038
1650.0 2050.0 -1.37614
1750.0 2050.0 -1.52133
1850.0 2050.0 -1.58735
1950.0 2050.0 -1.55815
2050.0 2050.0 -1.43499
2150.0 2050.0 -1.23713
2250.0 2050.0 -0.99837
2350.0 2050.0 -0.75964
2450.0 2050.0 -0.55747
2550.0 2050.0 -0.40838
2650.0 2050.0 -0.29001
2750.0 2050.0 -0.15598
2850.0 2050.0 0.00778
2950.0 2050.0 0.18812
3050.0 2050.0 0.35910
3150.0 2050.0 0.49302
3250.0 2050.0 0.56842
3350.0 2050.0 0.57505
3450.0 2050.0 0.51589
3550.0 2050.0 0.40603
3650.0 2050.0 0.26873
3750.0 2050.0 0.12821
3850.0 2050.0 -0.00033
3950.0 2050.0 -0.12558
4050.0 2050.0 -0.28729
4150.0 2050.0 -0.49651
4250.0 2050.0 -0.72829
4350.0 2050.0 -0.94158
4450.0 2050.0 -1.09493
4550.0 2050.0 -1.15768
4650.0 2050.0 -1.11673
4750.0 2050.0 -0.97872
4850.0 2050.0 -0.76784
4950.0 2050.0 -0.51910
5050.0 2050.0 -0.26711
5150.0 2050.0 -0.03042
5250.0 2050.0 0.20203
5350.0 2050.0 0.43914
5450.0 2050.0 0.66975
5550.0 2050.0 0.87419
5650.0 2050.0 1.03313
5750.0 2050.0 1.13383
5850.0 2050.0 1.17388
5950.0 2050.0 1.16233
6050.0 2050.0 1.11828
6150.0 2050.0 1.06694
6250.0 2050.0 1.03306
6350.0 2050.0 1.03190
50.0 2150.0 -1.27256
150.0 2150.0 -1.28394
250.0 2150.0 -1.23577
350.0 2150.0 -1.10943
450.0 2150.0 -0.91728
550.0 2150.0 -0.68964
650.0 2150.0 -0.46402
750.0 2150.0 -0.27651
850.0 2150.0 -0.15542
950.0 2150.0 -0.11710
1050.0 2150.0 -0.16402
1150.0 2150.0 -0.28499
1250.0 2150.0 -0.45764
1350.0 2150.0 -0.65327
1450.0 2150.0 -0.85950
1550.0 2150.0 -1.07914
1650.0 2150.0 -1.28931
1750.0 2150.0 -1.45433
1850.0 2150.0 -1.54060
1950.0 2150.0 -1.52691
2050.0 2150.0 -1.41035
2150.0 2150.0 -1.20774
2250.0 2150.0 -0.95252
2350.0 2150.0 -0.68718
2450.0 2150.0 -0.45129
2550.0 2150.0 -0.26489
2650.0 2150.0 -0.10860
2750.0 2150.0 0.05800
2850.0 2150.0 0.24125
2950.0 2150.0 0.42442
3050.0 2150.0 0.58179
3150.0 2150.0 0.68886
3250.0 2150.0 0.72958
3350.0 2150.0 0.70035
3450.0 2150.0 0.61102
3550.0 2150.0 0.48281
3650.0 2150.0 0.34303
3750.0 2150.0 0.21681
3850.0 2150.0 0.11567
3950.0 2150.0 0.02192
4050.0 2150.0 -0.11272
4150.0 2150.0 -0.30403
4250.0 2150.0 -0.52951
4350.0 2150.0 -0.74833
4450.0 2150.0 -0.91726
4550.0 2150.0 -1.00221
4650.0 2150.0 -0.98548
4750.0 2150.0 -0.86871
4850.0 2150.0 -0.67143
4950.0 2150.0 -0.42538
5050.0 2150.0 -0.16443
5150.0 2150.0 0.08978
5250.0 2150.0 0.34081
5350.0 2150.0 0.59076
5450.0 2150.0 0.82432
5550.0 2150.0 1.01993
5650.0 2150.0 1.15858
5750.0 2150.0 1.22975
5850.0 2150.0 1.23479
5950.0 2150.0 1.18745
6050.0 2150.0 1.11182
6150.0 2150.0 1.03744
6250.0 2150.0 0.99181
6350.0 2150.0 0.99013
50.0 2250.0 -1.01521
150.0 2250.0 -0.99695
250.0 2250.0 -0.92421
350.0 2250.0 -0.78283
450.0 2250.0 -0.58822
550.0 2250.0 -0.37176
650.0 2250.0 -0.16980
750.0 2250.0 -0.01515
850.0 2250.0 0.06884
950.0 2250.0 0.07170
1050.0 2250.0 -0.00329
1150.0 2250.0 -0.14078
1250.0 2250.0 -0.31758
1350.0 2250.0 -0.50955
1450.0 2250.0 -0.71394
1550.0 2250.0 -0.93976
1650.0 2250.0 -1.16486
1750.0 2250.0 -1.35085
1850.0 2250.0 -1.45970
1950.0 2250.0 -1.46543
2050.0 2250.0 -1.36111
2150.0 2250.0 -1.16089
2250.0 2250.0 -0.89731
2350.0 2250.0 -0.61380
2450.0 2250.0 -0.35226
2550.0 2250.0 -0.13594
2650.0 2250.0 0.05138
2750.0 2250.0 0.24433
2850.0 2250.0 0.44247
2950.0 2250.0 0.62599
3050.0 2250.0 0.76937
3150.0 2250.0 0.85097
3250.0 2250.0 0.85945
3350.0 2250.0 0.79704
3450.0 2250.0 0.67962
3550.0 2250.0 0.53367
3650.0 2250.0 0.39006
3750.0 2250.0 0.27463
3850.0 2250.0 0.19571
3950.0 2250.0 0.12775
4050.0 2250.0 0.01526
4150.0 2250.0 -0.16145
4250.0 2250.0 -0.38188
4350.0 2250.0 -0.60541
4450.0 2250.0 -0.78730
4550.0 2250.0 -0.89064
4650.0 2250.0 -0.89397
4750.0 2250.0 -0.79478
4850.0 2250.0 -0.60877
4950.0 2250.0 -0.36501
5050.0 2250.0 -0.09676
5150.0 2250.0 0.17178
5250.0 2250.0 0.43773
5350.0 2250.0 0.69610
5450.0 2250.0 0.92715
5550.0 2250.0 1.10759
5650.0 2250.0 1.21908
5750.0 2250.0 1.25383
5850.0 2250.0 1.21740
5950.0 2250.0 1.12865
6050.0 2250.0 1.01686
6150.0 2250.0 0.91600
6250.0 2250.0 0.85618
6350.0 2250.0 0.85223
50.0 2350.0 -0.70899
150.0 2350.0 -0.67017
250.0 2350.0 -0.58194
350.0 2350.0 -0.43407
450.0 2350.0 -0.24424
550.0 2350.0 -0.04418
650.0 2350.0 0.13128
750.0 2350.0 0.25257
850.0 2350.0 0.30082
950.0 2350.0 0.27062
1050.0 2350.0 0.16994
1150.0 2350.0 0.01730
1250.0 2350.0 -0.16377
1350.0 2350.0 -0.35329
1450.0 2350.0 -0.55687
1550.0 2350.0 -0.78908
1650.0 2350.0 -1.02881
1750.0 2350.0 -1.23577
1850.0 2350.0 -1.36841
1950.0 2350.0 -1.39671
2050.0 2350.0 -1.31002
2150.0 2350.0 -1.11975
2250.0 2350.0 -0.85708
2350.0 2350.0 -0.56555
2450.0 2350.0 -0.28859
2550.0 2350.0 -0.05207
2650.0 2350.0 0.15702
2750.0 2350.0 0.36820
2850.0 2350.0 0.57578
2950.0 2350.0 0.75761
3050.0 2350.0 0.88835
3150.0 2350.0 0.94859
3250.0 2350.0 0.93064
3350.0 2350.0 0.84116
3450.0 2350.0 0.70063
3550.0 2350.0 0.53955
3650.0 2350.0 0.39145
3750.0 2350.0 0.28272
3850.0 2350.0 0.21921
3950.0 2350.0 0.16939
4050.0 2350.0 0.07246
4150.0 2350.0 -0.09403
4250.0 2350.0 -0.31102
4350.0 2350.0 -0.53799
4450.0 2350.0 -0.72917
4550.0 2350.0 -0.84563
4650.0 2350.0 -0.86324
4750.0 2350.0 -0.77656
4850.0 2350.0 -0.59860
4950.0 2350.0 -0.35652
5050.0 2350.0 -0.08316
5150.0 2350.0 0.19546
5250.0 2350.0 0.47161
5350.0 2350.0 0.73392
5450.0 2350.0 0.95858
5550.0 2350.0 1.12089
5650.0 2350.0 1.20338
5750.0 2350.0 1.20100
5850.0 2350.0 1.12337
5950.0 2350.0 0.99411
6050.0 2350.0 0.84722
6150.0 2350.0 0.72058
6250.0 2350.0 0.64648
6350.0 2350.0 0.63923
50.0 2450.0 -0.40337
150.0 2450.0 -0.35361
250.0 2450.0 -0.25893
350.0 2450.0 -0.11219
450.0 2450.0 0.06756
550.0 2450.0 0.24877
650.0 2450.0 0.39834
750.0 2450.0 0.48954
850.0 2450.0 0.50709
950.0 2450.0 0.44940
1050.0 2450.0 0.32775
1150.0 2450.0 0.16275
1250.0 2450.0 -0.02222
1350.0 2450.0 -0.21057
1450.0 2450.0 -0.41435
1550.0 2450.0 -0.65283
1650.0 2450.0 -0.90621
1750.0 2450.0 -1.13317
1850.0 2450.0 -1.28963
1950.0 2450.0 -1.34240
2050.0 2450.0 -1.27765
2150.0 2450.0 -1.10410
2250.0 2450.0 -0.85115
2350.0 2450.0 -0.56168
2450.0 2450.0 -0.27981
2550.0 2450.0 -0.03333
2650.0 2450.0 0.18766
2750.0 2450.0 0.40851
2850.0 2450.0 0.62016
2950.0 2450.0 0.79896
3050.0 2450.0 0.91977
3150.0 2450.0 0.96458
3250.0 2450.0 0.92805
3350.0 2450.0 0.81968
3450.0 2450.0 0.66286
3550.0 2450.0 0.49061
3650.0 2450.0 0.33813
3750.0 2450.0 0.23211
3850.0 2450.0 0.17682
3950.0 2450.0 0.13697
4050.0 2450.0 0.04858
4150.0 2450.0 -0.11235
4250.0 2450.0 -0.32753
4350.0 2450.0 -0.55651
4450.0 2450.0 -0.75294
4550.0 2450.0 -0.87676
4650.0 2450.0 -0.90237
4750.0 2450.0 -0.82269
4850.0 2450.0 -0.64926
4950.0 2450.0 -0.40817
5050.0 2450.0 -0.13203
5150.0 2450.0 0.15213
5250.0 2450.0 0.43358
5350.0 2450.0 0.69605
5450.0 2450.0 0.91247
5550.0 2450.0 1.05716
5650.0 2450.0 1.11356
5750.0 2450.0 1.07899
5850.0 2450.0 0.96641
5950.0 2450.0 0.80323
6050.0 2450.0 0.62715
6150.0 2450.0 0.47901
6250.0 2450.0 0.39265
6350.0 2450.0 0.38183
50.0 2550.0 -0.13127
150.0 2550.0 -0.07842
250.0 2550.0 0.01563
350.0 2550.0 0.15588
450.0 2550.0 0.32264
550.0 2550.0 0.48498
650.0 2550.0 0.61145
750.0 2550.0 0.67761
850.0 2550.0 0.67085
950.0 2550.0 0.59214
1050.0 2550.0 0.45482
1150.0 2550.0 0.28057
1250.0 2550.0 0.09232
1350.0 2550.0 -0.09586
1450.0 2550.0 -0.30064
1550.0 2550.0 -0.54509
1650.0 2550.0 -0.81091
1750.0 2550.0 -1.05641
1850.0 2550.0 -1.23592
1950.0 2550.0 -1.31387
2050.0 2550.0 -1.27372
2150.0 2550.0 -1.12166
2250.0 2550.0 -0.88503
2350.0 2550.0 -0.60551
2450.0 2550.0 -0.32716
2550.0 2550.0 -0.07912
2650.0 2550.0 0.14560
2750.0 2550.0 0.36913
2850.0 2550.0 0.58069
2950.0 2550.0 0.75592
3050.0 2550.0 0.86978
3150.0 2550.0 0.90502
3250.0 2550.0 0.85746
3350.0 2550.0 0.73801
3450.0 2550.0 0.57146
3550.0 2550.0 0.39206
3650.0 2550.0 0.23578
3750.0 2550.0 0.12943
3850.0 2550.0 0.07647
3950.0 2550.0 0.03982
4050.0 2550.0 -0.04584
4150.0 2550.0 -0.20503
4250.0 2550.0 -0.41972
4350.0 2550.0 -0.64947
4450.0 2550.0 -0.84773
4550.0 2550.0 -0.97408
4650.0 2550.0 -1.00241
4750.0 2550.0 -0.92513
4850.0 2550.0 -0.75325
4950.0 2550.0 -0.51254
5050.0 2550.0 -0.23554
5150.0 2550.0 0.05039
5250.0 2550.0 0.33320
5350.0 2550.0 0.59328
5450.0 2550.0 0.80134
5550.0 2550.0 0.93115
5650.0 2550.0 0.96695
5750.0 2550.0 0.90783
5850.0 2550.0 0.76917
5950.0 2550.0 0.58105
6050.0 2550.0 0.38366
6150.0 2550.0 0.21978
6250.0 2550.0 0.12417
6350.0 2550.0 0.11007
50.0 2650.0 0.11618
150.0 2650.0 0.16849
250.0 2650.0 0.25874
350.0 2650.0 0.39026
450.0 2650.0 0.54304
550.0 2650.0 0.68702
650.0 2650.0 0.79227
750.0 2650.0 0.83642
850.0 2650.0 0.80898
950.0 2650.0 0.71285
1050.0 2650.0 0.56282
1150.0 2650.0 0.38112
1250.0 2650.0 0.19010
1350.0 2650.0 0.00177
1450.0 2650.0 -0.20423
1550.0 2650.0 -0.45432
1650.0 2650.0 -0.73176
1750.0 2650.0 -0.99488
1850.0 2650.0 -1.19681
1950.0 2650.0 -1.29998
2050.0 2650.0 -1.28545
2150.0 2650.0 -1.15690
2250.0 2650.0 -0.93951
2350.0 2650.0 -0.67350
2450.0 2650.0 -0.40253
2550.0 2650.0 -0.15678
2650.0 2650.0 0.06791
2750.0 2650.0 0.29090
2850.0 2650.0 0.50042
2950.0 2650.0 0.67179
3050.0 2650.0 0.78005
3150.0 2650.0 0.80840
3250.0 2650.0 0.75329
3350.0 2650.0 0.62638
3450.0 2650.0 0.45319
3550.0 2650.0 0.26856
3650.0 2650.0 0.10884
3750.0 2650.0 0.00086
3850.0 2650.0 -0.05236
3950.0 2650.0 -0.08882
4050.0 2650.0 -0.17425
4150.0 2650.0 -0.33317
4250.0 2650.0 -0.54757
4350.0 2650.0 -0.77704
4450.0 2650.0 -0.97507
4550.0 2650.0 -1.10126
4650.0 2650.0 -1.12953
4750.0 2650.0 -1.05226
4850.0 2650.0 -0.88046
4950.0 2650.0 -0.63986
5050.0 2650.0 -0.36297
5150.0 2650.0 -0.07714
5250.0 2650.0 0.20504
5350.0 2650.0 0.46153
5450.0 2650.0 0.66132
5550.0 2650.0 0.77785
5650.0 2650.0 0.79610
5750.0 2650.0 0.71665
5850.0 2650.0 0.55680
5950.0 2650.0 0.34869
6050.0 2650.0 0.13437
6150.0 2650.0 -0.04200
6250.0 2650.0 -0.14506
6350.0 2650.0 -0.16206
50.0 2750.0 0.39234
150.0 2750.0 0.44174
250.0 2750.0 0.52515
350.0 2750.0 0.64420
450.0 2750.0 0.77913
550.0 2750.0 0.90128
650.0 2750.0 0.98294
750.0 2750.0 1.00413
850.0 2750.0 0.95664
950.0 2750.0 0.84513
1050.0 2750.0 0.68536
1150.0 2750.0 0.49963
1250.0 2750.0 0.30920
1350.0 2750.0 0.12385
1450.0 2750.0 -0.08016
1550.0 2750.0 -0.33259
1650.0 2750.0 -0.61862
1750.0 2750.0 -0.89710
1850.0 2750.0 -1.12046
1950.0 2750.0 -1.24942
2050.0 2750.0 -1.26260
2150.0 2750.0 -1.16089
2250.0 2750.0 -0.96677
2350.0 2750.0 -0.71834
2450.0 2750.0 -0.45824
2550.0 2750.0 -0.21745
2650.0 2750.0 0.00503
2750.0 2750.0 0.22478
2850.0 2750.0 0.42837
2950.0 2750.0 0.59076
3050.0 2750.0 0.68745
3150.0 2750.0 0.70263
3250.0 2750.0 0.63402
3350.0 2750.0 0.49455
3450.0 2750.0 0.31085
3550.0 2750.0 0.11852
3650.0 2750.0 -0.04578
3750.0 2750.0 -0.15551
3850.0 2750.0 -0.20848
3950.0 2750.0 -0.24387
4050.0 2750.0 -0.32633
4150.0 2750.0 -0.47909
4250.0 2750.0 -0.68421
4350.0 2750.0 -0.90228
4450.0 2750.0 -1.08819
4550.0 2750.0 -1.20306
4650.0 2750.0 -1.22213
4750.0 2750.0 -1.13873
4850.0 2750.0 -0.96428
4950.0 2750.0 -0.72437
5050.0 2750.0 -0.45080
5150.0 2750.0 -0.16979
5250.0 2750.0 0.10650
5350.0 2750.0 0.35280
5450.0 2750.0 0.53607
5550.0 2750.0 0.62993
5650.0 2750.0 0.62098
5750.0 2750.0 0.51230
5850.0 2750.0 0.32395
5950.0 2750.0 0.09062
6050.0 2750.0 -0.14361
6150.0 2750.0 -0.33346
6250.0 2750.0 -0.44354
6350.0 2750.0 -0.46227
50.0 2850.0 0.71510
150.0 2850.0 0.75646
250.0 2850.0 0.82641
350.0 2850.0 0.92506
450.0 2850.0 1.03392
550.0 2850.0 1.12726
650.0 2850.0 1.18085
750.0 2850.0 1.17798
850.0 2850.0 1.11290
950.0 2850.0 0.99154
1050.0 2850.0 0.82966
1150.0 2850.0 0.64829
1250.0 2850.0 0.46655
1350.0 2850.0 0.29171
1450.0 2850.0 0.09741
1550.0 2850.0 -0.14912
1650.0 2850.0 -0.43576
1750.0 2850.0 -0.72311
1850.0 2850.0 -0.96404
1950.0 2850.0 -1.11831
2050.0 2850.0 -1.16222
2150.0 2850.0 -1.09336
2250.0 2850.0 -0.93035
2350.0 2850.0 -0.70773
2450.0 2850.0 -0.46582
2550.0 2850.0 -0.23566
2650.0 2850.0 -0.02008
2750.0 2850.0 0.19061
2850.0 2850.0 0.38003
2950.0 2850.0 0.52273
3050.0 2850.0 0.59552
3150.0 2850.0 0.58482
3250.0 2850.0 0.49089
3350.0 2850.0 0.32904
3450.0 2850.0 0.12771
3550.0 2850.0 -0.07649
3650.0 2850.0 -0.24687
3750.0 2850.0 -0.35775
3850.0 2850.0 -0.40874
3950.0 2850.0 -0.44064
4050.0 2850.0 -0.51372
4150.0 2850.0 -0.64726
4250.0 2850.0 -0.82369
4350.0 2850.0 -1.00670
4450.0 2850.0 -1.15565
4550.0 2850.0 -1.23638
4650.0 2850.0 -1.22820
4750.0 2850.0 -1.12722
4850.0 2850.0 -0.94605
4950.0 2850.0 -0.70964
5050.0 2850.0 -0.44755
5150.0 2850.0 -0.18246
5250.0 2850.0 0.07576
5350.0 2850.0 0.29708
5450.0 2850.0 0.44600
5550.0 2850.0 0.49750
5650.0 2850.0 0.44185
5750.0 2850.0 0.28665
5850.0 2850.0 0.05637
5950.0 2850.0 -0.21085
6050.0 2850.0 -0.46894
6150.0 2850.0 -0.67234
6250.0 2850.0 -0.78698
6350.0 2850.0 -0.80397
50.0 2950.0 1.05226
150.0 2950.0 1.07931
250.0 2950.0 1.12814
350.0 2950.0 1.19762
450.0 2950.0 1.27196
550.0 2950.0 1.33005
650.0 2950.0 1.35258
750.0 2950.0 1.32692
850.0 2950.0 1.24974
950.0 2950.0 1.12746
1050.0 2950.0 0.97437
1150.0 2950.0 0.80862
1250.0 2950.0 0.64593
1350.0 2950.0 0.49090
1450.0 2950.0 0.31600
1550.0 2950.0 0.08623
1650.0 2950.0 -0.18975
1750.0 2950.0 -0.47579
1850.0 2950.0 -0.72679
1950.0 2950.0 -0.90270
2050.0 2950.0 -0.97797
2150.0 2950.0 -0.94646
2250.0 2950.0 -0.82188
2350.0 2950.0 -0.63359
2450.0 2950.0 -0.41796
2550.0 2950.0 -0.20513
2650.0 2950.0 -0.00223
2750.0 2950.0 0.19264
2850.0 2950.0 0.35902
2950.0 2950.0 0.47127
3050.0 2950.0 0.50845
3150.0 2950.0 0.46048
3250.0 2950.0 0.33137
3350.0 2950.0 0.13970
3450.0 2950.0 -0.08386
3550.0 2950.0 -0.30176
3650.0 2950.0 -0.47780
3750.0 2950.0 -0.58802
3850.0 2950.0 -0.63461
3950.0 2950.0 -0.66008
4050.0 2950.0 -0.71657
4150.0 2950.0 -0.81669
4250.0 2950.0 -0.94373
4350.0 2950.0 -1.06700
4450.0 2950.0 -1.15375
4550.0 2950.0 -1.17795
4650.0 2950.0 -1.12580
4750.0 2950.0 -0.99802
4850.0 2950.0 -0.80882
4950.0 2950.0 -0.58176
5050.0 2950.0 -0.34228
5150.0 2950.0 -0.10699
5250.0 2950.0 0.11831
5350.0 2950.0 0.29773
5450.0 2950.0 0.39333
5550.0 2950.0 0.38313
5650.0 2950.0 0.26322
5750.0 2950.0 0.04776
5850.0 2950.0 -0.23309
5950.0 2950.0 -0.53743
6050.0 2950.0 -0.81791
6150.0 2950.0 -1.03021
6250.0 2950.0 -1.14355
6350.0 2950.0 -1.15343
50.0 3050.0 1.34927
150.0 3050.0 1.35617
250.0 3050.0 1.37718
350.0 3050.0 1.41049
450.0 3050.0 1.44438
550.0 3050.0 1.46385
650.0 3050.0 1.45564
750.0 3050.0 1.41166
850.0 3050.0 1.33069
950.0 3050.0 1.21853
1050.0 3050.0 1.08648
1150.0 3050.0 0.94817
1250.0 3050.0 0.81476
1350.0 3050.0 0.68842
1450.0 3050.0 0.54233
1550.0 3050.0 0.34049
1650.0 3050.0 0.08764
1750.0 3050.0 -0.18475
1850.0 3050.0 -0.43528
1950.0 3050.0 -0.62550
2050.0 3050.0 -0.72879
2150.0 3050.0 -0.73534
2250.0 3050.0 -0.65318
2350.0 3050.0 -0.50524
2450.0 3050.0 -0.32244
2550.0 3050.0 -0.13293
2650.0 3050.0 0.05187
2750.0 3050.0 0.22501
2850.0 3050.0 0.36157
2950.0 3050.0 0.43619
3050.0 3050.0 0.43103
3150.0 3050.0 0.34036
3250.0 3050.0 0.17260
3350.0 3050.0 -0.05012
3450.0 3050.0 -0.29504
3550.0 3050.0 -0.52425
3650.0 3050.0 -0.70277
3750.0 3050.0 -0.80918
3850.0 3050.0 -0.84873
3950.0 3050.0 -0.86505
4050.0 3050.0 -0.89899
4150.0 3050.0 -0.95458
4250.0 3050.0 -1.01669
4350.0 3050.0 -1.06244
4450.0 3050.0 -1.06973
4550.0 3050.0 -1.02335
4650.0 3050.0 -0.91837
4750.0 3050.0 -0.76106
4850.0 3050.0 -0.56727
4950.0 3050.0 -0.35809
5050.0 3050.0 -0.15312
5150.0 3050.0 0.03895
5250.0 3050.0 0.21752
5350.0 3050.0 0.34059
5450.0 3050.0 0.36870
5550.0 3050.0 0.28458
5650.0 3050.0 0.09189
5750.0 3050.0 -0.18742
5850.0 3050.0 -0.51717
5950.0 3050.0 -0.85235
6050.0 3050.0 -1.14587
6150.0 3050.0 -1.35678
6250.0 3050.0 -1.45974
6350.0 3050.0 -1.45599
50.0 3150.0 1.55158
150.0 3150.0 1.53403
250.0 3150.0 1.52283
350.0 3150.0 1.51624
450.0 3150.0 1.50769
550.0 3150.0 1.48925
650.0 3150.0 1.45433
750.0 3150.0 1.39933
850.0 3150.0 1.32453
950.0 3150.0 1.23397
1050.0 3150.0 1.13451
1150.0 3150.0 1.03389
1250.0 3150.0 0.93804
1350.0 3150.0 0.84715
1450.0 3150.0 0.73723
1550.0 3150.0 0.57283
1650.0 3150.0 0.35469
1750.0 3150.0 0.10852
1850.0 3150.0 -0.12948
1950.0 3150.0 -0.32385
2050.0 3150.0 -0.44798
2150.0 3150.0 -0.48883
2250.0 3150.0 -0.44861
2350.0 3150.0 -0.34308
2450.0 3150.0 -0.19671
2550.0 3150.0 -0.03462
2650.0 3150.0 0.12801
2750.0 3150.0 0.27554
2850.0 3150.0 0.37911
2950.0 3150.0 0.41430
3050.0 3150.0 0.36691
3150.0 3150.0 0.23585
3250.0 3150.0 0.03386
3350.0 3150.0 -0.21388
3450.0 3150.0 -0.47326
3550.0 3150.0 -0.70698
3650.0 3150.0 -0.88225
3750.0 3150.0 -0.98079
3850.0 3150.0 -1.01087
3950.0 3150.0 -1.01608
4050.0 3150.0 -1.02401
4150.0 3150.0 -1.02948
4250.0 3150.0 -1.01977
4350.0 3150.0 -0.98126
4450.0 3150.0 -0.90409
4550.0 3150.0 -0.78507
4650.0 3150.0 -0.62884
4750.0 3150.0 -0.44723
4850.0 3150.0 -0.25700
4950.0 3150.0 -0.07570
5050.0 3150.0 0.08413
5150.0 3150.0 0.22254
5250.0 3150.0 0.34419
5350.0 3150.0 0.40193
5450.0 3150.0 0.35636
5550.0 3150.0 0.19641
5650.0 3150.0 -0.06576
5750.0 3150.0 -0.40034
5850.0 3150.0 -0.76591
5950.0 3150.0 -1.11600
6050.0 3150.0 -1.40601
6150.0 3150.0 -1.60074
6250.0 3150.0 -1.68222
6350.0 3150.0 -1.65821
50.0 3250.0 1.62051
150.0 3250.0 1.57644
250.0 3250.0 1.53169
350.0 3250.0 1.48535
450.0 3250.0 1.43660
550.0 3250.0 1.38494
650.0 3250.0 1.33032
750.0 3250.0 1.27322
850.0 3250.0 1.21457
950.0 3250.0 1.15560
1050.0 3250.0 1.09765
1150.0 3250.0 1.04180
1250.0 3250.0 0.98843
1350.0 3250.0 0.93655
1450.0 3250.0 0.86691
1550.0 3250.0 0.74623
1650.0 3250.0 0.57156
1750.0 3250.0 0.36231
1850.0 3250.0 0.14845
1950.0 3250.0 -0.03881
2050.0 3250.0 -0.17393
2150.0 3250.0 -0.24151
2250.0 3250.0 -0.23835
2350.0 3250.0 -0.17304
2450.0 3250.0 -0.06317
2550.0 3250.0 0.06998
2650.0 3250.0 0.20842
2750.0 3250.0 0.32912
2850.0 3250.0 0.40065
2950.0 3250.0 0.40025
3050.0 3250.0 0.31756
3150.0 3250.0 0.15573
3250.0 3250.0 -0.06896
3350.0 3250.0 -0.32942
3450.0 3250.0 -0.59150
3550.0 3250.0 -0.81971
3650.0 3250.0 -0.98440
3750.0 3250.0 -1.07077
3850.0 3250.0 -1.08956
3950.0 3250.0 -1.08277
4050.0 3250.0 -1.06427
4150.0 3250.0 -1.02050
4250.0 3250.0 -0.94183
4350.0 3250.0 -0.82443
4450.0 3250.0 -0.67077
4550.0 3250.0 -0.48937
4650.0 3250.0 -0.29365
4750.0 3250.0 -0.09997
4850.0 3250.0 0.07516
4950.0 3250.0 0.21876
5050.0 3250.0 0.32586
5150.0 3250.0 0.40484
5250.0 3250.0 0.46473
5350.0 3250.0 0.45507
5450.0 3250.0 0.33862
5550.0 3250.0 0.11151
5650.0 3250.0 -0.20565
5750.0 3250.0 -0.57621
5850.0 3250.0 -0.95534
5950.0 3250.0 -1.29744
6050.0 3250.0 -1.56294
6150.0 3250.0 -1.72461
6250.0 3250.0 -1.77336
6350.0 3250.0 -1.72347
50.0 3350.0 1.54266
150.0 3350.0 1.47256
250.0 3350.0 1.39610
350.0 3350.0 1.31388
450.0 3350.0 1.23089
550.0 3350.0 1.15368
650.0 3350.0 1.08806
750.0 3350.0 1.03772
850.0 3350.0 1.00339
950.0 3350.0 0.98276
1050.0 3350.0 0.97112
1150.0 3350.0 0.96269
1250.0 3350.0 0.95260
1350.0 3350.0 0.93952
1450.0 3350.0 0.91037
1550.0 3350.0 0.83541
1650.0 3350.0 0.70867
1750.0 3350.0 0.54331
1850.0 3350.0 0.36263
1950.0 3350.0 0.19282
2050.0 3350.0 0.05735
2150.0 3350.0 -0.02704
2250.0 3350.0 -0.05270
2350.0 3350.0 -0.02169
2450.0 3350.0 0.05507
2550.0 3350.0 0.16051
2650.0 3350.0 0.27506
2750.0 3350.0 0.37053
2850.0 3350.0 0.41477
2950.0 3350.0 0.38743
3050.0 3350.0 0.28170
3150.0 3350.0 0.10412
3250.0 3350.0 -0.12694
3350.0 3350.0 -0.38399
3450.0 3350.0 -0.63441
3550.0 3350.0 -0.84578
3650.0 3350.0 -0.99232
3750.0 3350.0 -1.06276
3850.0 3350.0 -1.06938
3950.0 3350.0 -1.05089
4050.0 3350.0 -1.00859
4150.0 3350.0 -0.92250
4250.0 3350.0 -0.78671
4350.0 3350.0 -0.60657
4450.0 3350.0 -0.39557
4550.0 3350.0 -0.17209
4650.0 3350.0 0.04361
4750.0 3350.0 0.23253
4850.0 3350.0 0.37984
4950.0 3350.0 0.47787
5050.0 3350.0 0.52898
5150.0 3350.0 0.54836
5250.0 3350.0 0.54766
5350.0 3350.0 0.47562
5450.0 3350.0 0.29929
5550.0 3350.0 0.02238
5650.0 3350.0 -0.32703
5750.0 3350.0 -0.70737
5850.0 3350.0 -1.07291
5950.0 3350.0 -1.38150
6050.0 3350.0 -1.60096
6150.0 3350.0 -1.71377
6250.0 3350.0 -1.72039
6350.0 3350.0 -1.64098
50.0 3450.0 1.33284
150.0 3450.0 1.23967
250.0 3450.0 1.13619
350.0 3450.0 1.02495
450.0 3450.0 0.91627
550.0 3450.0 0.82269
650.0 3450.0 0.75474
750.0 3450.0 0.71827
850.0 3450.0 0.71307
950.0 3450.0 0.73297
1050.0 3450.0 0.76735
1150.0 3450.0 0.80406
1250.0 3450.0 0.83376
1350.0 3450.0 0.85554
1450.0 3450.0 0.86315
1550.0 3450.0 0.83124
1650.0 3450.0 0.75171
1750.0 3450.0 0.63211
1850.0 3450.0 0.48934
1950.0 3450.0 0.34438
2050.0 3450.0 0.21795
2150.0 3450.0 0.12709
2250.0 3450.0 0.08266
2350.0 3450.0 0.08790
2450.0 3450.0 0.13774
2550.0 3450.0 0.21923
2650.0 3450.0 0.31249
2750.0 3450.0 0.38684
2850.0 3450.0 0.41147
2950.0 3450.0 0.36896
3050.0 3450.0 0.25549
3150.0 3450.0 0.07963
3250.0 3450.0 -0.13976
3350.0 3450.0 -0.37653
3450.0 3450.0 -0.60109
3550.0 3450.0 -0.78511
3650.0 3450.0 -0.90718
3750.0 3450.0 -0.95921
3850.0 3450.0 -0.95387
3950.0 3450.0 -0.92512
4050.0 3450.0 -0.86419
4150.0 3450.0 -0.74751
4250.0 3450.0 -0.57311
4350.0 3450.0 -0.35411
4450.0 3450.0 -0.11242
4550.0 3450.0 0.12661
4650.0 3450.0 0.33879
4750.0 3450.0 0.50475
4850.0 3450.0 0.61279
4950.0 3450.0 0.66085
5050.0 3450.0 0.65764
5150.0 3450.0 0.62289
5250.0 3450.0 0.56862
5350.0 3450.0 0.44536
5450.0 3450.0 0.22627
5550.0 3450.0 -0.07768
5650.0 3450.0 -0.43269
5750.0 3450.0 -0.79477
5850.0 3450.0 -1.11987
5950.0 3450.0 -1.37173
6050.0 3450.0 -1.52724
6150.0 3450.0 -1.57948
6250.0 3450.0 -1.53827
6350.0 3450.0 -1.42839
50.0 3550.0 1.03055
150.0 3550.0 0.91925
250.0 3550.0 0.79551
350.0 3550.0 0.66396
450.0 3550.0 0.53923
550.0 3550.0 0.43836
650.0 3550.0 0.37516
750.0 3550.0 0.35655
850.0 3550.0 0.38092
950.0 3550.0 0.43843
1050.0 3550.0 0.51333
1150.0 3550.0 0.58825
1250.0 3550.0 0.65046
1350.0 3550.0 0.70002
1450.0 3550.0 0.73726
1550.0 3550.0 0.74138
1650.0 3550.0 0.70313
1750.0 3550.0 0.62556
1850.0 3550.0 0.52012
1950.0 3550.0 0.40302
2050.0 3550.0 0.29201
2150.0 3550.0 0.20358
2250.0 3550.0 0.15045
2350.0 3550.0 0.13958
2450.0 3550.0 0.17043
2550.0 3550.0 0.23368
2650.0 3550.0 0.31013
2750.0 3550.0 0.36931
2850.0 3550.0 0.38360
2950.0 3550.0 0.33877
3050.0 3550.0 0.23315
3150.0 3550.0 0.07589
3250.0 3550.0 -0.11535
3350.0 3550.0 -0.31731
3450.0 3550.0 -0.50456
3550.0 3550.0 -0.65357
3650.0 3550.0 -0.74725
3750.0 3550.0 -0.78015
3850.0 3550.0 -0.76418
3950.0 3550.0 -0.72752
4050.0 3550.0 -0.65482
4150.0 3550.0 -0.52203
4250.0 3550.0 -0.33108
4350.0 3550.0 -0.10065
4450.0 3550.0 0.14218
4550.0 3550.0 0.36871
4650.0 3550.0 0.55401
4750.0 3550.0 0.68073
4850.0 3550.0 0.74145
4950.0 3550.0 0.73954
5050.0 3550.0 0.68852
5150.0 3550.0 0.60991
5250.0 3550.0 0.51384
5350.0 3550.0 0.35480
5450.0 3550.0 0.11325
5550.0 3550.0 -0.19360
5650.0 3550.0 -0.52843
5750.0 3550.0 -0.84737
5850.0 3550.0 -1.11045
5950.0 3550.0 -1.28896
6050.0 3550.0 -1.36966
6150.0 3550.0 -1.35600
6250.0 3550.0 -1.26610
6350.0 3550.0 -1.12775
50.0 3650.0 0.68993
150.0 3650.0 0.56662
250.0 3650.0 0.43035
350.0 3650.0 0.28760
450.0 3650.0 0.15597
550.0 3650.0 0.05531
650.0 3650.0 0.00118
750.0 3650.0 0.00069
850.0 3650.0 0.05068
950.0 3650.0 0.13831
1050.0 3650.0 0.24400
1150.0 3650.0 0.34668
1250.0 3650.0 0.43154
1350.0 3650.0 0.49985
1450.0 3650.0 0.55739
1550.0 3650.0 0.58740
1650.0 3650.0 0.58027
1750.0 3650.0 0.53607
1850.0 3650.0 0.46222
1950.0 3650.0 0.37115
2050.0 3650.0 0.27793
2150.0 3650.0 0.19794
2250.0 3650.0 0.14454
2350.0 3650.0 0.12678
2450.0 3650.0 0.14704
2550.0 3650.0 0.19872
2650.0 3650.0 0.26398
2750.0 3650.0 0.31478
2850.0 3650.0 0.32810
2950.0 3650.0 0.29279
3050.0 3650.0 0.20836
3150.0 3650.0 0.08319
3250.0 3650.0 -0.06766
3350.0 3650.0 -0.22492
3450.0 3650.0 -0.36805
3550.0 3650.0 -0.47838
3650.0 3650.0 -0.54281
3750.0 3650.0 -0.55773
3850.0 3650.0 -0.53330
3950.0 3650.0 -0.49161
4050.0 3650.0 -0.41455
4150.0 3650.0 -0.28053
4250.0 3650.0 -0.09499
4350.0 3650.0 0.12035
4450.0 3650.0 0.33674
4550.0 3650.0 0.52576
4650.0 3650.0 0.66481
4750.0 3650.0 0.74056
4850.0 3650.0 0.75059
4950.0 3650.0 0.70305
5050.0 3650.0 0.61443
5150.0 3650.0 0.50535
5250.0 3650.0 0.38199
5350.0 3650.0 0.20436
5450.0 3650.0 -0.03950
5550.0 3650.0 -0.32767
5650.0 3650.0 -0.62157
5750.0 3650.0 -0.87975
5850.0 3650.0 -1.06794
5950.0 3650.0 -1.16573
6050.0 3650.0 -1.16946
6150.0 3650.0 -1.09175
6250.0 3650.0 -0.95726
6350.0 3650.0 -0.79504
50.0 3750.0 0.36330
150.0 3750.0 0.23411
250.0 3750.0 0.09258
350.0 3750.0 -0.05342
450.0 3750.0 -0.18472
550.0 3750.0 -0.28025
650.0 3750.0 -0.32401
750.0 3750.0 -0.30935
850.0 3750.0 -0.24077
950.0 3750.0 -0.13317
1050.0 3750.0 -0.00847
1150.0 3750.0 0.11030
1250.0 3750.0 0.20738
1350.0 3750.0 0.28522
1450.0 3750.0 0.35340
1550.0 3750.0 0.39814
1650.0 3750.0 0.41008
1750.0 3750.0 0.38780
1850.0 3750.0 0.33635
1950.0 3750.0 0.26567
2050.0 3750.0 0.18879
2150.0 3750.0 0.11982
2250.0 3750.0 0.07183
2350.0 3750.0 0.05449
2450.0 3750.0 0.07154
2550.0 3750.0 0.11808
2650.0 3750.0 0.17782
2750.0 3750.0 0.22665
2850.0 3750.0 0.24687
2950.0 3750.0 0.23011
3050.0 3750.0 0.17614
3150.0 3750.0 0.09148
3250.0 3750.0 -0.01234
3350.0 3750.0 -0.12063
3450.0 3750.0 -0.21782
3550.0 3750.0 -0.28985
3650.0 3750.0 -0.32690
3750.0 3750.0 -0.32636
3850.0 3750.0 -0.29605
3950.0 3750.0 -0.25221
4050.0 3750.0 -0.17742
4150.0 3750.0 -0.05495
4250.0 3750.0 0.10692
4350.0 3750.0 0.28577
4450.0 3750.0 0.45434
4550.0 3750.0 0.58754
4650.0 3750.0 0.66751
4750.0 3750.0 0.68635
4850.0 3750.0 0.64685
4950.0 3750.0 0.56101
5050.0 3750.0 0.44647
5150.0 3750.0 0.32074
5250.0 3750.0 0.18460
5350.0 3750.0 0.00424
5450.0 3750.0 -0.22524
5550.0 3750.0 -0.47886
5650.0 3750.0 -0.71879
5750.0 3750.0 -0.90758
5850.0 3750.0 -1.01754
5950.0 3750.0 -1.03632
6050.0 3750.0 -0.96872
6150.0 3750.0 -0.83461
6250.0 3750.0 -0.66316
6350.0 3750.0 -0.48311
50.0 3850.0 0.07823
150.0 3850.0 -0.05224
250.0 3850.0 -0.19385
350.0 3850.0 -0.33782
450.0 3850.0 -0.46447
550.0 3850.0 -0.55272
650.0 3850.0 -0.58694
750.0 3850.0 -0.56126
850.0 3850.0 -0.48122
950.0 3850.0 -0.36286
1050.0 3850.0 -0.22915
1150.0 3850.0 -0.10384
1250.0 3850.0 -0.00271
1350.0 3850.0 0.07766
1450.0 3850.0 0.14901
1550.0 3850.0 0.19948
1650.0 3850.0 0.22032
1750.0 3850.0 0.20972
1850.0 3850.0 0.17171
1950.0 3850.0 0.11494
2050.0 3850.0 0.05105
2150.0 3850.0 -0.00700
2250.0 3850.0 -0.04696
2350.0 3850.0 -0.05951
2450.0 3850.0 -0.04070
2550.0 3850.0 0.00536
2650.0 3850.0 0.06385
2750.0 3850.0 0.11529
2850.0 3850.0 0.14747
2950.0 3850.0 0.15437
3050.0 3850.0 0.13539
3150.0 3850.0 0.09454
3250.0 3850.0 0.03942
3350.0 3850.0 -0.02000
3450.0 3850.0 -0.07289
3550.0 3850.0 -0.10928
3650.0 3850.0 -0.12197
3750.0 3850.0 -0.10872
3850.0 3850.0 -0.07469
3950.0 3850.0 -0.03080
4050.0 3850.0 0.03716
4150.0 3850.0 0.13975
4250.0 3850.0 0.26640
4350.0 3850.0 0.39575
4450.0 3850.0 0.50410
4550.0 3850.0 0.57170
4650.0 3850.0 0.58684
4750.0 3850.0 0.54775
4850.0 3850.0 0.46228
4950.0 3850.0 0.34541
5050.0 3850.0 0.21461
5150.0 3850.0 0.08288
5250.0 3850.0 -0.05517
5350.0 3850.0 -0.22717
5450.0 3850.0 -0.43175
5550.0 3850.0 -0.64229
5650.0 3850.0 -0.82302
5750.0 3850.0 -0.94133
5850.0 3850.0 -0.97618
5950.0 3850.0 -0.92264
6050.0 3850.0 -0.79251
6150.0 3850.0 -0.61121
6250.0 3850.0 -0.41061
6350.0 3850.0 -0.21815
50.0 3950.0 -0.18820
150.0 3950.0 -0.31792
250.0 3950.0 -0.45744
350.0 3950.0 -0.59731
450.0 3950.0 -0.71775
550.0 3950.0 -0.79801
650.0 3950.0 -0.82312
750.0 3950.0 -0.78804
850.0 3950.0 -0.69917
950.0 3950.0 -0.57334
1050.0 3950.0 -0.43408
1150.0 3950.0 -0.30535
1250.0 3950.0 -0.20269
1350.0 3950.0 -0.12185
1450.0 3950.0 -0.04954
1550.0 3950.0 0.00385
1650.0 3950.0 0.03023
1750.0 3950.0 0.02775
1850.0 3950.0 -0.00012
1950.0 3950.0 -0.04564
2050.0 3950.0 -0.09823
2150.0 3950.0 -0.14600
2250.0 3950.0 -0.17761
2350.0 3950.0 -0.18436
2450.0 3950.0 -0.16240
2550.0 3950.0 -0.11535
2650.0 3950.0 -0.05670
2750.0 3950.0 -0.00116
2850.0 3950.0 0.04456
2950.0 3950.0 0.07665
3050.0 3950.0 0.09386
3150.0 3950.0 0.09751
3250.0 3950.0 0.09115
3350.0 3950.0 0.08002
3450.0 3950.0 0.07031
3550.0 3950.0 0.06815
3650.0 3950.0 0.07837
3750.0 3950.0 0.10306
3850.0 3950.0 0.13985
3950.0 3950.0 0.18285
4050.0 3950.0 0.24228
4150.0 3950.0 0.32212
4250.0 3950.0 0.40975
4350.0 3950.0 0.48545
4450.0 3950.0 0.52978
4550.0 3950.0 0.52896
4650.0 3950.0 0.47789
4750.0 3950.0 0.38105
4850.0 3950.0 0.25126
4950.0 3950.0 0.10615
5050.0 3950.0 -0.03749
5150.0 3950.0 -0.17157
5250.0 3950.0 -0.30784
5350.0 3950.0 -0.46791
5450.0 3950.0 -0.64458
5550.0 3950.0 -0.81008
5650.0 3950.0 -0.93114
5750.0 3950.0 -0.98022
5850.0 3950.0 -0.94283
5950.0 3950.0 -0.82104
6050.0 3950.0 -0.63308
6150.0 3950.0 -0.40909
6250.0 3950.0 -0.18301
6350.0 3950.0 0.01941
50.0 4050.0 -0.47364
150.0 4050.0 -0.59728
250.0 4050.0 -0.72964
350.0 4050.0 -0.86084
450.0 4050.0 -0.97123
550.0 4050.0 -1.04053
650.0 4050.0 -1.05440
750.0 4050.0 -1.00848
850.0 4050.0 -0.90975
950.0 4050.0 -0.77543
1050.0 4050.0 -0.62925
1150.0 4050.0 -0.49510
1250.0 4050.0 -0.38816
1350.0 4050.0 -0.30359
1450.0 4050.0 -0.22698
1550.0 4050.0 -0.16735
1650.0 4050.0 -0.13244
1750.0 4050.0 -0.12450
1850.0 4050.0 -0.14090
1950.0 4050.0 -0.17495
2050.0 4050.0 -0.21707
2150.0 4050.0 -0.25618
2250.0 4050.0 -0.28144
2350.0 4050.0 -0.28425
2450.0 4050.0 -0.26048
2550.0 4050.0 -0.21311
2650.0 4050.0 -0.15453
2750.0 4050.0 -0.09476
2850.0 4050.0 -0.03461
2950.0 4050.0 0.02426
3050.0 4050.0 0.07975
3150.0 4050.0 0.13011
3250.0 4050.0 0.17441
3350.0 4050.0 0.21287
3450.0 4050.0 0.24682
3550.0 4050.0 0.27848
3650.0 4050.0 0.31040
3750.0 4050.0 0.34470
3850.0 4050.0 0.38207
3950.0 4050.0 0.42186
4050.0 4050.0 0.47000
4150.0 4050.0 0.52359
4250.0 4050.0 0.56817
4350.0 4050.0 0.58600
4450.0 4050.0 0.56238
4550.0 4050.0 0.48984
4650.0 4050.0 0.37015
4750.0 4050.0 0.21415
4850.0 4050.0 0.03953
4950.0 4050.0 -0.13367
5050.0 4050.0 -0.28962
5150.0 4050.0 -0.42542
5250.0 4050.0 -0.55930
5350.0 4050.0 -0.70700
5450.0 4050.0 -0.85594
5550.0 4050.0 -0.97768
5650.0 4050.0 -1.04183
5750.0 4050.0 -1.02604
5850.0 4050.0 -0.92226
5950.0 4050.0 -0.73916
6050.0 4050.0 -0.50074
6150.0 4050.0 -0.24117
6250.0 4050.0 0.00419
6350.0 4050.0 0.21155
50.0 4150.0 -0.77020
150.0 4150.0 -0.87790
250.0 4150.0 -0.99403
350.0 4150.0 -1.10899
450.0 4150.0 -1.20372
550.0 4150.0 -1.25853
650.0 4150.0 -1.25952
750.0 4150.0 -1.20245
850.0 4150.0 -1.09414
950.0 4150.0 -0.95130
1050.0 4150.0 -0.79699
1150.0 4150.0 -0.65438
1250.0 4150.0 -0.53823
1350.0 4150.0 -0.44382
1450.0 4150.0 -0.35662
1550.0 4150.0 -0.28471
1650.0 4150.0 -0.23607
1750.0 4150.0 -0.21404
1850.0 4150.0 -0.21734
1950.0 4150.0 -0.24051
2050.0 4150.0 -0.27477
2150.0 4150.0 -0.30926
2250.0 4150.0 -0.33273
2350.0 4150.0 -0.33571
2450.0 4150.0 -0.31302
2550.0 4150.0 -0.26669
2650.0 4150.0 -0.20869
2750.0 4150.0 -0.14477
2850.0 4150.0 -0.06962
2950.0 4150.0 0.01716
3050.0 4150.0 0.11215
3150.0 4150.0 0.21002
3250.0 4150.0 0.30497
3350.0 4150.0 0.39190
3450.0 4150.0 0.46725
3550.0 4150.0 0.52944
3650.0 4150.0 0.57908
3750.0 4150.0 0.61872
3850.0 4150.0 0.65239
3950.0 4150.0 0.68472
4050.0 4150.0 0.71711
4150.0 4150.0 0.73999
4250.0 4150.0 0.73749
4350.0 4150.0 0.69442
4450.0 4150.0 0.60123
4550.0 4150.0 0.45694
4650.0 4150.0 0.27005
4750.0 4150.0 0.05739
4850.0 4150.0 -0.15912
4950.0 4150.0 -0.35768
5050.0 4150.0 -0.52390
5150.0 4150.0 -0.66012
5250.0 4150.0 -0.79059
5350.0 4150.0 -0.92565
5450.0 4150.0 -1.04828
5550.0 4150.0 -1.13035
5650.0 4150.0 -1.14495
5750.0 4150.0 -1.07501
5850.0 4150.0 -0.91842
5950.0 4150.0 -0.68943
6050.0 4150.0 -0.41641
6150.0 4150.0 -0.13607
6250.0 4150.0 0.11605
6350.0 4150.0 0.31865
50.0 4250.0 -1.04156
150.0 4250.0 -1.12212
250.0 4250.0 -1.21231
350.0 4250.0 -1.30387
450.0 4250.0 -1.37886
550.0 4250.0 -1.41823
650.0 4250.0 -1.40799
750.0 4250.0 -1.34312
850.0 4250.0 -1.22901
950.0 4250.0 -1.08054
1050.0 4250.0 -0.91884
1150.0 4250.0 -0.76560
1250.0 4250.0 -0.63509
1350.0 4250.0 -0.52387
1450.0 4250.0 -0.41899
1550.0 4250.0 -0.32825
1650.0 4250.0 -0.26069
1750.0 4250.0 -0.22150
1850.0 4250.0 -0.21129
1950.0 4250.0 -0.22591
2050.0 4250.0 -0.25696
2150.0 4250.0 -0.29294
2250.0 4250.0 -0.32109
2350.0 4250.0 -0.32985
2450.0 4250.0 -0.31200
2550.0 4250.0 -0.26842
2650.0 4250.0 -0.21161
2750.0 4250.0 -0.14411
2850.0 4250.0 -0.05478
2950.0 4250.0 0.05835
3050.0 4250.0 0.19018
3150.0 4250.0 0.33151
3250.0 4250.0 0.47163
3350.0 4250.0 0.60033
3450.0 4250.0 0.70961
3550.0 4250.0 0.79474
3650.0 4250.0 0.85497
3750.0 4250.0 0.89375
3850.0 4250.0 0.91848
3950.0 4250.0 0.93858
4050.0 4250.0 0.95126
4150.0 4250.0 0.94134
4250.0 4250.0 0.89238
4350.0 4250.0 0.79214
4450.0 4250.0 0.63610
4550.0 4250.0 0.42921
4650.0 4250.0 0.18569
4750.0 4250.0 -0.07302
4850.0 4250.0 -0.32208
4950.0 4250.0 -0.53906
5050.0 4250.0 -0.71149
5150.0 4250.0 -0.84633
5250.0 4250.0 -0.97234
5350.0 4250.0 -1.09507
5450.0 4250.0 -1.19458
5550.0 4250.0 -1.24417
5650.0 4250.0 -1.22095
5750.0 4250.0 -1.11296
5850.0 4250.0 -0.92311
5950.0 4250.0 -0.66967
6050.0 4250.0 -0.38343
6150.0 4250.0 -0.10166
6250.0 4250.0 0.14147
6350.0 4250.0 0.32762
50.0 4350.0 -1.24391
150.0 4350.0 -1.28739
250.0 4350.0 -1.34366
350.0 4350.0 -1.40715
450.0 4350.0 -1.46159
550.0 4350.0 -1.48840
650.0 4350.0 -1.47278
750.0 4350.0 -1.40764
850.0 4350.0 -1.29539
950.0 4350.0 -1.14746
1050.0 4350.0 -0.98166
1150.0 4350.0 -0.81737
1250.0 4350.0 -0.66845
1350.0 4350.0 -0.53421
1450.0 4350.0 -0.40535
1550.0 4350.0 -0.29035
1650.0 4350.0 -0.20010
1750.0 4350.0 -0.14239
1850.0 4350.0 -0.12007
1950.0 4350.0 -0.13022
2050.0 4350.0 -0.16426
2150.0 4350.0 -0.20912
2250.0 4350.0 -0.24930
2350.0 4350.0 -0.26995
2450.0 4350.0 -0.26093
2550.0 4350.0 -0.22185
2650.0 4350.0 -0.16680
2750.0 4350.0 -0.09679
2850.0 4350.0 0.00410
2950.0 4350.0 0.13877
3050.0 4350.0 0.30009
3150.0 4350.0 0.47515
3250.0 4350.0 0.64881
3350.0 4350.0 0.80664
3450.0 4350.0 0.93721
3550.0 4350.0 1.03371
3650.0 4350.0 1.09495
3750.0 4350.0 1.12569
3850.0 4350.0 1.13637
3950.0 4350.0 1.14004
4050.0 4350.0 1.13080
4150.0 4350.0 1.08990
4250.0 4350.0 1.00141
4350.0 4350.0 0.85613
4450.0 4350.0 0.65382
4550.0 4350.0 0.40380
4650.0 4350.0 0.12401
4750.0 4350.0 -0.16168
4850.0 4350.0 -0.42760
4950.0 4350.0 -0.65209
5050.0 4350.0 -0.82495
5150.0 4350.0 -0.95640
5250.0 4350.0 -1.07712
5350.0 4350.0 -1.18863
5450.0 4350.0 -1.26977
5550.0 4350.0 -1.29640
5650.0 4350.0 -1.24996
5750.0 4350.0 -1.12313
5850.0 4350.0 -0.92255
5950.0 4350.0 -0.66862
6050.0 4350.0 -0.39240
6150.0 4350.0 -0.12954
6250.0 4350.0 0.08866
6350.0 4350.0 0.24713
50.0 4450.0 -1.34148
150.0 4450.0 -1.34097
250.0 4450.0 -1.35864
350.0 4450.0 -1.39291
450.0 4450.0 -1.42968
550.0 4450.0 -1.45053
650.0 4450.0 -1.43889
750.0 4450.0 -1.38425
850.0 4450.0 -1.28440
950.0 4450.0 -1.14570
1050.0 4450.0 -0.98131
1150.0 4450.0 -0.80752
1250.0 4450.0 -0.63805
1350.0 4450.0 -0.47646
1450.0 4450.0 -0.31929
1550.0 4450.0 -0.17670
1650.0 4450.0 -0.06223
1750.0 4450.0 0.01328
1850.0 4450.0 0.04458
1950.0 4450.0 0.03361
2050.0 4450.0 -0.01027
2150.0 4450.0 -0.07148
2250.0 4450.0 -0.13074
2350.0 4450.0 -0.16889
2450.0 4450.0 -0.17225
2550.0 4450.0 -0.13912
2650.0 4450.0 -0.08628
2750.0 4450.0 -0.01520
2850.0 4450.0 0.09317
2950.0 4450.0 0.24180
3050.0 4450.0 0.42145
3150.0 4450.0 0.61599
3250.0 4450.0 0.80692
3350.0 4450.0 0.97694
3450.0 4450.0 1.11269
3550.0 4450.0 1.20669
3650.0 4450.0 1.25833
3750.0 4450.0 1.27402
3850.0 4450.0 1.26652
3950.0 4450.0 1.25093
4050.0 4450.0 1.21984
4150.0 4450.0 1.15372
4250.0 4450.0 1.03829
4350.0 4450.0 0.86717
4450.0 4450.0 0.64297
4550.0 4450.0 0.37719
4650.0 4450.0 0.08868
4750.0 4450.0 -0.19903
4850.0 4450.0 -0.46187
4950.0 4450.0 -0.68054
5050.0 4450.0 -0.84719
5150.0 4450.0 -0.97336
5250.0 4450.0 -1.08834
5350.0 4450.0 -1.19037
5450.0 4450.0 -1.25879
5550.0 4450.0 -1.27288
5650.0 4450.0 -1.21847
5750.0 4450.0 -1.09208
5850.0 4450.0 -0.90265
5950.0 4450.0 -0.67084
6050.0 4450.0 -0.42584
6150.0 4450.0 -0.19984
6250.0 4450.0 -0.02002
6350.0 4450.0 0.10197
50.0 4550.0 -1.31672
150.0 4550.0 -1.26947
250.0 4550.0 -1.24785
350.0 4550.0 -1.25542
450.0 4550.0 -1.28054
550.0 4550.0 -1.30454
650.0 4550.0 -1.30815
750.0 4550.0 -1.27616
850.0 4550.0 -1.20032
950.0 4550.0 -1.08055
1050.0 4550.0 -0.92430
1150.0 4550.0 -0.74427
1250.0 4550.0 -0.55432
1350.0 4550.0 -0.36362
1450.0 4550.0 -0.17646
1550.0 4550.0 -0.00563
1650.0 4550.0 0.13219
1750.0 4550.0 0.22286
1850.0 4550.0 0.25883
1950.0 4550.0 0.24145
2050.0 4550.0 0.18141
2150.0 4550.0 0.09753
2250.0 4550.0 0.01364
2350.0 4550.0 -0.04623
2450.0 4550.0 -0.06446
2550.0 4550.0 -0.03823
2650.0 4550.0 0.01217
2750.0 4550.0 0.08275
2850.0 4550.0 0.19375
2950.0 4550.0 0.34735
3050.0 4550.0 0.53226
3150.0 4550.0 0.73002
3250.0 4550.0 0.92009
3350.0 4550.0 1.08396
3450.0 4550.0 1.20809
3550.0 4550.0 1.28579
3650.0 4550.0 1.31799
3750.0 4550.0 1.31295
3850.0 4550.0 1.28483
3950.0 4550.0 1.24894
4050.0 4550.0 1.19832
4150.0 4550.0 1.11562
4250.0 4550.0 0.98931
4350.0 4550.0 0.81526
4450.0 4550.0 0.59718
4550.0 4550.0 0.34611
4650.0 4550.0 0.07889
4750.0 4550.0 -0.18428
4850.0 4550.0 -0.42332
4950.0 4550.0 -0.62268
5050.0 4550.0 -0.77673
5150.0 4550.0 -0.89615
5250.0 4550.0 -1.00540
5350.0 4550.0 -1.10005
5450.0 4550.0 -1.16132
5550.0 4550.0 -1.17244
5650.0 4550.0 -1.12334
5750.0 4550.0 -1.01352
5850.0 4550.0 -0.85284
5950.0 4550.0 -0.66058
6050.0 4550.0 -0.46250
6150.0 4550.0 -0.28596
6250.0 4550.0 -0.15320
6350.0 4550.0 -0.07266
50.0 4650.0 -1.17515
150.0 4650.0 -1.08298
250.0 4650.0 -1.02540
350.0 4650.0 -1.01188
450.0 4650.0 -1.03330
550.0 4650.0 -1.07034
650.0 4650.0 -1.10025
750.0 4650.0 -1.10216
850.0 4650.0 -1.06083
950.0 4650.0 -0.96887
1050.0 4650.0 -0.82746
1150.0 4650.0 -0.64551
1250.0 4650.0 -0.43729
1350.0 4650.0 -0.21856
1450.0 4650.0 -0.00262
1550.0 4650.0 0.19441
1650.0 4650.0 0.35249
1750.0 4650.0 0.45430
1850.0 4650.0 0.49029
1950.0 4650.0 0.46162
2050.0 4650.0 0.38080
2150.0 4650.0 0.27025
2250.0 4650.0 0.15862
2350.0 4650.0 0.07500
2450.0 4650.0 0.04087
2550.0 4650.0 0.05993
2650.0 4650.0 0.10788
2750.0 4650.0 0.17658
2850.0 4650.0 0.28553
2950.0 4650.0 0.43537
3050.0 4650.0 0.61307
3150.0 4650.0 0.79877
3250.0 4650.0 0.97140
3350.0 4650.0 1.11285
3450.0 4650.0 1.21098
3550.0 4650.0 1.26117
3650.0 4650.0 1.26668
3750.0 4650.0 1.23759
3850.0 4650.0 1.18849
3950.0 4650.0 1.13323
4050.0 4650.0 1.06713
4150.0 4650.0 0.97773
4250.0 4650.0 0.85699
4350.0 4650.0 0.70230
4450.0 4650.0 0.51666
4550.0 4650.0 0.30822
4650.0 4650.0 0.08912
4750.0 4650.0 -0.12629
4850.0 4650.0 -0.32385
4950.0 4650.0 -0.49275
5050.0 4650.0 -0.62926
5150.0 4650.0 -0.74116
5250.0 4650.0 -0.84513
5350.0 4650.0 -0.93445
5450.0 4650.0 -0.99304
5550.0 4650.0 -1.00814
5650.0 4650.0 -0.97330
5750.0 4650.0 -0.89009
5850.0 4650.0 -0.76831
5950.0 4650.0 -0.62485
6050.0 4650.0 -0.48110
6150.0 4650.0 -0.35904
6250.0 4650.0 -0.27582
6350.0 4650.0 -0.23701
50.0 4750.0 -0.94483
150.0 4750.0 -0.81382
250.0 4750.0 -0.72706
350.0 4750.0 -0.70011
450.0 4750.0 -0.72625
550.0 4750.0 -0.78508
650.0 4750.0 -0.84997
750.0 4750.0 -0.89396
850.0 4750.0 -0.89449
950.0 4750.0 -0.83672
1050.0 4750.0 -0.71553
1150.0 4750.0 -0.53618
1250.0 4750.0 -0.31367
1350.0 4750.0 -0.07065
1450.0 4750.0 0.17016
1550.0 4750.0 0.38900
1650.0 4750.0 0.56262
1750.0 4750.0 0.67090
1850.0 4750.0 0.70281
1950.0 4750.0 0.65967
2050.0 4750.0 0.55603
2150.0 4750.0 0.41789
2250.0 4750.0 0.27854
2350.0 4750.0 0.17171
2450.0 4750.0 0.12234
2550.0 4750.0 0.13471
2650.0 4750.0 0.18046
2750.0 4750.0 0.24632
2850.0 4750.0 0.34957
2950.0 4750.0 0.48890
3050.0 4750.0 0.64989
3150.0 4750.0 0.81227
3250.0 4750.0 0.95563
3350.0 4750.0 1.06360
3450.0 4750.0 1.12656
3550.0 4750.0 1.14285
3650.0 4750.0 1.11840
3750.0 4750.0 1.06496
3850.0 4750.0 0.99670
3950.0 4750.0 0.92479
4050.0 4750.0 0.84827
4150.0 4750.0 0.76138
4250.0 4750.0 0.65990
4350.0 4750.0 0.54195
4450.0 4750.0 0.40834
4550.0 4750.0 0.26246
4650.0 4750.0 0.10991
4750.0 4750.0 -0.04236
4850.0 4750.0 -0.18726
4950.0 4750.0 -0.31907
5050.0 4750.0 -0.43550
5150.0 4750.0 -0.53997
5250.0 4750.0 -0.63947
5350.0 4750.0 -0.72504
5450.0 4750.0 -0.78346
5550.0 4750.0 -0.80551
5650.0 4750.0 -0.78774
5750.0 4750.0 -0.73313
5850.0 4750.0 -0.65091
5950.0 4750.0 -0.55533
6050.0 4750.0 -0.46351
6150.0 4750.0 -0.39233
6250.0 4750.0 -0.35436
6350.0 4750.0 -0.35276
50.0 4850.0 -0.67053
150.0 4850.0 -0.51008
250.0 4850.0 -0.40325
350.0 4850.0 -0.37131
450.0 4850.0 -0.40951
550.0 4850.0 -0.49619
650.0 4850.0 -0.60076
750.0 4850.0 -0.69037
850.0 4850.0 -0.73556
950.0 4850.0 -0.71460
1050.0 4850.0 -0.61667
1150.0 4850.0 -0.44390
1250.0 4850.0 -0.21216
1350.0 4850.0 0.04934
1450.0 4850.0 0.30901
1550.0 4850.0 0.54364
1650.0 4850.0 0.72721
1750.0 4850.0 0.83751
1850.0 4850.0 0.86251
1950.0 4850.0 0.80403
2050.0 4850.0 0.67856
2150.0 4850.0 0.51530
2250.0 4850.0 0.35142
2350.0 4850.0 0.22449
2450.0 4850.0 0.16217
2550.0 4850.0 0.16900
2650.0 4850.0 0.21299
2750.0 4850.0 0.27570
2850.0 4850.0 0.37136
2950.0 4850.0 0.49662
3050.0 4850.0 0.63618
3150.0 4850.0 0.77007
3250.0 4850.0 0.87936
3350.0 4850.0 0.95011
3450.0 4850.0 0.97577
3550.0 4850.0 0.95784
3650.0 4850.0 0.90490
3750.0 4850.0 0.82999
3850.0 4850.0 0.74631
3950.0 4850.0 0.66184
4050.0 4850.0 0.58008
4150.0 4850.0 0.50258
4250.0 4850.0 0.42876
4350.0 4850.0 0.35677
4450.0 4850.0 0.28429
4550.0 4850.0 0.20913
4650.0 4850.0 0.12966
4750.0 4850.0 0.04503
4850.0 4850.0 -0.04470
4950.0 4850.0 -0.13865
5050.0 4850.0 -0.23539
5150.0 4850.0 -0.33336
5250.0 4850.0 -0.42942
5350.0 4850.0 -0.51212
5450.0 4850.0 -0.57037
5550.0 4850.0 -0.59773
5650.0 4850.0 -0.59300
5750.0 4850.0 -0.56029
5850.0 4850.0 -0.50839
5950.0 4850.0 -0.44951
6050.0 4850.0 -0.39752
6150.0 4850.0 -0.36539
6250.0 4850.0 -0.36213
6350.0 4850.0 -0.38911
50.0 4950.0 -0.40253
150.0 4950.0 -0.22373
250.0 4950.0 -0.10675
350.0 4950.0 -0.07762
450.0 4950.0 -0.13306
550.0 4950.0 -0.25005
650.0 4950.0 -0.39439
750.0 4950.0 -0.52813
850.0 4950.0 -0.61595
950.0 4950.0 -0.63038
1050.0 4950.0 -0.55602
1150.0 4950.0 -0.39261
1250.0 4950.0 -0.15697
1350.0 4950.0 0.11611
1450.0 4950.0 0.38760
1550.0 4950.0 0.63136
1650.0 4950.0 0.81940
1750.0 4950.0 0.92813
1850.0 4950.0 0.94510
1950.0 4950.0 0.87276
2050.0 4950.0 0.72924
2150.0 4950.0 0.54616
2250.0 4950.0 0.36353
2350.0 4950.0 0.22161
2450.0 4950.0 0.14982
2550.0 4950.0 0.15273
2650.0 4950.0 0.19555
2750.0 4950.0 0.25543
2850.0 4950.0 0.34358
2950.0 4950.0 0.45493
3050.0 4950.0 0.57370
3150.0 4950.0 0.68066
3250.0 4950.0 0.75861
3350.0 4950.0 0.79611
3450.0 4950.0 0.78945
3550.0 4950.0 0.74293
3650.0 4950.0 0.66726
3750.0 4950.0 0.57636
3850.0 4950.0 0.48227
3950.0 4950.0 0.39000
4050.0 4950.0 0.30745
4150.0 4950.0 0.24289
4250.0 4950.0 0.19868
4350.0 4950.0 0.17249
4450.0 4950.0 0.15871
4550.0 4950.0 0.14974
4650.0 4950.0 0.13729
4750.0 4950.0 0.11362
4850.0 4950.0 0.07277
4950.0 4950.0 0.01171
5050.0 4950.0 -0.06850
5150.0 4950.0 -0.16161
5250.0 4950.0 -0.25532
5350.0 4950.0 -0.33514
5450.0 4950.0 -0.39084
5550.0 4950.0 -0.41763
5650.0 4950.0 -0.41599
5750.0 4950.0 -0.39117
5850.0 4950.0 -0.35224
5950.0 4950.0 -0.31077
6050.0 4950.0 -0.27906
6150.0 4950.0 -0.26805
6250.0 4950.0 -0.28467
6350.0 4950.0 -0.32896
50.0 5050.0 -0.18007
150.0 5050.0 0.00652
250.0 5050.0 0.12482
350.0 5050.0 0.14516
450.0 5050.0 0.06995
550.0 5050.0 -0.07649
650.0 5050.0 -0.25700
750.0 5050.0 -0.42959
850.0 5050.0 -0.55445
950.0 5050.0 -0.59987
1050.0 5050.0 -0.54715
1150.0 5050.0 -0.39444
1250.0 5050.0 -0.15951
1350.0 5050.0 0.11858
1450.0 5050.0 0.39520
1550.0 5050.0 0.64210
1650.0 5050.0 0.83011
1750.0 5050.0 0.93502
1850.0 5050.0 0.94441
1950.0 5050.0 0.86134
2050.0 5050.0 0.70511
2150.0 5050.0 0.50890
2250.0 5050.0 0.31436
2350.0 5050.0 0.16324
2450.0 5050.0 0.08584
2550.0 5050.0 0.08655
2650.0 5050.0 0.12879
2750.0 5050.0 0.18664
2850.0 5050.0 0.26894
2950.0 5050.0 0.36944
3050.0 5050.0 0.47226
3150.0 5050.0 0.55898
3250.0 5050.0 0.61392
3350.0 5050.0 0.62760
3450.0 5050.0 0.59846
3550.0 5050.0 0.53276
3650.0 5050.0 0.44261
3750.0 5050.0 0.34235
3850.0 5050.0 0.24298
3950.0 5050.0 0.14740
4050.0 5050.0 0.06718
4150.0 5050.0 0.01581
4250.0 5050.0 -0.00235
4350.0 5050.0 0.00963
4450.0 5050.0 0.04325
4550.0 5050.0 0.08653
4650.0 5050.0 0.12603
4750.0 5050.0 0.14882
4850.0 5050.0 0.14458
4950.0 5050.0 0.10764
5050.0 5050.0 0.03912
5150.0 5050.0 -0.05101
5250.0 5050.0 -0.14332
5350.0 5050.0 -0.21957
5450.0 5050.0 -0.26883
5550.0 5050.0 -0.28681
5650.0 5050.0 -0.27524
5750.0 5050.0 -0.24084
5850.0 5050.0 -0.19405
5950.0 5050.0 -0.14747
6050.0 5050.0 -0.11394
6150.0 5050.0 -0.10433
6250.0 5050.0 -0.12506
6350.0 5050.0 -0.17526
50.0 5150.0 -0.00948
150.0 5150.0 0.17778
250.0 5150.0 0.29172
350.0 5150.0 0.30004
450.0 5150.0 0.20463
550.0 5150.0 0.03101
650.0 5150.0 -0.18126
750.0 5150.0 -0.38707
850.0 5150.0 -0.54326
950.0 5150.0 -0.61506
1050.0 5150.0 -0.58149
1150.0 5150.0 -0.43971
1250.0 5150.0 -0.20835
1350.0 5150.0 0.07030
1450.0 5150.0 0.34756
1550.0 5150.0 0.59372
1650.0 5150.0 0.77906
1750.0 5150.0 0.87926
1850.0 5150.0 0.88215
1950.0 5150.0 0.79138
2050.0 5150.0 0.62700
2150.0 5150.0 0.42304
2250.0 5150.0 0.22194
2350.0 5150.0 0.06605
2450.0 5150.0 -0.01407
2550.0 5150.0 -0.01431
2650.0 5150.0 0.02777
2750.0 5150.0 0.08439
2850.0 5150.0 0.16281
2950.0 5150.0 0.25610
3050.0 5150.0 0.34849
3150.0 5150.0 0.42226
3250.0 5150.0 0.46285
3350.0 5150.0 0.46212
3450.0 5150.0 0.41988
3550.0 5150.0 0.34352
3650.0 5150.0 0.24592
3750.0 5150.0 0.14151
3850.0 5150.0 0.04056
3950.0 5150.0 -0.05534
4050.0 5150.0 -0.13171
4150.0 5150.0 -0.17138
4250.0 5150.0 -0.16880
4350.0 5150.0 -0.12781
4450.0 5150.0 -0.05921
4550.0 5150.0 0.02180
4650.0 5150.0 0.09807
4750.0 5150.0 0.15316
4850.0 5150.0 0.17390
4950.0 5150.0 0.15304
5050.0 5150.0 0.09196
5150.0 5150.0 0.00335
5250.0 5150.0 -0.08815
5350.0 5150.0 -0.16000
5450.0 5150.0 -0.19931
5550.0 5150.0 -0.20151
5650.0 5150.0 -0.16934
5750.0 5150.0 -0.11134
5850.0 5150.0 -0.04031
5950.0 5150.0 0.02879
6050.0 5150.0 0.08099
6150.0 5150.0 0.10391
6250.0 5150.0 0.09058
6350.0 5150.0 0.04255
50.0 5250.0 0.15147
150.0 5250.0 0.33619
250.0 5250.0 0.44341
350.0 5250.0 0.43867
450.0 5250.0 0.32358
550.0 5250.0 0.12477
650.0 5250.0 -0.11610
750.0 5250.0 -0.35133
850.0 5250.0 -0.53503
950.0 5250.0 -0.63002
1050.0 5250.0 -0.61358
1150.0 5250.0 -0.48221
1250.0 5250.0 -0.25538
1350.0 5250.0 0.02202
1450.0 5250.0 0.29784
1550.0 5250.0 0.54081
1650.0 5250.0 0.72070
1750.0 5250.0 0.81334
1850.0 5250.0 0.80718
1950.0 5250.0 0.70673
2050.0 5250.0 0.53298
2150.0 5250.0 0.32083
2250.0 5250.0 0.11342
2350.0 5250.0 -0.04654
2450.0 5250.0 -0.12850
2550.0 5250.0 -0.12885
2650.0 5250.0 -0.08618
2750.0 5250.0 -0.02986
2850.0 5250.0 0.04604
2950.0 5250.0 0.13403
3050.0 5250.0 0.21842
3150.0 5250.0 0.28209
3250.0 5250.0 0.31142
3350.0 5250.0 0.29940
3450.0 5250.0 0.24694
3550.0 5250.0 0.16242
3650.0 5250.0 0.05935
3750.0 5250.0 -0.04775
3850.0 5250.0 -0.14926
3950.0 5250.0 -0.24464
4050.0 5250.0 -0.31676
4150.0 5250.0 -0.34521
4250.0 5250.0 -0.32352
4350.0 5250.0 -0.25637
4450.0 5250.0 -0.15668
4550.0 5250.0 -0.04261
4650.0 5250.0 0.06551
4750.0 5250.0 0.14819
4850.0 5250.0 0.18991
4950.0 5250.0 0.18221
5050.0 5250.0 0.12682
5150.0 5250.0 0.03886
5250.0 5250.0 -0.05250
5350.0 5250.0 -0.12063
5450.0 5250.0 -0.15045
5550.0 5250.0 -0.13683
5650.0 5250.0 -0.08319
5750.0 5250.0 0.00019
5850.0 5250.0 0.09824
5950.0 5250.0 0.19338
6050.0 5250.0 0.26820
6150.0 5250.0 0.30839
6250.0 5250.0 0.30603
6350.0 5250.0 0.26315
50.0 5350.0 0.33363
150.0 5350.0 0.50663
250.0 5350.0 0.60050
350.0 5350.0 0.58033
450.0 5350.0 0.44814
550.0 5350.0 0.23147
650.0 5350.0 -0.02699
750.0 5350.0 -0.27854
850.0 5350.0 -0.47658
950.0 5350.0 -0.58355
1050.0 5350.0 -0.57676
1150.0 5350.0 -0.45313
1250.0 5350.0 -0.23277
1350.0 5350.0 0.03867
1450.0 5350.0 0.30703
1550.0 5350.0 0.53791
1650.0 5350.0 0.70028
1750.0 5350.0 0.77104
1850.0 5350.0 0.74076
1950.0 5350.0 0.61647
2050.0 5350.0 0.42159
2150.0 5350.0 0.19286
2250.0 5350.0 -0.02548
2350.0 5350.0 -0.19061
2450.0 5350.0 -0.27276
2550.0 5350.0 -0.26993
2650.0 5350.0 -0.22282
2750.0 5350.0 -0.16270
2850.0 5350.0 -0.08480
2950.0 5350.0 0.00269
3050.0 5350.0 0.08385
3150.0 5350.0 0.14181
3250.0 5350.0 0.16358
3350.0 5350.0 0.14313
3450.0 5350.0 0.08251
3550.0 5350.0 -0.00879
3650.0 5350.0 -0.11637
3750.0 5350.0 -0.22533
3850.0 5350.0 -0.32648
3950.0 5350.0 -0.42035
4050.0 5350.0 -0.48732
4150.0 5350.0 -0.50412
4250.0 5350.0 -0.46370
4350.0 5350.0 -0.37194
4450.0 5350.0 -0.24407
4550.0 5350.0 -0.10108
4650.0 5350.0 0.03377
4750.0 5350.0 0.13846
4850.0 5350.0 0.19569
4950.0 5350.0 0.19632
5050.0 5350.0 0.14280
5150.0 5350.0 0.05253
5250.0 5350.0 -0.04187
5350.0 5350.0 -0.11158
5450.0 5350.0 -0.13992
5550.0 5350.0 -0.12047
5650.0 5350.0 -0.05599
5750.0 5350.0 0.04312
5850.0 5350.0 0.16080
5950.0 5350.0 0.27779
6050.0 5350.0 0.37453
6150.0 5350.0 0.43450
6250.0 5350.0 0.44804
6350.0 5350.0 0.41661
50.0 5450.0 0.52932
150.0 5450.0 0.67611
250.0 5450.0 0.74628
350.0 5450.0 0.70717
450.0 5450.0 0.56232
550.0 5450.0 0.33976
650.0 5450.0 0.08161
750.0 5450.0 -0.16506
850.0 5450.0 -0.35613
950.0 5450.0 -0.45697
1050.0 5450.0 -0.44774
1150.0 5450.0 -0.32742
1250.0 5450.0 -0.11653
1350.0 5450.0 0.14152
1450.0 5450.0 0.39317
1550.0 5450.0 0.59903
1650.0 5450.0 0.72707
1750.0 5450.0 0.75668
1850.0 5450.0 0.68274
1950.0 5450.0 0.51708
2050.0 5450.0 0.28734
2150.0 5450.0 0.03326
2250.0 5450.0 -0.19968
2350.0 5450.0 -0.36914
2450.0 5450.0 -0.44748
2550.0 5450.0 -0.43581
2650.0 5450.0 -0.37821
2750.0 5450.0 -0.30788
2850.0 5450.0 -0.22106
2950.0 5450.0 -0.12688
3050.0 5450.0 -0.04198
3150.0 5450.0 0.01649
3250.0 5450.0 0.03581
3350.0 5450.0 0.01072
3450.0 5450.0 -0.05550
3550.0 5450.0 -0.15194
3650.0 5450.0 -0.26287
3750.0 5450.0 -0.37253
3850.0 5450.0 -0.47189
3950.0 5450.0 -0.56270
4050.0 5450.0 -0.62329
4150.0 5450.0 -0.62812
4250.0 5450.0 -0.57027
4350.0 5450.0 -0.45730
4450.0 5450.0 -0.30690
4550.0 5450.0 -0.14272
4650.0 5450.0 0.00965
4750.0 5450.0 0.12652
4850.0 5450.0 0.18985
4950.0 5450.0 0.19074
5050.0 5450.0 0.13282
5150.0 5450.0 0.03550
5250.0 5450.0 -0.06693
5350.0 5450.0 -0.14667
5450.0 5450.0 -0.18636
5550.0 5450.0 -0.17717
5650.0 5450.0 -0.11901
5750.0 5450.0 -0.01992
5850.0 5450.0 0.10524
5950.0 5450.0 0.23699
6050.0 5450.0 0.35414
6150.0 5450.0 0.43754
6250.0 5450.0 0.47457
6350.0 5450.0 0.46446
50.0 5550.0 0.71192
150.0 5550.0 0.81695
250.0 5550.0 0.85247
350.0 5550.0 0.79096
450.0 5550.0 0.63866
550.0 5550.0 0.42371
650.0 5550.0 0.18581
750.0 5550.0 -0.03248
850.0 5550.0 -0.19301
950.0 5550.0 -0.26768
1050.0 5550.0 -0.24258
1150.0 5550.0 -0.12056
1250.0 5550.0 0.07775
1350.0 5550.0 0.31445
1450.0 5550.0 0.53982
1550.0 5550.0 0.70830
1650.0 5550.0 0.78704
1750.0 5550.0 0.75944
1850.0 5550.0 0.62674
1950.0 5550.0 0.40746
2050.0 5550.0 0.13485
2150.0 5550.0 -0.14788
2250.0 5550.0 -0.39430
2350.0 5550.0 -0.56368
2450.0 5550.0 -0.63194
2550.0 5550.0 -0.60475
2650.0 5550.0 -0.53010
2750.0 5550.0 -0.44280
2850.0 5550.0 -0.33991
2950.0 5550.0 -0.23186
3050.0 5550.0 -0.13651
3150.0 5550.0 -0.07179
3250.0 5550.0 -0.05048
3350.0 5550.0 -0.07714
3450.0 5550.0 -0.14713
3550.0 5550.0 -0.24767
3650.0 5550.0 -0.36118
3750.0 5550.0 -0.47055
3850.0 5550.0 -0.56667
3950.0 5550.0 -0.65278
4050.0 5550.0 -0.70585
4150.0 5550.0 -0.69892
4250.0 5550.0 -0.62596
4350.0 5550.0 -0.49671
4450.0 5550.0 -0.33140
4550.0 5550.0 -0.15598
4650.0 5550.0 0.00242
4750.0 5550.0 0.11956
4850.0 5550.0 0.17782
4950.0 5550.0 0.16960
5050.0 5550.0 0.10025
5150.0 5550.0 -0.00924
5250.0 5550.0 -0.12510
5350.0 5550.0 -0.22404
5450.0 5550.0 -0.28912
5550.0 5550.0 -0.30791
5650.0 5550.0 -0.27506
5750.0 5550.0 -0.19357
5850.0 5550.0 -0.07467
5950.0 5550.0 0.06355
6050.0 5550.0 0.19892
6150.0 5550.0 0.30923
6250.0 5550.0 0.37763
6350.0 5550.0 0.39935
50.0 5650.0 0.85007
150.0 5650.0 0.90007
250.0 5650.0 0.89170
350.0 5650.0 0.80519
450.0 5650.0 0.65051
550.0 5650.0 0.45548
650.0 5650.0 0.25579
750.0 5650.0 0.08694
850.0 5650.0 -0.02199
950.0 5650.0 -0.05261
1050.0 5650.0 0.00039
1150.0 5650.0 0.12872
1250.0 5650.0 0.31190
1350.0 5650.0 0.52044
1450.0 5650.0 0.71177
1550.0 5650.0 0.83407
1650.0 5650.0 0.85437
1750.0 5650.0 0.76137
1850.0 5650.0 0.56402
1950.0 5650.0 0.28859
2050.0 5650.0 -0.02573
2150.0 5650.0 -0.33254
2250.0 5650.0 -0.58544
2350.0 5650.0 -0.74667
2450.0 5650.0 -0.79716
2550.0 5650.0 -0.74796
2650.0 5650.0 -0.65063
2750.0 5650.0 -0.54065
2850.0 5650.0 -0.41591
2950.0 5650.0 -0.28848
3050.0 5650.0 -0.17784
3150.0 5650.0 -0.10307
3250.0 5650.0 -0.07720
3350.0 5650.0 -0.10406
3450.0 5650.0 -0.17732
3550.0 5650.0 -0.28196
3650.0 5650.0 -0.39797
3750.0 5650.0 -0.50650
3850.0 5650.0 -0.59822
3950.0 5650.0 -0.67823
4050.0 5650.0 -0.72305
4150.0 5650.0 -0.70520
4250.0 5650.0 -0.62025
4350.0 5650.0 -0.48048
4450.0 5650.0 -0.30865
4550.0 5650.0 -0.13249
4650.0 5650.0 0.02018
4750.0 5650.0 0.12568
4850.0 5650.0 0.16802
4950.0 5650.0 0.14184
5050.0 5650.0 0.05467
5150.0 5650.0 -0.07145
5250.0 5650.0 -0.20538
5350.0 5650.0 -0.33153
5450.0 5650.0 -0.43436
5550.0 5650.0 -0.49683
5650.0 5650.0 -0.50628
5750.0 5650.0 -0.45826
5850.0 5650.0 -0.35825
5950.0 5650.0 -0.22146
6050.0 5650.0 -0.07043
6150.0 5650.0 0.06927
6250.0 5650.0 0.17549
6350.0 5650.0 0.23791
50.0 5750.0 0.91826
150.0 5750.0 0.90452
250.0 5750.0 0.84638
350.0 5750.0 0.73361
450.0 5750.0 0.58058
550.0 5750.0 0.41451
650.0 5750.0 0.26593
750.0 5750.0 0.16148
850.0 5750.0 0.11904
950.0 5750.0 0.14513
1050.0 5750.0 0.23459
1150.0 5750.0 0.37264
1250.0 5750.0 0.53915
1350.0 5750.0 0.71509
1450.0 5750.0 0.86779
1550.0 5750.0 0.94037
1650.0 5750.0 0.90072
1750.0 5750.0 0.74375
1850.0 5750.0 0.48656
1950.0 5750.0 0.16301
2050.0 5750.0 -0.18237
2150.0 5750.0 -0.50118
2250.0 5750.0 -0.74853
2350.0 5750.0 -0.89110
2450.0 5750.0 -0.91588
2550.0 5750.0 -0.83949
2650.0 5750.0 -0.71573
2750.0 5750.0 -0.57945
2850.0 5750.0 -0.42949
2950.0 5750.0 -0.27981
3050.0 5750.0 -0.15184
3150.0 5750.0 -0.06590
3250.0 5750.0 -0.03530
3350.0 5750.0 -0.06295
3450.0 5750.0 -0.14052
3550.0 5750.0 -0.25031
3650.0 5750.0 -0.36951
3750.0 5750.0 -0.47720
3850.0 5750.0 -0.56383
3950.0 5750.0 -0.63686
4050.0 5750.0 -0.67325
4150.0 5750.0 -0.64582
4250.0 5750.0 -0.55231
4350.0 5750.0 -0.40773
4450.0 5750.0 -0.23717
4550.0 5750.0 -0.06961
4650.0 5750.0 0.06724
4750.0 5750.0 0.15122
4850.0 5750.0 0.16892
4950.0 5750.0 0.11796
5050.0 5750.0 0.00831
5150.0 5750.0 -0.13747
5250.0 5750.0 -0.29254
5350.0 5750.0 -0.45134
5450.0 5750.0 -0.60044
5550.0 5750.0 -0.71757
5650.0 5750.0 -0.78136
5750.0 5750.0 -0.77824
5850.0 5750.0 -0.70649
5950.0 5750.0 -0.57731
6050.0 5750.0 -0.41315
6150.0 5750.0 -0.24304
6250.0 5750.0 -0.09514
6350.0 5750.0 0.01367
50.0 5850.0 0.90363
150.0 5850.0 0.82340
250.0 5850.0 0.71389
350.0 5850.0 0.57510
450.0 5850.0 0.42608
550.0 5850.0 0.29326
650.0 5850.0 0.20152
750.0 5850.0 0.16795
850.0 5850.0 0.19837
950.0 5850.0 0.28655
1050.0 5850.0 0.41620
1150.0 5850.0 0.56564
1250.0 5850.0 0.71521
1350.0 5850.0 0.85714
1450.0 5850.0 0.97050
1550.0 5850.0 0.99550
1650.0 5850.0 0.90213
1750.0 5850.0 0.69172
1850.0 5850.0 0.38903
1950.0 5850.0 0.03436
2050.0 5850.0 -0.32404
2150.0 5850.0 -0.63755
2250.0 5850.0 -0.86449
2350.0 5850.0 -0.97729
2450.0 5850.0 -0.96955
2550.0 5850.0 -0.86292
2650.0 5850.0 -0.71146
2750.0 5850.0 -0.54790
2850.0 5850.0 -0.37225
2950.0 5850.0 -0.20058
3050.0 5850.0 -0.05627
3150.0 5850.0 0.03914
3250.0 5850.0 0.07228
3350.0 5850.0 0.04143
3450.0 5850.0 -0.04279
3550.0 5850.0 -0.15965
3650.0 5850.0 -0.28332
3750.0 5850.0 -0.39070
3850.0 5850.0 -0.47216
3950.0 5850.0 -0.53796
4050.0 5850.0 -0.56629
4150.0 5850.0 -0.53091
4250.0 5850.0 -0.43200
4350.0 5850.0 -0.28726
4450.0 5850.0 -0.12383
4550.0 5850.0 0.02851
4650.0 5850.0 0.14280
4750.0 5850.0 0.19903
4850.0 5850.0 0.18694
4950.0 5850.0 0.10752
5050.0 5850.0 -0.02681
5150.0 5850.0 -0.19334
5250.0 5850.0 -0.37058
5350.0 5850.0 -0.56403
5450.0 5850.0 -0.76275
5550.0 5850.0 -0.93904
5650.0 5850.0 -1.06231
5750.0 5850.0 -1.10928
5850.0 5850.0 -1.07033
5950.0 5850.0 -0.95224
6050.0 5850.0 -0.77700
6150.0 5850.0 -0.57709
6250.0 5850.0 -0.38680
6350.0 5850.0 -0.22999
50.0 5950.0 0.80916
150.0 5950.0 0.66602
250.0 5950.0 0.50803
350.0 5950.0 0.34492
450.0 5950.0 0.20016
550.0 5950.0 0.09943
650.0 5950.0 0.06219
750.0 5950.0 0.09642
850.0 5950.0 0.19647
950.0 5950.0 0.34399
1050.0 5950.0 0.51210
1150.0 5950.0 0.67257
1250.0 5950.0 0.80621
1350.0 5950.0 0.91597
1450.0 5950.0 0.99324
1550.0 5950.0 0.97800
1650.0 5950.0 0.84350
1750.0 5950.0 0.59717
1850.0 5950.0 0.27000
1950.0 5950.0 -0.09321
2050.0 5950.0 -0.44274
2150.0 5950.0 -0.73178
2250.0 5950.0 -0.92346
2350.0 5950.0 -0.99686
2450.0 5950.0 -0.95220
2550.0 5950.0 -0.81497
2650.0 5950.0 -0.63722
2750.0 5950.0 -0.44818
2850.0 5950.0 -0.24932
2950.0 5950.0 -0.05888
3050.0 5950.0 0.09795
3150.0 5950.0 0.19871
3250.0 5950.0 0.23029
3350.0 5950.0 0.19249
3450.0 5950.0 0.09847
3550.0 5950.0 -0.02788
3650.0 5950.0 -0.15765
3750.0 5950.0 -0.26569
3850.0 5950.0 -0.34249
3950.0 5950.0 -0.40150
4050.0 5950.0 -0.42263
4150.0 5950.0 -0.38088
4250.0 5950.0 -0.27884
4350.0 5950.0 -0.13670
4450.0 5950.0 0.01670
4550.0 5950.0 0.15115
4650.0 5950.0 0.24070
4750.0 5950.0 0.26772
4850.0 5950.0 0.22516
4950.0 5950.0 0.11735
5050.0 5950.0 -0.04098
5150.0 5950.0 -0.22727
5250.0 5950.0 -0.42551
5350.0 5950.0 -0.65187
5450.0 5950.0 -0.89784
5550.0 5950.0 -1.13057
5650.0 5950.0 -1.31076
5750.0 5950.0 -1.40585
5850.0 5950.0 -1.39872
5950.0 5950.0 -1.29183
6050.0 5950.0 -1.10673
6150.0 5950.0 -0.87907
6250.0 5950.0 -0.64895
6350.0 5950.0 -0.44684
50.0 6050.0 0.65312
150.0 6050.0 0.45650
250.0 6050.0 0.25697
350.0 6050.0 0.07238
450.0 6050.0 -0.07006
550.0 6050.0 -0.14525
650.0 6050.0 -0.13816
750.0 6050.0 -0.04837
850.0 6050.0 0.10889
950.0 6050.0 0.30520
1050.0 6050.0 0.50479
1150.0 6050.0 0.67392
1250.0 6050.0 0.79376
1350.0 6050.0 0.87618
1450.0 6050.0 0.92401
1550.0 6050.0 0.87978
1650.0 6050.0 0.72087
1750.0 6050.0 0.45991
1850.0 6050.0 0.13214
1950.0 6050.0 -0.21567
2050.0 6050.0 -0.53466
2150.0 6050.0 -0.78180
2250.0 6050.0 -0.92623
2350.0 6050.0 -0.95400
2450.0 6050.0 -0.87128
2550.0 6050.0 -0.70591
2650.0 6050.0 -0.50574
2750.0 6050.0 -0.29552
2850.0 6050.0 -0.07848
2950.0 6050.0 0.12507
3050.0 6050.0 0.28846
3150.0 6050.0 0.38875
3250.0 6050.0 0.41351
3350.0 6050.0 0.36435
3450.0 6050.0 0.25713
3550.0 6050.0 0.11884
3650.0 6050.0 -0.01872
3750.0 6050.0 -0.12863
3850.0 6050.0 -0.20181
3950.0 6050.0 -0.25506
4050.0 6050.0 -0.27019
4150.0 6050.0 -0.22330
4250.0 6050.0 -0.11909
4350.0 6050.0 0.02019
4450.0 6050.0 0.16427
4550.0 6050.0 0.28266
4650.0 6050.0 0.35038
4750.0 6050.0 0.35185
4850.0 6050.0 0.28287
4950.0 6050.0 0.15060
5050.0 6050.0 -0.02828
5150.0 6050.0 -0.23138
5250.0 6050.0 -0.44742
5350.0 6050.0 -0.70146
5450.0 6050.0 -0.98690
5550.0 6050.0 -1.26653
5650.0 6050.0 -1.49366
5750.0 6050.0 -1.62799
5850.0 6050.0 -1.64617
5950.0 6050.0 -1.54719
6050.0 6050.0 -1.35234
6150.0 6050.0 -1.10009
6250.0 6050.0 -0.83554
6350.0 6050.0 -0.59470
50.0 6150.0 0.46492
150.0 6150.0 0.22854
250.0 6150.0 -0.00264
350.0 6150.0 -0.20517
450.0 6150.0 -0.34914
550.0 6150.0 -0.40968
650.0 6150.0 -0.37469
750.0 6150.0 -0.24889
850.0 6150.0 -0.05405
950.0 6150.0 0.17432
1050.0 6150.0 0.39425
1150.0 6150.0 0.56805
1250.0 6150.0 0.67698
1350.0 6150.0 0.73910
1450.0 6150.0 0.76650
1550.0 6150.0 0.70657
1650.0 6150.0 0.54131
1750.0 6150.0 0.28719
1850.0 6150.0 -0.01861
1950.0 6150.0 -0.32978
2050.0 6150.0 -0.60056
2150.0 6150.0 -0.79317
2250.0 6150.0 -0.88336
2350.0 6150.0 -0.86381
2450.0 6150.0 -0.74546
2550.0 6150.0 -0.55685
2650.0 6150.0 -0.33999
2750.0 6150.0 -0.11471
2850.0 6150.0 0.11377
2950.0 6150.0 0.32326
3050.0 6150.0 0.48608
3150.0 6150.0 0.57934
3250.0 6150.0 0.59174
3350.0 6150.0 0.52692
3450.0 6150.0 0.40342
3550.0 6150.0 0.25113
3650.0 6150.0 0.10434
3750.0 6150.0 -0.00871
3850.0 6150.0 -0.07966
3950.0 6150.0 -0.12862
4050.0 6150.0 -0.13905
4150.0 6150.0 -0.08771
4250.0 6150.0 0.01924
4350.0 6150.0 0.15795
4450.0 6150.0 0.29700
4550.0 6150.0 0.40549
4650.0 6150.0 0.45897
4750.0 6150.0 0.44322
4850.0 6150.0 0.35595
4950.0 6150.0 0.20639
5050.0 6150.0 0.01267
5150.0 6150.0 -0.20281
5250.0 6150.0 -0.43192
5350.0 6150.0 -0.70573
5450.0 6150.0 -1.01869
5550.0 6150.0 -1.33030
5650.0 6150.0 -1.58854
5750.0 6150.0 -1.74769
5850.0 6150.0 -1.78019
5950.0 6150.0 -1.68287
6050.0 6150.0 -1.47725
6150.0 6150.0 -1.20416
6250.0 6150.0 -0.91252
6350.0 6150.0 -0.64236
50.0 6250.0 0.27719
150.0 6250.0 0.01667
250.0 6250.0 -0.23511
350.0 6250.0 -0.45196
450.0 6250.0 -0.60249
550.0 6250.0 -0.66164
650.0 6250.0 -0.61843
750.0 6250.0 -0.47985
850.0 6250.0 -0.27080
950.0 6250.0 -0.03019
1050.0 6250.0 0.19679
1150.0 6250.0 0.37034
1250.0 6250.0 0.47156
1350.0 6250.0 0.52137
1450.0 6250.0 0.53810
1550.0 6250.0 0.47558
1650.0 6250.0 0.32041
1750.0 6250.0 0.09137
1850.0 6250.0 -0.17459
1950.0 6250.0 -0.43382
2050.0 6250.0 -0.64525
2150.0 6250.0 -0.77722
2250.0 6250.0 -0.81198
2350.0 6250.0 -0.74791
2450.0 6250.0 -0.59932
2550.0 6250.0 -0.39391
2650.0 6250.0 -0.16690
2750.0 6250.0 0.06659
2850.0 6250.0 0.29920
2950.0 6250.0 0.50717
3050.0 6250.0 0.66234
3150.0 6250.0 0.74237
3250.0 6250.0 0.73747
3350.0 6250.0 0.65345
3450.0 6250.0 0.51141
3550.0 6250.0 0.34375
3650.0 6250.0 0.18674
3750.0 6250.0 0.06945
3850.0 6250.0 -0.00076
3950.0 6250.0 -0.04711
4050.0 6250.0 -0.05407
4150.0 6250.0 0.00168
4250.0 6250.0 0.11329
4350.0 6250.0 0.25578
4450.0 6250.0 0.39674
4550.0 6250.0 0.50456
4650.0 6250.0 0.55460
4750.0 6250.0 0.53295
4850.0 6250.0 0.43814
4950.0 6250.0 0.28037
5050.0 6250.0 0.07872
5150.0 6250.0 -0.14401
5250.0 6250.0 -0.38079
5350.0 6250.0 -0.66520
5450.0 6250.0 -0.99173
5550.0 6250.0 -1.31773
5650.0 6250.0 -1.58827
5750.0 6250.0 -1.75491
5850.0 6250.0 -1.78825
5950.0 6250.0 -1.68459
6050.0 6250.0 -1.46625
6150.0 6250.0 -1.17601
6250.0 6250.0 -0.86532
6350.0 6250.0 -0.57644
50.0 6350.0 0.11424
150.0 6350.0 -0.15634
250.0 6350.0 -0.41880
350.0 6350.0 -0.64699
450.0 6350.0 -0.80904
550.0 6350.0 -0.87934
650.0 6350.0 -0.84637
750.0 6350.0 -0.71672
850.0 6350.0 -0.51518
950.0 6350.0 -0.28081
1050.0 6350.0 -0.05917
1150.0 6350.0 0.10946
1250.0 6350.0 0.20574
1350.0 6350.0 0.25046
1450.0 6350.0 0.26505
1550.0 6350.0 0.21046
1650.0 6350.0 0.07756
1750.0 6350.0 -0.11399
1850.0 6350.0 -0.32913
1950.0 6350.0 -0.52838
2050.0 6350.0 -0.67630
2150.0 6350.0 -0.74750
2250.0 6350.0 -0.73019
2350.0 6350.0 -0.62728
2450.0 6350.0 -0.45504
2550.0 6350.0 -0.23919
2650.0 6350.0 -0.00799
2750.0 6350.0 0.22761
2850.0 6350.0 0.45800
2950.0 6350.0 0.65816
3050.0 6350.0 0.79993
3150.0 6350.0 0.86197
3250.0 6350.0 0.83621
3350.0 6350.0 0.73070
3450.0 6350.0 0.56887
3550.0 6350.0 0.38524
3650.0 6350.0 0.21754
3750.0 6350.0 0.09522
3850.0 6350.0 0.02446
3950.0 6350.0 -0.02075
4050.0 6350.0 -0.02519
4150.0 6350.0 0.03543
4250.0 6350.0 0.15422
4350.0 6350.0 0.30558
4450.0 6350.0 0.45609
4550.0 6350.0 0.57304
4650.0 6350.0 0.63081
4750.0 6350.0 0.61476
4850.0 6350.0 0.52302
4950.0 6350.0 0.36587
5050.0 6350.0 0.16283
5150.0 6350.0 -0.06248
5250.0 6350.0 -0.30202
5350.0 6350.0 -0.58865
5450.0 6350.0 -0.91586
5550.0 6350.0 -1.23996
5650.0 6350.0 -1.50529
5750.0 6350.0 -1.66313
5850.0 6350.0 -1.68451
5950.0 6350.0 -1.56666
6050.0 6350.0 -1.33335
6150.0 6350.0 -1.02895
6250.0 6350.0 -0.70624
6350.0 6350.0 -0.40812
