50.0 50.0 0.00000
150.0 50.0 0.33594
250.0 50.0 0.47243
350.0 50.0 0.35897
450.0 50.0 0.09766
550.0 50.0 -0.11797
650.0 50.0 -0.11920
750.0 50.0 0.07108
850.0 50.0 0.31328
950.0 50.0 0.53844
1050.0 50.0 0.61790
1150.0 50.0 0.50098
1250.0 50.0 0.26691
1350.0 50.0 0.05505
1450.0 50.0 -0.08574
1550.0 50.0 -0.03160
1650.0 50.0 0.21953
1750.0 50.0 0.47797
1850.0 50.0 0.55287
1950.0 50.0 0.36826
2050.0 50.0 -0.00035
2150.0 50.0 -0.44517
2250.0 50.0 -0.93793
2350.0 50.0 -1.23188
2450.0 50.0 -1.13887
2550.0 50.0 -0.72284
2650.0 50.0 -0.24786
2750.0 50.0 0.11544
2850.0 50.0 0.44919
2950.0 50.0 0.66837
3050.0 50.0 0.66156
3150.0 50.0 0.44456
3250.0 50.0 0.17222
3350.0 50.0 0.01996
3450.0 50.0 -0.02140
3550.0 50.0 0.05671
3650.0 50.0 0.23608
3750.0 50.0 0.38634
3850.0 50.0 0.39700
3950.0 50.0 0.24595
4050.0 50.0 -0.00045
4150.0 50.0 -0.17668
4250.0 50.0 -0.04491
4350.0 50.0 0.30396
4450.0 50.0 0.60576
4550.0 50.0 0.63374
4650.0 50.0 0.32598
4750.0 50.0 -0.17610
4850.0 50.0 -0.79916
4950.0 50.0 -1.41818
5050.0 50.0 -1.67311
5150.0 50.0 -1.39629
5250.0 50.0 -0.77182
5350.0 50.0 -0.16541
5450.0 50.0 0.29432
5550.0 50.0 0.43078
5650.0 50.0 0.15383
5750.0 50.0 -0.30188
5850.0 50.0 -0.59741
5950.0 50.0 -0.48908
6050.0 50.0 0.00151
6150.0 50.0 0.59995
6250.0 50.0 1.14534
6350.0 50.0 1.37324
50.0 150.0 -0.01016
150.0 150.0 0.30729
250.0 150.0 0.41583
350.0 150.0 0.26544
450.0 150.0 -0.03512
550.0 150.0 -0.28438
650.0 150.0 -0.30899
750.0 150.0 -0.13494
850.0 150.0 0.08581
950.0 150.0 0.27971
1050.0 150.0 0.32548
1150.0 150.0 0.18183
1250.0 150.0 -0.06725
1350.0 150.0 -0.28447
1450.0 150.0 -0.42501
1550.0 150.0 -0.34313
1650.0 150.0 -0.02140
1750.0 150.0 0.33687
1850.0 150.0 0.50968
1950.0 150.0 0.39031
2050.0 150.0 0.04750
2150.0 150.0 -0.37116
2250.0 150.0 -0.79650
2350.0 150.0 -0.98740
2450.0 150.0 -0.78702
2550.0 150.0 -0.29247
2650.0 150.0 0.21622
2750.0 150.0 0.58379
2850.0 150.0 0.92499
2950.0 150.0 1.16693
3050.0 150.0 1.19776
3150.0 150.0 1.02393
3250.0 150.0 0.78728
3350.0 150.0 0.65527
3450.0 150.0 0.62399
3550.0 150.0 0.69111
3650.0 150.0 0.82761
3750.0 150.0 0.91411
3850.0 150.0 0.86358
3950.0 150.0 0.67636
4050.0 150.0 0.42313
4150.0 150.0 0.22746
4250.0 150.0 0.25909
4350.0 150.0 0.43320
4450.0 150.0 0.54364
4550.0 150.0 0.43064
4650.0 150.0 0.06938
4750.0 150.0 -0.42514
4850.0 150.0 -1.02318
4950.0 150.0 -1.59727
5050.0 150.0 -1.80081
5150.0 150.0 -1.48445
5250.0 150.0 -0.84272
5350.0 150.0 -0.23865
5450.0 150.0 0.21243
5550.0 150.0 0.34400
5650.0 150.0 0.06833
5750.0 150.0 -0.38173
5850.0 150.0 -0.67168
5950.0 150.0 -0.56234
6050.0 150.0 -0.07642
6150.0 150.0 0.52219
6250.0 150.0 1.09713
6350.0 150.0 1.39013
50.0 250.0 -0.18354
150.0 250.0 0.06841
250.0 250.0 0.18397
350.0 250.0 0.11274
450.0 250.0 -0.08547
550.0 250.0 -0.27155
650.0 250.0 -0.31147
750.0 250.0 -0.21047
850.0 250.0 -0.06131
950.0 250.0 0.09207
1050.0 250.0 0.14410
1150.0 250.0 0.04236
1250.0 250.0 -0.16388
1350.0 250.0 -0.37028
1450.0 250.0 -0.52267
1550.0 250.0 -0.45183
1650.0 250.0 -0.11317
1750.0 250.0 0.31228
1850.0 250.0 0.59402
1950.0 250.0 0.58916
2050.0 250.0 0.33588
2150.0 250.0 -0.00936
2250.0 250.0 -0.39975
2350.0 250.0 -0.61718
2450.0 250.0 -0.49349
2550.0 250.0 -0.08279
2650.0 250.0 0.38302
2750.0 250.0 0.75257
2850.0 250.0 1.10800
2950.0 250.0 1.39183
3050.0 250.0 1.50394
3150.0 250.0 1.43982
3250.0 250.0 1.31153
3350.0 250.0 1.25947
3450.0 250.0 1.28632
3550.0 250.0 1.37413
3650.0 250.0 1.46412
3750.0 250.0 1.44688
3850.0 250.0 1.27986
3950.0 250.0 1.01754
4050.0 250.0 0.75070
4150.0 250.0 0.53168
4250.0 250.0 0.44007
4350.0 250.0 0.41450
4450.0 250.0 0.33071
4550.0 250.0 0.10506
4650.0 250.0 -0.26014
4750.0 250.0 -0.69264
4850.0 250.0 -1.21123
4950.0 250.0 -1.70695
5050.0 250.0 -1.87401
5150.0 250.0 -1.58166
5250.0 250.0 -1.00304
5350.0 250.0 -0.45941
5450.0 250.0 -0.05216
5550.0 250.0 0.07123
5650.0 250.0 -0.15985
5750.0 250.0 -0.53205
5850.0 250.0 -0.75019
5950.0 250.0 -0.61158
6050.0 250.0 -0.14492
6150.0 250.0 0.41013
6250.0 250.0 0.90980
6350.0 250.0 1.13197
50.0 350.0 -0.42113
150.0 350.0 -0.28272
250.0 350.0 -0.13695
350.0 350.0 -0.03514
450.0 350.0 -0.01475
550.0 350.0 -0.06024
650.0 350.0 -0.11520
750.0 350.0 -0.14342
850.0 350.0 -0.11406
950.0 350.0 -0.00783
1050.0 350.0 0.09308
1150.0 350.0 0.10389
1250.0 350.0 -0.00062
1350.0 350.0 -0.17961
1450.0 350.0 -0.35723
1550.0 350.0 -0.35289
1650.0 350.0 -0.08941
1750.0 350.0 0.32029
1850.0 350.0 0.67658
1950.0 350.0 0.80913
2050.0 350.0 0.70270
2150.0 350.0 0.47955
2250.0 350.0 0.10508
2350.0 350.0 -0.24280
2450.0 350.0 -0.34999
2550.0 350.0 -0.16192
2650.0 350.0 0.19499
2750.0 350.0 0.56479
2850.0 350.0 0.92724
2950.0 350.0 1.22852
3050.0 350.0 1.40016
3150.0 350.0 1.44638
3250.0 350.0 1.45436
3350.0 350.0 1.52682
3450.0 350.0 1.65978
3550.0 350.0 1.81362
3650.0 350.0 1.88593
3750.0 350.0 1.76760
3850.0 350.0 1.46693
3950.0 350.0 1.11207
4050.0 350.0 0.82903
4150.0 350.0 0.59089
4250.0 350.0 0.39456
4350.0 350.0 0.21833
4450.0 350.0 0.02041
4550.0 350.0 -0.22597
4650.0 350.0 -0.51819
4750.0 350.0 -0.83294
4850.0 350.0 -1.21998
4950.0 350.0 -1.60806
5050.0 350.0 -1.75823
5150.0 350.0 -1.55702
5250.0 350.0 -1.12341
5350.0 350.0 -0.69802
5450.0 350.0 -0.36979
5550.0 350.0 -0.26666
5650.0 350.0 -0.43081
5750.0 350.0 -0.68030
5850.0 350.0 -0.78461
5950.0 350.0 -0.60177
6050.0 350.0 -0.17109
6150.0 350.0 0.29890
6250.0 350.0 0.62719
6350.0 350.0 0.65703
50.0 450.0 -0.55058
150.0 450.0 -0.54285
250.0 450.0 -0.37457
350.0 450.0 -0.09795
450.0 450.0 0.14605
550.0 450.0 0.24126
650.0 450.0 0.16118
750.0 450.0 -0.01386
850.0 450.0 -0.11759
950.0 450.0 -0.05727
1050.0 450.0 0.11000
1150.0 450.0 0.25914
1250.0 450.0 0.27707
1350.0 450.0 0.13144
1450.0 450.0 -0.07747
1550.0 450.0 -0.17963
1650.0 450.0 -0.07159
1750.0 450.0 0.22954
1850.0 450.0 0.58990
1950.0 450.0 0.83293
2050.0 450.0 0.88382
2150.0 450.0 0.80052
2250.0 450.0 0.45324
2350.0 450.0 -0.02569
2450.0 450.0 -0.37538
2550.0 450.0 -0.42464
2650.0 450.0 -0.18448
2750.0 450.0 0.18574
2850.0 450.0 0.53462
2950.0 450.0 0.78848
3050.0 450.0 0.92718
3150.0 450.0 0.99796
3250.0 450.0 1.09302
3350.0 450.0 1.28485
3450.0 450.0 1.53954
3550.0 450.0 1.79211
3650.0 450.0 1.89856
3750.0 450.0 1.73563
3850.0 450.0 1.34543
3950.0 450.0 0.92038
4050.0 450.0 0.62571
4150.0 450.0 0.38044
4250.0 450.0 0.13981
4350.0 450.0 -0.07456
4450.0 450.0 -0.25211
4550.0 450.0 -0.40608
4650.0 450.0 -0.56445
4750.0 450.0 -0.74152
4850.0 450.0 -0.98297
4950.0 450.0 -1.25922
5050.0 450.0 -1.40504
5150.0 450.0 -1.32165
5250.0 450.0 -1.06185
5350.0 450.0 -0.77333
5450.0 450.0 -0.53567
5550.0 450.0 -0.46824
5650.0 450.0 -0.58546
5750.0 450.0 -0.73320
5850.0 450.0 -0.74150
5950.0 450.0 -0.52693
6050.0 450.0 -0.14048
6150.0 450.0 0.23378
6250.0 450.0 0.37056
6350.0 450.0 0.18701
50.0 550.0 -0.47335
150.0 550.0 -0.57244
250.0 550.0 -0.41451
350.0 550.0 -0.05194
450.0 550.0 0.30939
550.0 550.0 0.47016
650.0 550.0 0.35124
750.0 550.0 0.06054
850.0 550.0 -0.14716
950.0 550.0 -0.12464
1050.0 550.0 0.09085
1150.0 550.0 0.34406
1250.0 550.0 0.45482
1350.0 550.0 0.33438
1450.0 550.0 0.09907
1550.0 550.0 -0.10901
1650.0 550.0 -0.17401
1750.0 550.0 -0.02468
1850.0 550.0 0.27911
1950.0 550.0 0.57445
2050.0 550.0 0.74090
2150.0 550.0 0.77385
2250.0 550.0 0.48735
2350.0 550.0 -0.02247
2450.0 550.0 -0.48026
2550.0 550.0 -0.65157
2650.0 550.0 -0.47446
2750.0 550.0 -0.10192
2850.0 550.0 0.21287
2950.0 550.0 0.35655
3050.0 550.0 0.36008
3150.0 550.0 0.34037
3250.0 550.0 0.42972
3350.0 550.0 0.69075
3450.0 550.0 1.04138
3550.0 550.0 1.39222
3650.0 550.0 1.57391
3750.0 550.0 1.43918
3850.0 550.0 1.03502
3950.0 550.0 0.58655
4050.0 550.0 0.28889
4150.0 550.0 0.04839
4250.0 550.0 -0.17398
4350.0 550.0 -0.32400
4450.0 550.0 -0.37960
4550.0 550.0 -0.37955
4650.0 550.0 -0.39758
4750.0 550.0 -0.46454
4850.0 550.0 -0.59234
4950.0 550.0 -0.77961
5050.0 550.0 -0.91879
5150.0 550.0 -0.92354
5250.0 550.0 -0.79641
5350.0 550.0 -0.61339
5450.0 550.0 -0.44753
5550.0 550.0 -0.42464
5650.0 550.0 -0.54333
5750.0 550.0 -0.66090
5850.0 550.0 -0.63780
5950.0 550.0 -0.42271
6050.0 550.0 -0.07524
6150.0 550.0 0.22938
6250.0 550.0 0.24121
6350.0 550.0 -0.06574
50.0 650.0 -0.21659
150.0 650.0 -0.37164
250.0 650.0 -0.26224
350.0 650.0 0.05998
450.0 650.0 0.38462
550.0 650.0 0.50562
650.0 650.0 0.33891
750.0 650.0 -0.00594
850.0 650.0 -0.26328
950.0 650.0 -0.26847
1050.0 650.0 -0.04793
1150.0 650.0 0.23514
1250.0 650.0 0.37616
1350.0 650.0 0.26340
1450.0 650.0 0.01473
1550.0 650.0 -0.25779
1650.0 650.0 -0.43883
1750.0 650.0 -0.40743
1850.0 650.0 -0.17345
1950.0 650.0 0.12009
2050.0 650.0 0.33295
2150.0 650.0 0.43104
2250.0 650.0 0.24084
2350.0 650.0 -0.15887
2450.0 650.0 -0.52469
2550.0 650.0 -0.64162
2650.0 650.0 -0.44436
2750.0 650.0 -0.06702
2850.0 650.0 0.20595
2950.0 650.0 0.21747
3050.0 650.0 0.03670
3150.0 650.0 -0.14743
3250.0 650.0 -0.14373
3350.0 650.0 0.12144
3450.0 650.0 0.51598
3550.0 650.0 0.93121
3650.0 650.0 1.19303
3750.0 650.0 1.13100
3850.0 650.0 0.77385
3950.0 650.0 0.34473
4050.0 650.0 0.05153
4150.0 650.0 -0.17974
4250.0 650.0 -0.35764
4350.0 650.0 -0.41419
4450.0 650.0 -0.34232
4550.0 650.0 -0.21706
4650.0 650.0 -0.14761
4750.0 650.0 -0.16336
4850.0 650.0 -0.23648
4950.0 650.0 -0.37108
5050.0 650.0 -0.48763
5150.0 650.0 -0.51181
5250.0 650.0 -0.43042
5350.0 650.0 -0.29002
5450.0 650.0 -0.15788
5550.0 650.0 -0.17623
5650.0 650.0 -0.34386
5750.0 650.0 -0.51022
5850.0 650.0 -0.52810
5950.0 650.0 -0.34347
6050.0 650.0 -0.01926
6150.0 650.0 0.26311
6250.0 650.0 0.26373
6350.0 650.0 -0.01911
50.0 750.0 0.10609
150.0 750.0 -0.06596
250.0 750.0 -0.02499
350.0 750.0 0.17844
450.0 750.0 0.36917
550.0 750.0 0.38507
650.0 750.0 0.16894
750.0 750.0 -0.18493
850.0 750.0 -0.45311
950.0 750.0 -0.48077
1050.0 750.0 -0.28957
1150.0 750.0 -0.03351
1250.0 750.0 0.09048
1350.0 750.0 -0.02776
1450.0 750.0 -0.27907
1550.0 750.0 -0.57411
1650.0 750.0 -0.80365
1750.0 750.0 -0.83216
1850.0 750.0 -0.64823
1950.0 750.0 -0.37952
2050.0 750.0 -0.16746
2150.0 750.0 -0.04308
2250.0 750.0 -0.11920
2350.0 750.0 -0.32058
2450.0 750.0 -0.46503
2550.0 750.0 -0.41176
2650.0 750.0 -0.13939
2750.0 750.0 0.24419
2850.0 750.0 0.47850
2950.0 750.0 0.36924
3050.0 750.0 0.00896
3150.0 750.0 -0.35328
3250.0 750.0 -0.46708
3350.0 750.0 -0.23734
3450.0 750.0 0.16178
3550.0 750.0 0.60705
3650.0 750.0 0.93213
3750.0 750.0 0.94955
3850.0 750.0 0.66148
3950.0 750.0 0.27059
4050.0 750.0 -0.01506
4150.0 750.0 -0.23895
4250.0 750.0 -0.37937
4350.0 750.0 -0.36760
4450.0 750.0 -0.21625
4550.0 750.0 -0.02662
4650.0 750.0 0.07467
4750.0 750.0 0.06644
4850.0 750.0 0.00681
4950.0 750.0 -0.09805
5050.0 750.0 -0.17620
5150.0 750.0 -0.16662
5250.0 750.0 -0.06633
5350.0 750.0 0.07688
5450.0 750.0 0.20253
5550.0 750.0 0.14987
5650.0 750.0 -0.08968
5750.0 750.0 -0.34681
5850.0 750.0 -0.44450
5950.0 750.0 -0.30518
6050.0 750.0 0.00843
6150.0 750.0 0.30207
6250.0 750.0 0.37070
6350.0 750.0 0.21329
50.0 850.0 0.23894
150.0 850.0 0.08823
250.0 850.0 0.10320
350.0 850.0 0.22492
450.0 850.0 0.30477
550.0 850.0 0.22499
650.0 850.0 -0.03581
750.0 850.0 -0.39171
850.0 850.0 -0.67268
950.0 850.0 -0.74449
1050.0 850.0 -0.61740
1150.0 850.0 -0.42128
1250.0 850.0 -0.33167
1350.0 850.0 -0.45303
1450.0 850.0 -0.69347
1550.0 850.0 -0.97531
1650.0 850.0 -1.19473
1750.0 850.0 -1.22281
1850.0 850.0 -1.04879
1950.0 850.0 -0.79419
2050.0 850.0 -0.59357
2150.0 850.0 -0.45655
2250.0 850.0 -0.42569
2350.0 850.0 -0.42580
2450.0 850.0 -0.33808
2550.0 850.0 -0.10307
2650.0 850.0 0.24896
2750.0 850.0 0.63625
2850.0 850.0 0.83904
2950.0 850.0 0.62841
3050.0 850.0 0.10050
3150.0 850.0 -0.45217
3250.0 850.0 -0.72064
3350.0 850.0 -0.57514
3450.0 850.0 -0.22024
3550.0 850.0 0.21715
3650.0 850.0 0.59692
3750.0 850.0 0.72021
3850.0 850.0 0.54702
3950.0 850.0 0.23069
4050.0 850.0 -0.03769
4150.0 850.0 -0.25614
4250.0 850.0 -0.37028
4350.0 850.0 -0.30214
4450.0 850.0 -0.07246
4550.0 850.0 0.19553
4650.0 850.0 0.35291
4750.0 850.0 0.37903
4850.0 850.0 0.37360
4950.0 850.0 0.35396
5050.0 850.0 0.35657
5150.0 850.0 0.40714
5250.0 850.0 0.49964
5350.0 850.0 0.60509
5450.0 850.0 0.68367
5550.0 850.0 0.55265
5650.0 850.0 0.19974
5750.0 850.0 -0.17799
5850.0 850.0 -0.37183
5950.0 850.0 -0.28768
6050.0 850.0 0.00331
6150.0 850.0 0.30417
6250.0 850.0 0.47191
6350.0 850.0 0.49741
50.0 950.0 0.00730
150.0 950.0 -0.04705
250.0 950.0 0.03928
350.0 950.0 0.17842
450.0 950.0 0.22023
550.0 950.0 0.08084
650.0 950.0 -0.21335
750.0 950.0 -0.56559
850.0 950.0 -0.86584
950.0 950.0 -1.01107
1050.0 950.0 -0.98789
1150.0 950.0 -0.88266
1250.0 950.0 -0.83600
1350.0 950.0 -0.94652
1450.0 950.0 -1.14982
1550.0 950.0 -1.35959
1650.0 950.0 -1.47790
1750.0 950.0 -1.41511
1850.0 950.0 -1.19284
1950.0 950.0 -0.93796
2050.0 950.0 -0.76446
2150.0 950.0 -0.64185
2250.0 950.0 -0.55289
2350.0 950.0 -0.41724
2450.0 950.0 -0.16154
2550.0 950.0 0.20894
2650.0 950.0 0.61813
2750.0 950.0 1.00176
2850.0 950.0 1.20126
2950.0 950.0 0.97078
3050.0 950.0 0.36250
3150.0 950.0 -0.34188
3250.0 950.0 -0.79711
3350.0 950.0 -0.81991
3450.0 950.0 -0.60733
3550.0 950.0 -0.26296
3650.0 950.0 0.13344
3750.0 950.0 0.38881
3850.0 950.0 0.39886
3950.0 950.0 0.21722
4050.0 950.0 -0.01633
4150.0 950.0 -0.23591
4250.0 950.0 -0.36060
4350.0 950.0 -0.28168
4450.0 950.0 0.00581
4550.0 950.0 0.37365
4650.0 950.0 0.64193
4750.0 950.0 0.76909
4850.0 950.0 0.90974
4950.0 950.0 1.08420
5050.0 950.0 1.23153
5150.0 950.0 1.30275
5250.0 950.0 1.29922
5350.0 950.0 1.26389
5450.0 950.0 1.20334
5550.0 950.0 0.91855
5650.0 950.0 0.41609
5750.0 950.0 -0.07504
5850.0 950.0 -0.33666
5950.0 950.0 -0.29482
6050.0 950.0 -0.04925
6150.0 950.0 0.23648
6250.0 950.0 0.52139
6350.0 950.0 0.77511
50.0 1050.0 -0.40239
150.0 1050.0 -0.30535
250.0 1050.0 -0.07419
350.0 1050.0 0.15924
450.0 1050.0 0.22143
550.0 1050.0 0.05292
650.0 1050.0 -0.26458
750.0 1050.0 -0.60866
850.0 1050.0 -0.92347
950.0 1050.0 -1.13388
1050.0 1050.0 -1.19949
1150.0 1050.0 -1.16359
1250.0 1050.0 -1.13662
1350.0 1050.0 -1.21672
1450.0 1050.0 -1.36482
1550.0 1050.0 -1.47302
1650.0 1050.0 -1.45406
1750.0 1050.0 -1.27324
1850.0 1050.0 -0.99455
1950.0 1050.0 -0.74805
2050.0 1050.0 -0.61675
2150.0 1050.0 -0.53759
2250.0 1050.0 -0.47400
2350.0 1050.0 -0.33581
2450.0 1050.0 -0.05555
2550.0 1050.0 0.34173
2650.0 1050.0 0.75845
2750.0 1050.0 1.13053
2850.0 1050.0 1.36984
2950.0 1050.0 1.24912
3050.0 1050.0 0.72900
3150.0 1050.0 0.00606
3250.0 1050.0 -0.58894
3350.0 1050.0 -0.81866
3450.0 1050.0 -0.82082
3550.0 1050.0 -0.64903
3650.0 1050.0 -0.30336
3750.0 1050.0 0.05199
3850.0 1050.0 0.24975
3950.0 1050.0 0.22122
4050.0 1050.0 0.03036
4150.0 1050.0 -0.20029
4250.0 1050.0 -0.38873
4350.0 1050.0 -0.37937
4450.0 1050.0 -0.10231
4550.0 1050.0 0.33966
4650.0 1050.0 0.74037
4750.0 1050.0 1.01519
4850.0 1050.0 1.36049
4950.0 1050.0 1.78263
5050.0 1050.0 2.08306
5150.0 1050.0 2.12208
5250.0 1050.0 1.93290
5350.0 1050.0 1.67382
5450.0 1050.0 1.41027
5550.0 1050.0 0.95199
5650.0 1050.0 0.35253
5750.0 1050.0 -0.14525
5850.0 1050.0 -0.36432
5950.0 1050.0 -0.30533
6050.0 1050.0 -0.11199
6150.0 1050.0 0.13225
6250.0 1050.0 0.49591
6350.0 1050.0 0.91878
50.0 1150.0 -0.68412
150.0 1150.0 -0.43493
250.0 1150.0 -0.05497
350.0 1150.0 0.27988
450.0 1150.0 0.37051
550.0 1150.0 0.17914
650.0 1150.0 -0.15887
750.0 1150.0 -0.49427
850.0 1150.0 -0.80972
950.0 1150.0 -1.04187
1050.0 1150.0 -1.13136
1150.0 1150.0 -1.09991
1250.0 1150.0 -1.04922
1350.0 1150.0 -1.08502
1450.0 1150.0 -1.17940
1550.0 1150.0 -1.20565
1650.0 1150.0 -1.09354
1750.0 1150.0 -0.85154
1850.0 1150.0 -0.56670
1950.0 1150.0 -0.35668
2050.0 1150.0 -0.27306
2150.0 1150.0 -0.25112
2250.0 1150.0 -0.28351
2350.0 1150.0 -0.26884
2450.0 1150.0 -0.10654
2550.0 1150.0 0.20699
2650.0 1150.0 0.58222
2750.0 1150.0 0.93904
2850.0 1150.0 1.25138
2950.0 1150.0 1.34408
3050.0 1150.0 1.06690
3150.0 1150.0 0.48012
3250.0 1150.0 -0.15116
3350.0 1150.0 -0.55468
3450.0 1150.0 -0.77323
3550.0 1150.0 -0.79997
3650.0 1150.0 -0.56350
3750.0 1150.0 -0.18352
3850.0 1150.0 0.13536
3950.0 1150.0 0.22269
4050.0 1150.0 0.06727
4150.0 1150.0 -0.18207
4250.0 1150.0 -0.47319
4350.0 1150.0 -0.60289
4450.0 1150.0 -0.41479
4550.0 1150.0 0.04040
4650.0 1150.0 0.54653
4750.0 1150.0 0.96632
4850.0 1150.0 1.50417
4950.0 1150.0 2.13635
5050.0 1150.0 2.53371
5150.0 1150.0 2.48444
5250.0 1150.0 2.07216
5350.0 1150.0 1.57738
5450.0 1150.0 1.11530
5550.0 1150.0 0.53521
5650.0 1150.0 -0.04507
5750.0 1150.0 -0.39996
5850.0 1150.0 -0.44437
5950.0 1150.0 -0.29440
6050.0 1150.0 -0.13897
6150.0 1150.0 0.04892
6250.0 1150.0 0.41538
6350.0 1150.0 0.87192
50.0 1250.0 -0.61651
150.0 1250.0 -0.26919
250.0 1250.0 0.19141
350.0 1250.0 0.56033
450.0 1250.0 0.63178
550.0 1250.0 0.39545
650.0 1250.0 0.03055
750.0 1250.0 -0.29994
850.0 1250.0 -0.60212
950.0 1250.0 -0.80608
1050.0 1250.0 -0.84772
1150.0 1250.0 -0.75541
1250.0 1250.0 -0.64614
1350.0 1250.0 -0.63862
1450.0 1250.0 -0.69937
1550.0 1250.0 -0.69940
1650.0 1250.0 -0.58939
1750.0 1250.0 -0.38947
1850.0 1250.0 -0.17390
1950.0 1250.0 -0.02934
2050.0 1250.0 0.01439
2150.0 1250.0 -0.01032
2250.0 1250.0 -0.14973
2350.0 1250.0 -0.29412
2450.0 1250.0 -0.29712
2550.0 1250.0 -0.10662
2650.0 1250.0 0.21114
2750.0 1250.0 0.55560
2850.0 1250.0 0.94238
2950.0 1250.0 1.25759
3050.0 1250.0 1.26201
3150.0 1250.0 0.88532
3250.0 1250.0 0.30934
3350.0 1250.0 -0.18503
3450.0 1250.0 -0.54976
3550.0 1250.0 -0.73024
3650.0 1250.0 -0.61389
3750.0 1250.0 -0.27801
3850.0 1250.0 0.06836
3950.0 1250.0 0.20328
4050.0 1250.0 0.06575
4150.0 1250.0 -0.20252
4250.0 1250.0 -0.59525
4350.0 1250.0 -0.87668
4450.0 1250.0 -0.81443
4550.0 1250.0 -0.40183
4650.0 1250.0 0.15206
4750.0 1250.0 0.66658
4850.0 1250.0 1.32220
4950.0 1250.0 2.06044
5050.0 1250.0 2.47119
5150.0 1250.0 2.31143
5250.0 1250.0 1.71548
5350.0 1250.0 1.05201
5450.0 1250.0 0.46127
5550.0 1250.0 -0.15171
5650.0 1250.0 -0.60990
5750.0 1250.0 -0.72849
5850.0 1250.0 -0.53173
5950.0 1250.0 -0.25141
6050.0 1250.0 -0.10786
6150.0 1250.0 0.03012
6250.0 1250.0 0.33613
6350.0 1250.0 0.70406
50.0 1350.0 -0.18781
150.0 1350.0 0.18259
250.0 1350.0 0.62638
350.0 1350.0 0.93006
450.0 1350.0 0.90928
550.0 1350.0 0.59177
650.0 1350.0 0.18863
750.0 1350.0 -0.14265
850.0 1350.0 -0.42545
950.0 1350.0 -0.57311
1050.0 1350.0 -0.52880
1150.0 1350.0 -0.34639
1250.0 1350.0 -0.17113
1350.0 1350.0 -0.13463
1450.0 1350.0 -0.18796
1550.0 1350.0 -0.22011
1650.0 1350.0 -0.20203
1750.0 1350.0 -0.13313
1850.0 1350.0 -0.04365
1950.0 1350.0 0.02181
2050.0 1350.0 0.04145
2150.0 1350.0 -0.00249
2250.0 1350.0 -0.19817
2350.0 1350.0 -0.43279
2450.0 1350.0 -0.53313
2550.0 1350.0 -0.41648
2650.0 1350.0 -0.13241
2750.0 1350.0 0.20716
2850.0 1350.0 0.63927
2950.0 1350.0 1.09275
3050.0 1350.0 1.28741
3150.0 1350.0 1.07804
3250.0 1350.0 0.58670
3350.0 1350.0 0.08465
3450.0 1350.0 -0.32812
3550.0 1350.0 -0.57651
3650.0 1350.0 -0.54068
3750.0 1350.0 -0.27311
3850.0 1350.0 0.03416
3950.0 1350.0 0.15752
4050.0 1350.0 0.02052
4150.0 1350.0 -0.25993
4250.0 1350.0 -0.71641
4350.0 1350.0 -1.10214
4450.0 1350.0 -1.14316
4550.0 1350.0 -0.79302
4650.0 1350.0 -0.24550
4750.0 1350.0 0.29717
4850.0 1350.0 0.97900
4950.0 1350.0 1.71542
5050.0 1350.0 2.07709
5150.0 1350.0 1.82864
5250.0 1350.0 1.13826
5350.0 1350.0 0.40942
5450.0 1350.0 -0.21803
5550.0 1350.0 -0.78989
5650.0 1350.0 -1.09284
5750.0 1350.0 -0.98627
5850.0 1350.0 -0.58022
5950.0 1350.0 -0.18435
6050.0 1350.0 -0.03026
6150.0 1350.0 0.08054
6250.0 1350.0 0.31004
6350.0 1350.0 0.54765
50.0 1450.0 0.39963
150.0 1450.0 0.75256
250.0 1450.0 1.12536
350.0 1450.0 1.30666
450.0 1450.0 1.14941
550.0 1450.0 0.72660
650.0 1450.0 0.27615
750.0 1450.0 -0.06050
850.0 1450.0 -0.32553
950.0 1450.0 -0.41340
1050.0 1450.0 -0.27752
1150.0 1450.0 -0.00176
1250.0 1450.0 0.23747
1350.0 1450.0 0.29588
1450.0 1450.0 0.23961
1550.0 1450.0 0.15291
1650.0 1450.0 0.04553
1750.0 1450.0 -0.04845
1850.0 1450.0 -0.10365
1950.0 1450.0 -0.11942
2050.0 1450.0 -0.11555
2150.0 1450.0 -0.16221
2250.0 1450.0 -0.37243
2350.0 1450.0 -0.63328
2450.0 1450.0 -0.76354
2550.0 1450.0 -0.67035
2650.0 1450.0 -0.39695
2750.0 1450.0 -0.05814
2850.0 1450.0 0.39962
2950.0 1450.0 0.93405
3050.0 1450.0 1.24999
3150.0 1450.0 1.16216
3250.0 1450.0 0.75234
3350.0 1450.0 0.27653
3450.0 1450.0 -0.13761
3550.0 1450.0 -0.40886
3650.0 1450.0 -0.42400
3750.0 1450.0 -0.22096
3850.0 1450.0 0.03071
3950.0 1450.0 0.12469
4050.0 1450.0 -0.01573
4150.0 1450.0 -0.30186
4250.0 1450.0 -0.79903
4350.0 1450.0 -1.26035
4450.0 1450.0 -1.38826
4550.0 1450.0 -1.10621
4650.0 1450.0 -0.58889
4750.0 1450.0 -0.04883
4850.0 1450.0 0.61867
4950.0 1450.0 1.30953
5050.0 1450.0 1.60309
5150.0 1450.0 1.28675
5250.0 1450.0 0.55134
5350.0 1450.0 -0.19132
5450.0 1450.0 -0.81223
5550.0 1450.0 -1.31757
5650.0 1450.0 -1.47392
5750.0 1450.0 -1.18191
5850.0 1450.0 -0.61563
5950.0 1450.0 -0.13412
6050.0 1450.0 0.03166
6150.0 1450.0 0.12447
6250.0 1450.0 0.28770
6350.0 1450.0 0.41500
50.0 1550.0 1.06682
150.0 1550.0 1.34682
250.0 1550.0 1.58190
350.0 1550.0 1.57419
450.0 1550.0 1.22872
550.0 1550.0 0.66859
650.0 1550.0 0.15132
750.0 1550.0 -0.20823
850.0 1550.0 -0.47548
950.0 1550.0 -0.52109
1050.0 1550.0 -0.29773
1150.0 1550.0 0.08453
1250.0 1550.0 0.41048
1350.0 1550.0 0.51062
1450.0 1550.0 0.46644
1550.0 1550.0 0.33807
1650.0 1550.0 0.11212
1750.0 1550.0 -0.14546
1850.0 1550.0 -0.35067
1950.0 1550.0 -0.45142
2050.0 1550.0 -0.46165
2150.0 1550.0 -0.50061
2250.0 1550.0 -0.68720
2350.0 1550.0 -0.91114
2450.0 1550.0 -1.00359
2550.0 1550.0 -0.88428
2650.0 1550.0 -0.60208
2750.0 1550.0 -0.26506
2850.0 1550.0 0.21685
2950.0 1550.0 0.83741
3050.0 1550.0 1.29032
3150.0 1550.0 1.34794
3250.0 1550.0 1.04411
3350.0 1550.0 0.61207
3450.0 1550.0 0.20844
3550.0 1550.0 -0.08050
3650.0 1550.0 -0.14627
3750.0 1550.0 -0.00420
3850.0 1550.0 0.20467
3950.0 1550.0 0.29142
4050.0 1550.0 0.17433
4150.0 1550.0 -0.09622
4250.0 1550.0 -0.64245
4350.0 1550.0 -1.22634
4450.0 1550.0 -1.51252
4550.0 1550.0 -1.36491
4650.0 1550.0 -0.91238
4750.0 1550.0 -0.38046
4850.0 1550.0 0.26635
4950.0 1550.0 0.90127
5050.0 1550.0 1.12069
5150.0 1550.0 0.74110
5250.0 1550.0 -0.02477
5350.0 1550.0 -0.76295
5450.0 1550.0 -1.35916
5550.0 1550.0 -1.78454
5650.0 1550.0 -1.80827
5750.0 1550.0 -1.38766
5850.0 1550.0 -0.75008
5950.0 1550.0 -0.27179
6050.0 1550.0 -0.15856
6150.0 1550.0 -0.12834
6250.0 1550.0 -0.01569
6350.0 1550.0 0.10756
50.0 1650.0 1.56023
150.0 1650.0 1.70236
250.0 1650.0 1.76254
350.0 1650.0 1.57074
450.0 1650.0 1.07452
550.0 1650.0 0.41706
650.0 1650.0 -0.15664
750.0 1650.0 -0.55994
850.0 1650.0 -0.86510
950.0 1650.0 -0.91833
1050.0 1650.0 -0.65146
1150.0 1650.0 -0.18285
1250.0 1650.0 0.23567
1350.0 1650.0 0.39695
1450.0 1650.0 0.38750
1550.0 1650.0 0.25632
1650.0 1650.0 -0.03176
1750.0 1650.0 -0.39379
1850.0 1650.0 -0.70339
1950.0 1650.0 -0.86496
2050.0 1650.0 -0.88151
2150.0 1650.0 -0.90198
2250.0 1650.0 -1.02938
2350.0 1650.0 -1.15954
2450.0 1650.0 -1.15478
2550.0 1650.0 -0.96733
2650.0 1650.0 -0.66118
2750.0 1650.0 -0.32873
2850.0 1650.0 0.16243
2950.0 1650.0 0.83631
3050.0 1650.0 1.38759
3150.0 1650.0 1.56279
3250.0 1650.0 1.35718
3350.0 1650.0 0.97883
3450.0 1650.0 0.60082
3550.0 1650.0 0.30375
3650.0 1650.0 0.19528
3750.0 1650.0 0.29192
3850.0 1650.0 0.48561
3950.0 1650.0 0.60147
4050.0 1650.0 0.54574
4150.0 1650.0 0.32671
4250.0 1650.0 -0.24590
4350.0 1650.0 -0.95570
4450.0 1650.0 -1.42868
4550.0 1650.0 -1.45234
4650.0 1650.0 -1.08740
4750.0 1650.0 -0.56813
4850.0 1650.0 0.05530
4950.0 1650.0 0.63659
5050.0 1650.0 0.79698
5150.0 1650.0 0.38282
5250.0 1650.0 -0.37954
5350.0 1650.0 -1.08460
5450.0 1650.0 -1.63281
5550.0 1650.0 -1.96752
5650.0 1650.0 -1.89357
5750.0 1650.0 -1.44209
5850.0 1650.0 -0.87251
5950.0 1650.0 -0.52921
6050.0 1650.0 -0.55909
6150.0 1650.0 -0.65863
6250.0 1650.0 -0.60274
6350.0 1650.0 -0.38673
50.0 1750.0 1.57999
150.0 1750.0 1.56482
250.0 1750.0 1.50382
350.0 1750.0 1.26096
450.0 1750.0 0.78097
550.0 1750.0 0.16139
650.0 1750.0 -0.41254
750.0 1750.0 -0.86609
850.0 1750.0 -1.23897
950.0 1750.0 -1.36092
1050.0 1750.0 -1.12602
1150.0 1750.0 -0.63420
1250.0 1750.0 -0.15530
1350.0 1750.0 0.06590
1450.0 1750.0 0.10525
1550.0 1750.0 0.01950
1650.0 1750.0 -0.23815
1750.0 1750.0 -0.59240
1850.0 1750.0 -0.91068
1950.0 1750.0 -1.08020
2050.0 1750.0 -1.09119
2150.0 1750.0 -1.09175
2250.0 1750.0 -1.16303
2350.0 1750.0 -1.20829
2450.0 1750.0 -1.11889
2550.0 1750.0 -0.87514
2650.0 1750.0 -0.55210
2750.0 1750.0 -0.22739
2850.0 1750.0 0.24684
2950.0 1750.0 0.89942
3050.0 1750.0 1.44309
3150.0 1750.0 1.63548
3250.0 1750.0 1.46660
3350.0 1750.0 1.12868
3450.0 1750.0 0.78425
3550.0 1750.0 0.48918
3650.0 1750.0 0.35381
3750.0 1750.0 0.42814
3850.0 1750.0 0.63424
3950.0 1750.0 0.80550
4050.0 1750.0 0.83232
4150.0 1750.0 0.69285
4250.0 1750.0 0.15363
4350.0 1750.0 -0.59814
4450.0 1750.0 -1.17588
4550.0 1750.0 -1.31484
4650.0 1750.0 -1.01607
4750.0 1750.0 -0.50864
4850.0 1750.0 0.09681
4950.0 1750.0 0.64687
5050.0 1750.0 0.78776
5150.0 1750.0 0.38552
5250.0 1750.0 -0.33454
5350.0 1750.0 -0.98489
5450.0 1750.0 -1.47379
5550.0 1750.0 -1.72219
5650.0 1750.0 -1.59099
5750.0 1750.0 -1.18806
5850.0 1750.0 -0.78412
5950.0 1750.0 -0.65836
6050.0 1750.0 -0.88108
6150.0 1750.0 -1.15253
6250.0 1750.0 -1.19407
6350.0 1750.0 -0.90189
50.0 1850.0 1.11835
150.0 1850.0 0.98293
250.0 1850.0 0.91133
350.0 1850.0 0.79573
450.0 1850.0 0.52506
550.0 1850.0 0.09024
650.0 1850.0 -0.41677
750.0 1850.0 -0.90896
850.0 1850.0 -1.35553
950.0 1850.0 -1.58136
1050.0 1850.0 -1.43916
1150.0 1850.0 -0.99121
1250.0 1850.0 -0.50204
1350.0 1850.0 -0.24166
1450.0 1850.0 -0.15642
1550.0 1850.0 -0.16848
1650.0 1850.0 -0.32373
1750.0 1850.0 -0.57384
1850.0 1850.0 -0.81380
1950.0 1850.0 -0.94224
2050.0 1850.0 -0.93896
2150.0 1850.0 -0.92829
2250.0 1850.0 -0.98258
2350.0 1850.0 -1.01106
2450.0 1850.0 -0.91273
2550.0 1850.0 -0.67030
2650.0 1850.0 -0.35498
2750.0 1850.0 -0.03964
2850.0 1850.0 0.39624
2950.0 1850.0 0.95707
3050.0 1850.0 1.38510
3150.0 1850.0 1.48385
3250.0 1850.0 1.27464
3350.0 1850.0 0.94920
3450.0 1850.0 0.63440
3550.0 1850.0 0.34593
3650.0 1850.0 0.19760
3750.0 1850.0 0.26615
3850.0 1850.0 0.49556
3950.0 1850.0 0.72269
4050.0 1850.0 0.82382
4150.0 1850.0 0.76719
4250.0 1850.0 0.32137
4350.0 1850.0 -0.35348
4450.0 1850.0 -0.89499
4550.0 1850.0 -1.03597
4650.0 1850.0 -0.75142
4750.0 1850.0 -0.25034
4850.0 1850.0 0.34724
4950.0 1850.0 0.89466
5050.0 1850.0 1.05556
5150.0 1850.0 0.70110
5250.0 1850.0 0.04333
5350.0 1850.0 -0.55070
5450.0 1850.0 -0.98760
5550.0 1850.0 -1.16623
5650.0 1850.0 -0.99912
5750.0 1850.0 -0.65805
5850.0 1850.0 -0.41726
5950.0 1850.0 -0.49316
6050.0 1850.0 -0.88818
6150.0 1850.0 -1.32361
6250.0 1850.0 -1.51248
6350.0 1850.0 -1.26211
50.0 1950.0 0.48316
150.0 1950.0 0.29838
250.0 1950.0 0.31266
350.0 1950.0 0.43229
450.0 1950.0 0.46419
550.0 1950.0 0.27665
650.0 1950.0 -0.12906
750.0 1950.0 -0.63732
850.0 1950.0 -1.13509
950.0 1950.0 -1.45018
1050.0 1950.0 -1.40635
1150.0 1950.0 -1.02945
1250.0 1950.0 -0.56565
1350.0 1950.0 -0.29331
1450.0 1950.0 -0.18065
1550.0 1950.0 -0.12986
1650.0 1950.0 -0.17915
1750.0 1950.0 -0.30829
1850.0 1950.0 -0.44899
1950.0 1950.0 -0.52343
2050.0 1950.0 -0.50612
2150.0 1950.0 -0.49760
2250.0 1950.0 -0.58551
2350.0 1950.0 -0.68160
2450.0 1950.0 -0.66530
2550.0 1950.0 -0.49112
2650.0 1950.0 -0.21006
2750.0 1950.0 0.09697
2850.0 1950.0 0.49202
2950.0 1950.0 0.94113
3050.0 1950.0 1.21430
3150.0 1950.0 1.17054
3250.0 1950.0 0.87848
3350.0 1950.0 0.54075
3450.0 1950.0 0.24203
3550.0 1950.0 -0.04400
3650.0 1950.0 -0.20239
3750.0 1950.0 -0.14069
3850.0 1950.0 0.09857
3950.0 1950.0 0.35517
4050.0 1950.0 0.49752
4150.0 1950.0 0.49938
4250.0 1950.0 0.16787
4350.0 1950.0 -0.35323
4450.0 1950.0 -0.74935
4550.0 1950.0 -0.79445
4650.0 1950.0 -0.47487
4750.0 1950.0 0.02661
4850.0 1950.0 0.62461
4950.0 1950.0 1.18558
5050.0 1950.0 1.38011
5150.0 1950.0 1.07480
5250.0 1950.0 0.46687
5350.0 1950.0 -0.09086
5450.0 1950.0 -0.49743
5550.0 1950.0 -0.62452
5650.0 1950.0 -0.40920
5750.0 1950.0 -0.06651
5850.0 1950.0 0.11499
5950.0 1950.0 -0.05586
6050.0 1950.0 -0.54381
6150.0 1950.0 -1.08893
6250.0 1950.0 -1.45181
6350.0 1950.0 -1.38817
50.0 2050.0 -0.00035
150.0 2050.0 -0.17425
250.0 2050.0 -0.03808
350.0 2050.0 0.31521
450.0 2050.0 0.61846
550.0 2050.0 0.64390
650.0 2050.0 0.33106
750.0 2050.0 -0.17392
850.0 2050.0 -0.69020
950.0 2050.0 -1.04932
1050.0 2050.0 -1.06446
1150.0 2050.0 -0.74121
1250.0 2050.0 -0.30900
1350.0 2050.0 -0.04286
1450.0 2050.0 0.07636
1550.0 2050.0 0.15478
1650.0 2050.0 0.16078
1750.0 2050.0 0.09986
1850.0 2050.0 0.01796
1950.0 2050.0 -0.02387
2050.0 2050.0 0.00047
2150.0 2050.0 -0.00322
2250.0 2050.0 -0.15806
2350.0 2050.0 -0.37512
2450.0 2050.0 -0.49667
2550.0 2050.0 -0.43030
2650.0 2050.0 -0.19783
2750.0 2050.0 0.10340
2850.0 2050.0 0.47096
2950.0 2050.0 0.83734
3050.0 2050.0 0.98932
3150.0 2050.0 0.82680
3250.0 2050.0 0.45775
3350.0 2050.0 0.09816
3450.0 2050.0 -0.19842
3550.0 2050.0 -0.49071
3650.0 2050.0 -0.66622
3750.0 2050.0 -0.62538
3850.0 2050.0 -0.40146
3950.0 2050.0 -0.14877
4050.0 2050.0 -0.00027
4150.0 2050.0 0.02711
4250.0 2050.0 -0.20993
4350.0 2050.0 -0.57223
4450.0 2050.0 -0.79442
4550.0 2050.0 -0.70794
4650.0 2050.0 -0.33151
4750.0 2050.0 0.17460
4850.0 2050.0 0.77566
4950.0 2050.0 1.34854
5050.0 2050.0 1.56347
5150.0 2050.0 1.28156
5250.0 2050.0 0.69257
5350.0 2050.0 0.14487
5450.0 2050.0 -0.25290
5550.0 2050.0 -0.33857
5650.0 2050.0 -0.04328
5750.0 2050.0 0.39057
5850.0 2050.0 0.64080
5950.0 2050.0 0.49633
6050.0 2050.0 -0.00100
6150.0 2050.0 -0.59398
6250.0 2050.0 -1.12602
6350.0 2050.0 -1.34000
50.0 2150.0 -0.30271
150.0 2150.0 -0.44737
250.0 2150.0 -0.21339
350.0 2150.0 0.30415
450.0 2150.0 0.79063
550.0 2150.0 0.96004
650.0 2150.0 0.71688
750.0 2150.0 0.22788
850.0 2150.0 -0.28368
950.0 2150.0 -0.65319
1050.0 2150.0 -0.69305
1150.0 2150.0 -0.39946
1250.0 2150.0 0.01080
1350.0 2150.0 0.27021
1450.0 2150.0 0.39318
1550.0 2150.0 0.49948
1650.0 2150.0 0.56391
1750.0 2150.0 0.57395
1850.0 2150.0 0.55022
1950.0 2150.0 0.53613
2050.0 2150.0 0.55994
2150.0 2150.0 0.53470
2250.0 2150.0 0.29834
2350.0 2150.0 -0.05890
2450.0 2150.0 -0.33823
2550.0 2150.0 -0.39609
2650.0 2150.0 -0.22296
2750.0 2150.0 0.06562
2850.0 2150.0 0.40275
2950.0 2150.0 0.69095
3050.0 2150.0 0.73131
3150.0 2150.0 0.45906
3250.0 2150.0 0.01623
3350.0 2150.0 -0.36945
3450.0 2150.0 -0.67045
3550.0 2150.0 -0.96641
3650.0 2150.0 -1.14638
3750.0 2150.0 -1.11208
3850.0 2150.0 -0.89677
3950.0 2150.0 -0.65341
4050.0 2150.0 -0.51354
4150.0 2150.0 -0.47598
4250.0 2150.0 -0.62936
4350.0 2150.0 -0.84157
4450.0 2150.0 -0.90100
4550.0 2150.0 -0.69941
4650.0 2150.0 -0.28752
4750.0 2150.0 0.19953
4850.0 2150.0 0.77594
4950.0 2150.0 1.33498
5050.0 2150.0 1.56228
5150.0 2150.0 1.31974
5250.0 2150.0 0.78004
5350.0 2150.0 0.27010
5450.0 2150.0 -0.09761
5550.0 2150.0 -0.12527
5650.0 2150.0 0.26262
5750.0 2150.0 0.80128
5850.0 2150.0 1.13912
5950.0 2150.0 1.04611
6050.0 2150.0 0.56818
6150.0 2150.0 -0.04529
6250.0 2150.0 -0.73452
6350.0 2150.0 -1.24360
50.0 2250.0 -0.20481
150.0 2250.0 -0.29765
250.0 2250.0 -0.06444
350.0 2250.0 0.39804
450.0 2250.0 0.80945
550.0 2250.0 0.92987
650.0 2250.0 0.69457
750.0 2250.0 0.25672
850.0 2250.0 -0.19489
950.0 2250.0 -0.50579
1050.0 2250.0 -0.50522
1150.0 2250.0 -0.19658
1250.0 2250.0 0.21298
1350.0 2250.0 0.47370
1450.0 2250.0 0.60955
1550.0 2250.0 0.78071
1650.0 2250.0 0.96889
1750.0 2250.0 1.11620
1850.0 2250.0 1.19054
1950.0 2250.0 1.20671
2050.0 2250.0 1.20605
2150.0 2250.0 1.13350
2250.0 2250.0 0.80286
2350.0 2250.0 0.30465
2450.0 2250.0 -0.13055
2550.0 2250.0 -0.31882
2650.0 2250.0 -0.22524
2750.0 2250.0 0.02078
2850.0 2250.0 0.30127
2950.0 2250.0 0.49839
3050.0 2250.0 0.42905
3150.0 2250.0 0.05652
3250.0 2250.0 -0.45536
3350.0 2250.0 -0.87591
3450.0 2250.0 -1.19452
3550.0 2250.0 -1.47604
3650.0 2250.0 -1.60408
3750.0 2250.0 -1.50695
3850.0 2250.0 -1.25062
3950.0 2250.0 -1.00744
4050.0 2250.0 -0.90253
4150.0 2250.0 -0.88219
4250.0 2250.0 -0.96213
4350.0 2250.0 -1.03917
4450.0 2250.0 -0.98085
4550.0 2250.0 -0.74474
4650.0 2250.0 -0.39722
4750.0 2250.0 -0.03010
4850.0 2250.0 0.40411
4950.0 2250.0 0.84262
5050.0 2250.0 1.05903
5150.0 2250.0 0.94386
5250.0 2250.0 0.60695
5350.0 2250.0 0.27448
5450.0 2250.0 0.04459
5550.0 2250.0 0.13999
5650.0 2250.0 0.61090
5750.0 2250.0 1.18270
5850.0 2250.0 1.52434
5950.0 2250.0 1.44617
6050.0 2250.0 1.01933
6150.0 2250.0 0.44027
6250.0 2250.0 -0.34276
6350.0 2250.0 -1.09453
50.0 2350.0 0.21150
150.0 2350.0 0.19494
250.0 2350.0 0.34351
350.0 2350.0 0.55895
450.0 2350.0 0.66814
550.0 2350.0 0.57057
650.0 2350.0 0.29141
750.0 2350.0 -0.06033
850.0 2350.0 -0.40451
950.0 2350.0 -0.60951
1050.0 2350.0 -0.53493
1150.0 2350.0 -0.19755
1250.0 2350.0 0.21201
1350.0 2350.0 0.47546
1450.0 2350.0 0.63100
1550.0 2350.0 0.88139
1650.0 2350.0 1.20815
1750.0 2350.0 1.49448
1850.0 2350.0 1.65008
1950.0 2350.0 1.66782
2050.0 2350.0 1.61324
2150.0 2350.0 1.47730
2250.0 2350.0 1.08617
2350.0 2350.0 0.52887
2450.0 2350.0 0.03307
2550.0 2350.0 -0.21917
2650.0 2350.0 -0.19274
2750.0 2350.0 -0.01530
2850.0 2350.0 0.19662
2950.0 2350.0 0.33272
3050.0 2350.0 0.21919
3150.0 2350.0 -0.18078
3250.0 2350.0 -0.71453
3350.0 2350.0 -1.16492
3450.0 2350.0 -1.51437
3550.0 2350.0 -1.77057
3650.0 2350.0 -1.80696
3750.0 2350.0 -1.59900
3850.0 2350.0 -1.27066
3950.0 2350.0 -1.02845
4050.0 2350.0 -0.98610
4150.0 2350.0 -1.01184
4250.0 2350.0 -1.03904
4350.0 2350.0 -1.01463
4450.0 2350.0 -0.90414
4550.0 2350.0 -0.72896
4650.0 2350.0 -0.55070
4750.0 2350.0 -0.40278
4850.0 2350.0 -0.23268
4950.0 2350.0 -0.04116
5050.0 2350.0 0.10838
5150.0 2350.0 0.17323
5250.0 2350.0 0.16668
5350.0 2350.0 0.14097
5450.0 2350.0 0.15224
5550.0 2350.0 0.41563
5650.0 2350.0 0.91847
5750.0 2350.0 1.39968
5850.0 2350.0 1.61580
5950.0 2350.0 1.49018
6050.0 2350.0 1.14023
6150.0 2350.0 0.66277
6250.0 2350.0 -0.08271
6350.0 2350.0 -0.90209
50.0 2450.0 0.62564
150.0 2450.0 0.69584
250.0 2450.0 0.75142
350.0 2450.0 0.69241
450.0 2450.0 0.46540
550.0 2450.0 0.12563
650.0 2450.0 -0.20124
750.0 2450.0 -0.45565
850.0 2450.0 -0.68691
950.0 2450.0 -0.79880
1050.0 2450.0 -0.68028
1150.0 2450.0 -0.35014
1250.0 2450.0 0.03281
1350.0 2450.0 0.29084
1450.0 2450.0 0.46530
1550.0 2450.0 0.77018
1650.0 2450.0 1.17458
1750.0 2450.0 1.51626
1850.0 2450.0 1.67374
1950.0 2450.0 1.64290
2050.0 2450.0 1.51757
2150.0 2450.0 1.32554
2250.0 2450.0 0.94575
2350.0 2450.0 0.46401
2450.0 2450.0 0.06062
2550.0 2450.0 -0.13912
2650.0 2450.0 -0.13326
2750.0 2450.0 -0.02790
2850.0 2450.0 0.13019
2950.0 2450.0 0.27110
3050.0 2450.0 0.21783
3150.0 2450.0 -0.10302
3250.0 2450.0 -0.58782
3350.0 2450.0 -1.04839
3450.0 2450.0 -1.43305
3550.0 2450.0 -1.66981
3650.0 2450.0 -1.62324
3750.0 2450.0 -1.31658
3850.0 2450.0 -0.93031
3950.0 2450.0 -0.70235
4050.0 2450.0 -0.73327
4150.0 2450.0 -0.81645
4250.0 2450.0 -0.81137
4350.0 2450.0 -0.72110
4450.0 2450.0 -0.60679
4550.0 2450.0 -0.54325
4650.0 2450.0 -0.57526
4750.0 2450.0 -0.67706
4850.0 2450.0 -0.81675
4950.0 2450.0 -0.93951
5050.0 2450.0 -0.91791
5150.0 2450.0 -0.70186
5250.0 2450.0 -0.36993
5350.0 2450.0 -0.06004
5450.0 2450.0 0.22059
5550.0 2450.0 0.64049
5650.0 2450.0 1.10434
5750.0 2450.0 1.38649
5850.0 2450.0 1.37531
5950.0 2450.0 1.14833
6050.0 2450.0 0.87602
6150.0 2450.0 0.53827
6250.0 2450.0 -0.03794
6350.0 2450.0 -0.70755
50.0 2550.0 0.72741
150.0 2550.0 0.87455
250.0 2550.0 0.90752
350.0 2550.0 0.72410
450.0 2550.0 0.33636
550.0 2550.0 -0.11366
650.0 2550.0 -0.44308
750.0 2550.0 -0.61918
850.0 2550.0 -0.77634
950.0 2550.0 -0.85816
1050.0 2550.0 -0.76850
1150.0 2550.0 -0.50691
1250.0 2550.0 -0.18669
1350.0 2550.0 0.05366
1450.0 2550.0 0.23938
1550.0 2550.0 0.55174
1650.0 2550.0 0.93807
1750.0 2550.0 1.22180
1850.0 2550.0 1.29156
1950.0 2550.0 1.17314
2050.0 2550.0 0.98323
2150.0 2550.0 0.76049
2250.0 2550.0 0.45504
2350.0 2550.0 0.14889
2450.0 2550.0 -0.05057
2550.0 2550.0 -0.10701
2650.0 2550.0 -0.07160
2750.0 2550.0 -0.01767
2850.0 2550.0 0.11782
2950.0 2550.0 0.32218
3050.0 2550.0 0.40481
3150.0 2550.0 0.23446
3250.0 2550.0 -0.15277
3350.0 2550.0 -0.60218
3450.0 2550.0 -1.01504
3550.0 2550.0 -1.25076
3650.0 2550.0 -1.17141
3750.0 2550.0 -0.82888
3850.0 2550.0 -0.43363
3950.0 2550.0 -0.23682
4050.0 2550.0 -0.32848
4150.0 2550.0 -0.45620
4250.0 2550.0 -0.42605
4350.0 2550.0 -0.28459
4450.0 2550.0 -0.16723
4550.0 2550.0 -0.19020
4650.0 2550.0 -0.38527
4750.0 2550.0 -0.68101
4850.0 2550.0 -1.07297
4950.0 2550.0 -1.47684
5050.0 2550.0 -1.61020
5150.0 2550.0 -1.33259
5250.0 2550.0 -0.77535
5350.0 2550.0 -0.21706
5450.0 2550.0 0.27008
5550.0 2550.0 0.78749
5650.0 2550.0 1.16741
5750.0 2550.0 1.22604
5850.0 2550.0 0.97748
5950.0 2550.0 0.63775
6050.0 2550.0 0.41903
6150.0 2550.0 0.20650
6250.0 2550.0 -0.15237
6350.0 2550.0 -0.55236
50.0 2650.0 0.39375
150.0 2650.0 0.59345
250.0 2650.0 0.71091
350.0 2650.0 0.64115
450.0 2650.0 0.37304
550.0 2650.0 0.02227
650.0 2650.0 -0.24256
750.0 2650.0 -0.37839
850.0 2650.0 -0.52144
950.0 2650.0 -0.64846
1050.0 2650.0 -0.65904
1150.0 2650.0 -0.51528
1250.0 2650.0 -0.28139
1350.0 2650.0 -0.06760
1450.0 2650.0 0.11944
1550.0 2650.0 0.39863
1650.0 2650.0 0.69476
1750.0 2650.0 0.84692
1850.0 2650.0 0.78419
1950.0 2650.0 0.57456
2050.0 2650.0 0.34581
2150.0 2650.0 0.12049
2250.0 2650.0 -0.09546
2350.0 2650.0 -0.22279
2450.0 2650.0 -0.21770
2550.0 2650.0 -0.12208
2650.0 2650.0 -0.03432
2750.0 2650.0 0.00066
2850.0 2650.0 0.14232
2950.0 2650.0 0.42530
3050.0 2650.0 0.64358
3150.0 2650.0 0.61533
3250.0 2650.0 0.32177
3350.0 2650.0 -0.10658
3450.0 2650.0 -0.53336
3550.0 2650.0 -0.78784
3650.0 2650.0 -0.73722
3750.0 2650.0 -0.43448
3850.0 2650.0 -0.08450
3950.0 2650.0 0.07096
4050.0 2650.0 -0.05298
4150.0 2650.0 -0.19562
4250.0 2650.0 -0.12964
4350.0 2650.0 0.07860
4450.0 2650.0 0.24714
4550.0 2650.0 0.22443
4650.0 2650.0 -0.02584
4750.0 2650.0 -0.40632
4850.0 2650.0 -0.92350
4950.0 2650.0 -1.49358
5050.0 2650.0 -1.75769
5150.0 2650.0 -1.51474
5250.0 2650.0 -0.89903
5350.0 2650.0 -0.24381
5450.0 2650.0 0.33313
5550.0 2650.0 0.87708
5650.0 2650.0 1.18223
5750.0 2650.0 1.09339
5850.0 2650.0 0.69685
5950.0 2650.0 0.28325
6050.0 2650.0 0.08367
6150.0 2650.0 -0.06269
6250.0 2650.0 -0.27088
6350.0 2650.0 -0.45445
50.0 2750.0 -0.21188
150.0 2750.0 0.02118
250.0 2750.0 0.29339
350.0 2750.0 0.49665
450.0 2750.0 0.53626
550.0 2750.0 0.42454
650.0 2750.0 0.26732
750.0 2750.0 0.14325
850.0 2750.0 -0.02578
950.0 2750.0 -0.24070
1050.0 2750.0 -0.38513
1150.0 2750.0 -0.37658
1250.0 2750.0 -0.23377
1350.0 2750.0 -0.04910
1450.0 2750.0 0.13322
1550.0 2750.0 0.36332
1650.0 2750.0 0.54775
1750.0 2750.0 0.55476
1850.0 2750.0 0.36236
1950.0 2750.0 0.07873
2050.0 2750.0 -0.16625
2150.0 2750.0 -0.37914
2250.0 2750.0 -0.52264
2350.0 2750.0 -0.51899
2450.0 2750.0 -0.36566
2550.0 2750.0 -0.15567
2650.0 2750.0 -0.01853
2750.0 2750.0 0.01915
2850.0 2750.0 0.17881
2950.0 2750.0 0.52335
3050.0 2750.0 0.83542
3150.0 2750.0 0.90182
3250.0 2750.0 0.67183
3350.0 2750.0 0.26350
3450.0 2750.0 -0.16596
3550.0 2750.0 -0.44843
3650.0 2750.0 -0.46049
3750.0 2750.0 -0.23906
3850.0 2750.0 0.03809
3950.0 2750.0 0.15147
4050.0 2750.0 0.01744
4150.0 2750.0 -0.11726
4250.0 2750.0 -0.00196
4350.0 2750.0 0.29443
4450.0 2750.0 0.56058
4550.0 2750.0 0.61035
4650.0 2750.0 0.38774
4750.0 2750.0 0.00294
4850.0 2750.0 -0.54175
4950.0 2750.0 -1.17931
5050.0 2750.0 -1.53436
5150.0 2750.0 -1.37411
5250.0 2750.0 -0.80662
5350.0 2750.0 -0.15989
5450.0 2750.0 0.42326
5550.0 2750.0 0.95384
5650.0 2750.0 1.21696
5750.0 2750.0 1.06952
5850.0 2750.0 0.61973
5950.0 2750.0 0.17725
6050.0 2750.0 -0.02483
6150.0 2750.0 -0.15639
6250.0 2750.0 -0.30640
6350.0 2750.0 -0.39115
50.0 2850.0 -0.87131
150.0 2850.0 -0.60810
250.0 2850.0 -0.16732
350.0 2850.0 0.33287
450.0 2850.0 0.69838
550.0 2850.0 0.82646
650.0 2850.0 0.75891
750.0 2850.0 0.61923
850.0 2850.0 0.39418
950.0 2850.0 0.06196
1050.0 2850.0 -0.23767
1150.0 2850.0 -0.37454
1250.0 2850.0 -0.32615
1350.0 2850.0 -0.17488
1450.0 2850.0 -0.00400
1550.0 2850.0 0.17349
1650.0 2850.0 0.25106
1750.0 2850.0 0.12732
1850.0 2850.0 -0.17542
1950.0 2850.0 -0.51676
2050.0 2850.0 -0.76927
2150.0 2850.0 -0.95745
2250.0 2850.0 -0.99196
2350.0 2850.0 -0.79789
2450.0 2850.0 -0.43109
2550.0 2850.0 -0.05603
2650.0 2850.0 0.15492
2750.0 2850.0 0.20066
2850.0 2850.0 0.36004
2950.0 2850.0 0.70711
3050.0 2850.0 1.03456
3150.0 2850.0 1.13223
3250.0 2850.0 0.94196
3350.0 2850.0 0.57012
3450.0 2850.0 0.17064
3550.0 2850.0 -0.10216
3650.0 2850.0 -0.13646
3750.0 2850.0 0.04051
3850.0 2850.0 0.27395
3950.0 2850.0 0.36754
4050.0 2850.0 0.24303
4150.0 2850.0 0.12218
4250.0 2850.0 0.24123
4350.0 2850.0 0.53864
4450.0 2850.0 0.81451
4550.0 2850.0 0.88826
4650.0 2850.0 0.70076
4750.0 2850.0 0.35456
4850.0 2850.0 -0.15918
4950.0 2850.0 -0.79235
5050.0 2850.0 -1.17761
5150.0 2850.0 -1.07011
5250.0 2850.0 -0.55093
5350.0 2850.0 0.07464
5450.0 2850.0 0.65177
5550.0 2850.0 1.15944
5650.0 2850.0 1.37865
5750.0 2850.0 1.18014
5850.0 2850.0 0.69007
5950.0 2850.0 0.22951
6050.0 2850.0 0.02882
6150.0 2850.0 -0.09163
6250.0 2850.0 -0.21193
6350.0 2850.0 -0.25597
50.0 2950.0 -1.38988
150.0 2950.0 -1.10755
250.0 2950.0 -0.52514
350.0 2950.0 0.21497
450.0 2950.0 0.82103
550.0 2950.0 1.09496
650.0 2950.0 1.03996
750.0 2950.0 0.82903
850.0 2950.0 0.50376
950.0 2950.0 0.03810
1050.0 2950.0 -0.39842
1150.0 2950.0 -0.64173
1250.0 2950.0 -0.65556
1350.0 2950.0 -0.53411
1450.0 2950.0 -0.38692
1550.0 2950.0 -0.25699
1650.0 2950.0 -0.25033
1750.0 2950.0 -0.44387
1850.0 2950.0 -0.79191
1950.0 2950.0 -1.14607
2050.0 2950.0 -1.38955
2150.0 2950.0 -1.53854
2250.0 2950.0 -1.42723
2350.0 2950.0 -0.98580
2450.0 2950.0 -0.34493
2550.0 2950.0 0.24112
2650.0 2950.0 0.54753
2750.0 2950.0 0.60554
2850.0 2950.0 0.72657
2950.0 2950.0 0.96464
3050.0 2950.0 1.16546
3150.0 2950.0 1.18620
3250.0 2950.0 1.00309
3350.0 2950.0 0.70773
3450.0 2950.0 0.40601
3550.0 2950.0 0.21867
3650.0 2950.0 0.23954
3750.0 2950.0 0.43822
3850.0 2950.0 0.67711
3950.0 2950.0 0.78821
4050.0 2950.0 0.70879
4150.0 2950.0 0.61204
4250.0 2950.0 0.64528
4350.0 2950.0 0.77188
4450.0 2950.0 0.88145
4550.0 2950.0 0.87754
4650.0 2950.0 0.73197
4750.0 2950.0 0.50077
4850.0 2950.0 0.11904
4950.0 2950.0 -0.38990
5050.0 2950.0 -0.70439
5150.0 2950.0 -0.59652
5250.0 2950.0 -0.11774
5350.0 2950.0 0.47704
5450.0 2950.0 1.03976
5550.0 2950.0 1.51632
5650.0 2950.0 1.68925
5750.0 2950.0 1.44822
5850.0 2950.0 0.93570
5950.0 2950.0 0.47638
6050.0 2950.0 0.29121
6150.0 2950.0 0.18777
6250.0 2950.0 0.07015
6350.0 2950.0 -0.00745
50.0 3050.0 -1.48553
150.0 3050.0 -1.20517
250.0 3050.0 -0.56773
350.0 3050.0 0.25114
450.0 3050.0 0.90034
550.0 3050.0 1.14682
650.0 3050.0 1.00173
750.0 3050.0 0.67537
850.0 3050.0 0.23778
950.0 3050.0 -0.31053
1050.0 3050.0 -0.77729
1150.0 3050.0 -1.00540
1250.0 3050.0 -0.99562
1350.0 3050.0 -0.88142
1450.0 3050.0 -0.76486
1550.0 3050.0 -0.66200
1650.0 3050.0 -0.66226
1750.0 3050.0 -0.83251
1850.0 3050.0 -1.13546
1950.0 3050.0 -1.44569
2050.0 3050.0 -1.66339
2150.0 3050.0 -1.77776
2250.0 3050.0 -1.57103
2350.0 3050.0 -0.97862
2450.0 3050.0 -0.17538
2550.0 3050.0 0.53423
2650.0 3050.0 0.89827
2750.0 3050.0 0.96689
2850.0 3050.0 1.02688
2950.0 3050.0 1.09045
3050.0 3050.0 1.08468
3150.0 3050.0 0.97300
3250.0 3050.0 0.78888
3350.0 3050.0 0.60399
3450.0 3050.0 0.44827
3550.0 3050.0 0.38996
3650.0 3050.0 0.49631
3750.0 3050.0 0.73143
3850.0 3050.0 0.98198
3950.0 3050.0 1.12124
4050.0 3050.0 1.10953
4150.0 3050.0 1.04825
4250.0 3050.0 0.95078
4350.0 3050.0 0.81773
4450.0 3050.0 0.67377
4550.0 3050.0 0.54985
4650.0 3050.0 0.46511
4750.0 3050.0 0.40552
4850.0 3050.0 0.22245
4950.0 3050.0 -0.09612
5050.0 3050.0 -0.29771
5150.0 3050.0 -0.18207
5250.0 3050.0 0.24120
5350.0 3050.0 0.79156
5450.0 3050.0 1.33437
5550.0 3050.0 1.78195
5650.0 3050.0 1.92504
5750.0 3050.0 1.67104
5850.0 3050.0 1.16965
5950.0 3050.0 0.73716
6050.0 3050.0 0.58002
6150.0 3050.0 0.50100
6250.0 3050.0 0.38244
6350.0 3050.0 0.24597
50.0 3150.0 -1.10913
150.0 3150.0 -0.84998
250.0 3150.0 -0.25622
350.0 3150.0 0.46508
450.0 3150.0 0.95806
550.0 3150.0 1.02244
650.0 3150.0 0.71867
750.0 3150.0 0.27136
850.0 3150.0 -0.24902
950.0 3150.0 -0.78795
1050.0 3150.0 -1.14751
1150.0 3150.0 -1.22302
1250.0 3150.0 -1.09769
1350.0 3150.0 -0.96131
1450.0 3150.0 -0.87254
1550.0 3150.0 -0.77196
1650.0 3150.0 -0.72335
1750.0 3150.0 -0.79846
1850.0 3150.0 -0.99282
1950.0 3150.0 -1.22360
2050.0 3150.0 -1.40861
2150.0 3150.0 -1.51056
2250.0 3150.0 -1.32205
2350.0 3150.0 -0.78156
2450.0 3150.0 -0.04530
2550.0 3150.0 0.60999
2650.0 3150.0 0.95276
2750.0 3150.0 1.02506
2850.0 3150.0 1.03137
2950.0 3150.0 0.94335
3050.0 3150.0 0.76519
3150.0 3150.0 0.55524
3250.0 3150.0 0.39290
3350.0 3150.0 0.32570
3450.0 3150.0 0.31455
3550.0 3150.0 0.36823
3650.0 3150.0 0.52189
3750.0 3150.0 0.74430
3850.0 3150.0 0.96310
3950.0 3150.0 1.10622
4050.0 3150.0 1.15746
4150.0 3150.0 1.13745
4250.0 3150.0 0.93900
4350.0 3150.0 0.59935
4450.0 3150.0 0.26181
4550.0 3150.0 0.06434
4650.0 3150.0 0.06095
4750.0 3150.0 0.17452
4850.0 3150.0 0.18014
4950.0 3150.0 0.02103
5050.0 3150.0 -0.11368
5150.0 3150.0 -0.03622
5250.0 3150.0 0.30086
5350.0 3150.0 0.79700
5450.0 3150.0 1.32079
5550.0 3150.0 1.75129
5650.0 3150.0 1.89127
5750.0 3150.0 1.65871
5850.0 3150.0 1.19883
5950.0 3150.0 0.81014
6050.0 3150.0 0.68430
6150.0 3150.0 0.63433
6250.0 3150.0 0.53846
6350.0 3150.0 0.38525
50.0 3250.0 -0.52382
150.0 3250.0 -0.29055
250.0 3250.0 0.21402
350.0 3250.0 0.76291
450.0 3250.0 1.03025
550.0 3250.0 0.87883
650.0 3250.0 0.42719
750.0 3250.0 -0.10428
850.0 3250.0 -0.65584
950.0 3250.0 -1.11296
1050.0 3250.0 -1.28799
1150.0 3250.0 -1.14862
1250.0 3250.0 -0.87053
1350.0 3250.0 -0.69515
1450.0 3250.0 -0.62340
1550.0 3250.0 -0.51242
1650.0 3250.0 -0.40430
1750.0 3250.0 -0.38119
1850.0 3250.0 -0.47234
1950.0 3250.0 -0.63288
2050.0 3250.0 -0.79269
2150.0 3250.0 -0.90739
2250.0 3250.0 -0.83881
2350.0 3250.0 -0.52542
2450.0 3250.0 -0.05144
2550.0 3250.0 0.39884
2650.0 3250.0 0.65259
2750.0 3250.0 0.72093
2850.0 3250.0 0.70608
2950.0 3250.0 0.56267
3050.0 3250.0 0.33787
3150.0 3250.0 0.13084
3250.0 3250.0 0.02897
3350.0 3250.0 0.05518
3450.0 3250.0 0.13836
3550.0 3250.0 0.23772
3650.0 3250.0 0.35724
3750.0 3250.0 0.48642
3850.0 3250.0 0.60912
3950.0 3250.0 0.71295
4050.0 3250.0 0.79816
4150.0 3250.0 0.81578
4250.0 3250.0 0.60105
4350.0 3250.0 0.21470
4450.0 3250.0 -0.14894
4550.0 3250.0 -0.31545
4650.0 3250.0 -0.22891
4750.0 3250.0 0.00331
4850.0 3250.0 0.11757
4950.0 3250.0 0.01044
5050.0 3250.0 -0.16115
5150.0 3250.0 -0.19078
5250.0 3250.0 0.03413
5350.0 3250.0 0.47660
5450.0 3250.0 0.98806
5550.0 3250.0 1.41527
5650.0 3250.0 1.57149
5750.0 3250.0 1.37685
5850.0 3250.0 0.96556
5950.0 3250.0 0.61780
6050.0 3250.0 0.51517
6150.0 3250.0 0.49300
6250.0 3250.0 0.45505
6350.0 3250.0 0.36689
50.0 3350.0 -0.09178
150.0 3350.0 0.12715
250.0 3350.0 0.57205
350.0 3350.0 1.01019
450.0 3350.0 1.14247
550.0 3350.0 0.87324
650.0 3350.0 0.35267
750.0 3350.0 -0.20720
850.0 3350.0 -0.74651
950.0 3350.0 -1.10813
1050.0 3350.0 -1.12057
1150.0 3350.0 -0.80892
1250.0 3350.0 -0.41267
1350.0 3350.0 -0.20265
1450.0 3350.0 -0.13577
1550.0 3350.0 -0.02009
1650.0 3350.0 0.11016
1750.0 3350.0 0.16865
1850.0 3350.0 0.11401
1950.0 3350.0 -0.02210
2050.0 3350.0 -0.17348
2150.0 3350.0 -0.31479
2250.0 3350.0 -0.39997
2350.0 3350.0 -0.36527
2450.0 3350.0 -0.20809
2550.0 3350.0 -0.00403
2650.0 3350.0 0.14113
2750.0 3350.0 0.20148
2850.0 3350.0 0.20335
2950.0 3350.0 0.11544
3050.0 3350.0 -0.01494
3150.0 3350.0 -0.11176
3250.0 3350.0 -0.12120
3350.0 3350.0 -0.04178
3450.0 3350.0 0.06803
3550.0 3350.0 0.13773
3650.0 3350.0 0.14673
3750.0 3350.0 0.11783
3850.0 3350.0 0.09644
3950.0 3350.0 0.12431
4050.0 3350.0 0.20805
4150.0 3350.0 0.25291
4250.0 3350.0 0.11065
4350.0 3350.0 -0.15201
4450.0 3350.0 -0.36734
4550.0 3350.0 -0.40251
4650.0 3350.0 -0.23339
4750.0 3350.0 0.04103
4850.0 3350.0 0.16317
4950.0 3350.0 -0.01098
5050.0 3350.0 -0.31920
5150.0 3350.0 -0.50780
5250.0 3350.0 -0.40215
5350.0 3350.0 -0.00348
5450.0 3350.0 0.50402
5550.0 3350.0 0.93583
5650.0 3350.0 1.10993
5750.0 3350.0 0.94377
5850.0 3350.0 0.56246
5950.0 3350.0 0.23586
6050.0 3350.0 0.14221
6150.0 3350.0 0.14183
6250.0 3350.0 0.18819
6350.0 3350.0 0.23821
50.0 3450.0 0.16184
150.0 3450.0 0.37407
250.0 3450.0 0.79528
350.0 3450.0 1.19380
450.0 3450.0 1.28263
550.0 3450.0 0.98030
650.0 3450.0 0.44505
750.0 3450.0 -0.11604
850.0 3450.0 -0.63065
950.0 3450.0 -0.91425
1050.0 3450.0 -0.81000
1150.0 3450.0 -0.38185
1250.0 3450.0 0.09203
1350.0 3450.0 0.32636
1450.0 3450.0 0.39312
1550.0 3450.0 0.50941
1650.0 3450.0 0.64193
1750.0 3450.0 0.70347
1850.0 3450.0 0.65135
1950.0 3450.0 0.51619
2050.0 3450.0 0.36423
2150.0 3450.0 0.19392
2250.0 3450.0 -0.03666
2350.0 3450.0 -0.26258
2450.0 3450.0 -0.40231
2550.0 3450.0 -0.43157
2650.0 3450.0 -0.39376
2750.0 3450.0 -0.34769
2850.0 3450.0 -0.31760
2950.0 3450.0 -0.30481
3050.0 3450.0 -0.28123
3150.0 3450.0 -0.22324
3250.0 3450.0 -0.13000
3350.0 3450.0 -0.02038
3450.0 3450.0 0.08048
3550.0 3450.0 0.08458
3650.0 3450.0 -0.04861
3750.0 3450.0 -0.25889
3850.0 3450.0 -0.44039
3950.0 3450.0 -0.50306
4050.0 3450.0 -0.43917
4150.0 3450.0 -0.37416
4250.0 3450.0 -0.40233
4350.0 3450.0 -0.46064
4450.0 3450.0 -0.44671
4550.0 3450.0 -0.30711
4650.0 3450.0 -0.06494
4750.0 3450.0 0.20889
4850.0 3450.0 0.28598
4950.0 3450.0 -0.01266
5050.0 3450.0 -0.50109
5150.0 3450.0 -0.86696
5250.0 3450.0 -0.87891
5350.0 3450.0 -0.51851
5450.0 3450.0 -0.01239
5550.0 3450.0 0.42852
5650.0 3450.0 0.62472
5750.0 3450.0 0.48693
5850.0 3450.0 0.12981
5950.0 3450.0 -0.18477
6050.0 3450.0 -0.27842
6150.0 3450.0 -0.26535
6250.0 3450.0 -0.13724
6350.0 3450.0 0.06376
50.0 3550.0 0.26852
150.0 3550.0 0.45808
250.0 3550.0 0.87802
350.0 3550.0 1.30509
450.0 3550.0 1.44321
550.0 3550.0 1.18889
650.0 3550.0 0.67872
750.0 3550.0 0.12064
850.0 3550.0 -0.38525
950.0 3550.0 -0.64403
1050.0 3550.0 -0.50587
1150.0 3550.0 -0.04764
1250.0 3550.0 0.44210
1350.0 3550.0 0.67629
1450.0 3550.0 0.73954
1550.0 3550.0 0.88438
1650.0 3550.0 1.08845
1750.0 3550.0 1.24212
1850.0 3550.0 1.26818
1950.0 3550.0 1.17089
2050.0 3550.0 1.01706
2150.0 3550.0 0.81755
2250.0 3550.0 0.47543
2350.0 3550.0 0.04012
2450.0 3550.0 -0.36136
2550.0 3550.0 -0.62710
2650.0 3550.0 -0.73710
2750.0 3550.0 -0.76262
2850.0 3550.0 -0.75181
2950.0 3550.0 -0.65949
3050.0 3550.0 -0.48008
3150.0 3550.0 -0.25967
3250.0 3550.0 -0.07149
3350.0 3550.0 0.03412
3450.0 3550.0 0.07945
3550.0 3550.0 -0.01755
3650.0 3550.0 -0.30839
3750.0 3550.0 -0.69913
3850.0 3550.0 -1.03691
3950.0 3550.0 -1.19918
4050.0 3550.0 -1.18255
4150.0 3550.0 -1.11292
4250.0 3550.0 -0.98054
4350.0 3550.0 -0.74256
4450.0 3550.0 -0.41403
4550.0 3550.0 -0.06736
4650.0 3550.0 0.21265
4750.0 3550.0 0.41110
4850.0 3550.0 0.36485
4950.0 3550.0 -0.12236
5050.0 3550.0 -0.82226
5150.0 3550.0 -1.36350
5250.0 3550.0 -1.47963
5350.0 3550.0 -1.15917
5450.0 3550.0 -0.66574
5550.0 3550.0 -0.19032
5650.0 3550.0 0.10028
5750.0 3550.0 0.08175
5850.0 3550.0 -0.18068
5950.0 3550.0 -0.45991
6050.0 3550.0 -0.57360
6150.0 3550.0 -0.59400
6250.0 3550.0 -0.48665
6350.0 3550.0 -0.26248
50.0 3650.0 0.17294
150.0 3650.0 0.31434
250.0 3650.0 0.74606
350.0 3650.0 1.26349
450.0 3650.0 1.54207
550.0 3650.0 1.41869
650.0 3650.0 0.97515
750.0 3650.0 0.42412
850.0 3650.0 -0.09323
950.0 3650.0 -0.39322
1050.0 3650.0 -0.32373
1150.0 3650.0 0.05724
1250.0 3650.0 0.48566
1350.0 3650.0 0.68851
1450.0 3650.0 0.74185
1550.0 3650.0 0.93550
1650.0 3650.0 1.26588
1750.0 3650.0 1.58215
1850.0 3650.0 1.74461
1950.0 3650.0 1.71040
2050.0 3650.0 1.54804
2150.0 3650.0 1.32976
2250.0 3650.0 0.97683
2350.0 3650.0 0.49915
2450.0 3650.0 -0.00656
2550.0 3650.0 -0.42843
2650.0 3650.0 -0.70432
2750.0 3650.0 -0.87697
2850.0 3650.0 -0.95882
2950.0 3650.0 -0.84120
3050.0 3650.0 -0.54064
3150.0 3650.0 -0.18414
3250.0 3650.0 0.06427
3350.0 3650.0 0.11180
3450.0 3650.0 0.04118
3550.0 3650.0 -0.17317
3650.0 3650.0 -0.57094
3750.0 3650.0 -1.04859
3850.0 3650.0 -1.45595
3950.0 3650.0 -1.68463
4050.0 3650.0 -1.74368
4150.0 3650.0 -1.70181
4250.0 3650.0 -1.40322
4350.0 3650.0 -0.84663
4450.0 3650.0 -0.20356
4550.0 3650.0 0.30409
4650.0 3650.0 0.53408
4750.0 3650.0 0.55224
4850.0 3650.0 0.29849
4950.0 3650.0 -0.39484
5050.0 3650.0 -1.24488
5150.0 3650.0 -1.85534
5250.0 3650.0 -1.98833
5350.0 3650.0 -1.68824
5450.0 3650.0 -1.22446
5550.0 3650.0 -0.69873
5650.0 3650.0 -0.25729
5750.0 3650.0 -0.08667
5850.0 3650.0 -0.20602
5950.0 3650.0 -0.44484
6050.0 3650.0 -0.61118
6150.0 3650.0 -0.73032
6250.0 3650.0 -0.78914
6350.0 3650.0 -0.72590
50.0 3750.0 -0.03620
150.0 3750.0 0.03943
250.0 3750.0 0.46703
350.0 3750.0 1.06638
450.0 3750.0 1.48691
550.0 3750.0 1.50194
650.0 3750.0 1.13079
750.0 3750.0 0.58754
850.0 3750.0 0.05113
950.0 3750.0 -0.31537
1050.0 3750.0 -0.35440
1150.0 3750.0 -0.09302
1250.0 3750.0 0.24300
1350.0 3750.0 0.40118
1450.0 3750.0 0.43907
1550.0 3750.0 0.66680
1650.0 3750.0 1.09505
1750.0 3750.0 1.53724
1850.0 3750.0 1.80155
1950.0 3750.0 1.80730
2050.0 3750.0 1.62591
2150.0 3750.0 1.40889
2250.0 3750.0 1.17233
2350.0 3750.0 0.87272
2450.0 3750.0 0.49572
2550.0 3750.0 0.07674
2650.0 3750.0 -0.32233
2750.0 3750.0 -0.67680
2850.0 3750.0 -0.89983
2950.0 3750.0 -0.81777
3050.0 3750.0 -0.46291
3150.0 3750.0 -0.03281
3250.0 3750.0 0.22516
3350.0 3750.0 0.17614
3450.0 3750.0 -0.03803
3550.0 3750.0 -0.33473
3650.0 3750.0 -0.71543
3750.0 3750.0 -1.10565
3850.0 3750.0 -1.42644
3950.0 3750.0 -1.64211
4050.0 3750.0 -1.77948
4150.0 3750.0 -1.79751
4250.0 3750.0 -1.40831
4350.0 3750.0 -0.66170
4450.0 3750.0 0.13751
4550.0 3750.0 0.65945
4650.0 3750.0 0.73948
4750.0 3750.0 0.51876
4850.0 3750.0 0.04435
4950.0 3750.0 -0.76931
5050.0 3750.0 -1.59610
5150.0 3750.0 -2.07924
5250.0 3750.0 -2.08923
5350.0 3750.0 -1.76917
5450.0 3750.0 -1.34561
5550.0 3750.0 -0.78764
5650.0 3750.0 -0.22516
5750.0 3750.0 0.09478
5850.0 3750.0 0.07641
5950.0 3750.0 -0.15690
6050.0 3750.0 -0.40010
6150.0 3750.0 -0.65297
6250.0 3750.0 -0.95931
6350.0 3750.0 -1.16312
50.0 3850.0 -0.20289
150.0 3850.0 -0.19226
250.0 3850.0 0.19652
350.0 3850.0 0.80543
450.0 3850.0 1.28035
550.0 3850.0 1.36256
650.0 3850.0 1.03091
750.0 3850.0 0.49249
850.0 3850.0 -0.05363
950.0 3850.0 -0.45658
1050.0 3850.0 -0.55817
1150.0 3850.0 -0.36914
1250.0 3850.0 -0.09248
1350.0 3850.0 0.03336
1450.0 3850.0 0.05446
1550.0 3850.0 0.27609
1650.0 3850.0 0.70923
1750.0 3850.0 1.15757
1850.0 3850.0 1.41895
1950.0 3850.0 1.40802
2050.0 3850.0 1.19968
2150.0 3850.0 1.00128
2250.0 3850.0 0.95718
2350.0 3850.0 0.97497
2450.0 3850.0 0.89262
2550.0 3850.0 0.61650
2650.0 3850.0 0.17078
2750.0 3850.0 -0.33903
2850.0 3850.0 -0.69791
2950.0 3850.0 -0.68189
3050.0 3850.0 -0.33069
3150.0 3850.0 0.11282
3250.0 3850.0 0.34469
3350.0 3850.0 0.19931
3450.0 3850.0 -0.13700
3550.0 3850.0 -0.45189
3650.0 3850.0 -0.69463
3750.0 3850.0 -0.84935
3850.0 3850.0 -0.95379
3950.0 3850.0 -1.07976
4050.0 3850.0 -1.27114
4150.0 3850.0 -1.36151
4250.0 3850.0 -0.99135
4350.0 3850.0 -0.25367
4450.0 3850.0 0.48364
4550.0 3850.0 0.86324
4650.0 3850.0 0.74204
4750.0 3850.0 0.30485
4850.0 3850.0 -0.32560
4950.0 3850.0 -1.12422
5050.0 3850.0 -1.74928
5150.0 3850.0 -1.93887
5250.0 3850.0 -1.71912
5350.0 3850.0 -1.34275
5450.0 3850.0 -0.95729
5550.0 3850.0 -0.40750
5650.0 3850.0 0.17950
5750.0 3850.0 0.52525
5850.0 3850.0 0.50233
5950.0 3850.0 0.22146
6050.0 3850.0 -0.09984
6150.0 3850.0 -0.47048
6250.0 3850.0 -0.99341
6350.0 3850.0 -1.42940
50.0 3950.0 -0.19447
150.0 3950.0 -0.22962
250.0 3950.0 0.08905
350.0 3950.0 0.61683
450.0 3950.0 1.02440
550.0 3950.0 1.06831
650.0 3950.0 0.72509
750.0 3950.0 0.18668
850.0 3950.0 -0.34846
950.0 3950.0 -0.72058
1050.0 3950.0 -0.78064
1150.0 3950.0 -0.55557
1250.0 3950.0 -0.26091
1350.0 3950.0 -0.13677
1450.0 3950.0 -0.12858
1550.0 3950.0 0.04690
1650.0 3950.0 0.38655
1750.0 3950.0 0.71437
1850.0 3950.0 0.86451
1950.0 3950.0 0.78293
2050.0 3950.0 0.54758
2150.0 3950.0 0.37102
2250.0 3950.0 0.49301
2350.0 3950.0 0.79267
2450.0 3950.0 0.99307
2550.0 3950.0 0.88835
2650.0 3950.0 0.45713
2750.0 3950.0 -0.13594
2850.0 3950.0 -0.57347
2950.0 3950.0 -0.60268
3050.0 3950.0 -0.26596
3150.0 3950.0 0.17264
3250.0 3950.0 0.38161
3350.0 3950.0 0.17969
3450.0 3950.0 -0.22099
3550.0 3950.0 -0.50196
3650.0 3950.0 -0.56839
3750.0 3950.0 -0.46369
3850.0 3950.0 -0.33426
3950.0 3950.0 -0.34695
4050.0 3950.0 -0.55627
4150.0 3950.0 -0.70296
4250.0 3950.0 -0.42459
4350.0 3950.0 0.16327
4450.0 3950.0 0.70235
4550.0 3950.0 0.87546
4650.0 3950.0 0.58553
4750.0 3950.0 0.02294
4850.0 3950.0 -0.66132
4950.0 3950.0 -1.34734
5050.0 3950.0 -1.70406
5150.0 3950.0 -1.57409
5250.0 3950.0 -1.12196
5350.0 3950.0 -0.68093
5450.0 3950.0 -0.31977
5550.0 3950.0 0.18495
5650.0 3950.0 0.69462
5750.0 3950.0 0.93759
5850.0 3950.0 0.80857
5950.0 3950.0 0.44323
6050.0 3950.0 0.06703
6150.0 3950.0 -0.36346
6250.0 3950.0 -0.97686
6350.0 3950.0 -1.48800
50.0 4050.0 0.00042
150.0 4050.0 -0.05709
250.0 4050.0 0.17891
350.0 4050.0 0.56758
450.0 4050.0 0.82259
550.0 4050.0 0.75085
650.0 4050.0 0.35735
750.0 4050.0 -0.18483
850.0 4050.0 -0.69028
950.0 4050.0 -0.97044
1050.0 4050.0 -0.89399
1150.0 4050.0 -0.53349
1250.0 4050.0 -0.14941
1350.0 4050.0 0.00190
1450.0 4050.0 0.00304
1550.0 4050.0 0.11308
1650.0 4050.0 0.30740
1750.0 4050.0 0.44796
1850.0 4050.0 0.43165
1950.0 4050.0 0.25530
2050.0 4050.0 -0.00107
2150.0 4050.0 -0.16507
2250.0 4050.0 0.03177
2350.0 4050.0 0.46224
2450.0 4050.0 0.80353
2550.0 4050.0 0.79877
2650.0 4050.0 0.39993
2750.0 4050.0 -0.20659
2850.0 4050.0 -0.65528
2950.0 4050.0 -0.68042
3050.0 4050.0 -0.32731
3150.0 4050.0 0.12953
3250.0 4050.0 0.34689
3350.0 4050.0 0.13808
3450.0 4050.0 -0.27110
3550.0 4050.0 -0.50216
3650.0 4050.0 -0.43682
3750.0 4050.0 -0.15614
3850.0 4050.0 0.12971
3950.0 4050.0 0.20109
4050.0 4050.0 0.00035
4150.0 4050.0 -0.17313
4250.0 4050.0 0.00641
4350.0 4050.0 0.42063
4450.0 4050.0 0.75785
4550.0 4050.0 0.76420
4650.0 4050.0 0.38534
4750.0 4050.0 -0.20592
4850.0 4050.0 -0.86562
4950.0 4050.0 -1.42063
5050.0 4050.0 -1.56233
5150.0 4050.0 -1.20751
5250.0 4050.0 -0.60142
5350.0 4050.0 -0.11307
5450.0 4050.0 0.23939
5550.0 4050.0 0.68386
5650.0 4050.0 1.06272
5750.0 4050.0 1.13667
5850.0 4050.0 0.85535
5950.0 4050.0 0.39998
6050.0 4050.0 -0.00118
6150.0 4050.0 -0.43131
6250.0 4050.0 -1.00111
6350.0 4050.0 -1.41773
50.0 4150.0 0.17064
150.0 4150.0 0.11270
250.0 4150.0 0.27428
350.0 4150.0 0.51854
450.0 4150.0 0.61137
550.0 4150.0 0.42181
650.0 4150.0 -0.00931
750.0 4150.0 -0.53161
850.0 4150.0 -0.97858
950.0 4150.0 -1.13702
1050.0 4150.0 -0.90593
1150.0 4150.0 -0.41004
1250.0 4150.0 0.05076
1350.0 4150.0 0.21605
1450.0 4150.0 0.20047
1550.0 4150.0 0.23745
1650.0 4150.0 0.28383
1750.0 4150.0 0.24035
1850.0 4150.0 0.06387
1950.0 4150.0 -0.20271
2050.0 4150.0 -0.48014
2150.0 4150.0 -0.64042
2250.0 4150.0 -0.40234
2350.0 4150.0 0.11249
2450.0 4150.0 0.55963
2550.0 4150.0 0.64746
2650.0 4150.0 0.30077
2750.0 4150.0 -0.28695
2850.0 4150.0 -0.71711
2950.0 4150.0 -0.71999
3050.0 4150.0 -0.34695
3150.0 4150.0 0.12235
3250.0 4150.0 0.34453
3350.0 4150.0 0.13700
3450.0 4150.0 -0.26673
3550.0 4150.0 -0.44897
3650.0 4150.0 -0.27538
3750.0 4150.0 0.14413
3850.0 4150.0 0.55247
3950.0 4150.0 0.69248
4050.0 4150.0 0.50552
4150.0 4150.0 0.30981
4250.0 4150.0 0.37862
4350.0 4150.0 0.60631
4450.0 4150.0 0.74857
4550.0 4150.0 0.62244
4650.0 4150.0 0.20717
4750.0 4150.0 -0.35663
4850.0 4150.0 -0.94515
4950.0 4150.0 -1.35642
5050.0 4150.0 -1.31608
5150.0 4150.0 -0.80047
5250.0 4150.0 -0.10036
5350.0 4150.0 0.41004
5450.0 4150.0 0.74978
5550.0 4150.0 1.12355
5650.0 4150.0 1.35613
5750.0 4150.0 1.24919
5850.0 4150.0 0.81362
5950.0 4150.0 0.27619
6050.0 4150.0 -0.13719
6150.0 4150.0 -0.54934
6250.0 4150.0 -1.04529
6350.0 4150.0 -1.33551
50.0 4250.0 0.08064
150.0 4250.0 0.08806
250.0 4250.0 0.21574
350.0 4250.0 0.34078
450.0 4250.0 0.30461
550.0 4250.0 0.05591
650.0 4250.0 -0.32654
750.0 4250.0 -0.72841
850.0 4250.0 -1.02053
950.0 4250.0 -1.00642
1050.0 4250.0 -0.65665
1150.0 4250.0 -0.14034
1250.0 4250.0 0.26323
1350.0 4250.0 0.35619
1450.0 4250.0 0.27826
1550.0 4250.0 0.23040
1650.0 4250.0 0.17053
1750.0 4250.0 0.02363
1850.0 4250.0 -0.23128
1950.0 4250.0 -0.54496
2050.0 4250.0 -0.84938
2150.0 4250.0 -1.03055
2250.0 4250.0 -0.78584
2350.0 4250.0 -0.20424
2450.0 4250.0 0.37195
2550.0 4250.0 0.61345
2650.0 4250.0 0.39159
2750.0 4250.0 -0.11325
2850.0 4250.0 -0.47383
2950.0 4250.0 -0.44120
3050.0 4250.0 -0.08329
3150.0 4250.0 0.33280
3250.0 4250.0 0.50145
3350.0 4250.0 0.27546
3450.0 4250.0 -0.12005
3550.0 4250.0 -0.26405
3650.0 4250.0 -0.01260
3750.0 4250.0 0.50412
3850.0 4250.0 0.99741
3950.0 4250.0 1.18559
4050.0 4250.0 1.01021
4150.0 4250.0 0.77859
4250.0 4250.0 0.67871
4350.0 4250.0 0.66179
4450.0 4250.0 0.60859
4550.0 4250.0 0.42636
4650.0 4250.0 0.10025
4750.0 4250.0 -0.30209
4850.0 4250.0 -0.69917
4950.0 4250.0 -0.91267
5050.0 4250.0 -0.74333
5150.0 4250.0 -0.20675
5250.0 4250.0 0.43851
5350.0 4250.0 0.89056
5450.0 4250.0 1.18594
5550.0 4250.0 1.46347
5650.0 4250.0 1.54453
5750.0 4250.0 1.28056
5850.0 4250.0 0.73469
5950.0 4250.0 0.15681
6050.0 4250.0 -0.24549
6150.0 4250.0 -0.62888
6250.0 4250.0 -1.06973
6350.0 4250.0 -1.28881
50.0 4350.0 -0.20329
150.0 4350.0 -0.06499
250.0 4350.0 0.07532
350.0 4350.0 0.11826
450.0 4350.0 -0.00040
550.0 4350.0 -0.24004
650.0 4350.0 -0.48475
750.0 4350.0 -0.66790
850.0 4350.0 -0.72052
950.0 4350.0 -0.51355
1050.0 4350.0 -0.12384
1150.0 4350.0 0.25710
1250.0 4350.0 0.44354
1350.0 4350.0 0.37064
1450.0 4350.0 0.18761
1550.0 4350.0 0.06521
1650.0 4350.0 -0.01124
1750.0 4350.0 -0.11973
1850.0 4350.0 -0.31753
1950.0 4350.0 -0.60496
2050.0 4350.0 -0.93610
2150.0 4350.0 -1.16913
2250.0 4350.0 -0.98735
2350.0 4350.0 -0.42008
2450.0 4350.0 0.23550
2550.0 4350.0 0.63419
2650.0 4350.0 0.58320
2750.0 4350.0 0.22152
2850.0 4350.0 -0.01914
2950.0 4350.0 0.06356
3050.0 4350.0 0.37467
3150.0 4350.0 0.67602
3250.0 4350.0 0.73588
3350.0 4350.0 0.47270
3450.0 4350.0 0.08667
3550.0 4350.0 -0.04572
3650.0 4350.0 0.21723
3750.0 4350.0 0.74333
3850.0 4350.0 1.24318
3950.0 4350.0 1.43623
4050.0 4350.0 1.26575
4150.0 4350.0 0.99130
4250.0 4350.0 0.69898
4350.0 4350.0 0.43937
4450.0 4350.0 0.25641
4550.0 4350.0 0.14391
4650.0 4350.0 0.05216
4750.0 4350.0 -0.05624
4850.0 4350.0 -0.15704
4950.0 4350.0 -0.15885
5050.0 4350.0 0.02987
5150.0 4350.0 0.39321
5250.0 4350.0 0.79973
5350.0 4350.0 1.10270
5450.0 4350.0 1.32501
5550.0 4350.0 1.50794
5650.0 4350.0 1.49209
5750.0 4350.0 1.17125
5850.0 4350.0 0.62590
5950.0 4350.0 0.08610
6050.0 4350.0 -0.27502
6150.0 4350.0 -0.62213
6250.0 4350.0 -1.04151
6350.0 4350.0 -1.27072
50.0 4450.0 -0.46461
150.0 4450.0 -0.17422
250.0 4450.0 0.00185
350.0 4450.0 -0.00961
450.0 4450.0 -0.17810
550.0 4450.0 -0.37382
650.0 4450.0 -0.44794
750.0 4450.0 -0.38297
850.0 4450.0 -0.18357
950.0 4450.0 0.18322
1050.0 4450.0 0.53124
1150.0 4450.0 0.67237
1250.0 4450.0 0.55536
1350.0 4450.0 0.27643
1450.0 4450.0 -0.02194
1550.0 4450.0 -0.18677
1650.0 4450.0 -0.18777
1750.0 4450.0 -0.13154
1850.0 4450.0 -0.15755
1950.0 4450.0 -0.35531
2050.0 4450.0 -0.70494
2150.0 4450.0 -1.00836
2250.0 4450.0 -0.95790
2350.0 4450.0 -0.51434
2450.0 4450.0 0.10941
2550.0 4450.0 0.59147
2650.0 4450.0 0.69176
2750.0 4450.0 0.48809
2850.0 4450.0 0.38295
2950.0 4450.0 0.52230
3050.0 4450.0 0.78057
3150.0 4450.0 0.95231
3250.0 4450.0 0.88927
3350.0 4450.0 0.58409
3450.0 4450.0 0.20594
3550.0 4450.0 0.05549
3650.0 4450.0 0.26131
3750.0 4450.0 0.70769
3850.0 4450.0 1.13512
3950.0 4450.0 1.28902
4050.0 4450.0 1.11541
4150.0 4450.0 0.80465
4250.0 4450.0 0.35671
4350.0 4450.0 -0.06680
4450.0 4450.0 -0.27170
4550.0 4450.0 -0.20872
4650.0 4450.0 0.00723
4750.0 4450.0 0.23433
4850.0 4450.0 0.44420
4950.0 4450.0 0.60639
5050.0 4450.0 0.70474
5150.0 4450.0 0.76014
5250.0 4450.0 0.82188
5350.0 4450.0 0.93243
5450.0 4450.0 1.07607
5550.0 4450.0 1.20037
5650.0 4450.0 1.18355
5750.0 4450.0 0.93817
5850.0 4450.0 0.51683
5950.0 4450.0 0.08908
6050.0 4450.0 -0.21212
6150.0 4450.0 -0.52475
6250.0 4450.0 -0.95310
6350.0 4450.0 -1.25304
50.0 4550.0 -0.50725
150.0 4550.0 -0.10017
250.0 4550.0 0.09728
350.0 4550.0 0.03230
450.0 4550.0 -0.18764
550.0 4550.0 -0.35925
650.0 4550.0 -0.30552
750.0 4550.0 -0.04875
850.0 4550.0 0.33710
950.0 4550.0 0.79987
1050.0 4550.0 1.07381
1150.0 4550.0 0.98728
1250.0 4550.0 0.60707
1350.0 4550.0 0.15946
1450.0 4550.0 -0.22643
1550.0 4550.0 -0.40081
1650.0 4550.0 -0.29079
1750.0 4550.0 -0.03916
1850.0 4550.0 0.12787
1950.0 4550.0 0.03311
2050.0 4550.0 -0.32435
2150.0 4550.0 -0.69271
2250.0 4550.0 -0.79722
2350.0 4550.0 -0.54448
2450.0 4550.0 -0.05267
2550.0 4550.0 0.41084
2650.0 4550.0 0.59154
2750.0 4550.0 0.50711
2850.0 4550.0 0.50939
2950.0 4550.0 0.69993
3050.0 4550.0 0.92813
3150.0 4550.0 1.01025
3250.0 4550.0 0.85920
3350.0 4550.0 0.52378
3450.0 4550.0 0.15018
3550.0 4550.0 -0.03200
3650.0 4550.0 0.08960
3750.0 4550.0 0.42275
3850.0 4550.0 0.74859
3950.0 4550.0 0.84673
4050.0 4550.0 0.66576
4150.0 4550.0 0.33413
4250.0 4550.0 -0.19725
4350.0 4550.0 -0.68139
4450.0 4550.0 -0.82823
4550.0 4550.0 -0.57099
4650.0 4550.0 -0.09068
4750.0 4550.0 0.39859
4850.0 4550.0 0.83641
4950.0 4550.0 1.08545
5050.0 4550.0 1.05358
5150.0 4550.0 0.81011
5250.0 4550.0 0.56435
5350.0 4550.0 0.51287
5450.0 4550.0 0.59827
5550.0 4550.0 0.71031
5650.0 4550.0 0.76741
5750.0 4550.0 0.67669
5850.0 4550.0 0.43645
5950.0 4550.0 0.14303
6050.0 4550.0 -0.10248
6150.0 4550.0 -0.39032
6250.0 4550.0 -0.83558
6350.0 4550.0 -1.20809
50.0 4650.0 -0.26652
150.0 4650.0 0.18608
250.0 4650.0 0.36125
350.0 4650.0 0.21581
450.0 4650.0 -0.09109
550.0 4650.0 -0.30179
650.0 4650.0 -0.21348
750.0 4650.0 0.12628
850.0 4650.0 0.59399
950.0 4650.0 1.09690
1050.0 4650.0 1.33445
1150.0 4650.0 1.14346
1250.0 4650.0 0.64421
1350.0 4650.0 0.12108
1450.0 4650.0 -0.30287
1550.0 4650.0 -0.47345
1650.0 4650.0 -0.29613
1750.0 4650.0 0.06541
1850.0 4650.0 0.33860
1950.0 4650.0 0.30101
2050.0 4650.0 -0.05766
2150.0 4650.0 -0.46454
2250.0 4650.0 -0.68758
2350.0 4650.0 -0.60841
2450.0 4650.0 -0.27568
2550.0 4650.0 0.10156
2650.0 4650.0 0.28328
2750.0 4650.0 0.24869
2850.0 4650.0 0.30313
2950.0 4650.0 0.53060
3050.0 4650.0 0.76672
3150.0 4650.0 0.83038
3250.0 4650.0 0.65454
3350.0 4650.0 0.31026
3450.0 4650.0 -0.06184
3550.0 4650.0 -0.26477
3650.0 4650.0 -0.19552
3750.0 4650.0 0.06810
3850.0 4650.0 0.33181
3950.0 4650.0 0.39567
4050.0 4650.0 0.20957
4150.0 4650.0 -0.12793
4250.0 4650.0 -0.67906
4350.0 4650.0 -1.15932
4450.0 4650.0 -1.24569
4550.0 4650.0 -0.87542
4650.0 4650.0 -0.26602
4750.0 4650.0 0.34044
4850.0 4650.0 0.87567
4950.0 4650.0 1.15199
5050.0 4650.0 1.04568
5150.0 4650.0 0.65304
5250.0 4650.0 0.25983
5350.0 4650.0 0.13297
5450.0 4650.0 0.19446
5550.0 4650.0 0.32264
5650.0 4650.0 0.46103
5750.0 4650.0 0.50131
5850.0 4650.0 0.39651
5950.0 4650.0 0.19348
6050.0 4650.0 -0.02138
6150.0 4650.0 -0.29618
6250.0 4650.0 -0.73848
6350.0 4650.0 -1.12453
50.0 4750.0 0.13992
150.0 4750.0 0.58562
250.0 4750.0 0.70286
350.0 4750.0 0.45041
450.0 4750.0 0.02294
550.0 4750.0 -0.27869
650.0 4750.0 -0.22602
750.0 4750.0 0.11786
850.0 4750.0 0.59749
950.0 4750.0 1.11833
1050.0 4750.0 1.37435
1150.0 4750.0 1.19619
1250.0 4750.0 0.70168
1350.0 4750.0 0.17744
1450.0 4750.0 -0.24894
1550.0 4750.0 -0.41913
1650.0 4750.0 -0.23719
1750.0 4750.0 0.13157
1850.0 4750.0 0.41144
1950.0 4750.0 0.37709
2050.0 4750.0 0.01776
2150.0 4750.0 -0.40426
2250.0 4750.0 -0.69718
2350.0 4750.0 -0.73937
2450.0 4750.0 -0.54069
2550.0 4750.0 -0.26436
2650.0 4750.0 -0.12424
2750.0 4750.0 -0.15849
2850.0 4750.0 -0.09301
2950.0 4750.0 0.15906
3050.0 4750.0 0.42841
3150.0 4750.0 0.52347
3250.0 4750.0 0.36796
3350.0 4750.0 0.03050
3450.0 4750.0 -0.34092
3550.0 4750.0 -0.54621
3650.0 4750.0 -0.48334
3750.0 4750.0 -0.22818
3850.0 4750.0 0.02815
3950.0 4750.0 0.08826
4050.0 4750.0 -0.09789
4150.0 4750.0 -0.43376
4250.0 4750.0 -0.97853
4350.0 4750.0 -1.44489
4450.0 4750.0 -1.51119
4550.0 4750.0 -1.11998
4650.0 4750.0 -0.49467
4750.0 4750.0 0.12224
4850.0 4750.0 0.66785
4950.0 4750.0 0.95290
5050.0 4750.0 0.84961
5150.0 4750.0 0.45336
5250.0 4750.0 0.05335
5350.0 4750.0 -0.07848
5450.0 4750.0 -0.01780
5550.0 4750.0 0.13028
5650.0 4750.0 0.31828
5750.0 4750.0 0.42544
5850.0 4750.0 0.38208
5950.0 4750.0 0.21524
6050.0 4750.0 0.00919
6150.0 4750.0 -0.25858
6250.0 4750.0 -0.67370
6350.0 4750.0 -1.01384
50.0 4850.0 0.45792
150.0 4850.0 0.89226
250.0 4850.0 0.96638
350.0 4850.0 0.64227
450.0 4850.0 0.13795
550.0 4850.0 -0.21970
650.0 4850.0 -0.18860
750.0 4850.0 0.15705
850.0 4850.0 0.63797
950.0 4850.0 1.16383
1050.0 4850.0 1.44278
1150.0 4850.0 1.30991
1250.0 4850.0 0.87273
1350.0 4850.0 0.40148
1450.0 4850.0 0.02068
1550.0 4850.0 -0.11944
1650.0 4850.0 0.05591
1750.0 4850.0 0.37770
1850.0 4850.0 0.59105
1950.0 4850.0 0.50488
2050.0 4850.0 0.12709
2150.0 4850.0 -0.31439
2250.0 4850.0 -0.67609
2350.0 4850.0 -0.84152
2450.0 4850.0 -0.79065
2550.0 4850.0 -0.64199
2650.0 4850.0 -0.57631
2750.0 4850.0 -0.64253
2850.0 4850.0 -0.60578
2950.0 4850.0 -0.37334
3050.0 4850.0 -0.09876
3150.0 4850.0 0.02843
3250.0 4850.0 -0.08384
3350.0 4850.0 -0.38787
3450.0 4850.0 -0.73727
3550.0 4850.0 -0.93546
3650.0 4850.0 -0.88311
3750.0 4850.0 -0.64420
3850.0 4850.0 -0.39464
3950.0 4850.0 -0.32244
4050.0 4850.0 -0.48014
4150.0 4850.0 -0.78117
4250.0 4850.0 -1.28907
4350.0 4850.0 -1.73542
4450.0 4850.0 -1.81188
4550.0 4850.0 -1.45466
4650.0 4850.0 -0.86608
4750.0 4850.0 -0.27578
4850.0 4850.0 0.25773
4950.0 4850.0 0.55992
5050.0 4850.0 0.49700
5150.0 4850.0 0.14403
5250.0 4850.0 -0.23203
5350.0 4850.0 -0.36921
5450.0 4850.0 -0.32595
5550.0 4850.0 -0.17000
5650.0 4850.0 0.07652
5750.0 4850.0 0.28965
5850.0 4850.0 0.36782
5950.0 4850.0 0.29505
6050.0 4850.0 0.13683
6150.0 4850.0 -0.09384
6250.0 4850.0 -0.46863
6350.0 4850.0 -0.77953
50.0 4950.0 0.51108
150.0 4950.0 0.93556
250.0 4950.0 1.00650
350.0 4950.0 0.69338
450.0 4950.0 0.21453
550.0 4950.0 -0.11214
650.0 4950.0 -0.05705
750.0 4950.0 0.30199
850.0 4950.0 0.76929
950.0 4950.0 1.25583
1050.0 4950.0 1.52408
1150.0 4950.0 1.45019
1250.0 4950.0 1.13665
1350.0 4950.0 0.81289
1450.0 4950.0 0.57476
1550.0 4950.0 0.53991
1650.0 4950.0 0.72081
1750.0 4950.0 0.92990
1850.0 4950.0 0.96575
1950.0 4950.0 0.73477
2050.0 4950.0 0.30271
2150.0 4950.0 -0.16703
2250.0 4950.0 -0.57738
2350.0 4950.0 -0.83103
2450.0 4950.0 -0.90640
2550.0 4950.0 -0.89620
2650.0 4950.0 -0.94748
2750.0 4950.0 -1.10324
2850.0 4950.0 -1.17162
2950.0 4950.0 -1.04903
3050.0 4950.0 -0.83083
3150.0 4950.0 -0.67625
3250.0 4950.0 -0.70243
3350.0 4950.0 -0.91785
3450.0 4950.0 -1.19914
3550.0 4950.0 -1.37686
3650.0 4950.0 -1.36108
3750.0 4950.0 -1.17761
3850.0 4950.0 -0.95345
3950.0 4950.0 -0.84595
4050.0 4950.0 -0.91548
4150.0 4950.0 -1.11019
4250.0 4950.0 -1.51436
4350.0 4950.0 -1.91823
4450.0 4950.0 -2.04874
4550.0 4950.0 -1.81481
4650.0 4950.0 -1.34838
4750.0 4950.0 -0.84181
4850.0 4950.0 -0.35419
4950.0 4950.0 -0.02412
5050.0 4950.0 0.00065
5150.0 4950.0 -0.25551
5250.0 4950.0 -0.58237
5350.0 4950.0 -0.74434
5450.0 4950.0 -0.76126
5550.0 4950.0 -0.64392
5650.0 4950.0 -0.35705
5750.0 4950.0 0.00348
5850.0 4950.0 0.29881
5950.0 4950.0 0.42884
6050.0 4950.0 0.40212
6150.0 4950.0 0.27579
6250.0 4950.0 -0.03056
6350.0 4950.0 -0.35236
50.0 5050.0 0.30591
150.0 5050.0 0.72159
250.0 5050.0 0.81796
350.0 5050.0 0.57521
450.0 5050.0 0.19538
550.0 5050.0 -0.03770
650.0 5050.0 0.07423
750.0 5050.0 0.45486
850.0 5050.0 0.88808
950.0 5050.0 1.27298
1050.0 5050.0 1.46112
1150.0 5050.0 1.41113
1250.0 5050.0 1.23921
1350.0 5050.0 1.12187
1450.0 5050.0 1.09791
1550.0 5050.0 1.23667
1650.0 5050.0 1.46296
1750.0 5050.0 1.55166
1850.0 5050.0 1.36484
1950.0 5050.0 0.94137
2050.0 5050.0 0.43291
2150.0 5050.0 -0.06211
2250.0 5050.0 -0.45861
2350.0 5050.0 -0.68958
2450.0 5050.0 -0.77885
2550.0 5050.0 -0.83997
2650.0 5050.0 -1.00579
2750.0 5050.0 -1.28987
2850.0 5050.0 -1.51739
2950.0 5050.0 -1.56572
3050.0 5050.0 -1.44209
3150.0 5050.0 -1.25700
3250.0 5050.0 -1.16164
3350.0 5050.0 -1.24704
3450.0 5050.0 -1.42703
3550.0 5050.0 -1.57793
3650.0 5050.0 -1.62513
3750.0 5050.0 -1.53524
3850.0 5050.0 -1.35855
3950.0 5050.0 -1.20372
4050.0 5050.0 -1.14268
4150.0 5050.0 -1.17790
4250.0 5050.0 -1.42327
4350.0 5050.0 -1.75664
4450.0 5050.0 -1.95978
4550.0 5050.0 -1.90367
4650.0 5050.0 -1.61678
4750.0 5050.0 -1.23507
4850.0 5050.0 -0.82230
4950.0 5050.0 -0.47036
5050.0 5050.0 -0.34417
5150.0 5050.0 -0.48528
5250.0 5050.0 -0.75840
5350.0 5050.0 -0.96367
5450.0 5050.0 -1.07491
5550.0 5050.0 -1.06353
5650.0 5050.0 -0.82511
5750.0 5050.0 -0.38449
5850.0 5050.0 0.11137
5950.0 5050.0 0.47501
6050.0 5050.0 0.63116
6150.0 5050.0 0.65974
6250.0 5050.0 0.45138
6350.0 5050.0 0.10589
50.0 5150.0 0.00379
150.0 5150.0 0.41056
250.0 5150.0 0.53181
350.0 5150.0 0.35840
450.0 5150.0 0.07643
550.0 5150.0 -0.06398
650.0 5150.0 0.10437
750.0 5150.0 0.50625
850.0 5150.0 0.89120
950.0 5150.0 1.13019
1050.0 5150.0 1.17199
1150.0 5150.0 1.07962
1250.0 5150.0 1.00486
1350.0 5150.0 1.07959
1450.0 5150.0 1.27118
1550.0 5150.0 1.60370
1650.0 5150.0 1.92108
1750.0 5150.0 1.94837
1850.0 5150.0 1.59113
1950.0 5150.0 1.00445
2050.0 5150.0 0.42532
2150.0 5150.0 -0.08120
2250.0 5150.0 -0.39337
2350.0 5150.0 -0.47581
2450.0 5150.0 -0.43670
2550.0 5150.0 -0.45873
2650.0 5150.0 -0.69006
2750.0 5150.0 -1.09791
2850.0 5150.0 -1.48238
2950.0 5150.0 -1.69504
3050.0 5150.0 -1.65625
3150.0 5150.0 -1.43103
3250.0 5150.0 -1.20776
3350.0 5150.0 -1.16118
3450.0 5150.0 -1.24035
3550.0 5150.0 -1.36939
3650.0 5150.0 -1.49060
3750.0 5150.0 -1.50849
3850.0 5150.0 -1.39184
3950.0 5150.0 -1.19678
4050.0 5150.0 -1.00665
4150.0 5150.0 -0.88062
4250.0 5150.0 -0.95762
4350.0 5150.0 -1.20324
4450.0 5150.0 -1.45944
4550.0 5150.0 -1.56585
4650.0 5150.0 -1.45165
4750.0 5150.0 -1.19424
4850.0 5150.0 -0.86278
4950.0 5150.0 -0.50931
5050.0 5150.0 -0.31213
5150.0 5150.0 -0.36859
5250.0 5150.0 -0.60829
5350.0 5150.0 -0.86329
5450.0 5150.0 -1.07342
5550.0 5150.0 -1.21742
5650.0 5150.0 -1.13876
5750.0 5150.0 -0.76146
5850.0 5150.0 -0.19188
5950.0 5150.0 0.33441
6050.0 5150.0 0.65954
6150.0 5150.0 0.84557
6250.0 5150.0 0.74864
6350.0 5150.0 0.40356
50.0 5250.0 -0.16976
150.0 5250.0 0.22693
250.0 5250.0 0.34368
350.0 5250.0 0.17888
450.0 5250.0 -0.08037
550.0 5250.0 -0.19195
650.0 5250.0 -0.00060
750.0 5250.0 0.41387
850.0 5250.0 0.75203
950.0 5250.0 0.84814
1050.0 5250.0 0.72439
1150.0 5250.0 0.53599
1250.0 5250.0 0.48089
1350.0 5250.0 0.66953
1450.0 5250.0 1.00700
1550.0 5250.0 1.49193
1650.0 5250.0 1.92167
1750.0 5250.0 1.97423
1850.0 5250.0 1.56167
1950.0 5250.0 0.89868
2050.0 5250.0 0.27870
2150.0 5250.0 -0.22384
2250.0 5250.0 -0.41984
2350.0 5250.0 -0.29622
2450.0 5250.0 -0.05061
2550.0 5250.0 0.04708
2650.0 5250.0 -0.18654
2750.0 5250.0 -0.67332
2850.0 5250.0 -1.15775
2950.0 5250.0 -1.46482
3050.0 5250.0 -1.45964
3150.0 5250.0 -1.18452
3250.0 5250.0 -0.86031
3350.0 5250.0 -0.72055
3450.0 5250.0 -0.73274
3550.0 5250.0 -0.85288
3650.0 5250.0 -1.03645
3750.0 5250.0 -1.14300
3850.0 5250.0 -1.08115
3950.0 5250.0 -0.86739
4050.0 5250.0 -0.59255
4150.0 5250.0 -0.35606
4250.0 5250.0 -0.30699
4350.0 5250.0 -0.46984
4450.0 5250.0 -0.73426
4550.0 5250.0 -0.92820
4650.0 5250.0 -0.92010
4750.0 5250.0 -0.74508
4850.0 5250.0 -0.47464
4950.0 5250.0 -0.14087
5050.0 5250.0 0.07285
5150.0 5250.0 0.04207
5250.0 5250.0 -0.19593
5350.0 5250.0 -0.49078
5450.0 5250.0 -0.77171
5550.0 5250.0 -1.06992
5650.0 5250.0 -1.21119
5750.0 5250.0 -1.02187
5850.0 5250.0 -0.53168
5950.0 5250.0 0.03144
6050.0 5250.0 0.45558
6150.0 5250.0 0.75185
6250.0 5250.0 0.75476
6350.0 5250.0 0.45517
50.0 5350.0 -0.07602
150.0 5350.0 0.30908
250.0 5350.0 0.38144
350.0 5350.0 0.14264
450.0 5350.0 -0.19612
550.0 5350.0 -0.36582
650.0 5350.0 -0.19699
750.0 5350.0 0.21847
850.0 5350.0 0.52510
950.0 5350.0 0.52382
1050.0 5350.0 0.26990
1150.0 5350.0 -0.02647
1250.0 5350.0 -0.12701
1350.0 5350.0 0.08146
1450.0 5350.0 0.46770
1550.0 5350.0 1.02935
1650.0 5350.0 1.55811
1750.0 5350.0 1.70008
1850.0 5350.0 1.34177
1950.0 5350.0 0.69464
2050.0 5350.0 0.06944
2150.0 5350.0 -0.42068
2250.0 5350.0 -0.52249
2350.0 5350.0 -0.23113
2450.0 5350.0 0.19565
2550.0 5350.0 0.42095
2650.0 5350.0 0.22623
2750.0 5350.0 -0.28202
2850.0 5350.0 -0.79013
2950.0 5350.0 -1.10158
3050.0 5350.0 -1.06869
3150.0 5350.0 -0.73919
3250.0 5350.0 -0.35703
3350.0 5350.0 -0.17929
3450.0 5350.0 -0.17058
3550.0 5350.0 -0.29505
3650.0 5350.0 -0.51467
3750.0 5350.0 -0.67030
3850.0 5350.0 -0.64432
3950.0 5350.0 -0.43485
4050.0 5350.0 -0.13495
4150.0 5350.0 0.14047
4250.0 5350.0 0.24853
4350.0 5350.0 0.14555
4450.0 5350.0 -0.08373
4550.0 5350.0 -0.27634
4650.0 5350.0 -0.28914
4750.0 5350.0 -0.13944
4850.0 5350.0 0.10394
4950.0 5350.0 0.40781
5050.0 5350.0 0.59156
5150.0 5350.0 0.53377
5250.0 5350.0 0.27276
5350.0 5350.0 -0.04234
5450.0 5350.0 -0.35122
5550.0 5350.0 -0.75587
5650.0 5350.0 -1.09597
5750.0 5350.0 -1.13225
5850.0 5350.0 -0.81369
5950.0 5350.0 -0.32057
6050.0 5350.0 0.11933
6150.0 5350.0 0.45854
6250.0 5350.0 0.53284
6350.0 5350.0 0.31825
50.0 5450.0 0.15615
150.0 5450.0 0.52861
250.0 5450.0 0.54131
350.0 5450.0 0.19562
450.0 5450.0 -0.26577
550.0 5450.0 -0.53321
650.0 5450.0 -0.41122
750.0 5450.0 -0.00526
850.0 5450.0 0.27573
950.0 5450.0 0.20580
1050.0 5450.0 -0.14779
1150.0 5450.0 -0.54346
1250.0 5450.0 -0.71180
1350.0 5450.0 -0.52813
1450.0 5450.0 -0.14385
1550.0 5450.0 0.44852
1650.0 5450.0 1.05542
1750.0 5450.0 1.30428
1850.0 5450.0 1.04585
1950.0 5450.0 0.45939
2050.0 5450.0 -0.14884
2150.0 5450.0 -0.61923
2250.0 5450.0 -0.64583
2350.0 5450.0 -0.22734
2450.0 5450.0 0.33899
2550.0 5450.0 0.66992
2650.0 5450.0 0.52070
2750.0 5450.0 0.01596
2850.0 5450.0 -0.48180
2950.0 5450.0 -0.75974
3050.0 5450.0 -0.67722
3150.0 5450.0 -0.29915
3250.0 5450.0 0.11403
3350.0 5450.0 0.29965
3450.0 5450.0 0.30534
3550.0 5450.0 0.17265
3650.0 5450.0 -0.06307
3750.0 5450.0 -0.24028
3850.0 5450.0 -0.23569
3950.0 5450.0 -0.04171
4050.0 5450.0 0.24995
4150.0 5450.0 0.52435
4250.0 5450.0 0.65432
4350.0 5450.0 0.59755
4450.0 5450.0 0.42431
4550.0 5450.0 0.27717
4650.0 5450.0 0.28509
4750.0 5450.0 0.43611
4850.0 5450.0 0.66877
4950.0 5450.0 0.94164
5050.0 5450.0 1.08213
5150.0 5450.0 0.98467
5250.0 5450.0 0.70110
5350.0 5450.0 0.38361
5450.0 5450.0 0.07426
5550.0 5450.0 -0.39855
5650.0 5450.0 -0.90386
5750.0 5450.0 -1.16079
5850.0 5450.0 -1.04387
5950.0 5450.0 -0.66924
6050.0 5450.0 -0.25842
6150.0 5450.0 0.08564
6250.0 5450.0 0.21431
6350.0 5450.0 0.10369
50.0 5550.0 0.33332
150.0 5550.0 0.69069
250.0 5550.0 0.67917
350.0 5550.0 0.28568
450.0 5550.0 -0.25012
550.0 5550.0 -0.60450
650.0 5550.0 -0.56002
750.0 5550.0 -0.21547
850.0 5550.0 0.00422
950.0 5550.0 -0.13166
1050.0 5550.0 -0.55528
1150.0 5550.0 -1.02202
1250.0 5550.0 -1.25874
1350.0 5550.0 -1.13878
1450.0 5550.0 -0.81574
1550.0 5550.0 -0.27025
1650.0 5550.0 0.34634
1750.0 5550.0 0.68474
1850.0 5550.0 0.57018
1950.0 5550.0 0.12003
2050.0 5550.0 -0.40294
2150.0 5550.0 -0.79375
2250.0 5550.0 -0.70382
2350.0 5550.0 -0.15597
2450.0 5550.0 0.51251
2550.0 5550.0 0.89682
2650.0 5550.0 0.76032
2750.0 5550.0 0.25366
2850.0 5550.0 -0.23823
2950.0 5550.0 -0.49933
3050.0 5550.0 -0.40382
3150.0 5550.0 -0.03014
3250.0 5550.0 0.35921
3350.0 5550.0 0.51049
3450.0 5550.0 0.48443
3550.0 5550.0 0.35536
3650.0 5550.0 0.16009
3750.0 5550.0 0.02620
3850.0 5550.0 0.04190
3950.0 5550.0 0.19980
4050.0 5550.0 0.42101
4150.0 5550.0 0.62575
4250.0 5550.0 0.72939
4350.0 5550.0 0.71428
4450.0 5550.0 0.63712
4550.0 5550.0 0.59260
4650.0 5550.0 0.65694
4750.0 5550.0 0.81430
4850.0 5550.0 1.02932
4950.0 5550.0 1.26183
5050.0 5550.0 1.37173
5150.0 5550.0 1.28242
5250.0 5550.0 1.04905
5350.0 5550.0 0.80346
5450.0 5550.0 0.56413
5550.0 5550.0 0.10286
5650.0 5550.0 -0.51666
5750.0 5550.0 -1.01521
5850.0 5550.0 -1.19175
5950.0 5550.0 -1.05061
6050.0 5550.0 -0.75871
6150.0 5550.0 -0.47898
6250.0 5550.0 -0.32039
6350.0 5550.0 -0.29104
50.0 5650.0 0.37573
150.0 5650.0 0.71788
250.0 5650.0 0.74793
350.0 5650.0 0.41850
450.0 5650.0 -0.09060
550.0 5650.0 -0.49000
650.0 5650.0 -0.55298
750.0 5650.0 -0.33975
850.0 5650.0 -0.22013
950.0 5650.0 -0.38638
1050.0 5650.0 -0.79132
1150.0 5650.0 -1.24175
1250.0 5650.0 -1.51439
1350.0 5650.0 -1.49997
1450.0 5650.0 -1.31937
1550.0 5650.0 -0.93978
1650.0 5650.0 -0.43762
1750.0 5650.0 -0.07340
1850.0 5650.0 -0.01961
1950.0 5650.0 -0.25004
2050.0 5650.0 -0.59823
2150.0 5650.0 -0.83224
2250.0 5650.0 -0.59379
2350.0 5650.0 0.04229
2450.0 5650.0 0.71140
2550.0 5650.0 1.03804
2650.0 5650.0 0.85135
2750.0 5650.0 0.33307
2850.0 5650.0 -0.15606
2950.0 5650.0 -0.41191
3050.0 5650.0 -0.33586
3150.0 5650.0 -0.02074
3250.0 5650.0 0.28248
3350.0 5650.0 0.34616
3450.0 5650.0 0.24949
3550.0 5650.0 0.13995
3650.0 5650.0 0.06119
3750.0 5650.0 0.05765
3850.0 5650.0 0.12742
3950.0 5650.0 0.22044
4050.0 5650.0 0.28642
4150.0 5650.0 0.32589
4250.0 5650.0 0.32633
4350.0 5650.0 0.32633
4450.0 5650.0 0.37645
4550.0 5650.0 0.49387
4650.0 5650.0 0.65459
4750.0 5650.0 0.82359
4850.0 5650.0 1.00651
4950.0 5650.0 1.17175
5050.0 5650.0 1.24796
5150.0 5650.0 1.21200
5250.0 5650.0 1.11494
5350.0 5650.0 1.03851
5450.0 5650.0 0.96881
5550.0 5650.0 0.66600
5650.0 5650.0 0.08763
5750.0 5650.0 -0.57065
5850.0 5650.0 -1.06812
5950.0 5650.0 -1.26259
6050.0 5650.0 -1.20136
6150.0 5650.0 -1.08621
6250.0 5650.0 -0.96198
6350.0 5650.0 -0.79918
50.0 5750.0 0.27310
150.0 5750.0 0.60442
250.0 5750.0 0.73284
350.0 5750.0 0.56600
450.0 5750.0 0.18188
550.0 5750.0 -0.20518
650.0 5750.0 -0.37532
750.0 5750.0 -0.32787
850.0 5750.0 -0.31398
950.0 5750.0 -0.44723
1050.0 5750.0 -0.72041
1150.0 5750.0 -1.04215
1250.0 5750.0 -1.28897
1350.0 5750.0 -1.38737
1450.0 5750.0 -1.39261
1550.0 5750.0 -1.25921
1650.0 5750.0 -0.97778
1750.0 5750.0 -0.67490
1850.0 5750.0 -0.48798
1950.0 5750.0 -0.48232
2050.0 5750.0 -0.61457
2150.0 5750.0 -0.65869
2250.0 5750.0 -0.29028
2350.0 5750.0 0.35005
2450.0 5750.0 0.89635
2550.0 5750.0 1.05290
2650.0 5750.0 0.75907
2750.0 5750.0 0.22208
2850.0 5750.0 -0.26046
2950.0 5750.0 -0.50002
3050.0 5750.0 -0.43483
3150.0 5750.0 -0.18088
3250.0 5750.0 0.02093
3350.0 5750.0 -0.02514
3450.0 5750.0 -0.21246
3550.0 5750.0 -0.29494
3650.0 5750.0 -0.21939
3750.0 5750.0 -0.04956
3850.0 5750.0 0.09473
3950.0 5750.0 0.10697
4050.0 5750.0 -0.02635
4150.0 5750.0 -0.20476
4250.0 5750.0 -0.36321
4350.0 5750.0 -0.39021
4450.0 5750.0 -0.22871
4550.0 5750.0 0.05648
4650.0 5750.0 0.32325
4750.0 5750.0 0.50555
4850.0 5750.0 0.64272
4950.0 5750.0 0.70759
5050.0 5750.0 0.71989
5150.0 5750.0 0.73211
5250.0 5750.0 0.79683
5350.0 5750.0 0.93380
5450.0 5750.0 1.08995
5550.0 5750.0 1.07439
5650.0 5750.0 0.73618
5750.0 5750.0 0.11328
5850.0 5750.0 -0.58447
5950.0 5750.0 -1.09204
6050.0 5750.0 -1.30465
6150.0 5750.0 -1.41436
6250.0 5750.0 -1.40054
6350.0 5750.0 -1.18395
50.0 5850.0 0.10328
150.0 5850.0 0.42989
250.0 5850.0 0.67021
350.0 5850.0 0.69169
450.0 5850.0 0.46848
550.0 5850.0 0.13151
650.0 5850.0 -0.11592
750.0 5850.0 -0.21300
850.0 5850.0 -0.27454
950.0 5850.0 -0.32251
1050.0 5850.0 -0.39543
1150.0 5850.0 -0.51964
1250.0 5850.0 -0.68755
1350.0 5850.0 -0.86768
1450.0 5850.0 -1.03875
1550.0 5850.0 -1.14508
1650.0 5850.0 -1.10874
1750.0 5850.0 -0.92456
1850.0 5850.0 -0.67705
1950.0 5850.0 -0.49472
2050.0 5850.0 -0.44241
2150.0 5850.0 -0.32692
2250.0 5850.0 0.11447
2350.0 5850.0 0.68385
2450.0 5850.0 1.03722
2550.0 5850.0 0.97800
2650.0 5850.0 0.56047
2750.0 5850.0 0.00451
2850.0 5850.0 -0.46307
2950.0 5850.0 -0.65979
3050.0 5850.0 -0.56169
3150.0 5850.0 -0.31931
3250.0 5850.0 -0.17867
3350.0 5850.0 -0.31262
3450.0 5850.0 -0.58005
3550.0 5850.0 -0.64073
3650.0 5850.0 -0.43357
3750.0 5850.0 -0.11666
3850.0 5850.0 0.08809
3950.0 5850.0 0.02595
4050.0 5850.0 -0.28405
4150.0 5850.0 -0.65877
4250.0 5850.0 -0.97724
4350.0 5850.0 -1.06312
4450.0 5850.0 -0.84280
4550.0 5850.0 -0.44008
4650.0 5850.0 -0.09322
4750.0 5850.0 0.09941
4850.0 5850.0 0.18626
4950.0 5850.0 0.13166
5050.0 5850.0 0.04151
5150.0 5850.0 0.05035
5250.0 5850.0 0.22728
5350.0 5850.0 0.54298
5450.0 5850.0 0.90449
5550.0 5850.0 1.20910
5650.0 5850.0 1.23234
5750.0 5850.0 0.83286
5850.0 5850.0 0.12796
5950.0 5850.0 -0.56131
6050.0 5850.0 -0.99746
6150.0 5850.0 -1.31647
6250.0 5850.0 -1.45456
6350.0 5850.0 -1.28740
50.0 5950.0 -0.00959
150.0 5950.0 0.31625
250.0 5950.0 0.62862
350.0 5950.0 0.77232
450.0 5950.0 0.65824
550.0 5950.0 0.36415
650.0 5950.0 0.08014
750.0 5950.0 -0.09684
850.0 5950.0 -0.18637
950.0 5950.0 -0.14248
1050.0 5950.0 -0.03746
1150.0 5950.0 0.01474
1250.0 5950.0 -0.06489
1350.0 5950.0 -0.27656
1450.0 5950.0 -0.54132
1550.0 5950.0 -0.79592
1650.0 5950.0 -0.92872
1750.0 5950.0 -0.85232
1850.0 5950.0 -0.60758
1950.0 5950.0 -0.34700
2050.0 5950.0 -0.19553
2150.0 5950.0 0.00390
2250.0 5950.0 0.45913
2350.0 5950.0 0.94073
2450.0 5950.0 1.13187
2550.0 5950.0 0.90986
2650.0 5950.0 0.40448
2750.0 5950.0 -0.16346
2850.0 5950.0 -0.60856
2950.0 5950.0 -0.73732
3050.0 5950.0 -0.55509
3150.0 5950.0 -0.25347
3250.0 5950.0 -0.10307
3350.0 5950.0 -0.27209
3450.0 5950.0 -0.58449
3550.0 5950.0 -0.63833
3650.0 5950.0 -0.36964
3750.0 5950.0 0.01398
3850.0 5950.0 0.23883
3950.0 5950.0 0.12746
4050.0 5950.0 -0.28277
4150.0 5950.0 -0.77012
4250.0 5950.0 -1.19283
4350.0 5950.0 -1.33803
4450.0 5950.0 -1.11470
4550.0 5950.0 -0.66943
4650.0 5950.0 -0.28807
4750.0 5950.0 -0.09089
4850.0 5950.0 -0.04657
4950.0 5950.0 -0.21284
5050.0 5950.0 -0.42725
5150.0 5950.0 -0.48726
5250.0 5950.0 -0.29239
5350.0 5950.0 0.10891
5450.0 5950.0 0.58981
5550.0 5950.0 1.12726
5650.0 5950.0 1.47371
5750.0 5950.0 1.35513
5850.0 5950.0 0.78409
5950.0 5950.0 0.07030
6050.0 5950.0 -0.47583
6150.0 5950.0 -0.92079
6250.0 5950.0 -1.18951
6350.0 5950.0 -1.13157
50.0 6050.0 0.00012
150.0 6050.0 0.32540
250.0 6050.0 0.64965
350.0 6050.0 0.81331
450.0 6050.0 0.71616
550.0 6050.0 0.42710
650.0 6050.0 0.13452
750.0 6050.0 -0.05782
850.0 6050.0 -0.13925
950.0 6050.0 -0.03526
1050.0 6050.0 0.16743
1150.0 6050.0 0.31700
1250.0 6050.0 0.29674
1350.0 6050.0 0.09247
1450.0 6050.0 -0.19112
1550.0 6050.0 -0.48461
1650.0 6050.0 -0.67301
1750.0 6050.0 -0.64686
1850.0 6050.0 -0.42860
1950.0 6050.0 -0.16734
2050.0 6050.0 0.00055
2150.0 6050.0 0.21252
2250.0 6050.0 0.65125
2350.0 6050.0 1.08156
2450.0 6050.0 1.20249
2550.0 6050.0 0.91885
2650.0 6050.0 0.38310
2750.0 6050.0 -0.18793
2850.0 6050.0 -0.60755
2950.0 6050.0 -0.65725
3050.0 6050.0 -0.36034
3150.0 6050.0 0.05107
3250.0 6050.0 0.26911
3350.0 6050.0 0.11431
3450.0 6050.0 -0.20722
3550.0 6050.0 -0.26891
3650.0 6050.0 -0.00891
3750.0 6050.0 0.36108
3850.0 6050.0 0.56635
3950.0 6050.0 0.43230
4050.0 6050.0 0.00005
4150.0 6050.0 -0.51178
4250.0 6050.0 -0.96816
4350.0 6050.0 -1.14887
4450.0 6050.0 -0.95206
4550.0 6050.0 -0.51956
4650.0 6050.0 -0.14081
4750.0 6050.0 0.05598
4850.0 6050.0 0.07098
4950.0 6050.0 -0.18258
5050.0 6050.0 -0.51906
5150.0 6050.0 -0.69029
5250.0 6050.0 -0.55737
5350.0 6050.0 -0.16036
5450.0 6050.0 0.34813
5550.0 6050.0 0.98410
5650.0 6050.0 1.51319
5750.0 6050.0 1.60351
5850.0 6050.0 1.19484
5950.0 6050.0 0.55252
6050.0 6050.0 -0.00015
6150.0 6050.0 -0.47876
6250.0 6050.0 -0.81981
6350.0 6050.0 -0.86683
50.0 6150.0 0.03972
150.0 6150.0 0.35878
250.0 6150.0 0.68549
350.0 6150.0 0.85965
450.0 6150.0 0.77480
550.0 6150.0 0.49264
650.0 6150.0 0.19757
750.0 6150.0 -0.00365
850.0 6150.0 -0.08480
950.0 6150.0 0.04818
1050.0 6150.0 0.31248
1150.0 6150.0 0.54094
1250.0 6150.0 0.59010
1350.0 6150.0 0.42610
1450.0 6150.0 0.16401
1550.0 6150.0 -0.12956
1650.0 6150.0 -0.35359
1750.0 6150.0 -0.39031
1850.0 6150.0 -0.23748
1950.0 6150.0 -0.01713
2050.0 6150.0 0.14248
2150.0 6150.0 0.35328
2250.0 6150.0 0.78463
2350.0 6150.0 1.20268
2450.0 6150.0 1.31154
2550.0 6150.0 1.02077
2650.0 6150.0 0.48466
2750.0 6150.0 -0.08231
2850.0 6150.0 -0.48384
2950.0 6150.0 -0.48298
3050.0 6150.0 -0.10732
3150.0 6150.0 0.38961
3250.0 6150.0 0.67402
3350.0 6150.0 0.55295
3450.0 6150.0 0.24823
3550.0 6150.0 0.19597
3650.0 6150.0 0.45098
3750.0 6150.0 0.80205
3850.0 6150.0 0.98337
3950.0 6150.0 0.83280
4050.0 6150.0 0.39718
4150.0 6150.0 -0.12033
4250.0 6150.0 -0.60703
4350.0 6150.0 -0.84112
4450.0 6150.0 -0.70320
4550.0 6150.0 -0.31452
4650.0 6150.0 0.04712
4750.0 6150.0 0.24531
4850.0 6150.0 0.25192
4950.0 6150.0 -0.04118
5050.0 6150.0 -0.44925
5150.0 6150.0 -0.70595
5250.0 6150.0 -0.64501
5350.0 6150.0 -0.28850
5450.0 6150.0 0.20221
5550.0 6150.0 0.87768
5650.0 6150.0 1.53018
5750.0 6150.0 1.79525
5850.0 6150.0 1.54955
5950.0 6150.0 1.00119
6050.0 6150.0 0.46525
6150.0 6150.0 -0.03016
6250.0 6150.0 -0.44351
6350.0 6150.0 -0.61193
50.0 6250.0 0.04862
150.0 6250.0 0.33852
250.0 6250.0 0.69089
350.0 6250.0 0.94208
450.0 6250.0 0.94658
550.0 6250.0 0.72028
650.0 6250.0 0.42160
750.0 6250.0 0.17449
850.0 6250.0 0.02794
950.0 6250.0 0.10024
1050.0 6250.0 0.36725
1150.0 6250.0 0.68670
1250.0 6250.0 0.88166
1350.0 6250.0 0.85639
1450.0 6250.0 0.70760
1550.0 6250.0 0.46849
1650.0 6250.0 0.18608
1750.0 6250.0 -0.01245
1850.0 6250.0 -0.05291
1950.0 6250.0 0.03733
2050.0 6250.0 0.16997
2150.0 6250.0 0.38868
2250.0 6250.0 0.85324
2350.0 6250.0 1.33537
2450.0 6250.0 1.52567
2550.0 6250.0 1.30953
2650.0 6250.0 0.82082
2750.0 6250.0 0.27688
2850.0 6250.0 -0.13581
2950.0 6250.0 -0.19959
3050.0 6250.0 0.09617
3150.0 6250.0 0.54793
3250.0 6250.0 0.84895
3350.0 6250.0 0.79702
3450.0 6250.0 0.57978
3550.0 6250.0 0.61688
3650.0 6250.0 0.93933
3750.0 6250.0 1.31344
3850.0 6250.0 1.47821
3950.0 6250.0 1.30243
4050.0 6250.0 0.86105
4150.0 6250.0 0.33012
4250.0 6250.0 -0.23202
4350.0 6250.0 -0.59703
4450.0 6250.0 -0.59972
4550.0 6250.0 -0.31068
4650.0 6250.0 0.01859
4750.0 6250.0 0.23103
4850.0 6250.0 0.29685
4950.0 6250.0 0.11994
5050.0 6250.0 -0.17889
5150.0 6250.0 -0.39757
5250.0 6250.0 -0.38698
5350.0 6250.0 -0.13589
5450.0 6250.0 0.24271
5550.0 6250.0 0.86204
5650.0 6250.0 1.56485
5750.0 6250.0 1.97568
5850.0 6250.0 1.90253
5950.0 6250.0 1.46532
6050.0 6250.0 0.94324
6150.0 6250.0 0.40941
6250.0 6250.0 -0.13155
6350.0 6250.0 -0.48891
50.0 6350.0 0.02504
150.0 6350.0 0.26069
250.0 6350.0 0.64745
350.0 6350.0 1.01569
450.0 6350.0 1.15655
550.0 6350.0 1.01202
650.0 6350.0 0.69901
750.0 6350.0 0.36892
850.0 6350.0 0.08528
950.0 6350.0 -0.01441
1050.0 6350.0 0.16216
1150.0 6350.0 0.54867
1250.0 6350.0 0.93995
1350.0 6350.0 1.14174
1450.0 6350.0 1.19755
1550.0 6350.0 1.08815
1650.0 6350.0 0.77493
1750.0 6350.0 0.38228
1850.0 6350.0 0.08060
1950.0 6350.0 -0.01449
2050.0 6350.0 0.07916
2150.0 6350.0 0.30974
2250.0 6350.0 0.82224
2350.0 6350.0 1.39848
2450.0 6350.0 1.71124
2550.0 6350.0 1.61050
2650.0 6350.0 1.19847
2750.0 6350.0 0.69456
2850.0 6350.0 0.24587
2950.0 6350.0 0.01663
3050.0 6350.0 0.09494
3150.0 6350.0 0.39124
3250.0 6350.0 0.67179
3350.0 6350.0 0.72719
3450.0 6350.0 0.66543
3550.0 6350.0 0.85945
3650.0 6350.0 1.29670
3750.0 6350.0 1.70485
3850.0 6350.0 1.83386
3950.0 6350.0 1.60961
4050.0 6350.0 1.15731
4150.0 6350.0 0.61222
4250.0 6350.0 -0.03441
4350.0 6350.0 -0.54354
4450.0 6350.0 -0.69605
4550.0 6350.0 -0.50642
4650.0 6350.0 -0.20019
4750.0 6350.0 0.04104
4850.0 6350.0 0.22661
4950.0 6350.0 0.30101
5050.0 6350.0 0.26276
5150.0 6350.0 0.17760
5250.0 6350.0 0.14232
5350.0 6350.0 0.21940
5450.0 6350.0 0.39241
5550.0 6350.0 0.84666
5650.0 6350.0 1.49310
5750.0 6350.0 1.97582
5850.0 6350.0 2.04428
5950.0 6350.0 1.71241
6050.0 6350.0 1.19705
6150.0 6350.0 0.61152
6250.0 6350.0 -0.07111
6350.0 6350.0 -0.61223
