50.0 50.0 0.00000
150.0 50.0 -0.07216
250.0 50.0 -0.19971
350.0 50.0 -0.35759
450.0 50.0 -0.48628
550.0 50.0 -0.53379
650.0 50.0 -0.47984
750.0 50.0 -0.34190
850.0 50.0 -0.16332
950.0 50.0 0.01659
1050.0 50.0 0.14482
1150.0 50.0 0.10532
1250.0 50.0 -0.09812
1350.0 50.0 -0.37347
1450.0 50.0 -0.60276
1550.0 50.0 -0.68832
1650.0 50.0 -0.58279
1750.0 50.0 -0.30298
1850.0 50.0 0.07223
1950.0 50.0 0.37943
2050.0 50.0 0.44273
2150.0 50.0 0.24634
2250.0 50.0 -0.10903
2350.0 50.0 -0.46877
2450.0 50.0 -0.67967
2550.0 50.0 -0.63795
2650.0 50.0 -0.32996
2750.0 50.0 0.13521
2850.0 50.0 0.58076
2950.0 50.0 0.88950
3050.0 50.0 0.98206
3150.0 50.0 0.84511
3250.0 50.0 0.54329
3350.0 50.0 0.20333
3450.0 50.0 -0.02962
3550.0 50.0 -0.06337
3650.0 50.0 0.04684
3750.0 50.0 0.20812
3850.0 50.0 0.42136
3950.0 50.0 0.62319
4050.0 50.0 0.73649
4150.0 50.0 0.71593
4250.0 50.0 0.56792
4350.0 50.0 0.34482
4450.0 50.0 0.11367
4550.0 50.0 -0.09402
4650.0 50.0 -0.19356
4750.0 50.0 -0.09564
4850.0 50.0 0.15621
4950.0 50.0 0.44901
5050.0 50.0 0.65868
5150.0 50.0 0.69309
5250.0 50.0 0.51961
5350.0 50.0 0.17733
5450.0 50.0 -0.22219
5550.0 50.0 -0.48576
5650.0 50.0 -0.49325
5750.0 50.0 -0.26476
5850.0 50.0 0.08886
5950.0 50.0 0.41662
6050.0 50.0 0.57619
6150.0 50.0 0.48115
6250.0 50.0 0.14650
6350.0 50.0 -0.28923
50.0 150.0 0.29306
150.0 150.0 0.21771
250.0 150.0 0.04222
350.0 150.0 -0.22201
450.0 150.0 -0.50333
550.0 150.0 -0.72167
650.0 150.0 -0.82271
750.0 150.0 -0.79473
850.0 150.0 -0.66793
950.0 150.0 -0.49634
1050.0 150.0 -0.35315
1150.0 150.0 -0.31910
1250.0 150.0 -0.37978
1350.0 150.0 -0.46318
1450.0 150.0 -0.48832
1550.0 150.0 -0.39811
1650.0 150.0 -0.17666
1750.0 150.0 0.14922
1850.0 150.0 0.52376
1950.0 150.0 0.82474
2050.0 150.0 0.88465
2150.0 150.0 0.68797
2250.0 150.0 0.33439
2350.0 150.0 -0.02324
2450.0 150.0 -0.23355
2550.0 150.0 -0.19409
2650.0 150.0 0.10848
2750.0 150.0 0.56633
2850.0 150.0 1.00654
2950.0 150.0 1.31649
3050.0 150.0 1.41832
3150.0 150.0 1.29724
3250.0 150.0 1.01420
3350.0 150.0 0.69118
3450.0 150.0 0.46908
3550.0 150.0 0.43832
3650.0 150.0 0.54666
3750.0 150.0 0.70776
3850.0 150.0 0.92678
3950.0 150.0 1.14211
4050.0 150.0 1.27579
4150.0 150.0 1.27932
4250.0 150.0 1.15448
4350.0 150.0 0.94924
4450.0 150.0 0.72863
4550.0 150.0 0.52633
4650.0 150.0 0.41248
4750.0 150.0 0.45452
4850.0 150.0 0.60831
4950.0 150.0 0.77637
5050.0 150.0 0.85893
5150.0 150.0 0.78910
5250.0 150.0 0.55208
5350.0 150.0 0.18845
5450.0 150.0 -0.21402
5550.0 150.0 -0.50014
5650.0 150.0 -0.56680
5750.0 150.0 -0.42961
5850.0 150.0 -0.18224
5950.0 150.0 0.04616
6050.0 150.0 0.13265
6150.0 150.0 0.00139
6250.0 150.0 -0.33626
6350.0 150.0 -0.76139
50.0 250.0 0.42142
150.0 250.0 0.37590
250.0 250.0 0.19899
350.0 250.0 -0.11339
450.0 250.0 -0.48755
550.0 250.0 -0.82622
650.0 250.0 -1.04823
750.0 250.0 -1.11381
850.0 250.0 -1.03550
950.0 250.0 -0.87459
1050.0 250.0 -0.72095
1150.0 250.0 -0.62648
1250.0 250.0 -0.57320
1350.0 250.0 -0.51181
1450.0 250.0 -0.39479
1550.0 250.0 -0.19671
1650.0 250.0 0.07838
1750.0 250.0 0.40246
1850.0 250.0 0.74149
1950.0 250.0 1.01356
2050.0 250.0 1.07923
2150.0 250.0 0.92726
2250.0 250.0 0.64497
2350.0 250.0 0.36386
2450.0 250.0 0.21237
2550.0 250.0 0.27573
2650.0 250.0 0.56284
2750.0 250.0 0.98093
2850.0 250.0 1.38556
2950.0 250.0 1.68152
3050.0 250.0 1.79825
3150.0 250.0 1.71827
3250.0 250.0 1.49095
3350.0 250.0 1.22126
3450.0 250.0 1.03340
3550.0 250.0 1.00924
3650.0 250.0 1.10589
3750.0 250.0 1.24803
3850.0 250.0 1.44001
3950.0 250.0 1.62905
4050.0 250.0 1.74826
4150.0 250.0 1.75594
4250.0 250.0 1.65351
4350.0 250.0 1.48200
4450.0 250.0 1.29709
4550.0 250.0 1.12742
4650.0 250.0 1.02341
4750.0 250.0 1.02307
4850.0 250.0 1.07556
4950.0 250.0 1.09781
5050.0 250.0 1.01947
5150.0 250.0 0.80891
5250.0 250.0 0.48039
5350.0 250.0 0.08227
5450.0 250.0 -0.32798
5550.0 250.0 -0.64407
5650.0 250.0 -0.77588
5750.0 250.0 -0.72419
5850.0 250.0 -0.55760
5950.0 250.0 -0.38265
6050.0 250.0 -0.31005
6150.0 250.0 -0.41691
6250.0 250.0 -0.70500
6350.0 250.0 -1.07145
50.0 350.0 0.34154
150.0 350.0 0.36871
250.0 350.0 0.25376
350.0 350.0 -0.02433
450.0 350.0 -0.40360
550.0 350.0 -0.78567
650.0 350.0 -1.07408
750.0 350.0 -1.20453
850.0 350.0 -1.16691
950.0 350.0 -1.01915
1050.0 350.0 -0.86190
1150.0 350.0 -0.72888
1250.0 350.0 -0.60842
1350.0 350.0 -0.47597
1450.0 350.0 -0.31053
1550.0 350.0 -0.10404
1650.0 350.0 0.13648
1750.0 350.0 0.39383
1850.0 350.0 0.65242
1950.0 350.0 0.86489
2050.0 350.0 0.94087
2150.0 350.0 0.87776
2250.0 350.0 0.73790
2350.0 350.0 0.60971
2450.0 350.0 0.57543
2550.0 350.0 0.68559
2650.0 350.0 0.94012
2750.0 350.0 1.27661
2850.0 350.0 1.60596
2950.0 350.0 1.86458
3050.0 350.0 1.99637
3150.0 350.0 1.98057
3250.0 350.0 1.84668
3350.0 350.0 1.66889
3450.0 350.0 1.54005
3550.0 350.0 1.52520
3650.0 350.0 1.59748
3750.0 350.0 1.69708
3850.0 350.0 1.82137
3950.0 350.0 1.93543
4050.0 350.0 1.99834
4150.0 350.0 1.98750
4250.0 350.0 1.90877
4350.0 350.0 1.79260
4450.0 350.0 1.67602
4550.0 350.0 1.57407
4650.0 350.0 1.51664
4750.0 350.0 1.50900
4850.0 350.0 1.48556
4950.0 350.0 1.37152
5050.0 350.0 1.12545
5150.0 350.0 0.75677
5250.0 350.0 0.31848
5350.0 350.0 -0.12527
5450.0 350.0 -0.54927
5550.0 350.0 -0.90453
5650.0 350.0 -1.10835
5750.0 350.0 -1.13350
5850.0 350.0 -1.01365
5950.0 350.0 -0.83205
6050.0 350.0 -0.69659
6150.0 350.0 -0.70095
6250.0 350.0 -0.87218
6350.0 350.0 -1.11873
50.0 450.0 0.10479
150.0 450.0 0.23841
250.0 450.0 0.23917
350.0 450.0 0.06911
450.0 450.0 -0.23334
550.0 450.0 -0.58369
650.0 450.0 -0.88225
750.0 450.0 -1.04549
850.0 450.0 -1.03792
950.0 450.0 -0.90449
1050.0 450.0 -0.75026
1150.0 450.0 -0.60210
1250.0 450.0 -0.46326
1350.0 450.0 -0.33384
1450.0 450.0 -0.21074
1550.0 450.0 -0.08860
1650.0 450.0 0.03851
1750.0 450.0 0.17447
1850.0 450.0 0.31759
1950.0 450.0 0.44470
2050.0 450.0 0.52522
2150.0 450.0 0.56747
2250.0 450.0 0.60166
2350.0 450.0 0.66077
2450.0 450.0 0.76772
2550.0 450.0 0.92854
2650.0 450.0 1.13177
2750.0 450.0 1.35406
2850.0 450.0 1.57634
2950.0 450.0 1.77459
3050.0 450.0 1.91239
3150.0 450.0 1.96664
3250.0 450.0 1.94283
3350.0 450.0 1.87618
3450.0 450.0 1.81878
3550.0 450.0 1.81280
3650.0 450.0 1.85083
3750.0 450.0 1.89028
3850.0 450.0 1.91737
3950.0 450.0 1.92193
4050.0 450.0 1.90002
4150.0 450.0 1.85685
4250.0 450.0 1.80574
4350.0 450.0 1.76331
4450.0 450.0 1.74069
4550.0 450.0 1.73367
4650.0 450.0 1.75866
4750.0 450.0 1.79375
4850.0 450.0 1.75218
4950.0 450.0 1.55649
5050.0 450.0 1.18462
5150.0 450.0 0.68243
5250.0 450.0 0.14300
5350.0 450.0 -0.34762
5450.0 450.0 -0.78966
5550.0 450.0 -1.19078
5650.0 450.0 -1.47082
5750.0 450.0 -1.56454
5850.0 450.0 -1.46338
5950.0 450.0 -1.22717
6050.0 450.0 -0.96851
6150.0 450.0 -0.80968
6250.0 450.0 -0.81221
6350.0 450.0 -0.89221
50.0 550.0 -0.18266
150.0 550.0 0.07035
250.0 550.0 0.21242
350.0 550.0 0.19027
450.0 550.0 0.01299
550.0 550.0 -0.25772
650.0 550.0 -0.52738
750.0 550.0 -0.69861
850.0 550.0 -0.71108
950.0 550.0 -0.59146
1050.0 550.0 -0.44441
1150.0 550.0 -0.29822
1250.0 550.0 -0.17547
1350.0 550.0 -0.09857
1450.0 550.0 -0.07489
1550.0 550.0 -0.09169
1650.0 550.0 -0.12056
1750.0 550.0 -0.13155
1850.0 550.0 -0.11688
1950.0 550.0 -0.08705
2050.0 550.0 -0.01658
2150.0 550.0 0.11334
2250.0 550.0 0.30151
2350.0 550.0 0.52710
2450.0 550.0 0.75552
2550.0 550.0 0.94983
2650.0 550.0 1.08772
2750.0 550.0 1.18375
2850.0 550.0 1.28605
2950.0 550.0 1.40903
3050.0 550.0 1.53728
3150.0 550.0 1.64758
3250.0 550.0 1.72302
3350.0 550.0 1.76022
3450.0 550.0 1.76965
3550.0 550.0 1.76899
3650.0 550.0 1.76911
3750.0 550.0 1.74300
3850.0 550.0 1.66485
3950.0 550.0 1.55173
4050.0 550.0 1.43989
4150.0 550.0 1.36443
4250.0 550.0 1.34628
4350.0 550.0 1.38641
4450.0 550.0 1.46750
4550.0 550.0 1.56530
4650.0 550.0 1.69556
4750.0 550.0 1.82209
4850.0 550.0 1.83433
4950.0 550.0 1.64003
5050.0 550.0 1.22080
5150.0 550.0 0.64502
5250.0 550.0 0.03811
5350.0 550.0 -0.48994
5450.0 550.0 -0.95114
5550.0 550.0 -1.39992
5650.0 550.0 -1.75627
5750.0 550.0 -1.91349
5850.0 550.0 -1.81863
5950.0 550.0 -1.50858
6050.0 550.0 -1.10378
6150.0 550.0 -0.75955
6250.0 550.0 -0.57509
6350.0 550.0 -0.47269
50.0 650.0 -0.39906
150.0 650.0 -0.03871
250.0 650.0 0.23351
350.0 650.0 0.35152
450.0 650.0 0.29724
550.0 650.0 0.10995
650.0 650.0 -0.12292
750.0 650.0 -0.29362
850.0 650.0 -0.32043
950.0 650.0 -0.21262
1050.0 650.0 -0.07300
1150.0 650.0 0.06656
1250.0 650.0 0.16544
1350.0 650.0 0.18254
1450.0 650.0 0.10354
1550.0 650.0 -0.04951
1650.0 650.0 -0.22594
1750.0 650.0 -0.37180
1850.0 650.0 -0.47231
1950.0 650.0 -0.53388
2050.0 650.0 -0.49115
2150.0 650.0 -0.31790
2250.0 650.0 -0.03847
2350.0 650.0 0.28696
2450.0 650.0 0.58197
2550.0 650.0 0.77856
2650.0 650.0 0.84678
2750.0 650.0 0.82892
2850.0 650.0 0.82146
2950.0 650.0 0.86763
3050.0 650.0 0.97026
3150.0 650.0 1.10854
3250.0 650.0 1.24975
3350.0 650.0 1.36051
3450.0 650.0 1.41735
3550.0 650.0 1.41678
3650.0 650.0 1.38273
3750.0 650.0 1.29942
3850.0 650.0 1.13183
3950.0 650.0 0.92141
4050.0 650.0 0.73911
4150.0 650.0 0.64485
4250.0 650.0 0.66438
4350.0 650.0 0.78336
4450.0 650.0 0.95887
4550.0 650.0 1.15092
4650.0 650.0 1.38820
4750.0 650.0 1.63552
4850.0 650.0 1.76061
4950.0 650.0 1.64747
5050.0 650.0 1.26561
5150.0 650.0 0.68817
5250.0 650.0 0.05921
5350.0 650.0 -0.48995
5450.0 650.0 -0.96792
5550.0 650.0 -1.46079
5650.0 650.0 -1.88947
5750.0 650.0 -2.11009
5850.0 650.0 -2.02893
5950.0 650.0 -1.66082
6050.0 650.0 -1.13169
6150.0 650.0 -0.62543
6250.0 650.0 -0.27499
6350.0 650.0 -0.01011
50.0 750.0 -0.44533
150.0 750.0 -0.01099
250.0 750.0 0.34639
350.0 750.0 0.55045
450.0 750.0 0.56554
550.0 750.0 0.41835
650.0 750.0 0.19492
750.0 750.0 0.01321
850.0 750.0 -0.02890
950.0 750.0 0.06989
1050.0 750.0 0.20597
1150.0 750.0 0.34890
1250.0 750.0 0.44669
1350.0 750.0 0.44316
1450.0 750.0 0.31516
1550.0 750.0 0.08681
1650.0 750.0 -0.17923
1750.0 750.0 -0.41345
1850.0 750.0 -0.59379
1950.0 750.0 -0.72466
2050.0 750.0 -0.72387
2150.0 750.0 -0.56238
2250.0 750.0 -0.27477
2350.0 750.0 0.06172
2450.0 750.0 0.35291
2550.0 750.0 0.51788
2650.0 750.0 0.52381
2750.0 750.0 0.42498
2850.0 750.0 0.33803
2950.0 750.0 0.32030
3050.0 750.0 0.38679
3150.0 750.0 0.52105
3250.0 750.0 0.68384
3350.0 750.0 0.82552
3450.0 750.0 0.90241
3550.0 750.0 0.89690
3650.0 750.0 0.83865
3750.0 750.0 0.71765
3850.0 750.0 0.49506
3950.0 750.0 0.22957
4050.0 750.0 0.01435
4150.0 750.0 -0.07645
4250.0 750.0 -0.01694
4350.0 750.0 0.16559
4450.0 750.0 0.41007
4550.0 750.0 0.66863
4650.0 750.0 0.99221
4750.0 750.0 1.35851
4850.0 750.0 1.61967
4950.0 750.0 1.63388
5050.0 750.0 1.34851
5150.0 750.0 0.82648
5250.0 750.0 0.21589
5350.0 750.0 -0.33716
5450.0 750.0 -0.82680
5550.0 750.0 -1.35595
5650.0 750.0 -1.85031
5750.0 750.0 -2.13942
5850.0 750.0 -2.09704
5950.0 750.0 -1.71688
6050.0 750.0 -1.12328
6150.0 750.0 -0.51665
6250.0 750.0 -0.05394
6350.0 750.0 0.32405
50.0 850.0 -0.28250
150.0 850.0 0.18310
250.0 850.0 0.56314
350.0 850.0 0.77274
450.0 850.0 0.77223
550.0 850.0 0.59123
650.0 850.0 0.32541
750.0 850.0 0.10593
850.0 850.0 0.04163
950.0 850.0 0.13398
1050.0 850.0 0.27312
1150.0 850.0 0.44002
1250.0 850.0 0.58104
1350.0 850.0 0.62730
1450.0 850.0 0.54050
1550.0 850.0 0.33323
1650.0 850.0 0.06374
1750.0 850.0 -0.19479
1850.0 850.0 -0.41006
1950.0 850.0 -0.57991
2050.0 850.0 -0.62745
2150.0 850.0 -0.52530
2250.0 850.0 -0.30526
2350.0 850.0 -0.03896
2450.0 850.0 0.18588
2550.0 850.0 0.29361
2650.0 850.0 0.25332
2750.0 850.0 0.11532
2850.0 850.0 -0.01164
2950.0 850.0 -0.07088
3050.0 850.0 -0.04248
3150.0 850.0 0.06233
3250.0 850.0 0.20651
3350.0 850.0 0.33849
3450.0 850.0 0.40930
3550.0 850.0 0.39567
3650.0 850.0 0.32589
3750.0 850.0 0.19091
3850.0 850.0 -0.04564
3950.0 850.0 -0.31689
4050.0 850.0 -0.52246
4150.0 850.0 -0.58638
4250.0 850.0 -0.48761
4350.0 850.0 -0.26284
4450.0 850.0 0.01806
4550.0 850.0 0.30807
4650.0 850.0 0.68264
4750.0 850.0 1.13733
4850.0 850.0 1.51663
4950.0 850.0 1.65789
5050.0 850.0 1.48508
5150.0 850.0 1.04331
5250.0 850.0 0.47381
5350.0 850.0 -0.07054
5450.0 850.0 -0.56581
5550.0 850.0 -1.12196
5650.0 850.0 -1.67495
5750.0 850.0 -2.04091
5850.0 850.0 -2.07100
5950.0 850.0 -1.73862
6050.0 850.0 -1.15713
6150.0 850.0 -0.52818
6250.0 850.0 -0.02058
6350.0 850.0 0.40916
50.0 950.0 0.03197
150.0 950.0 0.49701
250.0 950.0 0.85118
350.0 950.0 1.00165
450.0 950.0 0.91535
550.0 950.0 0.63770
650.0 950.0 0.28372
750.0 950.0 0.00140
850.0 950.0 -0.09266
950.0 950.0 -0.00521
1050.0 950.0 0.14253
1150.0 950.0 0.35209
1250.0 950.0 0.57579
1350.0 950.0 0.73291
1450.0 950.0 0.76358
1550.0 950.0 0.65692
1650.0 950.0 0.45313
1750.0 950.0 0.21987
1850.0 950.0 0.00287
1950.0 950.0 -0.18258
2050.0 950.0 -0.27808
2150.0 950.0 -0.26077
2250.0 950.0 -0.15135
2350.0 950.0 -0.00167
2450.0 950.0 0.12224
2550.0 950.0 0.16139
2650.0 950.0 0.08965
2750.0 950.0 -0.05661
2850.0 950.0 -0.19391
2950.0 950.0 -0.27549
3050.0 950.0 -0.28161
3150.0 950.0 -0.21846
3250.0 950.0 -0.11565
3350.0 950.0 -0.01754
3450.0 950.0 0.03165
3550.0 950.0 0.00892
3650.0 950.0 -0.06303
3750.0 950.0 -0.19487
3850.0 950.0 -0.41621
3950.0 950.0 -0.65864
4050.0 950.0 -0.82529
4150.0 950.0 -0.84714
4250.0 950.0 -0.71121
4350.0 950.0 -0.46080
4450.0 950.0 -0.16765
4550.0 950.0 0.12796
4650.0 950.0 0.52351
4750.0 950.0 1.03164
4850.0 950.0 1.49521
4950.0 950.0 1.73767
5050.0 950.0 1.66364
5150.0 950.0 1.29978
5250.0 950.0 0.77574
5350.0 950.0 0.24537
5450.0 950.0 -0.25127
5550.0 950.0 -0.82782
5650.0 950.0 -1.43481
5750.0 950.0 -1.88460
5850.0 950.0 -2.01291
5950.0 950.0 -1.77313
6050.0 950.0 -1.26064
6150.0 950.0 -0.66698
6250.0 950.0 -0.16395
6350.0 950.0 0.27275
50.0 1050.0 0.36111
150.0 1050.0 0.81632
250.0 1050.0 1.13339
350.0 1050.0 1.21192
450.0 1050.0 1.02697
550.0 1050.0 0.64138
650.0 1050.0 0.19054
750.0 1050.0 -0.16071
850.0 1050.0 -0.28882
950.0 1050.0 -0.20986
1050.0 1050.0 -0.05762
1150.0 1050.0 0.18973
1250.0 1050.0 0.49331
1350.0 1050.0 0.76381
1450.0 1050.0 0.92135
1550.0 1050.0 0.93045
1650.0 1050.0 0.81002
1750.0 1050.0 0.61834
1850.0 1050.0 0.41323
1950.0 1050.0 0.22254
2050.0 1050.0 0.08063
2150.0 1050.0 0.00456
2250.0 1050.0 -0.01238
2350.0 1050.0 0.00313
2450.0 1050.0 0.01265
2550.0 1050.0 -0.02147
2650.0 1050.0 -0.11921
2750.0 1050.0 -0.26187
2850.0 1050.0 -0.39559
2950.0 1050.0 -0.48225
3050.0 1050.0 -0.50283
3150.0 1050.0 -0.46036
3250.0 1050.0 -0.37922
3350.0 1050.0 -0.29823
3450.0 1050.0 -0.25754
3550.0 1050.0 -0.27932
3650.0 1050.0 -0.34480
3750.0 1050.0 -0.46543
3850.0 1050.0 -0.66565
3950.0 1050.0 -0.87726
4050.0 1050.0 -1.00765
4150.0 1050.0 -0.99380
4250.0 1050.0 -0.82852
4350.0 1050.0 -0.55875
4450.0 1050.0 -0.25620
4550.0 1050.0 0.04435
4650.0 1050.0 0.45598
4750.0 1050.0 1.00363
4850.0 1050.0 1.52911
4950.0 1050.0 1.84592
5050.0 1050.0 1.84473
5150.0 1050.0 1.53877
5250.0 1050.0 1.04923
5350.0 1050.0 0.53053
5450.0 1050.0 0.03437
5550.0 1050.0 -0.55652
5650.0 1050.0 -1.20605
5750.0 1050.0 -1.72648
5850.0 1050.0 -1.94306
5950.0 1050.0 -1.79288
6050.0 1050.0 -1.35436
6150.0 1050.0 -0.80720
6250.0 1050.0 -0.32294
6350.0 1050.0 0.10566
50.0 1150.0 0.62001
150.0 1150.0 1.05227
250.0 1150.0 1.32713
350.0 1150.0 1.33879
450.0 1150.0 1.06795
550.0 1150.0 0.58977
650.0 1150.0 0.05402
750.0 1150.0 -0.36246
850.0 1150.0 -0.53110
950.0 1150.0 -0.47453
1050.0 1150.0 -0.33813
1150.0 1150.0 -0.08885
1250.0 1150.0 0.24809
1350.0 1150.0 0.58784
1450.0 1150.0 0.84300
1550.0 1150.0 0.96011
1650.0 1150.0 0.93556
1750.0 1150.0 0.81075
1850.0 1150.0 0.64664
1950.0 1150.0 0.47543
2050.0 1150.0 0.29692
2150.0 1150.0 0.11974
2250.0 1150.0 -0.04436
2350.0 1150.0 -0.18799
2450.0 1150.0 -0.31164
2550.0 1150.0 -0.42326
2650.0 1150.0 -0.53367
2750.0 1150.0 -0.64806
2850.0 1150.0 -0.74725
2950.0 1150.0 -0.79439
3050.0 1150.0 -0.77008
3150.0 1150.0 -0.67919
3250.0 1150.0 -0.54914
3350.0 1150.0 -0.42191
3450.0 1150.0 -0.33996
3550.0 1150.0 -0.32591
3650.0 1150.0 -0.35870
3750.0 1150.0 -0.44902
3850.0 1150.0 -0.62545
3950.0 1150.0 -0.82239
4050.0 1150.0 -0.94689
4150.0 1150.0 -0.93256
4250.0 1150.0 -0.76680
4350.0 1150.0 -0.49099
4450.0 1150.0 -0.17389
4550.0 1150.0 0.14643
4650.0 1150.0 0.57767
4750.0 1150.0 1.14202
4850.0 1150.0 1.67827
4950.0 1150.0 1.99853
5050.0 1150.0 1.99460
5150.0 1150.0 1.68328
5250.0 1150.0 1.19031
5350.0 1150.0 0.67315
5450.0 1150.0 0.18178
5550.0 1150.0 -0.40435
5650.0 1150.0 -1.05458
5750.0 1150.0 -1.58867
5850.0 1150.0 -1.83593
5950.0 1150.0 -1.73143
6050.0 1150.0 -1.34577
6150.0 1150.0 -0.84820
6250.0 1150.0 -0.40332
6350.0 1150.0 -0.01004
50.0 1250.0 0.74255
150.0 1250.0 1.13761
250.0 1250.0 1.37255
350.0 1250.0 1.34066
450.0 1250.0 1.02330
550.0 1250.0 0.49730
650.0 1250.0 -0.08544
750.0 1250.0 -0.54623
850.0 1250.0 -0.75558
950.0 1250.0 -0.73699
1050.0 1250.0 -0.64238
1150.0 1250.0 -0.44154
1250.0 1250.0 -0.14137
1350.0 1250.0 0.19529
1450.0 1250.0 0.49215
1550.0 1250.0 0.68979
1650.0 1250.0 0.76382
1750.0 1250.0 0.73085
1850.0 1250.0 0.64210
1950.0 1250.0 0.52300
2050.0 1250.0 0.33197
2150.0 1250.0 0.06722
2250.0 1250.0 -0.23880
2350.0 1250.0 -0.53961
2450.0 1250.0 -0.79163
2550.0 1250.0 -0.96773
2650.0 1250.0 -1.06743
2750.0 1250.0 -1.12323
2850.0 1250.0 -1.15460
2950.0 1250.0 -1.12287
3050.0 1250.0 -1.00781
3150.0 1250.0 -0.81839
3250.0 1250.0 -0.58867
3350.0 1250.0 -0.36768
3450.0 1250.0 -0.20299
3550.0 1250.0 -0.11820
3650.0 1250.0 -0.08730
3750.0 1250.0 -0.12479
3850.0 1250.0 -0.27570
3950.0 1250.0 -0.47994
4050.0 1250.0 -0.63824
4150.0 1250.0 -0.66902
4250.0 1250.0 -0.54019
4350.0 1250.0 -0.27596
4450.0 1250.0 0.06128
4550.0 1250.0 0.41920
4650.0 1250.0 0.87567
4750.0 1250.0 1.43331
4850.0 1250.0 1.92558
4950.0 1250.0 2.17231
5050.0 1250.0 2.08307
5150.0 1250.0 1.69697
5250.0 1250.0 1.15894
5350.0 1250.0 0.63242
5450.0 1250.0 0.15109
5550.0 1250.0 -0.40641
5650.0 1250.0 -1.00464
5750.0 1250.0 -1.47999
5850.0 1250.0 -1.68398
5950.0 1250.0 -1.56777
6050.0 1250.0 -1.20597
6150.0 1250.0 -0.75957
6250.0 1250.0 -0.37822
6350.0 1250.0 -0.05265
50.0 1350.0 0.69884
150.0 1350.0 1.04820
250.0 1350.0 1.25565
350.0 1350.0 1.21934
450.0 1350.0 0.91498
550.0 1350.0 0.40767
650.0 1350.0 -0.16420
750.0 1350.0 -0.63293
850.0 1350.0 -0.87338
950.0 1350.0 -0.90271
1050.0 1350.0 -0.87084
1150.0 1350.0 -0.76464
1250.0 1350.0 -0.57077
1350.0 1350.0 -0.31482
1450.0 1350.0 -0.04374
1550.0 1350.0 0.19105
1650.0 1350.0 0.34982
1750.0 1350.0 0.42008
1850.0 1350.0 0.43099
1950.0 1350.0 0.39166
2050.0 1350.0 0.22141
2150.0 1350.0 -0.09175
2250.0 1350.0 -0.49715
2350.0 1350.0 -0.91286
2450.0 1350.0 -1.25469
2550.0 1350.0 -1.46265
2650.0 1350.0 -1.52505
2750.0 1350.0 -1.49923
2850.0 1350.0 -1.44336
2950.0 1350.0 -1.32219
3050.0 1350.0 -1.11543
3150.0 1350.0 -0.83287
3250.0 1350.0 -0.50996
3350.0 1350.0 -0.19705
3450.0 1350.0 0.05736
3550.0 1350.0 0.22954
3650.0 1350.0 0.34613
3750.0 1350.0 0.37736
3850.0 1350.0 0.25133
3950.0 1350.0 0.02048
4050.0 1350.0 -0.20480
4150.0 1350.0 -0.31822
4250.0 1350.0 -0.25711
4350.0 1350.0 -0.01951
4450.0 1350.0 0.34122
4550.0 1350.0 0.74982
4650.0 1350.0 1.23733
4750.0 1350.0 1.77632
4850.0 1350.0 2.19306
4950.0 1350.0 2.32048
5050.0 1350.0 2.09601
5150.0 1350.0 1.59280
5250.0 1350.0 0.98427
5350.0 1350.0 0.44205
5450.0 1350.0 -0.02526
5550.0 1350.0 -0.53556
5650.0 1350.0 -1.04006
5750.0 1350.0 -1.39867
5850.0 1350.0 -1.49920
5950.0 1350.0 -1.32334
6050.0 1350.0 -0.95949
6150.0 1350.0 -0.56276
6250.0 1350.0 -0.26184
6350.0 1350.0 -0.02728
50.0 1450.0 0.51435
150.0 1450.0 0.81819
250.0 1450.0 1.01676
350.0 1450.0 1.01812
450.0 1450.0 0.78682
550.0 1450.0 0.36444
650.0 1450.0 -0.13783
750.0 1450.0 -0.57462
850.0 1450.0 -0.82983
950.0 1450.0 -0.90796
1050.0 1450.0 -0.94761
1150.0 1450.0 -0.96245
1250.0 1450.0 -0.92039
1350.0 1450.0 -0.80206
1450.0 1450.0 -0.61335
1550.0 1450.0 -0.38641
1650.0 1450.0 -0.16891
1750.0 1450.0 -0.00171
1850.0 1450.0 0.11478
1950.0 1450.0 0.16848
2050.0 1450.0 0.05052
2150.0 1450.0 -0.25896
2250.0 1450.0 -0.69752
2350.0 1450.0 -1.15899
2450.0 1450.0 -1.53064
2550.0 1450.0 -1.72881
2650.0 1450.0 -1.73306
2750.0 1450.0 -1.61774
2850.0 1450.0 -1.47587
2950.0 1450.0 -1.28760
3050.0 1450.0 -1.03419
3150.0 1450.0 -0.71869
3250.0 1450.0 -0.36513
3350.0 1450.0 -0.01180
3450.0 1450.0 0.30177
3550.0 1450.0 0.55377
3650.0 1450.0 0.76150
3750.0 1450.0 0.86528
3850.0 1450.0 0.76130
3950.0 1450.0 0.49370
4050.0 1450.0 0.18607
4150.0 1450.0 -0.02670
4250.0 1450.0 -0.04705
4350.0 1450.0 0.15660
4450.0 1450.0 0.54076
4550.0 1450.0 1.00389
4650.0 1450.0 1.52651
4750.0 1450.0 2.05055
4850.0 1450.0 2.39451
4950.0 1450.0 2.40402
5050.0 1450.0 2.04445
5150.0 1450.0 1.42359
5250.0 1450.0 0.74421
5350.0 1450.0 0.18671
5450.0 1450.0 -0.26525
5550.0 1450.0 -0.72136
5650.0 1450.0 -1.11566
5750.0 1450.0 -1.33368
5850.0 1450.0 -1.30485
5950.0 1450.0 -1.04715
6050.0 1450.0 -0.66725
6150.0 1450.0 -0.31601
6250.0 1450.0 -0.09934
6350.0 1450.0 0.03801
50.0 1550.0 0.26666
150.0 1550.0 0.53360
250.0 1550.0 0.74092
350.0 1550.0 0.80913
450.0 1550.0 0.68893
550.0 1550.0 0.39266
650.0 1550.0 -0.00246
750.0 1550.0 -0.37898
850.0 1550.0 -0.63216
950.0 1550.0 -0.75078
1050.0 1550.0 -0.85561
1150.0 1550.0 -0.98869
1250.0 1550.0 -1.10352
1350.0 1550.0 -1.13818
1450.0 1550.0 -1.05660
1550.0 1550.0 -0.86717
1650.0 1550.0 -0.61909
1750.0 1550.0 -0.37611
1850.0 1550.0 -0.16826
1950.0 1550.0 -0.02726
2050.0 1550.0 -0.07498
2150.0 1550.0 -0.33564
2250.0 1550.0 -0.74288
2350.0 1550.0 -1.18070
2450.0 1550.0 -1.52383
2550.0 1550.0 -1.67741
2650.0 1550.0 -1.61600
2750.0 1550.0 -1.42105
2850.0 1550.0 -1.21410
2950.0 1550.0 -1.00470
3050.0 1550.0 -0.77770
3150.0 1550.0 -0.52021
3250.0 1550.0 -0.22979
3350.0 1550.0 0.08339
3450.0 1550.0 0.40047
3550.0 1550.0 0.70395
3650.0 1550.0 0.99012
3750.0 1550.0 1.15705
3850.0 1550.0 1.07123
3950.0 1550.0 0.76946
4050.0 1550.0 0.38726
4150.0 1550.0 0.08496
4250.0 1550.0 -0.00877
4350.0 1550.0 0.16387
4450.0 1550.0 0.56808
4550.0 1550.0 1.07912
4650.0 1550.0 1.63771
4750.0 1550.0 2.16439
4850.0 1550.0 2.47068
4950.0 1550.0 2.40910
5050.0 1550.0 1.96332
5150.0 1550.0 1.26523
5250.0 1550.0 0.53919
5350.0 1550.0 -0.02673
5450.0 1550.0 -0.46510
5550.0 1550.0 -0.87397
5650.0 1550.0 -1.17234
5750.0 1550.0 -1.26819
5850.0 1550.0 -1.12716
5950.0 1550.0 -0.79887
6050.0 1550.0 -0.40574
6150.0 1550.0 -0.09480
6250.0 1550.0 0.04799
6350.0 1550.0 0.10090
50.0 1650.0 0.05995
150.0 1650.0 0.30411
250.0 1650.0 0.53019
350.0 1650.0 0.67008
450.0 1650.0 0.66195
550.0 1650.0 0.49149
650.0 1650.0 0.20503
750.0 1650.0 -0.10549
850.0 1650.0 -0.34569
950.0 1650.0 -0.49010
1050.0 1650.0 -0.64044
1150.0 1650.0 -0.85976
1250.0 1650.0 -1.09267
1350.0 1650.0 -1.24689
1450.0 1650.0 -1.25487
1550.0 1650.0 -1.10561
1650.0 1650.0 -0.84673
1750.0 1650.0 -0.55661
1850.0 1650.0 -0.28720
1950.0 1650.0 -0.08215
2050.0 1650.0 -0.06248
2150.0 1650.0 -0.25332
2250.0 1650.0 -0.59078
2350.0 1650.0 -0.96132
2450.0 1650.0 -1.24116
2550.0 1650.0 -1.33547
2650.0 1650.0 -1.21760
2750.0 1650.0 -0.96756
2850.0 1650.0 -0.72899
2950.0 1650.0 -0.55176
3050.0 1650.0 -0.42580
3150.0 1650.0 -0.31509
3250.0 1650.0 -0.17874
3350.0 1650.0 0.01376
3450.0 1650.0 0.27355
3550.0 1650.0 0.58928
3650.0 1650.0 0.92709
3750.0 1650.0 1.13762
3850.0 1650.0 1.06641
3950.0 1650.0 0.74532
4050.0 1650.0 0.31736
4150.0 1650.0 -0.04077
4250.0 1650.0 -0.18027
4350.0 1650.0 -0.02616
4450.0 1650.0 0.39257
4550.0 1650.0 0.93657
4650.0 1650.0 1.52832
4750.0 1650.0 2.08303
4850.0 1650.0 2.40714
4950.0 1650.0 2.35086
5050.0 1650.0 1.89992
5150.0 1650.0 1.19232
5250.0 1650.0 0.46021
5350.0 1650.0 -0.10318
5450.0 1650.0 -0.53223
5550.0 1650.0 -0.91266
5650.0 1650.0 -1.15594
5750.0 1650.0 -1.18489
5850.0 1650.0 -0.98712
5950.0 1650.0 -0.62990
6050.0 1650.0 -0.24277
6150.0 1650.0 0.03219
6250.0 1650.0 0.12226
6350.0 1650.0 0.11841
50.0 1750.0 -0.02292
150.0 1750.0 0.21316
250.0 1750.0 0.45784
350.0 1750.0 0.65034
450.0 1750.0 0.72082
550.0 1750.0 0.63787
650.0 1750.0 0.42795
750.0 1750.0 0.16660
850.0 1750.0 -0.05853
950.0 1750.0 -0.21277
1050.0 1750.0 -0.38294
1150.0 1750.0 -0.63973
1250.0 1750.0 -0.92387
1350.0 1750.0 -1.12985
1450.0 1750.0 -1.17647
1550.0 1750.0 -1.04439
1650.0 1750.0 -0.78055
1750.0 1750.0 -0.46977
1850.0 1750.0 -0.17347
1950.0 1750.0 0.06357
2050.0 1750.0 0.12957
2150.0 1750.0 0.00074
2250.0 1750.0 -0.26452
2350.0 1750.0 -0.56164
2450.0 1750.0 -0.77607
2550.0 1750.0 -0.81959
2650.0 1750.0 -0.66691
2750.0 1750.0 -0.39207
2850.0 1750.0 -0.15633
2950.0 1750.0 -0.05441
3050.0 1750.0 -0.08203
3150.0 1750.0 -0.17681
3250.0 1750.0 -0.25418
3350.0 1750.0 -0.23736
3450.0 1750.0 -0.08120
3550.0 1750.0 0.20992
3650.0 1750.0 0.56810
3750.0 1750.0 0.79950
3850.0 1750.0 0.74077
3950.0 1750.0 0.42179
4050.0 1750.0 -0.01285
4150.0 1750.0 -0.38184
4250.0 1750.0 -0.53021
4350.0 1750.0 -0.37732
4450.0 1750.0 0.05015
4550.0 1750.0 0.60920
4650.0 1750.0 1.22881
4750.0 1750.0 1.83607
4850.0 1750.0 2.23473
4950.0 1750.0 2.26319
5050.0 1750.0 1.89215
5150.0 1750.0 1.24647
5250.0 1750.0 0.55113
5350.0 1750.0 0.00155
5450.0 1750.0 -0.42346
5550.0 1750.0 -0.79917
5650.0 1750.0 -1.03971
5750.0 1750.0 -1.07352
5850.0 1750.0 -0.89211
5950.0 1750.0 -0.56247
6050.0 1750.0 -0.20954
6150.0 1750.0 0.03156
6250.0 1750.0 0.09335
6350.0 1750.0 0.06536
50.0 1850.0 0.00949
150.0 1850.0 0.24655
250.0 1850.0 0.50465
350.0 1850.0 0.72646
450.0 1850.0 0.83839
550.0 1850.0 0.80110
650.0 1850.0 0.63176
750.0 1850.0 0.39824
850.0 1850.0 0.18502
950.0 1850.0 0.03104
1050.0 1850.0 -0.14062
1150.0 1850.0 -0.39738
1250.0 1850.0 -0.67875
1350.0 1850.0 -0.87881
1450.0 1850.0 -0.91699
1550.0 1850.0 -0.77548
1650.0 1850.0 -0.50325
1750.0 1850.0 -0.18658
1850.0 1850.0 0.11337
1950.0 1850.0 0.35882
2050.0 1850.0 0.44941
2150.0 1850.0 0.36352
2250.0 1850.0 0.15390
2350.0 1850.0 -0.08481
2450.0 1850.0 -0.24883
2550.0 1850.0 -0.25820
2650.0 1850.0 -0.08985
2750.0 1850.0 0.18878
2850.0 1850.0 0.40059
2950.0 1850.0 0.40647
3050.0 1850.0 0.20496
3150.0 1850.0 -0.11529
3250.0 1850.0 -0.42627
3350.0 1850.0 -0.60516
3450.0 1850.0 -0.57303
3550.0 1850.0 -0.32733
3650.0 1850.0 0.03031
3750.0 1850.0 0.26742
3850.0 1850.0 0.22069
3950.0 1850.0 -0.08007
4050.0 1850.0 -0.49285
4150.0 1850.0 -0.84016
4250.0 1850.0 -0.97074
4350.0 1850.0 -0.80637
4450.0 1850.0 -0.37379
4550.0 1850.0 0.18805
4650.0 1850.0 0.83105
4750.0 1850.0 1.50505
4850.0 1850.0 2.01274
4950.0 1850.0 2.17495
5050.0 1850.0 1.93671
5150.0 1850.0 1.39757
5250.0 1850.0 0.76583
5350.0 1850.0 0.23701
5450.0 1850.0 -0.18755
5550.0 1850.0 -0.57520
5650.0 1850.0 -0.85007
5750.0 1850.0 -0.93995
5850.0 1850.0 -0.82754
5950.0 1850.0 -0.56680
6050.0 1850.0 -0.26957
6150.0 1850.0 -0.06219
6250.0 1850.0 -0.01247
6350.0 1850.0 -0.04259
50.0 1950.0 0.04852
150.0 1950.0 0.28137
250.0 1950.0 0.54882
350.0 1950.0 0.79696
450.0 1950.0 0.94782
550.0 1950.0 0.95325
650.0 1950.0 0.82050
750.0 1950.0 0.60946
850.0 1950.0 0.40164
950.0 1950.0 0.24078
1050.0 1950.0 0.06276
1150.0 1950.0 -0.19055
1250.0 1950.0 -0.45736
1350.0 1950.0 -0.63552
1450.0 1950.0 -0.65083
1550.0 1950.0 -0.49201
1650.0 1950.0 -0.21272
1750.0 1950.0 0.09967
1850.0 1950.0 0.38804
1950.0 1950.0 0.62677
2050.0 1950.0 0.72971
2150.0 1950.0 0.67870
2250.0 1950.0 0.52076
2350.0 1950.0 0.33911
2450.0 1950.0 0.22431
2550.0 1950.0 0.24551
2650.0 1950.0 0.42195
2750.0 1950.0 0.69389
2850.0 1950.0 0.87422
2950.0 1950.0 0.78631
3050.0 1950.0 0.42541
3150.0 1950.0 -0.09569
3250.0 1950.0 -0.61098
3350.0 1950.0 -0.95885
3450.0 1950.0 -1.03308
3550.0 1950.0 -0.82704
3650.0 1950.0 -0.47155
3750.0 1950.0 -0.22705
3850.0 1950.0 -0.25256
3950.0 1950.0 -0.52089
4050.0 1950.0 -0.89796
4150.0 1950.0 -1.21519
4250.0 1950.0 -1.32800
4350.0 1950.0 -1.16066
4450.0 1950.0 -0.73736
4550.0 1950.0 -0.18920
4650.0 1950.0 0.46075
4750.0 1950.0 1.18844
4850.0 1950.0 1.80047
4950.0 1950.0 2.10292
5050.0 1950.0 2.01412
5150.0 1950.0 1.60327
5250.0 1950.0 1.05507
5350.0 1950.0 0.56017
5450.0 1950.0 0.14426
5550.0 1950.0 -0.25460
5650.0 1950.0 -0.57679
5750.0 1950.0 -0.74879
5850.0 1950.0 -0.73887
5950.0 1950.0 -0.57996
6050.0 1950.0 -0.36287
6150.0 1950.0 -0.20015
6250.0 1950.0 -0.16032
6350.0 1950.0 -0.18486
50.0 2050.0 0.05198
150.0 2050.0 0.26021
250.0 2050.0 0.52678
350.0 2050.0 0.80301
450.0 2050.0 1.00242
550.0 2050.0 1.06116
650.0 2050.0 0.96945
750.0 2050.0 0.77424
850.0 2050.0 0.55289
950.0 2050.0 0.35795
1050.0 2050.0 0.14973
1150.0 2050.0 -0.10711
1250.0 2050.0 -0.34803
1350.0 2050.0 -0.48222
1450.0 2050.0 -0.45304
1550.0 2050.0 -0.26657
1650.0 2050.0 0.01187
1750.0 2050.0 0.29319
1850.0 2050.0 0.53160
1950.0 2050.0 0.72617
2050.0 2050.0 0.81328
2150.0 2050.0 0.78219
2250.0 2050.0 0.67362
2350.0 2050.0 0.55455
2450.0 2050.0 0.49461
2550.0 2050.0 0.54410
2650.0 2050.0 0.71374
2750.0 2050.0 0.95494
2850.0 2050.0 1.08947
2950.0 2050.0 0.92582
3050.0 2050.0 0.46364
3150.0 2050.0 -0.16714
3250.0 2050.0 -0.78066
3350.0 2050.0 -1.20013
3450.0 2050.0 -1.31330
3550.0 2050.0 -1.11852
3650.0 2050.0 -0.76096
3750.0 2050.0 -0.49759
3850.0 2050.0 -0.47405
3950.0 2050.0 -0.67482
4050.0 2050.0 -0.98843
4150.0 2050.0 -1.26703
4250.0 2050.0 -1.37711
4350.0 2050.0 -1.24150
4450.0 2050.0 -0.87240
4550.0 2050.0 -0.38510
4650.0 2050.0 0.21873
4750.0 2050.0 0.94437
4850.0 2050.0 1.61734
4950.0 2050.0 2.04282
5050.0 2050.0 2.11679
5150.0 2050.0 1.87075
5250.0 2050.0 1.44998
5350.0 2050.0 1.02540
5450.0 2050.0 0.64597
5550.0 2050.0 0.25001
5650.0 2050.0 -0.13233
5750.0 2050.0 -0.42733
5850.0 2050.0 -0.57986
5950.0 2050.0 -0.58640
6050.0 2050.0 -0.49984
6150.0 2050.0 -0.40627
6250.0 2050.0 -0.37354
6350.0 2050.0 -0.37757
50.0 2150.0 0.01906
150.0 2150.0 0.17921
250.0 2150.0 0.43175
350.0 2150.0 0.73496
450.0 2150.0 0.98955
550.0 2150.0 1.10885
650.0 2150.0 1.05900
750.0 2150.0 0.86908
850.0 2150.0 0.61131
950.0 2150.0 0.35118
1050.0 2150.0 0.08558
1150.0 2150.0 -0.18296
1250.0 2150.0 -0.38568
1350.0 2150.0 -0.45151
1450.0 2150.0 -0.35408
1550.0 2150.0 -0.12891
1650.0 2150.0 0.13923
1750.0 2150.0 0.35883
1850.0 2150.0 0.50365
1950.0 2150.0 0.61124
2050.0 2150.0 0.64932
2150.0 2150.0 0.61898
2250.0 2150.0 0.55431
2350.0 2150.0 0.50107
2450.0 2150.0 0.49979
2550.0 2150.0 0.57326
2650.0 2150.0 0.71846
2750.0 2150.0 0.90158
2850.0 2150.0 0.97599
2950.0 2150.0 0.76426
3050.0 2150.0 0.27963
3150.0 2150.0 -0.34066
3250.0 2150.0 -0.91472
3350.0 2150.0 -1.28072
3450.0 2150.0 -1.34703
3550.0 2150.0 -1.12775
3650.0 2150.0 -0.76309
3750.0 2150.0 -0.46864
3850.0 2150.0 -0.36729
3950.0 2150.0 -0.46553
4050.0 2150.0 -0.69035
4150.0 2150.0 -0.92692
4250.0 2150.0 -1.05657
4350.0 2150.0 -0.99531
4450.0 2150.0 -0.73259
4550.0 2150.0 -0.36009
4650.0 2150.0 0.13198
4750.0 2150.0 0.77609
4850.0 2150.0 1.43403
4950.0 2150.0 1.93006
5050.0 2150.0 2.14916
5150.0 2150.0 2.08303
5250.0 2150.0 1.82386
5350.0 2150.0 1.50586
5450.0 2150.0 1.19486
5550.0 2150.0 0.82586
5650.0 2150.0 0.39099
5750.0 2150.0 -0.03800
5850.0 2150.0 -0.37828
5950.0 2150.0 -0.58069
6050.0 2150.0 -0.64899
6150.0 2150.0 -0.63348
6250.0 2150.0 -0.59916
6350.0 2150.0 -0.56571
50.0 2250.0 -0.03411
150.0 2250.0 0.06124
250.0 2250.0 0.28866
350.0 2250.0 0.61414
450.0 2250.0 0.92303
550.0 2250.0 1.10196
650.0 2250.0 1.08915
750.0 2250.0 0.89341
850.0 2250.0 0.58153
950.0 2250.0 0.23425
1050.0 2250.0 -0.10776
1150.0 2250.0 -0.39407
1250.0 2250.0 -0.55068
1350.0 2250.0 -0.53206
1450.0 2250.0 -0.35079
1550.0 2250.0 -0.08008
1650.0 2250.0 0.17057
1750.0 2250.0 0.30683
1850.0 2250.0 0.32758
1950.0 2250.0 0.31797
2050.0 2250.0 0.28240
2150.0 2250.0 0.23670
2250.0 2250.0 0.20848
2350.0 2250.0 0.21950
2450.0 2250.0 0.27626
2550.0 2250.0 0.36855
2650.0 2250.0 0.47612
2750.0 2250.0 0.58201
2850.0 2250.0 0.58878
2950.0 2250.0 0.35733
3050.0 2250.0 -0.07854
3150.0 2250.0 -0.58360
3250.0 2250.0 -1.00048
3350.0 2250.0 -1.20758
3450.0 2250.0 -1.15553
3550.0 2250.0 -0.88237
3650.0 2250.0 -0.50681
3750.0 2250.0 -0.17386
3850.0 2250.0 0.02174
3950.0 2250.0 0.04419
4050.0 2250.0 -0.08206
4150.0 2250.0 -0.28223
4250.0 2250.0 -0.45357
4350.0 2250.0 -0.50046
4450.0 2250.0 -0.38196
4550.0 2250.0 -0.16222
4650.0 2250.0 0.16552
4750.0 2250.0 0.65228
4850.0 2250.0 1.20843
4950.0 2250.0 1.69674
5050.0 2250.0 2.00713
5150.0 2250.0 2.09805
5250.0 2250.0 2.00437
5350.0 2250.0 1.81184
5450.0 2250.0 1.59194
5550.0 2250.0 1.27684
5650.0 2250.0 0.82282
5750.0 2250.0 0.29708
5850.0 2250.0 -0.19434
5950.0 2250.0 -0.56080
6050.0 2250.0 -0.75922
6150.0 2250.0 -0.80405
6250.0 2250.0 -0.75508
6350.0 2250.0 -0.67233
50.0 2350.0 -0.08452
150.0 2350.0 -0.05828
250.0 2350.0 0.13873
350.0 2350.0 0.47973
450.0 2350.0 0.83485
550.0 2350.0 1.06452
650.0 2350.0 1.07994
750.0 2350.0 0.87044
850.0 2350.0 0.49791
950.0 2350.0 0.05809
1050.0 2350.0 -0.36476
1150.0 2350.0 -0.67071
1250.0 2350.0 -0.78038
1350.0 2350.0 -0.67499
1450.0 2350.0 -0.40775
1550.0 2350.0 -0.09119
1650.0 2350.0 0.13949
1750.0 2350.0 0.18710
1850.0 2350.0 0.07679
1950.0 2350.0 -0.05743
2050.0 2350.0 -0.17438
2150.0 2350.0 -0.24303
2250.0 2350.0 -0.24172
2350.0 2350.0 -0.17229
2450.0 2350.0 -0.06235
2550.0 2350.0 0.04446
2650.0 2350.0 0.11013
2750.0 2350.0 0.13436
2850.0 2350.0 0.07531
2950.0 2350.0 -0.15637
3050.0 2350.0 -0.50396
3150.0 2350.0 -0.83981
3250.0 2350.0 -1.04151
3350.0 2350.0 -1.03949
3450.0 2350.0 -0.83606
3550.0 2350.0 -0.49595
3650.0 2350.0 -0.10819
3750.0 2350.0 0.26337
3850.0 2350.0 0.55173
3950.0 2350.0 0.69006
4050.0 2350.0 0.65329
4150.0 2350.0 0.47673
4250.0 2350.0 0.24919
4350.0 2350.0 0.08060
4450.0 2350.0 0.04421
4550.0 2350.0 0.10204
4650.0 2350.0 0.24372
4750.0 2350.0 0.52651
4850.0 2350.0 0.91256
4950.0 2350.0 1.31539
5050.0 2350.0 1.64508
5150.0 2350.0 1.83982
5250.0 2350.0 1.88387
5350.0 2350.0 1.81188
5450.0 2350.0 1.68878
5550.0 2350.0 1.44833
5650.0 2350.0 1.02317
5750.0 2350.0 0.47374
5850.0 2350.0 -0.08249
5950.0 2350.0 -0.52948
6050.0 2350.0 -0.79243
6150.0 2350.0 -0.85909
6250.0 2350.0 -0.78246
6350.0 2350.0 -0.64770
50.0 2450.0 -0.11069
150.0 2450.0 -0.14405
250.0 2450.0 0.02494
350.0 2450.0 0.37530
450.0 2450.0 0.76454
550.0 2450.0 1.03168
650.0 2450.0 1.06590
750.0 2450.0 0.84083
850.0 2450.0 0.41453
950.0 2450.0 -0.10491
1050.0 2450.0 -0.59707
1150.0 2450.0 -0.91974
1250.0 2450.0 -0.98891
1350.0 2450.0 -0.80876
1450.0 2450.0 -0.46743
1550.0 2450.0 -0.11123
1650.0 2450.0 0.10254
1750.0 2450.0 0.07421
1850.0 2450.0 -0.14849
1950.0 2450.0 -0.38953
2050.0 2450.0 -0.57609
2150.0 2450.0 -0.66410
2250.0 2450.0 -0.63702
2350.0 2450.0 -0.51703
2450.0 2450.0 -0.36108
2550.0 2450.0 -0.24155
2650.0 2450.0 -0.21171
2750.0 2450.0 -0.25750
2850.0 2450.0 -0.37209
2950.0 2450.0 -0.60055
3050.0 2450.0 -0.86634
3150.0 2450.0 -1.04922
3250.0 2450.0 -1.05824
3350.0 2450.0 -0.87004
3450.0 2450.0 -0.53240
3550.0 2450.0 -0.13322
3650.0 2450.0 0.26509
3750.0 2450.0 0.66817
3850.0 2450.0 1.03083
3950.0 2450.0 1.25949
4050.0 2450.0 1.28805
4150.0 2450.0 1.12015
4250.0 2450.0 0.83488
4350.0 2450.0 0.55602
4450.0 2450.0 0.38470
4550.0 2450.0 0.30316
4650.0 2450.0 0.27553
4750.0 2450.0 0.35404
4850.0 2450.0 0.54561
4950.0 2450.0 0.81516
5050.0 2450.0 1.10163
5150.0 2450.0 1.33734
5250.0 2450.0 1.47082
5350.0 2450.0 1.49298
5450.0 2450.0 1.45361
5550.0 2450.0 1.29464
5650.0 2450.0 0.94246
5750.0 2450.0 0.44987
5850.0 2450.0 -0.06879
5950.0 2450.0 -0.49373
6050.0 2450.0 -0.74042
6150.0 2450.0 -0.78465
6250.0 2450.0 -0.67228
6350.0 2450.0 -0.49280
50.0 2550.0 -0.09928
150.0 2550.0 -0.17197
250.0 2550.0 -0.02150
350.0 2550.0 0.33492
450.0 2550.0 0.74651
550.0 2550.0 1.03819
650.0 2550.0 1.08465
750.0 2550.0 0.84920
850.0 2550.0 0.38739
950.0 2550.0 -0.18456
1050.0 2550.0 -0.72220
1150.0 2550.0 -1.05477
1250.0 2550.0 -1.09501
1350.0 2550.0 -0.86256
1450.0 2550.0 -0.46913
1550.0 2550.0 -0.08397
1650.0 2550.0 0.12056
1750.0 2550.0 0.04299
1850.0 2550.0 -0.25373
1950.0 2550.0 -0.56428
2050.0 2550.0 -0.79283
2150.0 2550.0 -0.88631
2250.0 2550.0 -0.83256
2350.0 2550.0 -0.66903
2450.0 2550.0 -0.47398
2550.0 2550.0 -0.34029
2650.0 2550.0 -0.33172
2750.0 2550.0 -0.42351
2850.0 2550.0 -0.57835
2950.0 2550.0 -0.81811
3050.0 2550.0 -1.05391
3150.0 2550.0 -1.16686
3250.0 2550.0 -1.08086
3350.0 2550.0 -0.79679
3450.0 2550.0 -0.38786
3550.0 2550.0 0.04373
3650.0 2550.0 0.44849
3750.0 2550.0 0.87117
3850.0 2550.0 1.27886
3950.0 2550.0 1.56029
4050.0 2550.0 1.62335
4150.0 2550.0 1.45243
4250.0 2550.0 1.12192
4350.0 2550.0 0.76590
4450.0 2550.0 0.50404
4550.0 2550.0 0.33021
4650.0 2550.0 0.18368
4750.0 2550.0 0.10574
4850.0 2550.0 0.13307
4950.0 2550.0 0.27032
5050.0 2550.0 0.48401
5150.0 2550.0 0.71115
5250.0 2550.0 0.88238
5350.0 2550.0 0.95978
5450.0 2550.0 0.97645
5550.0 2550.0 0.88881
5650.0 2550.0 0.63339
5750.0 2550.0 0.25604
5850.0 2550.0 -0.14392
5950.0 2550.0 -0.46249
6050.0 2550.0 -0.62625
6150.0 2550.0 -0.61420
6250.0 2550.0 -0.46617
6350.0 2550.0 -0.25689
50.0 2650.0 -0.05015
150.0 2650.0 -0.13859
250.0 2650.0 0.00619
350.0 2650.0 0.36897
450.0 2650.0 0.79511
550.0 2650.0 1.10277
650.0 2650.0 1.15954
750.0 2650.0 0.92355
850.0 2650.0 0.44893
950.0 2650.0 -0.14425
1050.0 2650.0 -0.70000
1150.0 2650.0 -1.03429
1250.0 2650.0 -1.05816
1350.0 2650.0 -0.79816
1450.0 2650.0 -0.37680
1550.0 2650.0 0.02602
1650.0 2650.0 0.23071
1750.0 2650.0 0.13472
1850.0 2650.0 -0.19205
1950.0 2650.0 -0.52903
2050.0 2650.0 -0.76643
2150.0 2650.0 -0.84663
2250.0 2650.0 -0.76144
2350.0 2650.0 -0.55843
2450.0 2650.0 -0.32880
2550.0 2650.0 -0.17706
2650.0 2650.0 -0.17218
2750.0 2650.0 -0.28240
2850.0 2650.0 -0.46257
2950.0 2650.0 -0.73961
3050.0 2650.0 -1.02152
3150.0 2650.0 -1.18128
3250.0 2650.0 -1.13451
3350.0 2650.0 -0.87682
3450.0 2650.0 -0.48065
3550.0 2650.0 -0.05176
3650.0 2650.0 0.35443
3750.0 2650.0 0.78418
3850.0 2650.0 1.20718
3950.0 2650.0 1.50484
4050.0 2650.0 1.57525
4150.0 2650.0 1.39623
4250.0 2650.0 1.04158
4350.0 2650.0 0.65051
4450.0 2650.0 0.35040
4550.0 2650.0 0.13853
4650.0 2650.0 -0.06214
4750.0 2650.0 -0.22067
4850.0 2650.0 -0.28802
4950.0 2650.0 -0.23884
5050.0 2650.0 -0.08875
5150.0 2650.0 0.10767
5250.0 2650.0 0.27810
5350.0 2650.0 0.37286
5450.0 2650.0 0.41345
5550.0 2650.0 0.37500
5650.0 2650.0 0.21449
5750.0 2650.0 -0.02722
5850.0 2650.0 -0.27176
5950.0 2650.0 -0.44230
6050.0 2650.0 -0.48999
6150.0 2650.0 -0.40770
6250.0 2650.0 -0.23132
6350.0 2650.0 -0.00933
50.0 2750.0 0.01923
150.0 2750.0 -0.07019
250.0 2750.0 0.07771
350.0 2750.0 0.44883
450.0 2750.0 0.88727
550.0 2750.0 1.20853
650.0 2750.0 1.27717
750.0 2750.0 1.04882
850.0 2750.0 0.57661
950.0 2750.0 -0.01797
1050.0 2750.0 -0.57464
1150.0 2750.0 -0.90556
1250.0 2750.0 -0.92104
1350.0 2750.0 -0.64917
1450.0 2750.0 -0.21518
1550.0 2750.0 0.19809
1650.0 2750.0 0.40882
1750.0 2750.0 0.31381
1850.0 2750.0 -0.01534
1950.0 2750.0 -0.35146
2050.0 2750.0 -0.57612
2150.0 2750.0 -0.62991
2250.0 2750.0 -0.50855
2350.0 2750.0 -0.26681
2450.0 2750.0 -0.00396
2550.0 2750.0 0.16922
2650.0 2750.0 0.18182
2750.0 2750.0 0.07044
2850.0 2750.0 -0.12667
2950.0 2750.0 -0.46090
3050.0 2750.0 -0.84307
3150.0 2750.0 -1.13114
3250.0 2750.0 -1.21638
3350.0 2750.0 -1.06895
3450.0 2750.0 -0.74287
3550.0 2750.0 -0.34049
3650.0 2750.0 0.06387
3750.0 2750.0 0.49324
3850.0 2750.0 0.91427
3950.0 2750.0 1.20761
4050.0 2750.0 1.27137
4150.0 2750.0 1.08416
4250.0 2750.0 0.72115
4350.0 2750.0 0.32305
4450.0 2750.0 0.01807
4550.0 2750.0 -0.19764
4650.0 2750.0 -0.40918
4750.0 2750.0 -0.59277
4850.0 2750.0 -0.69795
4950.0 2750.0 -0.69273
5050.0 2750.0 -0.58412
5150.0 2750.0 -0.41906
5250.0 2750.0 -0.26560
5350.0 2750.0 -0.17451
5450.0 2750.0 -0.13008
5550.0 2750.0 -0.13707
5650.0 2750.0 -0.21486
5750.0 2750.0 -0.32594
5850.0 2750.0 -0.41360
5950.0 2750.0 -0.43116
6050.0 2750.0 -0.35863
6150.0 2750.0 -0.20692
6250.0 2750.0 -0.00952
6350.0 2750.0 0.21451
50.0 2850.0 0.00354
150.0 2850.0 -0.09470
250.0 2850.0 0.05589
350.0 2850.0 0.44791
450.0 2850.0 0.92577
550.0 2850.0 1.29905
650.0 2850.0 1.42191
750.0 2850.0 1.23837
850.0 2850.0 0.79361
950.0 2850.0 0.21132
1050.0 2850.0 -0.33951
1150.0 2850.0 -0.67743
1250.0 2850.0 -0.71421
1350.0 2850.0 -0.47261
1450.0 2850.0 -0.06946
1550.0 2850.0 0.32082
1650.0 2850.0 0.52220
1750.0 2850.0 0.43247
1850.0 2850.0 0.11790
1950.0 2850.0 -0.19754
2050.0 2850.0 -0.38726
2150.0 2850.0 -0.39225
2250.0 2850.0 -0.21542
2350.0 2850.0 0.07902
2450.0 2850.0 0.38361
2550.0 2850.0 0.58309
2650.0 2850.0 0.60741
2750.0 2850.0 0.49963
2850.0 2850.0 0.28901
2950.0 2850.0 -0.10367
3050.0 2850.0 -0.59371
3150.0 2850.0 -1.02353
3250.0 2850.0 -1.25754
3350.0 2850.0 -1.23669
3450.0 2850.0 -0.99287
3550.0 2850.0 -0.62310
3650.0 2850.0 -0.22279
3750.0 2850.0 0.20049
3850.0 2850.0 0.60669
3950.0 2850.0 0.87872
4050.0 2850.0 0.92024
4150.0 2850.0 0.71562
4250.0 2850.0 0.34391
4350.0 2850.0 -0.05331
4450.0 2850.0 -0.35012
4550.0 2850.0 -0.55522
4650.0 2850.0 -0.76702
4750.0 2850.0 -0.97396
4850.0 2850.0 -1.12524
4950.0 2850.0 -1.17970
5050.0 2850.0 -1.13076
5150.0 2850.0 -1.01172
5250.0 2850.0 -0.88148
5350.0 2850.0 -0.79064
5450.0 2850.0 -0.73399
5550.0 2850.0 -0.69844
5650.0 2850.0 -0.67869
5750.0 2850.0 -0.64233
5850.0 2850.0 -0.55711
5950.0 2850.0 -0.40887
6050.0 2850.0 -0.20773
6150.0 2850.0 0.01769
6250.0 2850.0 0.23786
6350.0 2850.0 0.46401
50.0 2950.0 -0.20523
150.0 2950.0 -0.33939
250.0 2950.0 -0.19790
350.0 2950.0 0.23226
450.0 2950.0 0.80128
550.0 2950.0 1.30694
650.0 2950.0 1.57662
750.0 2950.0 1.52117
850.0 2950.0 1.16049
950.0 2950.0 0.62093
1050.0 2950.0 0.09067
1150.0 2950.0 -0.27773
1250.0 2950.0 -0.40210
1350.0 2950.0 -0.28447
1450.0 2950.0 -0.00832
1550.0 2950.0 0.28557
1650.0 2950.0 0.44457
1750.0 2950.0 0.37092
1850.0 2950.0 0.10963
1950.0 2950.0 -0.14084
2050.0 2950.0 -0.24880
2150.0 2950.0 -0.16163
2250.0 2950.0 0.10362
2350.0 2950.0 0.46980
2450.0 2950.0 0.82309
2550.0 2950.0 1.05019
2650.0 2950.0 1.08938
2750.0 2950.0 0.99272
2850.0 2950.0 0.77813
2950.0 2950.0 0.33880
3050.0 2950.0 -0.24722
3150.0 2950.0 -0.80986
3250.0 2950.0 -1.18865
3350.0 2950.0 -1.29544
3450.0 2950.0 -1.13824
3550.0 2950.0 -0.80618
3650.0 2950.0 -0.41466
3750.0 2950.0 -0.01014
3850.0 2950.0 0.35358
3950.0 2950.0 0.56798
4050.0 2950.0 0.55395
4150.0 2950.0 0.31205
4250.0 2950.0 -0.06962
4350.0 2950.0 -0.44996
4450.0 2950.0 -0.71177
4550.0 2950.0 -0.87678
4650.0 2950.0 -1.07090
4750.0 2950.0 -1.30781
4850.0 2950.0 -1.53625
4950.0 2950.0 -1.69625
5050.0 2950.0 -1.75312
5150.0 2950.0 -1.71194
5250.0 2950.0 -1.61252
5350.0 2950.0 -1.50495
5450.0 2950.0 -1.40762
5550.0 2950.0 -1.29956
5650.0 2950.0 -1.15342
5750.0 2950.0 -0.94648
5850.0 2950.0 -0.67426
5950.0 2950.0 -0.35526
6050.0 2950.0 -0.02621
6150.0 2950.0 0.27203
6250.0 2950.0 0.51811
6350.0 2950.0 0.74975
50.0 3050.0 -0.54423
150.0 3050.0 -0.74603
250.0 3050.0 -0.64023
350.0 3050.0 -0.18180
450.0 3050.0 0.49465
550.0 3050.0 1.17593
650.0 3050.0 1.65353
750.0 3050.0 1.78892
850.0 3050.0 1.56090
950.0 3050.0 1.09507
1050.0 3050.0 0.60359
1150.0 3050.0 0.19048
1250.0 3050.0 -0.07135
1350.0 3050.0 -0.14941
1450.0 3050.0 -0.07237
1550.0 3050.0 0.07365
1650.0 3050.0 0.17345
1750.0 3050.0 0.13574
1850.0 3050.0 -0.02951
1950.0 3050.0 -0.17030
2050.0 3050.0 -0.15885
2150.0 3050.0 0.04325
2250.0 3050.0 0.40065
2350.0 3050.0 0.82554
2450.0 3050.0 1.20627
2550.0 3050.0 1.44342
2650.0 3050.0 1.49309
2750.0 3050.0 1.41497
2850.0 3050.0 1.21091
2950.0 3050.0 0.75327
3050.0 3050.0 0.11197
3150.0 3050.0 -0.53786
3250.0 3050.0 -1.01989
3350.0 3050.0 -1.22417
3450.0 3050.0 -1.13828
3550.0 3050.0 -0.84182
3650.0 3050.0 -0.46360
3750.0 3050.0 -0.09016
3850.0 3050.0 0.20581
3950.0 3050.0 0.33126
4050.0 3050.0 0.23567
4150.0 3050.0 -0.05489
4250.0 3050.0 -0.43961
4350.0 3050.0 -0.78064
4450.0 3050.0 -0.97672
4550.0 3050.0 -1.06955
4650.0 3050.0 -1.22299
4750.0 3050.0 -1.48618
4850.0 3050.0 -1.80726
4950.0 3050.0 -2.10000
5050.0 3050.0 -2.29031
5150.0 3050.0 -2.34351
5250.0 3050.0 -2.27246
5350.0 3050.0 -2.12639
5450.0 3050.0 -1.95817
5550.0 3050.0 -1.75606
5650.0 3050.0 -1.48216
5750.0 3050.0 -1.12725
5850.0 3050.0 -0.71032
5950.0 3050.0 -0.27142
6050.0 3050.0 0.14057
6150.0 3050.0 0.48525
6250.0 3050.0 0.75320
6350.0 3050.0 0.99406
50.0 3150.0 -0.87121
150.0 3150.0 -1.16479
250.0 3150.0 -1.12978
350.0 3150.0 -0.68539
450.0 3150.0 0.05941
550.0 3150.0 0.89028
650.0 3150.0 1.56748
750.0 3150.0 1.90117
850.0 3150.0 1.82219
950.0 3150.0 1.44829
1050.0 3150.0 1.01060
1150.0 3150.0 0.55734
1250.0 3150.0 0.15225
1350.0 3150.0 -0.13200
1450.0 3150.0 -0.26204
1550.0 3150.0 -0.26317
1650.0 3150.0 -0.21000
1750.0 3150.0 -0.18827
1850.0 3150.0 -0.22788
1950.0 3150.0 -0.23324
2050.0 3150.0 -0.09366
2150.0 3150.0 0.20824
2250.0 3150.0 0.62026
2350.0 3150.0 1.05295
2450.0 3150.0 1.41080
2550.0 3150.0 1.62245
2650.0 3150.0 1.66992
2750.0 3150.0 1.61440
2850.0 3150.0 1.43580
2950.0 3150.0 0.99825
3050.0 3150.0 0.36365
3150.0 3150.0 -0.29786
3250.0 3150.0 -0.80869
3350.0 3150.0 -1.05112
3450.0 3150.0 -1.00124
3550.0 3150.0 -0.72939
3650.0 3150.0 -0.36673
3750.0 3150.0 -0.03077
3850.0 3150.0 0.18646
3950.0 3150.0 0.21207
4050.0 3150.0 0.03015
4150.0 3150.0 -0.30392
4250.0 3150.0 -0.67666
4350.0 3150.0 -0.95708
4450.0 3150.0 -1.06479
4550.0 3150.0 -1.06387
4650.0 3150.0 -1.15684
4750.0 3150.0 -1.43011
4850.0 3150.0 -1.83141
4950.0 3150.0 -2.24693
5050.0 3150.0 -2.56106
5150.0 3150.0 -2.69714
5250.0 3150.0 -2.63945
5350.0 3150.0 -2.43614
5450.0 3150.0 -2.17767
5550.0 3150.0 -1.88077
5650.0 3150.0 -1.51565
5750.0 3150.0 -1.08768
5850.0 3150.0 -0.62641
5950.0 3150.0 -0.17207
6050.0 3150.0 0.23743
6150.0 3150.0 0.57910
6250.0 3150.0 0.85694
6350.0 3150.0 1.10953
50.0 3250.0 -1.04938
150.0 3250.0 -1.44320
250.0 3250.0 -1.51060
350.0 3250.0 -1.14037
450.0 3250.0 -0.40780
550.0 3250.0 0.48688
650.0 3250.0 1.28940
750.0 3250.0 1.77154
850.0 3250.0 1.82061
950.0 3250.0 1.53799
1050.0 3250.0 1.16081
1150.0 3250.0 0.68900
1250.0 3250.0 0.18051
1350.0 3250.0 -0.25631
1450.0 3250.0 -0.53518
1550.0 3250.0 -0.63125
1650.0 3250.0 -0.58734
1750.0 3250.0 -0.48702
1850.0 3250.0 -0.39447
1950.0 3250.0 -0.26616
2050.0 3250.0 -0.02130
2150.0 3250.0 0.33283
2250.0 3250.0 0.73379
2350.0 3250.0 1.10318
2450.0 3250.0 1.37610
2550.0 3250.0 1.52097
2650.0 3250.0 1.54965
2750.0 3250.0 1.51605
2850.0 3250.0 1.37320
2950.0 3250.0 0.99107
3050.0 3250.0 0.42527
3150.0 3250.0 -0.16843
3250.0 3250.0 -0.62634
3350.0 3250.0 -0.83877
3450.0 3250.0 -0.78175
3550.0 3250.0 -0.51848
3650.0 3250.0 -0.17061
3750.0 3250.0 0.12945
3850.0 3250.0 0.27481
3950.0 3250.0 0.21364
4050.0 3250.0 -0.03671
4150.0 3250.0 -0.39454
4250.0 3250.0 -0.73736
4350.0 3250.0 -0.94419
4450.0 3250.0 -0.95656
4550.0 3250.0 -0.85803
4650.0 3250.0 -0.88061
4750.0 3250.0 -1.14095
4850.0 3250.0 -1.58662
4950.0 3250.0 -2.08152
5050.0 3250.0 -2.47625
5150.0 3250.0 -2.65988
5250.0 3250.0 -2.59316
5350.0 3250.0 -2.32322
5450.0 3250.0 -1.97242
5550.0 3250.0 -1.60085
5650.0 3250.0 -1.20622
5750.0 3250.0 -0.80645
5850.0 3250.0 -0.42470
5950.0 3250.0 -0.07705
6050.0 3250.0 0.23346
6150.0 3250.0 0.51659
6250.0 3250.0 0.78852
6350.0 3250.0 1.05335
50.0 3350.0 -1.00059
150.0 3350.0 -1.48439
250.0 3350.0 -1.67030
350.0 3350.0 -1.42897
450.0 3350.0 -0.79941
550.0 3350.0 0.04706
650.0 3350.0 0.86390
750.0 3350.0 1.40717
850.0 3350.0 1.53439
950.0 3350.0 1.32405
1050.0 3350.0 1.00336
1150.0 3350.0 0.54320
1250.0 3350.0 0.00095
1350.0 3350.0 -0.49198
1450.0 3350.0 -0.81832
1550.0 3350.0 -0.92626
1650.0 3350.0 -0.84401
1750.0 3350.0 -0.65757
1850.0 3350.0 -0.45161
1950.0 3350.0 -0.21786
2050.0 3350.0 0.08698
2150.0 3350.0 0.43197
2250.0 3350.0 0.75350
2350.0 3350.0 0.99566
2450.0 3350.0 1.13374
2550.0 3350.0 1.18063
2650.0 3350.0 1.17639
2750.0 3350.0 1.15965
2850.0 3350.0 1.05434
2950.0 3350.0 0.74645
3050.0 3350.0 0.28793
3150.0 3350.0 -0.18489
3250.0 3350.0 -0.53214
3350.0 3350.0 -0.66377
3450.0 3350.0 -0.56522
3550.0 3350.0 -0.29561
3650.0 3350.0 0.04090
3750.0 3350.0 0.31395
3850.0 3350.0 0.40930
3950.0 3350.0 0.29305
4050.0 3350.0 0.00770
4150.0 3350.0 -0.34725
4250.0 3350.0 -0.64618
4350.0 3350.0 -0.77959
4450.0 3350.0 -0.70781
4550.0 3350.0 -0.52677
4650.0 3350.0 -0.48257
4750.0 3350.0 -0.70900
4850.0 3350.0 -1.15376
4950.0 3350.0 -1.66821
5050.0 3350.0 -2.08368
5150.0 3350.0 -2.26948
5250.0 3350.0 -2.17265
5350.0 3350.0 -1.83948
5450.0 3350.0 -1.41214
5550.0 3350.0 -0.99892
5650.0 3350.0 -0.63774
5750.0 3350.0 -0.35480
5850.0 3350.0 -0.15231
5950.0 3350.0 -0.00426
6050.0 3350.0 0.13663
6150.0 3350.0 0.32092
6250.0 3350.0 0.57338
6350.0 3350.0 0.84877
50.0 3450.0 -0.72675
150.0 3450.0 -1.27464
250.0 3450.0 -1.57323
350.0 3450.0 -1.48997
450.0 3450.0 -1.03164
550.0 3450.0 -0.33165
650.0 3450.0 0.39102
750.0 3450.0 0.90113
850.0 3450.0 1.04489
950.0 3450.0 0.87577
1050.0 3450.0 0.59792
1150.0 3450.0 0.17745
1250.0 3450.0 -0.32346
1350.0 3450.0 -0.76691
1450.0 3450.0 -1.03173
1550.0 3450.0 -1.06684
1650.0 3450.0 -0.90544
1750.0 3450.0 -0.64013
1850.0 3450.0 -0.35882
1950.0 3450.0 -0.06496
2050.0 3450.0 0.24786
2150.0 3450.0 0.53042
2250.0 3450.0 0.72630
2350.0 3450.0 0.80811
2450.0 3450.0 0.79221
2550.0 3450.0 0.73177
2650.0 3450.0 0.68822
2750.0 3450.0 0.68055
2850.0 3450.0 0.60510
2950.0 3450.0 0.36631
3050.0 3450.0 0.01502
3150.0 3450.0 -0.33056
3250.0 3450.0 -0.55534
3350.0 3450.0 -0.59187
3450.0 3450.0 -0.43900
3550.0 3450.0 -0.15476
3650.0 3450.0 0.17536
3750.0 3450.0 0.43457
3850.0 3450.0 0.50935
3950.0 3450.0 0.37744
4050.0 3450.0 0.09440
4150.0 3450.0 -0.23364
4250.0 3450.0 -0.48390
4350.0 3450.0 -0.55766
4450.0 3450.0 -0.42762
4550.0 3450.0 -0.19330
4650.0 3450.0 -0.09862
4750.0 3450.0 -0.27991
4850.0 3450.0 -0.68525
4950.0 3450.0 -1.16426
5050.0 3450.0 -1.54520
5150.0 3450.0 -1.69395
5250.0 3450.0 -1.55495
5350.0 3450.0 -1.17399
5450.0 3450.0 -0.69862
5550.0 3450.0 -0.27809
5650.0 3450.0 0.00835
5750.0 3450.0 0.13128
5850.0 3450.0 0.11615
5950.0 3450.0 0.03586
6050.0 3450.0 -0.01088
6150.0 3450.0 0.06471
6250.0 3450.0 0.29145
6350.0 3450.0 0.57406
50.0 3550.0 -0.29962
150.0 3550.0 -0.88026
250.0 3550.0 -1.26854
350.0 3550.0 -1.34133
450.0 3550.0 -1.08168
550.0 3550.0 -0.58396
650.0 3550.0 -0.02799
750.0 3550.0 0.37803
850.0 3550.0 0.48579
950.0 3550.0 0.32606
1050.0 3550.0 0.07330
1150.0 3550.0 -0.29001
1250.0 3550.0 -0.69318
1350.0 3550.0 -1.00653
1450.0 3550.0 -1.12818
1550.0 3550.0 -1.03072
1650.0 3550.0 -0.76796
1750.0 3550.0 -0.44154
1850.0 3550.0 -0.12778
1950.0 3550.0 0.18017
2050.0 3550.0 0.45936
2150.0 3550.0 0.64981
2250.0 3550.0 0.70739
2350.0 3550.0 0.63265
2450.0 3550.0 0.47622
2550.0 3550.0 0.32089
2650.0 3550.0 0.24028
2750.0 3550.0 0.23400
2850.0 3550.0 0.17494
2950.0 3550.0 -0.01902
3050.0 3550.0 -0.29638
3150.0 3550.0 -0.55078
3250.0 3550.0 -0.68466
3350.0 3550.0 -0.64780
3450.0 3550.0 -0.45050
3550.0 3550.0 -0.15164
3650.0 3550.0 0.17682
3750.0 3550.0 0.43501
3850.0 3550.0 0.51600
3950.0 3550.0 0.40227
4050.0 3550.0 0.15057
4150.0 3550.0 -0.13626
4250.0 3550.0 -0.34254
4350.0 3550.0 -0.37784
4450.0 3550.0 -0.22008
4550.0 3550.0 0.03520
4650.0 3550.0 0.15815
4750.0 3550.0 0.02127
4850.0 3550.0 -0.32398
4950.0 3550.0 -0.73386
5050.0 3550.0 -1.04620
5150.0 3550.0 -1.13626
5250.0 3550.0 -0.95458
5350.0 3550.0 -0.54685
5450.0 3550.0 -0.05409
5550.0 3550.0 0.34898
5650.0 3550.0 0.55099
5750.0 3550.0 0.52350
5850.0 3550.0 0.31741
5950.0 3550.0 0.04445
6050.0 3550.0 -0.15683
6150.0 3550.0 -0.17038
6250.0 3550.0 0.03264
6350.0 3550.0 0.31874
50.0 3650.0 0.18289
150.0 3650.0 -0.41118
250.0 3650.0 -0.86967
350.0 3650.0 -1.08478
450.0 3650.0 -1.02214
550.0 3650.0 -0.73966
650.0 3650.0 -0.37503
750.0 3650.0 -0.10188
850.0 3650.0 -0.05467
950.0 3650.0 -0.22228
1050.0 3650.0 -0.46098
1150.0 3650.0 -0.76193
1250.0 3650.0 -1.04463
1350.0 3650.0 -1.19493
1450.0 3650.0 -1.14108
1550.0 3650.0 -0.88973
1650.0 3650.0 -0.52183
1750.0 3650.0 -0.14866
1850.0 3650.0 0.17211
1950.0 3650.0 0.46882
2050.0 3650.0 0.69600
2150.0 3650.0 0.78782
2250.0 3650.0 0.71388
2350.0 3650.0 0.49958
2450.0 3650.0 0.22297
2550.0 3650.0 -0.01191
2650.0 3650.0 -0.12518
2750.0 3650.0 -0.13456
2850.0 3650.0 -0.18701
2950.0 3650.0 -0.35657
3050.0 3650.0 -0.59047
3150.0 3650.0 -0.78890
3250.0 3650.0 -0.86509
3350.0 3650.0 -0.78007
3450.0 3650.0 -0.55235
3550.0 3650.0 -0.24235
3650.0 3650.0 0.08643
3750.0 3650.0 0.34999
3850.0 3650.0 0.45053
3950.0 3650.0 0.37129
4050.0 3650.0 0.16395
4150.0 3650.0 -0.07704
4250.0 3650.0 -0.24488
4350.0 3650.0 -0.25566
4450.0 3650.0 -0.08838
4550.0 3650.0 0.16907
4650.0 3650.0 0.30587
4750.0 3650.0 0.20822
4850.0 3650.0 -0.07291
4950.0 3650.0 -0.40396
5050.0 3650.0 -0.63776
5150.0 3650.0 -0.66446
5250.0 3650.0 -0.44453
5350.0 3650.0 -0.02371
5450.0 3650.0 0.46893
5550.0 3650.0 0.84487
5650.0 3650.0 0.96975
5750.0 3650.0 0.81792
5850.0 3650.0 0.46106
5950.0 3650.0 0.04019
6050.0 3650.0 -0.27766
6150.0 3650.0 -0.35836
6250.0 3650.0 -0.17498
6350.0 3650.0 0.11213
50.0 3750.0 0.69897
150.0 3750.0 0.10894
250.0 3750.0 -0.39885
350.0 3750.0 -0.73355
450.0 3750.0 -0.84717
550.0 3750.0 -0.76440
650.0 3750.0 -0.58201
750.0 3750.0 -0.43792
850.0 3750.0 -0.44993
950.0 3750.0 -0.62408
1050.0 3750.0 -0.84713
1150.0 3750.0 -1.08589
1250.0 3750.0 -1.25472
1350.0 3750.0 -1.25876
1450.0 3750.0 -1.05682
1550.0 3750.0 -0.68596
1650.0 3750.0 -0.24802
1750.0 3750.0 0.14219
1850.0 3750.0 0.44652
1950.0 3750.0 0.71337
2050.0 3750.0 0.88252
2150.0 3750.0 0.88495
2250.0 3750.0 0.70061
2350.0 3750.0 0.37233
2450.0 3750.0 -0.00339
2550.0 3750.0 -0.30886
2650.0 3750.0 -0.46095
2750.0 3750.0 -0.48949
2850.0 3750.0 -0.54822
2950.0 3750.0 -0.69478
3050.0 3750.0 -0.87430
3150.0 3750.0 -0.99786
3250.0 3750.0 -0.99642
3350.0 3750.0 -0.84954
3450.0 3750.0 -0.58918
3550.0 3750.0 -0.27830
3650.0 3750.0 0.03366
3750.0 3750.0 0.28981
3850.0 3750.0 0.40962
3950.0 3750.0 0.37866
4050.0 3750.0 0.23979
4150.0 3750.0 0.07192
4250.0 3750.0 -0.03539
4350.0 3750.0 -0.01148
4450.0 3750.0 0.16165
4550.0 3750.0 0.41014
4650.0 3750.0 0.55093
4750.0 3750.0 0.48609
4850.0 3750.0 0.26590
4950.0 3750.0 0.01222
5050.0 3750.0 -0.14483
5150.0 3750.0 -0.11226
5250.0 3750.0 0.13836
5350.0 3750.0 0.56140
5450.0 3750.0 1.04198
5550.0 3750.0 1.38565
5650.0 3750.0 1.44102
5750.0 3750.0 1.18444
5850.0 3750.0 0.70293
5950.0 3750.0 0.15932
6050.0 3750.0 -0.25809
6150.0 3750.0 -0.40159
6250.0 3750.0 -0.24556
6350.0 3750.0 0.02956
50.0 3850.0 1.20238
150.0 3850.0 0.65505
250.0 3850.0 0.14864
350.0 3850.0 -0.24462
450.0 3850.0 -0.47209
550.0 3850.0 -0.53495
650.0 3850.0 -0.49544
750.0 3850.0 -0.45676
850.0 3850.0 -0.51594
950.0 3850.0 -0.68959
1050.0 3850.0 -0.89132
1150.0 3850.0 -1.07037
1250.0 3850.0 -1.14744
1350.0 3850.0 -1.05422
1450.0 3850.0 -0.77844
1550.0 3850.0 -0.37657
1650.0 3850.0 0.04552
1750.0 3850.0 0.38409
1850.0 3850.0 0.62092
1950.0 3850.0 0.81973
2050.0 3850.0 0.92521
2150.0 3850.0 0.87113
2250.0 3850.0 0.63808
2350.0 3850.0 0.26690
2450.0 3850.0 -0.15006
2550.0 3850.0 -0.50005
2650.0 3850.0 -0.70330
2750.0 3850.0 -0.78801
2850.0 3850.0 -0.88307
2950.0 3850.0 -1.01067
3050.0 3850.0 -1.11235
3150.0 3850.0 -1.12007
3250.0 3850.0 -0.99831
3350.0 3850.0 -0.76146
3450.0 3850.0 -0.46644
3550.0 3850.0 -0.18058
3650.0 3850.0 0.07318
3750.0 3850.0 0.28849
3850.0 3850.0 0.41804
3950.0 3850.0 0.45407
4050.0 3850.0 0.42472
4150.0 3850.0 0.37989
4250.0 3850.0 0.37514
4350.0 3850.0 0.45342
4450.0 3850.0 0.62461
4550.0 3850.0 0.84108
4650.0 3850.0 0.96446
4750.0 3850.0 0.91621
4850.0 3850.0 0.74540
4950.0 3850.0 0.55979
5050.0 3850.0 0.46932
5150.0 3850.0 0.54736
5250.0 3850.0 0.80966
5350.0 3850.0 1.21102
5450.0 3850.0 1.65463
5550.0 3850.0 1.95771
5650.0 3850.0 1.96610
5750.0 3850.0 1.65559
5850.0 3850.0 1.11506
5950.0 3850.0 0.51099
6050.0 3850.0 0.03586
6150.0 3850.0 -0.15931
6250.0 3850.0 -0.04827
6350.0 3850.0 0.18476
50.0 3950.0 1.55100
150.0 3950.0 1.08771
250.0 3950.0 0.64363
350.0 3950.0 0.27263
450.0 3950.0 0.02069
550.0 3950.0 -0.10458
650.0 3950.0 -0.14278
750.0 3950.0 -0.16791
850.0 3950.0 -0.25391
950.0 3950.0 -0.41860
1050.0 3950.0 -0.59374
1150.0 3950.0 -0.71831
1250.0 3950.0 -0.73150
1350.0 3950.0 -0.59841
1450.0 3950.0 -0.33270
1550.0 3950.0 0.00261
1650.0 3950.0 0.31604
1750.0 3950.0 0.53039
1850.0 3950.0 0.64700
1950.0 3950.0 0.74080
2050.0 3950.0 0.78637
2150.0 3950.0 0.72743
2250.0 3950.0 0.53273
2350.0 3950.0 0.21667
2450.0 3950.0 -0.16067
2550.0 3950.0 -0.51426
2650.0 3950.0 -0.77560
2750.0 3950.0 -0.95402
2850.0 3950.0 -1.11867
2950.0 3950.0 -1.24021
3050.0 3950.0 -1.25555
3150.0 3950.0 -1.12547
3250.0 3950.0 -0.86042
3350.0 3950.0 -0.52226
3450.0 3950.0 -0.20172
3550.0 3950.0 0.02821
3650.0 3950.0 0.18085
3750.0 3950.0 0.31765
3850.0 3950.0 0.43628
3950.0 3950.0 0.53988
4050.0 3950.0 0.63866
4150.0 3950.0 0.74424
4250.0 3950.0 0.86559
4350.0 3950.0 1.00627
4450.0 3950.0 1.16325
4550.0 3950.0 1.32369
4650.0 3950.0 1.40632
4750.0 3950.0 1.35389
4850.0 3950.0 1.21384
4950.0 3950.0 1.07843
5050.0 3950.0 1.03583
5150.0 3950.0 1.13848
5250.0 3950.0 1.38890
5350.0 3950.0 1.74276
5450.0 3950.0 2.12397
5550.0 3950.0 2.38218
5650.0 3950.0 2.37855
5750.0 3950.0 2.08520
5850.0 3950.0 1.57595
5950.0 3950.0 0.99772
6050.0 3950.0 0.52539
6150.0 3950.0 0.30007
6250.0 3950.0 0.35091
6350.0 3950.0 0.51140
50.0 4050.0 1.62460
150.0 4050.0 1.27328
250.0 4050.0 0.94087
350.0 4050.0 0.66558
450.0 4050.0 0.47686
550.0 4050.0 0.37611
650.0 4050.0 0.33208
750.0 4050.0 0.29091
850.0 4050.0 0.20089
950.0 4050.0 0.05196
1050.0 4050.0 -0.09398
1150.0 4050.0 -0.17066
1250.0 4050.0 -0.14397
1350.0 4050.0 -0.01583
1450.0 4050.0 0.17767
1550.0 4050.0 0.37687
1650.0 4050.0 0.51774
1750.0 4050.0 0.55985
1850.0 4050.0 0.52286
1950.0 4050.0 0.49133
2050.0 4050.0 0.49135
2150.0 4050.0 0.48237
2250.0 4050.0 0.41030
2350.0 4050.0 0.24217
2450.0 4050.0 -0.01795
2550.0 4050.0 -0.33178
2650.0 4050.0 -0.64831
2750.0 4050.0 -0.94333
2850.0 4050.0 -1.20144
2950.0 4050.0 -1.33598
3050.0 4050.0 -1.27925
3150.0 4050.0 -1.02291
3250.0 4050.0 -0.62637
3350.0 4050.0 -0.20179
3450.0 4050.0 0.12444
3550.0 4050.0 0.27368
3650.0 4050.0 0.29775
3750.0 4050.0 0.32828
3850.0 4050.0 0.40936
3950.0 4050.0 0.55746
4050.0 4050.0 0.76647
4150.0 4050.0 1.00959
4250.0 4050.0 1.24709
4350.0 4050.0 1.43997
4450.0 4050.0 1.56964
4550.0 4050.0 1.65862
4650.0 4050.0 1.68416
4750.0 4050.0 1.60942
4850.0 4050.0 1.47998
4950.0 4050.0 1.37313
5050.0 4050.0 1.35623
5150.0 4050.0 1.46204
5250.0 4050.0 1.68081
5350.0 4050.0 1.96935
5450.0 4050.0 2.27247
5550.0 4050.0 2.48846
5650.0 4050.0 2.50954
5750.0 4050.0 2.30167
5850.0 4050.0 1.90895
5950.0 4050.0 1.43869
6050.0 4050.0 1.02912
6150.0 4050.0 0.79978
6250.0 4050.0 0.78455
6350.0 4050.0 0.85404
50.0 4150.0 1.39938
150.0 4150.0 1.16525
250.0 4150.0 0.96560
350.0 4150.0 0.82709
450.0 4150.0 0.75767
550.0 4150.0 0.74229
650.0 4150.0 0.74633
750.0 4150.0 0.72658
850.0 4150.0 0.64994
950.0 4150.0 0.51963
1050.0 4150.0 0.40201
1150.0 4150.0 0.36752
1250.0 4150.0 0.42213
1350.0 4150.0 0.52814
1450.0 4150.0 0.62988
1550.0 4150.0 0.67467
1650.0 4150.0 0.62928
1750.0 4150.0 0.49162
1850.0 4150.0 0.29802
1950.0 4150.0 0.14409
2050.0 4150.0 0.11843
2150.0 4150.0 0.19857
2250.0 4150.0 0.30187
2350.0 4150.0 0.33765
2450.0 4150.0 0.24259
2550.0 4150.0 -0.00052
2650.0 4150.0 -0.36072
2750.0 4150.0 -0.77308
2850.0 4150.0 -1.13112
2950.0 4150.0 -1.29726
3050.0 4150.0 -1.20017
3150.0 4150.0 -0.85799
3250.0 4150.0 -0.37181
3350.0 4150.0 0.10365
3450.0 4150.0 0.41208
3550.0 4150.0 0.47034
3650.0 4150.0 0.36296
3750.0 4150.0 0.27864
3850.0 4150.0 0.29884
3950.0 4150.0 0.45305
4050.0 4150.0 0.72474
4150.0 4150.0 1.05749
4250.0 4150.0 1.37179
4350.0 4150.0 1.59222
4450.0 4150.0 1.68520
4550.0 4150.0 1.70099
4650.0 4150.0 1.66552
4750.0 4150.0 1.55910
4850.0 4150.0 1.42554
4950.0 4150.0 1.32929
5050.0 4150.0 1.32017
5150.0 4150.0 1.41443
5250.0 4150.0 1.59225
5350.0 4150.0 1.81158
5450.0 4150.0 2.03581
5550.0 4150.0 2.21815
5650.0 4150.0 2.28987
5750.0 4150.0 2.20967
5850.0 4150.0 1.98464
5950.0 4150.0 1.67229
6050.0 4150.0 1.36440
6150.0 4150.0 1.15276
6250.0 4150.0 1.07676
6350.0 4150.0 1.05485
50.0 4250.0 0.96649
150.0 4250.0 0.83021
250.0 4250.0 0.74822
350.0 4250.0 0.73964
450.0 4250.0 0.79262
550.0 4250.0 0.87412
650.0 4250.0 0.94153
750.0 4250.0 0.95608
850.0 4250.0 0.89814
950.0 4250.0 0.78428
1050.0 4250.0 0.69097
1150.0 4250.0 0.69606
1250.0 4250.0 0.78318
1350.0 4250.0 0.88397
1450.0 4250.0 0.92421
1550.0 4250.0 0.85429
1650.0 4250.0 0.66409
1750.0 4250.0 0.38227
1850.0 4250.0 0.06038
1950.0 4250.0 -0.19102
2050.0 4250.0 -0.22468
2150.0 4250.0 -0.04685
2250.0 4250.0 0.23295
2350.0 4250.0 0.47048
2450.0 4250.0 0.54039
2550.0 4250.0 0.37473
2650.0 4250.0 -0.01348
2750.0 4250.0 -0.52160
2850.0 4250.0 -0.96628
2950.0 4250.0 -1.17500
3050.0 4250.0 -1.07439
3150.0 4250.0 -0.69998
3250.0 4250.0 -0.17981
3350.0 4250.0 0.30415
3450.0 4250.0 0.57664
3550.0 4250.0 0.55200
3650.0 4250.0 0.33580
3750.0 4250.0 0.15044
3850.0 4250.0 0.09861
3950.0 4250.0 0.22013
4050.0 4250.0 0.49570
4150.0 4250.0 0.85374
4250.0 4250.0 1.19140
4350.0 4250.0 1.40990
4450.0 4250.0 1.46405
4550.0 4250.0 1.41917
4650.0 4250.0 1.33266
4750.0 4250.0 1.19753
4850.0 4250.0 1.05613
4950.0 4250.0 0.96311
5050.0 4250.0 0.95490
5150.0 4250.0 1.03527
5250.0 4250.0 1.17680
5350.0 4250.0 1.33840
5450.0 4250.0 1.49804
5550.0 4250.0 1.65787
5650.0 4250.0 1.78545
5750.0 4250.0 1.83296
5850.0 4250.0 1.77327
5950.0 4250.0 1.61761
6050.0 4250.0 1.41443
6150.0 4250.0 1.22947
6250.0 4250.0 1.10706
6350.0 4250.0 1.01143
50.0 4350.0 0.49457
150.0 4350.0 0.41841
250.0 4350.0 0.40708
350.0 4350.0 0.47456
450.0 4350.0 0.59728
550.0 4350.0 0.73216
650.0 4350.0 0.83293
750.0 4350.0 0.86463
850.0 4350.0 0.81637
950.0 4350.0 0.71240
1050.0 4350.0 0.63758
1150.0 4350.0 0.68377
1250.0 4350.0 0.82339
1350.0 4350.0 0.96494
1450.0 4350.0 1.01452
1550.0 4350.0 0.91514
1650.0 4350.0 0.66357
1750.0 4350.0 0.30492
1850.0 4350.0 -0.09477
1950.0 4350.0 -0.40498
2050.0 4350.0 -0.43755
2150.0 4350.0 -0.18810
2250.0 4350.0 0.21567
2350.0 4350.0 0.59361
2450.0 4350.0 0.77896
2550.0 4350.0 0.67005
2650.0 4350.0 0.26815
2750.0 4350.0 -0.29886
2850.0 4350.0 -0.80130
2950.0 4350.0 -1.05178
3050.0 4350.0 -0.97657
3150.0 4350.0 -0.61787
3250.0 4350.0 -0.11358
3350.0 4350.0 0.34463
3450.0 4350.0 0.57509
3550.0 4350.0 0.49167
3650.0 4350.0 0.20747
3750.0 4350.0 -0.04700
3850.0 4350.0 -0.16537
3950.0 4350.0 -0.10190
4050.0 4350.0 0.12833
4150.0 4350.0 0.45348
4250.0 4350.0 0.76569
4350.0 4350.0 0.95834
4450.0 4350.0 0.97982
4550.0 4350.0 0.89704
4650.0 4350.0 0.78018
4750.0 4350.0 0.63092
4850.0 4350.0 0.49068
4950.0 4350.0 0.40707
5050.0 4350.0 0.40683
5150.0 4350.0 0.48456
5250.0 4350.0 0.60720
5350.0 4350.0 0.73425
5450.0 4350.0 0.85409
5550.0 4350.0 1.00119
5650.0 4350.0 1.16661
5750.0 4350.0 1.29835
5850.0 4350.0 1.34725
5950.0 4350.0 1.29470
6050.0 4350.0 1.16115
6150.0 4350.0 0.99551
6250.0 4350.0 0.84524
6350.0 4350.0 0.70590
50.0 4450.0 0.13631
150.0 4450.0 0.07897
250.0 4450.0 0.07935
350.0 4450.0 0.14664
450.0 4450.0 0.25637
550.0 4450.0 0.36884
650.0 4450.0 0.44455
750.0 4450.0 0.45655
850.0 4450.0 0.39981
950.0 4450.0 0.29755
1050.0 4450.0 0.23573
1150.0 4450.0 0.32748
1250.0 4450.0 0.54626
1350.0 4450.0 0.78446
1450.0 4450.0 0.92592
1550.0 4450.0 0.89372
1650.0 4450.0 0.67326
1750.0 4450.0 0.31055
1850.0 4450.0 -0.11372
1950.0 4450.0 -0.44467
2050.0 4450.0 -0.47708
2150.0 4450.0 -0.20282
2250.0 4450.0 0.24404
2350.0 4450.0 0.67084
2450.0 4450.0 0.89632
2550.0 4450.0 0.80707
2650.0 4450.0 0.40022
2750.0 4450.0 -0.18758
2850.0 4450.0 -0.71486
2950.0 4450.0 -0.99670
3050.0 4450.0 -0.96021
3150.0 4450.0 -0.64550
3250.0 4450.0 -0.18664
3350.0 4450.0 0.22905
3450.0 4450.0 0.42335
3550.0 4450.0 0.31109
3650.0 4450.0 0.00217
3750.0 4450.0 -0.28433
3850.0 4450.0 -0.45164
3950.0 4450.0 -0.45242
4050.0 4450.0 -0.29348
4150.0 4450.0 -0.03613
4250.0 4450.0 0.22092
4350.0 4450.0 0.37591
4450.0 4450.0 0.37583
4550.0 4450.0 0.27932
4650.0 4450.0 0.15530
4750.0 4450.0 0.01167
4850.0 4450.0 -0.11061
4950.0 4450.0 -0.16925
5050.0 4450.0 -0.14510
5150.0 4450.0 -0.05094
5250.0 4450.0 0.07541
5350.0 4450.0 0.19364
5450.0 4450.0 0.29942
5550.0 4450.0 0.43943
5650.0 4450.0 0.61091
5750.0 4450.0 0.76070
5850.0 4450.0 0.83381
5950.0 4450.0 0.80384
6050.0 4450.0 0.68403
6150.0 4450.0 0.51900
6250.0 4450.0 0.35712
6350.0 4450.0 0.20501
50.0 4550.0 -0.11154
150.0 4550.0 -0.17225
250.0 4550.0 -0.19369
350.0 4550.0 -0.17189
450.0 4550.0 -0.12598
550.0 4550.0 -0.08390
650.0 4550.0 -0.07134
750.0 4550.0 -0.10369
850.0 4550.0 -0.18110
950.0 4550.0 -0.28658
1050.0 4550.0 -0.33848
1150.0 4550.0 -0.19870
1250.0 4550.0 0.11365
1350.0 4550.0 0.47843
1450.0 4550.0 0.75559
1550.0 4550.0 0.84155
1650.0 4550.0 0.70059
1750.0 4550.0 0.37157
1850.0 4550.0 -0.04999
1950.0 4550.0 -0.38296
2050.0 4550.0 -0.41875
2150.0 4550.0 -0.14925
2250.0 4550.0 0.29205
2350.0 4550.0 0.71335
2450.0 4550.0 0.93423
2550.0 4550.0 0.84178
2650.0 4550.0 0.43317
2750.0 4550.0 -0.15564
2850.0 4550.0 -0.68977
2950.0 4550.0 -0.99466
3050.0 4550.0 -0.99879
3150.0 4550.0 -0.73644
3250.0 4550.0 -0.33192
3350.0 4550.0 0.03783
3450.0 4550.0 0.20225
3550.0 4550.0 0.07784
3650.0 4550.0 -0.23337
3750.0 4550.0 -0.53156
3850.0 4550.0 -0.73463
3950.0 4550.0 -0.79577
4050.0 4550.0 -0.71240
4150.0 4550.0 -0.53145
4250.0 4550.0 -0.33703
4350.0 4550.0 -0.22076
4450.0 4550.0 -0.23465
4550.0 4550.0 -0.33197
4650.0 4550.0 -0.45034
4750.0 4550.0 -0.57637
4850.0 4550.0 -0.66945
4950.0 4550.0 -0.69222
5050.0 4550.0 -0.63261
5150.0 4550.0 -0.51035
5250.0 4550.0 -0.36777
5350.0 4550.0 -0.24508
5450.0 4550.0 -0.14050
5550.0 4550.0 -0.00684
5650.0 4550.0 0.14915
5750.0 4550.0 0.27502
5850.0 4550.0 0.31980
5950.0 4550.0 0.26248
6050.0 4550.0 0.12136
6150.0 4550.0 -0.05587
6250.0 4550.0 -0.22141
6350.0 4550.0 -0.36985
50.0 4650.0 -0.29938
150.0 4650.0 -0.37372
250.0 4650.0 -0.42082
350.0 4650.0 -0.43972
450.0 4650.0 -0.44553
550.0 4650.0 -0.45835
650.0 4650.0 -0.49508
750.0 4650.0 -0.56412
850.0 4650.0 -0.66309
950.0 4650.0 -0.77930
1050.0 4650.0 -0.83202
1150.0 4650.0 -0.66214
1250.0 4650.0 -0.28155
1350.0 4650.0 0.18060
1450.0 4650.0 0.56532
1550.0 4650.0 0.74672
1650.0 4650.0 0.67053
1750.0 4650.0 0.36819
1850.0 4650.0 -0.05312
1950.0 4650.0 -0.38858
2050.0 4650.0 -0.42258
2150.0 4650.0 -0.14422
2250.0 4650.0 0.31366
2350.0 4650.0 0.75732
2450.0 4650.0 1.00224
2550.0 4650.0 0.93063
2650.0 4650.0 0.53633
2750.0 4650.0 -0.04350
2850.0 4650.0 -0.57760
2950.0 4650.0 -0.90591
3050.0 4650.0 -0.96014
3150.0 4650.0 -0.76731
3250.0 4650.0 -0.43795
3350.0 4650.0 -0.13326
3450.0 4650.0 -0.01117
3550.0 4650.0 -0.15135
3650.0 4650.0 -0.46283
3750.0 4650.0 -0.76894
3850.0 4650.0 -1.00014
3950.0 4650.0 -1.10866
4050.0 4650.0 -1.08286
4150.0 4650.0 -0.95727
4250.0 4650.0 -0.80455
4350.0 4650.0 -0.70941
4450.0 4650.0 -0.72449
4550.0 4650.0 -0.81301
4650.0 4650.0 -0.91565
4750.0 4650.0 -1.01468
4850.0 4650.0 -1.07302
4950.0 4650.0 -1.06063
5050.0 4650.0 -0.97273
5150.0 4650.0 -0.83368
5250.0 4650.0 -0.68651
5350.0 4650.0 -0.56816
5450.0 4650.0 -0.47190
5550.0 4650.0 -0.35890
5650.0 4650.0 -0.24318
5750.0 4650.0 -0.17092
5850.0 4650.0 -0.18079
5950.0 4650.0 -0.28151
6050.0 4650.0 -0.44673
6150.0 4650.0 -0.62730
6250.0 4650.0 -0.78085
6350.0 4650.0 -0.90792
50.0 4750.0 -0.36860
150.0 4750.0 -0.47512
250.0 4750.0 -0.55002
350.0 4750.0 -0.59000
450.0 4750.0 -0.61032
550.0 4750.0 -0.63345
650.0 4750.0 -0.68012
750.0 4750.0 -0.76287
850.0 4750.0 -0.88198
950.0 4750.0 -1.02381
1050.0 4750.0 -1.09971
1150.0 4750.0 -0.93837
1250.0 4750.0 -0.54582
1350.0 4750.0 -0.05298
1450.0 4750.0 0.37303
1550.0 4750.0 0.59445
1650.0 4750.0 0.54516
1750.0 4750.0 0.24987
1850.0 4750.0 -0.17962
1950.0 4750.0 -0.52215
2050.0 4750.0 -0.54899
2150.0 4750.0 -0.24068
2250.0 4750.0 0.27146
2350.0 4750.0 0.78701
2450.0 4750.0 1.10822
2550.0 4750.0 1.10195
2650.0 4750.0 0.75176
2750.0 4750.0 0.19924
2850.0 4750.0 -0.32062
2950.0 4750.0 -0.66723
3050.0 4750.0 -0.77903
3150.0 4750.0 -0.67502
3250.0 4750.0 -0.44718
3350.0 4750.0 -0.23355
3450.0 4750.0 -0.17192
3550.0 4750.0 -0.33407
3650.0 4750.0 -0.64398
3750.0 4750.0 -0.95270
3850.0 4750.0 -1.19831
3950.0 4750.0 -1.32878
4050.0 4750.0 -1.32390
4150.0 4750.0 -1.21017
4250.0 4750.0 -1.05575
4350.0 4750.0 -0.94555
4450.0 4750.0 -0.93657
4550.0 4750.0 -0.99763
4650.0 4750.0 -1.06548
4750.0 4750.0 -1.12098
4850.0 4750.0 -1.13721
4950.0 4750.0 -1.09610
5050.0 4750.0 -0.99990
5150.0 4750.0 -0.87211
5250.0 4750.0 -0.74800
5350.0 4750.0 -0.65458
5450.0 4750.0 -0.58296
5550.0 4750.0 -0.51821
5650.0 4750.0 -0.48513
5750.0 4750.0 -0.51262
5850.0 4750.0 -0.61257
5950.0 4750.0 -0.77114
6050.0 4750.0 -0.95172
6150.0 4750.0 -1.10944
6250.0 4750.0 -1.21733
6350.0 4750.0 -1.28854
50.0 4850.0 -0.30748
150.0 4850.0 -0.46388
250.0 4850.0 -0.56572
350.0 4850.0 -0.60156
450.0 4850.0 -0.59154
550.0 4850.0 -0.57205
650.0 4850.0 -0.58187
750.0 4850.0 -0.65004
850.0 4850.0 -0.78525
950.0 4850.0 -0.96693
1050.0 4850.0 -1.08818
1150.0 4850.0 -0.97434
1250.0 4850.0 -0.62709
1350.0 4850.0 -0.17179
1450.0 4850.0 0.22752
1550.0 4850.0 0.43198
1650.0 4850.0 0.37069
1750.0 4850.0 0.06241
1850.0 4850.0 -0.38364
1950.0 4850.0 -0.74005
2050.0 4850.0 -0.76406
2150.0 4850.0 -0.42296
2250.0 4850.0 0.15679
2350.0 4850.0 0.76789
2450.0 4850.0 1.19527
2550.0 4850.0 1.28390
2650.0 4850.0 1.00129
2750.0 4850.0 0.49356
2850.0 4850.0 0.00489
2950.0 4850.0 -0.34395
3050.0 4850.0 -0.50091
3150.0 4850.0 -0.47914
3250.0 4850.0 -0.35225
3350.0 4850.0 -0.23303
3450.0 4850.0 -0.23548
3550.0 4850.0 -0.42027
3650.0 4850.0 -0.72641
3750.0 4850.0 -1.03278
3850.0 4850.0 -1.28015
3950.0 4850.0 -1.40899
4050.0 4850.0 -1.39084
4150.0 4850.0 -1.24808
4250.0 4850.0 -1.05081
4350.0 4850.0 -0.89095
4450.0 4850.0 -0.83343
4550.0 4850.0 -0.84876
4650.0 4850.0 -0.86399
4750.0 4850.0 -0.86240
4850.0 4850.0 -0.83370
4950.0 4850.0 -0.77564
5050.0 4850.0 -0.69619
5150.0 4850.0 -0.61157
5250.0 4850.0 -0.54025
5350.0 4850.0 -0.49282
5450.0 4850.0 -0.46166
5550.0 4850.0 -0.46837
5650.0 4850.0 -0.54884
5750.0 4850.0 -0.70426
5850.0 4850.0 -0.90838
5950.0 4850.0 -1.11878
6050.0 4850.0 -1.29023
6150.0 4850.0 -1.39026
6250.0 4850.0 -1.41678
6350.0 4850.0 -1.39935
50.0 4950.0 -0.15180
150.0 4950.0 -0.36789
250.0 4950.0 -0.49253
350.0 4950.0 -0.50177
450.0 4950.0 -0.42440
550.0 4950.0 -0.31950
650.0 4950.0 -0.25453
750.0 4950.0 -0.28421
850.0 4950.0 -0.42983
950.0 4950.0 -0.65929
1050.0 4950.0 -0.83926
1150.0 4950.0 -0.79728
1250.0 4950.0 -0.53174
1350.0 4950.0 -0.15774
1450.0 4950.0 0.17095
1550.0 4950.0 0.32151
1650.0 4950.0 0.22301
1750.0 4950.0 -0.11108
1850.0 4950.0 -0.57877
1950.0 4950.0 -0.95596
2050.0 4950.0 -0.99176
2150.0 4950.0 -0.63865
2250.0 4950.0 -0.01311
2350.0 4950.0 0.67616
2450.0 4950.0 1.20049
2550.0 4950.0 1.38376
2650.0 4950.0 1.17538
2750.0 4950.0 0.72213
2850.0 4950.0 0.27844
2950.0 4950.0 -0.04924
3050.0 4950.0 -0.21920
3150.0 4950.0 -0.24371
3250.0 4950.0 -0.18425
3350.0 4950.0 -0.13353
3450.0 4950.0 -0.18438
3550.0 4950.0 -0.38542
3650.0 4950.0 -0.68600
3750.0 4950.0 -0.98741
3850.0 4950.0 -1.23007
3950.0 4950.0 -1.34511
4050.0 4950.0 -1.29569
4150.0 4950.0 -1.10196
4250.0 4950.0 -0.83938
4350.0 4950.0 -0.61053
4450.0 4950.0 -0.49039
4550.0 4950.0 -0.44927
4650.0 4950.0 -0.40243
4750.0 4950.0 -0.33908
4850.0 4950.0 -0.26932
4950.0 4950.0 -0.20811
5050.0 4950.0 -0.16705
5150.0 4950.0 -0.14996
5250.0 4950.0 -0.15231
5350.0 4950.0 -0.16438
5450.0 4950.0 -0.18277
5550.0 4950.0 -0.26981
5650.0 4950.0 -0.46867
5750.0 4950.0 -0.74718
5850.0 4950.0 -1.03784
5950.0 4950.0 -1.27109
6050.0 4950.0 -1.39896
6150.0 4950.0 -1.40922
6250.0 4950.0 -1.32988
6350.0 4950.0 -1.20585
50.0 5050.0 0.03096
150.0 5050.0 -0.24360
250.0 5050.0 -0.38507
350.0 5050.0 -0.35574
450.0 5050.0 -0.19445
550.0 5050.0 0.01403
650.0 5050.0 0.17001
750.0 5050.0 0.19020
850.0 5050.0 0.03954
950.0 5050.0 -0.23676
1050.0 5050.0 -0.47567
1150.0 5050.0 -0.50727
1250.0 5050.0 -0.32696
1350.0 5050.0 -0.03916
1450.0 5050.0 0.21360
1550.0 5050.0 0.30558
1650.0 5050.0 0.16669
1750.0 5050.0 -0.19457
1850.0 5050.0 -0.68403
1950.0 5050.0 -1.08664
2050.0 5050.0 -1.15378
2150.0 5050.0 -0.82522
2250.0 5050.0 -0.20239
2350.0 5050.0 0.51378
2450.0 5050.0 1.09098
2550.0 5050.0 1.33972
2650.0 5050.0 1.19353
2750.0 5050.0 0.79352
2850.0 5050.0 0.40077
2950.0 5050.0 0.11669
3050.0 5050.0 -0.02602
3150.0 5050.0 -0.04472
3250.0 5050.0 0.00133
3350.0 5050.0 0.02895
3450.0 5050.0 -0.04126
3550.0 5050.0 -0.24752
3650.0 5050.0 -0.54175
3750.0 5050.0 -0.83874
3850.0 5050.0 -1.07851
3950.0 5050.0 -1.18286
4050.0 5050.0 -1.10615
4150.0 5050.0 -0.86555
4250.0 5050.0 -0.54109
4350.0 5050.0 -0.24547
4450.0 5050.0 -0.06362
4550.0 5050.0 0.03367
4650.0 5050.0 0.14057
4750.0 5050.0 0.26012
4850.0 5050.0 0.36189
4950.0 5050.0 0.41523
5050.0 5050.0 0.40707
5150.0 5050.0 0.34803
5250.0 5050.0 0.26698
5350.0 5050.0 0.19390
5450.0 5050.0 0.12652
5550.0 5050.0 -0.03269
5650.0 5050.0 -0.32774
5750.0 5050.0 -0.69406
5850.0 5050.0 -1.02886
5950.0 5050.0 -1.24369
6050.0 5050.0 -1.29573
6150.0 5050.0 -1.19789
6250.0 5050.0 -1.00761
6350.0 5050.0 -0.77960
50.0 5150.0 0.16276
150.0 5150.0 -0.15843
250.0 5150.0 -0.31127
350.0 5150.0 -0.24650
450.0 5150.0 -0.01156
550.0 5150.0 0.28698
650.0 5150.0 0.52218
750.0 5150.0 0.58670
850.0 5150.0 0.43393
950.0 5150.0 0.12027
1050.0 5150.0 -0.16454
1150.0 5150.0 -0.24810
1250.0 5150.0 -0.12228
1350.0 5150.0 0.11526
1450.0 5150.0 0.32747
1550.0 5150.0 0.39029
1650.0 5150.0 0.23113
1750.0 5150.0 -0.14665
1850.0 5150.0 -0.65300
1950.0 5150.0 -1.08159
2050.0 5150.0 -1.19704
2150.0 5150.0 -0.93130
2250.0 5150.0 -0.36765
2350.0 5150.0 0.30997
2450.0 5150.0 0.87808
2550.0 5150.0 1.14543
2650.0 5150.0 1.03532
2750.0 5150.0 0.67686
2850.0 5150.0 0.33086
2950.0 5150.0 0.10320
3050.0 5150.0 0.02056
3150.0 5150.0 0.05583
3250.0 5150.0 0.14214
3350.0 5150.0 0.19408
3450.0 5150.0 0.13569
3550.0 5150.0 -0.06432
3650.0 5150.0 -0.35274
3750.0 5150.0 -0.64885
3850.0 5150.0 -0.89509
3950.0 5150.0 -1.00597
4050.0 5150.0 -0.92640
4150.0 5150.0 -0.66751
4250.0 5150.0 -0.30925
4350.0 5150.0 0.03020
4450.0 5150.0 0.25821
4550.0 5150.0 0.40045
4650.0 5150.0 0.55476
4750.0 5150.0 0.71678
4850.0 5150.0 0.83983
4950.0 5150.0 0.88134
5050.0 5150.0 0.82810
5150.0 5150.0 0.70343
5250.0 5150.0 0.55647
5350.0 5150.0 0.43348
5450.0 5150.0 0.32715
5550.0 5150.0 0.11780
5650.0 5150.0 -0.23275
5750.0 5150.0 -0.63473
5850.0 5150.0 -0.96281
5950.0 5150.0 -1.12155
6050.0 5150.0 -1.08018
6150.0 5150.0 -0.87677
6250.0 5150.0 -0.59183
6350.0 5150.0 -0.28208
50.0 5250.0 0.18158
150.0 5250.0 -0.16770
250.0 5250.0 -0.32890
350.0 5250.0 -0.24620
450.0 5250.0 0.02820
550.0 5250.0 0.37555
650.0 5250.0 0.65363
750.0 5250.0 0.74154
850.0 5250.0 0.58609
950.0 5250.0 0.24992
1050.0 5250.0 -0.05874
1150.0 5250.0 -0.15636
1250.0 5250.0 -0.03000
1350.0 5250.0 0.22241
1450.0 5250.0 0.45870
1550.0 5250.0 0.54639
1650.0 5250.0 0.40385
1750.0 5250.0 0.02873
1850.0 5250.0 -0.48620
1950.0 5250.0 -0.93696
2050.0 5250.0 -1.10906
2150.0 5250.0 -0.93264
2250.0 5250.0 -0.47288
2350.0 5250.0 0.10932
2450.0 5250.0 0.60990
2550.0 5250.0 0.84741
2650.0 5250.0 0.74208
2750.0 5250.0 0.40686
2850.0 5250.0 0.09450
2950.0 5250.0 -0.07831
3050.0 5250.0 -0.08726
3150.0 5250.0 0.02909
3250.0 5250.0 0.19007
3350.0 5250.0 0.29902
3450.0 5250.0 0.27487
3550.0 5250.0 0.08894
3650.0 5250.0 -0.19538
3750.0 5250.0 -0.49593
3850.0 5250.0 -0.76247
3950.0 5250.0 -0.90549
4050.0 5250.0 -0.85987
4150.0 5250.0 -0.62629
4250.0 5250.0 -0.27763
4350.0 5250.0 0.06957
4450.0 5250.0 0.31864
4550.0 5250.0 0.48736
4650.0 5250.0 0.66994
4750.0 5250.0 0.85726
4850.0 5250.0 0.99291
4950.0 5250.0 1.02724
5050.0 5250.0 0.94698
5150.0 5250.0 0.78305
5250.0 5250.0 0.59670
5350.0 5250.0 0.44392
5450.0 5250.0 0.31483
5550.0 5250.0 0.08387
5650.0 5250.0 -0.27688
5750.0 5250.0 -0.66349
5850.0 5250.0 -0.94330
5950.0 5250.0 -1.02529
6050.0 5250.0 -0.89414
6150.0 5250.0 -0.60818
6250.0 5250.0 -0.26107
6350.0 5250.0 0.09593
50.0 5350.0 0.07327
150.0 5350.0 -0.28605
250.0 5350.0 -0.45549
350.0 5350.0 -0.37838
450.0 5350.0 -0.10709
550.0 5350.0 0.23861
650.0 5350.0 0.51499
750.0 5350.0 0.59959
850.0 5350.0 0.43826
950.0 5350.0 0.09409
1050.0 5350.0 -0.21609
1150.0 5350.0 -0.28872
1250.0 5350.0 -0.10461
1350.0 5350.0 0.23069
1450.0 5350.0 0.55880
1550.0 5350.0 0.72809
1650.0 5350.0 0.64091
1750.0 5350.0 0.28846
1850.0 5350.0 -0.22662
1950.0 5350.0 -0.69345
2050.0 5350.0 -0.92098
2150.0 5350.0 -0.84267
2250.0 5350.0 -0.50812
2350.0 5350.0 -0.05351
2450.0 5350.0 0.34225
2550.0 5350.0 0.51536
2650.0 5350.0 0.38916
2750.0 5350.0 0.05935
2850.0 5350.0 -0.23550
2950.0 5350.0 -0.36605
3050.0 5350.0 -0.30732
3150.0 5350.0 -0.10807
3250.0 5350.0 0.13575
3350.0 5350.0 0.31245
3450.0 5350.0 0.33088
3550.0 5350.0 0.16151
3650.0 5350.0 -0.12081
3750.0 5350.0 -0.43089
3850.0 5350.0 -0.73079
3950.0 5350.0 -0.93024
4050.0 5350.0 -0.95371
4150.0 5350.0 -0.78737
4250.0 5350.0 -0.49037
4350.0 5350.0 -0.17070
4450.0 5350.0 0.07459
4550.0 5350.0 0.25131
4650.0 5350.0 0.44385
4750.0 5350.0 0.64188
4850.0 5350.0 0.78582
4950.0 5350.0 0.82306
5050.0 5350.0 0.73930
5150.0 5350.0 0.56691
5250.0 5350.0 0.37037
5350.0 5350.0 0.20879
5450.0 5350.0 0.07300
5550.0 5350.0 -0.15485
5650.0 5350.0 -0.49102
5750.0 5350.0 -0.82810
5850.0 5350.0 -1.03855
5950.0 5350.0 -1.04318
6050.0 5350.0 -0.84174
6150.0 5350.0 -0.50541
6250.0 5350.0 -0.13133
6350.0 5350.0 0.23944
50.0 5450.0 -0.09118
150.0 5450.0 -0.45134
250.0 5450.0 -0.63015
350.0 5450.0 -0.57323
450.0 5450.0 -0.33029
550.0 5450.0 -0.01561
650.0 5450.0 0.23339
750.0 5450.0 0.29942
850.0 5450.0 0.13038
950.0 5450.0 -0.21361
1050.0 5450.0 -0.51316
1150.0 5450.0 -0.54091
1250.0 5450.0 -0.27108
1350.0 5450.0 0.17939
1450.0 5450.0 0.63064
1550.0 5450.0 0.90711
1650.0 5450.0 0.89230
1750.0 5450.0 0.57111
1850.0 5450.0 0.05951
1950.0 5450.0 -0.42041
2050.0 5450.0 -0.70126
2150.0 5450.0 -0.72151
2250.0 5450.0 -0.51647
2350.0 5450.0 -0.19751
2450.0 5450.0 0.08304
2550.0 5450.0 0.18143
2650.0 5450.0 0.02624
2750.0 5450.0 -0.30412
2850.0 5450.0 -0.58787
2950.0 5450.0 -0.68389
3050.0 5450.0 -0.56556
3150.0 5450.0 -0.29035
3250.0 5450.0 0.03160
3350.0 5450.0 0.27381
3450.0 5450.0 0.33436
3550.0 5450.0 0.18173
3650.0 5450.0 -0.09853
3750.0 5450.0 -0.41923
3850.0 5450.0 -0.75718
3950.0 5450.0 -1.02291
4050.0 5450.0 -1.13042
4150.0 5450.0 -1.04953
4250.0 5450.0 -0.82263
4350.0 5450.0 -0.54591
4450.0 5450.0 -0.31503
4550.0 5450.0 -0.13800
4650.0 5450.0 0.05667
4750.0 5450.0 0.25869
4850.0 5450.0 0.40814
4950.0 5450.0 0.45135
5050.0 5450.0 0.37286
5150.0 5450.0 0.20412
5250.0 5450.0 0.00928
5350.0 5450.0 -0.15223
5450.0 5450.0 -0.28774
5550.0 5450.0 -0.50166
5650.0 5450.0 -0.79838
5750.0 5450.0 -1.07220
5850.0 5450.0 -1.20640
5950.0 5450.0 -1.13678
6050.0 5450.0 -0.87748
6150.0 5450.0 -0.50859
6250.0 5450.0 -0.12601
6350.0 5450.0 0.24151
50.0 5550.0 -0.16676
150.0 5550.0 -0.51012
250.0 5550.0 -0.70204
350.0 5550.0 -0.69512
450.0 5550.0 -0.52874
550.0 5550.0 -0.29753
650.0 5550.0 -0.11727
750.0 5550.0 -0.08847
850.0 5550.0 -0.25746
950.0 5550.0 -0.57501
1050.0 5550.0 -0.83474
1150.0 5550.0 -0.79208
1250.0 5550.0 -0.42119
1350.0 5550.0 0.14495
1450.0 5550.0 0.70524
1550.0 5550.0 1.06590
1650.0 5550.0 1.10086
1750.0 5550.0 0.79710
1850.0 5550.0 0.28454
1950.0 5550.0 -0.21528
2050.0 5550.0 -0.56548
2150.0 5550.0 -0.70425
2250.0 5550.0 -0.64317
2350.0 5550.0 -0.46125
2450.0 5550.0 -0.28167
2550.0 5550.0 -0.23134
2650.0 5550.0 -0.38321
2750.0 5550.0 -0.68161
2850.0 5550.0 -0.92578
2950.0 5550.0 -0.97080
3050.0 5550.0 -0.79193
3150.0 5550.0 -0.45338
3250.0 5550.0 -0.07288
3350.0 5550.0 0.21737
3450.0 5550.0 0.31343
3550.0 5550.0 0.18590
3650.0 5550.0 -0.07429
3750.0 5550.0 -0.38711
3850.0 5550.0 -0.74609
3950.0 5550.0 -1.06389
4050.0 5550.0 -1.24463
4150.0 5550.0 -1.24121
4250.0 5550.0 -1.07756
4350.0 5550.0 -0.83592
4450.0 5550.0 -0.60915
4550.0 5550.0 -0.42001
4650.0 5550.0 -0.21743
4750.0 5550.0 -0.02068
4850.0 5550.0 0.10671
4950.0 5550.0 0.11314
5050.0 5550.0 -0.00981
5150.0 5550.0 -0.22062
5250.0 5550.0 -0.44570
5350.0 5550.0 -0.62176
5450.0 5550.0 -0.76181
5550.0 5550.0 -0.95382
5650.0 5550.0 -1.18325
5750.0 5550.0 -1.35264
5850.0 5550.0 -1.36872
5950.0 5550.0 -1.19479
6050.0 5550.0 -0.86735
6150.0 5550.0 -0.47674
6250.0 5550.0 -0.11188
6350.0 5550.0 0.22044
50.0 5650.0 -0.08974
150.0 5650.0 -0.38264
250.0 5650.0 -0.58814
350.0 5650.0 -0.67298
450.0 5650.0 -0.65357
550.0 5650.0 -0.58210
650.0 5650.0 -0.52846
750.0 5650.0 -0.55824
850.0 5650.0 -0.70658
950.0 5650.0 -0.94802
1050.0 5650.0 -1.11533
1150.0 5650.0 -0.96260
1250.0 5650.0 -0.47734
1350.0 5650.0 0.18475
1450.0 5650.0 0.80556
1550.0 5650.0 1.18807
1650.0 5650.0 1.21733
1750.0 5650.0 0.89924
1850.0 5650.0 0.37653
1950.0 5650.0 -0.15454
2050.0 5650.0 -0.59729
2150.0 5650.0 -0.87895
2250.0 5650.0 -0.97138
2350.0 5650.0 -0.91017
2450.0 5650.0 -0.78837
2550.0 5650.0 -0.72495
2650.0 5650.0 -0.80792
2750.0 5650.0 -1.01245
2850.0 5650.0 -1.16479
2950.0 5650.0 -1.13364
3050.0 5650.0 -0.90321
3150.0 5650.0 -0.53916
3250.0 5650.0 -0.15177
3350.0 5650.0 0.14119
3450.0 5650.0 0.25225
3550.0 5650.0 0.16243
3650.0 5650.0 -0.04411
3750.0 5650.0 -0.31381
3850.0 5650.0 -0.66025
3950.0 5650.0 -1.00063
4050.0 5650.0 -1.23061
4150.0 5650.0 -1.28566
4250.0 5650.0 -1.16887
4350.0 5650.0 -0.94514
4450.0 5650.0 -0.70189
4550.0 5650.0 -0.47776
4650.0 5650.0 -0.25243
4750.0 5650.0 -0.06757
4850.0 5650.0 0.00332
4950.0 5650.0 -0.08645
5050.0 5650.0 -0.32679
5150.0 5650.0 -0.64950
5250.0 5650.0 -0.95554
5350.0 5650.0 -1.17098
5450.0 5650.0 -1.32529
5550.0 5650.0 -1.48558
5650.0 5650.0 -1.60877
5750.0 5650.0 -1.61707
5850.0 5650.0 -1.46071
5950.0 5650.0 -1.14910
6050.0 5650.0 -0.75176
6150.0 5650.0 -0.36913
6250.0 5650.0 -0.07311
6350.0 5650.0 0.16563
50.0 5750.0 0.10286
150.0 5750.0 -0.10625
250.0 5750.0 -0.31610
350.0 5750.0 -0.51206
450.0 5750.0 -0.67810
550.0 5750.0 -0.80766
650.0 5750.0 -0.90790
750.0 5750.0 -0.99737
850.0 5750.0 -1.09698
950.0 5750.0 -1.21437
1050.0 5750.0 -1.24204
1150.0 5750.0 -0.95248
1250.0 5750.0 -0.36073
1350.0 5750.0 0.35112
1450.0 5750.0 0.95714
1550.0 5750.0 1.27690
1650.0 5750.0 1.23066
1750.0 5750.0 0.86071
1850.0 5750.0 0.31830
1950.0 5750.0 -0.25209
2050.0 5750.0 -0.79847
2150.0 5750.0 -1.22591
2250.0 5750.0 -1.45435
2350.0 5750.0 -1.47060
2450.0 5750.0 -1.34208
2550.0 5750.0 -1.19233
2650.0 5750.0 -1.13839
2750.0 5750.0 -1.19032
2850.0 5750.0 -1.20439
2950.0 5750.0 -1.08311
3050.0 5750.0 -0.82686
3150.0 5750.0 -0.49516
3250.0 5750.0 -0.17251
3350.0 5750.0 0.06116
3450.0 5750.0 0.15555
3550.0 5750.0 0.11055
3650.0 5750.0 -0.01113
3750.0 5750.0 -0.20405
3850.0 5750.0 -0.50458
3950.0 5750.0 -0.83664
4050.0 5750.0 -1.08928
4150.0 5750.0 -1.18088
4250.0 5750.0 -1.09220
4350.0 5750.0 -0.86815
4450.0 5750.0 -0.58834
4550.0 5750.0 -0.30752
4650.0 5750.0 -0.04031
4750.0 5750.0 0.14204
4850.0 5750.0 0.14991
4950.0 5750.0 -0.05997
5050.0 5750.0 -0.45444
5150.0 5750.0 -0.92906
5250.0 5750.0 -1.34843
5350.0 5750.0 -1.62166
5450.0 5750.0 -1.79957
5550.0 5750.0 -1.92573
5650.0 5750.0 -1.92487
5750.0 5750.0 -1.74886
5850.0 5750.0 -1.40529
5950.0 5750.0 -0.96007
6050.0 5750.0 -0.51901
6150.0 5750.0 -0.18827
6250.0 5750.0 -0.01375
6350.0 5750.0 0.07734
50.0 5850.0 0.32454
150.0 5850.0 0.21988
250.0 5850.0 0.02302
350.0 5850.0 -0.26977
450.0 5850.0 -0.60772
550.0 5850.0 -0.92294
650.0 5850.0 -1.15800
750.0 5850.0 -1.28389
850.0 5850.0 -1.30815
950.0 5850.0 -1.27327
1050.0 5850.0 -1.13792
1150.0 5850.0 -0.70987
1250.0 5850.0 -0.04171
1350.0 5850.0 0.65940
1450.0 5850.0 1.17132
1550.0 5850.0 1.34857
1650.0 5850.0 1.16582
1750.0 5850.0 0.71347
1850.0 5850.0 0.14488
1950.0 5850.0 -0.46607
2050.0 5850.0 -1.10867
2150.0 5850.0 -1.65825
2250.0 5850.0 -1.97962
2350.0 5850.0 -2.01413
2450.0 5850.0 -1.81291
2550.0 5850.0 -1.51633
2650.0 5850.0 -1.27963
2750.0 5850.0 -1.14567
2850.0 5850.0 -0.99906
2950.0 5850.0 -0.79211
3050.0 5850.0 -0.54612
3150.0 5850.0 -0.30701
3250.0 5850.0 -0.11796
3350.0 5850.0 -0.00245
3450.0 5850.0 0.04206
3550.0 5850.0 0.03985
3650.0 5850.0 0.01992
3750.0 5850.0 -0.07688
3850.0 5850.0 -0.31064
3950.0 5850.0 -0.61323
4050.0 5850.0 -0.86870
4150.0 5850.0 -0.97951
4250.0 5850.0 -0.90430
4350.0 5850.0 -0.66721
4450.0 5850.0 -0.33880
4550.0 5850.0 0.01108
4650.0 5850.0 0.33730
4750.0 5850.0 0.54202
4850.0 5850.0 0.51581
4950.0 5850.0 0.21277
5050.0 5850.0 -0.31609
5150.0 5850.0 -0.93257
5250.0 5850.0 -1.46398
5350.0 5850.0 -1.79899
5450.0 5850.0 -2.00598
5550.0 5850.0 -2.10523
5650.0 5850.0 -1.99411
5750.0 5850.0 -1.65877
5850.0 5850.0 -1.16548
5950.0 5850.0 -0.63360
6050.0 5850.0 -0.19846
6150.0 5850.0 0.03588
6250.0 5850.0 0.05383
6350.0 5850.0 -0.03175
50.0 5950.0 0.48145
150.0 5950.0 0.48239
250.0 5950.0 0.31763
350.0 5950.0 -0.03011
450.0 5950.0 -0.48084
550.0 5950.0 -0.91687
650.0 5950.0 -1.22952
750.0 5950.0 -1.35310
850.0 5950.0 -1.28613
950.0 5950.0 -1.09973
1050.0 5950.0 -0.80915
1150.0 5950.0 -0.26586
1250.0 5950.0 0.43764
1350.0 5950.0 1.07481
1450.0 5950.0 1.43721
1550.0 5950.0 1.42476
1650.0 5950.0 1.07429
1750.0 5950.0 0.52643
1850.0 5950.0 -0.06955
1950.0 5950.0 -0.71522
2050.0 5950.0 -1.43137
2150.0 5950.0 -2.06207
2250.0 5950.0 -2.42359
2350.0 5950.0 -2.42240
2450.0 5950.0 -2.10416
2550.0 5950.0 -1.63370
2650.0 5950.0 -1.20589
2750.0 5950.0 -0.88900
2850.0 5950.0 -0.59037
2950.0 5950.0 -0.31851
3050.0 5950.0 -0.11622
3150.0 5950.0 -0.01119
3250.0 5950.0 0.00213
3350.0 5950.0 -0.03576
3450.0 5950.0 -0.06424
3550.0 5950.0 -0.03381
3650.0 5950.0 0.04510
3750.0 5950.0 0.04318
3850.0 5950.0 -0.12238
3950.0 5950.0 -0.39116
4050.0 5950.0 -0.64310
4150.0 5950.0 -0.76630
4250.0 5950.0 -0.69899
4350.0 5950.0 -0.44588
4450.0 5950.0 -0.06880
4550.0 5950.0 0.34909
4650.0 5950.0 0.74354
4750.0 5950.0 1.00179
4850.0 5950.0 0.99468
4950.0 5950.0 0.66525
5050.0 5950.0 0.06945
5150.0 5950.0 -0.63389
5250.0 5950.0 -1.24393
5350.0 5950.0 -1.62940
5450.0 5950.0 -1.86526
5550.0 5950.0 -1.95163
5650.0 5950.0 -1.76980
5750.0 5950.0 -1.33800
5850.0 5950.0 -0.76998
5950.0 5950.0 -0.22347
6050.0 5950.0 0.15079
6150.0 5950.0 0.25917
6250.0 5950.0 0.11478
6350.0 5950.0 -0.14210
50.0 6050.0 0.50396
150.0 6050.0 0.59154
250.0 6050.0 0.47239
350.0 6050.0 0.12322
450.0 6050.0 -0.35803
550.0 6050.0 -0.82523
650.0 6050.0 -1.14187
750.0 6050.0 -1.22379
850.0 6050.0 -1.06669
950.0 6050.0 -0.75844
1050.0 6050.0 -0.34891
1150.0 6050.0 0.27027
1250.0 6050.0 0.97285
1350.0 6050.0 1.52084
1450.0 6050.0 1.72381
1550.0 6050.0 1.52555
1650.0 6050.0 1.01832
1750.0 6050.0 0.38453
1850.0 6050.0 -0.23430
1950.0 6050.0 -0.90400
2050.0 6050.0 -1.66436
2150.0 6050.0 -2.33348
2250.0 6050.0 -2.69301
2350.0 6050.0 -2.62835
2450.0 6050.0 -2.18775
2550.0 6050.0 -1.56057
2650.0 6050.0 -0.97433
2750.0 6050.0 -0.51292
2850.0 6050.0 -0.09891
2950.0 6050.0 0.20872
3050.0 6050.0 0.34941
3150.0 6050.0 0.31385
3250.0 6050.0 0.15258
3350.0 6050.0 -0.03651
3450.0 6050.0 -0.14192
3550.0 6050.0 -0.09329
3650.0 6050.0 0.06274
3750.0 6050.0 0.13417
3850.0 6050.0 0.01809
3950.0 6050.0 -0.23117
4050.0 6050.0 -0.48927
4150.0 6050.0 -0.63127
4250.0 6050.0 -0.57763
4350.0 6050.0 -0.31654
4450.0 6050.0 0.09718
4550.0 6050.0 0.56895
4650.0 6050.0 1.02930
4750.0 6050.0 1.36655
4850.0 6050.0 1.43557
4950.0 6050.0 1.16083
5050.0 6050.0 0.58761
5150.0 6050.0 -0.12356
5250.0 6050.0 -0.75932
5350.0 6050.0 -1.17282
5450.0 6050.0 -1.43174
5550.0 6050.0 -1.52067
5650.0 6050.0 -1.31838
5750.0 6050.0 -0.86691
5850.0 6050.0 -0.30796
5950.0 6050.0 0.18375
6050.0 6050.0 0.45800
6150.0 6050.0 0.43742
6250.0 6050.0 0.15668
6350.0 6050.0 -0.23350
50.0 6150.0 0.36787
150.0 6150.0 0.50926
250.0 6150.0 0.43884
350.0 6150.0 0.13501
450.0 6150.0 -0.29950
550.0 6150.0 -0.71406
650.0 6150.0 -0.96999
750.0 6150.0 -0.98392
850.0 6150.0 -0.75465
950.0 6150.0 -0.37333
1050.0 6150.0 0.10250
1150.0 6150.0 0.75546
1250.0 6150.0 1.43833
1350.0 6150.0 1.90907
1450.0 6150.0 1.99241
1550.0 6150.0 1.66287
1650.0 6150.0 1.04891
1750.0 6150.0 0.35846
1850.0 6150.0 -0.27438
1950.0 6150.0 -0.95618
2050.0 6150.0 -1.73482
2150.0 6150.0 -2.41275
2250.0 6150.0 -2.75359
2350.0 6150.0 -2.63391
2450.0 6150.0 -2.10711
2550.0 6150.0 -1.37938
2650.0 6150.0 -0.69782
2750.0 6150.0 -0.15299
2850.0 6150.0 0.32397
2950.0 6150.0 0.63982
3050.0 6150.0 0.72305
3150.0 6150.0 0.57820
3250.0 6150.0 0.28709
3350.0 6150.0 -0.01368
3450.0 6150.0 -0.17914
3550.0 6150.0 -0.12608
3650.0 6150.0 0.07373
3750.0 6150.0 0.18379
3850.0 6150.0 0.08451
3950.0 6150.0 -0.17355
4050.0 6150.0 -0.46043
4150.0 6150.0 -0.63890
4250.0 6150.0 -0.61420
4350.0 6150.0 -0.36157
4450.0 6150.0 0.06862
4550.0 6150.0 0.57171
4650.0 6150.0 1.08470
4750.0 6150.0 1.51178
4850.0 6150.0 1.69812
4950.0 6150.0 1.54561
5050.0 6150.0 1.07588
5150.0 6150.0 0.43300
5250.0 6150.0 -0.17412
5350.0 6150.0 -0.58974
5450.0 6150.0 -0.86217
5550.0 6150.0 -0.96523
5650.0 6150.0 -0.78616
5750.0 6150.0 -0.37933
5850.0 6150.0 0.10684
5950.0 6150.0 0.50099
6050.0 6150.0 0.66584
6150.0 6150.0 0.54131
6250.0 6150.0 0.17350
6350.0 6150.0 -0.29200
50.0 6250.0 0.10510
150.0 6250.0 0.26730
250.0 6250.0 0.23983
350.0 6250.0 0.00813
450.0 6250.0 -0.33074
550.0 6250.0 -0.63993
650.0 6250.0 -0.79775
750.0 6250.0 -0.73565
850.0 6250.0 -0.45934
950.0 6250.0 -0.05283
1050.0 6250.0 0.44090
1150.0 6250.0 1.09681
1250.0 6250.0 1.76048
1350.0 6250.0 2.19042
1450.0 6250.0 2.21923
1550.0 6250.0 1.83419
1650.0 6250.0 1.17741
1750.0 6250.0 0.46534
1850.0 6250.0 -0.17220
1950.0 6250.0 -0.85702
2050.0 6250.0 -1.63886
2150.0 6250.0 -2.31538
2250.0 6250.0 -2.64551
2350.0 6250.0 -2.50423
2450.0 6250.0 -1.94752
2550.0 6250.0 -1.18733
2650.0 6250.0 -0.47668
2750.0 6250.0 0.09257
2850.0 6250.0 0.58469
2950.0 6250.0 0.89114
3050.0 6250.0 0.93654
3150.0 6250.0 0.73259
3250.0 6250.0 0.37542
3350.0 6250.0 0.01840
3450.0 6250.0 -0.17971
3550.0 6250.0 -0.13112
3650.0 6250.0 0.08088
3750.0 6250.0 0.19584
3850.0 6250.0 0.08037
3950.0 6250.0 -0.21647
4050.0 6250.0 -0.55746
4150.0 6250.0 -0.79301
4250.0 6250.0 -0.81493
4350.0 6250.0 -0.58837
4450.0 6250.0 -0.16169
4550.0 6250.0 0.35091
4650.0 6250.0 0.89914
4750.0 6250.0 1.41230
4850.0 6250.0 1.73198
4950.0 6250.0 1.73745
5050.0 6250.0 1.41985
5150.0 6250.0 0.89496
5250.0 6250.0 0.35471
5350.0 6250.0 -0.04267
5450.0 6250.0 -0.31927
5550.0 6250.0 -0.44139
5650.0 6250.0 -0.31035
5750.0 6250.0 0.01747
5850.0 6250.0 0.40272
5950.0 6250.0 0.69047
6050.0 6250.0 0.76215
6150.0 6250.0 0.57210
6250.0 6250.0 0.16863
6350.0 6250.0 -0.31739
50.0 6350.0 -0.19378
150.0 6350.0 -0.02683
250.0 6350.0 -0.01772
350.0 6350.0 -0.17237
450.0 6350.0 -0.40341
550.0 6350.0 -0.59444
650.0 6350.0 -0.64739
750.0 6350.0 -0.51316
850.0 6350.0 -0.20531
950.0 6350.0 0.20316
1050.0 6350.0 0.69233
1150.0 6350.0 1.33891
1250.0 6350.0 1.98822
1350.0 6350.0 2.40100
1450.0 6350.0 2.41308
1550.0 6350.0 2.01473
1650.0 6350.0 1.34985
1750.0 6350.0 0.63491
1850.0 6350.0 -0.00235
1950.0 6350.0 -0.68609
2050.0 6350.0 -1.46582
2150.0 6350.0 -2.13956
2250.0 6350.0 -2.46704
2350.0 6350.0 -2.32403
2450.0 6350.0 -1.76691
2550.0 6350.0 -1.00756
2650.0 6350.0 -0.29858
2750.0 6350.0 0.26869
2850.0 6350.0 0.75459
2950.0 6350.0 1.04371
3050.0 6350.0 1.06047
3150.0 6350.0 0.82125
3250.0 6350.0 0.42907
3350.0 6350.0 0.04398
3450.0 6350.0 -0.17086
3550.0 6350.0 -0.12739
3650.0 6350.0 0.08559
3750.0 6350.0 0.19344
3850.0 6350.0 0.05035
3950.0 6350.0 -0.29555
4050.0 6350.0 -0.69947
4150.0 6350.0 -0.99965
4250.0 6350.0 -1.07518
4350.0 6350.0 -0.88202
4450.0 6350.0 -0.46716
4550.0 6350.0 0.04589
4650.0 6350.0 0.62049
4750.0 6350.0 1.21297
4850.0 6350.0 1.66394
4950.0 6350.0 1.83142
5050.0 6350.0 1.67524
5150.0 6350.0 1.28008
5250.0 6350.0 0.81717
5350.0 6350.0 0.44459
5450.0 6350.0 0.16761
5550.0 6350.0 0.02655
5650.0 6350.0 0.10541
5750.0 6350.0 0.34975
5850.0 6350.0 0.63406
5950.0 6350.0 0.82290
6050.0 6350.0 0.81658
6150.0 6350.0 0.58138
6250.0 6350.0 0.16430
6350.0 6350.0 -0.32035
