50.0 50.0 0.00000
150.0 50.0 -0.12180
250.0 50.0 -0.29213
350.0 50.0 -0.49242
450.0 50.0 -0.67057
550.0 50.0 -0.77398
650.0 50.0 -0.77117
750.0 50.0 -0.66194
850.0 50.0 -0.47594
950.0 50.0 -0.25988
1050.0 50.0 -0.05317
1150.0 50.0 0.13893
1250.0 50.0 0.29346
1350.0 50.0 0.37471
1450.0 50.0 0.36904
1550.0 50.0 0.28566
1650.0 50.0 0.15356
1750.0 50.0 0.01495
1850.0 50.0 -0.08471
1950.0 50.0 -0.11022
2050.0 50.0 -0.05359
2150.0 50.0 0.04543
2250.0 50.0 0.09664
2350.0 50.0 0.04762
2450.0 50.0 -0.09035
2550.0 50.0 -0.27033
2650.0 50.0 -0.43365
2750.0 50.0 -0.52822
2850.0 50.0 -0.52109
2950.0 50.0 -0.40537
3050.0 50.0 -0.20145
3150.0 50.0 0.04763
3250.0 50.0 0.31505
3350.0 50.0 0.59906
3450.0 50.0 0.85081
3550.0 50.0 1.00770
3650.0 50.0 1.02702
3750.0 50.0 0.90442
3850.0 50.0 0.67725
3950.0 50.0 0.41269
4050.0 50.0 0.18080
4150.0 50.0 0.01233
4250.0 50.0 -0.14848
4350.0 50.0 -0.37097
4450.0 50.0 -0.63623
4550.0 50.0 -0.87695
4650.0 50.0 -1.02250
4750.0 50.0 -1.02876
4850.0 50.0 -0.89259
4950.0 50.0 -0.65118
5050.0 50.0 -0.36603
5150.0 50.0 -0.09172
5250.0 50.0 0.17083
5350.0 50.0 0.47852
5450.0 50.0 0.81851
5550.0 50.0 1.11509
5650.0 50.0 1.28641
5750.0 50.0 1.28267
5850.0 50.0 1.10503
5950.0 50.0 0.80525
6050.0 50.0 0.46614
6150.0 50.0 0.16272
6250.0 50.0 -0.09515
6350.0 50.0 -0.37011
50.0 150.0 -0.09254
150.0 150.0 -0.21325
250.0 150.0 -0.37402
350.0 150.0 -0.55295
450.0 150.0 -0.69894
550.0 150.0 -0.76344
650.0 150.0 -0.72068
750.0 150.0 -0.57639
850.0 150.0 -0.36504
950.0 150.0 -0.13551
1050.0 150.0 0.07466
1150.0 150.0 0.26652
1250.0 150.0 0.41825
1350.0 150.0 0.49232
1450.0 150.0 0.47494
1550.0 150.0 0.37647
1650.0 150.0 0.22791
1750.0 150.0 0.07382
1850.0 150.0 -0.03820
1950.0 150.0 -0.07162
2050.0 150.0 -0.01853
2150.0 150.0 0.07929
2250.0 150.0 0.13337
2350.0 150.0 0.09617
2450.0 150.0 -0.02002
2550.0 150.0 -0.17041
2650.0 150.0 -0.30050
2750.0 150.0 -0.36325
2850.0 150.0 -0.33043
2950.0 150.0 -0.19838
3050.0 150.0 0.01208
3150.0 150.0 0.26143
3250.0 150.0 0.52254
3350.0 150.0 0.78106
3450.0 150.0 0.98330
3550.0 150.0 1.07018
3650.0 150.0 1.00806
3750.0 150.0 0.80443
3850.0 150.0 0.50838
3950.0 150.0 0.19592
4050.0 150.0 -0.05992
4150.0 150.0 -0.23410
4250.0 150.0 -0.39626
4350.0 150.0 -0.62097
4450.0 150.0 -0.88953
4550.0 150.0 -1.13434
4650.0 150.0 -1.28422
4750.0 150.0 -1.29443
4850.0 150.0 -1.16134
4950.0 150.0 -0.92187
5050.0 150.0 -0.63755
5150.0 150.0 -0.36329
5250.0 150.0 -0.09995
5350.0 150.0 0.21556
5450.0 150.0 0.57653
5550.0 150.0 0.90801
5650.0 150.0 1.12479
5750.0 150.0 1.17102
5850.0 150.0 1.04069
5950.0 150.0 0.77896
6050.0 150.0 0.46441
6150.0 150.0 0.17206
6250.0 150.0 -0.08218
6350.0 150.0 -0.35660
50.0 250.0 -0.17836
150.0 250.0 -0.30176
250.0 250.0 -0.45935
350.0 250.0 -0.62649
450.0 250.0 -0.75231
550.0 250.0 -0.79076
650.0 250.0 -0.72003
750.0 250.0 -0.55034
850.0 250.0 -0.32009
950.0 250.0 -0.08032
1050.0 250.0 0.13245
1150.0 250.0 0.32455
1250.0 250.0 0.47978
1350.0 250.0 0.56217
1450.0 250.0 0.55683
1550.0 250.0 0.47168
1650.0 250.0 0.33496
1750.0 250.0 0.18900
1850.0 250.0 0.08011
1950.0 250.0 0.04485
2050.0 250.0 0.09237
2150.0 250.0 0.18323
2250.0 250.0 0.23283
2350.0 250.0 0.19725
2450.0 250.0 0.08996
2550.0 250.0 -0.04518
2650.0 250.0 -0.15628
2750.0 250.0 -0.19981
2850.0 250.0 -0.15124
2950.0 250.0 -0.00973
3050.0 250.0 0.20304
3150.0 250.0 0.44987
3250.0 250.0 0.70398
3350.0 250.0 0.94252
3450.0 250.0 1.10807
3550.0 250.0 1.14345
3650.0 250.0 1.02089
3750.0 250.0 0.75593
3850.0 250.0 0.40602
3950.0 250.0 0.05373
4050.0 250.0 -0.22527
4150.0 250.0 -0.40961
4250.0 250.0 -0.57903
4350.0 250.0 -0.81276
4450.0 250.0 -1.09195
4550.0 250.0 -1.34758
4650.0 250.0 -1.50680
4750.0 250.0 -1.52359
4850.0 250.0 -1.39391
4950.0 250.0 -1.15511
5050.0 250.0 -0.86982
5150.0 250.0 -0.59415
5250.0 250.0 -0.32934
5350.0 250.0 -0.00974
5450.0 250.0 0.36179
5550.0 250.0 0.71300
5650.0 250.0 0.95920
5750.0 250.0 1.04259
5850.0 250.0 0.95308
5950.0 250.0 0.73058
6050.0 250.0 0.44878
6150.0 250.0 0.18050
6250.0 250.0 -0.05527
6350.0 250.0 -0.31466
50.0 350.0 -0.24273
150.0 350.0 -0.37409
250.0 350.0 -0.53761
350.0 350.0 -0.70688
450.0 350.0 -0.83009
550.0 350.0 -0.86143
650.0 350.0 -0.78048
750.0 350.0 -0.59977
850.0 350.0 -0.36030
950.0 350.0 -0.11514
1050.0 350.0 0.09891
1150.0 350.0 0.29183
1250.0 350.0 0.45800
1350.0 350.0 0.56695
1450.0 350.0 0.60142
1550.0 350.0 0.56246
1650.0 350.0 0.46992
1750.0 350.0 0.35847
1850.0 350.0 0.26936
1950.0 350.0 0.23779
2050.0 350.0 0.27599
2150.0 350.0 0.35185
2250.0 350.0 0.38694
2350.0 350.0 0.33938
2450.0 350.0 0.22412
2550.0 350.0 0.08561
2650.0 350.0 -0.02479
2750.0 350.0 -0.06524
2850.0 350.0 -0.01360
2950.0 350.0 0.12855
3050.0 350.0 0.33805
3150.0 350.0 0.57854
3250.0 350.0 0.82517
3350.0 350.0 1.05341
3450.0 350.0 1.20412
3550.0 350.0 1.21944
3650.0 350.0 1.07224
3750.0 350.0 0.77993
3850.0 350.0 0.40258
3950.0 350.0 0.02555
4050.0 350.0 -0.27364
4150.0 350.0 -0.47394
4250.0 350.0 -0.65873
4350.0 350.0 -0.91029
4450.0 350.0 -1.20886
4550.0 350.0 -1.48251
4650.0 350.0 -1.65541
4750.0 350.0 -1.67977
4850.0 350.0 -1.55158
4950.0 350.0 -1.30994
5050.0 350.0 -1.02022
5150.0 350.0 -0.74089
5250.0 350.0 -0.47370
5350.0 350.0 -0.15616
5450.0 350.0 0.20890
5550.0 350.0 0.55450
5650.0 350.0 0.80236
5750.0 350.0 0.89923
5850.0 350.0 0.83606
5950.0 350.0 0.65014
6050.0 350.0 0.40990
6150.0 350.0 0.18279
6250.0 350.0 -0.01398
6350.0 350.0 -0.23749
50.0 450.0 -0.27162
150.0 450.0 -0.41580
250.0 450.0 -0.59388
350.0 450.0 -0.77869
450.0 450.0 -0.91642
550.0 450.0 -0.95925
650.0 450.0 -0.88566
750.0 450.0 -0.70825
850.0 450.0 -0.46926
950.0 450.0 -0.22360
1050.0 450.0 -0.00957
1150.0 450.0 0.18452
1250.0 450.0 0.36668
1350.0 450.0 0.51444
1450.0 450.0 0.60700
1550.0 450.0 0.63537
1650.0 450.0 0.60708
1750.0 450.0 0.54567
1850.0 450.0 0.48499
1950.0 450.0 0.45838
2050.0 450.0 0.48256
2150.0 450.0 0.53609
2250.0 450.0 0.54784
2350.0 450.0 0.47672
2450.0 450.0 0.33949
2550.0 450.0 0.18247
2650.0 450.0 0.05807
2750.0 450.0 0.00790
2850.0 450.0 0.05260
2950.0 450.0 0.18832
3050.0 450.0 0.38989
3150.0 450.0 0.62062
3250.0 450.0 0.85997
3350.0 450.0 1.08945
3450.0 450.0 1.25044
3550.0 450.0 1.28175
3650.0 450.0 1.15115
3750.0 450.0 0.87097
3850.0 450.0 0.49753
3950.0 450.0 0.11450
4050.0 450.0 -0.19970
4150.0 450.0 -0.42071
4250.0 450.0 -0.62808
4350.0 450.0 -0.90464
4450.0 450.0 -1.22867
4550.0 450.0 -1.52404
4650.0 450.0 -1.71112
4750.0 450.0 -1.74041
4850.0 450.0 -1.60884
4950.0 450.0 -1.35888
5050.0 450.0 -1.06036
5150.0 450.0 -0.77494
5250.0 450.0 -0.50466
5350.0 450.0 -0.19600
5450.0 450.0 0.14372
5550.0 450.0 0.45513
5650.0 450.0 0.67228
5750.0 450.0 0.75336
5850.0 450.0 0.69621
5950.0 450.0 0.53884
6050.0 450.0 0.34473
6150.0 450.0 0.17303
6250.0 450.0 0.03377
6350.0 450.0 -0.13399
50.0 550.0 -0.25885
150.0 550.0 -0.41890
250.0 550.0 -0.61733
350.0 550.0 -0.82693
450.0 550.0 -0.99118
550.0 550.0 -1.05875
650.0 550.0 -1.00516
750.0 550.0 -0.84147
850.0 550.0 -0.61007
950.0 550.0 -0.36753
1050.0 550.0 -0.15449
1150.0 550.0 0.04077
1250.0 550.0 0.23994
1350.0 550.0 0.42873
1450.0 550.0 0.58212
1550.0 550.0 0.68009
1650.0 550.0 0.71698
1750.0 550.0 0.70474
1850.0 550.0 0.66988
1950.0 550.0 0.64434
2050.0 550.0 0.65004
2150.0 550.0 0.67667
2250.0 550.0 0.65993
2350.0 550.0 0.55905
2450.0 550.0 0.39284
2550.0 550.0 0.21013
2650.0 550.0 0.06507
2750.0 550.0 -0.00045
2850.0 550.0 0.03295
2950.0 550.0 0.15907
3050.0 550.0 0.35033
3150.0 550.0 0.56927
3250.0 550.0 0.80225
3350.0 550.0 1.04342
3450.0 550.0 1.23679
3550.0 550.0 1.31563
3650.0 550.0 1.23789
3750.0 550.0 1.00496
3850.0 550.0 0.66382
3950.0 550.0 0.29264
4050.0 550.0 -0.03031
4150.0 550.0 -0.27434
4250.0 550.0 -0.50857
4350.0 550.0 -0.81349
4450.0 550.0 -1.16440
4550.0 550.0 -1.48027
4650.0 550.0 -1.67761
4750.0 550.0 -1.70581
4850.0 550.0 -1.56399
4950.0 550.0 -1.29951
5050.0 550.0 -0.98792
5150.0 550.0 -0.69449
5250.0 550.0 -0.42079
5350.0 550.0 -0.12678
5450.0 550.0 0.17175
5550.0 550.0 0.42441
5650.0 550.0 0.58199
5750.0 550.0 0.61961
5850.0 550.0 0.54702
5950.0 550.0 0.40632
6050.0 550.0 0.25693
6150.0 550.0 0.14782
6250.0 550.0 0.07733
6350.0 550.0 -0.02122
50.0 650.0 -0.20932
150.0 650.0 -0.38576
250.0 650.0 -0.60600
350.0 650.0 -0.84319
450.0 650.0 -1.03788
550.0 650.0 -1.13475
650.0 650.0 -1.10569
750.0 650.0 -0.95960
850.0 650.0 -0.73855
950.0 650.0 -0.50057
1050.0 650.0 -0.28889
1150.0 650.0 -0.09277
1250.0 650.0 0.12021
1350.0 650.0 0.34194
1450.0 650.0 0.54308
1550.0 650.0 0.69399
1650.0 650.0 0.77816
1750.0 650.0 0.79854
1850.0 650.0 0.77662
1950.0 650.0 0.74427
2050.0 650.0 0.72841
2150.0 650.0 0.72746
2250.0 650.0 0.68204
2350.0 650.0 0.55205
2450.0 650.0 0.35847
2550.0 650.0 0.15251
2650.0 650.0 -0.01035
2750.0 650.0 -0.08840
2850.0 650.0 -0.06402
2950.0 650.0 0.05391
3050.0 650.0 0.23533
3150.0 650.0 0.44232
3250.0 650.0 0.67029
3350.0 650.0 0.92987
3450.0 650.0 1.16894
3550.0 650.0 1.31422
3650.0 650.0 1.31124
3750.0 650.0 1.14719
3850.0 650.0 0.85650
3950.0 650.0 0.50944
4050.0 650.0 0.18339
4150.0 650.0 -0.08297
4250.0 650.0 -0.34435
4350.0 650.0 -0.67645
4450.0 650.0 -1.05077
4550.0 650.0 -1.38148
4650.0 650.0 -1.58186
4750.0 650.0 -1.60125
4850.0 650.0 -1.44216
4950.0 650.0 -1.15786
5050.0 650.0 -0.83020
5150.0 650.0 -0.52781
5250.0 650.0 -0.25083
5350.0 650.0 0.02529
5450.0 650.0 0.27389
5550.0 650.0 0.45358
5650.0 650.0 0.53371
5750.0 650.0 0.50902
5850.0 650.0 0.40407
5950.0 650.0 0.26750
6050.0 650.0 0.15596
6150.0 650.0 0.10790
6250.0 650.0 0.10749
6350.0 650.0 0.08180
50.0 750.0 -0.13862
150.0 750.0 -0.32929
250.0 750.0 -0.56814
350.0 750.0 -0.82847
450.0 750.0 -1.04835
550.0 750.0 -1.16912
650.0 750.0 -1.15979
750.0 750.0 -1.02758
850.0 750.0 -0.81450
950.0 750.0 -0.57993
1050.0 750.0 -0.36929
1150.0 750.0 -0.17287
1250.0 750.0 0.04753
1350.0 750.0 0.28621
1450.0 750.0 0.51016
1550.0 750.0 0.68347
1650.0 750.0 0.78355
1750.0 750.0 0.80928
1850.0 750.0 0.78097
1950.0 750.0 0.73232
2050.0 750.0 0.69409
2150.0 750.0 0.66890
2250.0 750.0 0.59957
2350.0 750.0 0.44772
2450.0 750.0 0.23649
2550.0 750.0 0.01852
2650.0 750.0 -0.15065
2750.0 750.0 -0.23087
2850.0 750.0 -0.20728
2950.0 750.0 -0.09197
3050.0 750.0 0.08274
3150.0 750.0 0.27953
3250.0 750.0 0.50389
3350.0 750.0 0.78289
3450.0 750.0 1.06842
3550.0 750.0 1.28100
3650.0 750.0 1.35409
3750.0 750.0 1.26087
3850.0 750.0 1.02329
3950.0 750.0 0.70353
4050.0 750.0 0.37780
4150.0 750.0 0.09254
4250.0 750.0 -0.19226
4350.0 750.0 -0.54616
4450.0 750.0 -0.93661
4550.0 750.0 -1.27371
4650.0 750.0 -1.46876
4750.0 750.0 -1.47221
4850.0 750.0 -1.29074
4950.0 750.0 -0.98377
5050.0 750.0 -0.63913
5150.0 750.0 -0.32809
5250.0 750.0 -0.04838
5350.0 750.0 0.21008
5450.0 750.0 0.40957
5550.0 750.0 0.51650
5650.0 750.0 0.51739
5750.0 750.0 0.42576
5850.0 750.0 0.28097
5950.0 750.0 0.13900
6050.0 750.0 0.05508
6150.0 750.0 0.05833
6250.0 750.0 0.11900
6350.0 750.0 0.15908
50.0 850.0 -0.06884
150.0 850.0 -0.26942
250.0 850.0 -0.51972
350.0 850.0 -0.79251
450.0 850.0 -1.02430
550.0 850.0 -1.15480
650.0 850.0 -1.15203
750.0 850.0 -1.02314
850.0 850.0 -0.81099
950.0 850.0 -0.57633
1050.0 850.0 -0.36579
1150.0 850.0 -0.16971
1250.0 850.0 0.05016
1350.0 850.0 0.28615
1450.0 850.0 0.50266
1550.0 850.0 0.66200
1650.0 850.0 0.74151
1750.0 850.0 0.74186
1850.0 850.0 0.68663
1950.0 850.0 0.61310
2050.0 850.0 0.55429
2150.0 850.0 0.51148
2250.0 850.0 0.42679
2350.0 850.0 0.26513
2450.0 850.0 0.05160
2550.0 850.0 -0.16113
2650.0 850.0 -0.31944
2750.0 850.0 -0.38653
2850.0 850.0 -0.35169
2950.0 850.0 -0.23071
3050.0 850.0 -0.05767
3150.0 850.0 0.13214
3250.0 850.0 0.35397
3350.0 850.0 0.64722
3450.0 850.0 0.96673
3550.0 850.0 1.22851
3650.0 850.0 1.35725
3750.0 850.0 1.31590
3850.0 850.0 1.11728
3950.0 850.0 0.81767
4050.0 850.0 0.49242
4150.0 850.0 0.19359
4250.0 850.0 -0.10776
4350.0 850.0 -0.47528
4450.0 850.0 -0.87264
4550.0 850.0 -1.20720
4650.0 850.0 -1.38972
4750.0 850.0 -1.37268
4850.0 850.0 -1.16713
4950.0 850.0 -0.83798
5050.0 850.0 -0.47790
5150.0 850.0 -0.15971
5250.0 850.0 0.12189
5350.0 850.0 0.36643
5450.0 850.0 0.52734
5550.0 850.0 0.57658
5650.0 850.0 0.51363
5750.0 850.0 0.36648
5850.0 850.0 0.18626
5950.0 850.0 0.03516
6050.0 850.0 -0.03203
6150.0 850.0 0.00702
6250.0 850.0 0.11166
6350.0 850.0 0.20127
50.0 950.0 -0.02068
150.0 950.0 -0.22586
250.0 950.0 -0.47844
350.0 950.0 -0.74969
450.0 950.0 -0.97572
550.0 950.0 -1.09689
650.0 950.0 -1.08281
750.0 950.0 -0.94277
850.0 950.0 -0.72181
950.0 950.0 -0.48218
1050.0 950.0 -0.27042
1150.0 950.0 -0.07526
1250.0 950.0 0.13659
1350.0 950.0 0.35155
1450.0 950.0 0.53270
1550.0 950.0 0.64501
1650.0 950.0 0.67144
1750.0 950.0 0.61986
1850.0 950.0 0.52097
1950.0 950.0 0.41701
2050.0 950.0 0.34141
2150.0 950.0 0.28905
2250.0 950.0 0.19910
2350.0 950.0 0.04131
2450.0 950.0 -0.15753
2550.0 950.0 -0.34632
2650.0 950.0 -0.47533
2750.0 950.0 -0.51308
2850.0 950.0 -0.45424
2950.0 950.0 -0.31871
3050.0 950.0 -0.14173
3150.0 950.0 0.04495
3250.0 950.0 0.26473
3350.0 950.0 0.56246
3450.0 950.0 0.89398
3550.0 950.0 1.17332
3650.0 950.0 1.32165
3750.0 950.0 1.29798
3850.0 950.0 1.11172
3950.0 950.0 0.81708
4050.0 950.0 0.48930
4150.0 950.0 0.18275
4250.0 950.0 -0.12702
4350.0 950.0 -0.49928
4450.0 950.0 -0.89474
4550.0 950.0 -1.21953
4650.0 950.0 -1.38514
4750.0 950.0 -1.34664
4850.0 950.0 -1.11893
4950.0 950.0 -0.77114
5050.0 950.0 -0.39911
5150.0 950.0 -0.07606
5250.0 950.0 0.20654
5350.0 950.0 0.44335
5450.0 950.0 0.58283
5550.0 950.0 0.59989
5650.0 950.0 0.50102
5750.0 950.0 0.32222
5850.0 950.0 0.12114
5950.0 950.0 -0.03642
6050.0 950.0 -0.09574
6150.0 950.0 -0.03808
6250.0 950.0 0.08987
6350.0 950.0 0.20802
50.0 1050.0 -0.00182
150.0 1050.0 -0.20711
250.0 1050.0 -0.45403
350.0 1050.0 -0.71147
450.0 1050.0 -0.91612
550.0 1050.0 -1.01101
650.0 1050.0 -0.96963
750.0 1050.0 -0.80545
850.0 1050.0 -0.56689
950.0 1050.0 -0.31786
1050.0 1050.0 -0.10369
1150.0 1050.0 0.09020
1250.0 1050.0 0.28894
1350.0 1050.0 0.47052
1450.0 1050.0 0.59777
1550.0 1050.0 0.64147
1650.0 1050.0 0.59408
1750.0 1050.0 0.47426
1850.0 1050.0 0.32221
1950.0 1050.0 0.18578
2050.0 1050.0 0.09745
2150.0 1050.0 0.04235
2250.0 1050.0 -0.04461
2350.0 1050.0 -0.18760
2450.0 1050.0 -0.35847
2550.0 1050.0 -0.50885
2650.0 1050.0 -0.59451
2750.0 1050.0 -0.59062
2850.0 1050.0 -0.49814
2950.0 1050.0 -0.34128
3050.0 1050.0 -0.15595
3150.0 1050.0 0.03079
3250.0 1050.0 0.24847
3350.0 1050.0 0.54062
3450.0 1050.0 0.86200
3550.0 1050.0 1.12716
3650.0 1050.0 1.25880
3750.0 1050.0 1.21812
3850.0 1050.0 1.01680
3950.0 1050.0 0.71087
4050.0 1050.0 0.37633
4150.0 1050.0 0.06657
4250.0 1050.0 -0.24488
4350.0 1050.0 -0.61504
4450.0 1050.0 -1.00255
4550.0 1050.0 -1.31349
4650.0 1050.0 -1.46093
4750.0 1050.0 -1.40263
4850.0 1050.0 -1.15657
4950.0 1050.0 -0.79469
5050.0 1050.0 -0.41450
5150.0 1050.0 -0.08875
5250.0 1050.0 0.19417
5350.0 1050.0 0.42929
5450.0 1050.0 0.56408
5550.0 1050.0 0.57421
5650.0 1050.0 0.46785
5750.0 1050.0 0.28279
5850.0 1050.0 0.07809
5950.0 1050.0 -0.07977
6050.0 1050.0 -0.13623
6150.0 1050.0 -0.07347
6250.0 1050.0 0.06059
6350.0 1050.0 0.18905
50.0 1150.0 0.01242
150.0 1150.0 -0.19131
250.0 1150.0 -0.43002
350.0 1150.0 -0.67008
450.0 1150.0 -0.84909
550.0 1150.0 -0.91335
650.0 1150.0 -0.84081
750.0 1150.0 -0.64953
850.0 1150.0 -0.39155
950.0 1150.0 -0.13233
1050.0 1150.0 0.08435
1150.0 1150.0 0.27671
1250.0 1150.0 0.46072
1350.0 1150.0 0.60533
1450.0 1150.0 0.67368
1550.0 1150.0 0.64347
1650.0 1150.0 0.51782
1750.0 1150.0 0.32706
1850.0 1150.0 0.12129
1950.0 1150.0 -0.04612
2050.0 1150.0 -0.14430
2150.0 1150.0 -0.19872
2250.0 1150.0 -0.27902
2350.0 1150.0 -0.40335
2450.0 1150.0 -0.54247
2550.0 1150.0 -0.65125
2650.0 1150.0 -0.69121
2750.0 1150.0 -0.64425
2850.0 1150.0 -0.51741
2950.0 1150.0 -0.33880
3050.0 1150.0 -0.14460
3150.0 1150.0 0.04297
3250.0 1150.0 0.25825
3350.0 1150.0 0.54077
3450.0 1150.0 0.84363
3550.0 1150.0 1.08281
3650.0 1150.0 1.18454
3750.0 1150.0 1.11442
3850.0 1150.0 0.88846
3950.0 1150.0 0.56581
4050.0 1150.0 0.22345
4150.0 1150.0 -0.08748
4250.0 1150.0 -0.39776
4350.0 1150.0 -0.76283
4450.0 1150.0 -1.13976
4550.0 1150.0 -1.43533
4650.0 1150.0 -1.56477
4750.0 1150.0 -1.48859
4850.0 1150.0 -1.22748
4950.0 1150.0 -0.85537
5050.0 1150.0 -0.47049
5150.0 1150.0 -0.14463
5250.0 1150.0 0.13676
5350.0 1150.0 0.37120
5450.0 1150.0 0.50703
5550.0 1150.0 0.52018
5650.0 1150.0 0.41848
5750.0 1150.0 0.23900
5850.0 1150.0 0.03982
5950.0 1150.0 -0.11357
6050.0 1150.0 -0.16732
6150.0 1150.0 -0.10375
6250.0 1150.0 0.03013
6350.0 1150.0 0.16215
50.0 1250.0 0.09141
150.0 1250.0 -0.10960
250.0 1250.0 -0.34207
350.0 1250.0 -0.57144
450.0 1250.0 -0.73629
550.0 1250.0 -0.78497
650.0 1250.0 -0.69779
750.0 1250.0 -0.49487
850.0 1250.0 -0.22955
950.0 1250.0 0.03253
1050.0 1250.0 0.24873
1150.0 1250.0 0.43811
1250.0 1250.0 0.60619
1350.0 1250.0 0.71424
1450.0 1250.0 0.72748
1550.0 1250.0 0.63165
1650.0 1250.0 0.44051
1750.0 1250.0 0.19476
1850.0 1250.0 -0.04785
1950.0 1250.0 -0.23094
2050.0 1250.0 -0.32668
2150.0 1250.0 -0.37024
2250.0 1250.0 -0.43583
2350.0 1250.0 -0.53900
2450.0 1250.0 -0.65179
2550.0 1250.0 -0.73261
2650.0 1250.0 -0.74704
2750.0 1250.0 -0.68022
2850.0 1250.0 -0.54084
2950.0 1250.0 -0.35676
3050.0 1250.0 -0.16224
3150.0 1250.0 0.02332
3250.0 1250.0 0.23423
3350.0 1250.0 0.50584
3450.0 1250.0 0.79062
3550.0 1250.0 1.00688
3650.0 1250.0 1.08460
3750.0 1250.0 0.99333
3850.0 1250.0 0.75216
3950.0 1250.0 0.42183
4050.0 1250.0 0.07894
4150.0 1250.0 -0.22782
4250.0 1250.0 -0.53164
4350.0 1250.0 -0.88422
4450.0 1250.0 -1.24242
4550.0 1250.0 -1.51701
4650.0 1250.0 -1.62839
4750.0 1250.0 -1.54136
4850.0 1250.0 -1.27876
4950.0 1250.0 -0.91408
5050.0 1250.0 -0.54296
5150.0 1250.0 -0.23366
5250.0 1250.0 0.03105
5350.0 1250.0 0.25258
5450.0 1250.0 0.38371
5550.0 1250.0 0.40243
5650.0 1250.0 0.31604
5750.0 1250.0 0.15854
5850.0 1250.0 -0.01683
5950.0 1250.0 -0.15010
6050.0 1250.0 -0.19201
6150.0 1250.0 -0.12644
6250.0 1250.0 0.00363
6350.0 1250.0 0.13578
50.0 1350.0 0.25214
150.0 1350.0 0.05589
250.0 1350.0 -0.17310
350.0 1350.0 -0.40186
450.0 1350.0 -0.57013
550.0 1350.0 -0.62649
650.0 1350.0 -0.55036
750.0 1350.0 -0.35997
850.0 1350.0 -0.10631
950.0 1350.0 0.14699
1050.0 1350.0 0.35783
1150.0 1350.0 0.54186
1250.0 1350.0 0.69264
1350.0 1350.0 0.76655
1450.0 1350.0 0.73384
1550.0 1350.0 0.58990
1650.0 1350.0 0.35862
1750.0 1350.0 0.08828
1850.0 1350.0 -0.16000
1950.0 1350.0 -0.33130
2050.0 1350.0 -0.40330
2150.0 1350.0 -0.41871
2250.0 1350.0 -0.45584
2350.0 1350.0 -0.53327
2450.0 1350.0 -0.62819
2550.0 1350.0 -0.70326
2650.0 1350.0 -0.72532
2750.0 1350.0 -0.67701
2850.0 1350.0 -0.56129
2950.0 1350.0 -0.39885
3050.0 1350.0 -0.21837
3150.0 1350.0 -0.03965
3250.0 1350.0 0.16364
3350.0 1350.0 0.42241
3450.0 1350.0 0.69034
3550.0 1350.0 0.88953
3650.0 1350.0 0.95410
3750.0 1350.0 0.85651
3850.0 1350.0 0.61679
3950.0 1350.0 0.29454
4050.0 1350.0 -0.03631
4150.0 1350.0 -0.32983
4250.0 1350.0 -0.61822
4350.0 1350.0 -0.94540
4450.0 1350.0 -1.27027
4550.0 1350.0 -1.51307
4650.0 1350.0 -1.60473
4750.0 1350.0 -1.51715
4850.0 1350.0 -1.27463
4950.0 1350.0 -0.94631
5050.0 1350.0 -0.61966
5150.0 1350.0 -0.35506
5250.0 1350.0 -0.13281
5350.0 1350.0 0.05440
5450.0 1350.0 0.16922
5550.0 1350.0 0.19490
5650.0 1350.0 0.13806
5750.0 1350.0 0.02631
5850.0 1350.0 -0.09792
5950.0 1350.0 -0.18737
6050.0 1350.0 -0.20360
6150.0 1350.0 -0.13452
6250.0 1350.0 -0.01441
6350.0 1350.0 0.11128
50.0 1450.0 0.45326
150.0 1450.0 0.26397
250.0 1450.0 0.03662
350.0 1450.0 -0.19960
450.0 1450.0 -0.38587
550.0 1450.0 -0.46955
650.0 1450.0 -0.42644
750.0 1450.0 -0.26951
850.0 1450.0 -0.04419
950.0 1450.0 0.18995
1050.0 1450.0 0.39089
1150.0 1450.0 0.56728
1250.0 1450.0 0.70036
1350.0 1450.0 0.74491
1450.0 1450.0 0.67917
1550.0 1450.0 0.50936
1650.0 1450.0 0.26827
1750.0 1450.0 0.00826
1850.0 1450.0 -0.21115
1950.0 1450.0 -0.34125
2050.0 1450.0 -0.36762
2150.0 1450.0 -0.33766
2250.0 1450.0 -0.33244
2350.0 1450.0 -0.37893
2450.0 1450.0 -0.46328
2550.0 1450.0 -0.55318
2650.0 1450.0 -0.61416
2750.0 1450.0 -0.62094
2850.0 1450.0 -0.56362
2950.0 1450.0 -0.44894
3050.0 1450.0 -0.29641
3150.0 1450.0 -0.12929
3250.0 1450.0 0.06317
3350.0 1450.0 0.30740
3450.0 1450.0 0.56016
3550.0 1450.0 0.74874
3650.0 1450.0 0.81165
3750.0 1450.0 0.72322
3850.0 1450.0 0.50214
3950.0 1450.0 0.20404
4050.0 1450.0 -0.10205
4150.0 1450.0 -0.37329
4250.0 1450.0 -0.63723
4350.0 1450.0 -0.92567
4450.0 1450.0 -1.20146
4550.0 1450.0 -1.39992
4650.0 1450.0 -1.46800
4750.0 1450.0 -1.38783
4850.0 1450.0 -1.18481
4950.0 1450.0 -0.92010
5050.0 1450.0 -0.66763
5150.0 1450.0 -0.47548
5250.0 1450.0 -0.32137
5350.0 1450.0 -0.19070
5450.0 1450.0 -0.10615
5550.0 1450.0 -0.07619
5650.0 1450.0 -0.09447
5750.0 1450.0 -0.14240
5850.0 1450.0 -0.19347
5950.0 1450.0 -0.21951
6050.0 1450.0 -0.19871
6150.0 1450.0 -0.12552
6250.0 1450.0 -0.02156
6350.0 1450.0 0.08988
50.0 1550.0 0.63229
150.0 1550.0 0.45166
250.0 1550.0 0.22579
350.0 1550.0 -0.02109
450.0 1550.0 -0.23193
550.0 1550.0 -0.35233
650.0 1550.0 -0.35316
750.0 1550.0 -0.24043
850.0 1550.0 -0.05228
950.0 1550.0 0.15692
1050.0 1550.0 0.34517
1150.0 1550.0 0.51246
1250.0 1550.0 0.62871
1350.0 1550.0 0.65016
1450.0 1550.0 0.56506
1550.0 1550.0 0.39075
1650.0 1550.0 0.16722
1750.0 1550.0 -0.05243
1850.0 1550.0 -0.21454
1950.0 1550.0 -0.28044
2050.0 1550.0 -0.24506
2150.0 1550.0 -0.15769
2250.0 1550.0 -0.10023
2350.0 1550.0 -0.11137
2450.0 1550.0 -0.18884
2550.0 1550.0 -0.30604
2650.0 1550.0 -0.42568
2750.0 1550.0 -0.51102
2850.0 1550.0 -0.53468
2950.0 1550.0 -0.48494
3050.0 1550.0 -0.36963
3150.0 1550.0 -0.21736
3250.0 1550.0 -0.03788
3350.0 1550.0 0.19091
3450.0 1550.0 0.43019
3550.0 1550.0 0.61342
3650.0 1550.0 0.68357
3750.0 1550.0 0.61594
3850.0 1550.0 0.42619
3950.0 1550.0 0.16396
4050.0 1550.0 -0.10830
4150.0 1550.0 -0.35091
4250.0 1550.0 -0.58404
4350.0 1550.0 -0.82379
4450.0 1550.0 -1.03808
4550.0 1550.0 -1.18124
4650.0 1550.0 -1.22034
4750.0 1550.0 -1.15030
4850.0 1550.0 -0.99779
4950.0 1550.0 -0.81383
5050.0 1550.0 -0.65519
5150.0 1550.0 -0.55451
5250.0 1550.0 -0.48649
5350.0 1550.0 -0.42891
5450.0 1550.0 -0.38736
5550.0 1550.0 -0.35990
5650.0 1550.0 -0.33969
5750.0 1550.0 -0.31805
5850.0 1550.0 -0.28695
5950.0 1550.0 -0.24087
6050.0 1550.0 -0.17812
6150.0 1550.0 -0.10149
6250.0 1550.0 -0.01810
6350.0 1550.0 0.07213
50.0 1650.0 0.73303
150.0 1650.0 0.56187
250.0 1650.0 0.33903
350.0 1650.0 0.08390
450.0 1650.0 -0.14849
550.0 1650.0 -0.30242
650.0 1650.0 -0.34438
750.0 1650.0 -0.27378
850.0 1650.0 -0.12164
950.0 1650.0 0.06289
1050.0 1650.0 0.23812
1150.0 1650.0 0.39602
1250.0 1650.0 0.49735
1350.0 1650.0 0.50180
1450.0 1650.0 0.40827
1550.0 1650.0 0.24453
1650.0 1650.0 0.05603
1750.0 1650.0 -0.10578
1850.0 1650.0 -0.19552
1950.0 1650.0 -0.18637
2050.0 1650.0 -0.08299
2150.0 1650.0 0.06561
2250.0 1650.0 0.17874
2350.0 1650.0 0.20545
2450.0 1650.0 0.13566
2550.0 1650.0 -0.01010
2650.0 1650.0 -0.19162
2750.0 1650.0 -0.36006
2850.0 1650.0 -0.46949
2950.0 1650.0 -0.48860
3050.0 1650.0 -0.41278
3150.0 1650.0 -0.27631
3250.0 1650.0 -0.11039
3350.0 1650.0 0.10306
3450.0 1650.0 0.33018
3550.0 1650.0 0.51077
3650.0 1650.0 0.59221
3750.0 1650.0 0.55025
3850.0 1650.0 0.39686
3950.0 1650.0 0.17486
4050.0 1650.0 -0.06037
4150.0 1650.0 -0.27231
4250.0 1650.0 -0.47253
4350.0 1650.0 -0.65956
4450.0 1650.0 -0.80641
4550.0 1650.0 -0.88768
4650.0 1650.0 -0.89224
4750.0 1650.0 -0.82917
4850.0 1650.0 -0.72705
4950.0 1650.0 -0.62657
5050.0 1650.0 -0.56646
5150.0 1650.0 -0.56274
5250.0 1650.0 -0.58650
5350.0 1650.0 -0.60873
5450.0 1650.0 -0.61841
5550.0 1650.0 -0.60260
5650.0 1650.0 -0.55292
5750.0 1650.0 -0.46965
5850.0 1650.0 -0.36256
5950.0 1650.0 -0.24864
6050.0 1650.0 -0.14662
6150.0 1650.0 -0.06828
6250.0 1650.0 -0.00701
6350.0 1650.0 0.05765
50.0 1750.0 0.72299
150.0 1750.0 0.56099
250.0 1750.0 0.34394
350.0 1750.0 0.08779
450.0 1750.0 -0.15461
550.0 1750.0 -0.32757
650.0 1750.0 -0.39523
750.0 1750.0 -0.35274
850.0 1750.0 -0.22603
950.0 1750.0 -0.06007
1050.0 1750.0 0.10430
1150.0 1750.0 0.25374
1250.0 1750.0 0.34254
1350.0 1750.0 0.33422
1450.0 1750.0 0.23736
1550.0 1750.0 0.08877
1650.0 1750.0 -0.06190
1750.0 1750.0 -0.16557
1850.0 1750.0 -0.18520
1950.0 1750.0 -0.10520
2050.0 1750.0 0.06104
2150.0 1750.0 0.26558
2250.0 1750.0 0.43053
2350.0 1750.0 0.49498
2450.0 1750.0 0.43787
2550.0 1750.0 0.27359
2650.0 1750.0 0.04400
2750.0 1750.0 -0.19228
2850.0 1750.0 -0.37353
2950.0 1750.0 -0.45134
3050.0 1750.0 -0.40984
3150.0 1750.0 -0.28757
3250.0 1750.0 -0.13409
3350.0 1750.0 0.06511
3450.0 1750.0 0.28060
3550.0 1750.0 0.45804
3650.0 1750.0 0.54890
3750.0 1750.0 0.52951
3850.0 1750.0 0.40854
3950.0 1750.0 0.22274
4050.0 1750.0 0.02105
4150.0 1750.0 -0.16296
4250.0 1750.0 -0.33289
4350.0 1750.0 -0.47013
4450.0 1750.0 -0.55158
4550.0 1750.0 -0.57053
4650.0 1750.0 -0.53644
4750.0 1750.0 -0.47235
4850.0 1750.0 -0.40967
4950.0 1750.0 -0.38055
5050.0 1750.0 -0.40769
5150.0 1750.0 -0.49168
5250.0 1750.0 -0.59933
5350.0 1750.0 -0.69660
5450.0 1750.0 -0.75900
5550.0 1750.0 -0.76364
5650.0 1750.0 -0.69970
5750.0 1750.0 -0.57380
5850.0 1750.0 -0.40997
5950.0 1750.0 -0.24393
6050.0 1750.0 -0.11198
6150.0 1750.0 -0.03426
6250.0 1750.0 0.00663
6350.0 1750.0 0.04513
50.0 1850.0 0.60066
150.0 1850.0 0.44646
250.0 1850.0 0.23842
350.0 1850.0 -0.00867
450.0 1850.0 -0.24410
550.0 1850.0 -0.41405
650.0 1850.0 -0.48343
750.0 1850.0 -0.44679
850.0 1850.0 -0.32825
950.0 1850.0 -0.17051
1050.0 1850.0 -0.01289
1150.0 1850.0 0.13003
1250.0 1850.0 0.20848
1350.0 1850.0 0.18844
1450.0 1850.0 0.08589
1550.0 1850.0 -0.05509
1650.0 1850.0 -0.18108
1750.0 1850.0 -0.24420
1850.0 1850.0 -0.21320
1950.0 1850.0 -0.08080
2050.0 1850.0 0.13288
2150.0 1850.0 0.38019
2250.0 1850.0 0.58667
2350.0 1850.0 0.68614
2450.0 1850.0 0.64957
2550.0 1850.0 0.48557
2650.0 1850.0 0.23531
2750.0 1850.0 -0.03753
2850.0 1850.0 -0.26135
2950.0 1850.0 -0.37613
3050.0 1850.0 -0.35756
3150.0 1850.0 -0.24576
3250.0 1850.0 -0.10215
3350.0 1850.0 0.08455
3450.0 1850.0 0.28800
3550.0 1850.0 0.45858
3650.0 1850.0 0.55144
3750.0 1850.0 0.54415
3850.0 1850.0 0.44361
3950.0 1850.0 0.28247
4050.0 1850.0 0.10493
4150.0 1850.0 -0.05802
4250.0 1850.0 -0.20445
4350.0 1850.0 -0.30109
4450.0 1850.0 -0.32688
4550.0 1850.0 -0.28956
4650.0 1850.0 -0.21540
4750.0 1850.0 -0.13961
4850.0 1850.0 -0.09740
4950.0 1850.0 -0.11570
5050.0 1850.0 -0.20562
5150.0 1850.0 -0.35551
5250.0 1850.0 -0.52740
5350.0 1850.0 -0.68443
5450.0 1850.0 -0.79365
5550.0 1850.0 -0.82469
5650.0 1850.0 -0.76365
5750.0 1850.0 -0.62009
5850.0 1850.0 -0.42667
5950.0 1850.0 -0.23151
6050.0 1850.0 -0.08316
6150.0 1850.0 -0.00827
6250.0 1850.0 0.01680
6350.0 1850.0 0.03265
50.0 1950.0 0.39273
150.0 1950.0 0.24424
250.0 1950.0 0.04808
350.0 1950.0 -0.17953
450.0 1950.0 -0.38988
550.0 1950.0 -0.53289
650.0 1950.0 -0.57759
750.0 1950.0 -0.52194
850.0 1950.0 -0.39202
950.0 1950.0 -0.23055
1050.0 1950.0 -0.07469
1150.0 1950.0 0.06415
1250.0 1950.0 0.13369
1350.0 1950.0 0.09958
1450.0 1950.0 -0.01781
1550.0 1950.0 -0.16884
1650.0 1950.0 -0.29579
1750.0 1950.0 -0.34917
1850.0 1950.0 -0.29921
1950.0 1950.0 -0.14235
2050.0 1950.0 0.09703
2150.0 1950.0 0.36947
2250.0 1950.0 0.60345
2350.0 1950.0 0.73328
2450.0 1950.0 0.72594
2550.0 1950.0 0.58501
2650.0 1950.0 0.34802
2750.0 1950.0 0.07791
2850.0 1950.0 -0.15143
2950.0 1950.0 -0.27543
3050.0 1950.0 -0.26512
3150.0 1950.0 -0.15886
3250.0 1950.0 -0.02178
3350.0 1950.0 0.15440
3450.0 1950.0 0.34458
3550.0 1950.0 0.50234
3650.0 1950.0 0.58617
3750.0 1950.0 0.57585
3850.0 1950.0 0.47874
3950.0 1950.0 0.32618
4050.0 1950.0 0.15997
4150.0 1950.0 0.00881
4250.0 1950.0 -0.12328
4350.0 1950.0 -0.19248
4450.0 1950.0 -0.17748
4550.0 1950.0 -0.09482
4650.0 1950.0 0.01784
4750.0 1950.0 0.11596
4850.0 1950.0 0.15984
4950.0 1950.0 0.12374
5050.0 1950.0 0.00247
5150.0 1950.0 -0.18457
5250.0 1950.0 -0.39438
5350.0 1950.0 -0.58932
5450.0 1950.0 -0.73364
5550.0 1950.0 -0.79269
5650.0 1950.0 -0.74938
5750.0 1950.0 -0.61271
5850.0 1950.0 -0.41789
5950.0 1950.0 -0.21803
6050.0 1950.0 -0.06755
6150.0 1950.0 0.00294
6250.0 1950.0 0.01846
6350.0 1950.0 0.01832
50.0 2050.0 0.14120
150.0 2050.0 -0.00368
250.0 2050.0 -0.18609
350.0 2050.0 -0.38622
450.0 2050.0 -0.55712
550.0 2050.0 -0.65385
650.0 2050.0 -0.65227
750.0 2050.0 -0.55709
850.0 2050.0 -0.39949
950.0 2050.0 -0.22413
1050.0 2050.0 -0.06563
1150.0 2050.0 0.07135
1250.0 2050.0 0.13247
1350.0 2050.0 0.07995
1450.0 2050.0 -0.06430
1550.0 2050.0 -0.24625
1650.0 2050.0 -0.40278
1750.0 2050.0 -0.47955
1850.0 2050.0 -0.44351
1950.0 2050.0 -0.29029
2050.0 2050.0 -0.04623
2150.0 2050.0 0.23475
2250.0 2050.0 0.48286
2350.0 2050.0 0.63812
2450.0 2050.0 0.66718
2550.0 2050.0 0.56931
2650.0 2050.0 0.37596
2750.0 2050.0 0.14400
2850.0 2050.0 -0.05723
2950.0 2050.0 -0.16520
3050.0 2050.0 -0.14970
3150.0 2050.0 -0.04438
3250.0 2050.0 0.08925
3350.0 2050.0 0.25659
3450.0 2050.0 0.43193
3550.0 2050.0 0.57071
3650.0 2050.0 0.63452
3750.0 2050.0 0.60634
3850.0 2050.0 0.49617
3950.0 2050.0 0.33675
4050.0 2050.0 0.16964
4150.0 2050.0 0.02156
4250.0 2050.0 -0.10486
4350.0 2050.0 -0.15945
4450.0 2050.0 -0.11868
4550.0 2050.0 -0.00257
4650.0 2050.0 0.14512
4750.0 2050.0 0.27351
4850.0 2050.0 0.33800
4950.0 2050.0 0.31054
5050.0 2050.0 0.18664
5150.0 2050.0 -0.01078
5250.0 2050.0 -0.23376
5350.0 2050.0 -0.44532
5450.0 2050.0 -0.61155
5550.0 2050.0 -0.69649
5650.0 2050.0 -0.68019
5750.0 2050.0 -0.56847
5850.0 2050.0 -0.39405
5950.0 2050.0 -0.20883
6050.0 2050.0 -0.06742
6150.0 2050.0 -0.00202
6250.0 2050.0 0.00991
6350.0 2050.0 0.00114
50.0 2150.0 -0.11739
150.0 2150.0 -0.25965
250.0 2150.0 -0.42767
350.0 2150.0 -0.59716
450.0 2150.0 -0.72273
550.0 2150.0 -0.76522
650.0 2150.0 -0.70839
750.0 2150.0 -0.56509
850.0 2150.0 -0.37294
950.0 2150.0 -0.17941
1050.0 2150.0 -0.01637
1150.0 2150.0 0.11968
1250.0 2150.0 0.17238
1350.0 2150.0 0.09886
1450.0 2150.0 -0.07884
1550.0 2150.0 -0.30282
1650.0 2150.0 -0.50396
1750.0 2150.0 -0.62129
1850.0 2150.0 -0.61611
1950.0 2150.0 -0.48090
2050.0 2150.0 -0.24285
2150.0 2150.0 0.03825
2250.0 2150.0 0.29355
2350.0 2150.0 0.47111
2450.0 2150.0 0.53911
2550.0 2150.0 0.49301
2650.0 2150.0 0.35709
2750.0 2150.0 0.17973
2850.0 2150.0 0.02244
2950.0 2150.0 -0.05743
3050.0 2150.0 -0.03020
3150.0 2150.0 0.07650
3250.0 2150.0 0.20827
3350.0 2150.0 0.36761
3450.0 2150.0 0.52734
3550.0 2150.0 0.64410
3650.0 2150.0 0.68243
3750.0 2150.0 0.62912
3850.0 2150.0 0.49784
3950.0 2150.0 0.32405
4050.0 2150.0 0.15018
4150.0 2150.0 0.00105
4250.0 2150.0 -0.12382
4350.0 2150.0 -0.17008
4450.0 2150.0 -0.11113
4550.0 2150.0 0.03222
4650.0 2150.0 0.21279
4750.0 2150.0 0.37493
4850.0 2150.0 0.46906
4950.0 2150.0 0.46312
5050.0 2150.0 0.35078
5150.0 2150.0 0.15638
5250.0 2150.0 -0.06728
5350.0 2150.0 -0.28445
5450.0 2150.0 -0.46516
5550.0 2150.0 -0.57367
5650.0 2150.0 -0.58746
5750.0 2150.0 -0.50815
5850.0 2150.0 -0.36367
5950.0 2150.0 -0.20176
6050.0 2150.0 -0.07453
6150.0 2150.0 -0.01448
6250.0 2150.0 -0.00329
6350.0 2150.0 -0.01677
50.0 2250.0 -0.32354
150.0 2250.0 -0.46150
250.0 2250.0 -0.61543
350.0 2250.0 -0.75793
450.0 2250.0 -0.84576
550.0 2250.0 -0.84503
650.0 2250.0 -0.74608
750.0 2250.0 -0.56795
850.0 2250.0 -0.35264
950.0 2250.0 -0.14891
1050.0 2250.0 0.01412
1150.0 2250.0 0.14640
1250.0 2250.0 0.19137
1350.0 2250.0 0.10308
1450.0 2250.0 -0.09695
1550.0 2250.0 -0.34920
1650.0 2250.0 -0.58142
1750.0 2250.0 -0.72880
1850.0 2250.0 -0.74897
1950.0 2250.0 -0.63193
2050.0 2250.0 -0.40484
2150.0 2250.0 -0.13082
2250.0 2250.0 0.12235
2350.0 2250.0 0.30925
2450.0 2250.0 0.40061
2550.0 2250.0 0.39039
2650.0 2250.0 0.29814
2750.0 2250.0 0.16555
2850.0 2250.0 0.04694
2950.0 2250.0 -0.00603
3050.0 2250.0 0.03434
3150.0 2250.0 0.14481
3250.0 2250.0 0.27721
3350.0 2250.0 0.43115
3450.0 2250.0 0.57820
3550.0 2250.0 0.67639
3650.0 2250.0 0.69326
3750.0 2250.0 0.61930
3850.0 2250.0 0.47163
3950.0 2250.0 0.28812
4050.0 2250.0 0.11179
4150.0 2250.0 -0.03444
4250.0 2250.0 -0.15415
4350.0 2250.0 -0.18937
4450.0 2250.0 -0.11022
4550.0 2250.0 0.06261
4650.0 2250.0 0.27952
4750.0 2250.0 0.48070
4850.0 2250.0 0.61171
4950.0 2250.0 0.63605
5050.0 2250.0 0.54474
5150.0 2250.0 0.36277
5250.0 2250.0 0.14765
5350.0 2250.0 -0.06634
5450.0 2250.0 -0.25472
5550.0 2250.0 -0.38367
5650.0 2250.0 -0.42916
5750.0 2250.0 -0.38842
5850.0 2250.0 -0.28318
5950.0 2250.0 -0.15457
6050.0 2250.0 -0.04966
6150.0 2250.0 0.00036
6250.0 2250.0 0.00858
6350.0 2250.0 -0.01119
50.0 2350.0 -0.40952
150.0 2350.0 -0.53925
250.0 2350.0 -0.67967
350.0 2350.0 -0.80350
450.0 2350.0 -0.87088
550.0 2350.0 -0.85218
650.0 2350.0 -0.74121
750.0 2350.0 -0.55874
850.0 2350.0 -0.34638
950.0 2350.0 -0.15078
1050.0 2350.0 0.00181
1150.0 2350.0 0.12379
1250.0 2350.0 0.16259
1350.0 2350.0 0.07390
1450.0 2350.0 -0.12254
1550.0 2350.0 -0.37059
1650.0 2350.0 -0.60149
1750.0 2350.0 -0.75303
1850.0 2350.0 -0.78392
1950.0 2350.0 -0.68360
2050.0 2350.0 -0.47726
2150.0 2350.0 -0.22547
2250.0 2350.0 0.00564
2350.0 2350.0 0.17364
2450.0 2350.0 0.25391
2550.0 2350.0 0.24397
2650.0 2350.0 0.16414
2750.0 2350.0 0.05347
2850.0 2350.0 -0.03918
2950.0 2350.0 -0.06878
3050.0 2350.0 -0.01260
3150.0 2350.0 0.10678
3250.0 2350.0 0.24514
3350.0 2350.0 0.39921
3450.0 2350.0 0.53983
3550.0 2350.0 0.62694
3650.0 2350.0 0.63133
3750.0 2350.0 0.54700
3850.0 2350.0 0.39397
3950.0 2350.0 0.21174
4050.0 2350.0 0.04323
4150.0 2350.0 -0.09077
4250.0 2350.0 -0.19691
4350.0 2350.0 -0.21608
4450.0 2350.0 -0.11548
4550.0 2350.0 0.08616
4650.0 2350.0 0.33952
4750.0 2350.0 0.58305
4850.0 2350.0 0.75888
4950.0 2350.0 0.82626
5050.0 2350.0 0.77257
5150.0 2350.0 0.62172
5250.0 2350.0 0.43438
5350.0 2350.0 0.24269
5450.0 2350.0 0.06315
5550.0 2350.0 -0.07610
5650.0 2350.0 -0.15217
5750.0 2350.0 -0.15828
5850.0 2350.0 -0.10766
5950.0 2350.0 -0.03043
6050.0 2350.0 0.03653
6150.0 2350.0 0.06672
6250.0 2350.0 0.06662
6350.0 2350.0 0.03685
50.0 2450.0 -0.35972
150.0 2450.0 -0.47683
250.0 2450.0 -0.60413
350.0 2450.0 -0.71798
450.0 2450.0 -0.78325
550.0 2450.0 -0.77353
650.0 2450.0 -0.68283
750.0 2450.0 -0.52885
850.0 2450.0 -0.34768
950.0 2450.0 -0.18012
1050.0 2450.0 -0.04940
1150.0 2450.0 0.05508
1250.0 2450.0 0.08940
1350.0 2450.0 0.01611
1450.0 2450.0 -0.14827
1550.0 2450.0 -0.35646
1650.0 2450.0 -0.55047
1750.0 2450.0 -0.67775
1850.0 2450.0 -0.70335
1950.0 2450.0 -0.61819
2050.0 2450.0 -0.44344
2150.0 2450.0 -0.23057
2250.0 2450.0 -0.04321
2350.0 2450.0 0.07566
2450.0 2450.0 0.10845
2550.0 2450.0 0.06166
2650.0 2450.0 -0.03787
2750.0 2450.0 -0.14957
2850.0 2450.0 -0.22849
2950.0 2450.0 -0.23746
3050.0 2450.0 -0.16204
3150.0 2450.0 -0.02803
3250.0 2450.0 0.12207
3350.0 2450.0 0.28197
3450.0 2450.0 0.42230
3550.0 2450.0 0.50552
3650.0 2450.0 0.50608
3750.0 2450.0 0.42147
3850.0 2450.0 0.27419
3950.0 2450.0 0.10465
4050.0 2450.0 -0.04509
4150.0 2450.0 -0.15660
4250.0 2450.0 -0.24038
4350.0 2450.0 -0.24110
4450.0 2450.0 -0.12473
4550.0 2450.0 0.09433
4650.0 2450.0 0.37128
4750.0 2450.0 0.64735
4850.0 2450.0 0.86486
4950.0 2450.0 0.98063
5050.0 2450.0 0.97806
5150.0 2450.0 0.87757
5250.0 2450.0 0.73928
5350.0 2450.0 0.59228
5450.0 2450.0 0.44320
5550.0 2450.0 0.31052
5650.0 2450.0 0.21239
5750.0 2450.0 0.15815
5850.0 2450.0 0.14442
5950.0 2450.0 0.15598
6050.0 2450.0 0.17114
6150.0 2450.0 0.17195
6250.0 2450.0 0.15776
6350.0 2450.0 0.11449
50.0 2550.0 -0.20097
150.0 2550.0 -0.30202
250.0 2550.0 -0.41623
350.0 2550.0 -0.52619
450.0 2550.0 -0.60261
550.0 2550.0 -0.62159
650.0 2550.0 -0.57500
750.0 2550.0 -0.47388
850.0 2550.0 -0.34503
950.0 2550.0 -0.22050
1050.0 2550.0 -0.12037
1150.0 2550.0 -0.03895
1250.0 2550.0 -0.00784
1350.0 2550.0 -0.05364
1450.0 2550.0 -0.16411
1550.0 2550.0 -0.30507
1650.0 2550.0 -0.43490
1750.0 2550.0 -0.51615
1850.0 2550.0 -0.52421
1950.0 2550.0 -0.45309
2050.0 2550.0 -0.31831
2150.0 2550.0 -0.15724
2250.0 2550.0 -0.03003
2350.0 2550.0 0.01749
2450.0 2550.0 -0.02335
2550.0 2550.0 -0.13304
2650.0 2550.0 -0.27417
2750.0 2550.0 -0.40185
2850.0 2550.0 -0.47425
2950.0 2550.0 -0.46328
3050.0 2550.0 -0.36537
3150.0 2550.0 -0.21225
3250.0 2550.0 -0.04604
3350.0 2550.0 0.12361
3450.0 2550.0 0.26744
3550.0 2550.0 0.35100
3650.0 2550.0 0.35285
3750.0 2550.0 0.27421
3850.0 2550.0 0.13996
3950.0 2550.0 -0.00899
4050.0 2550.0 -0.13191
4150.0 2550.0 -0.21312
4250.0 2550.0 -0.26830
4350.0 2550.0 -0.25259
4450.0 2550.0 -0.13354
4550.0 2550.0 0.08093
4650.0 2550.0 0.35543
4750.0 2550.0 0.63985
4850.0 2550.0 0.88187
4950.0 2550.0 1.03934
5050.0 2550.0 1.09240
5150.0 2550.0 1.05545
5250.0 2550.0 0.98274
5350.0 2550.0 0.89929
5450.0 2550.0 0.80165
5550.0 2550.0 0.69558
5650.0 2550.0 0.59097
5750.0 2550.0 0.49730
5850.0 2550.0 0.42070
5950.0 2550.0 0.36252
6050.0 2550.0 0.31941
6150.0 2550.0 0.28501
6250.0 2550.0 0.25237
6350.0 2550.0 0.19363
50.0 2650.0 0.01164
150.0 2650.0 -0.07176
250.0 2650.0 -0.17251
350.0 2650.0 -0.28048
450.0 2650.0 -0.37273
550.0 2650.0 -0.42775
650.0 2650.0 -0.43438
750.0 2650.0 -0.39571
850.0 2650.0 -0.32762
950.0 2650.0 -0.25232
1050.0 2650.0 -0.18654
1150.0 2650.0 -0.13065
1250.0 2650.0 -0.10223
1350.0 2650.0 -0.11527
1450.0 2650.0 -0.16229
1550.0 2650.0 -0.22407
1650.0 2650.0 -0.27781
1750.0 2650.0 -0.30356
1850.0 2650.0 -0.28881
1950.0 2650.0 -0.23133
2050.0 2650.0 -0.14029
2150.0 2650.0 -0.03674
2250.0 2650.0 0.02349
2350.0 2650.0 -0.00876
2450.0 2650.0 -0.13225
2550.0 2650.0 -0.31296
2650.0 2650.0 -0.50157
2750.0 2650.0 -0.64822
2850.0 2650.0 -0.71435
2950.0 2650.0 -0.68185
3050.0 2650.0 -0.55921
3150.0 2650.0 -0.38489
3250.0 2650.0 -0.20078
3350.0 2650.0 -0.02027
3450.0 2650.0 0.12750
3550.0 2650.0 0.21149
3650.0 2650.0 0.21486
3750.0 2650.0 0.14294
3850.0 2650.0 0.02323
3950.0 2650.0 -0.10279
4050.0 2650.0 -0.19590
4150.0 2650.0 -0.24343
4250.0 2650.0 -0.26801
4350.0 2650.0 -0.24189
4450.0 2650.0 -0.13749
4550.0 2650.0 0.04509
4650.0 2650.0 0.28426
4750.0 2650.0 0.54422
4850.0 2650.0 0.78363
4950.0 2650.0 0.96550
5050.0 2650.0 1.06835
5150.0 2650.0 1.09857
5250.0 2650.0 1.09890
5350.0 2650.0 1.08950
5450.0 2650.0 1.05829
5550.0 2650.0 0.99705
5650.0 2650.0 0.90480
5750.0 2650.0 0.78844
5850.0 2650.0 0.66151
5950.0 2650.0 0.54101
6050.0 2650.0 0.44232
6150.0 2650.0 0.37213
6250.0 2650.0 0.31929
6350.0 2650.0 0.24517
50.0 2750.0 0.20993
150.0 2750.0 0.14355
250.0 2750.0 0.05690
350.0 2750.0 -0.04639
450.0 2750.0 -0.14959
550.0 2750.0 -0.23396
650.0 2750.0 -0.28621
750.0 2750.0 -0.30255
850.0 2750.0 -0.28913
950.0 2750.0 -0.25899
1050.0 2750.0 -0.22548
1150.0 2750.0 -0.19393
1250.0 2750.0 -0.16856
1350.0 2750.0 -0.15162
1450.0 2750.0 -0.14019
1550.0 2750.0 -0.12907
1650.0 2750.0 -0.11301
1750.0 2750.0 -0.08832
1850.0 2750.0 -0.05367
1950.0 2750.0 -0.01025
2050.0 2750.0 0.03880
2150.0 2750.0 0.08762
2250.0 2750.0 0.08519
2350.0 2750.0 -0.01953
2450.0 2750.0 -0.21566
2550.0 2750.0 -0.45592
2650.0 2750.0 -0.68079
2750.0 2750.0 -0.83698
2850.0 2750.0 -0.89030
2950.0 2750.0 -0.83292
3050.0 2750.0 -0.68491
3150.0 2750.0 -0.49020
3250.0 2750.0 -0.28938
3350.0 2750.0 -0.09994
3450.0 2750.0 0.04885
3550.0 2750.0 0.12938
3650.0 2750.0 0.12969
3750.0 2750.0 0.05970
3850.0 2750.0 -0.04995
3950.0 2750.0 -0.15675
4050.0 2750.0 -0.22275
4150.0 2750.0 -0.23849
4250.0 2750.0 -0.23507
4350.0 2750.0 -0.20676
4450.0 2750.0 -0.13368
4550.0 2750.0 -0.00779
4650.0 2750.0 0.16564
4750.0 2750.0 0.36912
4850.0 2750.0 0.57666
4950.0 2750.0 0.76019
5050.0 2750.0 0.89860
5150.0 2750.0 0.98940
5250.0 2750.0 1.05941
5350.0 2750.0 1.12354
5450.0 2750.0 1.16380
5550.0 2750.0 1.15879
5650.0 2750.0 1.09569
5750.0 2750.0 0.97648
5850.0 2750.0 0.81896
5950.0 2750.0 0.65262
6050.0 2750.0 0.50916
6150.0 2750.0 0.40790
6250.0 2750.0 0.33607
6350.0 2750.0 0.24864
50.0 2850.0 0.32856
150.0 2850.0 0.27650
250.0 2850.0 0.20469
350.0 2850.0 0.11264
450.0 2850.0 0.01170
550.0 2850.0 -0.08300
650.0 2850.0 -0.15841
750.0 2850.0 -0.20720
850.0 2850.0 -0.22927
950.0 2850.0 -0.23100
1050.0 2850.0 -0.22232
1150.0 2850.0 -0.21052
1250.0 2850.0 -0.18932
1350.0 2850.0 -0.15262
1450.0 2850.0 -0.10112
1550.0 2850.0 -0.04010
1650.0 2850.0 0.02279
1750.0 2850.0 0.07953
1850.0 2850.0 0.12365
1950.0 2850.0 0.15189
2050.0 2850.0 0.16580
2150.0 2850.0 0.17055
2250.0 2850.0 0.11987
2350.0 2850.0 -0.03617
2450.0 2850.0 -0.27842
2550.0 2850.0 -0.55016
2650.0 2850.0 -0.78591
2750.0 2850.0 -0.93235
2850.0 2850.0 -0.96129
2950.0 2850.0 -0.87487
3050.0 2850.0 -0.70268
3150.0 2850.0 -0.49110
3250.0 2850.0 -0.27745
3350.0 2850.0 -0.08351
3450.0 2850.0 0.06079
3550.0 2850.0 0.13103
3650.0 2850.0 0.12014
3750.0 2850.0 0.04305
3850.0 2850.0 -0.06580
3950.0 2850.0 -0.16217
4050.0 2850.0 -0.20878
4150.0 2850.0 -0.19939
4250.0 2850.0 -0.17455
4350.0 2850.0 -0.15209
4450.0 2850.0 -0.12141
4550.0 2850.0 -0.06723
4650.0 2850.0 0.02154
4750.0 2850.0 0.14672
4850.0 2850.0 0.29955
4950.0 2850.0 0.46311
5050.0 2850.0 0.61849
5150.0 2850.0 0.75475
5250.0 2850.0 0.88103
5350.0 2850.0 1.00711
5450.0 2850.0 1.11225
5550.0 2850.0 1.16457
5650.0 2850.0 1.14038
5750.0 2850.0 1.03550
5850.0 2850.0 0.86872
5950.0 2850.0 0.67740
6050.0 2850.0 0.50510
6150.0 2850.0 0.38144
6250.0 2850.0 0.29454
6350.0 2850.0 0.19726
50.0 2950.0 0.32189
150.0 2950.0 0.28002
250.0 2950.0 0.22369
350.0 2950.0 0.15169
450.0 2950.0 0.07125
550.0 2950.0 -0.00720
650.0 2950.0 -0.07409
750.0 2950.0 -0.12328
850.0 2950.0 -0.15338
950.0 2950.0 -0.16773
1050.0 2950.0 -0.17293
1150.0 2950.0 -0.17407
1250.0 2950.0 -0.15868
1350.0 2950.0 -0.11727
1450.0 2950.0 -0.05286
1550.0 2950.0 0.02403
1650.0 2950.0 0.09978
1750.0 2950.0 0.16143
1850.0 2950.0 0.19969
1950.0 2950.0 0.21122
2050.0 2950.0 0.20025
2150.0 2950.0 0.17679
2250.0 2950.0 0.09879
2350.0 2950.0 -0.07885
2450.0 2950.0 -0.33088
2550.0 2950.0 -0.59647
2650.0 2950.0 -0.80996
2750.0 2950.0 -0.92234
2850.0 2950.0 -0.91328
2950.0 2950.0 -0.79393
3050.0 2950.0 -0.60027
3150.0 2950.0 -0.37719
3250.0 2950.0 -0.15630
3350.0 2950.0 0.03628
3450.0 2950.0 0.16941
3550.0 2950.0 0.22132
3650.0 2950.0 0.18963
3750.0 2950.0 0.09446
3850.0 2950.0 -0.02534
3950.0 2950.0 -0.12290
4050.0 2950.0 -0.16094
4150.0 2950.0 -0.13622
4250.0 2950.0 -0.09883
4350.0 2950.0 -0.08800
4450.0 2950.0 -0.10219
4550.0 2950.0 -0.12082
4650.0 2950.0 -0.11901
4750.0 2950.0 -0.07784
4850.0 2950.0 0.00997
4950.0 2950.0 0.13872
5050.0 2950.0 0.29288
5150.0 2950.0 0.45482
5250.0 2950.0 0.61723
5350.0 2950.0 0.78544
5450.0 2950.0 0.93877
5550.0 2950.0 1.03874
5650.0 2950.0 1.05349
5750.0 2950.0 0.97293
5850.0 2950.0 0.81423
5950.0 2950.0 0.61779
6050.0 2950.0 0.43360
6150.0 2950.0 0.29802
6250.0 2950.0 0.20164
6350.0 2950.0 0.09851
50.0 3050.0 0.18169
150.0 3050.0 0.14569
250.0 3050.0 0.10525
350.0 3050.0 0.06185
450.0 3050.0 0.01999
550.0 3050.0 -0.01566
650.0 3050.0 -0.04222
750.0 3050.0 -0.05947
850.0 3050.0 -0.06981
950.0 3050.0 -0.07717
1050.0 3050.0 -0.08501
1150.0 3050.0 -0.09199
1250.0 3050.0 -0.08408
1350.0 3050.0 -0.05351
1450.0 3050.0 -0.00420
1550.0 3050.0 0.05345
1650.0 3050.0 0.10705
1750.0 3050.0 0.14565
1850.0 3050.0 0.16228
1950.0 3050.0 0.15556
2050.0 3050.0 0.13036
2150.0 3050.0 0.09513
2250.0 3050.0 0.01116
2350.0 3050.0 -0.15829
2450.0 3050.0 -0.38423
2550.0 3050.0 -0.60707
2650.0 3050.0 -0.76663
2750.0 3050.0 -0.82229
2850.0 3050.0 -0.76314
2950.0 3050.0 -0.60813
3050.0 3050.0 -0.39636
3150.0 3050.0 -0.16740
3250.0 3050.0 0.05503
3350.0 3050.0 0.24063
3450.0 3050.0 0.35653
3550.0 3050.0 0.38300
3650.0 3050.0 0.32196
3750.0 3050.0 0.19874
3850.0 3050.0 0.05703
3950.0 3050.0 -0.05298
4050.0 3050.0 -0.09324
4150.0 3050.0 -0.06328
4250.0 3050.0 -0.02201
4350.0 3050.0 -0.02528
4450.0 3050.0 -0.07897
4550.0 3050.0 -0.15951
4650.0 3050.0 -0.23241
4750.0 3050.0 -0.26601
4850.0 3050.0 -0.24048
4950.0 3050.0 -0.15208
5050.0 3050.0 -0.01256
5150.0 3050.0 0.15608
5250.0 3050.0 0.33368
5350.0 3050.0 0.52203
5450.0 3050.0 0.70237
5550.0 3050.0 0.83356
5650.0 3050.0 0.87910
5750.0 3050.0 0.82436
5850.0 3050.0 0.68352
5950.0 3050.0 0.49621
6050.0 3050.0 0.31386
6150.0 3050.0 0.17578
6250.0 3050.0 0.07563
6350.0 3050.0 -0.02988
50.0 3150.0 -0.04445
150.0 3150.0 -0.07730
250.0 3150.0 -0.10171
350.0 3150.0 -0.11134
450.0 3150.0 -0.10355
550.0 3150.0 -0.08006
650.0 3150.0 -0.04665
750.0 3150.0 -0.01193
850.0 3150.0 0.01478
950.0 3150.0 0.02662
1050.0 3150.0 0.02320
1150.0 3150.0 0.01484
1250.0 3150.0 0.01422
1350.0 3150.0 0.02416
1450.0 3150.0 0.04066
1550.0 3150.0 0.05694
1650.0 3150.0 0.06630
1750.0 3150.0 0.06422
1850.0 3150.0 0.04930
1950.0 3150.0 0.02341
2050.0 3150.0 -0.00927
2150.0 3150.0 -0.04590
2250.0 3150.0 -0.12247
2350.0 3150.0 -0.26535
2450.0 3150.0 -0.44331
2550.0 3150.0 -0.60129
2650.0 3150.0 -0.68805
2750.0 3150.0 -0.67380
2850.0 3150.0 -0.55781
2950.0 3150.0 -0.36600
3050.0 3150.0 -0.13850
3150.0 3150.0 0.09275
3250.0 3150.0 0.31314
3350.0 3150.0 0.48839
3450.0 3150.0 0.58361
3550.0 3150.0 0.58067
3650.0 3150.0 0.48551
3750.0 3150.0 0.32856
3850.0 3150.0 0.15855
3950.0 3150.0 0.02935
4050.0 3150.0 -0.01978
4150.0 3150.0 0.00910
4250.0 3150.0 0.04900
4350.0 3150.0 0.03164
4450.0 3150.0 -0.05469
4550.0 3150.0 -0.18500
4650.0 3150.0 -0.31844
4750.0 3150.0 -0.41436
4850.0 3150.0 -0.44354
4950.0 3150.0 -0.39465
5050.0 3150.0 -0.27592
5150.0 3150.0 -0.11191
5250.0 3150.0 0.06761
5350.0 3150.0 0.26159
5450.0 3150.0 0.45385
5550.0 3150.0 0.60311
5650.0 3150.0 0.67072
5750.0 3150.0 0.63892
5850.0 3150.0 0.51857
5950.0 3150.0 0.34661
6050.0 3150.0 0.17311
6150.0 3150.0 0.03789
6250.0 3150.0 -0.06248
6350.0 3150.0 -0.16849
50.0 3250.0 -0.27190
150.0 3250.0 -0.29944
250.0 3250.0 -0.30529
350.0 3250.0 -0.27845
450.0 3250.0 -0.21856
550.0 3250.0 -0.13410
650.0 3250.0 -0.03975
750.0 3250.0 0.04706
850.0 3250.0 0.11036
950.0 3250.0 0.14077
1050.0 3250.0 0.14127
1150.0 3250.0 0.13083
1250.0 3250.0 0.11842
1350.0 3250.0 0.10064
1450.0 3250.0 0.07428
1550.0 3250.0 0.03798
1650.0 3250.0 -0.00705
1750.0 3250.0 -0.05716
1850.0 3250.0 -0.10710
1950.0 3250.0 -0.15171
2050.0 3250.0 -0.18843
2150.0 3250.0 -0.22173
2250.0 3250.0 -0.28532
2350.0 3250.0 -0.39489
2450.0 3250.0 -0.51794
2550.0 3250.0 -0.60537
2650.0 3250.0 -0.61596
2750.0 3250.0 -0.53121
2850.0 3250.0 -0.36020
2950.0 3250.0 -0.13481
3050.0 3250.0 0.10499
3150.0 3250.0 0.33550
3250.0 3250.0 0.55098
3350.0 3250.0 0.71327
3450.0 3250.0 0.78593
3550.0 3250.0 0.75280
3650.0 3250.0 0.62392
3750.0 3250.0 0.43462
3850.0 3250.0 0.23815
3950.0 3250.0 0.09144
4050.0 3250.0 0.03438
4150.0 3250.0 0.06228
4250.0 3250.0 0.10089
4350.0 3250.0 0.07061
4450.0 3250.0 -0.04590
4550.0 3250.0 -0.22277
4650.0 3250.0 -0.41363
4750.0 3250.0 -0.56961
4850.0 3250.0 -0.65265
4950.0 3250.0 -0.64399
5050.0 3250.0 -0.54803
5150.0 3250.0 -0.39143
5250.0 3250.0 -0.21295
5350.0 3250.0 -0.01596
5450.0 3250.0 0.18669
5550.0 3250.0 0.35413
5650.0 3250.0 0.44582
5750.0 3250.0 0.44059
5850.0 3250.0 0.34532
5950.0 3250.0 0.19326
6050.0 3250.0 0.03208
6150.0 3250.0 -0.09836
6250.0 3250.0 -0.19807
6350.0 3250.0 -0.30338
50.0 3350.0 -0.45255
150.0 3350.0 -0.46651
250.0 3350.0 -0.44659
350.0 3350.0 -0.37896
450.0 3350.0 -0.26724
550.0 3350.0 -0.12730
650.0 3350.0 0.01803
750.0 3350.0 0.14455
850.0 3350.0 0.23246
950.0 3350.0 0.27237
1050.0 3350.0 0.27153
1150.0 3350.0 0.25480
1250.0 3350.0 0.22153
1350.0 3350.0 0.16023
1450.0 3350.0 0.07076
1550.0 3350.0 -0.03865
1650.0 3350.0 -0.15480
1750.0 3350.0 -0.26285
1850.0 3350.0 -0.34982
1950.0 3350.0 -0.40819
2050.0 3350.0 -0.43944
2150.0 3350.0 -0.45833
2250.0 3350.0 -0.49703
2350.0 3350.0 -0.56133
2450.0 3350.0 -0.62024
2550.0 3350.0 -0.63338
2650.0 3350.0 -0.57106
2750.0 3350.0 -0.42549
2850.0 3350.0 -0.21318
2950.0 3350.0 0.03158
3050.0 3350.0 0.27206
3150.0 3350.0 0.49321
3250.0 3350.0 0.69584
3350.0 3350.0 0.83863
3450.0 3350.0 0.88526
3550.0 3350.0 0.82287
3650.0 3350.0 0.66582
3750.0 3350.0 0.45337
3850.0 3350.0 0.24120
3950.0 3350.0 0.08673
4050.0 3350.0 0.02840
4150.0 3350.0 0.05864
4250.0 3350.0 0.09867
4350.0 3350.0 0.06012
4450.0 3350.0 -0.07990
4550.0 3350.0 -0.29579
4650.0 3350.0 -0.53723
4750.0 3350.0 -0.74853
4850.0 3350.0 -0.88346
4950.0 3350.0 -0.91584
5050.0 3350.0 -0.84555
5150.0 3350.0 -0.70027
5250.0 3350.0 -0.52686
5350.0 3350.0 -0.32954
5450.0 3350.0 -0.11621
5550.0 3350.0 0.07351
5650.0 3350.0 0.19711
5750.0 3350.0 0.22896
5850.0 3350.0 0.17015
5950.0 3350.0 0.04814
6050.0 3350.0 -0.09352
6150.0 3350.0 -0.21565
6250.0 3350.0 -0.31335
6350.0 3350.0 -0.41509
50.0 3450.0 -0.55107
150.0 3450.0 -0.54153
250.0 3450.0 -0.48905
350.0 3450.0 -0.38006
450.0 3450.0 -0.22394
550.0 3450.0 -0.04388
650.0 3450.0 0.13131
750.0 3450.0 0.27451
850.0 3450.0 0.36658
950.0 3450.0 0.40180
1050.0 3450.0 0.39233
1150.0 3450.0 0.36431
1250.0 3450.0 0.30147
1350.0 3450.0 0.18360
1450.0 3450.0 0.01646
1550.0 3450.0 -0.17825
1650.0 3450.0 -0.37203
1750.0 3450.0 -0.53730
1850.0 3450.0 -0.65384
1950.0 3450.0 -0.71388
2050.0 3450.0 -0.72582
2150.0 3450.0 -0.71642
2250.0 3450.0 -0.71685
2350.0 3450.0 -0.72570
2450.0 3450.0 -0.71727
2550.0 3450.0 -0.66257
2650.0 3450.0 -0.54369
2750.0 3450.0 -0.36113
2850.0 3450.0 -0.13408
2950.0 3450.0 0.10627
3050.0 3450.0 0.33041
3150.0 3450.0 0.53113
3250.0 3450.0 0.71135
3350.0 3450.0 0.82780
3450.0 3450.0 0.84671
3550.0 3450.0 0.75989
3650.0 3450.0 0.58590
3750.0 3450.0 0.36604
3850.0 3450.0 0.15520
3950.0 3450.0 0.00765
4050.0 3450.0 -0.04242
4150.0 3450.0 -0.00546
4250.0 3450.0 0.03969
4350.0 3450.0 0.00071
4450.0 3450.0 -0.14980
4550.0 3450.0 -0.38817
4650.0 3450.0 -0.66300
4750.0 3450.0 -0.91468
4850.0 3450.0 -1.09113
4950.0 3450.0 -1.15974
5050.0 3450.0 -1.11554
5150.0 3450.0 -0.98555
5250.0 3450.0 -0.82229
5350.0 3450.0 -0.62927
5450.0 3450.0 -0.40836
5550.0 3450.0 -0.19688
5650.0 3450.0 -0.03887
5750.0 3450.0 0.03532
5850.0 3450.0 0.01991
5950.0 3450.0 -0.06498
6050.0 3450.0 -0.18157
6150.0 3450.0 -0.29222
6250.0 3450.0 -0.38634
6350.0 3450.0 -0.48145
50.0 3550.0 -0.54961
150.0 3550.0 -0.50861
250.0 3550.0 -0.42065
350.0 3550.0 -0.27590
450.0 3550.0 -0.09075
550.0 3550.0 0.10551
650.0 3550.0 0.28155
750.0 3550.0 0.41220
850.0 3550.0 0.48410
950.0 3550.0 0.49889
1050.0 3550.0 0.47365
1150.0 3550.0 0.43039
1250.0 3550.0 0.33395
1350.0 3550.0 0.15692
1450.0 3550.0 -0.08666
1550.0 3550.0 -0.35985
1650.0 3550.0 -0.61852
1750.0 3550.0 -0.82374
1850.0 3550.0 -0.95077
1950.0 3550.0 -0.99478
2050.0 3550.0 -0.97309
2150.0 3550.0 -0.92354
2250.0 3550.0 -0.87625
2350.0 3550.0 -0.82707
2450.0 3550.0 -0.75918
2550.0 3550.0 -0.65623
2650.0 3550.0 -0.51040
2750.0 3550.0 -0.32600
2850.0 3550.0 -0.11879
2950.0 3550.0 0.08926
3050.0 3550.0 0.27939
3150.0 3550.0 0.44992
3250.0 3550.0 0.59999
3350.0 3550.0 0.68599
3450.0 3550.0 0.67906
3550.0 3550.0 0.57666
3650.0 3550.0 0.40076
3750.0 3550.0 0.19227
3850.0 3550.0 0.00184
3950.0 3550.0 -0.12317
4050.0 3550.0 -0.15534
4150.0 3550.0 -0.10765
4250.0 3550.0 -0.05385
4350.0 3550.0 -0.08393
4450.0 3550.0 -0.22790
4550.0 3550.0 -0.46564
4650.0 3550.0 -0.74820
4750.0 3550.0 -1.01617
4850.0 3550.0 -1.21520
4950.0 3550.0 -1.30854
5050.0 3550.0 -1.28671
5150.0 3550.0 -1.17423
5250.0 3550.0 -1.02553
5350.0 3550.0 -0.84236
5450.0 3550.0 -0.62089
5550.0 3550.0 -0.39532
5650.0 3550.0 -0.21002
5750.0 3550.0 -0.09900
5850.0 3550.0 -0.07431
5950.0 3550.0 -0.12324
6050.0 3550.0 -0.21436
6150.0 3550.0 -0.31244
6250.0 3550.0 -0.40176
6350.0 3550.0 -0.48836
50.0 3650.0 -0.45483
150.0 3650.0 -0.37863
250.0 3650.0 -0.25718
350.0 3650.0 -0.08746
450.0 3650.0 0.10681
550.0 3650.0 0.29240
650.0 3650.0 0.43930
750.0 3650.0 0.52905
850.0 3650.0 0.55859
950.0 3650.0 0.53959
1050.0 3650.0 0.49344
1150.0 3650.0 0.43317
1250.0 3650.0 0.30516
1350.0 3650.0 0.07829
1450.0 3650.0 -0.22385
1550.0 3650.0 -0.55006
1650.0 3650.0 -0.84351
1750.0 3650.0 -1.05810
1850.0 3650.0 -1.16903
1950.0 3650.0 -1.17777
2050.0 3650.0 -1.11135
2150.0 3650.0 -1.01504
2250.0 3650.0 -0.91724
2350.0 3650.0 -0.81626
2450.0 3650.0 -0.70667
2550.0 3650.0 -0.58412
2650.0 3650.0 -0.44747
2750.0 3650.0 -0.29950
2850.0 3650.0 -0.14638
2950.0 3650.0 0.00426
3050.0 3650.0 0.14658
3150.0 3650.0 0.28106
3250.0 3650.0 0.39722
3350.0 3650.0 0.45267
3450.0 3650.0 0.42516
3550.0 3650.0 0.31802
3650.0 3650.0 0.15540
3750.0 3650.0 -0.02446
3850.0 3650.0 -0.17817
3950.0 3650.0 -0.26803
4050.0 3650.0 -0.27506
4150.0 3650.0 -0.21402
4250.0 3650.0 -0.14914
4350.0 3650.0 -0.16181
4450.0 3650.0 -0.28231
4550.0 3650.0 -0.49523
4650.0 3650.0 -0.75741
4750.0 3650.0 -1.01395
4850.0 3650.0 -1.21234
4950.0 3650.0 -1.31469
5050.0 3650.0 -1.30803
5150.0 3650.0 -1.21282
5250.0 3650.0 -1.08124
5350.0 3650.0 -0.91304
5450.0 3650.0 -0.70040
5550.0 3650.0 -0.47409
5650.0 3650.0 -0.27711
5750.0 3650.0 -0.14491
5850.0 3650.0 -0.09361
5950.0 3650.0 -0.11629
6050.0 3650.0 -0.18720
6150.0 3650.0 -0.27409
6250.0 3650.0 -0.35813
6350.0 3650.0 -0.43604
50.0 3750.0 -0.29821
150.0 3750.0 -0.18811
250.0 3750.0 -0.03935
350.0 3750.0 0.14242
450.0 3750.0 0.32687
550.0 3750.0 0.47921
650.0 3750.0 0.57407
750.0 3750.0 0.60308
850.0 3750.0 0.57603
950.0 3750.0 0.51583
1050.0 3750.0 0.44694
1150.0 3750.0 0.37044
1250.0 3750.0 0.21818
1350.0 3750.0 -0.04022
1450.0 3750.0 -0.37175
1550.0 3750.0 -0.71434
1650.0 3750.0 -1.00376
1750.0 3750.0 -1.19247
1850.0 3750.0 -1.26055
1950.0 3750.0 -1.21854
2050.0 3750.0 -1.10235
2150.0 3750.0 -0.95951
2250.0 3750.0 -0.81560
2350.0 3750.0 -0.67586
2450.0 3750.0 -0.54709
2550.0 3750.0 -0.43467
2650.0 3750.0 -0.33998
2750.0 3750.0 -0.25940
2850.0 3750.0 -0.18514
2950.0 3750.0 -0.10759
3050.0 3750.0 -0.01943
3150.0 3750.0 0.07849
3250.0 3750.0 0.16183
3350.0 3750.0 0.19051
3450.0 3750.0 0.14951
3550.0 3750.0 0.04748
3650.0 3750.0 -0.09053
3750.0 3750.0 -0.23069
3850.0 3750.0 -0.33839
3950.0 3750.0 -0.38678
4050.0 3750.0 -0.36565
4150.0 3750.0 -0.29074
4250.0 3750.0 -0.21403
4350.0 3750.0 -0.20389
4450.0 3750.0 -0.28861
4550.0 3750.0 -0.45794
4650.0 3750.0 -0.67681
4750.0 3750.0 -0.89813
4850.0 3750.0 -1.07476
4950.0 3750.0 -1.17051
5050.0 3750.0 -1.17041
5150.0 3750.0 -1.08991
5250.0 3750.0 -0.97552
5350.0 3750.0 -0.82561
5450.0 3750.0 -0.63102
5550.0 3750.0 -0.41922
5650.0 3750.0 -0.23019
5750.0 3750.0 -0.09805
5850.0 3750.0 -0.03985
5950.0 3750.0 -0.05162
6050.0 3750.0 -0.11163
6150.0 3750.0 -0.19077
6250.0 3750.0 -0.26982
6350.0 3750.0 -0.34061
50.0 3850.0 -0.12950
150.0 3850.0 0.00852
250.0 3850.0 0.17600
350.0 3850.0 0.35857
450.0 3850.0 0.52078
550.0 3850.0 0.62828
650.0 3850.0 0.66206
750.0 3850.0 0.62478
850.0 3850.0 0.53915
950.0 3850.0 0.43840
1050.0 3850.0 0.34882
1150.0 3850.0 0.25924
1250.0 3850.0 0.09321
1350.0 3850.0 -0.17476
1450.0 3850.0 -0.50375
1550.0 3850.0 -0.82565
1650.0 3850.0 -1.07488
1750.0 3850.0 -1.20817
1850.0 3850.0 -1.21438
1950.0 3850.0 -1.11438
2050.0 3850.0 -0.95096
2150.0 3850.0 -0.76862
2250.0 3850.0 -0.58891
2350.0 3850.0 -0.42650
2450.0 3850.0 -0.29924
2550.0 3850.0 -0.21901
2650.0 3850.0 -0.18604
2750.0 3850.0 -0.18744
2850.0 3850.0 -0.19999
2950.0 3850.0 -0.19712
3050.0 3850.0 -0.16015
3150.0 3850.0 -0.09378
3250.0 3850.0 -0.03764
3350.0 3850.0 -0.02916
3450.0 3850.0 -0.07677
3550.0 3850.0 -0.16771
3650.0 3850.0 -0.27706
3750.0 3850.0 -0.37582
3850.0 3850.0 -0.43800
3950.0 3850.0 -0.44678
4050.0 3850.0 -0.39963
4150.0 3850.0 -0.31254
4250.0 3850.0 -0.22521
4350.0 3850.0 -0.19153
4450.0 3850.0 -0.23641
4550.0 3850.0 -0.35436
4650.0 3850.0 -0.51892
4750.0 3850.0 -0.69217
4850.0 3850.0 -0.83420
4950.0 3850.0 -0.91251
5050.0 3850.0 -0.91143
5150.0 3850.0 -0.84153
5250.0 3850.0 -0.74190
5350.0 3850.0 -0.61083
5450.0 3850.0 -0.44055
5550.0 3850.0 -0.25594
5650.0 3850.0 -0.09278
5750.0 3850.0 0.01869
5850.0 3850.0 0.06367
5950.0 3850.0 0.04630
6050.0 3850.0 -0.01344
6150.0 3850.0 -0.08929
6250.0 3850.0 -0.16442
6350.0 3850.0 -0.23090
50.0 3950.0 -0.00340
150.0 3950.0 0.15335
250.0 3950.0 0.33083
350.0 3950.0 0.50775
450.0 3950.0 0.64544
550.0 3950.0 0.71102
650.0 3950.0 0.69146
750.0 3950.0 0.59869
850.0 3950.0 0.46561
950.0 3950.0 0.33319
1050.0 3950.0 0.22839
1150.0 3950.0 0.13041
1250.0 3950.0 -0.03849
1350.0 3950.0 -0.29631
1450.0 3950.0 -0.59673
1550.0 3950.0 -0.87055
1650.0 3950.0 -1.05609
1750.0 3950.0 -1.11836
1850.0 3950.0 -1.05686
1950.0 3950.0 -0.90218
2050.0 3950.0 -0.70121
2150.0 3950.0 -0.49148
2250.0 3950.0 -0.28956
2350.0 3950.0 -0.11930
2450.0 3950.0 -0.00668
2550.0 3950.0 0.03327
2650.0 3950.0 0.00359
2750.0 3950.0 -0.07344
2850.0 3950.0 -0.16121
2950.0 3950.0 -0.21966
3050.0 3950.0 -0.22207
3150.0 3950.0 -0.17792
3250.0 3950.0 -0.14019
3350.0 3950.0 -0.14426
3450.0 3950.0 -0.19375
3550.0 3950.0 -0.27325
3650.0 3950.0 -0.35844
3750.0 3950.0 -0.42432
3850.0 3950.0 -0.45146
3950.0 3950.0 -0.43041
4050.0 3950.0 -0.36410
4150.0 3950.0 -0.26837
4250.0 3950.0 -0.17329
4350.0 3950.0 -0.12036
4450.0 3950.0 -0.13101
4550.0 3950.0 -0.20325
4650.0 3950.0 -0.31783
4750.0 3950.0 -0.44498
4850.0 3950.0 -0.55167
4950.0 3950.0 -0.60951
5050.0 3950.0 -0.60314
5150.0 3950.0 -0.53921
5250.0 3950.0 -0.44998
5350.0 3950.0 -0.33527
5450.0 3950.0 -0.19088
5550.0 3950.0 -0.04001
5650.0 3950.0 0.08609
5750.0 3950.0 0.16255
5850.0 3950.0 0.17923
5950.0 3950.0 0.14309
6050.0 3950.0 0.07452
6150.0 3950.0 -0.00236
6250.0 3950.0 -0.07507
6350.0 3950.0 -0.14058
50.0 4050.0 0.04054
150.0 4050.0 0.20612
250.0 4050.0 0.38687
350.0 4050.0 0.55759
450.0 4050.0 0.67825
550.0 4050.0 0.71731
650.0 4050.0 0.66556
750.0 4050.0 0.54034
850.0 4050.0 0.38027
950.0 4050.0 0.23036
1050.0 4050.0 0.11761
1150.0 4050.0 0.01625
1250.0 4050.0 -0.14688
1350.0 4050.0 -0.38158
1450.0 4050.0 -0.63899
1550.0 4050.0 -0.85271
1650.0 4050.0 -0.96820
1750.0 4050.0 -0.96027
1850.0 4050.0 -0.83861
1950.0 4050.0 -0.64135
2050.0 4050.0 -0.41666
2150.0 4050.0 -0.19339
2250.0 4050.0 0.01740
2350.0 4050.0 0.18542
2450.0 4050.0 0.28028
2550.0 4050.0 0.28646
2650.0 4050.0 0.21058
2750.0 4050.0 0.08180
2850.0 4050.0 -0.05463
2950.0 4050.0 -0.15061
3050.0 4050.0 -0.17539
3150.0 4050.0 -0.14243
3250.0 4050.0 -0.11356
3350.0 4050.0 -0.12337
3450.0 4050.0 -0.17306
3550.0 4050.0 -0.24600
3650.0 4050.0 -0.31829
3750.0 4050.0 -0.36702
3850.0 4050.0 -0.37615
3950.0 4050.0 -0.33991
4050.0 4050.0 -0.26396
4150.0 4050.0 -0.16397
4250.0 4050.0 -0.06481
4350.0 4050.0 -0.00050
4450.0 4050.0 0.01006
4550.0 4050.0 -0.03303
4650.0 4050.0 -0.11488
4750.0 4050.0 -0.21089
4850.0 4050.0 -0.29268
4950.0 4050.0 -0.33490
5050.0 4050.0 -0.32284
5150.0 4050.0 -0.26094
5250.0 4050.0 -0.17702
5350.0 4050.0 -0.07404
5450.0 4050.0 0.04758
5550.0 4050.0 0.16528
5650.0 4050.0 0.25188
5750.0 4050.0 0.28815
5850.0 4050.0 0.26966
5950.0 4050.0 0.20775
6050.0 4050.0 0.12484
6150.0 4050.0 0.04378
6250.0 4050.0 -0.02807
6350.0 4050.0 -0.09567
50.0 4150.0 0.00486
150.0 4150.0 0.17204
250.0 4150.0 0.35256
350.0 4150.0 0.52017
450.0 4150.0 0.63466
550.0 4150.0 0.66511
650.0 4150.0 0.60355
750.0 4150.0 0.46891
850.0 4150.0 0.30132
950.0 4150.0 0.14680
1050.0 4150.0 0.03219
1150.0 4150.0 -0.06895
1250.0 4150.0 -0.22167
1350.0 4150.0 -0.42829
1450.0 4150.0 -0.63955
1550.0 4150.0 -0.79388
1650.0 4150.0 -0.84495
1750.0 4150.0 -0.77700
1850.0 4150.0 -0.60820
1950.0 4150.0 -0.38181
2050.0 4150.0 -0.14535
2150.0 4150.0 0.08091
2250.0 4150.0 0.29157
2350.0 4150.0 0.45315
2450.0 4150.0 0.53396
2550.0 4150.0 0.51942
2650.0 4150.0 0.41879
2750.0 4150.0 0.26491
2850.0 4150.0 0.10689
2950.0 4150.0 -0.00419
3050.0 4150.0 -0.03660
3150.0 4150.0 -0.00624
3250.0 4150.0 0.02077
3350.0 4150.0 0.00942
3450.0 4150.0 -0.04112
3550.0 4150.0 -0.11390
3650.0 4150.0 -0.18494
3750.0 4150.0 -0.23158
3850.0 4150.0 -0.23824
3950.0 4150.0 -0.19976
4050.0 4150.0 -0.12226
4150.0 4150.0 -0.02150
4250.0 4150.0 0.07871
4350.0 4150.0 0.14692
4450.0 4150.0 0.16539
4550.0 4150.0 0.13369
4650.0 4150.0 0.06517
4750.0 4150.0 -0.01759
4850.0 4150.0 -0.08818
4950.0 4150.0 -0.12271
5050.0 4150.0 -0.10700
5150.0 4150.0 -0.04479
5250.0 4150.0 0.03771
5350.0 4150.0 0.13339
5450.0 4150.0 0.23711
5550.0 4150.0 0.32624
5650.0 4150.0 0.37679
5750.0 4150.0 0.37467
5850.0 4150.0 0.32106
5950.0 4150.0 0.23220
6050.0 4150.0 0.13323
6150.0 4150.0 0.04651
6250.0 4150.0 -0.02560
6350.0 4150.0 -0.09718
50.0 4250.0 -0.05926
150.0 4250.0 0.10844
250.0 4250.0 0.28825
350.0 4250.0 0.45345
450.0 4250.0 0.56395
550.0 4250.0 0.58940
650.0 4250.0 0.52266
750.0 4250.0 0.38353
850.0 4250.0 0.21285
950.0 4250.0 0.05695
1050.0 4250.0 -0.05758
1150.0 4250.0 -0.15700
1250.0 4250.0 -0.29749
1350.0 4250.0 -0.47433
1450.0 4250.0 -0.63874
1550.0 4250.0 -0.73485
1650.0 4250.0 -0.72486
1750.0 4250.0 -0.60215
1850.0 4250.0 -0.39250
1950.0 4250.0 -0.14321
2050.0 4250.0 0.09966
2150.0 4250.0 0.32429
2250.0 4250.0 0.53105
2350.0 4250.0 0.68488
2450.0 4250.0 0.75413
2550.0 4250.0 0.72564
2650.0 4250.0 0.61071
2750.0 4250.0 0.44425
2850.0 4250.0 0.27698
2950.0 4250.0 0.16077
3050.0 4250.0 0.12698
3150.0 4250.0 0.15812
3250.0 4250.0 0.18584
3350.0 4250.0 0.17396
3450.0 4250.0 0.12124
3550.0 4250.0 0.04471
3650.0 4250.0 -0.03117
3750.0 4250.0 -0.08296
3850.0 4250.0 -0.09419
3950.0 4250.0 -0.05900
4050.0 4250.0 0.01688
4150.0 4250.0 0.11736
4250.0 4250.0 0.21799
4350.0 4250.0 0.28862
4450.0 4250.0 0.31258
4550.0 4250.0 0.28942
4650.0 4250.0 0.23159
4750.0 4250.0 0.16026
4850.0 4250.0 0.10022
4950.0 4250.0 0.07396
5050.0 4250.0 0.09483
5150.0 4250.0 0.15937
5250.0 4250.0 0.24253
5350.0 4250.0 0.33230
5450.0 4250.0 0.41819
5550.0 4250.0 0.47739
5650.0 4250.0 0.48949
5750.0 4250.0 0.44611
5850.0 4250.0 0.35482
5950.0 4250.0 0.23732
6050.0 4250.0 0.12200
6150.0 4250.0 0.03067
6250.0 4250.0 -0.03992
6350.0 4250.0 -0.11387
50.0 4350.0 -0.15029
150.0 4350.0 0.02181
250.0 4350.0 0.20204
350.0 4350.0 0.36199
450.0 4350.0 0.46193
550.0 4350.0 0.47333
650.0 4350.0 0.39172
750.0 4350.0 0.23980
850.0 4350.0 0.06084
950.0 4350.0 -0.09763
1050.0 4350.0 -0.20985
1150.0 4350.0 -0.30391
1250.0 4350.0 -0.42706
1350.0 4350.0 -0.56816
1450.0 4350.0 -0.68122
1550.0 4350.0 -0.71844
1650.0 4350.0 -0.65191
1750.0 4350.0 -0.48403
1850.0 4350.0 -0.24656
1950.0 4350.0 0.01159
2050.0 4350.0 0.24798
2150.0 4350.0 0.45938
2250.0 4350.0 0.65213
2350.0 4350.0 0.79281
2450.0 4350.0 0.85285
2550.0 4350.0 0.82185
2650.0 4350.0 0.71227
2750.0 4350.0 0.55794
2850.0 4350.0 0.40651
2950.0 4350.0 0.30571
3050.0 4350.0 0.28357
3150.0 4350.0 0.32251
3250.0 4350.0 0.35605
3350.0 4350.0 0.34512
3450.0 4350.0 0.28636
3550.0 4350.0 0.19675
3650.0 4350.0 0.10250
3750.0 4350.0 0.03016
3850.0 4350.0 -0.00005
3950.0 4350.0 0.02121
4050.0 4350.0 0.09011
4150.0 4350.0 0.18955
4250.0 4350.0 0.29130
4350.0 4350.0 0.36698
4450.0 4350.0 0.40261
4550.0 4350.0 0.39846
4650.0 4350.0 0.36583
4750.0 4350.0 0.32312
4850.0 4350.0 0.29141
4950.0 4350.0 0.28943
5050.0 4350.0 0.32790
5150.0 4350.0 0.40335
5250.0 4350.0 0.49361
5350.0 4350.0 0.57893
5450.0 4350.0 0.63996
5550.0 4350.0 0.65431
5650.0 4350.0 0.60834
5750.0 4350.0 0.50379
5850.0 4350.0 0.35893
5950.0 4350.0 0.20430
6050.0 4350.0 0.07291
6150.0 4350.0 -0.01499
6250.0 4350.0 -0.07219
6350.0 4350.0 -0.13676
50.0 4450.0 -0.26085
150.0 4450.0 -0.07853
250.0 4450.0 0.10455
350.0 4450.0 0.25679
450.0 4450.0 0.33904
550.0 4450.0 0.32611
650.0 4450.0 0.21849
750.0 4450.0 0.04431
850.0 4450.0 -0.14860
950.0 4450.0 -0.31041
1050.0 4450.0 -0.41679
1150.0 4450.0 -0.50025
1250.0 4450.0 -0.59972
1350.0 4450.0 -0.69923
1450.0 4450.0 -0.75894
1550.0 4450.0 -0.74209
1650.0 4450.0 -0.63186
1750.0 4450.0 -0.43852
1850.0 4450.0 -0.19668
1950.0 4450.0 0.04723
2050.0 4450.0 0.25736
2150.0 4450.0 0.43845
2250.0 4450.0 0.60177
2350.0 4450.0 0.71952
2450.0 4450.0 0.77048
2550.0 4450.0 0.74936
2650.0 4450.0 0.66907
2750.0 4450.0 0.55845
2850.0 4450.0 0.45587
2950.0 4450.0 0.39823
3050.0 4450.0 0.40583
3150.0 4450.0 0.46272
3250.0 4450.0 0.50997
3350.0 4450.0 0.50373
3450.0 4450.0 0.43642
3550.0 4450.0 0.32451
3650.0 4450.0 0.19720
3750.0 4450.0 0.08683
3850.0 4450.0 0.02087
3950.0 4450.0 0.01554
4050.0 4450.0 0.07108
4150.0 4450.0 0.16862
4250.0 4450.0 0.27224
4350.0 4450.0 0.35466
4450.0 4450.0 0.40614
4550.0 4450.0 0.42903
4650.0 4450.0 0.43389
4750.0 4450.0 0.43571
4850.0 4450.0 0.45017
4950.0 4450.0 0.48992
5050.0 4450.0 0.56091
5150.0 4450.0 0.65888
5250.0 4450.0 0.76579
5350.0 4450.0 0.85054
5450.0 4450.0 0.88101
5550.0 4450.0 0.83621
5650.0 4450.0 0.71310
5750.0 4450.0 0.52862
5850.0 4450.0 0.31661
5950.0 4450.0 0.11989
6050.0 4450.0 -0.02261
6150.0 4450.0 -0.09365
6250.0 4450.0 -0.11990
6350.0 4450.0 -0.15777
50.0 4550.0 -0.36276
150.0 4550.0 -0.16461
250.0 4550.0 0.02464
350.0 4550.0 0.16916
450.0 4550.0 0.23047
550.0 4550.0 0.18768
650.0 4550.0 0.04782
750.0 4550.0 -0.15384
850.0 4550.0 -0.36338
950.0 4550.0 -0.52784
1050.0 4550.0 -0.62474
1150.0 4550.0 -0.69287
1250.0 4550.0 -0.76429
1350.0 4550.0 -0.82064
1450.0 4550.0 -0.83139
1550.0 4550.0 -0.77284
1650.0 4550.0 -0.63923
1750.0 4550.0 -0.44642
1850.0 4550.0 -0.22787
1950.0 4550.0 -0.02313
2050.0 4550.0 0.14117
2150.0 4550.0 0.27593
2250.0 4550.0 0.39467
2350.0 4550.0 0.47785
2450.0 4550.0 0.51540
2550.0 4550.0 0.50979
2650.0 4550.0 0.47448
2750.0 4550.0 0.43073
2850.0 4550.0 0.40268
2950.0 4550.0 0.41082
3050.0 4550.0 0.46366
3150.0 4550.0 0.54780
3250.0 4550.0 0.61660
3350.0 4550.0 0.62069
3450.0 4550.0 0.54673
3550.0 4550.0 0.40991
3650.0 4550.0 0.24282
3750.0 4550.0 0.08504
3850.0 4550.0 -0.02645
3950.0 4550.0 -0.06613
4050.0 4550.0 -0.02795
4150.0 4550.0 0.06729
4250.0 4550.0 0.17303
4350.0 4550.0 0.26084
4450.0 4550.0 0.32553
4550.0 4550.0 0.37296
4650.0 4550.0 0.41465
4750.0 4550.0 0.46330
4850.0 4550.0 0.52945
4950.0 4550.0 0.61901
5050.0 4550.0 0.73198
5150.0 4550.0 0.86201
5250.0 4550.0 0.99461
5350.0 4550.0 1.08469
5450.0 4550.0 1.08552
5550.0 4550.0 0.97843
5650.0 4550.0 0.77353
5750.0 4550.0 0.50578
5850.0 4550.0 0.22701
5950.0 4550.0 -0.00628
6050.0 4550.0 -0.14912
6150.0 4550.0 -0.18854
6250.0 4550.0 -0.16736
6350.0 4550.0 -0.16222
50.0 4650.0 -0.42597
150.0 4650.0 -0.20818
250.0 4650.0 -0.00933
350.0 4650.0 0.13027
450.0 4650.0 0.17273
550.0 4650.0 0.10157
650.0 4650.0 -0.06942
750.0 4650.0 -0.29743
850.0 4650.0 -0.52210
950.0 4650.0 -0.68707
1050.0 4650.0 -0.77172
1150.0 4650.0 -0.82167
1250.0 4650.0 -0.86414
1350.0 4650.0 -0.88115
1450.0 4650.0 -0.85344
1550.0 4650.0 -0.77080
1650.0 4650.0 -0.63716
1750.0 4650.0 -0.47093
1850.0 4650.0 -0.30055
1950.0 4650.0 -0.15518
2050.0 4650.0 -0.05068
2150.0 4650.0 0.02741
2250.0 4650.0 0.09089
2350.0 4650.0 0.12891
2450.0 4650.0 0.14481
2550.0 4650.0 0.15099
2650.0 4650.0 0.16259
2750.0 4650.0 0.19278
2850.0 4650.0 0.24948
2950.0 4650.0 0.33385
3050.0 4650.0 0.44018
3150.0 4650.0 0.55733
3250.0 4650.0 0.65332
3350.0 4650.0 0.67402
3450.0 4650.0 0.59982
3550.0 4650.0 0.44383
3650.0 4650.0 0.24124
3750.0 4650.0 0.03856
3850.0 4650.0 -0.11752
3950.0 4650.0 -0.19153
4050.0 4650.0 -0.17086
4150.0 4650.0 -0.07770
4250.0 4650.0 0.02980
4350.0 4650.0 0.11854
4450.0 4650.0 0.18664
4550.0 4650.0 0.24474
4650.0 4650.0 0.30787
4750.0 4650.0 0.38935
4850.0 4650.0 0.49701
4950.0 4650.0 0.63153
5050.0 4650.0 0.78699
5150.0 4650.0 0.95362
5250.0 4650.0 1.11788
5350.0 4650.0 1.21991
5450.0 4650.0 1.19934
5550.0 4650.0 1.04059
5650.0 4650.0 0.76707
5750.0 4650.0 0.43135
5850.0 4650.0 0.10218
5950.0 4650.0 -0.15161
6050.0 4650.0 -0.28035
6150.0 4650.0 -0.27596
6250.0 4650.0 -0.19658
6350.0 4650.0 -0.13782
50.0 4750.0 -0.43126
150.0 4750.0 -0.19276
250.0 4750.0 0.01835
350.0 4750.0 0.15785
450.0 4750.0 0.18822
550.0 4750.0 0.09660
650.0 4750.0 -0.09750
750.0 4750.0 -0.34485
850.0 4750.0 -0.57946
950.0 4750.0 -0.74194
1050.0 4750.0 -0.81315
1150.0 4750.0 -0.84464
1250.0 4750.0 -0.86087
1350.0 4750.0 -0.84660
1450.0 4750.0 -0.79418
1550.0 4750.0 -0.70561
1650.0 4750.0 -0.59214
1750.0 4750.0 -0.47184
1850.0 4750.0 -0.36536
1950.0 4750.0 -0.28965
2050.0 4750.0 -0.24981
2150.0 4750.0 -0.23054
2250.0 4750.0 -0.22586
2350.0 4750.0 -0.23979
2450.0 4750.0 -0.25549
2550.0 4750.0 -0.24938
2650.0 4750.0 -0.20287
2750.0 4750.0 -0.10920
2850.0 4750.0 0.02471
2950.0 4750.0 0.18123
3050.0 4750.0 0.34008
3150.0 4750.0 0.49105
3250.0 4750.0 0.61623
3350.0 4750.0 0.65879
3450.0 4750.0 0.59356
3550.0 4750.0 0.43074
3650.0 4750.0 0.20656
3750.0 4750.0 -0.02754
3850.0 4750.0 -0.21704
3950.0 4750.0 -0.31783
4050.0 4750.0 -0.31102
4150.0 4750.0 -0.21916
4250.0 4750.0 -0.11079
4350.0 4750.0 -0.02744
4450.0 4750.0 0.02985
4550.0 4750.0 0.07726
4650.0 4750.0 0.13607
4750.0 4750.0 0.22411
4850.0 4750.0 0.35047
4950.0 4750.0 0.51368
5050.0 4750.0 0.70334
5150.0 4750.0 0.90505
5250.0 4750.0 1.10238
5350.0 4750.0 1.22196
5450.0 4750.0 1.19325
5550.0 4750.0 1.00408
5650.0 4750.0 0.68911
5750.0 4750.0 0.31491
5850.0 4750.0 -0.03696
5950.0 4750.0 -0.28909
6050.0 4750.0 -0.38945
6150.0 4750.0 -0.33470
6250.0 4750.0 -0.19476
6350.0 4750.0 -0.08008
50.0 4850.0 -0.37647
150.0 4850.0 -0.11919
250.0 4850.0 0.10528
350.0 4850.0 0.25010
450.0 4850.0 0.27779
550.0 4850.0 0.17767
650.0 4850.0 -0.02707
750.0 4850.0 -0.28295
850.0 4850.0 -0.52018
950.0 4850.0 -0.67719
1050.0 4850.0 -0.73565
1150.0 4850.0 -0.75104
1250.0 4850.0 -0.74654
1350.0 4850.0 -0.71089
1450.0 4850.0 -0.64669
1550.0 4850.0 -0.56563
1650.0 4850.0 -0.48359
1750.0 4850.0 -0.41633
1850.0 4850.0 -0.37588
1950.0 4850.0 -0.36738
2050.0 4850.0 -0.38668
2150.0 4850.0 -0.41966
2250.0 4850.0 -0.46927
2350.0 4850.0 -0.53621
2450.0 4850.0 -0.59223
2550.0 4850.0 -0.60264
2650.0 4850.0 -0.54352
2750.0 4850.0 -0.41104
2850.0 4850.0 -0.22281
2950.0 4850.0 -0.01138
3050.0 4850.0 0.19021
3150.0 4850.0 0.37067
3250.0 4850.0 0.52291
3350.0 4850.0 0.59008
3450.0 4850.0 0.54303
3550.0 4850.0 0.38871
3650.0 4850.0 0.16231
3750.0 4850.0 -0.08286
3850.0 4850.0 -0.28778
3950.0 4850.0 -0.40251
4050.0 4850.0 -0.40322
4150.0 4850.0 -0.31157
4250.0 4850.0 -0.20346
4350.0 4850.0 -0.13186
4450.0 4850.0 -0.09980
4550.0 4850.0 -0.08567
4650.0 4850.0 -0.05966
4750.0 4850.0 0.00422
4850.0 4850.0 0.12058
4950.0 4850.0 0.28972
5050.0 4850.0 0.49897
5150.0 4850.0 0.72870
5250.0 4850.0 0.95561
5350.0 4850.0 1.09570
5450.0 4850.0 1.07321
5550.0 4850.0 0.87920
5650.0 4850.0 0.55584
5750.0 4850.0 0.17811
5850.0 4850.0 -0.16563
5950.0 4850.0 -0.39437
6050.0 4850.0 -0.45635
6150.0 4850.0 -0.35217
6250.0 4850.0 -0.15829
6350.0 4850.0 0.00576
50.0 4950.0 -0.27640
150.0 4950.0 -0.00487
250.0 4950.0 0.23216
350.0 4950.0 0.38680
450.0 4950.0 0.42128
550.0 4950.0 0.32545
650.0 4950.0 0.12364
750.0 4950.0 -0.12914
850.0 4950.0 -0.36154
950.0 4950.0 -0.51095
1050.0 4950.0 -0.55914
1150.0 4950.0 -0.56282
1250.0 4950.0 -0.54442
1350.0 4950.0 -0.49639
1450.0 4950.0 -0.42888
1550.0 4950.0 -0.36005
1650.0 4950.0 -0.30822
1750.0 4950.0 -0.28642
1850.0 4950.0 -0.29942
1950.0 4950.0 -0.34320
2050.0 4950.0 -0.40690
2150.0 4950.0 -0.47841
2250.0 4950.0 -0.57069
2350.0 4950.0 -0.68551
2450.0 4950.0 -0.78684
2550.0 4950.0 -0.83029
2650.0 4950.0 -0.78516
2750.0 4950.0 -0.64631
2850.0 4950.0 -0.43602
2950.0 4950.0 -0.19570
3050.0 4950.0 0.03251
3150.0 4950.0 0.23407
3250.0 4950.0 0.40753
3350.0 4950.0 0.49863
3450.0 4950.0 0.47645
3550.0 4950.0 0.34466
3650.0 4950.0 0.13556
3750.0 4950.0 -0.09895
3850.0 4950.0 -0.29930
3950.0 4950.0 -0.41333
4050.0 4950.0 -0.41424
4150.0 4950.0 -0.32170
4250.0 4950.0 -0.21490
4350.0 4950.0 -0.15961
4450.0 4950.0 -0.16339
4550.0 4950.0 -0.19993
4650.0 4950.0 -0.22997
4750.0 4950.0 -0.21691
4850.0 4950.0 -0.13714
4950.0 4950.0 0.01485
5050.0 4950.0 0.22671
5150.0 4950.0 0.47365
5250.0 4950.0 0.72258
5350.0 4950.0 0.88259
5450.0 4950.0 0.87774
5550.0 4950.0 0.70168
5650.0 4950.0 0.39973
5750.0 4950.0 0.04915
5850.0 4950.0 -0.26113
5950.0 4950.0 -0.45134
6050.0 4950.0 -0.47224
6150.0 4950.0 -0.32706
6250.0 4950.0 -0.09325
6350.0 4950.0 0.10630
50.0 5050.0 -0.15636
150.0 5050.0 0.12354
250.0 5050.0 0.37069
350.0 5050.0 0.53764
450.0 5050.0 0.58614
550.0 5050.0 0.50502
650.0 5050.0 0.31742
750.0 5050.0 0.07736
850.0 5050.0 -0.14446
950.0 5050.0 -0.28550
1050.0 5050.0 -0.32698
1150.0 5050.0 -0.32424
1250.0 5050.0 -0.29835
1350.0 5050.0 -0.24390
1450.0 5050.0 -0.17513
1550.0 5050.0 -0.11372
1650.0 5050.0 -0.07921
1750.0 5050.0 -0.08302
1850.0 5050.0 -0.12585
1950.0 5050.0 -0.19859
2050.0 5050.0 -0.28673
2150.0 5050.0 -0.37950
2250.0 5050.0 -0.49889
2350.0 5050.0 -0.65172
2450.0 5050.0 -0.79852
2550.0 5050.0 -0.88760
2650.0 5050.0 -0.88068
2750.0 5050.0 -0.76743
2850.0 5050.0 -0.56848
2950.0 5050.0 -0.32732
3050.0 5050.0 -0.09077
3150.0 5050.0 0.12161
3250.0 5050.0 0.30833
3350.0 5050.0 0.41960
3450.0 5050.0 0.42486
3550.0 5050.0 0.32498
3650.0 5050.0 0.14807
3750.0 5050.0 -0.05806
3850.0 5050.0 -0.23685
3950.0 5050.0 -0.33736
4050.0 5050.0 -0.33200
4150.0 5050.0 -0.23770
4250.0 5050.0 -0.13296
4350.0 5050.0 -0.09572
4450.0 5050.0 -0.13962
4550.0 5050.0 -0.23502
4650.0 5050.0 -0.33364
4750.0 5050.0 -0.38757
4850.0 5050.0 -0.36252
4950.0 5050.0 -0.24537
5050.0 5050.0 -0.04603
5150.0 5050.0 0.20639
5250.0 5050.0 0.46769
5350.0 5050.0 0.64373
5450.0 5050.0 0.66232
5550.0 5050.0 0.51876
5650.0 5050.0 0.25760
5750.0 5050.0 -0.04677
5850.0 5050.0 -0.30974
5950.0 5050.0 -0.45633
6050.0 5050.0 -0.44112
6150.0 5050.0 -0.26849
6250.0 5050.0 -0.01249
6350.0 5050.0 0.20506
50.0 5150.0 -0.03937
150.0 5150.0 0.24366
250.0 5150.0 0.49799
350.0 5150.0 0.67772
450.0 5150.0 0.74395
550.0 5150.0 0.68350
650.0 5150.0 0.51679
750.0 5150.0 0.29504
850.0 5150.0 0.08682
950.0 5150.0 -0.04624
1050.0 5150.0 -0.08436
1150.0 5150.0 -0.07969
1250.0 5150.0 -0.05073
1350.0 5150.0 0.00794
1450.0 5150.0 0.08090
1550.0 5150.0 0.14505
1650.0 5150.0 0.17978
1750.0 5150.0 0.17338
1850.0 5150.0 0.12567
1950.0 5150.0 0.04680
2050.0 5150.0 -0.04758
2150.0 5150.0 -0.14655
2250.0 5150.0 -0.27893
2350.0 5150.0 -0.45928
2450.0 5150.0 -0.64835
2550.0 5150.0 -0.78946
2650.0 5150.0 -0.83681
2750.0 5150.0 -0.77214
2850.0 5150.0 -0.60969
2950.0 5150.0 -0.38959
3050.0 5150.0 -0.15956
3150.0 5150.0 0.05486
3250.0 5150.0 0.24755
3350.0 5150.0 0.37408
3450.0 5150.0 0.40581
3550.0 5150.0 0.34143
3650.0 5150.0 0.20437
3750.0 5150.0 0.03676
3850.0 5150.0 -0.11014
3950.0 5150.0 -0.18906
4050.0 5150.0 -0.17329
4150.0 5150.0 -0.07678
4250.0 5150.0 0.02558
4350.0 5150.0 0.04548
4450.0 5150.0 -0.03730
4550.0 5150.0 -0.19110
4650.0 5150.0 -0.35999
4750.0 5150.0 -0.48546
4850.0 5150.0 -0.52244
4950.0 5150.0 -0.44930
5050.0 5150.0 -0.27221
5150.0 5150.0 -0.02356
5250.0 5150.0 0.24163
5350.0 5150.0 0.42857
5450.0 5150.0 0.47094
5550.0 5150.0 0.36476
5650.0 5150.0 0.15128
5750.0 5150.0 -0.10105
5850.0 5150.0 -0.31461
5950.0 5150.0 -0.42084
6050.0 5150.0 -0.37847
6150.0 5150.0 -0.19187
6250.0 5150.0 0.07083
6350.0 5150.0 0.29105
50.0 5250.0 0.07007
150.0 5250.0 0.35359
250.0 5250.0 0.61332
350.0 5250.0 0.80536
450.0 5250.0 0.89032
550.0 5250.0 0.85270
650.0 5250.0 0.70961
750.0 5250.0 0.50880
850.0 5250.0 0.31592
950.0 5250.0 0.19124
1050.0 5250.0 0.15559
1150.0 5250.0 0.16082
1250.0 5250.0 0.19162
1350.0 5250.0 0.25432
1450.0 5250.0 0.33333
1550.0 5250.0 0.40481
1650.0 5250.0 0.44707
1750.0 5250.0 0.44730
1850.0 5250.0 0.40441
1950.0 5250.0 0.32815
2050.0 5250.0 0.23441
2150.0 5250.0 0.13488
2250.0 5250.0 -0.00470
2350.0 5250.0 -0.20713
2450.0 5250.0 -0.43475
2550.0 5250.0 -0.62723
2650.0 5250.0 -0.73179
2750.0 5250.0 -0.72178
2850.0 5250.0 -0.60367
2950.0 5250.0 -0.41234
3050.0 5250.0 -0.19488
3150.0 5250.0 0.01728
3250.0 5250.0 0.21199
3350.0 5250.0 0.35030
3450.0 5250.0 0.40608
3550.0 5250.0 0.37630
3650.0 5250.0 0.27983
3750.0 5250.0 0.15278
3850.0 5250.0 0.04037
3950.0 5250.0 -0.01471
4050.0 5250.0 0.01266
4150.0 5250.0 0.11141
4250.0 5250.0 0.21123
4350.0 5250.0 0.21452
4450.0 5250.0 0.09448
4550.0 5250.0 -0.11584
4650.0 5250.0 -0.35358
4750.0 5250.0 -0.55030
4850.0 5250.0 -0.65038
4950.0 5250.0 -0.62365
5050.0 5250.0 -0.47211
5150.0 5250.0 -0.23086
5250.0 5250.0 0.03462
5350.0 5250.0 0.22992
5450.0 5250.0 0.29515
5550.0 5250.0 0.22666
5650.0 5250.0 0.06149
5750.0 5250.0 -0.13880
5850.0 5250.0 -0.30437
5950.0 5250.0 -0.37346
6050.0 5250.0 -0.30887
6150.0 5250.0 -0.11445
6250.0 5250.0 0.14830
6350.0 5250.0 0.36464
50.0 5350.0 0.16372
150.0 5350.0 0.44085
250.0 5350.0 0.70005
350.0 5350.0 0.90115
450.0 5350.0 1.00582
550.0 5350.0 0.99687
650.0 5350.0 0.88743
750.0 5350.0 0.71984
850.0 5350.0 0.55427
950.0 5350.0 0.44723
1050.0 5350.0 0.41979
1150.0 5350.0 0.42968
1250.0 5350.0 0.46490
1350.0 5350.0 0.53087
1450.0 5350.0 0.61086
1550.0 5350.0 0.68029
1650.0 5350.0 0.71753
1750.0 5350.0 0.71066
1850.0 5350.0 0.66014
1950.0 5350.0 0.57736
2050.0 5350.0 0.47917
2150.0 5350.0 0.37649
2250.0 5350.0 0.23157
2350.0 5350.0 0.01781
2450.0 5350.0 -0.22912
2550.0 5350.0 -0.44882
2650.0 5350.0 -0.58640
2750.0 5350.0 -0.61157
2850.0 5350.0 -0.52645
2950.0 5350.0 -0.36208
3050.0 5350.0 -0.16376
3150.0 5350.0 0.03490
3250.0 5350.0 0.21915
3350.0 5350.0 0.35521
3450.0 5350.0 0.42048
3550.0 5350.0 0.41209
3650.0 5350.0 0.34597
3750.0 5350.0 0.25300
3850.0 5350.0 0.17207
3950.0 5350.0 0.14002
4050.0 5350.0 0.17869
4150.0 5350.0 0.27875
4250.0 5350.0 0.37490
4350.0 5350.0 0.36090
4450.0 5350.0 0.20330
4550.0 5350.0 -0.06383
4650.0 5350.0 -0.37114
4750.0 5350.0 -0.64057
4850.0 5350.0 -0.80611
4950.0 5350.0 -0.82884
5050.0 5350.0 -0.70628
5150.0 5350.0 -0.47599
5250.0 5350.0 -0.21355
5350.0 5350.0 -0.01145
5450.0 5350.0 0.07795
5550.0 5350.0 0.05081
5650.0 5350.0 -0.06141
5750.0 5350.0 -0.20566
5850.0 5350.0 -0.32126
5950.0 5350.0 -0.35413
6050.0 5350.0 -0.27121
6150.0 5350.0 -0.07520
6250.0 5350.0 0.18032
6350.0 5350.0 0.38578
50.0 5450.0 0.22208
150.0 5450.0 0.48001
250.0 5450.0 0.72630
350.0 5450.0 0.92721
450.0 5450.0 1.04847
550.0 5450.0 1.07297
650.0 5450.0 1.00948
750.0 5450.0 0.89234
850.0 5450.0 0.77223
950.0 5450.0 0.69786
1050.0 5450.0 0.68868
1150.0 5450.0 0.71089
1250.0 5450.0 0.75604
1350.0 5450.0 0.82581
1450.0 5450.0 0.90039
1550.0 5450.0 0.95415
1650.0 5450.0 0.96705
1750.0 5450.0 0.93122
1850.0 5450.0 0.85260
1950.0 5450.0 0.74782
2050.0 5450.0 0.63616
2150.0 5450.0 0.52537
2250.0 5450.0 0.37823
2350.0 5450.0 0.17253
2450.0 5450.0 -0.05881
2550.0 5450.0 -0.26172
2650.0 5450.0 -0.38813
2750.0 5450.0 -0.41280
2850.0 5450.0 -0.33982
2950.0 5450.0 -0.19896
3050.0 5450.0 -0.03170
3150.0 5450.0 0.13298
3250.0 5450.0 0.28408
3350.0 5450.0 0.39258
3450.0 5450.0 0.44136
3550.0 5450.0 0.43099
3650.0 5450.0 0.37742
3750.0 5450.0 0.30761
3850.0 5450.0 0.25341
3950.0 5450.0 0.24342
4050.0 5450.0 0.29309
4150.0 5450.0 0.39281
4250.0 5450.0 0.48355
4350.0 5450.0 0.45329
4450.0 5450.0 0.26279
4550.0 5450.0 -0.05374
4650.0 5450.0 -0.42228
4750.0 5450.0 -0.75709
4850.0 5450.0 -0.98342
4950.0 5450.0 -1.05459
5050.0 5450.0 -0.96367
5150.0 5450.0 -0.74965
5250.0 5450.0 -0.49631
5350.0 5450.0 -0.29115
5450.0 5450.0 -0.17780
5550.0 5450.0 -0.16123
5650.0 5450.0 -0.21757
5750.0 5450.0 -0.30443
5850.0 5450.0 -0.37196
5950.0 5450.0 -0.37446
6050.0 5450.0 -0.28280
6150.0 5450.0 -0.09737
6250.0 5450.0 0.13777
6350.0 5450.0 0.32036
50.0 5550.0 0.23424
150.0 5550.0 0.45944
250.0 5550.0 0.67784
350.0 5550.0 0.86416
450.0 5550.0 0.99152
550.0 5550.0 1.04559
650.0 5550.0 1.03169
750.0 5550.0 0.97488
850.0 5550.0 0.91322
950.0 5550.0 0.88391
1050.0 5550.0 0.90254
1150.0 5550.0 0.94502
1250.0 5550.0 1.00686
1350.0 5550.0 1.08382
1450.0 5550.0 1.15097
1550.0 5550.0 1.18081
1650.0 5550.0 1.15568
1750.0 5550.0 1.07402
1850.0 5550.0 0.95057
1950.0 5550.0 0.81042
2050.0 5550.0 0.67687
2150.0 5550.0 0.55292
2250.0 5550.0 0.40672
2350.0 5550.0 0.22872
2450.0 5550.0 0.04843
2550.0 5550.0 -0.09306
2650.0 5550.0 -0.16357
2750.0 5550.0 -0.15165
2850.0 5550.0 -0.06984
2950.0 5550.0 0.05077
3050.0 5550.0 0.17464
3150.0 5550.0 0.28435
3250.0 5550.0 0.37912
3350.0 5550.0 0.43462
3450.0 5550.0 0.44116
3550.0 5550.0 0.40619
3650.0 5550.0 0.34844
3750.0 5550.0 0.29210
3850.0 5550.0 0.26104
3950.0 5550.0 0.27298
4050.0 5550.0 0.33377
4150.0 5550.0 0.43156
4250.0 5550.0 0.51560
4350.0 5550.0 0.47365
4450.0 5550.0 0.26291
4550.0 5550.0 -0.08350
4650.0 5550.0 -0.49015
4750.0 5550.0 -0.86778
4850.0 5550.0 -1.13681
4950.0 5550.0 -1.24559
5050.0 5550.0 -1.18364
5150.0 5550.0 -0.98984
5250.0 5550.0 -0.75186
5350.0 5550.0 -0.54898
5450.0 5550.0 -0.41588
5550.0 5550.0 -0.35973
5650.0 5550.0 -0.36557
5750.0 5550.0 -0.40273
5850.0 5550.0 -0.43248
5950.0 5550.0 -0.41712
6050.0 5550.0 -0.33046
6150.0 5550.0 -0.16953
6250.0 5550.0 0.03166
6350.0 5550.0 0.17988
50.0 5650.0 0.20084
150.0 5650.0 0.38311
250.0 5650.0 0.56003
350.0 5650.0 0.71532
450.0 5650.0 0.83225
550.0 5650.0 0.90235
650.0 5650.0 0.92967
750.0 5650.0 0.93070
850.0 5650.0 0.92992
950.0 5650.0 0.95093
1050.0 5650.0 1.00330
1150.0 5650.0 1.07190
1250.0 5650.0 1.15667
1350.0 5650.0 1.24672
1450.0 5650.0 1.31056
1550.0 5650.0 1.31760
1650.0 5650.0 1.25204
1750.0 5650.0 1.11924
1850.0 5650.0 0.94414
1950.0 5650.0 0.76205
2050.0 5650.0 0.60161
2150.0 5650.0 0.46092
2250.0 5650.0 0.31786
2350.0 5650.0 0.18145
2450.0 5650.0 0.07725
2550.0 5650.0 0.02869
2650.0 5650.0 0.04564
2750.0 5650.0 0.11947
2850.0 5650.0 0.22468
2950.0 5650.0 0.32709
3050.0 5650.0 0.39856
3150.0 5650.0 0.43817
3250.0 5650.0 0.46008
3350.0 5650.0 0.44482
3450.0 5650.0 0.39175
3550.0 5650.0 0.31750
3650.0 5650.0 0.24540
3750.0 5650.0 0.19741
3850.0 5650.0 0.18848
3950.0 5650.0 0.22336
4050.0 5650.0 0.29588
4150.0 5650.0 0.39069
4250.0 5650.0 0.46775
4350.0 5650.0 0.42170
4450.0 5650.0 0.20949
4550.0 5650.0 -0.13808
4650.0 5650.0 -0.54832
4750.0 5650.0 -0.93405
4850.0 5650.0 -1.21640
4950.0 5650.0 -1.34297
5050.0 5650.0 -1.30150
5150.0 5650.0 -1.12888
5250.0 5650.0 -0.91089
5350.0 5650.0 -0.71592
5450.0 5650.0 -0.57098
5550.0 5650.0 -0.48626
5650.0 5650.0 -0.45581
5750.0 5650.0 -0.45990
5850.0 5650.0 -0.46955
5950.0 5650.0 -0.45334
6050.0 5650.0 -0.38639
6150.0 5650.0 -0.26173
6250.0 5650.0 -0.10437
6350.0 5650.0 0.00223
50.0 5750.0 0.13414
150.0 5750.0 0.26914
250.0 5750.0 0.39583
350.0 5750.0 0.50585
450.0 5750.0 0.59402
550.0 5750.0 0.66039
650.0 5750.0 0.71070
750.0 5750.0 0.75536
850.0 5750.0 0.80673
950.0 5750.0 0.87488
1050.0 5750.0 0.96178
1150.0 5750.0 1.05875
1250.0 5750.0 1.17059
1350.0 5750.0 1.28065
1450.0 5750.0 1.35040
1550.0 5750.0 1.34476
1650.0 5750.0 1.24831
1750.0 5750.0 1.07194
1850.0 5750.0 0.84999
1950.0 5750.0 0.62788
2050.0 5750.0 0.44020
2150.0 5750.0 0.28158
2250.0 5750.0 0.14231
2350.0 5750.0 0.05209
2450.0 5750.0 0.03230
2550.0 5750.0 0.08709
2650.0 5750.0 0.20183
2750.0 5750.0 0.34574
2850.0 5750.0 0.47885
2950.0 5750.0 0.56332
3050.0 5750.0 0.57899
3150.0 5750.0 0.54308
3250.0 5750.0 0.48643
3350.0 5750.0 0.39489
3450.0 5750.0 0.27759
3550.0 5750.0 0.16106
3650.0 5750.0 0.07358
3750.0 5750.0 0.03469
3850.0 5750.0 0.04971
3950.0 5750.0 0.10937
4050.0 5750.0 0.19457
4150.0 5750.0 0.28616
4250.0 5750.0 0.35702
4350.0 5750.0 0.31553
4450.0 5750.0 0.12197
4550.0 5750.0 -0.19615
4650.0 5750.0 -0.57289
4750.0 5750.0 -0.92869
4850.0 5750.0 -1.19117
4950.0 5750.0 -1.31182
5050.0 5750.0 -1.27867
5150.0 5750.0 -1.12498
5250.0 5750.0 -0.92874
5350.0 5750.0 -0.74622
5450.0 5750.0 -0.59905
5550.0 5750.0 -0.50083
5650.0 5750.0 -0.45345
5750.0 5750.0 -0.44583
5850.0 5750.0 -0.45596
5950.0 5750.0 -0.45602
6050.0 5750.0 -0.42074
6150.0 5750.0 -0.33900
6250.0 5750.0 -0.22912
6350.0 5750.0 -0.16532
50.0 5850.0 0.05547
150.0 5850.0 0.14587
250.0 5850.0 0.22075
350.0 5850.0 0.27741
450.0 5850.0 0.32191
550.0 5850.0 0.36432
650.0 5850.0 0.41497
750.0 5850.0 0.48171
850.0 5850.0 0.56813
950.0 5850.0 0.67288
1050.0 5850.0 0.78991
1150.0 5850.0 0.91337
1250.0 5850.0 1.05317
1350.0 5850.0 1.18922
1450.0 5850.0 1.27640
1550.0 5850.0 1.27415
1650.0 5850.0 1.16523
1750.0 5850.0 0.96325
1850.0 5850.0 0.70920
1950.0 5850.0 0.45666
2050.0 5850.0 0.24606
2150.0 5850.0 0.07094
2250.0 5850.0 -0.06553
2350.0 5850.0 -0.11529
2450.0 5850.0 -0.06100
2550.0 5850.0 0.08408
2650.0 5850.0 0.28338
2750.0 5850.0 0.48651
2850.0 5850.0 0.64094
2950.0 5850.0 0.70596
3050.0 5850.0 0.66885
3150.0 5850.0 0.56299
3250.0 5850.0 0.43421
3350.0 5850.0 0.27432
3450.0 5850.0 0.10189
3550.0 5850.0 -0.04772
3650.0 5850.0 -0.14243
3750.0 5850.0 -0.16598
3850.0 5850.0 -0.12297
3950.0 5850.0 -0.03636
4050.0 5850.0 0.06253
4150.0 5850.0 0.15154
4250.0 5850.0 0.21779
4350.0 5850.0 0.18813
4450.0 5850.0 0.02893
4550.0 5850.0 -0.23599
4650.0 5850.0 -0.55011
4750.0 5850.0 -0.84553
4850.0 5850.0 -1.06068
4950.0 5850.0 -1.15458
5050.0 5850.0 -1.11747
5150.0 5850.0 -0.97796
5250.0 5850.0 -0.80201
5350.0 5850.0 -0.63409
5450.0 5850.0 -0.49321
5550.0 5850.0 -0.39627
5650.0 5850.0 -0.35085
5750.0 5850.0 -0.35142
5850.0 5850.0 -0.37957
5950.0 5850.0 -0.40832
6050.0 5850.0 -0.41057
6150.0 5850.0 -0.37152
6250.0 5850.0 -0.30571
6350.0 5850.0 -0.27965
50.0 5950.0 -0.00972
150.0 5950.0 0.04510
250.0 5950.0 0.07448
350.0 5950.0 0.07836
450.0 5950.0 0.07215
550.0 5950.0 0.07581
650.0 5950.0 0.10617
750.0 5950.0 0.17211
850.0 5950.0 0.27285
950.0 5950.0 0.39919
1050.0 5950.0 0.53787
1150.0 5950.0 0.68224
1250.0 5950.0 0.84734
1350.0 5950.0 1.01261
1450.0 5950.0 1.12779
1550.0 5950.0 1.14642
1650.0 5950.0 1.04721
1750.0 5950.0 0.84306
1850.0 5950.0 0.57758
1950.0 5950.0 0.30936
2050.0 5950.0 0.08365
2150.0 5950.0 -0.10420
2250.0 5950.0 -0.24029
2350.0 5950.0 -0.26431
2450.0 5950.0 -0.16243
2550.0 5950.0 0.03952
2650.0 5950.0 0.28977
2750.0 5950.0 0.52486
2850.0 5950.0 0.68453
2950.0 5950.0 0.72720
3050.0 5950.0 0.64605
3150.0 5950.0 0.48548
3250.0 5950.0 0.30163
3350.0 5950.0 0.09286
3450.0 5950.0 -0.11414
3550.0 5950.0 -0.27774
3650.0 5950.0 -0.36446
3750.0 5950.0 -0.36259
3850.0 5950.0 -0.28641
3950.0 5950.0 -0.17100
4050.0 5950.0 -0.05766
4150.0 5950.0 0.03011
4250.0 5950.0 0.09371
4350.0 5950.0 0.07959
4450.0 5950.0 -0.03864
4550.0 5950.0 -0.24056
4650.0 5950.0 -0.47964
4750.0 5950.0 -0.70084
4850.0 5950.0 -0.85507
4950.0 5950.0 -0.91045
5050.0 5950.0 -0.86054
5150.0 5950.0 -0.72929
5250.0 5950.0 -0.56922
5350.0 5950.0 -0.41500
5450.0 5950.0 -0.28536
5550.0 5950.0 -0.19984
5650.0 5950.0 -0.16933
5750.0 5950.0 -0.19069
5850.0 5950.0 -0.24616
5950.0 5950.0 -0.30758
6050.0 5950.0 -0.34524
6150.0 5950.0 -0.34165
6250.0 5950.0 -0.31021
6350.0 5950.0 -0.31190
50.0 6050.0 -0.03942
150.0 6050.0 -0.00703
250.0 6050.0 -0.01064
350.0 6050.0 -0.05041
450.0 6050.0 -0.10472
550.0 6050.0 -0.14541
650.0 6050.0 -0.14869
750.0 6050.0 -0.10190
850.0 6050.0 -0.00597
950.0 6050.0 0.12630
1050.0 6050.0 0.27622
1150.0 6050.0 0.43363
1250.0 6050.0 0.61845
1350.0 6050.0 0.81262
1450.0 6050.0 0.96274
1550.0 6050.0 1.01670
1650.0 6050.0 0.94756
1750.0 6050.0 0.76415
1850.0 6050.0 0.50864
1950.0 6050.0 0.24083
2050.0 6050.0 0.00938
2150.0 6050.0 -0.18610
2250.0 6050.0 -0.32505
2350.0 6050.0 -0.34325
2450.0 6050.0 -0.22971
2550.0 6050.0 -0.01617
2650.0 6050.0 0.23956
2750.0 6050.0 0.46988
2850.0 6050.0 0.61333
2950.0 6050.0 0.63008
3050.0 6050.0 0.51714
3150.0 6050.0 0.32290
3250.0 6050.0 0.10734
3350.0 6050.0 -0.12428
3450.0 6050.0 -0.33903
3550.0 6050.0 -0.49251
3650.0 6050.0 -0.55282
3750.0 6050.0 -0.51418
3850.0 6050.0 -0.39984
3950.0 6050.0 -0.25456
4050.0 6050.0 -0.12642
4150.0 6050.0 -0.03820
4250.0 6050.0 0.02459
4350.0 6050.0 0.02522
4450.0 6050.0 -0.05620
4550.0 6050.0 -0.20176
4650.0 6050.0 -0.37322
4750.0 6050.0 -0.52655
4850.0 6050.0 -0.62357
4950.0 6050.0 -0.64071
5050.0 6050.0 -0.57485
5150.0 6050.0 -0.44626
5250.0 6050.0 -0.29586
5350.0 6050.0 -0.15161
5450.0 6050.0 -0.03330
5550.0 6050.0 0.03784
5650.0 6050.0 0.04977
5750.0 6050.0 0.00552
5850.0 6050.0 -0.07602
5950.0 6050.0 -0.16459
6050.0 6050.0 -0.22813
6150.0 6050.0 -0.24761
6250.0 6050.0 -0.23702
6350.0 6050.0 -0.25404
50.0 6150.0 -0.02509
150.0 6150.0 -0.00205
250.0 6150.0 -0.02429
350.0 6150.0 -0.09412
450.0 6150.0 -0.18696
550.0 6150.0 -0.26899
650.0 6150.0 -0.31022
750.0 6150.0 -0.29282
850.0 6150.0 -0.21477
950.0 6150.0 -0.08887
1050.0 6150.0 0.06296
1150.0 6150.0 0.22569
1250.0 6150.0 0.42375
1350.0 6150.0 0.64378
1450.0 6150.0 0.83118
1550.0 6150.0 0.92897
1650.0 6150.0 0.90371
1750.0 6150.0 0.75790
1850.0 6150.0 0.52895
1950.0 6150.0 0.27477
2050.0 6150.0 0.04580
2150.0 6150.0 -0.15240
2250.0 6150.0 -0.29726
2350.0 6150.0 -0.32876
2450.0 6150.0 -0.23800
2550.0 6150.0 -0.05626
2650.0 6150.0 0.16144
2750.0 6150.0 0.35193
2850.0 6150.0 0.45875
2950.0 6150.0 0.44638
3050.0 6150.0 0.31362
3150.0 6150.0 0.10612
3250.0 6150.0 -0.11867
3350.0 6150.0 -0.34835
3450.0 6150.0 -0.54581
3550.0 6150.0 -0.66706
3650.0 6150.0 -0.68459
3750.0 6150.0 -0.59964
3850.0 6150.0 -0.44356
3950.0 6150.0 -0.26821
4050.0 6150.0 -0.12535
4150.0 6150.0 -0.03512
4250.0 6150.0 0.02814
4350.0 6150.0 0.03938
4450.0 6150.0 -0.01685
4550.0 6150.0 -0.12401
4650.0 6150.0 -0.24906
4750.0 6150.0 -0.35515
4850.0 6150.0 -0.41140
4950.0 6150.0 -0.39999
5050.0 6150.0 -0.32032
5150.0 6150.0 -0.19043
5250.0 6150.0 -0.04362
5350.0 6150.0 0.09571
5450.0 6150.0 0.20644
5550.0 6150.0 0.26666
5650.0 6150.0 0.26452
5750.0 6150.0 0.20407
5850.0 6150.0 0.10576
5950.0 6150.0 0.00164
6050.0 6150.0 -0.07477
6150.0 6150.0 -0.10393
6250.0 6150.0 -0.10101
6350.0 6150.0 -0.12213
50.0 6250.0 0.01670
150.0 6250.0 0.03752
250.0 6250.0 0.00511
350.0 6250.0 -0.08579
450.0 6250.0 -0.20941
550.0 6250.0 -0.32802
650.0 6250.0 -0.40630
750.0 6250.0 -0.42097
850.0 6250.0 -0.36580
950.0 6250.0 -0.25181
1050.0 6250.0 -0.10284
1150.0 6250.0 0.06100
1250.0 6250.0 0.26834
1350.0 6250.0 0.51139
1450.0 6250.0 0.73543
1550.0 6250.0 0.87927
1650.0 6250.0 0.90289
1750.0 6250.0 0.80156
1850.0 6250.0 0.60651
1950.0 6250.0 0.37216
2050.0 6250.0 0.14990
2150.0 6250.0 -0.04828
2250.0 6250.0 -0.20058
2350.0 6250.0 -0.25547
2450.0 6250.0 -0.20582
2550.0 6250.0 -0.07896
2650.0 6250.0 0.07759
2750.0 6250.0 0.20964
2850.0 6250.0 0.26911
2950.0 6250.0 0.22610
3050.0 6250.0 0.08011
3150.0 6250.0 -0.12955
3250.0 6250.0 -0.35135
3350.0 6250.0 -0.56577
3450.0 6250.0 -0.73258
3550.0 6250.0 -0.81005
3650.0 6250.0 -0.77646
3750.0 6250.0 -0.64060
3850.0 6250.0 -0.44137
3950.0 6250.0 -0.23628
4050.0 6250.0 -0.07903
4150.0 6250.0 0.01391
4250.0 6250.0 0.07806
4350.0 6250.0 0.09631
4450.0 6250.0 0.05611
4550.0 6250.0 -0.02663
4650.0 6250.0 -0.12190
4750.0 6250.0 -0.19718
4850.0 6250.0 -0.22619
4950.0 6250.0 -0.19484
5050.0 6250.0 -0.10433
5150.0 6250.0 0.02851
5250.0 6250.0 0.17509
5350.0 6250.0 0.31276
5450.0 6250.0 0.41931
5550.0 6250.0 0.47271
5650.0 6250.0 0.46180
5750.0 6250.0 0.39178
5850.0 6250.0 0.28446
5950.0 6250.0 0.17314
6050.0 6250.0 0.09212
6150.0 6250.0 0.06091
6250.0 6250.0 0.06321
6350.0 6250.0 0.04370
50.0 6350.0 0.07287
150.0 6350.0 0.09020
250.0 6350.0 0.04731
350.0 6350.0 -0.06377
450.0 6350.0 -0.21629
550.0 6350.0 -0.36910
650.0 6350.0 -0.48215
750.0 6350.0 -0.52733
850.0 6350.0 -0.49459
950.0 6350.0 -0.39328
1050.0 6350.0 -0.24888
1150.0 6350.0 -0.08627
1250.0 6350.0 0.12534
1350.0 6350.0 0.38275
1450.0 6350.0 0.63226
1550.0 6350.0 0.81068
1650.0 6350.0 0.87365
1750.0 6350.0 0.81084
1850.0 6350.0 0.64797
1950.0 6350.0 0.43557
2050.0 6350.0 0.22466
2150.0 6350.0 0.03196
2250.0 6350.0 -0.12362
2350.0 6350.0 -0.20060
2450.0 6350.0 -0.19340
2550.0 6350.0 -0.12427
2650.0 6350.0 -0.03167
2750.0 6350.0 0.04070
2850.0 6350.0 0.05422
2950.0 6350.0 -0.01500
3050.0 6350.0 -0.16715
3150.0 6350.0 -0.37046
3250.0 6350.0 -0.57997
3350.0 6350.0 -0.76867
3450.0 6350.0 -0.89457
3550.0 6350.0 -0.92022
3650.0 6350.0 -0.83133
3750.0 6350.0 -0.64481
3850.0 6350.0 -0.40632
3950.0 6350.0 -0.17724
4050.0 6350.0 -0.01115
4150.0 6350.0 0.08029
4250.0 6350.0 0.14131
4350.0 6350.0 0.16116
4450.0 6350.0 0.13023
4550.0 6350.0 0.06495
4650.0 6350.0 -0.00635
4750.0 6350.0 -0.05446
4850.0 6350.0 -0.05731
4950.0 6350.0 -0.00486
5050.0 6350.0 0.09898
5150.0 6350.0 0.23764
5250.0 6350.0 0.38675
5350.0 6350.0 0.52480
5450.0 6350.0 0.62756
5550.0 6350.0 0.67242
5650.0 6350.0 0.64895
5750.0 6350.0 0.56410
5850.0 6350.0 0.44205
5950.0 6350.0 0.31848
6050.0 6350.0 0.22944
6150.0 6350.0 0.19479
6250.0 6350.0 0.19634
6350.0 6350.0 0.17897
