50.0 50.0 0.00000
150.0 50.0 -0.21374
250.0 50.0 -0.37725
350.0 50.0 -0.46082
450.0 50.0 -0.45513
550.0 50.0 -0.36829
650.0 50.0 -0.22237
750.0 50.0 -0.04907
850.0 50.0 0.11510
950.0 50.0 0.23446
1050.0 50.0 0.28039
1150.0 50.0 0.23829
1250.0 50.0 0.11515
1350.0 50.0 -0.05220
1450.0 50.0 -0.20184
1550.0 50.0 -0.28823
1650.0 50.0 -0.29368
1750.0 50.0 -0.22214
1850.0 50.0 -0.09311
1950.0 50.0 0.06422
2050.0 50.0 0.21646
2150.0 50.0 0.33127
2250.0 50.0 0.38233
2350.0 50.0 0.35391
2450.0 50.0 0.24533
2550.0 50.0 0.07492
2650.0 50.0 -0.11721
2750.0 50.0 -0.28722
2850.0 50.0 -0.40614
2950.0 50.0 -0.45756
3050.0 50.0 -0.43793
3150.0 50.0 -0.35585
3250.0 50.0 -0.23037
3350.0 50.0 -0.08804
3450.0 50.0 0.04096
3550.0 50.0 0.12794
3650.0 50.0 0.15186
3750.0 50.0 0.10657
3850.0 50.0 0.00918
3950.0 50.0 -0.09066
4050.0 50.0 -0.13115
4150.0 50.0 -0.08690
4250.0 50.0 0.03458
4350.0 50.0 0.20539
4450.0 50.0 0.38789
4550.0 50.0 0.54341
4650.0 50.0 0.63916
4750.0 50.0 0.65308
4850.0 50.0 0.57693
4950.0 50.0 0.41741
5050.0 50.0 0.19541
5150.0 50.0 -0.05695
5250.0 50.0 -0.33351
5350.0 50.0 -0.65902
5450.0 50.0 -1.00925
5550.0 50.0 -1.33029
5650.0 50.0 -1.56365
5750.0 50.0 -1.66455
5850.0 50.0 -1.61327
5950.0 50.0 -1.41968
6050.0 50.0 -1.12085
6150.0 50.0 -0.77177
6250.0 50.0 -0.42924
6350.0 50.0 -0.12881
50.0 150.0 0.01303
150.0 150.0 -0.19913
250.0 150.0 -0.35842
350.0 150.0 -0.43391
450.0 150.0 -0.41621
550.0 150.0 -0.31424
650.0 150.0 -0.15142
750.0 150.0 0.03890
850.0 150.0 0.21860
950.0 150.0 0.35061
1050.0 150.0 0.40541
1150.0 150.0 0.36814
1250.0 150.0 0.24644
1350.0 150.0 0.07876
1450.0 150.0 -0.07262
1550.0 150.0 -0.16436
1650.0 150.0 -0.17977
1750.0 150.0 -0.12258
1850.0 150.0 -0.01116
1950.0 150.0 0.12697
2050.0 150.0 0.26032
2150.0 150.0 0.35841
2250.0 150.0 0.39638
2350.0 150.0 0.35941
2450.0 150.0 0.24685
2550.0 150.0 0.07598
2650.0 150.0 -0.11532
2750.0 150.0 -0.28474
2850.0 150.0 -0.40358
2950.0 150.0 -0.45549
3050.0 150.0 -0.43677
3150.0 150.0 -0.35586
3250.0 150.0 -0.23152
3350.0 150.0 -0.09012
3450.0 150.0 0.03839
3550.0 150.0 0.12543
3650.0 150.0 0.14998
3750.0 150.0 0.10581
3850.0 150.0 0.00985
3950.0 150.0 -0.08744
4050.0 150.0 -0.11908
4150.0 150.0 -0.05603
4250.0 150.0 0.09478
4350.0 150.0 0.30374
4450.0 150.0 0.52994
4550.0 150.0 0.73056
4650.0 150.0 0.86844
4750.0 150.0 0.91767
4850.0 150.0 0.86723
4950.0 150.0 0.72277
5050.0 150.0 0.50644
5150.0 150.0 0.25449
5250.0 150.0 -0.02409
5350.0 150.0 -0.35763
5450.0 150.0 -0.72414
5550.0 150.0 -1.06981
5650.0 150.0 -1.33463
5750.0 150.0 -1.47109
5850.0 150.0 -1.45615
5950.0 150.0 -1.29618
6050.0 150.0 -1.02519
6150.0 150.0 -0.69606
6250.0 150.0 -0.36497
6350.0 150.0 -0.06898
50.0 250.0 0.06593
150.0 250.0 -0.13949
250.0 250.0 -0.29065
350.0 250.0 -0.35656
450.0 250.0 -0.32865
550.0 250.0 -0.21704
650.0 250.0 -0.04627
750.0 250.0 0.14950
850.0 250.0 0.33181
950.0 250.0 0.46383
1050.0 250.0 0.51669
1150.0 250.0 0.47649
1250.0 250.0 0.35171
1350.0 250.0 0.18114
1450.0 250.0 0.02491
1550.0 250.0 -0.07716
1650.0 250.0 -0.10940
1750.0 250.0 -0.07456
1850.0 250.0 0.01121
1950.0 250.0 0.12317
2050.0 250.0 0.23262
2150.0 250.0 0.31141
2250.0 250.0 0.33624
2350.0 250.0 0.29283
2450.0 250.0 0.17987
2550.0 250.0 0.01285
2650.0 250.0 -0.17319
2750.0 250.0 -0.33807
2850.0 250.0 -0.45368
2950.0 250.0 -0.50357
3050.0 250.0 -0.48354
3150.0 250.0 -0.40133
3250.0 250.0 -0.27503
3350.0 250.0 -0.13047
3450.0 250.0 0.00270
3550.0 250.0 0.09597
3650.0 250.0 0.12808
3750.0 250.0 0.09243
3850.0 250.0 0.00544
3950.0 250.0 -0.08162
4050.0 250.0 -0.09624
4150.0 250.0 -0.00604
4250.0 250.0 0.18184
4350.0 250.0 0.43518
4450.0 250.0 0.70908
4550.0 250.0 0.95627
4650.0 250.0 1.13546
4750.0 250.0 1.21748
4850.0 250.0 1.18952
4950.0 250.0 1.05716
5050.0 250.0 0.84450
5150.0 250.0 0.59181
5250.0 250.0 0.31064
5350.0 250.0 -0.03029
5450.0 250.0 -0.41126
5550.0 250.0 -0.77915
5650.0 250.0 -1.07321
5750.0 250.0 -1.24406
5850.0 250.0 -1.26587
5950.0 250.0 -1.14183
6050.0 250.0 -0.90280
6150.0 250.0 -0.59915
6250.0 250.0 -0.28591
6350.0 250.0 -0.00109
50.0 350.0 0.16616
150.0 350.0 -0.02469
250.0 350.0 -0.16152
350.0 350.0 -0.21499
450.0 350.0 -0.17865
550.0 350.0 -0.06447
650.0 350.0 0.10210
750.0 350.0 0.28720
850.0 350.0 0.45391
950.0 350.0 0.56790
1050.0 350.0 0.60330
1150.0 350.0 0.54885
1250.0 350.0 0.41431
1350.0 350.0 0.23697
1450.0 350.0 0.07138
1550.0 350.0 -0.04778
1650.0 350.0 -0.10573
1750.0 350.0 -0.10310
1850.0 350.0 -0.05232
1950.0 350.0 0.02605
2050.0 350.0 0.10717
2150.0 350.0 0.16566
2250.0 350.0 0.17961
2350.0 350.0 0.13454
2450.0 350.0 0.02747
2550.0 350.0 -0.12894
2650.0 350.0 -0.30302
2750.0 350.0 -0.45763
2850.0 350.0 -0.56603
2950.0 350.0 -0.61151
3050.0 350.0 -0.58875
3150.0 350.0 -0.50389
3250.0 350.0 -0.37347
3350.0 350.0 -0.22206
3450.0 350.0 -0.07858
3550.0 350.0 0.02857
3650.0 350.0 0.07770
3750.0 350.0 0.06127
3850.0 350.0 -0.00539
3950.0 350.0 -0.07070
4050.0 350.0 -0.05678
4150.0 350.0 0.07119
4250.0 350.0 0.30455
4350.0 350.0 0.60725
4450.0 350.0 0.92975
4550.0 350.0 1.22039
4650.0 350.0 1.43452
4750.0 350.0 1.54121
4850.0 350.0 1.52763
4950.0 350.0 1.40099
5050.0 350.0 1.18825
5150.0 350.0 0.93302
5250.0 350.0 0.64860
5350.0 350.0 0.30217
5450.0 350.0 -0.08857
5550.0 350.0 -0.47209
5650.0 350.0 -0.78836
5750.0 350.0 -0.98764
5850.0 350.0 -1.04265
5950.0 350.0 -0.95420
6050.0 350.0 -0.75024
6150.0 350.0 -0.47832
6250.0 350.0 -0.19150
6350.0 350.0 0.07230
50.0 450.0 0.29831
150.0 450.0 0.13036
250.0 450.0 0.01474
350.0 450.0 -0.02245
450.0 450.0 0.02169
550.0 450.0 0.13266
650.0 450.0 0.28417
750.0 450.0 0.44364
850.0 450.0 0.57742
950.0 450.0 0.65595
1050.0 450.0 0.65866
1150.0 450.0 0.57871
1250.0 450.0 0.42762
1350.0 450.0 0.23946
1450.0 450.0 0.06002
1550.0 450.0 -0.08231
1650.0 450.0 -0.17324
1750.0 450.0 -0.21012
1850.0 450.0 -0.20031
1950.0 450.0 -0.15899
2050.0 450.0 -0.10654
2150.0 450.0 -0.06547
2250.0 450.0 -0.05686
2350.0 450.0 -0.09639
2450.0 450.0 -0.18982
2550.0 450.0 -0.32815
2650.0 450.0 -0.48323
2750.0 450.0 -0.62192
2850.0 450.0 -0.71998
2950.0 450.0 -0.76047
3050.0 450.0 -0.73615
3150.0 450.0 -0.65045
3250.0 450.0 -0.51711
3350.0 450.0 -0.35836
3450.0 450.0 -0.20161
3550.0 450.0 -0.07479
3650.0 450.0 -0.00017
3750.0 450.0 0.01325
3850.0 450.0 -0.02126
3950.0 450.0 -0.05286
4050.0 450.0 0.00055
4150.0 450.0 0.17470
4250.0 450.0 0.45783
4350.0 450.0 0.80912
4450.0 450.0 1.17414
4550.0 450.0 1.49759
4650.0 450.0 1.73304
4750.0 450.0 1.84999
4850.0 450.0 1.83796
4950.0 450.0 1.70776
5050.0 450.0 1.48998
5150.0 450.0 1.23022
5250.0 450.0 0.94215
5350.0 450.0 0.59351
5450.0 450.0 0.20055
5550.0 450.0 -0.18771
5650.0 450.0 -0.51378
5750.0 450.0 -0.72961
5850.0 450.0 -0.80837
5950.0 450.0 -0.74992
6050.0 450.0 -0.58006
6150.0 450.0 -0.34348
6250.0 450.0 -0.09052
6350.0 450.0 0.14238
50.0 550.0 0.43580
150.0 550.0 0.29781
250.0 550.0 0.20962
350.0 550.0 0.19290
450.0 550.0 0.24587
550.0 550.0 0.35077
650.0 550.0 0.48040
750.0 550.0 0.60405
850.0 550.0 0.69258
950.0 550.0 0.72288
1050.0 550.0 0.68146
1150.0 550.0 0.56734
1250.0 550.0 0.39427
1350.0 550.0 0.19191
1450.0 550.0 -0.00482
1550.0 550.0 -0.17417
1650.0 550.0 -0.30167
1750.0 550.0 -0.38050
1850.0 550.0 -0.41202
1950.0 550.0 -0.40551
2050.0 550.0 -0.37681
2150.0 550.0 -0.34602
2250.0 550.0 -0.33430
2350.0 550.0 -0.35960
2450.0 550.0 -0.43151
2550.0 550.0 -0.54511
2650.0 550.0 -0.67528
2750.0 550.0 -0.79375
2850.0 550.0 -0.88013
2950.0 550.0 -0.91745
3050.0 550.0 -0.89578
3150.0 550.0 -0.81464
3250.0 550.0 -0.68356
3350.0 550.0 -0.52111
3450.0 550.0 -0.35217
3550.0 550.0 -0.20358
3650.0 550.0 -0.09811
3750.0 550.0 -0.04674
3850.0 550.0 -0.03930
3950.0 550.0 -0.02732
4050.0 550.0 0.07338
4150.0 550.0 0.29738
4250.0 550.0 0.62845
4350.0 550.0 1.02042
4450.0 550.0 1.41444
4550.0 550.0 1.75295
4650.0 550.0 1.98996
4750.0 550.0 2.09801
4850.0 550.0 2.07157
4950.0 550.0 1.92694
5050.0 550.0 1.69876
5150.0 550.0 1.43266
5250.0 550.0 1.14096
5350.0 550.0 0.79441
5450.0 550.0 0.40874
5550.0 550.0 0.02962
5650.0 550.0 -0.28977
5750.0 550.0 -0.50539
5850.0 550.0 -0.59312
5950.0 550.0 -0.55373
6050.0 550.0 -0.41207
6150.0 550.0 -0.21031
6250.0 550.0 0.00448
6350.0 550.0 0.19875
50.0 650.0 0.55007
150.0 650.0 0.44662
250.0 650.0 0.39036
350.0 650.0 0.39794
450.0 650.0 0.46231
550.0 650.0 0.56182
650.0 650.0 0.66810
750.0 650.0 0.75241
850.0 650.0 0.79064
950.0 650.0 0.76692
1050.0 650.0 0.67578
1150.0 650.0 0.52296
1250.0 650.0 0.32481
1350.0 650.0 0.10615
1450.0 650.0 -0.10966
1550.0 650.0 -0.30690
1650.0 650.0 -0.47019
1750.0 650.0 -0.58791
1850.0 650.0 -0.65524
1950.0 650.0 -0.67570
2050.0 650.0 -0.66118
2150.0 650.0 -0.63031
2250.0 650.0 -0.60540
2350.0 650.0 -0.60773
2450.0 650.0 -0.65142
2550.0 650.0 -0.73557
2650.0 650.0 -0.83710
2750.0 650.0 -0.93317
2850.0 650.0 -1.00865
2950.0 650.0 -1.04677
3050.0 650.0 -1.03442
3150.0 650.0 -0.96606
3250.0 650.0 -0.84571
3350.0 650.0 -0.68692
3450.0 650.0 -0.51088
3550.0 650.0 -0.34258
3650.0 650.0 -0.20504
3750.0 650.0 -0.11157
3850.0 650.0 -0.05615
3950.0 650.0 0.00543
4050.0 650.0 0.15662
4150.0 650.0 0.42866
4250.0 650.0 0.79976
4350.0 650.0 1.21840
4450.0 650.0 1.62240
4550.0 650.0 1.95381
4650.0 650.0 2.16954
4750.0 650.0 2.24782
4850.0 650.0 2.19040
4950.0 650.0 2.02063
5050.0 650.0 1.77717
5150.0 650.0 1.50343
5250.0 650.0 1.20856
5350.0 650.0 0.86874
5450.0 650.0 0.50027
5550.0 650.0 0.14499
5650.0 650.0 -0.14981
5750.0 650.0 -0.34621
5850.0 650.0 -0.42504
5950.0 650.0 -0.39001
6050.0 650.0 -0.26648
6150.0 650.0 -0.09482
6250.0 650.0 0.08142
6350.0 650.0 0.23288
50.0 750.0 0.61745
150.0 750.0 0.54992
250.0 750.0 0.52758
350.0 750.0 0.56235
450.0 750.0 0.64168
550.0 750.0 0.73979
650.0 750.0 0.82671
750.0 750.0 0.87527
850.0 750.0 0.86608
950.0 750.0 0.79033
1050.0 750.0 0.65055
1150.0 750.0 0.45931
1250.0 750.0 0.23580
1350.0 750.0 0.00031
1450.0 750.0 -0.23444
1550.0 750.0 -0.45740
1650.0 750.0 -0.65154
1750.0 750.0 -0.80033
1850.0 750.0 -0.89318
1950.0 750.0 -0.92872
2050.0 750.0 -0.91598
2150.0 750.0 -0.87332
2250.0 750.0 -0.82532
2350.0 750.0 -0.79742
2450.0 750.0 -0.80849
2550.0 750.0 -0.86121
2650.0 750.0 -0.93314
2750.0 750.0 -1.00705
2850.0 750.0 -1.07429
2950.0 750.0 -1.11864
3050.0 750.0 -1.12346
3150.0 750.0 -1.07744
3250.0 750.0 -0.97799
3350.0 750.0 -0.83252
3450.0 750.0 -0.65749
3550.0 750.0 -0.47525
3650.0 750.0 -0.30865
3750.0 750.0 -0.17350
3850.0 750.0 -0.06876
3950.0 750.0 0.04366
4050.0 750.0 0.24351
4150.0 750.0 0.55675
4250.0 750.0 0.95543
4350.0 750.0 1.38329
4450.0 750.0 1.77624
4550.0 750.0 2.07797
4650.0 750.0 2.25057
4750.0 750.0 2.28017
4850.0 750.0 2.17756
4950.0 750.0 1.97394
5050.0 750.0 1.71164
5150.0 750.0 1.42969
5250.0 750.0 1.13245
5350.0 750.0 0.80351
5450.0 750.0 0.46085
5550.0 750.0 0.14232
5650.0 750.0 -0.11171
5750.0 750.0 -0.27101
5850.0 750.0 -0.32321
5950.0 750.0 -0.27676
6050.0 750.0 -0.15901
6150.0 750.0 -0.00948
6250.0 750.0 0.13174
6350.0 750.0 0.24037
50.0 850.0 0.62361
150.0 850.0 0.58993
250.0 850.0 0.60072
350.0 850.0 0.66399
450.0 850.0 0.76222
550.0 850.0 0.86542
650.0 850.0 0.94155
750.0 850.0 0.96426
850.0 850.0 0.91780
950.0 850.0 0.79931
1050.0 850.0 0.61832
1150.0 850.0 0.39362
1250.0 850.0 0.14729
1350.0 850.0 -0.10386
1450.0 850.0 -0.35555
1550.0 850.0 -0.59950
1650.0 850.0 -0.81642
1750.0 850.0 -0.98524
1850.0 850.0 -1.09061
1950.0 850.0 -1.12762
2050.0 850.0 -1.10384
2150.0 850.0 -1.03862
2250.0 850.0 -0.95971
2350.0 850.0 -0.89713
2450.0 850.0 -0.87434
2550.0 850.0 -0.89668
2650.0 850.0 -0.94094
2750.0 850.0 -0.99532
2850.0 850.0 -1.05834
2950.0 850.0 -1.11469
3050.0 850.0 -1.14425
3150.0 850.0 -1.12956
3250.0 850.0 -1.06091
3350.0 850.0 -0.93885
3450.0 850.0 -0.77437
3550.0 850.0 -0.58647
3650.0 850.0 -0.39743
3750.0 850.0 -0.22544
3850.0 850.0 -0.07495
3950.0 850.0 0.08461
4050.0 850.0 0.32672
4150.0 850.0 0.67066
4250.0 850.0 1.08242
4350.0 850.0 1.50196
4450.0 850.0 1.86486
4550.0 850.0 2.11824
4650.0 850.0 2.23105
4750.0 850.0 2.19862
4850.0 850.0 2.04159
4950.0 850.0 1.79911
5050.0 850.0 1.51638
5150.0 850.0 1.22645
5250.0 850.0 0.92782
5350.0 850.0 0.61265
5450.0 850.0 0.30145
5550.0 850.0 0.02835
5650.0 850.0 -0.17352
5750.0 850.0 -0.28237
5850.0 850.0 -0.29374
5950.0 850.0 -0.22205
6050.0 850.0 -0.09786
6150.0 850.0 0.03922
6250.0 850.0 0.15210
6350.0 850.0 0.22198
50.0 950.0 0.56560
150.0 950.0 0.56058
250.0 950.0 0.60095
350.0 950.0 0.69226
450.0 950.0 0.81289
550.0 950.0 0.92896
650.0 950.0 1.00598
750.0 950.0 1.01730
850.0 950.0 0.94923
950.0 950.0 0.80298
1050.0 950.0 0.59331
1150.0 950.0 0.34396
1250.0 950.0 0.07975
1350.0 950.0 -0.18442
1450.0 950.0 -0.44951
1550.0 950.0 -0.70798
1650.0 950.0 -0.93793
1750.0 950.0 -1.11456
1850.0 950.0 -1.21917
1950.0 950.0 -1.24488
2050.0 950.0 -1.19927
2150.0 950.0 -1.10375
2250.0 950.0 -0.98975
2350.0 950.0 -0.89181
2450.0 950.0 -0.83734
2550.0 950.0 -0.83329
2650.0 950.0 -0.85444
2750.0 950.0 -0.89381
2850.0 950.0 -0.95725
2950.0 950.0 -1.03067
3050.0 950.0 -1.09074
3150.0 950.0 -1.11411
3250.0 950.0 -1.08398
3350.0 950.0 -0.99393
3450.0 950.0 -0.84914
3550.0 950.0 -0.66490
3650.0 950.0 -0.46243
3750.0 950.0 -0.26205
3850.0 950.0 -0.07368
3950.0 950.0 0.12493
4050.0 950.0 0.39939
4150.0 950.0 0.76184
4250.0 950.0 1.17282
4350.0 950.0 1.56981
4450.0 950.0 1.88941
4550.0 950.0 2.08336
4650.0 950.0 2.12820
4750.0 950.0 2.02869
4850.0 950.0 1.81494
4950.0 950.0 1.53328
5050.0 950.0 1.23087
5150.0 950.0 0.93399
5250.0 950.0 0.63495
5350.0 950.0 0.33458
5450.0 950.0 0.05638
5550.0 950.0 -0.16862
5650.0 950.0 -0.31404
5750.0 950.0 -0.36633
5850.0 950.0 -0.32900
5950.0 950.0 -0.22291
6050.0 950.0 -0.08254
6150.0 950.0 0.05164
6250.0 950.0 0.14483
6350.0 950.0 0.18349
50.0 1050.0 0.45151
150.0 1050.0 0.46770
250.0 1050.0 0.53193
350.0 1050.0 0.64901
450.0 1050.0 0.79452
550.0 1050.0 0.93125
650.0 1050.0 1.02195
750.0 1050.0 1.03849
850.0 1050.0 0.96736
950.0 1050.0 0.81155
1050.0 1050.0 0.58876
1150.0 1050.0 0.32596
1250.0 1050.0 0.05041
1350.0 1050.0 -0.22304
1450.0 1050.0 -0.49706
1550.0 1050.0 -0.76293
1650.0 1050.0 -0.99616
1750.0 1050.0 -1.16931
1850.0 1050.0 -1.26188
1950.0 1050.0 -1.26661
2050.0 1050.0 -1.19232
2150.0 1050.0 -1.06316
2250.0 1050.0 -0.91432
2350.0 1050.0 -0.78428
2450.0 1050.0 -0.70345
2550.0 1050.0 -0.67931
2650.0 1050.0 -0.68377
2750.0 1050.0 -0.71382
2850.0 1050.0 -0.78215
2950.0 1050.0 -0.87607
3050.0 1050.0 -0.96963
3150.0 1050.0 -1.03430
3250.0 1050.0 -1.04687
3350.0 1050.0 -0.99440
3450.0 1050.0 -0.87649
3550.0 1050.0 -0.70461
3650.0 1050.0 -0.49864
3750.0 1050.0 -0.28053
3850.0 1050.0 -0.06523
3950.0 1050.0 0.16132
4050.0 1050.0 0.45640
4150.0 1050.0 0.82549
4250.0 1050.0 1.22492
4350.0 1050.0 1.59093
4450.0 1050.0 1.86214
4550.0 1050.0 1.99525
4650.0 1050.0 1.97404
4750.0 1050.0 1.81168
4850.0 1050.0 1.54634
4950.0 1050.0 1.23007
5050.0 1050.0 0.91097
5150.0 1050.0 0.60880
5250.0 1050.0 0.31016
5350.0 1050.0 0.02355
5450.0 1050.0 -0.22455
5550.0 1050.0 -0.40537
5650.0 1050.0 -0.49805
5750.0 1050.0 -0.49606
5850.0 1050.0 -0.41000
5950.0 1050.0 -0.26670
6050.0 1050.0 -0.10461
6150.0 1050.0 0.03442
6250.0 1050.0 0.11708
6350.0 1050.0 0.13423
50.0 1150.0 0.29776
150.0 1150.0 0.32677
250.0 1150.0 0.40806
350.0 1150.0 0.54738
450.0 1150.0 0.71893
550.0 1150.0 0.88285
650.0 1150.0 0.99899
750.0 1150.0 1.03669
850.0 1150.0 0.98078
950.0 1150.0 0.83366
1050.0 1150.0 0.61357
1150.0 1150.0 0.34897
1250.0 1150.0 0.06904
1350.0 1150.0 -0.20960
1450.0 1150.0 -0.48790
1550.0 1150.0 -0.75460
1650.0 1150.0 -0.98291
1750.0 1150.0 -1.14393
1850.0 1150.0 -1.21681
1950.0 1150.0 -1.19525
2050.0 1150.0 -1.09016
2150.0 1150.0 -0.92864
2250.0 1150.0 -0.74924
2350.0 1150.0 -0.59348
2450.0 1150.0 -0.49365
2550.0 1150.0 -0.45682
2650.0 1150.0 -0.45169
2750.0 1150.0 -0.47830
2850.0 1150.0 -0.55512
2950.0 1150.0 -0.67093
3050.0 1150.0 -0.79789
3150.0 1150.0 -0.90338
3250.0 1150.0 -0.95886
3350.0 1150.0 -0.94588
3450.0 1150.0 -0.85908
3550.0 1150.0 -0.70636
3650.0 1150.0 -0.50605
3750.0 1150.0 -0.28121
3850.0 1150.0 -0.05098
3950.0 1150.0 0.19136
4050.0 1150.0 0.49551
4150.0 1150.0 0.86162
4250.0 1150.0 1.24326
4350.0 1150.0 1.57659
4450.0 1150.0 1.80263
4550.0 1150.0 1.88259
4650.0 1150.0 1.80621
4750.0 1150.0 1.59314
4850.0 1150.0 1.28738
4950.0 1150.0 0.94480
5050.0 1150.0 0.61361
5150.0 1150.0 0.30812
5250.0 1150.0 0.01041
5350.0 1150.0 -0.26524
5450.0 1150.0 -0.48978
5550.0 1150.0 -0.63577
5650.0 1150.0 -0.68617
5750.0 1150.0 -0.63958
5850.0 1150.0 -0.51198
5950.0 1150.0 -0.33493
6050.0 1150.0 -0.15032
6150.0 1150.0 -0.00157
6250.0 1150.0 0.07871
6350.0 1150.0 0.08453
50.0 1250.0 0.12396
150.0 1250.0 0.15842
250.0 1250.0 0.25053
350.0 1250.0 0.40836
450.0 1250.0 0.60589
550.0 1250.0 0.80135
650.0 1250.0 0.95165
750.0 1250.0 1.02281
850.0 1250.0 0.99654
950.0 1250.0 0.87277
1050.0 1250.0 0.66832
1150.0 1250.0 0.41155
1250.0 1250.0 0.13312
1350.0 1250.0 -0.14715
1450.0 1250.0 -0.42589
1550.0 1250.0 -0.68855
1650.0 1250.0 -0.90647
1750.0 1250.0 -1.05031
1850.0 1250.0 -1.10000
1950.0 1250.0 -1.05104
2050.0 1250.0 -0.91680
2150.0 1250.0 -0.72723
2250.0 1250.0 -0.52359
2350.0 1250.0 -0.34947
2450.0 1250.0 -0.23799
2550.0 1250.0 -0.19518
2650.0 1250.0 -0.18669
2750.0 1250.0 -0.21466
2850.0 1250.0 -0.30223
2950.0 1250.0 -0.43959
3050.0 1250.0 -0.59770
3150.0 1250.0 -0.74094
3250.0 1250.0 -0.83672
3350.0 1250.0 -0.86213
3450.0 1250.0 -0.80771
3550.0 1250.0 -0.67820
3650.0 1250.0 -0.49038
3750.0 1250.0 -0.26785
3850.0 1250.0 -0.03305
3950.0 1250.0 0.21459
4050.0 1250.0 0.51867
4150.0 1250.0 0.87568
4250.0 1250.0 1.23779
4350.0 1250.0 1.54185
4450.0 1250.0 1.73125
4550.0 1250.0 1.77077
4650.0 1250.0 1.65437
4750.0 1250.0 1.40595
4850.0 1250.0 1.07304
4950.0 1250.0 0.71349
5050.0 1250.0 0.37503
5150.0 1250.0 0.06803
5250.0 1250.0 -0.22853
5350.0 1250.0 -0.49670
5450.0 1250.0 -0.70553
5550.0 1250.0 -0.82808
5650.0 1250.0 -0.84943
5750.0 1250.0 -0.77128
5850.0 1250.0 -0.61303
5950.0 1250.0 -0.40951
6050.0 1250.0 -0.20517
6150.0 1250.0 -0.04485
6250.0 1250.0 0.03889
6350.0 1250.0 0.04187
50.0 1350.0 -0.05416
150.0 1350.0 -0.01815
250.0 1350.0 0.08135
350.0 1350.0 0.25542
450.0 1350.0 0.47847
550.0 1350.0 0.70719
650.0 1350.0 0.89559
750.0 1350.0 1.00606
850.0 1350.0 1.01646
950.0 1350.0 0.92332
1050.0 1350.0 0.74099
1150.0 1350.0 0.49696
1250.0 1350.0 0.22312
1350.0 1350.0 -0.05683
1450.0 1350.0 -0.33404
1550.0 1350.0 -0.59035
1650.0 1350.0 -0.79563
1750.0 1350.0 -0.92059
1850.0 1350.0 -0.94649
1950.0 1350.0 -0.87094
2050.0 1350.0 -0.70990
2150.0 1350.0 -0.49591
2250.0 1350.0 -0.27247
2350.0 1350.0 -0.08464
2450.0 1350.0 0.03417
2550.0 1350.0 0.07924
2650.0 1350.0 0.08779
2750.0 1350.0 0.05599
2850.0 1350.0 -0.04320
2950.0 1350.0 -0.20131
3050.0 1350.0 -0.38851
3150.0 1350.0 -0.56684
3250.0 1350.0 -0.70037
3350.0 1350.0 -0.76248
3450.0 1350.0 -0.74015
3550.0 1350.0 -0.63527
3650.0 1350.0 -0.46307
3750.0 1350.0 -0.24746
3850.0 1350.0 -0.01358
3950.0 1350.0 0.23384
4050.0 1350.0 0.53338
4150.0 1350.0 0.87889
4250.0 1350.0 1.22201
4350.0 1350.0 1.50057
4450.0 1350.0 1.66014
4550.0 1350.0 1.66834
4650.0 1350.0 1.52223
4750.0 1350.0 1.24856
4850.0 1350.0 0.89699
4950.0 1350.0 0.52631
5050.0 1350.0 0.18350
5150.0 1350.0 -0.12398
5250.0 1350.0 -0.41934
5350.0 1350.0 -0.68225
5450.0 1350.0 -0.88037
5550.0 1350.0 -0.98679
5650.0 1350.0 -0.98774
5750.0 1350.0 -0.88678
5850.0 1350.0 -0.70555
5950.0 1350.0 -0.48115
6050.0 1350.0 -0.25993
6150.0 1350.0 -0.08803
6250.0 1350.0 0.00173
6350.0 1350.0 0.00625
50.0 1450.0 -0.20363
150.0 1450.0 -0.16619
250.0 1450.0 -0.06011
350.0 1450.0 0.12855
450.0 1450.0 0.37490
550.0 1450.0 0.63460
650.0 1450.0 0.85930
750.0 1450.0 1.00814
850.0 1450.0 1.05543
950.0 1450.0 0.99428
1050.0 1450.0 0.83646
1150.0 1450.0 0.60825
1250.0 1450.0 0.34241
1350.0 1450.0 0.06624
1450.0 1450.0 -0.20580
1550.0 1450.0 -0.45205
1650.0 1450.0 -0.64130
1750.0 1450.0 -0.74500
1850.0 1450.0 -0.74625
1950.0 1450.0 -0.64509
2050.0 1450.0 -0.46001
2150.0 1450.0 -0.22575
2250.0 1450.0 0.01259
2350.0 1450.0 0.20927
2450.0 1450.0 0.33128
2550.0 1450.0 0.37547
2650.0 1450.0 0.38143
2750.0 1450.0 0.34354
2850.0 1450.0 0.23120
2950.0 1450.0 0.05166
3050.0 1450.0 -0.16456
3150.0 1450.0 -0.37736
3250.0 1450.0 -0.54782
3350.0 1450.0 -0.64594
3450.0 1450.0 -0.65546
3550.0 1450.0 -0.57568
3650.0 1450.0 -0.42040
3750.0 1450.0 -0.21383
3850.0 1450.0 0.01648
3950.0 1450.0 0.26083
4050.0 1450.0 0.55284
4150.0 1450.0 0.88402
4250.0 1450.0 1.20595
4350.0 1450.0 1.45802
4450.0 1450.0 1.58832
4550.0 1450.0 1.56741
4650.0 1450.0 1.39518
4750.0 1450.0 1.10074
4850.0 1450.0 0.73521
4950.0 1450.0 0.35764
5050.0 1450.0 0.01386
5150.0 1450.0 -0.29139
5250.0 1450.0 -0.58318
5350.0 1450.0 -0.83929
5450.0 1450.0 -1.02625
5550.0 1450.0 -1.11725
5650.0 1450.0 -1.09943
5750.0 1450.0 -0.97788
5850.0 1450.0 -0.77602
5950.0 1450.0 -0.53272
6050.0 1450.0 -0.29587
6150.0 1450.0 -0.11256
6250.0 1450.0 -0.01578
6350.0 1450.0 -0.00779
50.0 1550.0 -0.27243
150.0 1550.0 -0.23284
250.0 1550.0 -0.12199
350.0 1550.0 0.07624
450.0 1550.0 0.33835
550.0 1550.0 0.62034
650.0 1550.0 0.87314
750.0 1550.0 1.05418
850.0 1550.0 1.13528
950.0 1550.0 1.10672
1050.0 1550.0 0.97758
1150.0 1550.0 0.77227
1250.0 1550.0 0.52336
1350.0 1550.0 0.26065
1450.0 1550.0 0.00378
1550.0 1550.0 -0.22222
1650.0 1550.0 -0.38641
1750.0 1550.0 -0.46264
1850.0 1550.0 -0.43734
1950.0 1550.0 -0.31370
2050.0 1550.0 -0.11256
2150.0 1550.0 0.13026
2250.0 1550.0 0.36996
2350.0 1550.0 0.56226
2450.0 1550.0 0.67640
2550.0 1550.0 0.71143
2650.0 1550.0 0.70797
2750.0 1550.0 0.65827
2850.0 1550.0 0.52923
2950.0 1550.0 0.32729
3050.0 1550.0 0.08348
3150.0 1550.0 -0.16062
3250.0 1550.0 -0.36401
3350.0 1550.0 -0.49435
3450.0 1550.0 -0.53315
3550.0 1550.0 -0.47797
3650.0 1550.0 -0.34166
3750.0 1550.0 -0.14861
3850.0 1550.0 0.07188
3950.0 1550.0 0.30638
4050.0 1550.0 0.58341
4150.0 1550.0 0.89275
4250.0 1550.0 1.18729
4350.0 1550.0 1.40942
4450.0 1550.0 1.51079
4550.0 1550.0 1.46527
4650.0 1550.0 1.27520
4750.0 1550.0 0.97084
4850.0 1550.0 0.60314
4950.0 1550.0 0.22973
5050.0 1550.0 -0.10579
5150.0 1550.0 -0.40116
5250.0 1550.0 -0.68250
5350.0 1550.0 -0.92683
5450.0 1550.0 -1.10043
5550.0 1550.0 -1.17672
5650.0 1550.0 -1.14346
5750.0 1550.0 -1.00640
5850.0 1550.0 -0.78969
5950.0 1550.0 -0.53275
6050.0 1550.0 -0.28383
6150.0 1550.0 -0.09009
6250.0 1550.0 0.01562
6350.0 1550.0 0.03154
50.0 1650.0 -0.24232
150.0 1650.0 -0.19977
250.0 1650.0 -0.08717
350.0 1650.0 0.11260
450.0 1650.0 0.37822
550.0 1650.0 0.66803
650.0 1650.0 0.93466
750.0 1650.0 1.13614
850.0 1650.0 1.24362
950.0 1650.0 1.24555
1050.0 1650.0 1.14843
1150.0 1650.0 0.97405
1250.0 1650.0 0.75334
1350.0 1650.0 0.51670
1450.0 1650.0 0.28803
1550.0 1650.0 0.09526
1650.0 1650.0 -0.03270
1750.0 1650.0 -0.07436
1850.0 1650.0 -0.02125
1950.0 1650.0 0.11939
2050.0 1650.0 0.32478
2150.0 1650.0 0.55961
2250.0 1650.0 0.78192
2350.0 1650.0 0.95185
2450.0 1650.0 1.04326
2550.0 1650.0 1.05821
2650.0 1650.0 1.03643
2750.0 1650.0 0.96792
2850.0 1650.0 0.81896
2950.0 1650.0 0.59586
3050.0 1650.0 0.32984
3150.0 1650.0 0.06283
3250.0 1650.0 -0.16367
3350.0 1650.0 -0.31680
3450.0 1650.0 -0.37762
3550.0 1650.0 -0.34337
3650.0 1650.0 -0.22675
3750.0 1650.0 -0.05224
3850.0 1650.0 0.15047
3950.0 1650.0 0.36625
4050.0 1650.0 0.61884
4150.0 1650.0 0.89722
4250.0 1650.0 1.15735
4350.0 1650.0 1.34646
4450.0 1650.0 1.42106
4550.0 1650.0 1.35864
4650.0 1650.0 1.16323
4750.0 1650.0 0.86457
4850.0 1650.0 0.51117
4950.0 1650.0 0.15702
5050.0 1650.0 -0.15796
5150.0 1650.0 -0.43339
5250.0 1650.0 -0.69539
5350.0 1650.0 -0.92198
5450.0 1650.0 -1.08042
5550.0 1650.0 -1.14462
5650.0 1650.0 -1.10232
5750.0 1650.0 -0.95876
5850.0 1650.0 -0.73712
5950.0 1650.0 -0.47557
6050.0 1650.0 -0.22099
6150.0 1650.0 -0.01938
6250.0 1650.0 0.09713
6350.0 1650.0 0.12657
50.0 1750.0 -0.12381
150.0 1750.0 -0.07764
250.0 1750.0 0.03293
350.0 1750.0 0.22447
450.0 1750.0 0.47860
550.0 1750.0 0.75812
650.0 1750.0 1.02005
750.0 1750.0 1.22576
850.0 1750.0 1.34792
950.0 1750.0 1.37459
1050.0 1750.0 1.31009
1150.0 1750.0 1.17298
1250.0 1750.0 0.99093
1350.0 1750.0 0.79266
1450.0 1750.0 0.60484
1550.0 1750.0 0.45760
1650.0 1750.0 0.37597
1750.0 1750.0 0.37460
1850.0 1750.0 0.45515
1950.0 1750.0 0.60567
2050.0 1750.0 0.80197
2150.0 1750.0 1.01099
2250.0 1750.0 1.19628
2350.0 1750.0 1.32531
2450.0 1750.0 1.37897
2550.0 1750.0 1.36299
2650.0 1750.0 1.31421
2750.0 1750.0 1.22064
2850.0 1750.0 1.05043
2950.0 1750.0 0.81063
3050.0 1750.0 0.53216
3150.0 1750.0 0.25589
3250.0 1750.0 0.02176
3350.0 1750.0 -0.13925
3450.0 1750.0 -0.21000
3550.0 1750.0 -0.18922
3650.0 1750.0 -0.09051
3750.0 1750.0 0.06169
3850.0 1750.0 0.23902
3950.0 1750.0 0.42745
4050.0 1750.0 0.64671
4150.0 1750.0 0.88603
4250.0 1750.0 1.10628
4350.0 1750.0 1.26126
4450.0 1750.0 1.31338
4550.0 1750.0 1.24387
4650.0 1750.0 1.05750
4750.0 1750.0 0.78167
4850.0 1750.0 0.46006
4950.0 1750.0 0.14073
5050.0 1750.0 -0.14133
5150.0 1750.0 -0.38696
5250.0 1750.0 -0.62106
5350.0 1750.0 -0.82477
5450.0 1750.0 -0.96765
5550.0 1750.0 -1.02440
5650.0 1750.0 -0.98201
5750.0 1750.0 -0.84375
5850.0 1750.0 -0.62994
5950.0 1750.0 -0.37540
6050.0 1750.0 -0.12373
6150.0 1750.0 0.08170
6250.0 1750.0 0.20999
6350.0 1750.0 0.25818
50.0 1850.0 0.05376
150.0 1850.0 0.10391
250.0 1850.0 0.20846
350.0 1850.0 0.38187
450.0 1850.0 0.60920
550.0 1850.0 0.85953
650.0 1850.0 1.09685
750.0 1850.0 1.28846
850.0 1850.0 1.41091
950.0 1850.0 1.45342
1050.0 1850.0 1.41883
1150.0 1850.0 1.32208
1250.0 1850.0 1.18620
1350.0 1850.0 1.03588
1450.0 1850.0 0.89869
1550.0 1850.0 0.80610
1650.0 1850.0 0.77767
1750.0 1850.0 0.81956
1850.0 1850.0 0.92540
1950.0 1850.0 1.07813
2050.0 1850.0 1.25276
2150.0 1850.0 1.42012
2250.0 1850.0 1.55145
2350.0 1850.0 1.62403
2450.0 1850.0 1.62764
2550.0 1850.0 1.57209
2650.0 1850.0 1.48954
2750.0 1850.0 1.36679
2850.0 1850.0 1.17646
2950.0 1850.0 0.92727
3050.0 1850.0 0.64937
3150.0 1850.0 0.38102
3250.0 1850.0 0.15833
3350.0 1850.0 0.00794
3450.0 1850.0 -0.05730
3550.0 1850.0 -0.03957
3650.0 1850.0 0.04556
3750.0 1850.0 0.17387
3850.0 1850.0 0.32013
3950.0 1850.0 0.47451
4050.0 1850.0 0.65391
4150.0 1850.0 0.84888
4250.0 1850.0 1.02667
4350.0 1850.0 1.14887
4450.0 1850.0 1.18445
4550.0 1850.0 1.11826
4650.0 1850.0 0.95476
4750.0 1850.0 0.71733
4850.0 1850.0 0.44280
4950.0 1850.0 0.17143
5050.0 1850.0 -0.06767
5150.0 1850.0 -0.27572
5250.0 1850.0 -0.47543
5350.0 1850.0 -0.65301
5450.0 1850.0 -0.78172
5550.0 1850.0 -0.83716
5650.0 1850.0 -0.80485
5750.0 1850.0 -0.68470
5850.0 1850.0 -0.49231
5950.0 1850.0 -0.25719
6050.0 1850.0 -0.01781
6150.0 1850.0 0.18638
6250.0 1850.0 0.32619
6350.0 1850.0 0.39693
50.0 1950.0 0.25100
150.0 1950.0 0.30510
250.0 1950.0 0.40017
350.0 1950.0 0.54705
450.0 1950.0 0.73445
550.0 1950.0 0.93907
650.0 1950.0 1.13376
750.0 1950.0 1.29392
850.0 1950.0 1.40190
950.0 1950.0 1.44965
1050.0 1950.0 1.43936
1150.0 1950.0 1.38232
1250.0 1950.0 1.29590
1350.0 1950.0 1.19876
1450.0 1950.0 1.11745
1550.0 1950.0 1.08389
1650.0 1950.0 1.11118
1750.0 1950.0 1.19605
1850.0 1950.0 1.32355
1950.0 1950.0 1.47153
2050.0 1950.0 1.61484
2150.0 1950.0 1.72928
2250.0 1950.0 1.79530
2350.0 1950.0 1.80144
2450.0 1950.0 1.74747
2550.0 1950.0 1.64735
2650.0 1950.0 1.52735
2750.0 1950.0 1.37408
2850.0 1950.0 1.16704
2950.0 1950.0 0.91747
3050.0 1950.0 0.65427
3150.0 1950.0 0.41169
3250.0 1950.0 0.22001
3350.0 1950.0 0.09920
3450.0 1950.0 0.05571
3550.0 1950.0 0.08210
3650.0 1950.0 0.15987
3750.0 1950.0 0.26515
3850.0 1950.0 0.37752
3950.0 1950.0 0.49423
4050.0 1950.0 0.63070
4150.0 1950.0 0.77973
4250.0 1950.0 0.91578
4350.0 1950.0 1.00882
4450.0 1950.0 1.03452
4550.0 1950.0 0.98088
4650.0 1950.0 0.85123
4750.0 1950.0 0.66362
4850.0 1950.0 0.44669
4950.0 1950.0 0.23179
5050.0 1950.0 0.04169
5150.0 1950.0 -0.12442
5250.0 1950.0 -0.28638
5350.0 1950.0 -0.43710
5450.0 1950.0 -0.55451
5550.0 1950.0 -0.61526
5650.0 1950.0 -0.60277
5750.0 1950.0 -0.51243
5850.0 1950.0 -0.35365
5950.0 1950.0 -0.14907
6050.0 1950.0 0.06934
6150.0 1950.0 0.26709
6250.0 1950.0 0.41698
6350.0 1950.0 0.51197
50.0 2050.0 0.42621
150.0 2050.0 0.48390
250.0 2050.0 0.56709
350.0 2050.0 0.68201
450.0 2050.0 0.82089
550.0 2050.0 0.96853
650.0 2050.0 1.10768
750.0 2050.0 1.22306
850.0 2050.0 1.30417
950.0 2050.0 1.34683
1050.0 2050.0 1.35343
1150.0 2050.0 1.33191
1250.0 2050.0 1.29356
1350.0 2050.0 1.24968
1450.0 2050.0 1.22417
1550.0 2050.0 1.24866
1650.0 2050.0 1.32950
1750.0 2050.0 1.45396
1850.0 2050.0 1.59874
1950.0 2050.0 1.73697
2050.0 2050.0 1.84382
2150.0 2050.0 1.90058
2250.0 2050.0 1.89736
2350.0 2050.0 1.83427
2450.0 2050.0 1.72116
2550.0 2050.0 1.57593
2650.0 2050.0 1.41843
2750.0 2050.0 1.23627
2850.0 2050.0 1.01754
2950.0 2050.0 0.77659
3050.0 2050.0 0.54075
3150.0 2050.0 0.33924
3250.0 2050.0 0.19505
3350.0 2050.0 0.11990
3450.0 2050.0 0.11221
3550.0 2050.0 0.15809
3650.0 2050.0 0.23539
3750.0 2050.0 0.32074
3850.0 2050.0 0.39969
3950.0 2050.0 0.47871
4050.0 2050.0 0.57312
4150.0 2050.0 0.67847
4250.0 2050.0 0.77659
4350.0 2050.0 0.84565
4450.0 2050.0 0.86758
4550.0 2050.0 0.83298
4650.0 2050.0 0.74338
4750.0 2050.0 0.61094
4850.0 2050.0 0.45563
4950.0 2050.0 0.29969
5050.0 2050.0 0.15965
5150.0 2050.0 0.03574
5250.0 2050.0 -0.08874
5350.0 2050.0 -0.21439
5450.0 2050.0 -0.32437
5550.0 2050.0 -0.39632
5650.0 2050.0 -0.41120
5750.0 2050.0 -0.35916
5850.0 2050.0 -0.24262
5950.0 2050.0 -0.07646
6050.0 2050.0 0.11458
6150.0 2050.0 0.30144
6250.0 2050.0 0.45907
6350.0 2050.0 0.57768
50.0 2150.0 0.54205
150.0 2150.0 0.60266
250.0 2150.0 0.67316
350.0 2150.0 0.75472
450.0 2150.0 0.84263
550.0 2150.0 0.92949
650.0 2150.0 1.00777
750.0 2150.0 1.07167
850.0 2150.0 1.11824
950.0 2150.0 1.14776
1050.0 2150.0 1.16348
1150.0 2150.0 1.17058
1250.0 2150.0 1.17451
1350.0 2150.0 1.17882
1450.0 2150.0 1.20372
1550.0 2150.0 1.28012
1650.0 2150.0 1.40808
1750.0 2150.0 1.56630
1850.0 2150.0 1.72406
1950.0 2150.0 1.85046
2050.0 2150.0 1.92124
2150.0 2150.0 1.92297
2250.0 2150.0 1.85477
2350.0 2150.0 1.72740
2450.0 2150.0 1.55987
2550.0 2150.0 1.37350
2650.0 2150.0 1.18209
2750.0 2150.0 0.97530
2850.0 2150.0 0.75054
2950.0 2150.0 0.52547
3050.0 2150.0 0.32571
3150.0 2150.0 0.17504
3250.0 2150.0 0.08857
3350.0 2150.0 0.06910
3450.0 2150.0 0.10640
3550.0 2150.0 0.17961
3650.0 2150.0 0.26268
3750.0 2150.0 0.33281
3850.0 2150.0 0.38199
3950.0 2150.0 0.42694
4050.0 2150.0 0.48389
4150.0 2150.0 0.55124
4250.0 2150.0 0.61759
4350.0 2150.0 0.66838
4450.0 2150.0 0.69094
4550.0 2150.0 0.67783
4650.0 2150.0 0.62854
4750.0 2150.0 0.54951
4850.0 2150.0 0.45256
4950.0 2150.0 0.35156
5050.0 2150.0 0.25750
5150.0 2150.0 0.17192
5250.0 2150.0 0.08103
5350.0 2150.0 -0.02354
5450.0 2150.0 -0.13012
5550.0 2150.0 -0.21731
5650.0 2150.0 -0.26346
5750.0 2150.0 -0.25339
5850.0 2150.0 -0.18246
5950.0 2150.0 -0.05786
6050.0 2150.0 0.10290
6150.0 2150.0 0.27608
6250.0 2150.0 0.43869
6350.0 2150.0 0.57809
50.0 2250.0 0.57111
150.0 2250.0 0.63384
250.0 2250.0 0.69257
350.0 2250.0 0.74379
450.0 2250.0 0.78513
550.0 2250.0 0.81578
650.0 2250.0 0.83670
750.0 2250.0 0.85052
850.0 2250.0 0.86119
950.0 2250.0 0.87337
1050.0 2250.0 0.89154
1150.0 2250.0 0.91888
1250.0 2250.0 0.95583
1350.0 2250.0 0.99888
1450.0 2250.0 1.06434
1550.0 2250.0 1.18235
1650.0 2250.0 1.34780
1750.0 2250.0 1.53253
1850.0 2250.0 1.69986
1950.0 2250.0 1.81575
2050.0 2250.0 1.85648
2150.0 2250.0 1.81299
2250.0 2250.0 1.69170
2350.0 2250.0 1.51204
2450.0 2250.0 1.30040
2550.0 2250.0 1.08080
2650.0 2250.0 0.86216
2750.0 2250.0 0.63693
2850.0 2250.0 0.41135
2950.0 2250.0 0.20626
3050.0 2250.0 0.04564
3150.0 2250.0 -0.05195
3250.0 2250.0 -0.07885
3350.0 2250.0 -0.04075
3450.0 2250.0 0.04394
3550.0 2250.0 0.14779
3650.0 2250.0 0.24104
3750.0 2250.0 0.30145
3850.0 2250.0 0.32713
3950.0 2250.0 0.34466
4050.0 2250.0 0.37175
4150.0 2250.0 0.40925
4250.0 2250.0 0.45123
4350.0 2250.0 0.48896
4450.0 2250.0 0.51395
4550.0 2250.0 0.52017
4650.0 2250.0 0.50526
4750.0 2250.0 0.47088
4850.0 2250.0 0.42214
4950.0 2250.0 0.36611
5050.0 2250.0 0.30938
5150.0 2250.0 0.25470
5250.0 2250.0 0.19057
5350.0 2250.0 0.10159
5450.0 2250.0 -0.00511
5550.0 2250.0 -0.10889
5650.0 2250.0 -0.18569
5750.0 2250.0 -0.21558
5850.0 2250.0 -0.18763
5950.0 2250.0 -0.10220
6050.0 2250.0 0.02953
6150.0 2250.0 0.18846
6250.0 2250.0 0.35333
6350.0 2250.0 0.50895
50.0 2350.0 0.50050
150.0 2350.0 0.56447
250.0 2350.0 0.61399
350.0 2350.0 0.64179
450.0 2350.0 0.64703
550.0 2350.0 0.63368
650.0 2350.0 0.60900
750.0 2350.0 0.58198
850.0 2350.0 0.56196
950.0 2350.0 0.55716
1050.0 2350.0 0.57332
1150.0 2350.0 0.61238
1250.0 2350.0 0.67121
1350.0 2350.0 0.74076
1450.0 2350.0 0.83412
1550.0 2350.0 0.98094
1650.0 2350.0 1.17269
1750.0 2350.0 1.37646
1850.0 2350.0 1.55144
1950.0 2350.0 1.66132
2050.0 2350.0 1.68265
2150.0 2350.0 1.60922
2250.0 2350.0 1.45241
2350.0 2350.0 1.23749
2450.0 2350.0 0.99591
2550.0 2350.0 0.75362
2650.0 2350.0 0.51638
2750.0 2350.0 0.27977
2850.0 2350.0 0.05733
2950.0 2350.0 -0.12751
3050.0 2350.0 -0.25216
3150.0 2350.0 -0.30232
3250.0 2350.0 -0.27650
3350.0 2350.0 -0.18736
3450.0 2350.0 -0.06001
3550.0 2350.0 0.07267
3650.0 2350.0 0.17793
3750.0 2350.0 0.23399
3850.0 2350.0 0.24398
3950.0 2350.0 0.24271
4050.0 2350.0 0.24926
4150.0 2350.0 0.26615
4250.0 2350.0 0.29122
4350.0 2350.0 0.31970
4450.0 2350.0 0.34603
4550.0 2350.0 0.36516
4650.0 2350.0 0.37350
4750.0 2350.0 0.36946
4850.0 2350.0 0.35359
4950.0 2350.0 0.32828
5050.0 2350.0 0.29710
5150.0 2350.0 0.26362
5250.0 2350.0 0.21755
5350.0 2350.0 0.13809
5450.0 2350.0 0.02888
5550.0 2350.0 -0.08992
5650.0 2350.0 -0.19238
5750.0 2350.0 -0.25488
5850.0 2350.0 -0.26168
5950.0 2350.0 -0.20792
6050.0 2350.0 -0.10004
6150.0 2350.0 0.04638
6250.0 2350.0 0.21133
6350.0 2350.0 0.37763
50.0 2450.0 0.33521
150.0 2450.0 0.39970
250.0 2450.0 0.44351
350.0 2450.0 0.45708
450.0 2450.0 0.44030
550.0 2450.0 0.39983
650.0 2450.0 0.34655
750.0 2450.0 0.29327
850.0 2450.0 0.25261
950.0 2450.0 0.23508
1050.0 2450.0 0.24741
1150.0 2450.0 0.29101
1250.0 2450.0 0.36070
1350.0 2450.0 0.44409
1450.0 2450.0 0.55228
1550.0 2450.0 0.71510
1650.0 2450.0 0.92239
1750.0 2450.0 1.13875
1850.0 2450.0 1.32104
1950.0 2450.0 1.43145
2050.0 2450.0 1.44631
2150.0 2450.0 1.36055
2250.0 2450.0 1.18784
2350.0 2450.0 0.95630
2450.0 2450.0 0.70001
2550.0 2450.0 0.44611
2650.0 2450.0 0.19923
2750.0 2450.0 -0.04208
2850.0 2450.0 -0.25919
2950.0 2450.0 -0.42692
3050.0 2450.0 -0.52362
3150.0 2450.0 -0.53798
3250.0 2450.0 -0.47272
3350.0 2450.0 -0.34533
3450.0 2450.0 -0.18555
3550.0 2450.0 -0.02996
3650.0 2450.0 0.08660
3750.0 2450.0 0.14268
3850.0 2450.0 0.14490
3950.0 2450.0 0.13372
4050.0 2450.0 0.12903
4150.0 2450.0 0.13402
4250.0 2450.0 0.14842
4350.0 2450.0 0.16965
4450.0 2450.0 0.19388
4550.0 2450.0 0.21685
4650.0 2450.0 0.23460
4750.0 2450.0 0.24412
4850.0 2450.0 0.24374
4950.0 2450.0 0.23349
5050.0 2450.0 0.21530
5150.0 2450.0 0.19287
5250.0 2450.0 0.15601
5350.0 2450.0 0.08045
5450.0 2450.0 -0.03226
5550.0 2450.0 -0.16225
5650.0 2450.0 -0.28237
5750.0 2450.0 -0.36667
5850.0 2450.0 -0.39645
5950.0 2450.0 -0.36367
6050.0 2450.0 -0.27184
6150.0 2450.0 -0.13446
6250.0 2450.0 0.02918
6350.0 2450.0 0.20066
50.0 2550.0 0.10058
150.0 2550.0 0.16509
250.0 2550.0 0.20652
350.0 2550.0 0.21432
450.0 2550.0 0.18854
550.0 2550.0 0.13675
650.0 2550.0 0.07119
750.0 2550.0 0.00614
850.0 2550.0 -0.04444
950.0 2550.0 -0.06897
1050.0 2550.0 -0.06021
1150.0 2550.0 -0.01678
1250.0 2550.0 0.05544
1350.0 2550.0 0.14269
1450.0 2550.0 0.25548
1550.0 2550.0 0.42443
1650.0 2550.0 0.63932
1750.0 2550.0 0.86400
1850.0 2550.0 1.05433
1950.0 2550.0 1.17154
2050.0 2550.0 1.19126
2150.0 2550.0 1.10809
2250.0 2550.0 0.93577
2350.0 2550.0 0.70290
2450.0 2550.0 0.44423
2550.0 2550.0 0.18754
2650.0 2550.0 -0.06194
2750.0 2550.0 -0.30306
2850.0 2550.0 -0.51428
2950.0 2550.0 -0.66942
3050.0 2550.0 -0.74737
3150.0 2550.0 -0.73852
3250.0 2550.0 -0.64804
3350.0 2550.0 -0.49611
3450.0 2550.0 -0.31513
3550.0 2550.0 -0.14378
3650.0 2550.0 -0.01805
3750.0 2550.0 0.04079
3850.0 2550.0 0.04134
3950.0 2550.0 0.02723
4050.0 2550.0 0.01844
4150.0 2550.0 0.01784
4250.0 2550.0 0.02560
4350.0 2550.0 0.03997
4450.0 2550.0 0.05800
4550.0 2550.0 0.07620
4650.0 2550.0 0.09109
4750.0 2550.0 0.09975
4850.0 2550.0 0.10029
4950.0 2550.0 0.09225
5050.0 2550.0 0.07692
5150.0 2550.0 0.05752
5250.0 2550.0 0.02299
5350.0 2550.0 -0.05267
5450.0 2550.0 -0.16881
5550.0 2550.0 -0.30563
5650.0 2550.0 -0.43538
5750.0 2550.0 -0.53106
5850.0 2550.0 -0.57263
5950.0 2550.0 -0.55061
6050.0 2550.0 -0.46726
6150.0 2550.0 -0.33518
6250.0 2550.0 -0.17339
6350.0 2550.0 -0.00091
50.0 2650.0 -0.16239
150.0 2650.0 -0.09812
250.0 2650.0 -0.05753
350.0 2650.0 -0.05153
450.0 2650.0 -0.08010
550.0 2650.0 -0.13554
650.0 2650.0 -0.20533
750.0 2650.0 -0.27479
850.0 2650.0 -0.32954
950.0 2650.0 -0.35765
1050.0 2650.0 -0.35157
1150.0 2650.0 -0.30980
1250.0 2650.0 -0.23837
1350.0 2650.0 -0.15141
1450.0 2650.0 -0.03827
1550.0 2650.0 0.13280
1650.0 2650.0 0.35213
1750.0 2650.0 0.58357
1850.0 2650.0 0.78250
1950.0 2650.0 0.90938
2050.0 2650.0 0.93889
2150.0 2650.0 0.86467
2250.0 2650.0 0.69961
2350.0 2650.0 0.47175
2450.0 2650.0 0.21573
2550.0 2650.0 -0.04018
2650.0 2650.0 -0.28951
2750.0 2650.0 -0.52867
2850.0 2650.0 -0.73426
2950.0 2650.0 -0.87941
3050.0 2650.0 -0.94337
3150.0 2650.0 -0.91760
3250.0 2650.0 -0.80882
3350.0 2650.0 -0.63900
3450.0 2650.0 -0.44225
3550.0 2650.0 -0.25862
3650.0 2650.0 -0.12490
3750.0 2650.0 -0.06223
3850.0 2650.0 -0.06073
3950.0 2650.0 -0.07478
4050.0 2650.0 -0.08474
4150.0 2650.0 -0.08850
4250.0 2650.0 -0.08607
4350.0 2650.0 -0.07890
4450.0 2650.0 -0.06933
4550.0 2650.0 -0.06006
4650.0 2650.0 -0.05367
4750.0 2650.0 -0.05225
4850.0 2650.0 -0.05706
4950.0 2650.0 -0.06829
5050.0 2650.0 -0.08486
5150.0 2650.0 -0.10438
5250.0 2650.0 -0.13927
5350.0 2650.0 -0.21649
5450.0 2650.0 -0.33583
5550.0 2650.0 -0.47750
5650.0 2650.0 -0.61342
5750.0 2650.0 -0.71605
5850.0 2650.0 -0.76466
5950.0 2650.0 -0.74911
6050.0 2650.0 -0.67105
6150.0 2650.0 -0.54268
6250.0 2650.0 -0.38292
6350.0 2650.0 -0.21110
50.0 2750.0 -0.46376
150.0 2750.0 -0.40099
250.0 2750.0 -0.35971
350.0 2750.0 -0.34990
450.0 2750.0 -0.37176
550.0 2750.0 -0.41844
650.0 2750.0 -0.47867
750.0 2750.0 -0.53914
850.0 2750.0 -0.58668
950.0 2750.0 -0.61027
1050.0 2750.0 -0.60284
1150.0 2750.0 -0.56282
1250.0 2750.0 -0.49555
1350.0 2750.0 -0.41391
1450.0 2750.0 -0.30559
1550.0 2750.0 -0.13725
1650.0 2750.0 0.08263
1750.0 2750.0 0.31856
1850.0 2750.0 0.52591
1950.0 2750.0 0.66448
2050.0 2750.0 0.70773
2150.0 2750.0 0.64767
2250.0 2750.0 0.49546
2350.0 2750.0 0.27758
2450.0 2750.0 0.02782
2550.0 2750.0 -0.22523
2650.0 2750.0 -0.47307
2750.0 2750.0 -0.71021
2850.0 2750.0 -0.91239
2950.0 2750.0 -1.05218
3050.0 2750.0 -1.10859
3150.0 2750.0 -1.07321
3250.0 2750.0 -0.95323
3350.0 2750.0 -0.77137
3450.0 2750.0 -0.56266
3550.0 2750.0 -0.36812
3650.0 2750.0 -0.22525
3750.0 2750.0 -0.15551
3850.0 2750.0 -0.14855
3950.0 2750.0 -0.15783
4050.0 2750.0 -0.16487
4150.0 2750.0 -0.16907
4250.0 2750.0 -0.17129
4350.0 2750.0 -0.17309
4450.0 2750.0 -0.17617
4550.0 2750.0 -0.18200
4650.0 2750.0 -0.19146
4750.0 2750.0 -0.20477
4850.0 2750.0 -0.22149
4950.0 2750.0 -0.24064
5050.0 2750.0 -0.26105
5150.0 2750.0 -0.28189
5250.0 2750.0 -0.31810
5350.0 2750.0 -0.39766
5450.0 2750.0 -0.52081
5550.0 2750.0 -0.66780
5650.0 2750.0 -0.81034
5750.0 2750.0 -0.92044
5850.0 2750.0 -0.97679
5950.0 2750.0 -0.96861
6050.0 2750.0 -0.89698
6150.0 2750.0 -0.77366
6250.0 2750.0 -0.61743
6350.0 2750.0 -0.44784
50.0 2850.0 -0.81148
150.0 2850.0 -0.75288
250.0 2850.0 -0.70840
350.0 2850.0 -0.68495
450.0 2850.0 -0.68316
550.0 2850.0 -0.69895
650.0 2850.0 -0.72517
750.0 2850.0 -0.75302
850.0 2850.0 -0.77354
950.0 2850.0 -0.77894
1050.0 2850.0 -0.76391
1150.0 2850.0 -0.72680
1250.0 2850.0 -0.67083
1350.0 2850.0 -0.60460
1450.0 2850.0 -0.51149
1550.0 2850.0 -0.35584
1650.0 2850.0 -0.14373
1750.0 2850.0 0.09132
1850.0 2850.0 0.30566
1950.0 2850.0 0.45877
2050.0 2850.0 0.52242
2150.0 2850.0 0.48582
2250.0 2850.0 0.35665
2350.0 2850.0 0.15800
2450.0 2850.0 -0.07869
2550.0 2850.0 -0.32485
2650.0 2850.0 -0.56867
2750.0 2850.0 -0.80372
2850.0 2850.0 -1.00695
2950.0 2850.0 -1.15055
3050.0 2850.0 -1.21213
3150.0 2850.0 -1.18151
3250.0 2850.0 -1.06418
3350.0 2850.0 -0.88163
3450.0 2850.0 -0.66828
3550.0 2850.0 -0.46523
3650.0 2850.0 -0.31070
3750.0 2850.0 -0.22727
3850.0 2850.0 -0.20576
3950.0 2850.0 -0.20077
4050.0 2850.0 -0.19634
4150.0 2850.0 -0.19478
4250.0 2850.0 -0.19905
4350.0 2850.0 -0.21165
4450.0 2850.0 -0.23378
4550.0 2850.0 -0.26497
4650.0 2850.0 -0.30301
4750.0 2850.0 -0.34436
4850.0 2850.0 -0.38477
4950.0 2850.0 -0.42047
5050.0 2850.0 -0.44955
5150.0 2850.0 -0.47395
5250.0 2850.0 -0.51322
5350.0 2850.0 -0.59642
5450.0 2850.0 -0.72412
5550.0 2850.0 -0.87677
5650.0 2850.0 -1.02608
5750.0 2850.0 -1.14389
5850.0 2850.0 -1.20855
5950.0 2850.0 -1.20883
6050.0 2850.0 -1.14531
6150.0 2850.0 -1.02931
6250.0 2850.0 -0.87934
6350.0 2850.0 -0.71504
50.0 2950.0 -1.16552
150.0 2950.0 -1.11437
250.0 2950.0 -1.06469
350.0 2950.0 -1.01816
450.0 2950.0 -0.97618
550.0 2950.0 -0.93952
650.0 2950.0 -0.90807
750.0 2950.0 -0.88082
850.0 2950.0 -0.85599
950.0 2950.0 -0.83125
1050.0 2950.0 -0.80425
1150.0 2950.0 -0.77317
1250.0 2950.0 -0.73752
1350.0 2950.0 -0.69860
1450.0 2950.0 -0.63301
1550.0 2950.0 -0.50217
1650.0 2950.0 -0.30845
1750.0 2950.0 -0.08183
1850.0 2950.0 0.13624
1950.0 2950.0 0.30546
2050.0 2950.0 0.39557
2150.0 2950.0 0.39175
2250.0 2950.0 0.29631
2350.0 2950.0 0.12685
2450.0 2950.0 -0.08926
2550.0 2950.0 -0.32394
2650.0 2950.0 -0.56076
2750.0 2950.0 -0.79358
2850.0 2950.0 -1.00300
2950.0 2950.0 -1.16099
3050.0 2950.0 -1.24242
3150.0 2950.0 -1.23310
3250.0 2950.0 -1.13436
3350.0 2950.0 -0.96412
3450.0 2950.0 -0.75442
3550.0 2950.0 -0.54547
3650.0 2950.0 -0.37619
3750.0 2950.0 -0.27123
3850.0 2950.0 -0.22450
3950.0 2950.0 -0.19400
4050.0 2950.0 -0.16754
4150.0 2950.0 -0.15165
4250.0 2950.0 -0.15289
4350.0 2950.0 -0.17574
4450.0 2950.0 -0.22126
4550.0 2950.0 -0.28656
4650.0 2950.0 -0.36504
4750.0 2950.0 -0.44738
4850.0 2950.0 -0.52341
4950.0 2950.0 -0.58462
5050.0 2950.0 -0.62757
5150.0 2950.0 -0.65814
5250.0 2950.0 -0.70245
5350.0 2950.0 -0.79040
5450.0 2950.0 -0.92273
5550.0 2950.0 -1.08023
5650.0 2950.0 -1.23498
5750.0 2950.0 -1.35909
5850.0 2950.0 -1.43102
5950.0 2950.0 -1.43945
6050.0 2950.0 -1.38473
6150.0 2950.0 -1.27782
6250.0 2950.0 -1.13686
6350.0 2950.0 -0.98127
50.0 3050.0 -1.46618
150.0 3050.0 -1.42568
250.0 3050.0 -1.37013
350.0 3050.0 -1.29447
450.0 3050.0 -1.20130
550.0 3050.0 -1.09783
650.0 3050.0 -0.99328
750.0 3050.0 -0.89680
850.0 3050.0 -0.81585
950.0 3050.0 -0.75511
1050.0 3050.0 -0.71583
1150.0 3050.0 -0.69575
1250.0 3050.0 -0.68944
1350.0 3050.0 -0.68880
1450.0 3050.0 -0.66215
1550.0 3050.0 -0.56775
1650.0 3050.0 -0.40319
1750.0 3050.0 -0.19347
1850.0 3050.0 0.02342
1950.0 3050.0 0.20803
2050.0 3050.0 0.32798
2150.0 3050.0 0.36348
2250.0 3050.0 0.30997
2350.0 3050.0 0.17773
2450.0 3050.0 -0.01146
2550.0 3050.0 -0.23064
2650.0 3050.0 -0.45773
2750.0 3050.0 -0.68815
2850.0 3050.0 -0.90833
2950.0 3050.0 -1.09018
3050.0 3050.0 -1.20458
3150.0 3050.0 -1.23134
3250.0 3050.0 -1.16536
3350.0 3050.0 -1.01893
3450.0 3050.0 -0.82011
3550.0 3050.0 -0.60737
3650.0 3050.0 -0.42033
3750.0 3050.0 -0.28660
3850.0 3050.0 -0.20485
3950.0 3050.0 -0.13846
4050.0 3050.0 -0.07964
4150.0 3050.0 -0.04003
4250.0 3050.0 -0.03106
4350.0 3050.0 -0.06032
4450.0 3050.0 -0.12933
4550.0 3050.0 -0.23272
4650.0 3050.0 -0.35865
4750.0 3050.0 -0.49064
4850.0 3050.0 -0.61080
4950.0 3050.0 -0.70432
5050.0 3050.0 -0.76538
5150.0 3050.0 -0.80441
5250.0 3050.0 -0.85546
5350.0 3050.0 -0.94872
5450.0 3050.0 -1.08479
5550.0 3050.0 -1.24494
5650.0 3050.0 -1.40204
5750.0 3050.0 -1.52906
5850.0 3050.0 -1.60517
5950.0 3050.0 -1.61955
6050.0 3050.0 -1.57268
6150.0 3050.0 -1.47537
6250.0 3050.0 -1.34534
6350.0 3050.0 -1.20142
50.0 3150.0 -1.65715
150.0 3150.0 -1.62983
250.0 3150.0 -1.56930
350.0 3150.0 -1.46326
450.0 3150.0 -1.31590
550.0 3150.0 -1.14178
650.0 3150.0 -0.96049
750.0 3150.0 -0.79233
850.0 3150.0 -0.65476
950.0 3150.0 -0.55984
1050.0 3150.0 -0.51246
1150.0 3150.0 -0.50954
1250.0 3150.0 -0.54006
1350.0 3150.0 -0.58569
1450.0 3150.0 -0.60638
1550.0 3150.0 -0.55746
1650.0 3150.0 -0.43109
1750.0 3150.0 -0.24627
1850.0 3150.0 -0.03646
1950.0 3150.0 0.16043
2050.0 3150.0 0.31004
2150.0 3150.0 0.38724
2250.0 3150.0 0.37967
2350.0 3150.0 0.28915
2450.0 3150.0 0.13074
2550.0 3150.0 -0.07019
2650.0 3150.0 -0.28559
2750.0 3150.0 -0.51345
2850.0 3150.0 -0.74754
2950.0 3150.0 -0.95980
3050.0 3150.0 -1.11625
3150.0 3150.0 -1.18931
3250.0 3150.0 -1.16584
3350.0 3150.0 -1.05103
3450.0 3150.0 -0.86790
3550.0 3150.0 -0.65258
3650.0 3150.0 -0.44540
3750.0 3150.0 -0.27755
3850.0 3150.0 -0.15369
3950.0 3150.0 -0.04380
4050.0 3150.0 0.05563
4150.0 3150.0 0.12759
4250.0 3150.0 0.15498
4350.0 3150.0 0.12612
4450.0 3150.0 0.03820
4550.0 3150.0 -0.10127
4650.0 3150.0 -0.27511
4750.0 3150.0 -0.45910
4850.0 3150.0 -0.62669
4950.0 3150.0 -0.75574
5050.0 3150.0 -0.83730
5150.0 3150.0 -0.88639
5250.0 3150.0 -0.94527
5350.0 3150.0 -1.04366
5450.0 3150.0 -1.18164
5550.0 3150.0 -1.34109
5650.0 3150.0 -1.49608
5750.0 3150.0 -1.62104
5850.0 3150.0 -1.69657
5950.0 3150.0 -1.71296
6050.0 3150.0 -1.67136
6150.0 3150.0 -1.58271
6250.0 3150.0 -1.46427
6350.0 3150.0 -1.33393
50.0 3250.0 -1.70142
150.0 3250.0 -1.68875
250.0 3250.0 -1.62552
350.0 3250.0 -1.49280
450.0 3250.0 -1.29668
550.0 3250.0 -1.05904
650.0 3250.0 -0.80958
750.0 3250.0 -0.57920
850.0 3250.0 -0.39470
950.0 3250.0 -0.27474
1050.0 3250.0 -0.22719
1150.0 3250.0 -0.24771
1250.0 3250.0 -0.31971
1350.0 3250.0 -0.41534
1450.0 3250.0 -0.48740
1550.0 3250.0 -0.48892
1650.0 3250.0 -0.40656
1750.0 3250.0 -0.25277
1850.0 3250.0 -0.05591
1950.0 3250.0 0.14830
2050.0 3250.0 0.32393
2150.0 3250.0 0.44065
2250.0 3250.0 0.47825
2350.0 3250.0 0.42968
2450.0 3250.0 0.30289
2550.0 3250.0 0.12117
2650.0 3250.0 -0.08165
2750.0 3250.0 -0.30680
2850.0 3250.0 -0.55600
2950.0 3250.0 -0.80127
3050.0 3250.0 -1.00338
3150.0 3250.0 -1.12671
3250.0 3250.0 -1.14949
3350.0 3250.0 -1.06918
3450.0 3250.0 -0.90332
3550.0 3250.0 -0.68552
3650.0 3250.0 -0.45682
3750.0 3250.0 -0.25232
3850.0 3250.0 -0.08311
3950.0 3250.0 0.07388
4050.0 3250.0 0.21873
4150.0 3250.0 0.32949
4250.0 3250.0 0.38314
4350.0 3250.0 0.36322
4450.0 3250.0 0.26484
4550.0 3250.0 0.09684
4650.0 3250.0 -0.11885
4750.0 3250.0 -0.35058
4850.0 3250.0 -0.56318
4950.0 3250.0 -0.72689
5050.0 3250.0 -0.82913
5150.0 3250.0 -0.88891
5250.0 3250.0 -0.95593
5350.0 3250.0 -1.05859
5450.0 3250.0 -1.19608
5550.0 3250.0 -1.35089
5650.0 3250.0 -1.49868
5750.0 3250.0 -1.61591
5850.0 3250.0 -1.68523
5950.0 3250.0 -1.69867
6050.0 3250.0 -1.65859
6150.0 3250.0 -1.57635
6250.0 3250.0 -1.46883
6350.0 3250.0 -1.35266
50.0 3350.0 -1.59026
150.0 3350.0 -1.59238
250.0 3350.0 -1.52967
350.0 3350.0 -1.37809
450.0 3350.0 -1.14580
550.0 3350.0 -0.86115
650.0 3350.0 -0.56239
750.0 3350.0 -0.28912
850.0 3350.0 -0.07547
950.0 3350.0 0.05498
1050.0 3350.0 0.09263
1150.0 3350.0 0.04344
1250.0 3350.0 -0.07110
1350.0 3350.0 -0.21563
1450.0 3350.0 -0.33808
1550.0 3350.0 -0.39010
1650.0 3350.0 -0.35332
1750.0 3350.0 -0.23380
1850.0 3350.0 -0.05461
1950.0 3350.0 0.15108
2050.0 3350.0 0.34638
2150.0 3350.0 0.49647
2250.0 3350.0 0.57391
2350.0 3350.0 0.56338
2450.0 3350.0 0.46589
2550.0 3350.0 0.30246
2650.0 3350.0 0.11190
2750.0 3350.0 -0.11044
2850.0 3350.0 -0.37387
2950.0 3350.0 -0.65040
3050.0 3350.0 -0.89573
3150.0 3350.0 -1.06654
3250.0 3350.0 -1.13273
3350.0 3350.0 -1.08446
3450.0 3350.0 -0.93406
3550.0 3350.0 -0.71277
3650.0 3350.0 -0.46244
3750.0 3350.0 -0.22192
3850.0 3350.0 -0.00848
3950.0 3350.0 0.19463
4050.0 3350.0 0.38545
4150.0 3350.0 0.53815
4250.0 3350.0 0.62407
4350.0 3350.0 0.62176
4450.0 3350.0 0.52355
4550.0 3350.0 0.33857
4650.0 3350.0 0.09232
4750.0 3350.0 -0.17727
4850.0 3350.0 -0.42735
4950.0 3350.0 -0.62104
5050.0 3350.0 -0.74195
5150.0 3350.0 -0.81200
5250.0 3350.0 -0.88665
5350.0 3350.0 -0.99222
5450.0 3350.0 -1.12666
5550.0 3350.0 -1.27309
5650.0 3350.0 -1.40895
5750.0 3350.0 -1.51312
5850.0 3350.0 -1.57080
5950.0 3350.0 -1.57626
6050.0 3350.0 -1.53349
6150.0 3350.0 -1.45460
6250.0 3350.0 -1.35614
6350.0 3350.0 -1.25328
50.0 3450.0 -1.34510
150.0 3450.0 -1.36079
250.0 3450.0 -1.30212
350.0 3450.0 -1.14216
450.0 3450.0 -0.89110
550.0 3450.0 -0.58220
650.0 3450.0 -0.25975
750.0 3450.0 0.03090
850.0 3450.0 0.25115
950.0 3450.0 0.37493
1050.0 3450.0 0.39236
1150.0 3450.0 0.31135
1250.0 3450.0 0.15706
1350.0 3450.0 -0.03056
1450.0 3450.0 -0.19755
1550.0 3450.0 -0.29519
1650.0 3450.0 -0.30099
1750.0 3450.0 -0.21539
1850.0 3450.0 -0.05654
1950.0 3450.0 0.14506
2050.0 3450.0 0.35221
2150.0 3450.0 0.52665
2250.0 3450.0 0.63507
2350.0 3450.0 0.65518
2450.0 3450.0 0.58197
2550.0 3450.0 0.43418
2650.0 3450.0 0.25438
2750.0 3450.0 0.03489
2850.0 3450.0 -0.23991
2950.0 3450.0 -0.54191
3050.0 3450.0 -0.82241
3150.0 3450.0 -1.03157
3250.0 3450.0 -1.13230
3350.0 3450.0 -1.10867
3450.0 3450.0 -0.96879
3550.0 3450.0 -0.74211
3650.0 3450.0 -0.47130
3750.0 3450.0 -0.19850
3850.0 3450.0 0.05387
3950.0 3450.0 0.29768
4050.0 3450.0 0.53063
4150.0 3450.0 0.72441
4250.0 3450.0 0.84562
4350.0 3450.0 0.86803
4450.0 3450.0 0.78074
4550.0 3450.0 0.59212
4650.0 3450.0 0.32970
4750.0 3450.0 0.03589
4850.0 3450.0 -0.24043
4950.0 3450.0 -0.45649
5050.0 3450.0 -0.59225
5150.0 3450.0 -0.67114
5250.0 3450.0 -0.75219
5350.0 3450.0 -0.85904
5450.0 3450.0 -0.98825
5550.0 3450.0 -1.12344
5650.0 3450.0 -1.24393
5750.0 3450.0 -1.33113
5850.0 3450.0 -1.37300
5950.0 3450.0 -1.36635
6050.0 3450.0 -1.31704
6150.0 3450.0 -1.23818
6250.0 3450.0 -1.14611
6350.0 3450.0 -1.05445
50.0 3550.0 -1.01237
150.0 3550.0 -1.03922
250.0 3550.0 -0.98783
350.0 3550.0 -0.83077
450.0 3550.0 -0.58014
550.0 3550.0 -0.27208
650.0 3550.0 0.04614
750.0 3550.0 0.32690
850.0 3550.0 0.53042
950.0 3550.0 0.63076
1050.0 3550.0 0.61932
1150.0 3550.0 0.50605
1250.0 3550.0 0.31825
1350.0 3550.0 0.09711
1450.0 3550.0 -0.10459
1550.0 3550.0 -0.23872
1650.0 3550.0 -0.27992
1750.0 3550.0 -0.22425
1850.0 3550.0 -0.08582
1950.0 3550.0 0.10740
2050.0 3550.0 0.31843
2150.0 3550.0 0.50691
2250.0 3550.0 0.63542
2350.0 3550.0 0.67655
2450.0 3550.0 0.62070
2550.0 3550.0 0.48460
2650.0 3550.0 0.31314
2750.0 3550.0 0.09646
2850.0 3550.0 -0.18536
2950.0 3550.0 -0.50390
3050.0 3550.0 -0.80721
3150.0 3550.0 -1.04072
3250.0 3550.0 -1.16245
3350.0 3550.0 -1.15233
3450.0 3550.0 -1.01574
3550.0 3550.0 -0.78116
3650.0 3550.0 -0.49215
3750.0 3550.0 -0.19333
3850.0 3550.0 0.08930
3950.0 3550.0 0.36482
4050.0 3550.0 0.63222
4150.0 3550.0 0.86228
4250.0 3550.0 1.01813
4350.0 3550.0 1.06947
4450.0 3550.0 1.00205
4550.0 3550.0 0.82255
4650.0 3550.0 0.55892
4750.0 3550.0 0.25596
4850.0 3550.0 -0.03361
4950.0 3550.0 -0.26276
5050.0 3550.0 -0.40837
5150.0 3550.0 -0.49391
5250.0 3550.0 -0.57961
5350.0 3550.0 -0.68617
5450.0 3550.0 -0.80871
5550.0 3550.0 -0.93128
5650.0 3550.0 -1.03488
5750.0 3550.0 -1.10334
5850.0 3550.0 -1.12731
5950.0 3550.0 -1.10609
6050.0 3550.0 -1.04749
6150.0 3550.0 -0.96568
6250.0 3550.0 -0.87695
6350.0 3550.0 -0.79344
50.0 3650.0 -0.65133
150.0 3650.0 -0.68618
250.0 3650.0 -0.64445
350.0 3650.0 -0.50059
450.0 3650.0 -0.26820
550.0 3650.0 0.01573
650.0 3650.0 0.30410
750.0 3650.0 0.55040
850.0 3650.0 0.71688
950.0 3650.0 0.78011
1050.0 3650.0 0.73413
1150.0 3650.0 0.59086
1250.0 3650.0 0.37814
1350.0 3650.0 0.13520
1450.0 3650.0 -0.08913
1550.0 3650.0 -0.24802
1650.0 3650.0 -0.31454
1750.0 3650.0 -0.28194
1850.0 3650.0 -0.16143
1950.0 3650.0 0.02103
2050.0 3650.0 0.22918
2150.0 3650.0 0.42178
2250.0 3650.0 0.55925
2350.0 3650.0 0.61118
2450.0 3650.0 0.56506
2550.0 3650.0 0.43607
2650.0 3650.0 0.27002
2750.0 3650.0 0.05603
2850.0 3650.0 -0.22770
2950.0 3650.0 -0.55228
3050.0 3650.0 -0.86380
3150.0 3650.0 -1.10521
3250.0 3650.0 -1.23209
3350.0 3650.0 -1.22253
3450.0 3650.0 -1.08092
3550.0 3650.0 -0.83577
3650.0 3650.0 -0.53153
3750.0 3650.0 -0.21438
3850.0 3650.0 0.08799
3950.0 3650.0 0.38417
4050.0 3650.0 0.67587
4150.0 3650.0 0.93435
4250.0 3650.0 1.12077
4350.0 3650.0 1.20174
4450.0 3650.0 1.15991
4550.0 3650.0 0.99968
4650.0 3650.0 0.74794
4750.0 3650.0 0.44982
4850.0 3650.0 0.15964
4950.0 3650.0 -0.07324
5050.0 3650.0 -0.22337
5150.0 3650.0 -0.31298
5250.0 3650.0 -0.40134
5350.0 3650.0 -0.50633
5450.0 3650.0 -0.62176
5550.0 3650.0 -0.73195
5650.0 3650.0 -0.81928
5750.0 3650.0 -0.86962
5850.0 3650.0 -0.87593
5950.0 3650.0 -0.83970
6050.0 3650.0 -0.77054
6150.0 3650.0 -0.68364
6250.0 3650.0 -0.59532
6350.0 3650.0 -0.51651
50.0 3750.0 -0.31484
150.0 3750.0 -0.35445
250.0 3750.0 -0.32370
350.0 3750.0 -0.20069
450.0 3750.0 -0.00020
550.0 3750.0 0.24181
650.0 3750.0 0.48097
750.0 3750.0 0.67469
850.0 3750.0 0.78972
950.0 3750.0 0.80707
1050.0 3750.0 0.72428
1150.0 3750.0 0.55509
1250.0 3750.0 0.32646
1350.0 3750.0 0.07309
1450.0 3750.0 -0.16204
1550.0 3750.0 -0.33383
1650.0 3750.0 -0.41500
1750.0 3750.0 -0.39744
1850.0 3750.0 -0.29076
1950.0 3750.0 -0.11944
2050.0 3750.0 0.08115
2150.0 3750.0 0.27002
2250.0 3750.0 0.40706
2350.0 3750.0 0.46084
2450.0 3750.0 0.41758
2550.0 3750.0 0.29140
2650.0 3750.0 0.12791
2750.0 3750.0 -0.08354
2850.0 3750.0 -0.36434
2950.0 3750.0 -0.68497
3050.0 3750.0 -0.99087
3150.0 3750.0 -1.22457
3250.0 3750.0 -1.34160
3350.0 3750.0 -1.32039
3450.0 3750.0 -1.16604
3550.0 3750.0 -0.90798
3650.0 3750.0 -0.59156
3750.0 3750.0 -0.26359
3850.0 3750.0 0.04832
3950.0 3750.0 0.35439
4050.0 3750.0 0.65996
4150.0 3750.0 0.93789
4250.0 3750.0 1.14872
4350.0 3750.0 1.25706
4450.0 3750.0 1.24298
4550.0 3750.0 1.10829
4650.0 3750.0 0.87775
4750.0 3750.0 0.59519
4850.0 3750.0 0.31453
4950.0 3750.0 0.08576
5050.0 3750.0 -0.06418
5150.0 3750.0 -0.15543
5250.0 3750.0 -0.24463
5350.0 3750.0 -0.34722
5450.0 3750.0 -0.45596
5550.0 3750.0 -0.55530
5650.0 3750.0 -0.62860
5750.0 3750.0 -0.66325
5850.0 3750.0 -0.65398
5950.0 3750.0 -0.60405
6050.0 3750.0 -0.52448
6150.0 3750.0 -0.43137
6250.0 3750.0 -0.34115
6350.0 3750.0 -0.26387
50.0 3850.0 -0.02306
150.0 3850.0 -0.06512
250.0 3850.0 -0.04571
350.0 3850.0 0.05236
450.0 3850.0 0.21348
550.0 3850.0 0.40383
650.0 3850.0 0.58334
750.0 3850.0 0.71500
850.0 3850.0 0.77150
950.0 3850.0 0.73927
1050.0 3850.0 0.61983
1150.0 3850.0 0.42853
1250.0 3850.0 0.19058
1350.0 3850.0 -0.06531
1450.0 3850.0 -0.30302
1550.0 3850.0 -0.47930
1650.0 3850.0 -0.56725
1750.0 3850.0 -0.55849
1850.0 3850.0 -0.46187
1950.0 3850.0 -0.30094
2050.0 3850.0 -0.11010
2150.0 3850.0 0.07052
2250.0 3850.0 0.20141
2350.0 3850.0 0.25138
2450.0 3850.0 0.20648
2550.0 3850.0 0.08021
2650.0 3850.0 -0.08268
2750.0 3850.0 -0.29169
2850.0 3850.0 -0.56630
2950.0 3850.0 -0.87620
3050.0 3850.0 -1.16707
3150.0 3850.0 -1.38247
3250.0 3850.0 -1.47950
3350.0 3850.0 -1.43842
3450.0 3850.0 -1.26615
3550.0 3850.0 -0.99367
3650.0 3850.0 -0.66726
3750.0 3850.0 -0.33370
3850.0 3850.0 -0.01930
3950.0 3850.0 0.28918
4050.0 3850.0 0.60112
4150.0 3850.0 0.89159
4250.0 3850.0 1.12139
4350.0 3850.0 1.25398
4450.0 3850.0 1.26730
4550.0 3850.0 1.16057
4650.0 3850.0 0.95589
4750.0 3850.0 0.69475
4850.0 3850.0 0.42949
4950.0 3850.0 0.20957
5050.0 3850.0 0.06279
5150.0 3850.0 -0.02844
5250.0 3850.0 -0.11726
5350.0 3850.0 -0.21711
5450.0 3850.0 -0.31991
5550.0 3850.0 -0.41014
5650.0 3850.0 -0.47182
5750.0 3850.0 -0.49345
5850.0 3850.0 -0.47105
5950.0 3850.0 -0.40920
6050.0 3850.0 -0.32007
6150.0 3850.0 -0.22050
6250.0 3850.0 -0.12707
6350.0 3850.0 -0.04921
50.0 3950.0 0.25183
150.0 3950.0 0.20705
250.0 3950.0 0.21413
350.0 3950.0 0.28549
450.0 3950.0 0.40498
550.0 3950.0 0.54145
650.0 3950.0 0.65966
750.0 3950.0 0.72856
850.0 3950.0 0.72703
950.0 3950.0 0.64691
1050.0 3950.0 0.49349
1150.0 3950.0 0.28337
1250.0 3950.0 0.03964
1350.0 3950.0 -0.21522
1450.0 3950.0 -0.45223
1550.0 3950.0 -0.63060
1650.0 3950.0 -0.72433
1750.0 3950.0 -0.72496
1850.0 3950.0 -0.64057
1950.0 3950.0 -0.49346
2050.0 3950.0 -0.31653
2150.0 3950.0 -0.14841
2250.0 3950.0 -0.02730
2350.0 3950.0 0.01645
2450.0 3950.0 -0.03096
2550.0 3950.0 -0.15680
2650.0 3950.0 -0.31798
2750.0 3950.0 -0.52291
2850.0 3950.0 -0.78877
2950.0 3950.0 -1.08458
3050.0 3950.0 -1.35665
3150.0 3950.0 -1.55007
3250.0 3950.0 -1.62396
3350.0 3950.0 -1.56079
3450.0 3950.0 -1.36950
3550.0 3950.0 -1.08258
3650.0 3950.0 -0.74706
3750.0 3950.0 -0.40938
3850.0 3950.0 -0.09425
3950.0 3950.0 0.21481
4050.0 3950.0 0.53108
4150.0 3950.0 0.83198
4250.0 3950.0 1.07891
4350.0 3950.0 1.23452
4450.0 3950.0 1.27493
4550.0 3950.0 1.19687
4650.0 3950.0 1.01968
4750.0 3950.0 0.78229
4850.0 3950.0 0.53504
4950.0 3950.0 0.32646
5050.0 3950.0 0.18495
5150.0 3950.0 0.09548
5250.0 3950.0 0.00864
5350.0 3950.0 -0.08721
5450.0 3950.0 -0.18350
5550.0 3950.0 -0.26499
5650.0 3950.0 -0.31644
5750.0 3950.0 -0.32741
5850.0 3950.0 -0.29498
5950.0 3950.0 -0.22468
6050.0 3950.0 -0.12935
6150.0 3950.0 -0.02614
6250.0 3950.0 0.06852
6350.0 3950.0 0.14583
50.0 4050.0 0.50755
150.0 4050.0 0.45495
250.0 4050.0 0.44392
350.0 4050.0 0.48284
450.0 4050.0 0.55651
550.0 4050.0 0.63796
650.0 4050.0 0.69785
750.0 4050.0 0.71142
850.0 4050.0 0.66320
950.0 4050.0 0.54913
1050.0 4050.0 0.37652
1150.0 4050.0 0.16142
1250.0 4050.0 -0.07625
1350.0 4050.0 -0.31981
1450.0 4050.0 -0.54789
1550.0 4050.0 -0.72568
1650.0 4050.0 -0.82978
1750.0 4050.0 -0.85159
1850.0 4050.0 -0.79694
1950.0 4050.0 -0.68442
2050.0 4050.0 -0.54247
2150.0 4050.0 -0.40519
2250.0 4050.0 -0.30690
2350.0 4050.0 -0.27538
2450.0 4050.0 -0.32395
2550.0 4050.0 -0.44214
2650.0 4050.0 -0.59209
2750.0 4050.0 -0.78293
2850.0 4050.0 -1.02969
2950.0 4050.0 -1.30153
3050.0 4050.0 -1.54645
3150.0 4050.0 -1.71190
3250.0 4050.0 -1.75953
3350.0 4050.0 -1.67391
3450.0 4050.0 -1.46538
3550.0 4050.0 -1.16691
3650.0 4050.0 -0.82510
3750.0 4050.0 -0.48514
3850.0 4050.0 -0.16987
3950.0 4050.0 0.13929
4050.0 4050.0 0.45831
4150.0 4050.0 0.76685
4250.0 4050.0 1.02764
4350.0 4050.0 1.20356
4450.0 4050.0 1.26990
4550.0 4050.0 1.22161
4650.0 4050.0 1.07554
4750.0 4050.0 0.86783
4850.0 4050.0 0.64621
4950.0 4050.0 0.45741
5050.0 4050.0 0.32962
5150.0 4050.0 0.25010
5250.0 4050.0 0.17337
5350.0 4050.0 0.08902
5450.0 4050.0 0.00463
5550.0 4050.0 -0.06644
5650.0 4050.0 -0.11093
5750.0 4050.0 -0.11978
5850.0 4050.0 -0.09061
5950.0 4050.0 -0.02840
6050.0 4050.0 0.05548
6150.0 4050.0 0.14592
6250.0 4050.0 0.22852
6350.0 4050.0 0.29562
50.0 4150.0 0.71559
150.0 4150.0 0.64710
250.0 4150.0 0.60919
350.0 4150.0 0.60752
450.0 4150.0 0.63023
550.0 4150.0 0.65688
650.0 4150.0 0.66554
750.0 4150.0 0.63808
850.0 4150.0 0.56353
950.0 4150.0 0.43971
1050.0 4150.0 0.27289
1150.0 4150.0 0.07574
1250.0 4150.0 -0.13667
1350.0 4150.0 -0.35252
1450.0 4150.0 -0.55824
1550.0 4150.0 -0.72995
1650.0 4150.0 -0.84937
1750.0 4150.0 -0.90766
1850.0 4150.0 -0.90625
1950.0 4150.0 -0.85653
2050.0 4150.0 -0.77823
2150.0 4150.0 -0.69660
2250.0 4150.0 -0.63831
2350.0 4150.0 -0.62614
2450.0 4150.0 -0.67238
2550.0 4150.0 -0.77103
2650.0 4150.0 -0.89458
2750.0 4150.0 -1.05576
2850.0 4150.0 -1.26813
2950.0 4150.0 -1.50243
3050.0 4150.0 -1.70990
3150.0 4150.0 -1.84155
3250.0 4150.0 -1.86191
3350.0 4150.0 -1.75713
3450.0 4150.0 -1.53760
3550.0 4150.0 -1.23484
3650.0 4150.0 -0.89294
3750.0 4150.0 -0.55435
3850.0 4150.0 -0.24008
3950.0 4150.0 0.06835
4050.0 4150.0 0.38697
4150.0 4150.0 0.69726
4250.0 4150.0 0.96433
4350.0 4150.0 1.15310
4450.0 4150.0 1.23990
4550.0 4150.0 1.21935
4650.0 4150.0 1.10663
4750.0 4150.0 0.93505
4850.0 4150.0 0.74896
4950.0 4150.0 0.59207
5050.0 4150.0 0.49101
5150.0 4150.0 0.43446
5250.0 4150.0 0.38097
5350.0 4150.0 0.32068
5450.0 4150.0 0.25803
5550.0 4150.0 0.20188
5650.0 4150.0 0.16151
5750.0 4150.0 0.14373
5850.0 4150.0 0.15108
5950.0 4150.0 0.18123
6050.0 4150.0 0.22746
6150.0 4150.0 0.28032
6250.0 4150.0 0.33036
6350.0 4150.0 0.37206
50.0 4250.0 0.84858
150.0 4250.0 0.75562
250.0 4250.0 0.68197
350.0 4250.0 0.63230
450.0 4250.0 0.60068
550.0 4250.0 0.57559
650.0 4250.0 0.54396
750.0 4250.0 0.49422
850.0 4250.0 0.41845
950.0 4250.0 0.31354
1050.0 4250.0 0.18134
1150.0 4250.0 0.02792
1250.0 4250.0 -0.13816
1350.0 4250.0 -0.30857
1450.0 4250.0 -0.47705
1550.0 4250.0 -0.63506
1650.0 4250.0 -0.77181
1750.0 4250.0 -0.87810
1850.0 4250.0 -0.94904
1950.0 4250.0 -0.98559
2050.0 4250.0 -0.99488
2150.0 4250.0 -0.98932
2250.0 4250.0 -0.98448
2350.0 4250.0 -0.99583
2450.0 4250.0 -1.03420
2550.0 4250.0 -1.10000
2650.0 4250.0 -1.18084
2750.0 4250.0 -1.29621
2850.0 4250.0 -1.45945
2950.0 4250.0 -1.64465
3050.0 4250.0 -1.80786
3150.0 4250.0 -1.90457
3250.0 4250.0 -1.90211
3350.0 4250.0 -1.78713
3450.0 4250.0 -1.56805
3550.0 4250.0 -1.27245
3650.0 4250.0 -0.93948
3750.0 4250.0 -0.60730
3850.0 4250.0 -0.29543
3950.0 4250.0 0.01124
4050.0 4250.0 0.32523
4150.0 4250.0 0.62890
4250.0 4250.0 0.89083
4350.0 4250.0 1.08007
4450.0 4250.0 1.17637
4550.0 4250.0 1.17611
4650.0 4250.0 1.09414
4750.0 4250.0 0.96139
4850.0 4250.0 0.81842
4950.0 4250.0 0.70466
5050.0 4250.0 0.64361
5150.0 4250.0 0.62396
5250.0 4250.0 0.60802
5350.0 4250.0 0.58617
5450.0 4250.0 0.55753
5550.0 4250.0 0.52371
5650.0 4250.0 0.48765
5750.0 4250.0 0.45272
5850.0 4250.0 0.42197
5950.0 4250.0 0.39763
6050.0 4250.0 0.38079
6150.0 4250.0 0.37128
6250.0 4250.0 0.36776
6350.0 4250.0 0.36802
50.0 4350.0 0.88866
150.0 4350.0 0.76401
250.0 4350.0 0.64776
350.0 4350.0 0.54538
450.0 4350.0 0.45916
550.0 4350.0 0.38839
650.0 4350.0 0.32974
750.0 4350.0 0.27787
850.0 4350.0 0.22621
950.0 4350.0 0.16797
1050.0 4350.0 0.09740
1150.0 4350.0 0.01115
1250.0 4350.0 -0.09005
1350.0 4350.0 -0.19981
1450.0 4350.0 -0.31777
1550.0 4350.0 -0.45353
1650.0 4350.0 -0.60531
1750.0 4350.0 -0.76353
1850.0 4350.0 -0.91574
1950.0 4350.0 -1.05037
2050.0 4350.0 -1.15943
2150.0 4350.0 -1.23986
2250.0 4350.0 -1.29390
2350.0 4350.0 -1.32820
2450.0 4350.0 -1.35173
2550.0 4350.0 -1.37265
2650.0 4350.0 -1.39685
2750.0 4350.0 -1.45329
2850.0 4350.0 -1.55685
2950.0 4350.0 -1.68672
3050.0 4350.0 -1.80500
3150.0 4350.0 -1.87198
3250.0 4350.0 -1.85719
3350.0 4350.0 -1.74618
3450.0 4350.0 -1.54307
3550.0 4350.0 -1.26883
3650.0 4350.0 -0.95534
3750.0 4350.0 -0.63518
3850.0 4350.0 -0.32718
3950.0 4350.0 -0.02329
4050.0 4350.0 0.28142
4150.0 4350.0 0.56887
4250.0 4350.0 0.81191
4350.0 4350.0 0.98579
4450.0 4350.0 1.07613
4550.0 4350.0 1.08342
4650.0 4350.0 1.02395
4750.0 4350.0 0.92729
4850.0 4350.0 0.83018
4950.0 4350.0 0.76694
5050.0 4350.0 0.75642
5150.0 4350.0 0.78551
5250.0 4350.0 0.81963
5350.0 4350.0 0.84952
5450.0 4350.0 0.86747
5550.0 4350.0 0.86541
5650.0 4350.0 0.83774
5750.0 4350.0 0.78302
5850.0 4350.0 0.70468
5950.0 4350.0 0.61072
6050.0 4350.0 0.51234
6150.0 4350.0 0.42153
6250.0 4350.0 0.34770
6350.0 4350.0 0.29318
50.0 4450.0 0.83275
150.0 4450.0 0.67181
250.0 4450.0 0.50935
350.0 4450.0 0.35318
450.0 4450.0 0.21538
550.0 4450.0 0.10709
650.0 4450.0 0.03497
750.0 4450.0 -0.00082
850.0 4450.0 -0.00710
950.0 4450.0 0.00348
1050.0 4450.0 0.01509
1150.0 4450.0 0.01303
1250.0 4450.0 -0.01054
1350.0 4450.0 -0.04960
1450.0 4450.0 -0.10769
1550.0 4450.0 -0.21310
1650.0 4450.0 -0.37349
1750.0 4450.0 -0.57893
1850.0 4450.0 -0.80909
1950.0 4450.0 -1.03938
2050.0 4450.0 -1.24595
2150.0 4450.0 -1.40963
2250.0 4450.0 -1.51864
2350.0 4450.0 -1.57036
2450.0 4450.0 -1.57183
2550.0 4450.0 -1.53923
2650.0 4450.0 -1.49770
2750.0 4450.0 -1.48747
2850.0 4450.0 -1.52699
2950.0 4450.0 -1.60196
3050.0 4450.0 -1.68115
3150.0 4450.0 -1.72942
3250.0 4450.0 -1.71737
3350.0 4450.0 -1.62759
3450.0 4450.0 -1.45762
3550.0 4450.0 -1.21947
3650.0 4450.0 -0.93585
3750.0 4450.0 -0.63299
3850.0 4450.0 -0.33011
3950.0 4450.0 -0.02985
4050.0 4450.0 0.26126
4150.0 4450.0 0.52322
4250.0 4450.0 0.73354
4350.0 4450.0 0.87523
4450.0 4450.0 0.94199
4550.0 4450.0 0.94067
4650.0 4450.0 0.89096
4750.0 4450.0 0.82234
4850.0 4450.0 0.76829
4950.0 4450.0 0.75770
5050.0 4450.0 0.80355
5150.0 4450.0 0.88904
5250.0 4450.0 0.98169
5350.0 4450.0 1.07328
5450.0 4450.0 1.14856
5550.0 4450.0 1.18825
5650.0 4450.0 1.17645
5750.0 4450.0 1.10560
5850.0 4450.0 0.97893
5950.0 4450.0 0.81044
6050.0 4450.0 0.62248
6150.0 4450.0 0.44082
6250.0 4450.0 0.28722
6350.0 4450.0 0.16963
50.0 4550.0 0.69444
150.0 4550.0 0.49599
250.0 4550.0 0.28749
350.0 4550.0 0.08019
450.0 4550.0 -0.10350
550.0 4550.0 -0.24050
650.0 4550.0 -0.31463
750.0 4550.0 -0.32118
850.0 4550.0 -0.26841
950.0 4550.0 -0.17621
1050.0 4550.0 -0.07169
1150.0 4550.0 0.01825
1250.0 4550.0 0.07725
1350.0 4550.0 0.11215
1450.0 4550.0 0.11783
1550.0 4550.0 0.04903
1650.0 4550.0 -0.11065
1750.0 4550.0 -0.35100
1850.0 4550.0 -0.64449
1950.0 4550.0 -0.95454
2050.0 4550.0 -1.24276
2150.0 4550.0 -1.47504
2250.0 4550.0 -1.62670
2350.0 4550.0 -1.68650
2450.0 4550.0 -1.65964
2550.0 4550.0 -1.56968
2650.0 4550.0 -1.45959
2750.0 4550.0 -1.38156
2850.0 4550.0 -1.35944
2950.0 4550.0 -1.38633
3050.0 4550.0 -1.43764
3150.0 4550.0 -1.48198
3250.0 4550.0 -1.48958
3350.0 4550.0 -1.43833
3450.0 4550.0 -1.31730
3550.0 4550.0 -1.12791
3650.0 4550.0 -0.88258
3750.0 4550.0 -0.60105
3850.0 4550.0 -0.30414
3950.0 4550.0 -0.00804
4050.0 4550.0 0.26625
4150.0 4550.0 0.49535
4250.0 4550.0 0.66140
4350.0 4550.0 0.75606
4450.0 4550.0 0.78259
4550.0 4550.0 0.75598
4650.0 4550.0 0.70105
4750.0 4550.0 0.64869
4850.0 4550.0 0.63002
4950.0 4550.0 0.66869
5050.0 4550.0 0.77118
5150.0 4550.0 0.91534
5250.0 4550.0 1.06961
5350.0 4550.0 1.22788
5450.0 4550.0 1.36761
5550.0 4550.0 1.45782
5650.0 4550.0 1.47139
5750.0 4550.0 1.39360
5850.0 4550.0 1.22646
5950.0 4550.0 0.98931
6050.0 4550.0 0.71529
6150.0 4550.0 0.44397
6250.0 4550.0 0.20990
6350.0 4550.0 0.02731
50.0 4650.0 0.50281
150.0 4650.0 0.26914
250.0 4650.0 0.01848
350.0 4650.0 -0.23416
450.0 4650.0 -0.45648
550.0 4650.0 -0.61444
650.0 4650.0 -0.68339
750.0 4650.0 -0.65497
850.0 4650.0 -0.53956
950.0 4650.0 -0.36453
1050.0 4650.0 -0.16809
1150.0 4650.0 0.01116
1250.0 4650.0 0.14901
1350.0 4650.0 0.25386
1450.0 4650.0 0.32112
1550.0 4650.0 0.29219
1650.0 4650.0 0.14362
1750.0 4650.0 -0.11421
1850.0 4650.0 -0.44807
1950.0 4650.0 -0.81184
2050.0 4650.0 -1.15545
2150.0 4650.0 -1.43284
2250.0 4650.0 -1.60891
2350.0 4650.0 -1.66546
2450.0 4650.0 -1.60614
2550.0 4650.0 -1.46041
2650.0 4650.0 -1.28565
2750.0 4650.0 -1.14537
2850.0 4650.0 -1.07021
2950.0 4650.0 -1.06084
3050.0 4650.0 -1.09859
3150.0 4650.0 -1.15462
3250.0 4650.0 -1.19738
3350.0 4650.0 -1.19867
3450.0 4650.0 -1.13804
3550.0 4650.0 -1.00564
3650.0 4650.0 -0.80350
3750.0 4650.0 -0.54535
3850.0 4650.0 -0.25470
3950.0 4650.0 0.03712
4050.0 4650.0 0.29304
4150.0 4650.0 0.48522
4250.0 4650.0 0.59989
4350.0 4650.0 0.63742
4450.0 4650.0 0.61120
4550.0 4650.0 0.54528
4650.0 4650.0 0.47087
4750.0 4650.0 0.42153
4850.0 4650.0 0.42719
4950.0 4650.0 0.50701
5050.0 4650.0 0.66091
5150.0 4650.0 0.86024
5250.0 4650.0 1.07338
5350.0 4650.0 1.29744
5450.0 4650.0 1.50383
5550.0 4650.0 1.65047
5650.0 4650.0 1.69909
5750.0 4650.0 1.62718
5850.0 4650.0 1.43443
5950.0 4650.0 1.14397
6050.0 4650.0 0.79807
6150.0 4650.0 0.44863
6250.0 4650.0 0.14210
6350.0 4650.0 -0.10079
50.0 4750.0 0.29786
150.0 4750.0 0.03446
250.0 4750.0 -0.25148
350.0 4750.0 -0.54154
450.0 4750.0 -0.79506
550.0 4750.0 -0.96878
650.0 4750.0 -1.03109
750.0 4750.0 -0.97072
850.0 4750.0 -0.80008
950.0 4750.0 -0.55309
1050.0 4750.0 -0.27752
1150.0 4750.0 -0.02189
1250.0 4750.0 0.18300
1350.0 4750.0 0.34709
1450.0 4750.0 0.46795
1550.0 4750.0 0.47843
1650.0 4750.0 0.35047
1750.0 4750.0 0.09445
1850.0 4750.0 -0.25274
1950.0 4750.0 -0.63878
2050.0 4750.0 -1.00599
2150.0 4750.0 -1.30044
2250.0 4750.0 -1.48016
2350.0 4750.0 -1.52228
2450.0 4750.0 -1.42938
2550.0 4750.0 -1.23471
2650.0 4750.0 -1.00529
2750.0 4750.0 -0.81408
2850.0 4750.0 -0.69915
2950.0 4750.0 -0.66814
3050.0 4750.0 -0.70711
3150.0 4750.0 -0.78831
3250.0 4750.0 -0.87729
3350.0 4750.0 -0.93910
3450.0 4750.0 -0.94366
3550.0 4750.0 -0.87035
3650.0 4750.0 -0.71176
3750.0 4750.0 -0.47660
3850.0 4750.0 -0.19185
3950.0 4750.0 0.09600
4050.0 4750.0 0.33401
4150.0 4750.0 0.48935
4250.0 4750.0 0.55147
4350.0 4750.0 0.52859
4450.0 4750.0 0.44371
4550.0 4750.0 0.32991
4650.0 4750.0 0.22521
4750.0 4750.0 0.16674
4850.0 4750.0 0.18440
4950.0 4750.0 0.29393
5050.0 4750.0 0.48936
5150.0 4750.0 0.73520
5250.0 4750.0 0.99896
5350.0 4750.0 1.28214
5450.0 4750.0 1.55192
5550.0 4750.0 1.75685
5650.0 4750.0 1.84851
5750.0 4750.0 1.79657
5850.0 4750.0 1.59734
5950.0 4750.0 1.27564
6050.0 4750.0 0.88024
6150.0 4750.0 0.47255
6250.0 4750.0 0.10895
6350.0 4750.0 -0.18367
50.0 4850.0 0.12287
150.0 4850.0 -0.16251
250.0 4850.0 -0.47493
350.0 4850.0 -0.79374
450.0 4850.0 -1.07213
550.0 4850.0 -1.25997
650.0 4850.0 -1.32026
750.0 4850.0 -1.23937
850.0 4850.0 -1.03089
950.0 4850.0 -0.73329
1050.0 4850.0 -0.40117
1150.0 4850.0 -0.09033
1250.0 4850.0 0.16354
1350.0 4850.0 0.37122
1450.0 4850.0 0.53313
1550.0 4850.0 0.57890
1650.0 4850.0 0.47845
1750.0 4850.0 0.24208
1850.0 4850.0 -0.09194
1950.0 4850.0 -0.46881
2050.0 4850.0 -0.82771
2150.0 4850.0 -1.11143
2250.0 4850.0 -1.27506
2350.0 4850.0 -1.29371
2450.0 4850.0 -1.16935
2550.0 4850.0 -0.93677
2650.0 4850.0 -0.66719
2750.0 4850.0 -0.44030
2850.0 4850.0 -0.30132
2950.0 4850.0 -0.26365
3050.0 4850.0 -0.31643
3150.0 4850.0 -0.43176
3250.0 4850.0 -0.57157
3350.0 4850.0 -0.69429
3450.0 4850.0 -0.76118
3550.0 4850.0 -0.74244
3650.0 4850.0 -0.62300
3750.0 4850.0 -0.40804
3850.0 4850.0 -0.12826
3950.0 4850.0 0.15635
4050.0 4850.0 0.37889
4150.0 4850.0 0.50169
4250.0 4850.0 0.51634
4350.0 4850.0 0.43734
4450.0 4850.0 0.29572
4550.0 4850.0 0.13251
4650.0 4850.0 -0.00787
4750.0 4850.0 -0.08439
4850.0 4850.0 -0.06622
4950.0 4850.0 0.06023
5050.0 4850.0 0.28430
5150.0 4850.0 0.56417
5250.0 4850.0 0.86614
5350.0 4850.0 1.19697
5450.0 4850.0 1.52187
5550.0 4850.0 1.78248
5650.0 4850.0 1.92202
5750.0 4850.0 1.90300
5850.0 4850.0 1.71743
5950.0 4850.0 1.38962
6050.0 4850.0 0.97151
6150.0 4850.0 0.53055
6250.0 4850.0 0.13011
6350.0 4850.0 -0.19754
50.0 4950.0 0.01341
150.0 4950.0 -0.28528
250.0 4950.0 -0.61506
350.0 4950.0 -0.95460
450.0 4950.0 -1.25358
550.0 4950.0 -1.45744
650.0 4950.0 -1.52533
750.0 4950.0 -1.44135
850.0 4950.0 -1.21893
950.0 4950.0 -0.89841
1050.0 4950.0 -0.53790
1150.0 4950.0 -0.19728
1250.0 4950.0 0.08457
1350.0 4950.0 0.31807
1450.0 4950.0 0.50626
1550.0 4950.0 0.58037
1650.0 4950.0 0.51082
1750.0 4950.0 0.30772
1850.0 4950.0 0.00863
1950.0 4950.0 -0.33262
2050.0 4950.0 -0.65630
2150.0 4950.0 -0.90619
2250.0 4950.0 -1.03813
2350.0 4950.0 -1.02765
2450.0 4950.0 -0.87667
2550.0 4950.0 -0.61933
2650.0 4950.0 -0.32598
2750.0 4950.0 -0.07988
2850.0 4950.0 0.06763
2950.0 4950.0 0.09909
3050.0 4950.0 0.02387
3150.0 4950.0 -0.12887
3250.0 4950.0 -0.31733
3350.0 4950.0 -0.49420
3450.0 4950.0 -0.61388
3550.0 4950.0 -0.63972
3650.0 4950.0 -0.55136
3750.0 4950.0 -0.35199
3850.0 4950.0 -0.07585
3950.0 4950.0 0.20650
4050.0 4950.0 0.41747
4150.0 4950.0 0.51531
4250.0 4950.0 0.49261
4350.0 4950.0 0.36810
4450.0 4950.0 0.17864
4550.0 4950.0 -0.02868
4650.0 4950.0 -0.20420
4750.0 4950.0 -0.30324
4850.0 4950.0 -0.29347
4950.0 4950.0 -0.16213
5050.0 4950.0 0.07695
5150.0 4950.0 0.37683
5250.0 4950.0 0.70271
5350.0 4950.0 1.06711
5450.0 4950.0 1.43550
5550.0 4950.0 1.74540
5650.0 4950.0 1.93399
5750.0 4950.0 1.95766
5850.0 4950.0 1.80364
5950.0 4950.0 1.49364
6050.0 4950.0 1.07952
6150.0 4950.0 0.63097
6250.0 4950.0 0.21522
6350.0 4950.0 -0.13121
50.0 5050.0 -0.01682
150.0 5050.0 -0.32117
250.0 5050.0 -0.66063
350.0 5050.0 -1.01492
450.0 5050.0 -1.33255
550.0 5050.0 -1.55658
650.0 5050.0 -1.64351
750.0 5050.0 -1.57499
850.0 5050.0 -1.36275
950.0 5050.0 -1.04641
1050.0 5050.0 -0.68437
1150.0 5050.0 -0.33769
1250.0 5050.0 -0.04701
1350.0 5050.0 0.19638
1450.0 5050.0 0.39725
1550.0 5050.0 0.49201
1650.0 5050.0 0.45352
1750.0 5050.0 0.29160
1850.0 5050.0 0.04155
1950.0 5050.0 -0.24640
2050.0 5050.0 -0.51677
2150.0 5050.0 -0.71757
2250.0 5050.0 -0.80825
2350.0 5050.0 -0.76661
2450.0 5050.0 -0.59489
2550.0 5050.0 -0.32502
2650.0 5050.0 -0.02254
2750.0 5050.0 0.22854
2850.0 5050.0 0.37220
2950.0 5050.0 0.38857
3050.0 5050.0 0.28692
3150.0 5050.0 0.09829
3250.0 5050.0 -0.13207
3350.0 5050.0 -0.35238
3450.0 5050.0 -0.51220
3550.0 5050.0 -0.57053
3650.0 5050.0 -0.50397
3750.0 5050.0 -0.31514
3850.0 5050.0 -0.04126
3950.0 5050.0 0.23980
4050.0 5050.0 0.44343
4150.0 5050.0 0.52482
4250.0 5050.0 0.47667
4350.0 5050.0 0.31994
4450.0 5050.0 0.09498
4550.0 5050.0 -0.14714
4650.0 5050.0 -0.35298
4750.0 5050.0 -0.47489
4850.0 5050.0 -0.47879
4950.0 5050.0 -0.35173
5050.0 5050.0 -0.10923
5150.0 5050.0 0.19817
5250.0 5050.0 0.53501
5350.0 5050.0 0.91965
5450.0 5050.0 1.31964
5550.0 5050.0 1.67091
5650.0 5050.0 1.90677
5750.0 5050.0 1.97871
5850.0 5050.0 1.86903
5950.0 5050.0 1.59531
6050.0 5050.0 1.20668
6150.0 5050.0 0.77187
6250.0 5050.0 0.35919
6350.0 5050.0 0.00822
50.0 5150.0 0.00679
150.0 5150.0 -0.29888
250.0 5150.0 -0.64390
350.0 5150.0 -1.01003
450.0 5150.0 -1.34596
550.0 5150.0 -1.59359
650.0 5150.0 -1.70723
750.0 5150.0 -1.66593
850.0 5150.0 -1.47875
950.0 5150.0 -1.18295
1050.0 5150.0 -0.83535
1150.0 5150.0 -0.49650
1250.0 5150.0 -0.20801
1350.0 5150.0 0.03619
1450.0 5150.0 0.24184
1550.0 5150.0 0.35226
1650.0 5150.0 0.34364
1750.0 5150.0 0.22551
1850.0 5150.0 0.03014
1950.0 5150.0 -0.19709
2050.0 5150.0 -0.40650
2150.0 5150.0 -0.55196
2250.0 5150.0 -0.59785
2350.0 5150.0 -0.52519
2450.0 5150.0 -0.33677
2550.0 5150.0 -0.06150
2650.0 5150.0 0.24182
2750.0 5150.0 0.49004
2850.0 5150.0 0.62347
2950.0 5150.0 0.62088
3050.0 5150.0 0.49216
3150.0 5150.0 0.27047
3250.0 5150.0 0.00414
3350.0 5150.0 -0.25147
3450.0 5150.0 -0.44248
3550.0 5150.0 -0.52505
3650.0 5150.0 -0.47417
3750.0 5150.0 -0.29262
3850.0 5150.0 -0.02018
3950.0 5150.0 0.26018
4050.0 5150.0 0.45916
4150.0 5150.0 0.52968
4250.0 5150.0 0.46403
4350.0 5150.0 0.28423
4450.0 5150.0 0.03268
4550.0 5150.0 -0.23695
4650.0 5150.0 -0.46852
4750.0 5150.0 -0.61190
4850.0 5150.0 -0.63127
4950.0 5150.0 -0.51301
5050.0 5150.0 -0.27339
5150.0 5150.0 0.03446
5250.0 5150.0 0.37482
5350.0 5150.0 0.77183
5450.0 5150.0 1.19606
5550.0 5150.0 1.58325
5650.0 5150.0 1.86417
5750.0 5150.0 1.98620
5850.0 5150.0 1.92677
5950.0 5150.0 1.69859
6050.0 5150.0 1.34663
6150.0 5150.0 0.93697
6250.0 5150.0 0.53740
6350.0 5150.0 0.18988
50.0 5250.0 0.03668
150.0 5250.0 -0.26712
250.0 5250.0 -0.61372
350.0 5250.0 -0.98706
450.0 5250.0 -1.33665
550.0 5250.0 -1.60394
650.0 5250.0 -1.74182
750.0 5250.0 -1.72715
850.0 5250.0 -1.56632
950.0 5250.0 -1.29401
1050.0 5250.0 -0.96479
1150.0 5250.0 -0.63805
1250.0 5250.0 -0.35576
1350.0 5250.0 -0.11442
1450.0 5250.0 0.09240
1550.0 5250.0 0.21488
1650.0 5250.0 0.23271
1750.0 5250.0 0.15530
1850.0 5250.0 0.01201
1950.0 5250.0 -0.15659
2050.0 5250.0 -0.30668
2150.0 5250.0 -0.39807
2250.0 5250.0 -0.40034
2350.0 5250.0 -0.29792
2450.0 5250.0 -0.09434
2550.0 5250.0 0.18449
2650.0 5250.0 0.48669
2750.0 5250.0 0.73097
2850.0 5250.0 0.85478
2950.0 5250.0 0.83566
3050.0 5250.0 0.68381
3150.0 5250.0 0.43384
3250.0 5250.0 0.13645
3350.0 5250.0 -0.15024
3450.0 5250.0 -0.36953
3550.0 5250.0 -0.47516
3650.0 5250.0 -0.44065
3750.0 5250.0 -0.26873
3850.0 5250.0 -0.00113
3950.0 5250.0 0.27499
4050.0 5250.0 0.46648
4150.0 5250.0 0.52446
4250.0 5250.0 0.44098
4350.0 5250.0 0.23903
4450.0 5250.0 -0.03726
4550.0 5250.0 -0.33208
4650.0 5250.0 -0.58710
4750.0 5250.0 -0.75031
4850.0 5250.0 -0.78455
4950.0 5250.0 -0.67578
5050.0 5250.0 -0.44099
5150.0 5250.0 -0.13537
5250.0 5250.0 0.20587
5350.0 5250.0 0.61324
5450.0 5250.0 1.06092
5550.0 5250.0 1.48494
5650.0 5250.0 1.81374
5750.0 5250.0 1.99051
5850.0 5250.0 1.98740
5950.0 5250.0 1.81152
6050.0 5250.0 1.50289
6150.0 5250.0 1.12407
6250.0 5250.0 0.74180
6350.0 5250.0 0.40033
50.0 5350.0 0.06324
150.0 5350.0 -0.22966
250.0 5350.0 -0.56618
350.0 5350.0 -0.93228
450.0 5350.0 -1.27979
550.0 5350.0 -1.55194
650.0 5350.0 -1.70231
750.0 5350.0 -1.70709
850.0 5350.0 -1.57072
950.0 5350.0 -1.32483
1050.0 5350.0 -1.02064
1150.0 5350.0 -0.71461
1250.0 5350.0 -0.44749
1350.0 5350.0 -0.21765
1450.0 5350.0 -0.01869
1550.0 5350.0 0.10579
1650.0 5350.0 0.13905
1750.0 5350.0 0.09093
1850.0 5350.0 -0.01138
1950.0 5350.0 -0.13147
2050.0 5350.0 -0.23086
2150.0 5350.0 -0.27516
2250.0 5350.0 -0.23922
2350.0 5350.0 -0.11129
2450.0 5350.0 0.10386
2550.0 5350.0 0.38281
2650.0 5350.0 0.68065
2750.0 5350.0 0.92048
2850.0 5350.0 1.03923
2950.0 5350.0 1.01333
3050.0 5350.0 0.85184
3150.0 5350.0 0.58868
3250.0 5350.0 0.27442
3350.0 5350.0 -0.03224
3450.0 5350.0 -0.27340
3550.0 5350.0 -0.40126
3650.0 5350.0 -0.38773
3750.0 5350.0 -0.23449
3850.0 5350.0 0.01661
3950.0 5350.0 0.27653
4050.0 5350.0 0.45023
4150.0 5350.0 0.48837
4250.0 5350.0 0.38359
4350.0 5350.0 0.15995
4450.0 5350.0 -0.13721
4550.0 5350.0 -0.45107
4650.0 5350.0 -0.72262
4750.0 5350.0 -0.89967
4850.0 5350.0 -0.94534
4950.0 5350.0 -0.84622
5050.0 5350.0 -0.62012
5150.0 5350.0 -0.32290
5250.0 5350.0 0.01312
5350.0 5350.0 0.42633
5450.0 5350.0 0.89583
5550.0 5350.0 1.35898
5650.0 5350.0 1.74230
5750.0 5350.0 1.98450
5850.0 5350.0 2.05141
5950.0 5350.0 1.94301
6050.0 5350.0 1.69242
6150.0 5350.0 1.35685
6250.0 5350.0 1.00071
6350.0 5350.0 0.67053
50.0 5450.0 0.08325
150.0 5450.0 -0.18652
250.0 5450.0 -0.49707
350.0 5450.0 -0.83617
450.0 5450.0 -1.15999
550.0 5450.0 -1.41657
650.0 5450.0 -1.56308
750.0 5450.0 -1.57720
850.0 5450.0 -1.46225
950.0 5450.0 -1.24646
1050.0 5450.0 -0.97603
1150.0 5450.0 -0.70224
1250.0 5450.0 -0.46242
1350.0 5450.0 -0.25578
1450.0 5450.0 -0.07700
1550.0 5450.0 0.03541
1650.0 5450.0 0.06835
1750.0 5450.0 0.03281
1850.0 5450.0 -0.04510
1950.0 5450.0 -0.13206
2050.0 5450.0 -0.19415
2150.0 5450.0 -0.20234
2250.0 5450.0 -0.13679
2350.0 5450.0 0.01003
2450.0 5450.0 0.23143
2550.0 5450.0 0.50575
2650.0 5450.0 0.79485
2750.0 5450.0 1.02968
2850.0 5450.0 1.14999
2950.0 5450.0 1.13126
3050.0 5450.0 0.97953
3150.0 5450.0 0.72490
3250.0 5450.0 0.41442
3350.0 5450.0 0.10423
3450.0 5450.0 -0.14895
3550.0 5450.0 -0.29696
3650.0 5450.0 -0.31006
3750.0 5450.0 -0.18750
3850.0 5450.0 0.03135
3950.0 5450.0 0.25894
4050.0 5450.0 0.40141
4150.0 5450.0 0.41113
4250.0 5450.0 0.28244
4350.0 5450.0 0.04051
4450.0 5450.0 -0.26908
4550.0 5450.0 -0.59027
4650.0 5450.0 -0.86581
4750.0 5450.0 -1.04593
4850.0 5450.0 -1.09638
4950.0 5450.0 -1.00596
5050.0 5450.0 -0.79333
5150.0 5450.0 -0.51282
5250.0 5450.0 -0.19074
5350.0 5450.0 0.22018
5450.0 5450.0 0.70528
5550.0 5450.0 1.20458
5650.0 5450.0 1.64368
5750.0 5450.0 1.95710
5850.0 5450.0 2.10385
5950.0 5450.0 2.07546
6050.0 5450.0 1.89629
6150.0 5450.0 1.61622
6250.0 5450.0 1.29571
6350.0 5450.0 0.98316
50.0 5550.0 0.09403
150.0 5550.0 -0.14036
250.0 5550.0 -0.40898
350.0 5550.0 -0.70110
450.0 5550.0 -0.97931
550.0 5550.0 -1.19943
650.0 5550.0 -1.32522
750.0 5550.0 -1.33799
850.0 5550.0 -1.24094
950.0 5550.0 -1.05846
1050.0 5550.0 -0.83020
1150.0 5550.0 -0.59997
1250.0 5550.0 -0.39949
1350.0 5550.0 -0.22775
1450.0 5550.0 -0.08160
1550.0 5550.0 0.00417
1650.0 5550.0 0.01998
1750.0 5550.0 -0.02121
1850.0 5550.0 -0.09325
1950.0 5550.0 -0.16465
2050.0 5550.0 -0.20503
2150.0 5550.0 -0.19008
2250.0 5550.0 -0.10511
2350.0 5550.0 0.05290
2450.0 5550.0 0.27466
2550.0 5550.0 0.53942
2650.0 5550.0 0.81540
2750.0 5550.0 1.04489
2850.0 5550.0 1.17395
2950.0 5550.0 1.17734
3050.0 5550.0 1.05612
3150.0 5550.0 0.83342
3250.0 5550.0 0.54916
3350.0 5550.0 0.25361
3450.0 5550.0 -0.00017
3550.0 5550.0 -0.16506
3650.0 5550.0 -0.20969
3750.0 5550.0 -0.12942
3850.0 5550.0 0.04151
3950.0 5550.0 0.22076
4050.0 5550.0 0.31929
4150.0 5550.0 0.29368
4250.0 5550.0 0.14115
4350.0 5550.0 -0.11209
4450.0 5550.0 -0.42150
4550.0 5550.0 -0.73399
4650.0 5550.0 -0.99689
4750.0 5550.0 -1.16584
4850.0 5550.0 -1.21189
4950.0 5550.0 -1.12769
5050.0 5550.0 -0.93270
5150.0 5550.0 -0.67714
5250.0 5550.0 -0.37831
5350.0 5550.0 0.01966
5450.0 5550.0 0.50890
5550.0 5550.0 1.03348
5650.0 5550.0 1.51961
5750.0 5550.0 1.89880
5850.0 5550.0 2.12381
5950.0 5550.0 2.17751
6050.0 5550.0 2.07465
6150.0 5550.0 1.85638
6250.0 5550.0 1.57780
6350.0 5550.0 1.28824
50.0 5650.0 0.09426
150.0 5650.0 -0.09496
250.0 5650.0 -0.30877
350.0 5650.0 -0.53769
450.0 5650.0 -0.75233
550.0 5650.0 -0.91875
650.0 5650.0 -1.00970
750.0 5650.0 -1.01191
850.0 5650.0 -0.92931
950.0 5650.0 -0.78220
1050.0 5650.0 -0.60245
1150.0 5650.0 -0.42460
1250.0 5650.0 -0.27299
1350.0 5650.0 -0.14548
1450.0 5650.0 -0.04207
1550.0 5650.0 0.00477
1650.0 5650.0 -0.01123
1750.0 5650.0 -0.07454
1850.0 5650.0 -0.15786
1950.0 5650.0 -0.23035
2050.0 5650.0 -0.26409
2150.0 5650.0 -0.23875
2250.0 5650.0 -0.14442
2350.0 5650.0 0.01729
2450.0 5650.0 0.23401
2550.0 5650.0 0.48510
2650.0 5650.0 0.74448
2750.0 5650.0 0.96858
2850.0 5650.0 1.11279
2950.0 5650.0 1.15145
3050.0 5650.0 1.07900
3150.0 5650.0 0.90893
3250.0 5650.0 0.67098
3350.0 5650.0 0.40671
3450.0 5650.0 0.16329
3550.0 5650.0 -0.01444
3650.0 5650.0 -0.09356
3750.0 5650.0 -0.06446
3850.0 5650.0 0.04612
3950.0 5650.0 0.16436
4050.0 5650.0 0.20963
4150.0 5650.0 0.14515
4250.0 5650.0 -0.02794
4350.0 5650.0 -0.28264
4450.0 5650.0 -0.57681
4550.0 5650.0 -0.86261
4650.0 5650.0 -1.09468
4750.0 5650.0 -1.23692
4850.0 5650.0 -1.26817
4950.0 5650.0 -1.18639
5050.0 5650.0 -1.01169
5150.0 5650.0 -0.78760
5250.0 5650.0 -0.52017
5350.0 5650.0 -0.14674
5450.0 5650.0 0.33126
5550.0 5650.0 0.86302
5650.0 5650.0 1.37723
5750.0 5650.0 1.80440
5850.0 5650.0 2.09280
5950.0 5650.0 2.21783
6050.0 5650.0 2.18504
6150.0 5650.0 2.02655
6250.0 5650.0 1.79112
6350.0 5650.0 1.52767
50.0 5750.0 0.08435
150.0 5750.0 -0.05402
250.0 5750.0 -0.20543
350.0 5750.0 -0.36142
450.0 5750.0 -0.50157
550.0 5750.0 -0.60360
650.0 5750.0 -0.65072
750.0 5750.0 -0.63621
850.0 5750.0 -0.56527
950.0 5750.0 -0.45404
1050.0 5750.0 -0.32596
1150.0 5750.0 -0.20532
1250.0 5750.0 -0.10800
1350.0 5750.0 -0.03011
1450.0 5750.0 0.02451
1550.0 5750.0 0.02450
1650.0 5750.0 -0.03341
1750.0 5750.0 -0.13074
1850.0 5750.0 -0.23825
1950.0 5750.0 -0.32478
2050.0 5750.0 -0.36396
2150.0 5750.0 -0.33862
2250.0 5750.0 -0.24319
2350.0 5750.0 -0.08376
2450.0 5750.0 0.12392
2550.0 5750.0 0.35870
2650.0 5750.0 0.59948
2750.0 5750.0 0.81846
2850.0 5750.0 0.98238
2950.0 5750.0 1.06542
3050.0 5750.0 1.05443
3150.0 5750.0 0.95151
3250.0 5750.0 0.77426
3350.0 5750.0 0.55358
3450.0 5750.0 0.32921
3550.0 5750.0 0.14279
3650.0 5750.0 0.02862
3750.0 5750.0 0.00198
3850.0 5750.0 0.04512
3950.0 5750.0 0.09518
4050.0 5750.0 0.08286
4150.0 5750.0 -0.02001
4250.0 5750.0 -0.20766
4350.0 5750.0 -0.45268
4450.0 5750.0 -0.71660
4550.0 5750.0 -0.95871
4650.0 5750.0 -1.14319
4750.0 5750.0 -1.24449
4850.0 5750.0 -1.25104
4950.0 5750.0 -1.16719
5050.0 5750.0 -1.01340
5150.0 5750.0 -0.82445
5250.0 5750.0 -0.59404
5350.0 5750.0 -0.25573
5450.0 5750.0 0.19419
5550.0 5750.0 0.71070
5650.0 5750.0 1.22683
5750.0 5750.0 1.67464
5850.0 5750.0 2.00055
5950.0 5750.0 2.17487
6050.0 5750.0 2.19567
6150.0 5750.0 2.08681
6250.0 5750.0 1.89040
6350.0 5750.0 1.65337
50.0 5850.0 0.06649
150.0 5850.0 -0.02033
250.0 5850.0 -0.10821
350.0 5850.0 -0.18958
450.0 5850.0 -0.25308
550.0 5850.0 -0.28830
650.0 5850.0 -0.28919
750.0 5850.0 -0.25582
850.0 5850.0 -0.19487
950.0 5850.0 -0.11846
1050.0 5850.0 -0.04162
1150.0 5850.0 0.02173
1250.0 5850.0 0.06433
1350.0 5850.0 0.09198
1450.0 5850.0 0.09675
1550.0 5850.0 0.04763
1650.0 5850.0 -0.05604
1750.0 5850.0 -0.19275
1850.0 5850.0 -0.33093
1950.0 5850.0 -0.43857
2050.0 5850.0 -0.49015
2150.0 5850.0 -0.47110
2250.0 5850.0 -0.37960
2350.0 5850.0 -0.22596
2450.0 5850.0 -0.02924
2550.0 5850.0 0.18851
2650.0 5850.0 0.41048
2750.0 5850.0 0.62488
2850.0 5850.0 0.81047
2950.0 5850.0 0.94148
3050.0 5850.0 0.99696
3150.0 5850.0 0.96715
3250.0 5850.0 0.85686
3350.0 5850.0 0.68568
3450.0 5850.0 0.48531
3550.0 5850.0 0.29373
3650.0 5850.0 0.14641
3750.0 5850.0 0.06440
3850.0 5850.0 0.03945
3950.0 5850.0 0.02076
4050.0 5850.0 -0.04786
4150.0 5850.0 -0.18483
4250.0 5850.0 -0.37950
4350.0 5850.0 -0.60446
4450.0 5850.0 -0.82583
4550.0 5850.0 -1.01124
4650.0 5850.0 -1.13577
4750.0 5850.0 -1.18565
4850.0 5850.0 -1.15987
4950.0 5850.0 -1.06957
5050.0 5850.0 -0.93527
5150.0 5850.0 -0.78174
5250.0 5850.0 -0.59050
5350.0 5850.0 -0.29503
5450.0 5850.0 0.11159
5550.0 5850.0 0.59023
5650.0 5850.0 1.07981
5750.0 5850.0 1.51653
5850.0 5850.0 1.84805
5950.0 5850.0 2.04266
6050.0 5850.0 2.09358
6150.0 5850.0 2.01815
6250.0 5850.0 1.85217
6350.0 5850.0 1.63912
50.0 5950.0 0.04442
150.0 5950.0 0.00474
250.0 5950.0 -0.02514
350.0 5950.0 -0.03853
450.0 5950.0 -0.03233
550.0 5950.0 -0.00701
650.0 5950.0 0.03374
750.0 5950.0 0.08367
850.0 5950.0 0.13483
950.0 5950.0 0.17884
1050.0 5950.0 0.20841
1150.0 5950.0 0.21912
1250.0 5950.0 0.21156
1350.0 5950.0 0.19325
1450.0 5950.0 0.15232
1550.0 5950.0 0.05786
1650.0 5950.0 -0.08846
1750.0 5950.0 -0.26235
1850.0 5950.0 -0.43006
1950.0 5950.0 -0.55864
2050.0 5950.0 -0.62321
2150.0 5950.0 -0.61138
2250.0 5950.0 -0.52468
2350.0 5950.0 -0.37715
2450.0 5950.0 -0.19089
2550.0 5950.0 0.01117
2650.0 5950.0 0.21595
2750.0 5950.0 0.42644
2850.0 5950.0 0.63269
2950.0 5950.0 0.80907
3050.0 5950.0 0.92742
3150.0 5950.0 0.96701
3250.0 5950.0 0.92066
3350.0 5950.0 0.79739
3450.0 5950.0 0.62128
3550.0 5950.0 0.42676
3650.0 5950.0 0.25024
3750.0 5950.0 0.11809
3850.0 5950.0 0.03096
3950.0 5950.0 -0.05037
4050.0 5950.0 -0.16867
4150.0 5950.0 -0.33252
4250.0 5950.0 -0.52658
4350.0 5950.0 -0.72385
4450.0 5950.0 -0.89543
4550.0 5950.0 -1.01763
4650.0 5950.0 -1.07662
4750.0 5950.0 -1.07040
4850.0 5950.0 -1.00838
4950.0 5950.0 -0.90821
5050.0 5950.0 -0.79022
5150.0 5950.0 -0.66894
5250.0 5950.0 -0.51517
5350.0 5950.0 -0.26593
5450.0 5950.0 0.08673
5550.0 5950.0 0.50905
5650.0 5950.0 0.94686
5750.0 5950.0 1.34257
5850.0 5950.0 1.64795
5950.0 5950.0 1.83252
6050.0 5950.0 1.88770
6150.0 5950.0 1.82662
6250.0 5950.0 1.67971
6350.0 5950.0 1.48592
50.0 6050.0 0.02278
150.0 6050.0 0.02141
250.0 6050.0 0.03819
350.0 6050.0 0.07884
450.0 6050.0 0.13966
550.0 6050.0 0.21149
650.0 6050.0 0.28293
750.0 6050.0 0.34299
850.0 6050.0 0.38303
950.0 6050.0 0.39801
1050.0 6050.0 0.38716
1150.0 6050.0 0.35388
1250.0 6050.0 0.30505
1350.0 6050.0 0.24925
1450.0 6050.0 0.17133
1550.0 6050.0 0.04083
1650.0 6050.0 -0.13845
1750.0 6050.0 -0.33998
1850.0 6050.0 -0.52841
1950.0 6050.0 -0.67034
2050.0 6050.0 -0.74176
2150.0 6050.0 -0.73243
2250.0 6050.0 -0.64692
2350.0 6050.0 -0.50249
2450.0 6050.0 -0.32378
2550.0 6050.0 -0.13424
2650.0 6050.0 0.05654
2750.0 6050.0 0.26383
2850.0 6050.0 0.48687
2950.0 6050.0 0.70012
3050.0 6050.0 0.86959
3150.0 6050.0 0.96556
3250.0 6050.0 0.97117
3350.0 6050.0 0.88678
3450.0 6050.0 0.73030
3550.0 6050.0 0.53327
3650.0 6050.0 0.33290
3750.0 6050.0 0.15988
3850.0 6050.0 0.02207
3950.0 6050.0 -0.11006
4050.0 6050.0 -0.26718
4150.0 6050.0 -0.44899
4250.0 6050.0 -0.63616
4350.0 6050.0 -0.80239
4450.0 6050.0 -0.92356
4550.0 6050.0 -0.98398
4650.0 6050.0 -0.97985
4750.0 6050.0 -0.91971
4850.0 6050.0 -0.82210
4950.0 6050.0 -0.71031
5050.0 6050.0 -0.60419
5150.0 6050.0 -0.50907
5250.0 6050.0 -0.38741
5350.0 6050.0 -0.18267
5450.0 6050.0 0.11207
5550.0 6050.0 0.46745
5650.0 6050.0 0.83632
5750.0 6050.0 1.16860
5850.0 6050.0 1.42230
5950.0 6050.0 1.57088
6050.0 6050.0 1.60686
6150.0 6050.0 1.54168
6250.0 6050.0 1.40179
6350.0 6050.0 1.22109
50.0 6150.0 0.00615
150.0 6150.0 0.03130
250.0 6150.0 0.07946
350.0 6150.0 0.15518
450.0 6150.0 0.24998
550.0 6150.0 0.34883
650.0 6150.0 0.43545
750.0 6150.0 0.49615
850.0 6150.0 0.52241
950.0 6150.0 0.51212
1050.0 6150.0 0.46944
1150.0 6150.0 0.40337
1250.0 6150.0 0.32499
1350.0 6150.0 0.24302
1450.0 6150.0 0.13991
1550.0 6150.0 -0.01332
1650.0 6150.0 -0.21087
1750.0 6150.0 -0.42469
1850.0 6150.0 -0.61882
1950.0 6150.0 -0.76032
2050.0 6150.0 -0.82675
2150.0 6150.0 -0.81031
2250.0 6150.0 -0.71848
2350.0 6150.0 -0.57132
2450.0 6150.0 -0.39530
2550.0 6150.0 -0.21376
2650.0 6150.0 -0.03274
2750.0 6150.0 0.17196
2850.0 6150.0 0.40569
2950.0 6150.0 0.64283
3050.0 6150.0 0.84539
3150.0 6150.0 0.97761
3250.0 6150.0 1.01614
3350.0 6150.0 0.95565
3450.0 6150.0 0.81003
3550.0 6150.0 0.60909
3650.0 6150.0 0.39071
3750.0 6150.0 0.18855
3850.0 6150.0 0.01530
3950.0 6150.0 -0.15202
4050.0 6150.0 -0.33465
4150.0 6150.0 -0.52532
4250.0 6150.0 -0.70177
4350.0 6150.0 -0.83848
4450.0 6150.0 -0.91535
4550.0 6150.0 -0.92314
4650.0 6150.0 -0.86599
4750.0 6150.0 -0.76061
4850.0 6150.0 -0.63258
4950.0 6150.0 -0.50934
5050.0 6150.0 -0.41021
5150.0 6150.0 -0.33318
5250.0 6150.0 -0.23552
5350.0 6150.0 -0.06871
5450.0 6150.0 0.17157
5550.0 6150.0 0.45901
5650.0 6150.0 0.75284
5750.0 6150.0 1.01058
5850.0 6150.0 1.19755
5950.0 6150.0 1.29295
6050.0 6150.0 1.29268
6150.0 6150.0 1.20868
6250.0 6150.0 1.06508
6350.0 6150.0 0.89086
50.0 6250.0 -0.00219
150.0 6250.0 0.03695
250.0 6250.0 0.10020
350.0 6250.0 0.19067
450.0 6250.0 0.29714
550.0 6250.0 0.40186
650.0 6250.0 0.48663
750.0 6250.0 0.53729
850.0 6250.0 0.54639
950.0 6250.0 0.51431
1050.0 6250.0 0.44853
1150.0 6250.0 0.36134
1250.0 6250.0 0.26577
1350.0 6250.0 0.16958
1450.0 6250.0 0.05397
1550.0 6250.0 -0.10730
1650.0 6250.0 -0.30640
1750.0 6250.0 -0.51452
1850.0 6250.0 -0.69625
1950.0 6250.0 -0.82029
2050.0 6250.0 -0.86674
2150.0 6250.0 -0.83077
2250.0 6250.0 -0.72290
2350.0 6250.0 -0.56560
2450.0 6250.0 -0.38650
2550.0 6250.0 -0.20799
2650.0 6250.0 -0.03226
2750.0 6250.0 0.17029
2850.0 6250.0 0.40760
2950.0 6250.0 0.65377
3050.0 6250.0 0.86879
3150.0 6250.0 1.01406
3250.0 6250.0 1.06334
3350.0 6250.0 1.00891
3450.0 6250.0 0.86317
3550.0 6250.0 0.65549
3650.0 6250.0 0.42441
3750.0 6250.0 0.20516
3850.0 6250.0 0.01253
3950.0 6250.0 -0.17355
4050.0 6250.0 -0.36838
4150.0 6250.0 -0.56012
4250.0 6250.0 -0.72476
4350.0 6250.0 -0.83755
4450.0 6250.0 -0.88120
4550.0 6250.0 -0.85089
4650.0 6250.0 -0.75596
4750.0 6250.0 -0.61842
4850.0 6250.0 -0.46825
4950.0 6250.0 -0.33544
5050.0 6250.0 -0.23877
5150.0 6250.0 -0.17138
5250.0 6250.0 -0.08844
5350.0 6250.0 0.05024
5450.0 6250.0 0.24551
5550.0 6250.0 0.47273
5650.0 6250.0 0.69613
5750.0 6250.0 0.88004
5850.0 6250.0 0.99698
5950.0 6250.0 1.03256
6050.0 6250.0 0.98736
6150.0 6250.0 0.87553
6250.0 6250.0 0.72039
6350.0 6250.0 0.54676
50.0 6350.0 -0.00198
150.0 6350.0 0.04097
250.0 6350.0 0.10598
350.0 6350.0 0.19449
450.0 6350.0 0.29427
550.0 6350.0 0.38731
650.0 6350.0 0.45602
750.0 6350.0 0.48755
850.0 6350.0 0.47639
950.0 6350.0 0.42505
1050.0 6350.0 0.34307
1150.0 6350.0 0.24413
1250.0 6350.0 0.14136
1350.0 6350.0 0.04068
1450.0 6350.0 -0.07702
1550.0 6350.0 -0.23403
1650.0 6350.0 -0.42033
1750.0 6350.0 -0.60705
1850.0 6350.0 -0.76030
1950.0 6350.0 -0.85154
2050.0 6350.0 -0.86430
2150.0 6350.0 -0.79736
2250.0 6350.0 -0.66442
2350.0 6350.0 -0.49020
2450.0 6350.0 -0.30292
2550.0 6350.0 -0.12330
2650.0 6350.0 0.05078
2750.0 6350.0 0.25141
2850.0 6350.0 0.48614
2950.0 6350.0 0.72856
3050.0 6350.0 0.93829
3150.0 6350.0 1.07658
3250.0 6350.0 1.11732
3350.0 6350.0 1.05324
3450.0 6350.0 0.89737
3550.0 6350.0 0.67983
3650.0 6350.0 0.43987
3750.0 6350.0 0.21309
3850.0 6350.0 0.01409
3950.0 6350.0 -0.17746
4050.0 6350.0 -0.37414
4150.0 6350.0 -0.56174
4250.0 6350.0 -0.71552
4350.0 6350.0 -0.81137
4450.0 6350.0 -0.83369
4550.0 6350.0 -0.78006
4650.0 6350.0 -0.66254
4750.0 6350.0 -0.50584
4850.0 6350.0 -0.34204
4950.0 6350.0 -0.20222
5050.0 6350.0 -0.10472
5150.0 6350.0 -0.04013
5250.0 6350.0 0.03603
5350.0 6350.0 0.15632
5450.0 6350.0 0.31785
5550.0 6350.0 0.49648
5650.0 6350.0 0.66005
5750.0 6350.0 0.77839
5850.0 6350.0 0.83037
5950.0 6350.0 0.80783
6050.0 6350.0 0.71644
6150.0 6350.0 0.57348
6250.0 6350.0 0.40260
6350.0 6350.0 0.22542
