50.0 50.0 0.00000
150.0 50.0 -0.04967
250.0 50.0 0.00409
350.0 50.0 0.16077
450.0 50.0 0.35830
550.0 50.0 0.51816
650.0 50.0 0.57738
750.0 50.0 0.50749
850.0 50.0 0.32043
950.0 50.0 0.06134
1050.0 50.0 -0.21515
1150.0 50.0 -0.47509
1250.0 50.0 -0.66641
1350.0 50.0 -0.73769
1450.0 50.0 -0.67064
1550.0 50.0 -0.49343
1650.0 50.0 -0.27440
1750.0 50.0 -0.09658
1850.0 50.0 -0.01270
1950.0 50.0 0.00628
2050.0 50.0 -0.07037
2150.0 50.0 -0.28241
2250.0 50.0 -0.56031
2350.0 50.0 -0.79603
2450.0 50.0 -0.89785
2550.0 50.0 -0.82265
2650.0 50.0 -0.58549
2750.0 50.0 -0.24660
2850.0 50.0 0.12261
2950.0 50.0 0.40473
3050.0 50.0 0.46616
3150.0 50.0 0.29804
3250.0 50.0 -0.01720
3350.0 50.0 -0.35104
3450.0 50.0 -0.57091
3550.0 50.0 -0.57899
3650.0 50.0 -0.34786
3750.0 50.0 0.04716
3850.0 50.0 0.45701
3950.0 50.0 0.79146
4050.0 50.0 0.97131
4150.0 50.0 0.95256
4250.0 50.0 0.75217
4350.0 50.0 0.44941
4450.0 50.0 0.16263
4550.0 50.0 0.00157
4650.0 50.0 -0.00476
4750.0 50.0 0.03476
4850.0 50.0 0.05042
4950.0 50.0 0.03474
5050.0 50.0 -0.00406
5150.0 50.0 -0.04965
5250.0 50.0 -0.08399
5350.0 50.0 -0.09276
5450.0 50.0 -0.06965
5550.0 50.0 -0.01973
5650.0 50.0 0.05143
5750.0 50.0 0.22842
5850.0 50.0 0.52468
5950.0 50.0 0.84297
6050.0 50.0 1.06257
6150.0 50.0 1.09875
6250.0 50.0 0.93272
6350.0 50.0 0.61196
50.0 150.0 0.03574
150.0 150.0 -0.01157
250.0 150.0 0.05164
350.0 150.0 0.22664
450.0 150.0 0.44910
550.0 150.0 0.63602
650.0 150.0 0.71938
750.0 150.0 0.66658
850.0 150.0 0.48765
950.0 150.0 0.22926
1050.0 150.0 -0.04942
1150.0 150.0 -0.31525
1250.0 150.0 -0.51724
1350.0 150.0 -0.60214
1450.0 150.0 -0.54865
1550.0 150.0 -0.38203
1650.0 150.0 -0.16879
1750.0 150.0 0.00839
1850.0 150.0 0.09551
1950.0 150.0 0.11882
2050.0 150.0 0.04064
2150.0 150.0 -0.18532
2250.0 150.0 -0.49084
2350.0 150.0 -0.76454
2450.0 150.0 -0.90816
2550.0 150.0 -0.87064
2650.0 150.0 -0.66027
2750.0 150.0 -0.33462
2850.0 150.0 0.03007
2950.0 150.0 0.31652
3050.0 150.0 0.40276
3150.0 150.0 0.28153
3250.0 150.0 0.02834
3350.0 150.0 -0.23996
3450.0 150.0 -0.40349
3550.0 150.0 -0.37438
3650.0 150.0 -0.12869
3750.0 150.0 0.26489
3850.0 150.0 0.66359
3950.0 150.0 0.96081
4050.0 150.0 1.07170
4150.0 150.0 0.95974
4250.0 150.0 0.65728
4350.0 150.0 0.26150
4450.0 150.0 -0.09396
4550.0 150.0 -0.29195
4650.0 150.0 -0.30918
4750.0 150.0 -0.26726
4850.0 150.0 -0.21142
4950.0 150.0 -0.13344
5050.0 150.0 -0.03331
5150.0 150.0 0.08184
5250.0 150.0 0.20009
5350.0 150.0 0.30819
5450.0 150.0 0.39601
5550.0 150.0 0.46227
5650.0 150.0 0.52850
5750.0 150.0 0.67517
5850.0 150.0 0.89955
5950.0 150.0 1.10922
6050.0 150.0 1.20153
6150.0 150.0 1.11537
6250.0 150.0 0.85387
6350.0 150.0 0.47814
50.0 250.0 0.01259
150.0 250.0 -0.02723
250.0 250.0 0.05641
350.0 250.0 0.26647
450.0 250.0 0.53284
550.0 250.0 0.76358
650.0 250.0 0.88207
750.0 250.0 0.85002
850.0 250.0 0.67630
950.0 250.0 0.41164
1050.0 250.0 0.12218
1150.0 250.0 -0.16196
1250.0 250.0 -0.38865
1350.0 250.0 -0.49670
1450.0 250.0 -0.45643
1550.0 250.0 -0.28827
1650.0 250.0 -0.05918
1750.0 250.0 0.14303
1850.0 250.0 0.25767
1950.0 250.0 0.30752
2050.0 250.0 0.25062
2150.0 250.0 0.02994
2250.0 250.0 -0.29506
2350.0 250.0 -0.61479
2450.0 250.0 -0.82417
2550.0 250.0 -0.85829
2650.0 250.0 -0.70912
2750.0 250.0 -0.42330
2850.0 250.0 -0.08188
2950.0 250.0 0.19720
3050.0 250.0 0.31223
3150.0 250.0 0.25860
3250.0 250.0 0.09948
3350.0 250.0 -0.06896
3450.0 250.0 -0.14913
3550.0 250.0 -0.07055
3650.0 250.0 0.18472
3750.0 250.0 0.55980
3850.0 250.0 0.92929
3950.0 250.0 1.17494
4050.0 250.0 1.20723
4150.0 250.0 0.99624
4250.0 250.0 0.58750
4350.0 250.0 0.09353
4450.0 250.0 -0.33912
4550.0 250.0 -0.58719
4650.0 250.0 -0.63240
4750.0 250.0 -0.60443
4850.0 250.0 -0.51365
4950.0 250.0 -0.33093
5050.0 250.0 -0.06621
5150.0 250.0 0.24339
5250.0 250.0 0.54700
5350.0 250.0 0.79490
5450.0 250.0 0.95481
5550.0 250.0 1.02966
5650.0 250.0 1.07617
5750.0 250.0 1.16907
5850.0 250.0 1.28921
5950.0 250.0 1.35784
6050.0 250.0 1.30077
6150.0 250.0 1.08712
6250.0 250.0 0.74253
6350.0 250.0 0.33650
50.0 350.0 -0.07075
150.0 350.0 -0.09699
250.0 350.0 0.01791
350.0 350.0 0.27765
450.0 350.0 0.60243
550.0 350.0 0.88728
650.0 350.0 1.04451
750.0 350.0 1.02996
850.0 350.0 0.85327
950.0 350.0 0.57220
1050.0 350.0 0.26068
1150.0 350.0 -0.05839
1250.0 350.0 -0.32911
1350.0 350.0 -0.47429
1450.0 350.0 -0.44858
1550.0 350.0 -0.26475
1650.0 350.0 0.00704
1750.0 350.0 0.26702
1850.0 350.0 0.44061
1950.0 350.0 0.54615
2050.0 350.0 0.54291
2150.0 350.0 0.35983
2250.0 350.0 0.03781
2350.0 350.0 -0.32381
2450.0 350.0 -0.61549
2550.0 350.0 -0.75334
2650.0 350.0 -0.70249
2750.0 350.0 -0.48816
2850.0 350.0 -0.19428
2950.0 350.0 0.05969
3050.0 350.0 0.20010
3150.0 350.0 0.22592
3250.0 350.0 0.18289
3350.0 350.0 0.13829
3450.0 350.0 0.15864
3550.0 350.0 0.29030
3650.0 350.0 0.54306
3750.0 350.0 0.87658
3850.0 350.0 1.19547
3950.0 350.0 1.38119
4050.0 350.0 1.34259
4150.0 350.0 1.05279
4250.0 350.0 0.56299
4350.0 350.0 -0.00806
4450.0 350.0 -0.50877
4550.0 350.0 -0.81375
4650.0 350.0 -0.90703
4750.0 350.0 -0.91595
4850.0 350.0 -0.80833
4950.0 350.0 -0.53132
5050.0 350.0 -0.10487
5150.0 350.0 0.40135
5250.0 350.0 0.89340
5350.0 350.0 1.28054
5450.0 350.0 1.50493
5550.0 350.0 1.57332
5650.0 350.0 1.58124
5750.0 350.0 1.59593
5850.0 350.0 1.58543
5950.0 350.0 1.49553
6050.0 350.0 1.29011
6150.0 350.0 0.97186
6250.0 350.0 0.58428
6350.0 350.0 0.19488
50.0 450.0 -0.18068
150.0 450.0 -0.18925
250.0 450.0 -0.03895
350.0 450.0 0.27275
450.0 450.0 0.65417
550.0 450.0 0.98635
650.0 450.0 1.17121
750.0 450.0 1.16103
850.0 450.0 0.96920
950.0 450.0 0.66214
1050.0 450.0 0.31943
1150.0 450.0 -0.04850
1250.0 450.0 -0.38007
1350.0 450.0 -0.57559
1450.0 450.0 -0.56785
1550.0 450.0 -0.35924
1650.0 450.0 -0.02493
1750.0 450.0 0.31805
1850.0 450.0 0.57554
1950.0 450.0 0.76039
2050.0 450.0 0.84020
2150.0 450.0 0.73020
2250.0 450.0 0.44463
2350.0 450.0 0.06349
2450.0 450.0 -0.30454
2550.0 450.0 -0.55594
2650.0 450.0 -0.62306
2750.0 450.0 -0.50170
2850.0 450.0 -0.27462
2950.0 450.0 -0.06320
3050.0 450.0 0.08866
3150.0 450.0 0.18359
3250.0 450.0 0.24858
3350.0 450.0 0.31993
3450.0 450.0 0.43098
3550.0 450.0 0.60250
3650.0 450.0 0.83571
3750.0 450.0 1.10809
3850.0 450.0 1.36206
3950.0 450.0 1.49464
4050.0 450.0 1.41776
4150.0 450.0 1.10175
4250.0 450.0 0.59112
4350.0 450.0 -0.00372
4450.0 450.0 -0.53873
4550.0 450.0 -0.89264
4650.0 450.0 -1.04729
4750.0 450.0 -1.11363
4850.0 450.0 -1.01841
4950.0 450.0 -0.68794
5050.0 450.0 -0.14948
5150.0 450.0 0.50057
5250.0 450.0 1.13180
5350.0 450.0 1.61796
5450.0 450.0 1.87826
5550.0 450.0 1.92173
5650.0 450.0 1.87641
5750.0 450.0 1.80129
5850.0 450.0 1.65958
5950.0 450.0 1.42943
6050.0 450.0 1.11549
6150.0 450.0 0.74959
6250.0 450.0 0.38247
6350.0 450.0 0.06660
50.0 550.0 -0.27328
150.0 550.0 -0.26351
250.0 550.0 -0.08204
350.0 550.0 0.27014
450.0 550.0 0.68984
550.0 550.0 1.04660
650.0 550.0 1.23594
750.0 550.0 1.21079
850.0 550.0 0.99119
950.0 550.0 0.65223
1050.0 550.0 0.27435
1150.0 550.0 -0.14909
1250.0 550.0 -0.55041
1350.0 550.0 -0.80447
1450.0 550.0 -0.81920
1550.0 550.0 -0.58492
1650.0 550.0 -0.18198
1750.0 550.0 0.25338
1850.0 550.0 0.60494
1950.0 550.0 0.87937
2050.0 550.0 1.05918
2150.0 550.0 1.04983
2250.0 550.0 0.83524
2350.0 550.0 0.46915
2450.0 550.0 0.05262
2550.0 550.0 -0.29551
2650.0 550.0 -0.47556
2750.0 550.0 -0.45111
2850.0 550.0 -0.29866
2950.0 550.0 -0.14144
3050.0 550.0 0.00122
3150.0 550.0 0.13481
3250.0 550.0 0.27048
3350.0 550.0 0.41867
3450.0 550.0 0.58520
3550.0 550.0 0.76970
3650.0 550.0 0.96653
3750.0 550.0 1.16807
3850.0 550.0 1.35480
3950.0 550.0 1.45487
4050.0 550.0 1.38835
4150.0 550.0 1.11629
4250.0 550.0 0.66304
4350.0 550.0 0.11485
4450.0 550.0 -0.40536
4550.0 550.0 -0.78707
4650.0 550.0 -1.00499
4750.0 550.0 -1.14026
4850.0 550.0 -1.08919
4950.0 550.0 -0.76530
5050.0 550.0 -0.19834
5150.0 550.0 0.50132
5250.0 550.0 1.18274
5350.0 550.0 1.69849
5450.0 550.0 1.95305
5550.0 550.0 1.95531
5650.0 550.0 1.85126
5750.0 550.0 1.69196
5850.0 550.0 1.44596
5950.0 550.0 1.12588
6050.0 550.0 0.77164
6150.0 550.0 0.43304
6250.0 550.0 0.15443
6350.0 550.0 -0.03847
50.0 650.0 -0.31207
150.0 650.0 -0.28679
250.0 650.0 -0.08503
350.0 650.0 0.28679
450.0 650.0 0.71659
550.0 650.0 1.06757
650.0 650.0 1.23452
750.0 650.0 1.17560
850.0 650.0 0.91953
950.0 650.0 0.54829
1050.0 650.0 0.13758
1150.0 650.0 -0.33872
1250.0 650.0 -0.80797
1350.0 650.0 -1.12119
1450.0 650.0 -1.16242
1550.0 650.0 -0.90976
1650.0 650.0 -0.44743
1750.0 650.0 0.07115
1850.0 650.0 0.50923
1950.0 650.0 0.86717
2050.0 650.0 1.14614
2150.0 650.0 1.24796
2250.0 650.0 1.12814
2350.0 650.0 0.81166
2450.0 650.0 0.38613
2550.0 650.0 -0.02193
2650.0 650.0 -0.28777
2750.0 650.0 -0.34587
2850.0 650.0 -0.26220
2950.0 650.0 -0.16122
3050.0 650.0 -0.04786
3150.0 650.0 0.08484
3250.0 650.0 0.23833
3350.0 650.0 0.40747
3450.0 650.0 0.58172
3550.0 650.0 0.74833
3650.0 650.0 0.89785
3750.0 650.0 1.03169
3850.0 650.0 1.16124
3950.0 650.0 1.25577
4050.0 650.0 1.24716
4150.0 650.0 1.08224
4250.0 650.0 0.75528
4350.0 650.0 0.31671
4450.0 650.0 -0.14152
4550.0 650.0 -0.52444
4650.0 650.0 -0.79587
4750.0 650.0 -0.99892
4850.0 650.0 -1.01535
4950.0 650.0 -0.75616
5050.0 650.0 -0.24838
5150.0 650.0 0.39884
5250.0 650.0 1.03342
5350.0 650.0 1.50480
5450.0 650.0 1.71350
5550.0 650.0 1.66595
5650.0 650.0 1.50834
5750.0 650.0 1.28524
5850.0 650.0 0.97923
5950.0 650.0 0.63330
6050.0 650.0 0.31114
6150.0 650.0 0.06663
6250.0 650.0 -0.07416
6350.0 650.0 -0.11873
50.0 750.0 -0.27891
150.0 750.0 -0.24357
250.0 750.0 -0.03530
350.0 750.0 0.33318
450.0 750.0 0.74502
550.0 750.0 1.06294
650.0 750.0 1.18645
750.0 750.0 1.08228
850.0 750.0 0.78818
950.0 750.0 0.39010
1050.0 750.0 -0.04542
1150.0 750.0 -0.56337
1250.0 750.0 -1.08838
1350.0 750.0 -1.45332
1450.0 750.0 -1.52315
1550.0 750.0 -1.26524
1650.0 750.0 -0.76516
1750.0 750.0 -0.18824
1850.0 750.0 0.31332
1950.0 750.0 0.73407
2050.0 750.0 1.09338
2150.0 750.0 1.29564
2250.0 750.0 1.27477
2350.0 750.0 1.03004
2450.0 750.0 0.63275
2550.0 750.0 0.20884
2650.0 750.0 -0.10268
2750.0 750.0 -0.21537
2850.0 750.0 -0.18269
2950.0 750.0 -0.12943
3050.0 750.0 -0.05767
3150.0 750.0 0.03952
3250.0 750.0 0.16104
3350.0 750.0 0.29811
3450.0 750.0 0.43664
3550.0 750.0 0.56148
3650.0 750.0 0.66275
3750.0 750.0 0.74410
3850.0 750.0 0.83562
3950.0 750.0 0.94841
4050.0 750.0 1.02698
4150.0 750.0 1.00253
4250.0 750.0 0.83641
4350.0 750.0 0.54016
4450.0 750.0 0.17212
4550.0 750.0 -0.18933
4650.0 750.0 -0.49607
4750.0 750.0 -0.75318
4850.0 750.0 -0.84344
4950.0 750.0 -0.68419
5050.0 750.0 -0.29599
5150.0 750.0 0.22534
5250.0 750.0 0.74273
5350.0 750.0 1.11773
5450.0 750.0 1.25648
5550.0 750.0 1.16148
5650.0 750.0 0.96461
5750.0 750.0 0.70585
5850.0 750.0 0.38602
5950.0 750.0 0.06943
6050.0 750.0 -0.17005
6150.0 750.0 -0.28608
6250.0 750.0 -0.27674
6350.0 750.0 -0.18143
50.0 850.0 -0.17823
150.0 850.0 -0.13913
250.0 850.0 0.06324
350.0 850.0 0.41046
450.0 850.0 0.78504
550.0 850.0 1.05414
650.0 850.0 1.12546
750.0 850.0 0.97538
850.0 850.0 0.64922
950.0 850.0 0.23382
1050.0 850.0 -0.21541
1150.0 850.0 -0.75878
1250.0 850.0 -1.32095
1350.0 850.0 -1.72454
1450.0 850.0 -1.82251
1550.0 850.0 -1.57413
1650.0 850.0 -1.06350
1750.0 850.0 -0.46096
1850.0 850.0 0.07290
1950.0 850.0 0.52774
2050.0 850.0 0.93666
2150.0 850.0 1.21093
2250.0 850.0 1.27254
2350.0 850.0 1.10254
2450.0 850.0 0.75696
2550.0 850.0 0.35481
2650.0 850.0 0.03805
2750.0 850.0 -0.09648
2850.0 850.0 -0.09073
2950.0 850.0 -0.06884
3050.0 850.0 -0.03946
3150.0 850.0 0.00318
3250.0 850.0 0.06142
3350.0 850.0 0.13266
3450.0 850.0 0.20977
3550.0 850.0 0.28328
3650.0 850.0 0.34555
3750.0 850.0 0.39681
3850.0 850.0 0.47249
3950.0 850.0 0.61678
4050.0 850.0 0.78473
4150.0 850.0 0.89421
4250.0 850.0 0.87885
4350.0 850.0 0.71750
4450.0 850.0 0.44044
4550.0 850.0 0.11218
4650.0 850.0 -0.20896
4750.0 850.0 -0.49823
4850.0 850.0 -0.64987
4950.0 850.0 -0.59228
5050.0 850.0 -0.33840
5150.0 850.0 0.03471
5250.0 850.0 0.41269
5350.0 850.0 0.67713
5450.0 850.0 0.74512
5550.0 850.0 0.61516
5650.0 850.0 0.39787
5750.0 850.0 0.13059
5850.0 850.0 -0.16933
5950.0 850.0 -0.42731
6050.0 850.0 -0.57070
6150.0 850.0 -0.56657
6250.0 850.0 -0.43514
6350.0 850.0 -0.23921
50.0 950.0 -0.03434
150.0 950.0 0.00358
250.0 950.0 0.19254
350.0 950.0 0.50968
450.0 950.0 0.83988
550.0 950.0 1.05732
650.0 950.0 1.07899
750.0 950.0 0.89003
850.0 950.0 0.54112
950.0 950.0 0.11774
1050.0 950.0 -0.33544
1150.0 950.0 -0.88964
1250.0 950.0 -1.47177
1350.0 950.0 -1.90115
1450.0 950.0 -2.02517
1550.0 950.0 -1.79760
1650.0 950.0 -1.29891
1750.0 950.0 -0.69857
1850.0 950.0 -0.15943
1950.0 950.0 0.30426
2050.0 950.0 0.73348
2150.0 950.0 1.04802
2250.0 950.0 1.16652
2350.0 950.0 1.06002
2450.0 950.0 0.77268
2550.0 950.0 0.41358
2650.0 950.0 0.11952
2750.0 950.0 -0.01110
2850.0 950.0 -0.01141
2950.0 950.0 -0.00431
3050.0 950.0 -0.00987
3150.0 950.0 -0.02402
3250.0 950.0 -0.03770
3350.0 950.0 -0.04206
3450.0 950.0 -0.03169
3550.0 950.0 -0.00615
3650.0 950.0 0.03051
3750.0 950.0 0.07202
3850.0 950.0 0.14916
3950.0 950.0 0.32675
4050.0 950.0 0.56678
4150.0 950.0 0.77811
4250.0 950.0 0.87567
4350.0 950.0 0.81639
4450.0 950.0 0.61177
4550.0 950.0 0.31719
4650.0 950.0 -0.00214
4750.0 950.0 -0.30294
4850.0 950.0 -0.49442
4950.0 950.0 -0.51641
5050.0 950.0 -0.37529
5150.0 950.0 -0.13036
5250.0 950.0 0.12637
5350.0 950.0 0.29673
5450.0 950.0 0.30957
5550.0 950.0 0.16020
5650.0 950.0 -0.06143
5750.0 950.0 -0.31936
5850.0 950.0 -0.58488
5950.0 950.0 -0.78215
6050.0 950.0 -0.84605
6150.0 950.0 -0.75701
6250.0 950.0 -0.55069
6350.0 950.0 -0.30236
50.0 1050.0 0.13771
150.0 1050.0 0.17090
250.0 1050.0 0.34291
350.0 1050.0 0.62744
450.0 1050.0 0.91286
550.0 1050.0 1.08090
650.0 1050.0 1.05737
750.0 1050.0 0.83499
850.0 1050.0 0.46828
950.0 1050.0 0.04044
1050.0 1050.0 -0.41364
1150.0 1050.0 -0.97502
1250.0 1050.0 -1.57420
1350.0 1050.0 -2.02955
1450.0 1050.0 -2.18447
1550.0 1050.0 -1.98723
1650.0 1050.0 -1.51294
1750.0 1050.0 -0.92756
1850.0 1050.0 -0.39398
1950.0 1050.0 0.06911
2050.0 1050.0 0.50835
2150.0 1050.0 0.85322
2250.0 1050.0 1.02223
2350.0 1050.0 0.97901
2450.0 1050.0 0.75642
2550.0 1050.0 0.45175
2650.0 1050.0 0.19310
2750.0 1050.0 0.07695
2850.0 1050.0 0.07857
2950.0 1050.0 0.07799
3050.0 1050.0 0.04281
3150.0 1050.0 -0.02511
3250.0 1050.0 -0.10979
3350.0 1050.0 -0.19004
3450.0 1050.0 -0.24664
3550.0 1050.0 -0.26790
3650.0 1050.0 -0.25351
3750.0 1050.0 -0.21663
3850.0 1050.0 -0.13507
3950.0 1050.0 0.06980
4050.0 1050.0 0.36555
4150.0 1050.0 0.65515
4250.0 1050.0 0.84038
4350.0 1050.0 0.86217
4450.0 1050.0 0.71786
4550.0 1050.0 0.45543
4650.0 1050.0 0.14463
4750.0 1050.0 -0.15846
4850.0 1050.0 -0.37855
4950.0 1050.0 -0.46652
5050.0 1050.0 -0.42318
5150.0 1050.0 -0.29154
5250.0 1050.0 -0.14275
5350.0 1050.0 -0.05556
5450.0 1050.0 -0.08954
5550.0 1050.0 -0.25184
5650.0 1050.0 -0.47185
5750.0 1050.0 -0.71446
5850.0 1050.0 -0.94177
5950.0 1050.0 -1.07984
6050.0 1050.0 -1.07290
6150.0 1050.0 -0.91424
6250.0 1050.0 -0.65194
6350.0 1050.0 -0.36960
50.0 1150.0 0.41743
150.0 1150.0 0.42971
250.0 1150.0 0.57169
350.0 1150.0 0.81716
450.0 1150.0 1.06002
550.0 1150.0 1.18893
650.0 1150.0 1.13524
750.0 1150.0 0.89413
850.0 1150.0 0.51899
950.0 1150.0 0.08900
1050.0 1150.0 -0.36723
1150.0 1150.0 -0.94329
1250.0 1150.0 -1.57790
1350.0 1150.0 -2.08892
1450.0 1150.0 -2.31248
1550.0 1150.0 -2.18558
1650.0 1150.0 -1.77129
1750.0 1150.0 -1.22667
1850.0 1150.0 -0.71337
1950.0 1150.0 -0.25980
2050.0 1150.0 0.18627
2150.0 1150.0 0.57109
2250.0 1150.0 0.81589
2350.0 1150.0 0.87486
2450.0 1150.0 0.76314
2550.0 1150.0 0.55726
2650.0 1150.0 0.36797
2750.0 1150.0 0.28542
2850.0 1150.0 0.29814
2950.0 1150.0 0.29977
3050.0 1150.0 0.24706
3150.0 1150.0 0.13605
3250.0 1150.0 -0.01461
3350.0 1150.0 -0.17384
3450.0 1150.0 -0.30814
3550.0 1150.0 -0.39144
3650.0 1150.0 -0.41483
3750.0 1150.0 -0.39602
3850.0 1150.0 -0.32836
3950.0 1150.0 -0.13219
4050.0 1150.0 0.16681
4150.0 1150.0 0.47594
4250.0 1150.0 0.69635
4350.0 1150.0 0.76293
4450.0 1150.0 0.66340
4550.0 1150.0 0.43639
4650.0 1150.0 0.14872
4750.0 1150.0 -0.13953
4850.0 1150.0 -0.37110
4950.0 1150.0 -0.50966
5050.0 1150.0 -0.55252
5150.0 1150.0 -0.52747
5250.0 1150.0 -0.48409
5350.0 1150.0 -0.47961
5450.0 1150.0 -0.55914
5550.0 1150.0 -0.73048
5650.0 1150.0 -0.94315
5750.0 1150.0 -1.16144
5850.0 1150.0 -1.33744
5950.0 1150.0 -1.40135
6050.0 1150.0 -1.30998
6150.0 1150.0 -1.07219
6250.0 1150.0 -0.74976
6350.0 1150.0 -0.43407
50.0 1250.0 0.78404
150.0 1250.0 0.75081
250.0 1250.0 0.84484
350.0 1250.0 1.04602
450.0 1250.0 1.25641
550.0 1250.0 1.36957
650.0 1250.0 1.31590
750.0 1250.0 1.08392
850.0 1250.0 0.71759
950.0 1250.0 0.28969
1050.0 1250.0 -0.16996
1150.0 1250.0 -0.76648
1250.0 1250.0 -1.45103
1350.0 1250.0 -2.04250
1450.0 1250.0 -2.36815
1550.0 1250.0 -2.34926
1650.0 1250.0 -2.03085
1750.0 1250.0 -1.55553
1850.0 1250.0 -1.08157
1950.0 1250.0 -0.65141
2050.0 1250.0 -0.20869
2150.0 1250.0 0.21587
2250.0 1250.0 0.55099
2350.0 1250.0 0.74185
2450.0 1250.0 0.78148
2550.0 1250.0 0.71737
2650.0 1250.0 0.63348
2750.0 1250.0 0.60766
2850.0 1250.0 0.64508
2950.0 1250.0 0.66598
3050.0 1250.0 0.62064
3150.0 1250.0 0.49415
3250.0 1250.0 0.29974
3350.0 1250.0 0.07200
3450.0 1250.0 -0.14336
3550.0 1250.0 -0.30321
3650.0 1250.0 -0.38429
3750.0 1250.0 -0.40384
3850.0 1250.0 -0.37797
3950.0 1250.0 -0.24379
4050.0 1250.0 -0.01811
4150.0 1250.0 0.22601
4250.0 1250.0 0.40736
4350.0 1250.0 0.46896
4450.0 1250.0 0.39474
4550.0 1250.0 0.21047
4650.0 1250.0 -0.03104
4750.0 1250.0 -0.27754
4850.0 1250.0 -0.49054
4950.0 1250.0 -0.64797
5050.0 1250.0 -0.74750
5150.0 1250.0 -0.80520
5250.0 1250.0 -0.85062
5350.0 1250.0 -0.91832
5450.0 1250.0 -1.03595
5550.0 1250.0 -1.20876
5650.0 1250.0 -1.40557
5750.0 1250.0 -1.58952
5850.0 1250.0 -1.70367
5950.0 1250.0 -1.68539
6050.0 1250.0 -1.50678
6150.0 1250.0 -1.19308
6250.0 1250.0 -0.81851
6350.0 1250.0 -0.47931
50.0 1350.0 1.11752
150.0 1350.0 1.01758
250.0 1350.0 1.05097
350.0 1350.0 1.20974
450.0 1350.0 1.40584
550.0 1350.0 1.53436
650.0 1350.0 1.51707
750.0 1350.0 1.32607
850.0 1350.0 0.98770
950.0 1350.0 0.56660
1050.0 1350.0 0.10330
1150.0 1350.0 -0.51061
1250.0 1350.0 -1.23855
1350.0 1350.0 -1.90310
1450.0 1350.0 -2.32595
1550.0 1350.0 -2.41498
1650.0 1350.0 -2.19780
1750.0 1350.0 -1.80147
1850.0 1350.0 -1.37869
1950.0 1350.0 -0.98448
2050.0 1350.0 -0.56161
2150.0 1350.0 -0.11848
2250.0 1350.0 0.28559
2350.0 1350.0 0.59237
2450.0 1350.0 0.77645
2550.0 1350.0 0.85669
2650.0 1350.0 0.88751
2750.0 1350.0 0.93006
2850.0 1350.0 1.00353
2950.0 1350.0 1.06125
3050.0 1350.0 1.05403
3150.0 1350.0 0.95193
3250.0 1350.0 0.75349
3350.0 1350.0 0.48765
3450.0 1350.0 0.20666
3550.0 1350.0 -0.03000
3650.0 1350.0 -0.18072
3750.0 1350.0 -0.25573
3850.0 1350.0 -0.29565
3950.0 1350.0 -0.26747
4050.0 1350.0 -0.17669
4150.0 1350.0 -0.06393
4250.0 1350.0 0.02195
4350.0 1350.0 0.04293
4450.0 1350.0 -0.01709
4550.0 1350.0 -0.14903
4650.0 1350.0 -0.32338
4750.0 1350.0 -0.50361
4850.0 1350.0 -0.66639
4950.0 1350.0 -0.80337
5050.0 1350.0 -0.91702
5150.0 1350.0 -1.01752
5250.0 1350.0 -1.11910
5350.0 1350.0 -1.23589
5450.0 1350.0 -1.37726
5550.0 1350.0 -1.54265
5650.0 1350.0 -1.71646
5750.0 1350.0 -1.86241
5850.0 1350.0 -1.91886
5950.0 1350.0 -1.83238
6050.0 1350.0 -1.58938
6150.0 1350.0 -1.22775
6250.0 1350.0 -0.82842
6350.0 1350.0 -0.48689
50.0 1450.0 1.29401
150.0 1450.0 1.11696
250.0 1450.0 1.08706
350.0 1450.0 1.21273
450.0 1450.0 1.41581
550.0 1450.0 1.58920
650.0 1450.0 1.63961
750.0 1450.0 1.51550
850.0 1450.0 1.22006
950.0 1450.0 0.80945
1050.0 1450.0 0.34356
1150.0 1450.0 -0.27578
1250.0 1450.0 -1.01907
1350.0 1450.0 -1.71567
1450.0 1450.0 -2.18937
1550.0 1450.0 -2.34389
1650.0 1450.0 -2.19727
1750.0 1450.0 -1.86525
1850.0 1450.0 -1.49353
1950.0 1450.0 -1.14216
2050.0 1450.0 -0.75727
2150.0 1450.0 -0.33337
2250.0 1450.0 0.08503
2350.0 1450.0 0.44574
2450.0 1450.0 0.71647
2550.0 1450.0 0.89746
2650.0 1450.0 1.01916
2750.0 1450.0 1.12503
2850.0 1450.0 1.23964
2950.0 1450.0 1.34655
3050.0 1450.0 1.40463
3150.0 1450.0 1.36741
3250.0 1450.0 1.21124
3350.0 1450.0 0.95012
3450.0 1450.0 0.63493
3550.0 1450.0 0.33730
3650.0 1450.0 0.11792
3750.0 1450.0 -0.02051
3850.0 1450.0 -0.13794
3950.0 1450.0 -0.23488
4050.0 1450.0 -0.30353
4150.0 1450.0 -0.34628
4250.0 1450.0 -0.37371
4350.0 1450.0 -0.40139
4450.0 1450.0 -0.44528
4550.0 1450.0 -0.51593
4650.0 1450.0 -0.61127
4750.0 1450.0 -0.71144
4850.0 1450.0 -0.80097
4950.0 1450.0 -0.88263
5050.0 1450.0 -0.96723
5150.0 1450.0 -1.06557
5250.0 1450.0 -1.18344
5350.0 1450.0 -1.31972
5450.0 1450.0 -1.46742
5550.0 1450.0 -1.61791
5650.0 1450.0 -1.76547
5750.0 1450.0 -1.87818
5850.0 1450.0 -1.89615
5950.0 1450.0 -1.77553
6050.0 1450.0 -1.51237
6150.0 1450.0 -1.14935
6250.0 1450.0 -0.76542
6350.0 1450.0 -0.44850
50.0 1550.0 1.24594
150.0 1550.0 0.99525
250.0 1550.0 0.90996
350.0 1550.0 1.01587
450.0 1550.0 1.24317
550.0 1550.0 1.47966
650.0 1550.0 1.61390
750.0 1550.0 1.56823
850.0 1550.0 1.32172
950.0 1550.0 0.92311
1050.0 1550.0 0.45654
1150.0 1550.0 -0.15162
1250.0 1550.0 -0.87078
1350.0 1550.0 -1.53948
1450.0 1550.0 -1.99305
1550.0 1550.0 -2.14375
1650.0 1550.0 -2.01240
1750.0 1550.0 -1.71139
1850.0 1550.0 -1.37908
1950.0 1550.0 -1.06972
2050.0 1550.0 -0.73654
2150.0 1550.0 -0.37317
2250.0 1550.0 -0.00907
2350.0 1550.0 0.31966
2450.0 1550.0 0.58923
2550.0 1550.0 0.79724
2650.0 1550.0 0.96193
2750.0 1550.0 1.11163
2850.0 1550.0 1.26472
2950.0 1550.0 1.42408
3050.0 1550.0 1.56222
3150.0 1550.0 1.61759
3250.0 1550.0 1.54105
3350.0 1550.0 1.32526
3450.0 1550.0 1.01235
3550.0 1550.0 0.67986
3650.0 1550.0 0.40490
3750.0 1550.0 0.20661
3850.0 1550.0 0.01564
3950.0 1550.0 -0.19518
4050.0 1550.0 -0.40393
4150.0 1550.0 -0.57758
4250.0 1550.0 -0.69307
4350.0 1550.0 -0.74815
4450.0 1550.0 -0.76208
4550.0 1550.0 -0.76601
4650.0 1550.0 -0.78326
4750.0 1550.0 -0.80452
4850.0 1550.0 -0.81367
4950.0 1550.0 -0.82095
5050.0 1550.0 -0.84701
5150.0 1550.0 -0.90829
5250.0 1550.0 -1.00881
5350.0 1550.0 -1.13846
5450.0 1550.0 -1.27791
5550.0 1550.0 -1.40986
5650.0 1550.0 -1.53277
5750.0 1550.0 -1.62350
5850.0 1550.0 -1.63046
5950.0 1550.0 -1.51788
6050.0 1550.0 -1.28474
6150.0 1550.0 -0.96939
6250.0 1550.0 -0.64005
6350.0 1550.0 -0.37134
50.0 1650.0 0.98620
150.0 1650.0 0.67808
250.0 1650.0 0.55316
350.0 1650.0 0.65194
450.0 1650.0 0.91036
550.0 1650.0 1.21017
650.0 1650.0 1.42311
750.0 1650.0 1.44873
850.0 1650.0 1.24589
950.0 1650.0 0.85802
1050.0 1650.0 0.39289
1150.0 1650.0 -0.18880
1250.0 1650.0 -0.84706
1350.0 1650.0 -1.43046
1450.0 1650.0 -1.79363
1550.0 1650.0 -1.86914
1650.0 1650.0 -1.69288
1750.0 1650.0 -1.38274
1850.0 1650.0 -1.07076
1950.0 1650.0 -0.79504
2050.0 1650.0 -0.51787
2150.0 1650.0 -0.24495
2250.0 1650.0 0.00686
2350.0 1650.0 0.22461
2450.0 1650.0 0.40662
2550.0 1650.0 0.56409
2650.0 1650.0 0.71686
2750.0 1650.0 0.88331
2850.0 1650.0 1.06539
2950.0 1650.0 1.27006
3050.0 1650.0 1.48508
3150.0 1650.0 1.63779
3250.0 1650.0 1.65562
3350.0 1650.0 1.50883
3450.0 1650.0 1.22659
3550.0 1650.0 0.88633
3650.0 1650.0 0.57642
3750.0 1650.0 0.33214
3850.0 1650.0 0.08608
3950.0 1650.0 -0.20072
4050.0 1650.0 -0.49281
4150.0 1650.0 -0.73235
4250.0 1650.0 -0.87613
4350.0 1650.0 -0.91540
4450.0 1650.0 -0.87844
4550.0 1650.0 -0.81582
4650.0 1650.0 -0.76846
4750.0 1650.0 -0.72666
4850.0 1650.0 -0.66701
4950.0 1650.0 -0.60374
5050.0 1650.0 -0.56632
5150.0 1650.0 -0.57847
5250.0 1650.0 -0.64642
5350.0 1650.0 -0.75635
5450.0 1650.0 -0.88111
5550.0 1650.0 -0.99610
5650.0 1650.0 -1.10026
5750.0 1650.0 -1.18280
5850.0 1650.0 -1.20458
5950.0 1650.0 -1.13515
6050.0 1650.0 -0.97009
6150.0 1650.0 -0.73627
6250.0 1650.0 -0.48555
6350.0 1650.0 -0.27674
50.0 1750.0 0.59633
150.0 1750.0 0.25476
250.0 1750.0 0.10882
350.0 1750.0 0.20828
450.0 1750.0 0.49197
550.0 1750.0 0.83691
650.0 1750.0 1.10350
750.0 1750.0 1.17659
850.0 1750.0 1.00242
950.0 1750.0 0.62159
1050.0 1750.0 0.15954
1150.0 1750.0 -0.38669
1250.0 1750.0 -0.96190
1350.0 1750.0 -1.42375
1450.0 1750.0 -1.64973
1550.0 1750.0 -1.59965
1650.0 1750.0 -1.33276
1750.0 1750.0 -0.97939
1850.0 1750.0 -0.66726
1950.0 1750.0 -0.41189
2050.0 1750.0 -0.18403
2150.0 1750.0 -0.01023
2250.0 1750.0 0.10089
2350.0 1750.0 0.16120
2450.0 1750.0 0.19863
2550.0 1750.0 0.24921
2650.0 1750.0 0.34575
2750.0 1750.0 0.50294
2850.0 1750.0 0.70059
2950.0 1750.0 0.93518
3050.0 1750.0 1.20671
3150.0 1750.0 1.43662
3250.0 1750.0 1.53582
3350.0 1750.0 1.45684
3450.0 1750.0 1.21624
3550.0 1750.0 0.88751
3650.0 1750.0 0.56427
3750.0 1750.0 0.29391
3850.0 1750.0 0.01994
3950.0 1750.0 -0.29009
4050.0 1750.0 -0.58909
4150.0 1750.0 -0.80941
4250.0 1750.0 -0.90597
4350.0 1750.0 -0.87787
4450.0 1750.0 -0.76867
4550.0 1750.0 -0.64525
4650.0 1750.0 -0.55522
4750.0 1750.0 -0.47602
4850.0 1750.0 -0.37441
4950.0 1750.0 -0.26649
5050.0 1750.0 -0.18716
5150.0 1750.0 -0.16521
5250.0 1750.0 -0.20909
5350.0 1750.0 -0.30365
5450.0 1750.0 -0.41764
5550.0 1750.0 -0.52202
5650.0 1750.0 -0.61583
5750.0 1750.0 -0.70206
5850.0 1750.0 -0.75448
5950.0 1750.0 -0.74481
6050.0 1750.0 -0.66124
6150.0 1750.0 -0.51640
6250.0 1750.0 -0.34516
6350.0 1750.0 -0.19201
50.0 1850.0 0.17883
150.0 1850.0 -0.17329
250.0 1850.0 -0.32493
350.0 1850.0 -0.22306
450.0 1850.0 0.07183
550.0 1850.0 0.43473
650.0 1850.0 0.72177
750.0 1850.0 0.81251
850.0 1850.0 0.64884
950.0 1850.0 0.27060
1050.0 1850.0 -0.18762
1150.0 1850.0 -0.69698
1250.0 1850.0 -1.18504
1350.0 1850.0 -1.51643
1450.0 1850.0 -1.59071
1550.0 1850.0 -1.39601
1650.0 1850.0 -1.01768
1750.0 1850.0 -0.60188
1850.0 1850.0 -0.27412
1950.0 1850.0 -0.02587
2050.0 1850.0 0.16596
2150.0 1850.0 0.25119
2250.0 1850.0 0.22480
2350.0 1850.0 0.12052
2450.0 1850.0 -0.00372
2550.0 1850.0 -0.08304
2650.0 1850.0 -0.06557
2750.0 1850.0 0.06492
2850.0 1850.0 0.26566
2950.0 1850.0 0.51288
3050.0 1850.0 0.81315
3150.0 1850.0 1.08662
3250.0 1850.0 1.23637
3350.0 1850.0 1.20490
3450.0 1850.0 1.00003
3550.0 1850.0 0.69030
3650.0 1850.0 0.36970
3750.0 1850.0 0.09196
3850.0 1850.0 -0.18396
3950.0 1850.0 -0.46855
4050.0 1850.0 -0.70534
4150.0 1850.0 -0.83095
4250.0 1850.0 -0.81491
4350.0 1850.0 -0.67666
4450.0 1850.0 -0.47990
4550.0 1850.0 -0.30412
4650.0 1850.0 -0.19342
4750.0 1850.0 -0.10254
4850.0 1850.0 0.01022
4950.0 1850.0 0.12736
5050.0 1850.0 0.21265
5150.0 1850.0 0.23695
5250.0 1850.0 0.19263
5350.0 1850.0 0.09673
5450.0 1850.0 -0.01734
5550.0 1850.0 -0.11933
5650.0 1850.0 -0.21061
5750.0 1850.0 -0.30741
5850.0 1850.0 -0.39377
5950.0 1850.0 -0.44102
6050.0 1850.0 -0.42908
6150.0 1850.0 -0.35781
6250.0 1850.0 -0.24850
6350.0 1850.0 -0.13558
50.0 1950.0 -0.22749
150.0 1950.0 -0.57983
250.0 1950.0 -0.73071
350.0 1950.0 -0.62654
450.0 1950.0 -0.32778
550.0 1950.0 0.04009
650.0 1950.0 0.33238
750.0 1950.0 0.42769
850.0 1950.0 0.26720
950.0 1950.0 -0.10932
1050.0 1950.0 -0.56242
1150.0 1950.0 -1.03543
1250.0 1950.0 -1.43915
1350.0 1950.0 -1.64417
1450.0 1950.0 -1.57053
1550.0 1950.0 -1.23328
1650.0 1950.0 -0.74306
1750.0 1950.0 -0.26185
1850.0 1950.0 0.08632
1950.0 1950.0 0.33295
2050.0 1950.0 0.49608
2150.0 1950.0 0.50218
2250.0 1950.0 0.34776
2350.0 1950.0 0.08587
2450.0 1950.0 -0.19722
2550.0 1950.0 -0.40797
2650.0 1950.0 -0.47414
2750.0 1950.0 -0.37596
2850.0 1950.0 -0.17758
2950.0 1950.0 0.07386
3050.0 1950.0 0.38826
3150.0 1950.0 0.68654
3250.0 1950.0 0.86844
3350.0 1950.0 0.87081
3450.0 1950.0 0.69537
3550.0 1950.0 0.40581
3650.0 1950.0 0.09443
3750.0 1950.0 -0.18181
3850.0 1950.0 -0.44756
3950.0 1950.0 -0.68506
4050.0 1950.0 -0.82982
4150.0 1950.0 -0.82903
4250.0 1950.0 -0.67391
4350.0 1950.0 -0.40930
4450.0 1950.0 -0.12059
4550.0 1950.0 0.10220
4650.0 1950.0 0.22302
4750.0 1950.0 0.31346
4850.0 1950.0 0.42191
4950.0 1950.0 0.52925
5050.0 1950.0 0.60005
5150.0 1950.0 0.60754
5250.0 1950.0 0.54717
5350.0 1950.0 0.43882
5450.0 1950.0 0.31765
5550.0 1950.0 0.21354
5650.0 1950.0 0.12109
5750.0 1950.0 0.01198
5850.0 1950.0 -0.10591
5950.0 1950.0 -0.20263
6050.0 1950.0 -0.25050
6150.0 1950.0 -0.23864
6250.0 1950.0 -0.17773
6350.0 1950.0 -0.09492
50.0 2050.0 -0.69047
150.0 2050.0 -1.04230
250.0 2050.0 -1.18901
350.0 2050.0 -1.07259
450.0 2050.0 -0.75075
550.0 2050.0 -0.34952
650.0 2050.0 -0.01760
750.0 2050.0 0.11720
850.0 2050.0 -0.01018
950.0 2050.0 -0.36232
1050.0 2050.0 -0.79096
1150.0 2050.0 -1.21242
1250.0 2050.0 -1.52705
1350.0 2050.0 -1.61579
1450.0 2050.0 -1.41929
1550.0 2050.0 -0.97460
1650.0 2050.0 -0.40912
1750.0 2050.0 0.10860
1850.0 2050.0 0.46086
1950.0 2050.0 0.69672
2050.0 2050.0 0.82147
2150.0 2050.0 0.73834
2250.0 2050.0 0.44719
2350.0 2050.0 0.02207
2450.0 2050.0 -0.42173
2550.0 2050.0 -0.76271
2650.0 2050.0 -0.90997
2750.0 2050.0 -0.84214
2850.0 2050.0 -0.64521
2950.0 2050.0 -0.38837
3050.0 2050.0 -0.05679
3150.0 2050.0 0.27280
3250.0 2050.0 0.49752
3350.0 2050.0 0.54799
3450.0 2050.0 0.41791
3550.0 2050.0 0.16365
3650.0 2050.0 -0.12627
3750.0 2050.0 -0.39169
3850.0 2050.0 -0.63925
3950.0 2050.0 -0.82553
4050.0 2050.0 -0.88101
4150.0 2050.0 -0.76457
4250.0 2050.0 -0.48779
4350.0 2050.0 -0.11733
4450.0 2050.0 0.24458
4550.0 2050.0 0.50152
4650.0 2050.0 0.62620
4750.0 2050.0 0.71234
4850.0 2050.0 0.81467
4950.0 2050.0 0.91327
5050.0 2050.0 0.97305
5150.0 2050.0 0.96835
5250.0 2050.0 0.89606
5350.0 2050.0 0.77747
5450.0 2050.0 0.64859
5550.0 2050.0 0.53916
5650.0 2050.0 0.44175
5750.0 2050.0 0.32085
5850.0 2050.0 0.17858
5950.0 2050.0 0.04449
6050.0 2050.0 -0.04978
6150.0 2050.0 -0.08659
6250.0 2050.0 -0.06898
6350.0 2050.0 -0.01804
50.0 2150.0 -1.17455
150.0 2150.0 -1.52626
250.0 2150.0 -1.66862
350.0 2150.0 -1.53302
450.0 2150.0 -1.16795
550.0 2150.0 -0.69730
650.0 2150.0 -0.27665
750.0 2150.0 -0.04776
850.0 2150.0 -0.09123
950.0 2150.0 -0.37712
1050.0 2150.0 -0.74441
1150.0 2150.0 -1.08743
1250.0 2150.0 -1.30929
1350.0 2150.0 -1.30954
1450.0 2150.0 -1.04825
1550.0 2150.0 -0.57343
1650.0 2150.0 -0.01097
1750.0 2150.0 0.48279
1850.0 2150.0 0.80596
1950.0 2150.0 1.01327
2050.0 2150.0 1.08525
2150.0 2150.0 0.90617
2250.0 2150.0 0.48263
2350.0 2150.0 -0.09010
2450.0 2150.0 -0.67118
2550.0 2150.0 -1.11736
2650.0 2150.0 -1.32611
2750.0 2150.0 -1.27882
2850.0 2150.0 -1.08079
2950.0 2150.0 -0.81731
3050.0 2150.0 -0.46733
3150.0 2150.0 -0.10264
3250.0 2150.0 0.17365
3350.0 2150.0 0.28675
3450.0 2150.0 0.22115
3550.0 2150.0 0.02300
3650.0 2150.0 -0.22609
3750.0 2150.0 -0.46387
3850.0 2150.0 -0.67963
3950.0 2150.0 -0.81269
4050.0 2150.0 -0.79495
4150.0 2150.0 -0.59773
4250.0 2150.0 -0.24782
4350.0 2150.0 0.17600
4450.0 2150.0 0.56607
4550.0 2150.0 0.82838
4650.0 2150.0 0.94469
4750.0 2150.0 1.02004
4850.0 2150.0 1.11436
4950.0 2150.0 1.20875
5050.0 2150.0 1.26731
5150.0 2150.0 1.26257
5250.0 2150.0 1.18927
5350.0 2150.0 1.06685
5450.0 2150.0 0.93036
5550.0 2150.0 0.80998
5650.0 2150.0 0.70068
5750.0 2150.0 0.57039
5850.0 2150.0 0.42052
5950.0 2150.0 0.27675
6050.0 2150.0 0.16699
6150.0 2150.0 0.10712
6250.0 2150.0 0.09508
6350.0 2150.0 0.11296
50.0 2250.0 -1.54270
150.0 2250.0 -1.89626
250.0 2250.0 -2.04311
350.0 2250.0 -1.90030
450.0 2250.0 -1.49891
550.0 2250.0 -0.95356
650.0 2250.0 -0.42403
750.0 2250.0 -0.06865
850.0 2250.0 0.01014
950.0 2250.0 -0.17153
1050.0 2250.0 -0.44202
1150.0 2250.0 -0.68417
1250.0 2250.0 -0.81865
1350.0 2250.0 -0.77097
1450.0 2250.0 -0.51739
1550.0 2250.0 -0.10311
1650.0 2250.0 0.36793
1750.0 2250.0 0.77169
1850.0 2250.0 1.03113
1950.0 2250.0 1.19294
2050.0 2250.0 1.20548
2150.0 2250.0 0.94458
2250.0 2250.0 0.42652
2350.0 2250.0 -0.23709
2450.0 2250.0 -0.89066
2550.0 2250.0 -1.38289
2650.0 2250.0 -1.61181
2750.0 2250.0 -1.56688
2850.0 2250.0 -1.36458
2950.0 2250.0 -1.09577
3050.0 2250.0 -0.73498
3150.0 2250.0 -0.34709
3250.0 2250.0 -0.03096
3350.0 2250.0 0.13761
3450.0 2250.0 0.13656
3550.0 2250.0 0.00210
3650.0 2250.0 -0.19303
3750.0 2250.0 -0.38764
3850.0 2250.0 -0.55979
3950.0 2250.0 -0.64443
4050.0 2250.0 -0.58229
4150.0 2250.0 -0.35636
4250.0 2250.0 -0.00054
4350.0 2250.0 0.40741
4450.0 2250.0 0.76861
4550.0 2250.0 1.00153
4650.0 2250.0 1.09613
4750.0 2250.0 1.15447
4850.0 2250.0 1.23965
4950.0 2250.0 1.33575
5050.0 2250.0 1.40487
5150.0 2250.0 1.41447
5250.0 2250.0 1.35320
5350.0 2250.0 1.23505
5450.0 2250.0 1.09211
5550.0 2250.0 0.95562
5650.0 2250.0 0.82783
5750.0 2250.0 0.69245
5850.0 2250.0 0.55630
5950.0 2250.0 0.43770
6050.0 2250.0 0.35201
6150.0 2250.0 0.30337
6250.0 2250.0 0.28256
6350.0 2250.0 0.27091
50.0 2350.0 -1.66963
150.0 2350.0 -2.02821
250.0 2350.0 -2.19621
350.0 2350.0 -2.07689
450.0 2350.0 -1.67648
550.0 2350.0 -1.09049
650.0 2350.0 -0.47438
750.0 2350.0 0.00136
850.0 2350.0 0.21187
950.0 2350.0 0.15411
1050.0 2350.0 0.00151
1150.0 2350.0 -0.13081
1250.0 2350.0 -0.19238
1350.0 2350.0 -0.13843
1450.0 2350.0 0.04332
1550.0 2350.0 0.32246
1650.0 2350.0 0.63292
1750.0 2350.0 0.89742
1850.0 2350.0 1.06915
1950.0 2350.0 1.17551
2050.0 2350.0 1.13376
2150.0 2350.0 0.82546
2250.0 2350.0 0.27800
2350.0 2350.0 -0.38998
2450.0 2350.0 -1.02410
2550.0 2350.0 -1.48279
2650.0 2350.0 -1.67893
2750.0 2350.0 -1.61447
2850.0 2350.0 -1.40514
2950.0 2350.0 -1.13493
3050.0 2350.0 -0.77894
3150.0 2350.0 -0.39455
3250.0 2350.0 -0.07102
3350.0 2350.0 0.12198
3450.0 2350.0 0.16236
3550.0 2350.0 0.08039
3650.0 2350.0 -0.05995
3750.0 2350.0 -0.20294
3850.0 2350.0 -0.32604
3950.0 2350.0 -0.37362
4050.0 2350.0 -0.30116
4150.0 2350.0 -0.10095
4250.0 2350.0 0.19485
4350.0 2350.0 0.52202
4450.0 2350.0 0.80307
4550.0 2350.0 0.97701
4650.0 2350.0 1.03997
4750.0 2350.0 1.07763
4850.0 2350.0 1.15383
4950.0 2350.0 1.25717
5050.0 2350.0 1.34679
5150.0 2350.0 1.38273
5250.0 2350.0 1.34445
5350.0 2350.0 1.23786
5450.0 2350.0 1.09049
5550.0 2350.0 0.93511
5650.0 2350.0 0.78503
5750.0 2350.0 0.64960
5850.0 2350.0 0.54648
5950.0 2350.0 0.48411
6050.0 2350.0 0.45848
6150.0 2350.0 0.45372
6250.0 2350.0 0.44635
6350.0 2350.0 0.41314
50.0 2450.0 -1.51085
150.0 2450.0 -1.87783
250.0 2450.0 -2.08589
350.0 2450.0 -2.02910
450.0 2450.0 -1.68463
550.0 2450.0 -1.11939
650.0 2450.0 -0.47320
750.0 2450.0 0.08122
850.0 2450.0 0.40171
950.0 2450.0 0.46343
1050.0 2450.0 0.42898
1150.0 2450.0 0.39945
1250.0 2450.0 0.39212
1350.0 2450.0 0.42303
1450.0 2450.0 0.49763
1550.0 2450.0 0.60670
1650.0 2450.0 0.72845
1750.0 2450.0 0.83661
1850.0 2450.0 0.91469
1950.0 2450.0 0.96575
2050.0 2450.0 0.88466
2150.0 2450.0 0.57213
2250.0 2450.0 0.06597
2350.0 2450.0 -0.51871
2450.0 2450.0 -1.04452
2550.0 2450.0 -1.39580
2650.0 2450.0 -1.51190
2750.0 2450.0 -1.40944
2850.0 2450.0 -1.19161
2950.0 2450.0 -0.92522
3050.0 2450.0 -0.59243
3150.0 2450.0 -0.24410
3250.0 2450.0 0.04465
3350.0 2450.0 0.21778
3450.0 2450.0 0.26131
3550.0 2450.0 0.20590
3650.0 2450.0 0.10896
3750.0 2450.0 0.01644
3850.0 2450.0 -0.06019
3950.0 2450.0 -0.08478
4050.0 2450.0 -0.03024
4150.0 2450.0 0.10503
4250.0 2450.0 0.29732
4350.0 2450.0 0.50394
4450.0 2450.0 0.67569
4550.0 2450.0 0.77557
4650.0 2450.0 0.80350
4750.0 2450.0 0.82047
4850.0 2450.0 0.88907
4950.0 2450.0 1.00299
5050.0 2450.0 1.11811
5150.0 2450.0 1.18614
5250.0 2450.0 1.17632
5350.0 2450.0 1.08541
5450.0 2450.0 0.93583
5550.0 2450.0 0.76201
5650.0 2450.0 0.58975
5750.0 2450.0 0.45848
5850.0 2450.0 0.39946
5950.0 2450.0 0.41074
6050.0 2450.0 0.46607
6150.0 2450.0 0.52570
6250.0 2450.0 0.54815
6350.0 2450.0 0.50312
50.0 2550.0 -1.12494
150.0 2550.0 -1.50261
250.0 2550.0 -1.76510
350.0 2550.0 -1.80414
450.0 2550.0 -1.56836
550.0 2550.0 -1.09040
650.0 2550.0 -0.48433
750.0 2550.0 0.08665
850.0 2550.0 0.47217
950.0 2550.0 0.62646
1050.0 2550.0 0.68965
1150.0 2550.0 0.74248
1250.0 2550.0 0.77326
1350.0 2550.0 0.77467
1450.0 2550.0 0.74814
1550.0 2550.0 0.70429
1650.0 2550.0 0.66016
1750.0 2550.0 0.63314
1850.0 2550.0 0.63177
1950.0 2550.0 0.63763
2050.0 2550.0 0.53656
2150.0 2550.0 0.25609
2250.0 2550.0 -0.15792
2350.0 2550.0 -0.60203
2450.0 2550.0 -0.96577
2550.0 2550.0 -1.16805
2650.0 2550.0 -1.17951
2750.0 2550.0 -1.03067
2850.0 2550.0 -0.80465
2950.0 2550.0 -0.54672
3050.0 2550.0 -0.25169
3150.0 2550.0 0.03394
3250.0 2550.0 0.25120
3350.0 2550.0 0.36290
3450.0 2550.0 0.36999
3550.0 2550.0 0.30990
3650.0 2550.0 0.23689
3750.0 2550.0 0.18450
3850.0 2550.0 0.14475
3950.0 2550.0 0.13142
4050.0 2550.0 0.15581
4150.0 2550.0 0.21620
4250.0 2550.0 0.29950
4350.0 2550.0 0.38511
4450.0 2550.0 0.45093
4550.0 2550.0 0.48158
4650.0 2550.0 0.47880
4750.0 2550.0 0.47872
4850.0 2550.0 0.54183
4950.0 2550.0 0.66630
5050.0 2550.0 0.80517
5150.0 2550.0 0.90281
5250.0 2550.0 0.91942
5350.0 2550.0 0.84370
5450.0 2550.0 0.69351
5550.0 2550.0 0.50474
5650.0 2550.0 0.31431
5750.0 2550.0 0.18898
5850.0 2550.0 0.17301
5950.0 2550.0 0.25547
6050.0 2550.0 0.39013
6150.0 2550.0 0.51521
6250.0 2550.0 0.57214
6350.0 2550.0 0.52329
50.0 2650.0 -0.64884
150.0 2650.0 -1.03768
250.0 2650.0 -1.35940
350.0 2650.0 -1.51045
450.0 2650.0 -1.41604
550.0 2650.0 -1.07481
650.0 2650.0 -0.56956
750.0 2650.0 -0.04431
850.0 2650.0 0.35244
950.0 2650.0 0.55826
1050.0 2650.0 0.68399
1150.0 2650.0 0.79179
1250.0 2650.0 0.85261
1350.0 2650.0 0.84382
1450.0 2650.0 0.76290
1550.0 2650.0 0.63130
1650.0 2650.0 0.48907
1750.0 2650.0 0.38036
1850.0 2650.0 0.32975
1950.0 2650.0 0.30739
2050.0 2650.0 0.20375
2150.0 2650.0 -0.02767
2250.0 2650.0 -0.33635
2350.0 2650.0 -0.63329
2450.0 2650.0 -0.83553
2550.0 2650.0 -0.89455
2650.0 2650.0 -0.80849
2750.0 2650.0 -0.61809
2850.0 2650.0 -0.38596
2950.0 2650.0 -0.13896
3050.0 2650.0 0.11263
3150.0 2650.0 0.32398
3250.0 2650.0 0.45106
3350.0 2650.0 0.47660
3450.0 2650.0 0.41963
3550.0 2650.0 0.32865
3650.0 2650.0 0.25830
3750.0 2650.0 0.22971
3850.0 2650.0 0.21324
3950.0 2650.0 0.20580
4050.0 2650.0 0.20844
4150.0 2650.0 0.21758
4250.0 2650.0 0.22752
4350.0 2650.0 0.23245
4450.0 2650.0 0.22814
4550.0 2650.0 0.21333
4650.0 2650.0 0.19068
4750.0 2650.0 0.17974
4850.0 2650.0 0.23948
4950.0 2650.0 0.37100
5050.0 2650.0 0.52549
5150.0 2650.0 0.64257
5250.0 2650.0 0.67656
5350.0 2650.0 0.61091
5450.0 2650.0 0.46056
5550.0 2650.0 0.26231
5650.0 2650.0 0.06036
5750.0 2650.0 -0.06028
5850.0 2650.0 -0.04648
5950.0 2650.0 0.08500
6050.0 2650.0 0.27463
6150.0 2650.0 0.44577
6250.0 2650.0 0.52818
6350.0 2650.0 0.47902
50.0 2750.0 -0.22641
150.0 2750.0 -0.62513
250.0 2750.0 -1.00131
350.0 2750.0 -1.26110
450.0 2750.0 -1.31402
550.0 2750.0 -1.12985
650.0 2750.0 -0.76026
750.0 2750.0 -0.32499
850.0 2750.0 0.03730
950.0 2750.0 0.25350
1050.0 2750.0 0.40440
1150.0 2750.0 0.54182
1250.0 2750.0 0.63387
1350.0 2750.0 0.65065
1450.0 2750.0 0.58337
1550.0 2750.0 0.45133
1650.0 2750.0 0.29754
1750.0 2750.0 0.17274
1850.0 2750.0 0.10801
1950.0 2750.0 0.07539
2050.0 2750.0 -0.02021
2150.0 2750.0 -0.20710
2250.0 2750.0 -0.43342
2350.0 2750.0 -0.62198
2450.0 2750.0 -0.70973
2550.0 2750.0 -0.67019
2650.0 2750.0 -0.51884
2750.0 2750.0 -0.30163
2850.0 2750.0 -0.06638
2950.0 2750.0 0.16982
3050.0 2750.0 0.38155
3150.0 2750.0 0.52334
3250.0 2750.0 0.56248
3350.0 2750.0 0.49878
3450.0 2750.0 0.36847
3550.0 2750.0 0.23235
3650.0 2750.0 0.14807
3750.0 2750.0 0.12661
3850.0 2750.0 0.12031
3950.0 2750.0 0.12046
4050.0 2750.0 0.12498
4150.0 2750.0 0.12842
4250.0 2750.0 0.12548
4350.0 2750.0 0.11324
4450.0 2750.0 0.09200
4550.0 2750.0 0.06478
4650.0 2750.0 0.03552
4750.0 2750.0 0.02028
4850.0 2750.0 0.07820
4950.0 2750.0 0.21131
5050.0 2750.0 0.37021
5150.0 2750.0 0.49291
5250.0 2750.0 0.53183
5350.0 2750.0 0.46870
5450.0 2750.0 0.31749
5550.0 2750.0 0.11533
5650.0 2750.0 -0.09116
5750.0 2750.0 -0.21063
5850.0 2750.0 -0.18693
5950.0 2750.0 -0.03899
6050.0 2750.0 0.16885
6150.0 2750.0 0.35479
6250.0 2750.0 0.44457
6350.0 2750.0 0.39374
50.0 2850.0 0.10686
150.0 2850.0 -0.30029
250.0 2850.0 -0.72422
350.0 2850.0 -1.08279
450.0 2850.0 -1.27508
550.0 2850.0 -1.24701
650.0 2850.0 -1.02149
750.0 2850.0 -0.69308
850.0 2850.0 -0.38708
950.0 2850.0 -0.18328
1050.0 2850.0 -0.02878
1150.0 2850.0 0.12511
1250.0 2850.0 0.25291
1350.0 2850.0 0.32190
1450.0 2850.0 0.31467
1550.0 2850.0 0.23964
1650.0 2850.0 0.12989
1750.0 2850.0 0.03026
1850.0 2850.0 -0.02716
1950.0 2850.0 -0.05978
2050.0 2850.0 -0.14429
2150.0 2850.0 -0.29813
2250.0 2850.0 -0.46985
2350.0 2850.0 -0.59044
2450.0 2850.0 -0.60913
2550.0 2850.0 -0.51205
2650.0 2850.0 -0.32384
2750.0 2850.0 -0.09227
2850.0 2850.0 0.14396
2950.0 2850.0 0.37035
3050.0 2850.0 0.54791
3150.0 2850.0 0.62936
3250.0 2850.0 0.59029
3350.0 2850.0 0.44444
3450.0 2850.0 0.24307
3550.0 2850.0 0.05873
3650.0 2850.0 -0.04691
3750.0 2850.0 -0.07078
3850.0 2850.0 -0.07408
3950.0 2850.0 -0.06260
4050.0 2850.0 -0.03678
4150.0 2850.0 -0.00462
4250.0 2850.0 0.02360
4350.0 2850.0 0.03931
4450.0 2850.0 0.03810
4550.0 2850.0 0.02087
4650.0 2850.0 -0.00652
4750.0 2850.0 -0.02217
4850.0 2850.0 0.03458
4950.0 2850.0 0.16545
5050.0 2850.0 0.32120
5150.0 2850.0 0.44034
5250.0 2850.0 0.47587
5350.0 2850.0 0.41008
5450.0 2850.0 0.25724
5550.0 2850.0 0.05442
5650.0 2850.0 -0.15245
5750.0 2850.0 -0.27341
5850.0 2850.0 -0.25324
5950.0 2850.0 -0.11086
6050.0 2850.0 0.09006
6150.0 2850.0 0.26881
6250.0 2850.0 0.35235
6350.0 2850.0 0.29713
50.0 2950.0 0.36654
150.0 2950.0 -0.04548
250.0 2950.0 -0.50749
350.0 2950.0 -0.94735
450.0 2950.0 -1.25551
550.0 2950.0 -1.35780
650.0 2950.0 -1.25283
750.0 2950.0 -1.01369
850.0 2950.0 -0.75422
950.0 2950.0 -0.55969
1050.0 2950.0 -0.40035
1150.0 2950.0 -0.22694
1250.0 2950.0 -0.05789
1350.0 2950.0 0.07044
1450.0 2950.0 0.13062
1550.0 2950.0 0.11871
1650.0 2950.0 0.05684
1750.0 2950.0 -0.01636
1850.0 2950.0 -0.06728
1950.0 2950.0 -0.10170
2050.0 2950.0 -0.18072
2150.0 2950.0 -0.31503
2250.0 2950.0 -0.45436
2350.0 2950.0 -0.53576
2450.0 2950.0 -0.51655
2550.0 2950.0 -0.39045
2650.0 2950.0 -0.18695
2750.0 2950.0 0.04604
2850.0 2950.0 0.27578
2950.0 2950.0 0.48707
3050.0 2950.0 0.62922
3150.0 2950.0 0.65322
3250.0 2950.0 0.54138
3350.0 2950.0 0.31893
3450.0 2950.0 0.04980
3550.0 2950.0 -0.18345
3650.0 2950.0 -0.31545
3750.0 2950.0 -0.34968
3850.0 2950.0 -0.35731
3950.0 2950.0 -0.33666
4050.0 2950.0 -0.28308
4150.0 2950.0 -0.20619
4250.0 2950.0 -0.12326
4350.0 2950.0 -0.05310
4450.0 2950.0 -0.01056
4550.0 2950.0 -0.00166
4650.0 2950.0 -0.01913
4750.0 2950.0 -0.03012
4850.0 2950.0 0.02766
4950.0 2950.0 0.15483
5050.0 2950.0 0.30337
5150.0 2950.0 0.41425
5250.0 2950.0 0.44319
5350.0 2950.0 0.37464
5450.0 2950.0 0.22387
5550.0 2950.0 0.02717
5650.0 2950.0 -0.17201
5750.0 2950.0 -0.28478
5850.0 2950.0 -0.25686
5950.0 2950.0 -0.10896
6050.0 2950.0 0.09393
6150.0 2950.0 0.27100
6250.0 2950.0 0.35039
6350.0 2950.0 0.29062
50.0 3050.0 0.46252
150.0 3050.0 0.05445
250.0 3050.0 -0.42190
350.0 3050.0 -0.89955
450.0 3050.0 -1.26376
550.0 3050.0 -1.42913
650.0 3050.0 -1.38099
750.0 3050.0 -1.18107
850.0 3050.0 -0.93745
950.0 3050.0 -0.73876
1050.0 3050.0 -0.56672
1150.0 3050.0 -0.36537
1250.0 3050.0 -0.14772
1350.0 3050.0 0.04353
1450.0 3050.0 0.16916
1550.0 3050.0 0.21300
1650.0 3050.0 0.18831
1750.0 3050.0 0.13072
1850.0 3050.0 0.07789
1950.0 3050.0 0.03473
2050.0 3050.0 -0.05188
2150.0 3050.0 -0.19301
2250.0 3050.0 -0.34134
2350.0 3050.0 -0.43673
2450.0 3050.0 -0.43762
2550.0 3050.0 -0.33663
2650.0 3050.0 -0.16045
2750.0 3050.0 0.04605
2850.0 3050.0 0.25094
2950.0 3050.0 0.43449
3050.0 3050.0 0.54076
3150.0 3050.0 0.51966
3250.0 3050.0 0.35583
3350.0 3050.0 0.07902
3450.0 3050.0 -0.24158
3550.0 3050.0 -0.51897
3650.0 3050.0 -0.68585
3750.0 3050.0 -0.74816
3850.0 3050.0 -0.77833
3950.0 3050.0 -0.76022
4050.0 3050.0 -0.67727
4150.0 3050.0 -0.53698
4250.0 3050.0 -0.36508
4350.0 3050.0 -0.19743
4450.0 3050.0 -0.06954
4550.0 3050.0 -0.00370
4650.0 3050.0 0.00624
4750.0 3050.0 0.01191
4850.0 3050.0 0.07613
4950.0 3050.0 0.19655
5050.0 3050.0 0.32892
5150.0 3050.0 0.42130
5250.0 3050.0 0.43705
5350.0 3050.0 0.36649
5450.0 3050.0 0.22722
5550.0 3050.0 0.05318
5650.0 3050.0 -0.11872
5750.0 3050.0 -0.19903
5850.0 3050.0 -0.13429
5950.0 3050.0 0.04811
6050.0 3050.0 0.27623
6150.0 3050.0 0.46551
6250.0 3050.0 0.54507
6350.0 3050.0 0.47838
50.0 3150.0 0.37544
150.0 3150.0 -0.01883
250.0 3150.0 -0.48212
350.0 3150.0 -0.94690
450.0 3150.0 -1.29736
550.0 3150.0 -1.44726
650.0 3150.0 -1.38169
750.0 3150.0 -1.16286
850.0 3150.0 -0.89977
950.0 3150.0 -0.68187
1050.0 3150.0 -0.48904
1150.0 3150.0 -0.25438
1250.0 3150.0 0.01094
1350.0 3150.0 0.25561
1450.0 3150.0 0.42883
1550.0 3150.0 0.50521
1650.0 3150.0 0.49411
1750.0 3150.0 0.43333
1850.0 3150.0 0.36723
1950.0 3150.0 0.30791
2050.0 3150.0 0.20229
2150.0 3150.0 0.03335
2250.0 3150.0 -0.15650
2350.0 3150.0 -0.30824
2450.0 3150.0 -0.37662
2550.0 3150.0 -0.34658
2650.0 3150.0 -0.23570
2750.0 3150.0 -0.08270
2850.0 3150.0 0.07782
2950.0 3150.0 0.22218
3050.0 3150.0 0.29970
3150.0 3150.0 0.26037
3250.0 3150.0 0.08463
3350.0 3150.0 -0.20396
3450.0 3150.0 -0.54231
3550.0 3150.0 -0.84767
3650.0 3150.0 -1.05365
3750.0 3150.0 -1.16247
3850.0 3150.0 -1.23664
3950.0 3150.0 -1.24218
4050.0 3150.0 -1.14477
4150.0 3150.0 -0.94376
4250.0 3150.0 -0.67103
4350.0 3150.0 -0.38228
4450.0 3150.0 -0.14069
4550.0 3150.0 0.00686
4650.0 3150.0 0.06130
4750.0 3150.0 0.09660
4850.0 3150.0 0.17285
4950.0 3150.0 0.28275
5050.0 3150.0 0.38854
5150.0 3150.0 0.45054
5250.0 3150.0 0.44520
5350.0 3150.0 0.37282
5450.0 3150.0 0.25493
5550.0 3150.0 0.12130
5650.0 3150.0 -0.00235
5750.0 3150.0 -0.02602
5850.0 3150.0 0.10169
5950.0 3150.0 0.34168
6050.0 3150.0 0.61022
6150.0 3150.0 0.81692
6250.0 3150.0 0.89336
6350.0 3150.0 0.81233
50.0 3250.0 0.15442
150.0 3250.0 -0.21888
250.0 3250.0 -0.64802
350.0 3250.0 -1.06042
450.0 3250.0 -1.34251
550.0 3250.0 -1.41548
650.0 3250.0 -1.27452
750.0 3250.0 -0.99164
850.0 3250.0 -0.68201
950.0 3250.0 -0.43384
1050.0 3250.0 -0.21518
1150.0 3250.0 0.05184
1250.0 3250.0 0.35313
1350.0 3250.0 0.62792
1450.0 3250.0 0.81672
1550.0 3250.0 0.89056
1650.0 3250.0 0.86173
1750.0 3250.0 0.77594
1850.0 3250.0 0.68587
1950.0 3250.0 0.60538
2050.0 3250.0 0.47619
2150.0 3250.0 0.27439
2250.0 3250.0 0.03589
2350.0 3250.0 -0.18252
2450.0 3250.0 -0.33199
2550.0 3250.0 -0.38866
2650.0 3250.0 -0.35915
2750.0 3250.0 -0.27432
2850.0 3250.0 -0.17125
2950.0 3250.0 -0.07123
3050.0 3250.0 -0.00798
3150.0 3250.0 -0.03008
3250.0 3250.0 -0.16809
3350.0 3250.0 -0.41589
3450.0 3250.0 -0.72857
3550.0 3250.0 -1.03696
3650.0 3250.0 -1.27870
3750.0 3250.0 -1.44583
3850.0 3250.0 -1.58105
3950.0 3250.0 -1.63543
4050.0 3250.0 -1.55462
4150.0 3250.0 -1.32333
4250.0 3250.0 -0.97308
4350.0 3250.0 -0.57553
4450.0 3250.0 -0.22152
4550.0 3250.0 0.01421
4650.0 3250.0 0.12266
4750.0 3250.0 0.19646
4850.0 3250.0 0.28834
4950.0 3250.0 0.38449
5050.0 3250.0 0.45565
5150.0 3250.0 0.47806
5250.0 3250.0 0.44520
5350.0 3250.0 0.37038
5450.0 3250.0 0.28023
5550.0 3250.0 0.19913
5650.0 3250.0 0.13796
5750.0 3250.0 0.18502
5850.0 3250.0 0.38713
5950.0 3250.0 0.69034
6050.0 3250.0 0.99738
6150.0 3250.0 1.21283
6250.0 3250.0 1.27397
6350.0 3250.0 1.16738
50.0 3350.0 -0.10938
150.0 3350.0 -0.45946
250.0 3350.0 -0.84628
350.0 3350.0 -1.19037
450.0 3350.0 -1.38184
550.0 3350.0 -1.35284
650.0 3350.0 -1.11302
750.0 3350.0 -0.74811
850.0 3350.0 -0.38162
950.0 3350.0 -0.09960
1050.0 3350.0 0.14533
1150.0 3350.0 0.43773
1250.0 3350.0 0.75623
1350.0 3350.0 1.03147
1450.0 3350.0 1.19985
1550.0 3350.0 1.23531
1650.0 3350.0 1.15962
1750.0 3350.0 1.03083
1850.0 3350.0 0.91017
1950.0 3350.0 0.80744
2050.0 3350.0 0.65847
2150.0 3350.0 0.43618
2250.0 3350.0 0.16944
2350.0 3350.0 -0.09081
2450.0 3350.0 -0.29700
2550.0 3350.0 -0.42122
2650.0 3350.0 -0.46227
2750.0 3350.0 -0.44339
2850.0 3350.0 -0.40028
2950.0 3350.0 -0.34186
3050.0 3350.0 -0.27564
3150.0 3350.0 -0.24767
3250.0 3350.0 -0.30444
3350.0 3350.0 -0.46552
3450.0 3350.0 -0.71315
3550.0 3350.0 -0.99875
3650.0 3350.0 -1.26644
3750.0 3350.0 -1.49338
3850.0 3350.0 -1.69691
3950.0 3350.0 -1.82140
4050.0 3350.0 -1.79455
4150.0 3350.0 -1.58149
4250.0 3350.0 -1.20469
4350.0 3350.0 -0.74256
4450.0 3350.0 -0.30649
4550.0 3350.0 0.00358
4650.0 3350.0 0.16504
4750.0 3350.0 0.27935
4850.0 3350.0 0.38730
4950.0 3350.0 0.46806
5050.0 3350.0 0.50139
5150.0 3350.0 0.48057
5250.0 3350.0 0.41727
5350.0 3350.0 0.33876
5450.0 3350.0 0.27725
5550.0 3350.0 0.25134
5650.0 3350.0 0.25568
5750.0 3350.0 0.37307
5850.0 3350.0 0.64278
5950.0 3350.0 0.99565
6050.0 3350.0 1.32281
6150.0 3350.0 1.52724
6250.0 3350.0 1.55587
6350.0 3350.0 1.41226
50.0 3450.0 -0.31144
150.0 3450.0 -0.64166
250.0 3450.0 -0.99358
350.0 3450.0 -1.28217
450.0 3450.0 -1.40037
550.0 3450.0 -1.28893
650.0 3450.0 -0.96893
750.0 3450.0 -0.53703
850.0 3450.0 -0.12342
950.0 3450.0 0.18743
1050.0 3450.0 0.45440
1150.0 3450.0 0.76179
1250.0 3450.0 1.07847
1350.0 3450.0 1.32876
1450.0 3450.0 1.44954
1550.0 3450.0 1.42274
1650.0 3450.0 1.28350
1750.0 3450.0 1.10389
1850.0 3450.0 0.95232
1950.0 3450.0 0.83058
2050.0 3450.0 0.67238
2150.0 3450.0 0.45471
2250.0 3450.0 0.19989
2350.0 3450.0 -0.05167
2450.0 3450.0 -0.26163
2550.0 3450.0 -0.40682
2650.0 3450.0 -0.48508
2750.0 3450.0 -0.51412
2850.0 3450.0 -0.52227
2950.0 3450.0 -0.49593
3050.0 3450.0 -0.41292
3150.0 3450.0 -0.31625
3250.0 3450.0 -0.26968
3350.0 3450.0 -0.32089
3450.0 3450.0 -0.48200
3550.0 3450.0 -0.72730
3650.0 3450.0 -1.00825
3750.0 3450.0 -1.28585
3850.0 3450.0 -1.55280
3950.0 3450.0 -1.75730
4050.0 3450.0 -1.81474
4150.0 3450.0 -1.66890
4250.0 3450.0 -1.32558
4350.0 3450.0 -0.85872
4450.0 3450.0 -0.38871
4550.0 3450.0 -0.03310
4650.0 3450.0 0.17036
4750.0 3450.0 0.31978
4850.0 3450.0 0.44099
4950.0 3450.0 0.50684
5050.0 3450.0 0.50507
5150.0 3450.0 0.44410
5250.0 3450.0 0.35190
5350.0 3450.0 0.26832
5450.0 3450.0 0.23062
5550.0 3450.0 0.25236
5650.0 3450.0 0.31319
5750.0 3450.0 0.48646
5850.0 3450.0 0.80147
5950.0 3450.0 1.17645
6050.0 3450.0 1.49574
6150.0 3450.0 1.66551
6250.0 3450.0 1.64558
6350.0 3450.0 1.45735
50.0 3550.0 -0.36482
150.0 3550.0 -0.68322
250.0 3550.0 -1.02122
350.0 3550.0 -1.29249
450.0 3550.0 -1.38982
550.0 3550.0 -1.25489
650.0 3550.0 -0.91059
750.0 3550.0 -0.45573
850.0 3550.0 -0.02220
950.0 3550.0 0.30532
1050.0 3550.0 0.58671
1150.0 3550.0 0.89877
1250.0 3550.0 1.20095
1350.0 3550.0 1.41415
1450.0 3550.0 1.47880
1550.0 3550.0 1.38658
1650.0 3550.0 1.18584
1750.0 3550.0 0.96084
1850.0 3550.0 0.78472
1950.0 3550.0 0.65049
2050.0 3550.0 0.49701
2150.0 3550.0 0.31349
2250.0 3550.0 0.11727
2350.0 3550.0 -0.06605
2450.0 3550.0 -0.21565
2550.0 3550.0 -0.32295
2650.0 3550.0 -0.39333
2750.0 3550.0 -0.44219
2850.0 3550.0 -0.48426
2950.0 3550.0 -0.47678
3050.0 3550.0 -0.37150
3150.0 3550.0 -0.20873
3250.0 3550.0 -0.06664
3350.0 3550.0 -0.01652
3450.0 3550.0 -0.09571
3550.0 3550.0 -0.29787
3650.0 3550.0 -0.58087
3750.0 3550.0 -0.89211
3850.0 3550.0 -1.20668
3950.0 3550.0 -1.48585
4050.0 3550.0 -1.64002
4150.0 3550.0 -1.59386
4250.0 3550.0 -1.33256
4350.0 3550.0 -0.91616
4450.0 3550.0 -0.46198
4550.0 3550.0 -0.09516
4650.0 3550.0 0.13279
4750.0 3550.0 0.30607
4850.0 3550.0 0.43537
4950.0 3550.0 0.48883
5050.0 3550.0 0.45986
5150.0 3550.0 0.36774
5250.0 3550.0 0.25229
5350.0 3550.0 0.16255
5450.0 3550.0 0.13961
5550.0 3550.0 0.19352
5650.0 3550.0 0.29245
5750.0 3550.0 0.49760
5850.0 3550.0 0.82732
5950.0 3550.0 1.19194
6050.0 3550.0 1.47514
6150.0 3550.0 1.59083
6250.0 3550.0 1.51311
6350.0 3550.0 1.27925
50.0 3650.0 -0.23349
150.0 3650.0 -0.55002
250.0 3650.0 -0.90136
350.0 3650.0 -1.20555
450.0 3650.0 -1.35115
550.0 3650.0 -1.27054
650.0 3650.0 -0.97555
750.0 3650.0 -0.55543
850.0 3650.0 -0.13716
950.0 3650.0 0.19184
1050.0 3650.0 0.47919
1150.0 3650.0 0.78871
1250.0 3650.0 1.07331
1350.0 3650.0 1.25307
1450.0 3650.0 1.27271
1550.0 3650.0 1.13189
1650.0 3650.0 0.88834
1750.0 3650.0 0.63396
1850.0 3650.0 0.44390
1950.0 3650.0 0.30482
2050.0 3650.0 0.16899
2150.0 3650.0 0.04454
2250.0 3650.0 -0.05422
2350.0 3650.0 -0.11902
2450.0 3650.0 -0.15274
2550.0 3650.0 -0.16944
2650.0 3650.0 -0.18936
2750.0 3650.0 -0.22894
2850.0 3650.0 -0.28479
2950.0 3650.0 -0.28344
3050.0 3650.0 -0.15970
3150.0 3650.0 0.04779
3250.0 3650.0 0.25238
3350.0 3650.0 0.36866
3450.0 3650.0 0.34420
3550.0 3650.0 0.17363
3650.0 3650.0 -0.10483
3750.0 3650.0 -0.43050
3850.0 3650.0 -0.77152
3950.0 3650.0 -1.10759
4050.0 3650.0 -1.35080
4150.0 3650.0 -1.41199
4250.0 3650.0 -1.25631
4350.0 3650.0 -0.92499
4450.0 3650.0 -0.52326
4550.0 3650.0 -0.17447
4650.0 3650.0 0.05965
4750.0 3650.0 0.24350
4850.0 3650.0 0.37504
4950.0 3650.0 0.41976
5050.0 3650.0 0.37390
5150.0 3650.0 0.26243
5250.0 3650.0 0.13147
5350.0 3650.0 0.03511
5450.0 3650.0 0.01668
5550.0 3650.0 0.08451
5650.0 3650.0 0.19996
5750.0 3650.0 0.41129
5850.0 3650.0 0.72654
5950.0 3650.0 1.05340
6050.0 3650.0 1.28042
6150.0 3650.0 1.33222
6250.0 3650.0 1.19645
6350.0 3650.0 0.92236
50.0 3750.0 0.03227
150.0 3750.0 -0.28960
250.0 3750.0 -0.67463
350.0 3750.0 -1.04947
450.0 3750.0 -1.29540
550.0 3750.0 -1.32769
650.0 3750.0 -1.13735
750.0 3750.0 -0.79525
850.0 3750.0 -0.41848
950.0 3750.0 -0.09906
1050.0 3750.0 0.18850
1150.0 3750.0 0.49262
1250.0 3750.0 0.76278
1350.0 3750.0 0.91972
1450.0 3750.0 0.91171
1550.0 3750.0 0.74340
1650.0 3750.0 0.47750
1750.0 3750.0 0.20936
1850.0 3750.0 0.01423
1950.0 3750.0 -0.12434
2050.0 3750.0 -0.23497
2150.0 3750.0 -0.28725
2250.0 3750.0 -0.26838
2350.0 3750.0 -0.18816
2450.0 3750.0 -0.07590
2550.0 3750.0 0.02770
2650.0 3750.0 0.08351
2750.0 3750.0 0.07193
2850.0 3750.0 0.01637
2950.0 3750.0 0.01928
3050.0 3750.0 0.15417
3150.0 3750.0 0.38312
3250.0 3750.0 0.61622
3350.0 3750.0 0.76259
3450.0 3750.0 0.76389
3550.0 3750.0 0.61011
3650.0 3750.0 0.33785
3750.0 3750.0 0.01091
3850.0 3750.0 -0.34050
3950.0 3750.0 -0.71578
4050.0 3750.0 -1.03259
4150.0 3750.0 -1.19280
4250.0 3750.0 -1.14431
4350.0 3750.0 -0.90881
4450.0 3750.0 -0.57543
4550.0 3750.0 -0.26028
4650.0 3750.0 -0.03187
4750.0 3750.0 0.15318
4850.0 3750.0 0.28294
4950.0 3750.0 0.32180
5050.0 3750.0 0.26680
5150.0 3750.0 0.14482
5250.0 3750.0 0.00430
5350.0 3750.0 -0.09865
5450.0 3750.0 -0.11962
5550.0 3750.0 -0.05071
5650.0 3750.0 0.06611
5750.0 3750.0 0.26668
5850.0 3750.0 0.54997
5950.0 3750.0 0.82463
6050.0 3750.0 0.98722
6150.0 3750.0 0.97409
6250.0 3750.0 0.78487
6350.0 3750.0 0.47730
50.0 3850.0 0.32755
150.0 3850.0 0.00571
250.0 3850.0 -0.40971
350.0 3850.0 -0.85702
450.0 3850.0 -1.21226
550.0 3850.0 -1.37350
650.0 3850.0 -1.30850
750.0 3850.0 -1.06549
850.0 3850.0 -0.74738
950.0 3850.0 -0.44909
1050.0 3850.0 -0.17007
1150.0 3850.0 0.12421
1250.0 3850.0 0.38345
1350.0 3850.0 0.53006
1450.0 3850.0 0.51394
1550.0 3850.0 0.34059
1650.0 3850.0 0.07250
1750.0 3850.0 -0.19617
1850.0 3850.0 -0.39156
1950.0 3850.0 -0.52926
2050.0 3850.0 -0.61528
2150.0 3850.0 -0.59663
2250.0 3850.0 -0.46062
2350.0 3850.0 -0.23369
2450.0 3850.0 0.02914
2550.0 3850.0 0.26016
2650.0 3850.0 0.40013
2750.0 3850.0 0.42485
2850.0 3850.0 0.37718
2950.0 3850.0 0.38503
3050.0 3850.0 0.52372
3150.0 3850.0 0.75498
3250.0 3850.0 0.98901
3350.0 3850.0 1.13549
3450.0 3850.0 1.13690
3550.0 3850.0 0.98410
3650.0 3850.0 0.71424
3750.0 3850.0 0.39084
3850.0 3850.0 0.03695
3950.0 3850.0 -0.36477
4050.0 3850.0 -0.73890
4150.0 3850.0 -0.98223
4250.0 3850.0 -1.02933
4350.0 3850.0 -0.88467
4450.0 3850.0 -0.62128
4550.0 3850.0 -0.34603
4650.0 3850.0 -0.13143
4750.0 3850.0 0.04687
4850.0 3850.0 0.16914
4950.0 3850.0 0.20053
5050.0 3850.0 0.13949
5150.0 3850.0 0.01402
5250.0 3850.0 -0.12726
5350.0 3850.0 -0.22903
5450.0 3850.0 -0.24826
5550.0 3850.0 -0.17828
5650.0 3850.0 -0.06216
5750.0 3850.0 0.12437
5850.0 3850.0 0.37168
5950.0 3850.0 0.59130
6050.0 3850.0 0.68957
6150.0 3850.0 0.61538
6250.0 3850.0 0.37974
6350.0 3850.0 0.04726
50.0 3950.0 0.61615
150.0 3950.0 0.31972
250.0 3950.0 -0.09593
350.0 3950.0 -0.58784
450.0 3950.0 -1.03755
550.0 3950.0 -1.33319
650.0 3950.0 -1.41929
750.0 3950.0 -1.31425
850.0 3950.0 -1.09554
950.0 3950.0 -0.85261
1050.0 3950.0 -0.61128
1150.0 3950.0 -0.34400
1250.0 3950.0 -0.09029
1350.0 3950.0 0.07689
1450.0 3950.0 0.10407
1550.0 3950.0 -0.01404
1650.0 3950.0 -0.23017
1750.0 3950.0 -0.46459
1850.0 3950.0 -0.64948
1950.0 3950.0 -0.78836
2050.0 3950.0 -0.85872
2150.0 3950.0 -0.78763
2250.0 3950.0 -0.55814
2350.0 3950.0 -0.20618
2450.0 3950.0 0.19384
2550.0 3950.0 0.55051
2650.0 3950.0 0.78404
2750.0 3950.0 0.86193
2850.0 3950.0 0.84149
2950.0 3950.0 0.86378
3050.0 3950.0 0.98978
3150.0 3950.0 1.17776
3250.0 3950.0 1.34579
3350.0 3950.0 1.41857
3450.0 3950.0 1.35605
3550.0 3950.0 1.16379
3650.0 3950.0 0.88522
3750.0 3950.0 0.57566
3850.0 3950.0 0.23851
3950.0 3950.0 -0.15387
4050.0 3950.0 -0.53573
4150.0 3950.0 -0.81014
4250.0 3950.0 -0.91081
4350.0 3950.0 -0.83361
4450.0 3950.0 -0.63772
4550.0 3950.0 -0.41662
4650.0 3950.0 -0.23859
4750.0 3950.0 -0.09076
4850.0 3950.0 0.00481
4950.0 3950.0 0.01988
5050.0 3950.0 -0.04202
5150.0 3950.0 -0.15229
5250.0 3950.0 -0.26715
5350.0 3950.0 -0.34026
5450.0 3950.0 -0.33833
5550.0 3950.0 -0.25958
5650.0 3950.0 -0.14251
5750.0 3950.0 0.02833
5850.0 3950.0 0.23583
5950.0 3950.0 0.39911
6050.0 3950.0 0.43900
6150.0 3950.0 0.31909
6250.0 3950.0 0.06057
6350.0 3950.0 -0.26904
50.0 4050.0 0.83248
150.0 4050.0 0.59412
250.0 4050.0 0.22519
350.0 4050.0 -0.25619
450.0 4050.0 -0.75229
550.0 4050.0 -1.15517
650.0 4050.0 -1.39238
750.0 4050.0 -1.44913
850.0 4050.0 -1.36678
950.0 4050.0 -1.21777
1050.0 4050.0 -1.04994
1150.0 4050.0 -0.83385
1250.0 4050.0 -0.58699
1350.0 4050.0 -0.37350
1450.0 4050.0 -0.25445
1550.0 4050.0 -0.25750
1650.0 4050.0 -0.36646
1750.0 4050.0 -0.53063
1850.0 4050.0 -0.69390
1950.0 4050.0 -0.83686
2050.0 4050.0 -0.90776
2150.0 4050.0 -0.82165
2250.0 4050.0 -0.55179
2350.0 4050.0 -0.13121
2450.0 4050.0 0.35939
2550.0 4050.0 0.81444
2650.0 4050.0 1.13691
2750.0 4050.0 1.28225
2850.0 4050.0 1.31208
2950.0 4050.0 1.36305
3050.0 4050.0 1.46555
3150.0 4050.0 1.57112
3250.0 4050.0 1.61297
3350.0 4050.0 1.54468
3450.0 4050.0 1.35978
3550.0 4050.0 1.09215
3650.0 4050.0 0.79742
3750.0 4050.0 0.51510
3850.0 4050.0 0.21860
3950.0 4050.0 -0.11854
4050.0 4050.0 -0.44316
4150.0 4050.0 -0.67894
4250.0 4050.0 -0.77504
4350.0 4050.0 -0.73048
4450.0 4050.0 -0.59447
4550.0 4050.0 -0.44248
4650.0 4050.0 -0.32823
4750.0 4050.0 -0.23990
4850.0 4050.0 -0.19528
4950.0 4050.0 -0.20930
5050.0 4050.0 -0.26863
5150.0 4050.0 -0.34428
5250.0 4050.0 -0.40279
5350.0 4050.0 -0.41624
5450.0 4050.0 -0.37086
5550.0 4050.0 -0.27438
5650.0 4050.0 -0.15428
5750.0 4050.0 -0.00005
5850.0 4050.0 0.16563
5950.0 4050.0 0.27519
6050.0 4050.0 0.26899
6150.0 4050.0 0.12705
6250.0 4050.0 -0.12163
6350.0 4050.0 -0.41206
50.0 4150.0 0.91150
150.0 4150.0 0.75853
250.0 4150.0 0.48529
350.0 4150.0 0.08372
450.0 4150.0 -0.38360
550.0 4150.0 -0.82975
650.0 4150.0 -1.17798
750.0 4150.0 -1.38475
850.0 4150.0 -1.45090
950.0 4150.0 -1.42128
1050.0 4150.0 -1.35481
1150.0 4150.0 -1.21265
1250.0 4150.0 -0.98369
1350.0 4150.0 -0.71941
1450.0 4150.0 -0.48920
1550.0 4150.0 -0.34876
1650.0 4150.0 -0.32199
1750.0 4150.0 -0.39641
1850.0 4150.0 -0.53218
1950.0 4150.0 -0.68190
2050.0 4150.0 -0.77252
2150.0 4150.0 -0.71912
2250.0 4150.0 -0.48057
2350.0 4150.0 -0.07290
2450.0 4150.0 0.43386
2550.0 4150.0 0.93428
2650.0 4150.0 1.32163
2750.0 4150.0 1.53737
2850.0 4150.0 1.63453
2950.0 4150.0 1.72843
3050.0 4150.0 1.81097
3150.0 4150.0 1.82514
3250.0 4150.0 1.72200
3350.0 4150.0 1.48979
3450.0 4150.0 1.16273
3550.0 4150.0 0.80933
3650.0 4150.0 0.50041
3750.0 4150.0 0.25668
3850.0 4150.0 0.01977
3950.0 4150.0 -0.22398
4050.0 4150.0 -0.43573
4150.0 4150.0 -0.57144
4250.0 4150.0 -0.60954
4350.0 4150.0 -0.56289
4450.0 4150.0 -0.47500
4550.0 4150.0 -0.40057
4650.0 4150.0 -0.37027
4750.0 4150.0 -0.36379
4850.0 4150.0 -0.38985
4950.0 4150.0 -0.44523
5050.0 4150.0 -0.50310
5150.0 4150.0 -0.53351
5250.0 4150.0 -0.51682
5350.0 4150.0 -0.44999
5450.0 4150.0 -0.34586
5550.0 4150.0 -0.22528
5650.0 4150.0 -0.10044
5750.0 4150.0 0.03779
5850.0 4150.0 0.16355
5950.0 4150.0 0.22677
6050.0 4150.0 0.19036
6150.0 4150.0 0.05093
6250.0 4150.0 -0.15770
6350.0 4150.0 -0.37797
50.0 4250.0 0.82924
150.0 4250.0 0.77483
250.0 4250.0 0.63298
350.0 4250.0 0.37334
450.0 4250.0 0.01429
550.0 4250.0 -0.39325
650.0 4250.0 -0.78363
750.0 4250.0 -1.09558
850.0 4250.0 -1.29293
950.0 4250.0 -1.38667
1050.0 4250.0 -1.43242
1150.0 4250.0 -1.37831
1250.0 4250.0 -1.18489
1350.0 4250.0 -0.88865
1450.0 4250.0 -0.56431
1550.0 4250.0 -0.29328
1650.0 4250.0 -0.13870
1750.0 4250.0 -0.12707
1850.0 4250.0 -0.23664
1950.0 4250.0 -0.39479
2050.0 4250.0 -0.52136
2150.0 4250.0 -0.54404
2250.0 4250.0 -0.40514
2350.0 4250.0 -0.09218
2450.0 4250.0 0.35099
2550.0 4250.0 0.83385
2650.0 4250.0 1.24953
2750.0 4250.0 1.52598
2850.0 4250.0 1.69596
2950.0 4250.0 1.84260
3050.0 4250.0 1.92244
3150.0 4250.0 1.87016
3250.0 4250.0 1.65181
3350.0 4250.0 1.28596
3450.0 4250.0 0.84308
3550.0 4250.0 0.42308
3650.0 4250.0 0.11113
3750.0 4250.0 -0.08835
3850.0 4250.0 -0.25782
3950.0 4250.0 -0.39004
4050.0 4250.0 -0.46044
4150.0 4250.0 -0.46245
4250.0 4250.0 -0.41078
4350.0 4250.0 -0.33826
4450.0 4250.0 -0.28619
4550.0 4250.0 -0.28838
4650.0 4250.0 -0.34862
4750.0 4250.0 -0.43245
4850.0 4250.0 -0.53800
4950.0 4250.0 -0.64269
5050.0 4250.0 -0.70449
5150.0 4250.0 -0.69150
5250.0 4250.0 -0.59808
5350.0 4250.0 -0.44754
5450.0 4250.0 -0.28139
5550.0 4250.0 -0.13504
5650.0 4250.0 -0.00470
5750.0 4250.0 0.11956
5850.0 4250.0 0.21074
5950.0 4250.0 0.23759
6050.0 4250.0 0.18558
6150.0 4250.0 0.06636
6250.0 4250.0 -0.08407
6350.0 4250.0 -0.21848
50.0 4350.0 0.61822
150.0 4350.0 0.65733
250.0 4350.0 0.65733
350.0 4350.0 0.57331
450.0 4350.0 0.37878
550.0 4350.0 0.08073
650.0 4350.0 -0.27883
750.0 4350.0 -0.63462
850.0 4350.0 -0.92333
950.0 4350.0 -1.12220
1050.0 4350.0 -1.27085
1150.0 4350.0 -1.30563
1250.0 4350.0 -1.16568
1350.0 4350.0 -0.87241
1450.0 4350.0 -0.50024
1550.0 4350.0 -0.14710
1650.0 4350.0 0.09478
1750.0 4350.0 0.16757
1850.0 4350.0 0.07633
1950.0 4350.0 -0.09029
2050.0 4350.0 -0.26060
2150.0 4350.0 -0.38347
2250.0 4350.0 -0.38570
2350.0 4350.0 -0.22128
2450.0 4350.0 0.10098
2550.0 4350.0 0.51550
2650.0 4350.0 0.92348
2750.0 4350.0 1.24208
2850.0 4350.0 1.47726
2950.0 4350.0 1.67877
3050.0 4350.0 1.78048
3150.0 4350.0 1.71093
3250.0 4350.0 1.44395
3350.0 4350.0 1.01577
3450.0 4350.0 0.51900
3550.0 4350.0 0.07359
3650.0 4350.0 -0.22526
3750.0 4350.0 -0.38227
3850.0 4350.0 -0.48990
3950.0 4350.0 -0.51811
4050.0 4350.0 -0.45480
4150.0 4350.0 -0.32807
4250.0 4350.0 -0.18684
4350.0 4350.0 -0.08352
4450.0 4350.0 -0.05870
4550.0 4350.0 -0.12778
4650.0 4350.0 -0.26969
4750.0 4350.0 -0.43592
4850.0 4350.0 -0.61618
4950.0 4350.0 -0.77118
5050.0 4350.0 -0.84460
5150.0 4350.0 -0.80144
5250.0 4350.0 -0.64711
5350.0 4350.0 -0.42730
5450.0 4350.0 -0.20861
5550.0 4350.0 -0.03993
5650.0 4350.0 0.09550
5750.0 4350.0 0.20848
5850.0 4350.0 0.27189
5950.0 4350.0 0.27141
6050.0 4350.0 0.21211
6150.0 4350.0 0.11805
6250.0 4350.0 0.02599
6350.0 4350.0 -0.02702
50.0 4450.0 0.35798
150.0 4450.0 0.46853
250.0 4450.0 0.59109
350.0 4450.0 0.67503
450.0 4450.0 0.65714
550.0 4450.0 0.50285
650.0 4450.0 0.22524
750.0 4450.0 -0.11788
850.0 4450.0 -0.44906
950.0 4450.0 -0.71842
1050.0 4450.0 -0.94310
1150.0 4450.0 -1.05365
1250.0 4450.0 -0.97898
1350.0 4450.0 -0.72776
1450.0 4450.0 -0.36778
1550.0 4450.0 -0.00041
1650.0 4450.0 0.26902
1750.0 4450.0 0.36511
1850.0 4450.0 0.28042
1950.0 4450.0 0.10690
2050.0 4450.0 -0.10339
2150.0 4450.0 -0.32214
2250.0 4450.0 -0.46442
2350.0 4450.0 -0.45426
2450.0 4450.0 -0.26664
2550.0 4450.0 0.05944
2650.0 4450.0 0.43710
2750.0 4450.0 0.77673
2850.0 4450.0 1.05870
2950.0 4450.0 1.30848
3050.0 4450.0 1.45542
3150.0 4450.0 1.42526
3250.0 4450.0 1.19045
3350.0 4450.0 0.78812
3450.0 4450.0 0.31401
3550.0 4450.0 -0.10757
3650.0 4450.0 -0.37777
3750.0 4450.0 -0.50116
3850.0 4450.0 -0.56445
3950.0 4450.0 -0.51995
4050.0 4450.0 -0.36515
4150.0 4450.0 -0.15269
4250.0 4450.0 0.04497
4350.0 4450.0 0.16277
4450.0 4450.0 0.16203
4550.0 4450.0 0.04137
4650.0 4450.0 -0.16056
4750.0 4450.0 -0.38718
4850.0 4450.0 -0.62503
4950.0 4450.0 -0.82379
5050.0 4450.0 -0.91616
5150.0 4450.0 -0.86314
5250.0 4450.0 -0.67596
5350.0 4450.0 -0.41457
5450.0 4450.0 -0.16265
5550.0 4450.0 0.02085
5650.0 4450.0 0.15991
5750.0 4450.0 0.26404
5850.0 4450.0 0.30559
5950.0 4450.0 0.28263
6050.0 4450.0 0.21487
6150.0 4450.0 0.13601
6250.0 4450.0 0.08389
6350.0 4450.0 0.08852
50.0 4550.0 0.14052
150.0 4550.0 0.29066
250.0 4550.0 0.49353
350.0 4550.0 0.70005
450.0 4550.0 0.82453
550.0 4550.0 0.80235
650.0 4550.0 0.62112
750.0 4550.0 0.32532
850.0 4550.0 -0.00557
950.0 4550.0 -0.30543
1050.0 4550.0 -0.57048
1150.0 4550.0 -0.73413
1250.0 4550.0 -0.72703
1350.0 4550.0 -0.54907
1450.0 4550.0 -0.25629
1550.0 4550.0 0.05925
1650.0 4550.0 0.29610
1750.0 4550.0 0.37657
1850.0 4550.0 0.28638
1950.0 4550.0 0.10870
2050.0 4550.0 -0.12782
2150.0 4550.0 -0.41187
2250.0 4550.0 -0.65229
2350.0 4550.0 -0.75375
2450.0 4550.0 -0.66811
2550.0 4550.0 -0.41475
2650.0 4550.0 -0.07018
2750.0 4550.0 0.27334
2850.0 4550.0 0.57881
2950.0 4550.0 0.86386
3050.0 4550.0 1.07111
3150.0 4550.0 1.12698
3250.0 4550.0 0.99432
3350.0 4550.0 0.69555
3450.0 4550.0 0.31153
3550.0 4550.0 -0.04419
3650.0 4550.0 -0.27550
3750.0 4550.0 -0.37828
3850.0 4550.0 -0.42090
3950.0 4550.0 -0.34851
4050.0 4550.0 -0.16508
4150.0 4550.0 0.06631
4250.0 4550.0 0.26548
4350.0 4550.0 0.36587
4450.0 4550.0 0.33405
4550.0 4550.0 0.17786
4650.0 4550.0 -0.05665
4750.0 4550.0 -0.31471
4850.0 4550.0 -0.58627
4950.0 4550.0 -0.81696
5050.0 4550.0 -0.93302
5150.0 4550.0 -0.89109
5250.0 4550.0 -0.70245
5350.0 4550.0 -0.43161
5450.0 4550.0 -0.16936
5550.0 4550.0 0.01981
5650.0 4550.0 0.16045
5750.0 4550.0 0.25715
5850.0 4550.0 0.28007
5950.0 4550.0 0.23394
6050.0 4550.0 0.14777
6150.0 4550.0 0.06271
6250.0 4550.0 0.01967
6350.0 4550.0 0.04678
50.0 4650.0 0.01079
150.0 4650.0 0.17291
250.0 4650.0 0.41303
350.0 4650.0 0.68749
450.0 4650.0 0.90158
550.0 4650.0 0.97426
650.0 4650.0 0.87553
750.0 4650.0 0.63619
850.0 4650.0 0.33034
950.0 4650.0 0.03023
1050.0 4650.0 -0.24562
1150.0 4650.0 -0.44105
1250.0 4650.0 -0.49697
1350.0 4650.0 -0.40812
1450.0 4650.0 -0.21622
1550.0 4650.0 0.00440
1650.0 4650.0 0.16809
1750.0 4650.0 0.20618
1850.0 4650.0 0.10228
1950.0 4650.0 -0.07702
2050.0 4650.0 -0.32413
2150.0 4650.0 -0.63615
2250.0 4650.0 -0.92034
2350.0 4650.0 -1.07385
2450.0 4650.0 -1.03849
2550.0 4650.0 -0.82433
2650.0 4650.0 -0.50194
2750.0 4650.0 -0.16350
2850.0 4650.0 0.14675
2950.0 4650.0 0.45423
3050.0 4650.0 0.72656
3150.0 4650.0 0.89333
3250.0 4650.0 0.90277
3350.0 4650.0 0.75292
3450.0 4650.0 0.49833
3550.0 4650.0 0.23203
3650.0 4650.0 0.04307
3750.0 4650.0 -0.05048
3850.0 4650.0 -0.09228
3950.0 4650.0 -0.03073
4050.0 4650.0 0.12596
4150.0 4650.0 0.31626
4250.0 4650.0 0.46609
4350.0 4650.0 0.51769
4450.0 4650.0 0.44648
4550.0 4650.0 0.26602
4650.0 4650.0 0.02105
4750.0 4650.0 -0.24458
4850.0 4650.0 -0.52955
4950.0 4650.0 -0.78082
5050.0 4650.0 -0.92208
5150.0 4650.0 -0.90572
5250.0 4650.0 -0.73879
5350.0 4650.0 -0.48287
5450.0 4650.0 -0.22797
5550.0 4650.0 -0.04032
5650.0 4650.0 0.10013
5750.0 4650.0 0.18972
5850.0 4650.0 0.19447
5950.0 4650.0 0.12115
6050.0 4650.0 0.00423
6150.0 4650.0 -0.10870
6250.0 4650.0 -0.17130
6350.0 4650.0 -0.15261
50.0 4750.0 -0.08994
150.0 4750.0 0.07267
250.0 4750.0 0.33453
350.0 4750.0 0.65902
450.0 4750.0 0.94661
550.0 4750.0 1.10373
650.0 4750.0 1.08456
750.0 4750.0 0.90542
850.0 4750.0 0.63208
950.0 4750.0 0.33976
1050.0 4750.0 0.06053
1150.0 4750.0 -0.16157
1250.0 4750.0 -0.27986
1350.0 4750.0 -0.28464
1450.0 4750.0 -0.20237
1550.0 4750.0 -0.08736
1650.0 4750.0 -0.00646
1750.0 4750.0 -0.01660
1850.0 4750.0 -0.13524
1950.0 4750.0 -0.31432
2050.0 4750.0 -0.56429
2150.0 4750.0 -0.88693
2250.0 4750.0 -1.19046
2350.0 4750.0 -1.37007
2450.0 4750.0 -1.36351
2550.0 4750.0 -1.17580
2650.0 4750.0 -0.87313
2750.0 4750.0 -0.54585
2850.0 4750.0 -0.24092
2950.0 4750.0 0.07994
3050.0 4750.0 0.41282
3150.0 4750.0 0.69239
3250.0 4750.0 0.85225
3350.0 4750.0 0.86404
3450.0 4750.0 0.75240
3550.0 4750.0 0.58591
3650.0 4750.0 0.44384
3750.0 4750.0 0.35893
3850.0 4750.0 0.31352
3950.0 4750.0 0.35017
4050.0 4750.0 0.45649
4150.0 4750.0 0.57752
4250.0 4750.0 0.65191
4350.0 4750.0 0.63634
4450.0 4750.0 0.51820
4550.0 4750.0 0.31649
4650.0 4750.0 0.07097
4750.0 4750.0 -0.19035
4850.0 4750.0 -0.47539
4950.0 4750.0 -0.73415
5050.0 4750.0 -0.89078
5150.0 4750.0 -0.89564
5250.0 4750.0 -0.75186
5350.0 4750.0 -0.51634
5450.0 4750.0 -0.27524
5550.0 4750.0 -0.09395
5650.0 4750.0 0.04263
5750.0 4750.0 0.12044
5850.0 4750.0 0.10022
5950.0 4750.0 -0.00961
6050.0 4750.0 -0.16874
6150.0 4750.0 -0.32208
6250.0 4750.0 -0.41639
6350.0 4750.0 -0.41652
50.0 4850.0 -0.19990
150.0 4850.0 -0.06000
250.0 4850.0 0.20589
350.0 4850.0 0.57324
450.0 4850.0 0.93998
550.0 4850.0 1.19841
650.0 4850.0 1.28148
750.0 4850.0 1.18341
850.0 4850.0 0.95467
950.0 4850.0 0.67138
1050.0 4850.0 0.38557
1150.0 4850.0 0.13237
1250.0 4850.0 -0.05327
1350.0 4850.0 -0.15541
1450.0 4850.0 -0.18356
1550.0 4850.0 -0.17142
1650.0 4850.0 -0.16766
1750.0 4850.0 -0.21906
1850.0 4850.0 -0.34584
1950.0 4850.0 -0.51800
2050.0 4850.0 -0.75407
2150.0 4850.0 -1.05580
2250.0 4850.0 -1.33972
2350.0 4850.0 -1.51065
2450.0 4850.0 -1.51223
2550.0 4850.0 -1.34927
2650.0 4850.0 -1.08217
2750.0 4850.0 -0.79313
2850.0 4850.0 -0.52435
2950.0 4850.0 -0.22286
3050.0 4850.0 0.13795
3150.0 4850.0 0.50571
3250.0 4850.0 0.80676
3350.0 4850.0 0.98880
3450.0 4850.0 1.04270
3550.0 4850.0 1.00365
3650.0 4850.0 0.93145
3750.0 4850.0 0.87016
3850.0 4850.0 0.82793
3950.0 4850.0 0.82396
4050.0 4850.0 0.83959
4150.0 4850.0 0.83574
4250.0 4850.0 0.77817
4350.0 4850.0 0.65228
4450.0 4850.0 0.46741
4550.0 4850.0 0.25053
4650.0 4850.0 0.02951
4750.0 4850.0 -0.19513
4850.0 4850.0 -0.43536
4950.0 4850.0 -0.64638
5050.0 4850.0 -0.76418
5150.0 4850.0 -0.74916
5250.0 4850.0 -0.60774
5350.0 4850.0 -0.39215
5450.0 4850.0 -0.17831
5550.0 4850.0 -0.02178
5650.0 4850.0 0.09189
5750.0 4850.0 0.13234
5850.0 4850.0 0.05319
5950.0 4850.0 -0.13086
6050.0 4850.0 -0.36696
6150.0 4850.0 -0.58701
6250.0 4850.0 -0.72838
6350.0 4850.0 -0.75281
50.0 4950.0 -0.29912
150.0 4950.0 -0.21570
250.0 4950.0 0.02351
350.0 4950.0 0.41172
450.0 4950.0 0.84880
550.0 4950.0 1.21343
650.0 4950.0 1.41320
750.0 4950.0 1.41249
850.0 4950.0 1.23834
950.0 4950.0 0.96405
1050.0 4950.0 0.66770
1150.0 4950.0 0.38207
1250.0 4950.0 0.13370
1350.0 4950.0 -0.05335
1450.0 4950.0 -0.17222
1550.0 4950.0 -0.23886
1650.0 4950.0 -0.28830
1750.0 4950.0 -0.36175
1850.0 4950.0 -0.48429
1950.0 4950.0 -0.63998
2050.0 4950.0 -0.83877
2150.0 4950.0 -1.07579
2250.0 4950.0 -1.28624
2350.0 4950.0 -1.40080
2450.0 4950.0 -1.38279
2550.0 4950.0 -1.24337
2650.0 4950.0 -1.03497
2750.0 4950.0 -0.82273
2850.0 4950.0 -0.63370
2950.0 4950.0 -0.40137
3050.0 4950.0 -0.07115
3150.0 4950.0 0.32796
3250.0 4950.0 0.72845
3350.0 4950.0 1.06264
3450.0 4950.0 1.28765
3550.0 4950.0 1.39705
3650.0 4950.0 1.41908
3750.0 4950.0 1.40145
3850.0 4950.0 1.37414
3950.0 4950.0 1.31771
4050.0 4950.0 1.20596
4150.0 4950.0 1.02647
4250.0 4950.0 0.78771
4350.0 4950.0 0.51837
4450.0 4950.0 0.25900
4550.0 4950.0 0.04581
4650.0 4950.0 -0.11316
4750.0 4950.0 -0.25594
4850.0 4950.0 -0.39169
4950.0 4950.0 -0.48514
5050.0 4950.0 -0.49952
5150.0 4950.0 -0.42030
5250.0 4950.0 -0.26488
5350.0 4950.0 -0.07856
5450.0 4950.0 0.08340
5550.0 4950.0 0.18758
5650.0 4950.0 0.25182
5750.0 4950.0 0.22386
5850.0 4950.0 0.05082
5950.0 4950.0 -0.24030
6050.0 4950.0 -0.57791
6150.0 4950.0 -0.87749
6250.0 4950.0 -1.06793
6350.0 4950.0 -1.11229
50.0 5050.0 -0.35742
150.0 5050.0 -0.36029
250.0 5050.0 -0.18132
350.0 5050.0 0.19331
450.0 5050.0 0.67075
550.0 5050.0 1.12036
650.0 5050.0 1.42547
750.0 5050.0 1.51828
850.0 5050.0 1.39764
950.0 5050.0 1.12998
1050.0 5050.0 0.82044
1150.0 5050.0 0.50787
1250.0 5050.0 0.21635
1350.0 5050.0 -0.02147
1450.0 5050.0 -0.18657
1550.0 5050.0 -0.28468
1650.0 5050.0 -0.34585
1750.0 5050.0 -0.41255
1850.0 5050.0 -0.51640
1950.0 5050.0 -0.64745
2050.0 5050.0 -0.78956
2150.0 5050.0 -0.92587
2250.0 5050.0 -1.01898
2350.0 5050.0 -1.03885
2450.0 5050.0 -0.97974
2550.0 5050.0 -0.86440
2650.0 5050.0 -0.73522
2750.0 5050.0 -0.63265
2850.0 5050.0 -0.56024
2950.0 5050.0 -0.44382
3050.0 5050.0 -0.21021
3150.0 5050.0 0.14283
3250.0 5050.0 0.56916
3350.0 5050.0 0.99975
3450.0 5050.0 1.36538
3550.0 5050.0 1.61692
3650.0 5050.0 1.74283
3750.0 5050.0 1.78417
3850.0 5050.0 1.78463
3950.0 5050.0 1.67956
4050.0 5050.0 1.43652
4150.0 5050.0 1.07577
4250.0 5050.0 0.65522
4350.0 5050.0 0.25164
4450.0 5050.0 -0.06177
4550.0 5050.0 -0.24157
4650.0 5050.0 -0.30392
4750.0 5050.0 -0.32746
4850.0 5050.0 -0.31338
4950.0 5050.0 -0.24132
5050.0 5050.0 -0.11380
5150.0 5050.0 0.04862
5250.0 5050.0 0.21442
5350.0 5050.0 0.35021
5450.0 5050.0 0.43196
5550.0 5050.0 0.45838
5650.0 5050.0 0.45137
5750.0 5050.0 0.33561
5850.0 5050.0 0.05664
5950.0 5050.0 -0.34202
6050.0 5050.0 -0.76894
6150.0 5050.0 -1.12637
6250.0 5050.0 -1.34127
6350.0 5050.0 -1.38574
50.0 5150.0 -0.35514
150.0 5150.0 -0.46025
250.0 5150.0 -0.36738
350.0 5150.0 -0.04326
450.0 5150.0 0.43123
550.0 5150.0 0.92301
650.0 5150.0 1.29772
750.0 5150.0 1.45948
850.0 5150.0 1.37964
950.0 5150.0 1.11442
1050.0 5150.0 0.79137
1150.0 5150.0 0.46296
1250.0 5150.0 0.15781
1350.0 5150.0 -0.08397
1450.0 5150.0 -0.23817
1550.0 5150.0 -0.31040
1650.0 5150.0 -0.33604
1750.0 5150.0 -0.36608
1850.0 5150.0 -0.43914
1950.0 5150.0 -0.54150
2050.0 5150.0 -0.61811
2150.0 5150.0 -0.63776
2250.0 5150.0 -0.59457
2350.0 5150.0 -0.50388
2450.0 5150.0 -0.39588
2550.0 5150.0 -0.30688
2650.0 5150.0 -0.26799
2750.0 5150.0 -0.29125
2850.0 5150.0 -0.35319
2950.0 5150.0 -0.38110
3050.0 5150.0 -0.29703
3150.0 5150.0 -0.06506
3250.0 5150.0 0.30254
3350.0 5150.0 0.75077
3450.0 5150.0 1.19716
3550.0 5150.0 1.55679
3650.0 5150.0 1.77717
3750.0 5150.0 1.88278
3850.0 5150.0 1.92094
3950.0 5150.0 1.78684
4050.0 5150.0 1.44549
4150.0 5150.0 0.94871
4250.0 5150.0 0.39880
4350.0 5150.0 -0.08675
4450.0 5150.0 -0.40964
4550.0 5150.0 -0.52414
4650.0 5150.0 -0.46961
4750.0 5150.0 -0.35701
4850.0 5150.0 -0.17785
4950.0 5150.0 0.06848
5050.0 5150.0 0.33566
5150.0 5150.0 0.56666
5250.0 5150.0 0.71866
5350.0 5150.0 0.77651
5450.0 5150.0 0.75483
5550.0 5150.0 0.68861
5650.0 5150.0 0.60062
5750.0 5150.0 0.39657
5850.0 5150.0 0.02836
5950.0 5150.0 -0.44291
6050.0 5150.0 -0.91099
6150.0 5150.0 -1.27404
6250.0 5150.0 -1.46776
6350.0 5150.0 -1.48205
50.0 5250.0 -0.29365
150.0 5250.0 -0.49825
250.0 5250.0 -0.50126
350.0 5250.0 -0.25455
450.0 5250.0 0.17534
550.0 5250.0 0.66008
650.0 5250.0 1.05711
750.0 5250.0 1.25158
850.0 5250.0 1.19286
950.0 5250.0 0.92557
1050.0 5250.0 0.59101
1150.0 5250.0 0.25960
1250.0 5250.0 -0.02999
1350.0 5250.0 -0.23248
1450.0 5250.0 -0.32565
1550.0 5250.0 -0.32423
1650.0 5250.0 -0.27740
1750.0 5250.0 -0.24980
1850.0 5250.0 -0.28632
1950.0 5250.0 -0.36126
2050.0 5250.0 -0.37673
2150.0 5250.0 -0.28843
2250.0 5250.0 -0.12038
2350.0 5250.0 0.06974
2450.0 5250.0 0.21863
2550.0 5250.0 0.27810
2650.0 5250.0 0.22848
2750.0 5250.0 0.08476
2850.0 5250.0 -0.10486
2950.0 5250.0 -0.27829
3050.0 5250.0 -0.36635
3150.0 5250.0 -0.30288
3250.0 5250.0 -0.06077
3350.0 5250.0 0.33064
3450.0 5250.0 0.78969
3550.0 5250.0 1.20810
3650.0 5250.0 1.49830
3750.0 5250.0 1.66207
3850.0 5250.0 1.74166
3950.0 5250.0 1.60678
4050.0 5250.0 1.22461
4150.0 5250.0 0.67084
4250.0 5250.0 0.07750
4350.0 5250.0 -0.41380
4450.0 5250.0 -0.69330
4550.0 5250.0 -0.71916
4650.0 5250.0 -0.54813
4750.0 5250.0 -0.30789
4850.0 5250.0 0.01743
4950.0 5250.0 0.40609
5050.0 5250.0 0.77218
5150.0 5250.0 1.02965
5250.0 5250.0 1.13197
5350.0 5250.0 1.08779
5450.0 5250.0 0.95214
5550.0 5250.0 0.79354
5650.0 5250.0 0.62977
5750.0 5250.0 0.35531
5850.0 5250.0 -0.06334
5950.0 5250.0 -0.54992
6050.0 5250.0 -0.99249
6150.0 5250.0 -1.29702
6250.0 5250.0 -1.41897
6350.0 5250.0 -1.37292
50.0 5350.0 -0.19578
150.0 5350.0 -0.47899
250.0 5350.0 -0.56770
350.0 5350.0 -0.40536
450.0 5350.0 -0.04499
550.0 5350.0 0.39474
650.0 5350.0 0.77217
750.0 5350.0 0.96426
850.0 5350.0 0.90697
950.0 5350.0 0.63441
1050.0 5350.0 0.29200
1150.0 5350.0 -0.03250
1250.0 5350.0 -0.28822
1350.0 5350.0 -0.42739
1450.0 5350.0 -0.43465
1550.0 5350.0 -0.33884
1650.0 5350.0 -0.20647
1750.0 5350.0 -0.11698
1850.0 5350.0 -0.11976
1950.0 5350.0 -0.17353
2050.0 5350.0 -0.14405
2150.0 5350.0 0.02144
2250.0 5350.0 0.27606
2350.0 5350.0 0.53096
2450.0 5350.0 0.69951
2550.0 5350.0 0.72649
2650.0 5350.0 0.60256
2750.0 5350.0 0.36378
2850.0 5350.0 0.07566
2950.0 5350.0 -0.21629
3050.0 5350.0 -0.45992
3150.0 5350.0 -0.56713
3250.0 5350.0 -0.47496
3350.0 5350.0 -0.18359
3450.0 5350.0 0.23624
3550.0 5350.0 0.66638
3650.0 5350.0 0.99514
3750.0 5350.0 1.20146
3850.0 5350.0 1.31859
3950.0 5350.0 1.20981
4050.0 5350.0 0.84850
4150.0 5350.0 0.32272
4250.0 5350.0 -0.22498
4350.0 5350.0 -0.64890
4450.0 5350.0 -0.84283
4550.0 5350.0 -0.77388
4650.0 5350.0 -0.50761
4750.0 5350.0 -0.17111
4850.0 5350.0 0.25347
4950.0 5350.0 0.72251
5050.0 5350.0 1.12222
5150.0 5350.0 1.35119
5250.0 5350.0 1.36900
5350.0 5350.0 1.21074
5450.0 5350.0 0.96737
5550.0 5350.0 0.73201
5650.0 5350.0 0.51102
5750.0 5350.0 0.19631
5850.0 5350.0 -0.22544
5950.0 5350.0 -0.66791
6050.0 5350.0 -1.02352
6150.0 5350.0 -1.21642
6250.0 5350.0 -1.22927
6350.0 5350.0 -1.10368
50.0 5450.0 -0.09594
150.0 5450.0 -0.42533
250.0 5450.0 -0.57276
350.0 5450.0 -0.47954
450.0 5450.0 -0.18886
550.0 5450.0 0.19117
650.0 5450.0 0.52569
750.0 5450.0 0.69261
850.0 5450.0 0.62331
950.0 5450.0 0.34458
1050.0 5450.0 -0.00151
1150.0 5450.0 -0.31522
1250.0 5450.0 -0.53550
1350.0 5450.0 -0.61424
1450.0 5450.0 -0.54395
1550.0 5450.0 -0.36671
1650.0 5450.0 -0.16384
1750.0 5450.0 -0.02630
1850.0 5450.0 -0.00585
1950.0 5450.0 -0.04772
2050.0 5450.0 0.00375
2150.0 5450.0 0.20331
2250.0 5450.0 0.49134
2350.0 5450.0 0.76375
2450.0 5450.0 0.92414
2550.0 5450.0 0.91683
2650.0 5450.0 0.74080
2750.0 5450.0 0.44443
2850.0 5450.0 0.10034
2950.0 5450.0 -0.26339
3050.0 5450.0 -0.61197
3150.0 5450.0 -0.84593
3250.0 5450.0 -0.87794
3350.0 5450.0 -0.68474
3450.0 5450.0 -0.32331
3550.0 5450.0 0.08865
3650.0 5450.0 0.42794
3750.0 5450.0 0.65668
3850.0 5450.0 0.80101
3950.0 5450.0 0.73527
4050.0 5450.0 0.44121
4150.0 5450.0 0.00747
4250.0 5450.0 -0.43057
4350.0 5450.0 -0.74026
4450.0 5450.0 -0.83048
4550.0 5450.0 -0.67976
4650.0 5450.0 -0.35376
4750.0 5450.0 0.03463
4850.0 5450.0 0.49828
4950.0 5450.0 0.97529
5050.0 5450.0 1.33933
5150.0 5450.0 1.48936
5250.0 5450.0 1.39990
5350.0 5450.0 1.13145
5450.0 5450.0 0.80145
5550.0 5450.0 0.51542
5650.0 5450.0 0.26329
5750.0 5450.0 -0.05872
5850.0 5450.0 -0.44265
5950.0 5450.0 -0.79828
6050.0 5450.0 -1.03017
6150.0 5450.0 -1.08623
6250.0 5450.0 -0.97774
6350.0 5450.0 -0.77057
50.0 5550.0 -0.02017
150.0 5550.0 -0.36463
250.0 5550.0 -0.53959
350.0 5550.0 -0.48846
450.0 5550.0 -0.24934
550.0 5550.0 0.07801
650.0 5550.0 0.36719
750.0 5550.0 0.50215
850.0 5550.0 0.41609
950.0 5550.0 0.13229
1050.0 5550.0 -0.21422
1150.0 5550.0 -0.51891
1250.0 5550.0 -0.71500
1350.0 5550.0 -0.75522
1450.0 5550.0 -0.63775
1550.0 5550.0 -0.41301
1650.0 5550.0 -0.17087
1750.0 5550.0 -0.00834
1850.0 5550.0 0.02238
1950.0 5550.0 -0.01627
2050.0 5550.0 0.03621
2150.0 5550.0 0.23069
2250.0 5550.0 0.50419
2350.0 5550.0 0.75188
2450.0 5550.0 0.87991
2550.0 5550.0 0.83792
2650.0 5550.0 0.63114
2750.0 5550.0 0.31217
2850.0 5550.0 -0.04848
2950.0 5550.0 -0.43686
3050.0 5550.0 -0.83001
3150.0 5550.0 -1.12606
3250.0 5550.0 -1.22723
3350.0 5550.0 -1.09759
3450.0 5550.0 -0.78373
3550.0 5550.0 -0.39809
3650.0 5550.0 -0.06535
3750.0 5550.0 0.16842
3850.0 5550.0 0.32801
3950.0 5550.0 0.30980
4050.0 5550.0 0.10393
4150.0 5550.0 -0.20870
4250.0 5550.0 -0.51107
4350.0 5550.0 -0.69335
4450.0 5550.0 -0.68502
4550.0 5550.0 -0.47580
4650.0 5550.0 -0.12530
4750.0 5550.0 0.27449
4850.0 5550.0 0.72556
4950.0 5550.0 1.15240
5050.0 5550.0 1.42963
5150.0 5550.0 1.46899
5250.0 5550.0 1.26532
5350.0 5550.0 0.90116
5450.0 5550.0 0.51019
5550.0 5550.0 0.19937
5650.0 5550.0 -0.06019
5750.0 5550.0 -0.36451
5850.0 5550.0 -0.68691
5950.0 5550.0 -0.93832
6050.0 5550.0 -1.03915
6150.0 5550.0 -0.96145
6250.0 5550.0 -0.74167
6350.0 5550.0 -0.46413
50.0 5650.0 0.03622
150.0 5650.0 -0.30959
250.0 5650.0 -0.49708
350.0 5650.0 -0.47310
450.0 5650.0 -0.27295
550.0 5650.0 0.01031
650.0 5650.0 0.25853
750.0 5650.0 0.36296
850.0 5650.0 0.26079
950.0 5650.0 -0.02647
1050.0 5650.0 -0.37163
1150.0 5650.0 -0.66995
1250.0 5650.0 -0.85184
1350.0 5650.0 -0.87081
1450.0 5650.0 -0.72822
1550.0 5650.0 -0.47883
1650.0 5650.0 -0.21676
1750.0 5650.0 -0.04178
1850.0 5650.0 -0.00606
1950.0 5650.0 -0.04352
2050.0 5650.0 0.00356
2150.0 5650.0 0.18005
2250.0 5650.0 0.42299
2350.0 5650.0 0.63208
2450.0 5650.0 0.72048
2550.0 5650.0 0.64515
2650.0 5650.0 0.41679
2750.0 5650.0 0.08927
2850.0 5650.0 -0.27232
2950.0 5650.0 -0.66605
3050.0 5650.0 -1.07745
3150.0 5650.0 -1.40549
3250.0 5650.0 -1.54788
3350.0 5650.0 -1.46130
3450.0 5650.0 -1.18439
3550.0 5650.0 -0.82355
3650.0 5650.0 -0.50142
3750.0 5650.0 -0.26834
3850.0 5650.0 -0.09759
3950.0 5650.0 -0.06704
4050.0 5650.0 -0.17880
4150.0 5650.0 -0.36325
4250.0 5650.0 -0.52566
4350.0 5650.0 -0.58189
4450.0 5650.0 -0.48297
4550.0 5650.0 -0.22869
4650.0 5650.0 0.12987
4750.0 5650.0 0.52316
4850.0 5650.0 0.93994
4950.0 5650.0 1.29388
5050.0 5650.0 1.46644
5150.0 5650.0 1.38702
5250.0 5650.0 1.07218
5350.0 5650.0 0.62392
5450.0 5650.0 0.18685
5550.0 5650.0 -0.13555
5650.0 5650.0 -0.39118
5750.0 5650.0 -0.66764
5850.0 5650.0 -0.92202
5950.0 5650.0 -1.06869
6050.0 5650.0 -1.04457
6150.0 5650.0 -0.84426
6250.0 5650.0 -0.52603
6350.0 5650.0 -0.18861
50.0 5750.0 0.05550
150.0 5750.0 -0.27744
250.0 5750.0 -0.46342
350.0 5750.0 -0.45370
450.0 5750.0 -0.28170
550.0 5750.0 -0.03409
650.0 5750.0 0.17970
750.0 5750.0 0.25944
850.0 5750.0 0.14771
950.0 5750.0 -0.13500
1050.0 5750.0 -0.47183
1150.0 5750.0 -0.76971
1250.0 5750.0 -0.96235
1350.0 5750.0 -1.00049
1450.0 5750.0 -0.87965
1550.0 5750.0 -0.64807
1650.0 5750.0 -0.39471
1750.0 5750.0 -0.21703
1850.0 5750.0 -0.16879
1950.0 5750.0 -0.18981
2050.0 5750.0 -0.12945
2150.0 5750.0 0.05210
2250.0 5750.0 0.28930
2350.0 5750.0 0.48257
2450.0 5750.0 0.54900
2550.0 5750.0 0.45169
2650.0 5750.0 0.20769
2750.0 5750.0 -0.12557
2850.0 5750.0 -0.48608
2950.0 5750.0 -0.88536
3050.0 5750.0 -1.32020
3150.0 5750.0 -1.68958
3250.0 5750.0 -1.88392
3350.0 5750.0 -1.84927
3450.0 5750.0 -1.61386
3550.0 5750.0 -1.27693
3650.0 5750.0 -0.95973
3750.0 5750.0 -0.71896
3850.0 5750.0 -0.52494
3950.0 5750.0 -0.42378
4050.0 5750.0 -0.41319
4150.0 5750.0 -0.44320
4250.0 5750.0 -0.44945
4350.0 5750.0 -0.37784
4450.0 5750.0 -0.20027
4550.0 5750.0 0.07821
4650.0 5750.0 0.42108
4750.0 5750.0 0.78325
4850.0 5750.0 1.13924
4950.0 5750.0 1.39842
5050.0 5750.0 1.45813
5150.0 5750.0 1.27087
5250.0 5750.0 0.87377
5350.0 5750.0 0.38058
5450.0 5750.0 -0.06413
5550.0 5750.0 -0.36825
5650.0 5750.0 -0.59574
5750.0 5750.0 -0.82525
5850.0 5750.0 -1.00526
5950.0 5750.0 -1.05867
6050.0 5750.0 -0.93872
6150.0 5750.0 -0.65670
6250.0 5750.0 -0.28250
6350.0 5750.0 0.08170
50.0 5850.0 0.01979
150.0 5850.0 -0.27640
250.0 5850.0 -0.43769
350.0 5850.0 -0.42139
450.0 5850.0 -0.26047
550.0 5850.0 -0.03554
650.0 5850.0 0.15377
750.0 5850.0 0.21796
850.0 5850.0 0.10743
950.0 5850.0 -0.15720
1050.0 5850.0 -0.47348
1150.0 5850.0 -0.77805
1250.0 5850.0 -1.01684
1350.0 5850.0 -1.13230
1450.0 5850.0 -1.10035
1550.0 5850.0 -0.94652
1650.0 5850.0 -0.74079
1750.0 5850.0 -0.57108
1850.0 5850.0 -0.49547
1950.0 5850.0 -0.47385
2050.0 5850.0 -0.36913
2150.0 5850.0 -0.14571
2250.0 5850.0 0.12376
2350.0 5850.0 0.33446
2450.0 5850.0 0.40314
2550.0 5850.0 0.29807
2650.0 5850.0 0.04494
2750.0 5850.0 -0.29095
2850.0 5850.0 -0.64752
2950.0 5850.0 -1.05226
3050.0 5850.0 -1.51637
3150.0 5850.0 -1.93721
3250.0 5850.0 -2.19381
3350.0 5850.0 -2.21752
3450.0 5850.0 -2.02353
3550.0 5850.0 -1.70344
3650.0 5850.0 -1.37874
3750.0 5850.0 -1.11538
3850.0 5850.0 -0.87921
3950.0 5850.0 -0.67946
4050.0 5850.0 -0.51665
4150.0 5850.0 -0.37268
4250.0 5850.0 -0.22293
4350.0 5850.0 -0.04556
4450.0 5850.0 0.17212
4550.0 5850.0 0.43014
4650.0 5850.0 0.71522
4750.0 5850.0 1.00518
4850.0 5850.0 1.25903
4950.0 5850.0 1.39410
5050.0 5850.0 1.33831
5150.0 5850.0 1.07463
5250.0 5850.0 0.65644
5350.0 5850.0 0.19406
5450.0 5850.0 -0.18779
5550.0 5850.0 -0.42144
5650.0 5850.0 -0.57980
5750.0 5850.0 -0.73168
5850.0 5850.0 -0.83093
5950.0 5850.0 -0.81740
6050.0 5850.0 -0.65938
6150.0 5850.0 -0.37327
6250.0 5850.0 -0.02188
6350.0 5850.0 0.30881
50.0 5950.0 -0.05556
150.0 5950.0 -0.29297
250.0 5950.0 -0.40855
350.0 5950.0 -0.36734
450.0 5950.0 -0.20309
550.0 5950.0 0.00961
650.0 5950.0 0.18222
750.0 5950.0 0.23824
850.0 5950.0 0.13827
950.0 5950.0 -0.09587
1050.0 5950.0 -0.37980
1150.0 5950.0 -0.69346
1250.0 5950.0 -1.00126
1350.0 5950.0 -1.23283
1450.0 5950.0 -1.33423
1550.0 5950.0 -1.29649
1650.0 5950.0 -1.16089
1750.0 5950.0 -1.00103
1850.0 5950.0 -0.88173
1950.0 5950.0 -0.79318
2050.0 5950.0 -0.61687
2150.0 5950.0 -0.32189
2250.0 5950.0 0.00783
2350.0 5950.0 0.25781
2450.0 5950.0 0.34215
2550.0 5950.0 0.23496
2650.0 5950.0 -0.02604
2750.0 5950.0 -0.36355
2850.0 5950.0 -0.71366
2950.0 5950.0 -1.12213
3050.0 5950.0 -1.61523
3150.0 5950.0 -2.08675
3250.0 5950.0 -2.40203
3350.0 5950.0 -2.47620
3450.0 5950.0 -2.31150
3550.0 5950.0 -1.99346
3650.0 5950.0 -1.64603
3750.0 5950.0 -1.34573
3850.0 5950.0 -1.05280
3950.0 5950.0 -0.74211
4050.0 5950.0 -0.42603
4150.0 5950.0 -0.12657
4250.0 5950.0 0.13876
4350.0 5950.0 0.36480
4450.0 5950.0 0.56026
4550.0 5950.0 0.74287
4650.0 5950.0 0.92824
4750.0 5950.0 1.10860
4850.0 5950.0 1.22684
4950.0 5950.0 1.22130
5050.0 5950.0 1.06320
5150.0 5950.0 0.77022
5250.0 5950.0 0.40471
5350.0 5950.0 0.05648
5450.0 5950.0 -0.18976
5550.0 5950.0 -0.30246
5650.0 5950.0 -0.35385
5750.0 5950.0 -0.40209
5850.0 5950.0 -0.42092
5950.0 5950.0 -0.37464
6050.0 5950.0 -0.24386
6150.0 5950.0 -0.03731
6250.0 5950.0 0.20880
6350.0 5950.0 0.44430
50.0 6050.0 -0.13920
150.0 6050.0 -0.30543
250.0 6050.0 -0.36396
350.0 6050.0 -0.28867
450.0 6050.0 -0.11465
550.0 6050.0 0.08977
650.0 6050.0 0.24823
750.0 6050.0 0.29890
850.0 6050.0 0.21409
950.0 6050.0 0.01728
1050.0 6050.0 -0.22701
1150.0 6050.0 -0.54583
1250.0 6050.0 -0.92306
1350.0 6050.0 -1.27380
1450.0 6050.0 -1.51148
1550.0 6050.0 -1.58998
1650.0 6050.0 -1.52019
1750.0 6050.0 -1.36118
1850.0 6050.0 -1.18567
1950.0 6050.0 -1.01640
2050.0 6050.0 -0.75503
2150.0 6050.0 -0.37726
2250.0 6050.0 0.01948
2350.0 6050.0 0.30990
2450.0 6050.0 0.40614
2550.0 6050.0 0.29060
2650.0 6050.0 0.01642
2750.0 6050.0 -0.32448
2850.0 6050.0 -0.66683
2950.0 6050.0 -1.07600
3050.0 6050.0 -1.59074
3150.0 6050.0 -2.09982
3250.0 6050.0 -2.45520
3350.0 6050.0 -2.55791
3450.0 6050.0 -2.40047
3550.0 6050.0 -2.06572
3650.0 6050.0 -1.68222
3750.0 6050.0 -1.33617
3850.0 6050.0 -0.98183
3950.0 6050.0 -0.57028
4050.0 6050.0 -0.13380
4150.0 6050.0 0.26463
4250.0 6050.0 0.57197
4350.0 6050.0 0.76830
4450.0 6050.0 0.87270
4550.0 6050.0 0.93162
4650.0 6050.0 0.98985
4750.0 6050.0 1.04024
4850.0 6050.0 1.00993
4950.0 6050.0 0.86789
5050.0 6050.0 0.63463
5150.0 6050.0 0.36174
5250.0 6050.0 0.11225
5350.0 6050.0 -0.05799
5450.0 6050.0 -0.11800
5550.0 6050.0 -0.07843
5650.0 6050.0 -0.00158
5750.0 6050.0 0.06553
5850.0 6050.0 0.11909
5950.0 6050.0 0.16639
6050.0 6050.0 0.21802
6150.0 6050.0 0.28284
6250.0 6050.0 0.36498
6350.0 6050.0 0.46295
50.0 6150.0 -0.19808
150.0 6150.0 -0.29408
250.0 6150.0 -0.29730
350.0 6150.0 -0.19061
450.0 6150.0 -0.01023
550.0 6150.0 0.18228
650.0 6150.0 0.32331
750.0 6150.0 0.36610
850.0 6150.0 0.29490
950.0 6150.0 0.13469
1050.0 6150.0 -0.06941
1150.0 6150.0 -0.38464
1250.0 6150.0 -0.80987
1350.0 6150.0 -1.24726
1450.0 6150.0 -1.58297
1550.0 6150.0 -1.74080
1650.0 6150.0 -1.70799
1750.0 6150.0 -1.53321
1850.0 6150.0 -1.29678
1950.0 6150.0 -1.04765
2050.0 6150.0 -0.70546
2150.0 6150.0 -0.25515
2250.0 6150.0 0.19263
2350.0 6150.0 0.50423
2450.0 6150.0 0.59320
2550.0 6150.0 0.45363
2650.0 6150.0 0.15633
2750.0 6150.0 -0.19185
2850.0 6150.0 -0.52680
2950.0 6150.0 -0.93336
3050.0 6150.0 -1.45796
3150.0 6150.0 -1.98373
3250.0 6150.0 -2.35218
3350.0 6150.0 -2.45511
3450.0 6150.0 -2.28049
3550.0 6150.0 -1.91255
3650.0 6150.0 -1.48583
3750.0 6150.0 -1.09347
3850.0 6150.0 -0.68420
3950.0 6150.0 -0.20031
4050.0 6150.0 0.30158
4150.0 6150.0 0.72411
4250.0 6150.0 0.99177
4350.0 6150.0 1.08491
4450.0 6150.0 1.04555
4550.0 6150.0 0.95471
4650.0 6150.0 0.88136
4750.0 6150.0 0.80453
4850.0 6150.0 0.63687
4950.0 6150.0 0.38101
5050.0 6150.0 0.10442
5150.0 6150.0 -0.11291
5250.0 6150.0 -0.21377
5350.0 6150.0 -0.18191
5450.0 6150.0 -0.04299
5550.0 6150.0 0.15139
5650.0 6150.0 0.35480
5750.0 6150.0 0.53131
5850.0 6150.0 0.64438
5950.0 6150.0 0.67371
6050.0 6150.0 0.62416
6150.0 6150.0 0.52616
6250.0 6150.0 0.42777
6350.0 6150.0 0.37845
50.0 6250.0 -0.20794
150.0 6250.0 -0.24775
250.0 6250.0 -0.20989
350.0 6250.0 -0.08545
450.0 6250.0 0.08926
550.0 6250.0 0.25994
650.0 6250.0 0.37555
750.0 6250.0 0.40349
850.0 6250.0 0.33874
950.0 6250.0 0.20701
1050.0 6250.0 0.03668
1150.0 6250.0 -0.26449
1250.0 6250.0 -0.70212
1350.0 6250.0 -1.16963
1450.0 6250.0 -1.53759
1550.0 6250.0 -1.71401
1650.0 6250.0 -1.67510
1750.0 6250.0 -1.46633
1850.0 6250.0 -1.17376
1950.0 6250.0 -0.86004
2050.0 6250.0 -0.45754
2150.0 6250.0 0.03716
2250.0 6250.0 0.50296
2350.0 6250.0 0.80292
2450.0 6250.0 0.85693
2550.0 6250.0 0.67378
2650.0 6250.0 0.34238
2750.0 6250.0 -0.01767
2850.0 6250.0 -0.34708
2950.0 6250.0 -0.74864
3050.0 6250.0 -1.27114
3150.0 6250.0 -1.79253
3250.0 6250.0 -2.14833
3350.0 6250.0 -2.22692
3450.0 6250.0 -2.01711
3550.0 6250.0 -1.60774
3650.0 6250.0 -1.13947
3750.0 6250.0 -0.70868
3850.0 6250.0 -0.25983
3950.0 6250.0 0.25971
4050.0 6250.0 0.76965
4150.0 6250.0 1.15003
4250.0 6250.0 1.31770
4350.0 6250.0 1.26567
4450.0 6250.0 1.06512
4550.0 6250.0 0.83020
4650.0 6250.0 0.64549
4750.0 6250.0 0.46643
4850.0 6250.0 0.19279
4950.0 6250.0 -0.14374
5050.0 6250.0 -0.43865
5150.0 6250.0 -0.59174
5250.0 6250.0 -0.55404
5350.0 6250.0 -0.34455
5450.0 6250.0 -0.03671
5550.0 6250.0 0.28524
5650.0 6250.0 0.59108
5750.0 6250.0 0.85544
5850.0 6250.0 1.01491
5950.0 6250.0 1.02696
6050.0 6250.0 0.89221
6150.0 6250.0 0.65914
6250.0 6250.0 0.41198
6350.0 6250.0 0.24182
50.0 6350.0 -0.16008
150.0 6350.0 -0.16653
250.0 6350.0 -0.10994
350.0 6350.0 0.01190
450.0 6350.0 0.16398
550.0 6350.0 0.29972
650.0 6350.0 0.37973
750.0 6350.0 0.38359
850.0 6350.0 0.31477
950.0 6350.0 0.19853
1050.0 6350.0 0.05050
1150.0 6350.0 -0.22786
1250.0 6350.0 -0.63946
1350.0 6350.0 -1.07463
1450.0 6350.0 -1.40252
1550.0 6350.0 -1.53235
1650.0 6350.0 -1.44391
1750.0 6350.0 -1.18725
1850.0 6350.0 -0.85153
1950.0 6350.0 -0.49824
2050.0 6350.0 -0.06584
2150.0 6350.0 0.43603
2250.0 6350.0 0.88022
2350.0 6350.0 1.13265
2450.0 6350.0 1.12439
2550.0 6350.0 0.88064
2650.0 6350.0 0.50670
2750.0 6350.0 0.13095
2850.0 6350.0 -0.19569
2950.0 6350.0 -0.59161
3050.0 6350.0 -1.10377
3150.0 6350.0 -1.60648
3250.0 6350.0 -1.93369
3350.0 6350.0 -1.97541
3450.0 6350.0 -1.72492
3550.0 6350.0 -1.27707
3650.0 6350.0 -0.77738
3750.0 6350.0 -0.32216
3850.0 6350.0 0.14691
3950.0 6350.0 0.66909
4050.0 6350.0 1.14629
4150.0 6350.0 1.44895
4250.0 6350.0 1.49819
4350.0 6350.0 1.30519
4450.0 6350.0 0.96797
4550.0 6350.0 0.62532
4650.0 6350.0 0.36813
4750.0 6350.0 0.12639
4850.0 6350.0 -0.21151
4950.0 6350.0 -0.59575
5050.0 6350.0 -0.89923
5150.0 6350.0 -1.00977
5250.0 6350.0 -0.88403
5350.0 6350.0 -0.56317
5450.0 6350.0 -0.15030
5550.0 6350.0 0.25037
5650.0 6350.0 0.61941
5750.0 6350.0 0.94121
5850.0 6350.0 1.13809
5950.0 6350.0 1.15348
6050.0 6350.0 0.98322
6150.0 6350.0 0.68383
6250.0 6350.0 0.35876
6350.0 6350.0 0.12264
