50.0 50.0 0.00000
150.0 50.0 -0.15400
250.0 50.0 -0.21871
350.0 50.0 -0.16952
450.0 50.0 -0.03097
550.0 50.0 0.14463
650.0 50.0 0.29604
750.0 50.0 0.36938
850.0 50.0 0.33208
950.0 50.0 0.18415
1050.0 50.0 -0.03275
1150.0 50.0 -0.20836
1250.0 50.0 -0.21564
1350.0 50.0 -0.04143
1450.0 50.0 0.24611
1550.0 50.0 0.54321
1650.0 50.0 0.74693
1750.0 50.0 0.78257
1850.0 50.0 0.62199
1950.0 50.0 0.29271
2050.0 50.0 -0.12346
2150.0 50.0 -0.59813
2250.0 50.0 -1.14458
2350.0 50.0 -1.65022
2450.0 50.0 -1.96869
2550.0 50.0 -2.00064
2650.0 50.0 -1.73620
2750.0 50.0 -1.25932
2850.0 50.0 -0.71393
2950.0 50.0 -0.23189
3050.0 50.0 0.17167
3150.0 50.0 0.52090
3250.0 50.0 0.73977
3350.0 50.0 0.78298
3450.0 50.0 0.65428
3550.0 50.0 0.40480
3650.0 50.0 0.12113
3750.0 50.0 -0.09674
3850.0 50.0 -0.16779
3950.0 50.0 -0.07245
4050.0 50.0 0.10616
4150.0 50.0 0.31604
4250.0 50.0 0.54433
4350.0 50.0 0.73590
4450.0 50.0 0.83363
4550.0 50.0 0.80692
4650.0 50.0 0.66449
4750.0 50.0 0.45133
4850.0 50.0 0.22980
4950.0 50.0 0.04497
5050.0 50.0 -0.09840
5150.0 50.0 -0.08192
5250.0 50.0 0.15420
5350.0 50.0 0.53415
5450.0 50.0 0.92303
5550.0 50.0 1.18638
5650.0 50.0 1.23100
5750.0 50.0 1.02712
5850.0 50.0 0.61185
5950.0 50.0 0.07394
6050.0 50.0 -0.48593
6150.0 50.0 -0.99375
6250.0 50.0 -1.35427
6350.0 50.0 -1.48553
50.0 150.0 0.35041
150.0 150.0 0.19620
250.0 150.0 0.13899
350.0 150.0 0.20689
450.0 150.0 0.37497
550.0 150.0 0.58737
650.0 150.0 0.77730
750.0 150.0 0.88479
850.0 150.0 0.87225
950.0 150.0 0.73775
1050.0 150.0 0.52621
1150.0 150.0 0.35182
1250.0 150.0 0.33529
1350.0 150.0 0.48676
1450.0 150.0 0.73988
1550.0 150.0 0.99606
1650.0 150.0 1.15926
1750.0 150.0 1.16168
1850.0 150.0 0.98009
1950.0 150.0 0.64299
2050.0 150.0 0.22679
2150.0 150.0 -0.26144
2250.0 150.0 -0.86179
2350.0 150.0 -1.46844
2450.0 150.0 -1.92522
2550.0 150.0 -2.11236
2650.0 150.0 -1.99518
2750.0 150.0 -1.63477
2850.0 150.0 -1.16062
2950.0 150.0 -0.70517
3050.0 150.0 -0.30438
3150.0 150.0 0.06751
3250.0 150.0 0.36343
3350.0 150.0 0.54214
3450.0 150.0 0.59131
3550.0 150.0 0.53420
3650.0 150.0 0.42591
3750.0 150.0 0.33932
3850.0 150.0 0.34063
3950.0 150.0 0.45465
4050.0 150.0 0.62876
4150.0 150.0 0.83106
4250.0 150.0 1.04805
4350.0 150.0 1.22586
4450.0 150.0 1.30968
4550.0 150.0 1.27127
4650.0 150.0 1.12099
4750.0 150.0 0.90430
4850.0 150.0 0.68288
4950.0 150.0 0.50029
5050.0 150.0 0.35792
5150.0 150.0 0.35925
5250.0 150.0 0.55401
5350.0 150.0 0.86848
5450.0 150.0 1.17775
5550.0 150.0 1.36111
5650.0 150.0 1.33904
5750.0 150.0 1.09187
5850.0 150.0 0.66009
5950.0 150.0 0.12624
6050.0 150.0 -0.42254
6150.0 150.0 -0.91016
6250.0 150.0 -1.23888
6350.0 150.0 -1.33032
50.0 250.0 0.50858
150.0 250.0 0.34552
250.0 250.0 0.28720
350.0 250.0 0.36909
450.0 250.0 0.57027
550.0 250.0 0.83387
650.0 250.0 1.08688
750.0 250.0 1.25928
850.0 250.0 1.30259
950.0 250.0 1.20770
1050.0 250.0 1.02210
1150.0 250.0 0.86684
1250.0 250.0 0.85214
1350.0 250.0 0.98131
1450.0 250.0 1.18900
1550.0 250.0 1.38407
1650.0 250.0 1.48232
1750.0 250.0 1.42919
1850.0 250.0 1.21228
1950.0 250.0 0.86384
2050.0 250.0 0.45159
2150.0 250.0 -0.04043
2250.0 250.0 -0.67220
2350.0 250.0 -1.34498
2450.0 250.0 -1.89834
2550.0 250.0 -2.19972
2650.0 250.0 -2.19680
2750.0 250.0 -1.93259
2850.0 250.0 -1.52339
2950.0 250.0 -1.09953
3050.0 250.0 -0.71135
3150.0 250.0 -0.32437
3250.0 250.0 0.04560
3350.0 250.0 0.35956
3450.0 250.0 0.58568
3550.0 250.0 0.71609
3650.0 250.0 0.77241
3750.0 250.0 0.80023
3850.0 250.0 0.85244
3950.0 250.0 0.96146
4050.0 250.0 1.10655
4150.0 250.0 1.27133
4250.0 250.0 1.44069
4350.0 250.0 1.56786
4450.0 250.0 1.60802
4550.0 250.0 1.54089
4650.0 250.0 1.37995
4750.0 250.0 1.16831
4850.0 250.0 0.96116
4950.0 250.0 0.79496
5050.0 250.0 0.66638
5150.0 250.0 0.66382
5250.0 250.0 0.82972
5350.0 250.0 1.09790
5450.0 250.0 1.35781
5550.0 250.0 1.50366
5650.0 250.0 1.46691
5750.0 250.0 1.23232
5850.0 250.0 0.83739
5950.0 250.0 0.35525
6050.0 250.0 -0.13643
6150.0 250.0 -0.55801
6250.0 250.0 -0.81823
6350.0 250.0 -0.85372
50.0 350.0 0.41823
150.0 350.0 0.23381
250.0 350.0 0.15832
350.0 350.0 0.23844
450.0 350.0 0.46398
550.0 350.0 0.78239
650.0 350.0 1.11602
750.0 350.0 1.38198
850.0 350.0 1.51472
950.0 350.0 1.49125
1050.0 350.0 1.35903
1150.0 350.0 1.24798
1250.0 350.0 1.25373
1350.0 350.0 1.36828
1450.0 350.0 1.52551
1550.0 350.0 1.64342
1650.0 350.0 1.65454
1750.0 350.0 1.52440
1850.0 350.0 1.25828
1950.0 350.0 0.89595
2050.0 350.0 0.49324
2150.0 350.0 0.01196
2250.0 350.0 -0.61610
2350.0 350.0 -1.29908
2450.0 350.0 -1.88073
2550.0 350.0 -2.22784
2650.0 350.0 -2.28217
2750.0 350.0 -2.07705
2850.0 350.0 -1.71852
2950.0 350.0 -1.33103
3050.0 350.0 -0.96884
3150.0 350.0 -0.58027
3250.0 350.0 -0.15074
3350.0 350.0 0.27996
3450.0 350.0 0.65793
3550.0 350.0 0.94334
3650.0 350.0 1.12583
3750.0 350.0 1.22711
3850.0 350.0 1.29081
3950.0 350.0 1.35950
4050.0 350.0 1.44233
4150.0 350.0 1.53082
4250.0 350.0 1.60837
4350.0 350.0 1.64345
4450.0 350.0 1.61051
4550.0 350.0 1.50312
4650.0 350.0 1.33808
4750.0 350.0 1.15072
4850.0 350.0 0.98114
4950.0 350.0 0.85163
5050.0 350.0 0.75399
5150.0 350.0 0.76057
5250.0 350.0 0.90900
5350.0 350.0 1.14810
5450.0 350.0 1.38879
5550.0 350.0 1.54348
5650.0 350.0 1.55280
5750.0 350.0 1.39963
5850.0 350.0 1.11041
5950.0 350.0 0.74390
6050.0 350.0 0.37170
6150.0 350.0 0.07832
6250.0 350.0 -0.06381
6350.0 350.0 -0.02175
50.0 450.0 0.12819
150.0 450.0 -0.08946
250.0 450.0 -0.20184
350.0 450.0 -0.14941
450.0 450.0 0.07502
550.0 450.0 0.43042
650.0 450.0 0.83923
750.0 450.0 1.20648
850.0 450.0 1.44651
950.0 450.0 1.51718
1050.0 450.0 1.46151
1150.0 450.0 1.41750
1250.0 450.0 1.46458
1350.0 450.0 1.58046
1450.0 450.0 1.69593
1550.0 450.0 1.73766
1650.0 450.0 1.65673
1750.0 450.0 1.44255
1850.0 450.0 1.12247
1950.0 450.0 0.74689
2050.0 450.0 0.35890
2150.0 450.0 -0.09742
2250.0 450.0 -0.68515
2350.0 450.0 -1.31848
2450.0 450.0 -1.85382
2550.0 450.0 -2.17008
2650.0 450.0 -2.21610
2750.0 450.0 -2.02530
2850.0 450.0 -1.69749
2950.0 450.0 -1.34784
3050.0 450.0 -1.02325
3150.0 450.0 -0.64910
3250.0 450.0 -0.18627
3350.0 450.0 0.32125
3450.0 450.0 0.79791
3550.0 450.0 1.17603
3650.0 450.0 1.42004
3750.0 450.0 1.53549
3850.0 450.0 1.56289
3950.0 450.0 1.55642
4050.0 450.0 1.54810
4150.0 450.0 1.52906
4250.0 450.0 1.48323
4350.0 450.0 1.40146
4450.0 450.0 1.28417
4550.0 450.0 1.14166
4650.0 450.0 0.99182
4750.0 450.0 0.85545
4850.0 450.0 0.74906
4950.0 450.0 0.67528
5050.0 450.0 0.62320
5150.0 450.0 0.64732
5250.0 450.0 0.78086
5350.0 450.0 0.99426
5450.0 450.0 1.22756
5550.0 450.0 1.41654
5650.0 450.0 1.51175
5750.0 450.0 1.49060
5850.0 450.0 1.36231
5950.0 450.0 1.16593
6050.0 450.0 0.96740
6150.0 450.0 0.85608
6250.0 450.0 0.87486
6350.0 450.0 1.01283
50.0 550.0 -0.25117
150.0 550.0 -0.50984
250.0 550.0 -0.67724
350.0 550.0 -0.68222
450.0 550.0 -0.49545
550.0 550.0 -0.13930
650.0 550.0 0.31555
750.0 550.0 0.76664
850.0 550.0 1.10950
950.0 550.0 1.28060
1050.0 550.0 1.31344
1150.0 550.0 1.35031
1250.0 550.0 1.45614
1350.0 550.0 1.59385
1450.0 550.0 1.68880
1550.0 550.0 1.67371
1650.0 550.0 1.51619
1750.0 550.0 1.22875
1850.0 550.0 0.86134
1950.0 550.0 0.47651
2050.0 550.0 0.10642
2150.0 550.0 -0.31505
2250.0 550.0 -0.83463
2350.0 550.0 -1.37118
2450.0 550.0 -1.79986
2550.0 550.0 -2.02166
2650.0 550.0 -2.00307
2750.0 550.0 -1.78612
2850.0 550.0 -1.46852
2950.0 550.0 -1.15417
3050.0 550.0 -0.87354
3150.0 550.0 -0.52799
3250.0 550.0 -0.06357
3350.0 550.0 0.46868
3450.0 550.0 0.97523
3550.0 550.0 1.36884
3650.0 550.0 1.59934
3750.0 550.0 1.66637
3850.0 550.0 1.61413
3950.0 550.0 1.50807
4050.0 550.0 1.39277
4150.0 550.0 1.25207
4250.0 550.0 1.07409
4350.0 550.0 0.87605
4450.0 550.0 0.68633
4550.0 550.0 0.53072
4650.0 550.0 0.42386
4750.0 550.0 0.36576
4850.0 550.0 0.34343
4950.0 550.0 0.33762
5050.0 550.0 0.33882
5150.0 550.0 0.38141
5250.0 550.0 0.49220
5350.0 550.0 0.66713
5450.0 550.0 0.88148
5550.0 550.0 1.10001
5650.0 550.0 1.28666
5750.0 550.0 1.41376
5850.0 550.0 1.47092
5950.0 550.0 1.47338
6050.0 550.0 1.47828
6150.0 550.0 1.57849
6250.0 550.0 1.78138
6350.0 550.0 2.02485
50.0 650.0 -0.58740
150.0 650.0 -0.88868
250.0 650.0 -1.12244
350.0 650.0 -1.20957
450.0 650.0 -1.09713
550.0 650.0 -0.78378
650.0 650.0 -0.32645
750.0 650.0 0.17179
850.0 650.0 0.59275
950.0 650.0 0.85289
1050.0 650.0 0.97184
1150.0 650.0 1.09077
1250.0 650.0 1.26439
1350.0 650.0 1.44287
1450.0 650.0 1.54453
1550.0 650.0 1.50413
1650.0 650.0 1.30068
1750.0 650.0 0.96482
1850.0 650.0 0.56575
1950.0 650.0 0.17773
2050.0 650.0 -0.17407
2150.0 650.0 -0.55789
2250.0 650.0 -0.99804
2350.0 650.0 -1.41660
2450.0 650.0 -1.70956
2550.0 650.0 -1.80423
2650.0 650.0 -1.69000
2750.0 650.0 -1.42229
2850.0 650.0 -1.09982
2950.0 650.0 -0.81509
3050.0 650.0 -0.57786
3150.0 650.0 -0.26925
3250.0 650.0 0.16899
3350.0 650.0 0.67725
3450.0 650.0 1.14972
3550.0 650.0 1.48954
3650.0 650.0 1.64322
3750.0 650.0 1.61425
3850.0 650.0 1.45585
3950.0 650.0 1.24294
4050.0 650.0 1.02197
4150.0 650.0 0.76611
4250.0 650.0 0.47176
4350.0 650.0 0.18238
4450.0 650.0 -0.04896
4550.0 650.0 -0.18576
4650.0 650.0 -0.22171
4750.0 650.0 -0.18158
4850.0 650.0 -0.10963
4950.0 650.0 -0.04534
5050.0 650.0 0.00794
5150.0 650.0 0.06246
5250.0 650.0 0.13487
5350.0 650.0 0.24665
5450.0 650.0 0.41120
5550.0 650.0 0.62680
5650.0 650.0 0.87573
5750.0 650.0 1.12943
5850.0 650.0 1.35978
5950.0 650.0 1.55654
6050.0 650.0 1.76243
6150.0 650.0 2.07152
6250.0 650.0 2.45607
6350.0 650.0 2.80339
50.0 750.0 -0.76110
150.0 750.0 -1.09985
250.0 750.0 -1.40087
350.0 750.0 -1.58206
450.0 750.0 -1.56905
550.0 750.0 -1.33551
650.0 750.0 -0.91991
750.0 750.0 -0.41887
850.0 750.0 0.04298
950.0 750.0 0.36662
1050.0 750.0 0.55566
1150.0 750.0 0.74472
1250.0 750.0 0.98385
1350.0 750.0 1.21444
1450.0 750.0 1.34738
1550.0 750.0 1.31535
1650.0 750.0 1.10211
1750.0 750.0 0.74893
1850.0 750.0 0.33801
1950.0 750.0 -0.04699
2050.0 750.0 -0.38307
2150.0 750.0 -0.73443
2250.0 750.0 -1.10409
2350.0 750.0 -1.41629
2450.0 750.0 -1.58514
2550.0 750.0 -1.56152
2650.0 750.0 -1.35587
2750.0 750.0 -1.03661
2850.0 750.0 -0.70443
2950.0 750.0 -0.44227
3050.0 750.0 -0.24115
3150.0 750.0 0.03076
3250.0 750.0 0.42784
3350.0 750.0 0.88229
3450.0 750.0 1.28192
3550.0 750.0 1.52870
3650.0 750.0 1.57420
3750.0 750.0 1.43184
3850.0 750.0 1.16613
3950.0 750.0 0.85864
4050.0 750.0 0.55016
4150.0 750.0 0.20432
4250.0 750.0 -0.17097
4350.0 750.0 -0.51028
4450.0 750.0 -0.74322
4550.0 750.0 -0.82953
4650.0 750.0 -0.77537
4750.0 750.0 -0.63079
4850.0 750.0 -0.46827
4950.0 750.0 -0.34258
5050.0 750.0 -0.24701
5150.0 750.0 -0.19255
5250.0 750.0 -0.17699
5350.0 750.0 -0.15712
5450.0 750.0 -0.08276
5550.0 750.0 0.07986
5650.0 750.0 0.33632
5750.0 750.0 0.66375
5850.0 750.0 1.02202
5950.0 750.0 1.37659
6050.0 750.0 1.74942
6150.0 750.0 2.23334
6250.0 750.0 2.77208
6350.0 750.0 3.21080
50.0 850.0 -0.69693
150.0 850.0 -1.06260
250.0 850.0 -1.42076
350.0 850.0 -1.69115
450.0 850.0 -1.78342
550.0 850.0 -1.64912
650.0 850.0 -1.30712
750.0 850.0 -0.84251
850.0 850.0 -0.37894
950.0 850.0 -0.02442
1050.0 850.0 0.20934
1150.0 850.0 0.44657
1250.0 850.0 0.73796
1350.0 850.0 1.02085
1450.0 850.0 1.19968
1550.0 850.0 1.20207
1650.0 850.0 1.01027
1750.0 850.0 0.66817
1850.0 850.0 0.26361
1950.0 850.0 -0.11381
2050.0 850.0 -0.43905
2150.0 850.0 -0.76986
2250.0 850.0 -1.09618
2350.0 850.0 -1.34405
2450.0 850.0 -1.43891
2550.0 850.0 -1.34602
2650.0 850.0 -1.08827
2750.0 850.0 -0.74141
2850.0 850.0 -0.40664
2950.0 850.0 -0.16068
3050.0 850.0 0.01647
3150.0 850.0 0.26064
3250.0 850.0 0.61915
3350.0 850.0 1.01815
3450.0 850.0 1.34355
3550.0 850.0 1.50054
3650.0 850.0 1.44859
3750.0 850.0 1.21169
3850.0 850.0 0.86397
3950.0 850.0 0.49073
4050.0 850.0 0.12491
4150.0 850.0 -0.27388
4250.0 850.0 -0.68482
4350.0 850.0 -1.02780
4450.0 850.0 -1.22458
4550.0 850.0 -1.23822
4650.0 850.0 -1.08942
4750.0 850.0 -0.85013
4850.0 850.0 -0.61402
4950.0 850.0 -0.44425
5050.0 850.0 -0.32216
5150.0 850.0 -0.28181
5250.0 850.0 -0.33910
5350.0 850.0 -0.43568
5450.0 850.0 -0.48989
5550.0 850.0 -0.43372
5650.0 850.0 -0.23478
5750.0 850.0 0.09688
5850.0 850.0 0.51704
5950.0 850.0 0.97069
6050.0 850.0 1.45387
6150.0 850.0 2.05617
6250.0 850.0 2.70391
6350.0 850.0 3.21417
50.0 950.0 -0.39036
150.0 950.0 -0.77035
250.0 950.0 -1.16851
350.0 950.0 -1.50985
450.0 950.0 -1.69484
550.0 950.0 -1.65878
650.0 950.0 -1.40324
750.0 950.0 -0.99968
850.0 950.0 -0.56515
950.0 950.0 -0.21016
1050.0 950.0 0.04131
1150.0 950.0 0.30166
1250.0 950.0 0.62587
1350.0 950.0 0.95145
1450.0 950.0 1.17829
1550.0 950.0 1.22771
1650.0 950.0 1.07619
1750.0 950.0 0.76388
1850.0 950.0 0.37782
1950.0 950.0 0.00988
2050.0 950.0 -0.31011
2150.0 950.0 -0.63509
2250.0 950.0 -0.95418
2350.0 950.0 -1.19551
2450.0 950.0 -1.28727
2550.0 950.0 -1.19664
2650.0 950.0 -0.94671
2750.0 950.0 -0.61168
2850.0 950.0 -0.29009
2950.0 950.0 -0.05620
3050.0 950.0 0.11021
3150.0 950.0 0.34093
3250.0 950.0 0.67819
3350.0 950.0 1.04527
3450.0 950.0 1.32811
3550.0 950.0 1.43490
3650.0 950.0 1.33035
3750.0 950.0 1.04459
3850.0 950.0 0.65683
3950.0 950.0 0.25368
4050.0 950.0 -0.13656
4150.0 950.0 -0.55049
4250.0 950.0 -0.95486
4350.0 950.0 -1.26292
4450.0 950.0 -1.39754
4550.0 950.0 -1.33038
4650.0 950.0 -1.09640
4750.0 950.0 -0.78361
4850.0 950.0 -0.49815
4950.0 950.0 -0.30469
5050.0 950.0 -0.17297
5150.0 950.0 -0.15901
5250.0 950.0 -0.29882
5350.0 950.0 -0.52637
5450.0 950.0 -0.73584
5550.0 950.0 -0.82875
5650.0 950.0 -0.74463
5750.0 950.0 -0.47484
5850.0 950.0 -0.05994
5950.0 950.0 0.42978
6050.0 950.0 0.96157
6150.0 950.0 1.62077
6250.0 950.0 2.32850
6350.0 950.0 2.88900
50.0 1050.0 0.06988
150.0 1050.0 -0.31555
250.0 1050.0 -0.73953
350.0 1050.0 -1.13386
450.0 1050.0 -1.39477
550.0 1050.0 -1.44639
650.0 1050.0 -1.27610
750.0 1050.0 -0.94187
850.0 1050.0 -0.55153
950.0 1050.0 -0.21400
1050.0 1050.0 0.03750
1150.0 1050.0 0.30383
1250.0 1050.0 0.64567
1350.0 1050.0 1.00314
1450.0 1050.0 1.27323
1550.0 1050.0 1.37104
1650.0 1050.0 1.26553
1750.0 1050.0 0.98997
1850.0 1050.0 0.62704
1950.0 1050.0 0.26852
2050.0 1050.0 -0.05010
2150.0 1050.0 -0.37981
2250.0 1050.0 -0.71858
2350.0 1050.0 -0.99719
2450.0 1050.0 -1.14033
2550.0 1050.0 -1.10765
2650.0 1050.0 -0.91303
2750.0 1050.0 -0.62206
2850.0 1050.0 -0.32774
2950.0 1050.0 -0.10441
3050.0 1050.0 0.06007
3150.0 1050.0 0.28889
3250.0 1050.0 0.62292
3350.0 1050.0 0.98503
3450.0 1050.0 1.26126
3550.0 1050.0 1.36036
3650.0 1050.0 1.24789
3750.0 1050.0 0.95495
3850.0 1050.0 0.56151
3950.0 1050.0 0.15431
4050.0 1050.0 -0.23846
4150.0 1050.0 -0.64347
4250.0 1050.0 -1.01638
4350.0 1050.0 -1.26919
4450.0 1050.0 -1.33112
4550.0 1050.0 -1.18499
4650.0 1050.0 -0.87858
4750.0 1050.0 -0.51118
4850.0 1050.0 -0.19506
4950.0 1050.0 0.00786
5050.0 1050.0 0.13807
5150.0 1050.0 0.11887
5250.0 1050.0 -0.10641
5350.0 1050.0 -0.46909
5450.0 1050.0 -0.84477
5550.0 1050.0 -1.10812
5650.0 1050.0 -1.17081
5750.0 1050.0 -1.00258
5850.0 1050.0 -0.63547
5950.0 1050.0 -0.15121
6050.0 1050.0 0.38806
6150.0 1050.0 1.06326
6250.0 1050.0 1.79844
6350.0 1050.0 2.39517
50.0 1150.0 0.53712
150.0 1150.0 0.15904
250.0 1150.0 -0.27965
350.0 1150.0 -0.71996
450.0 1150.0 -1.05583
550.0 1150.0 -1.20059
650.0 1150.0 -1.12596
750.0 1150.0 -0.87334
850.0 1150.0 -0.53761
950.0 1150.0 -0.22334
1050.0 1150.0 0.02661
1150.0 1150.0 0.29787
1250.0 1150.0 0.65586
1350.0 1150.0 1.04370
1450.0 1150.0 1.35622
1550.0 1150.0 1.50281
1650.0 1150.0 1.44510
1750.0 1150.0 1.20922
1850.0 1150.0 0.87286
1950.0 1150.0 0.52707
2050.0 1150.0 0.21279
2150.0 1150.0 -0.12063
2250.0 1150.0 -0.48329
2350.0 1150.0 -0.80923
2450.0 1150.0 -1.01807
2550.0 1150.0 -1.05920
2650.0 1150.0 -0.93411
2750.0 1150.0 -0.69710
2850.0 1150.0 -0.43412
2950.0 1150.0 -0.21997
3050.0 1150.0 -0.05328
3150.0 1150.0 0.17894
3250.0 1150.0 0.51759
3350.0 1150.0 0.88587
3450.0 1150.0 1.16971
3550.0 1150.0 1.27735
3650.0 1150.0 1.17356
3750.0 1150.0 0.88859
3850.0 1150.0 0.50177
3950.0 1150.0 0.09973
4050.0 1150.0 -0.28790
4150.0 1150.0 -0.67751
4250.0 1150.0 -1.01581
4350.0 1150.0 -1.21536
4450.0 1150.0 -1.21230
4550.0 1150.0 -0.99955
4650.0 1150.0 -0.63530
4750.0 1150.0 -0.22683
4850.0 1150.0 0.11026
4950.0 1150.0 0.31763
5050.0 1150.0 0.44395
5150.0 1150.0 0.39468
5250.0 1150.0 0.09407
5350.0 1150.0 -0.38974
5450.0 1150.0 -0.91880
5550.0 1150.0 -1.34546
5650.0 1150.0 -1.55629
5750.0 1150.0 -1.49959
5850.0 1150.0 -1.19687
5950.0 1150.0 -0.73795
6050.0 1150.0 -0.21218
6150.0 1150.0 0.45631
6250.0 1150.0 1.19773
6350.0 1150.0 1.81650
50.0 1250.0 0.91963
150.0 1250.0 0.58988
250.0 1250.0 0.17019
350.0 1250.0 -0.29717
450.0 1250.0 -0.70822
550.0 1250.0 -0.96493
650.0 1250.0 -1.01737
750.0 1250.0 -0.88038
850.0 1250.0 -0.62483
950.0 1250.0 -0.34342
1050.0 1250.0 -0.09094
1150.0 1250.0 0.19049
1250.0 1250.0 0.56626
1350.0 1250.0 0.98254
1450.0 1250.0 1.33375
1550.0 1250.0 1.52603
1650.0 1250.0 1.51577
1750.0 1250.0 1.32325
1850.0 1250.0 1.02136
1950.0 1250.0 0.69943
2050.0 1250.0 0.40207
2150.0 1250.0 0.07518
2250.0 1250.0 -0.30813
2350.0 1250.0 -0.68662
2450.0 1250.0 -0.97346
2550.0 1250.0 -1.10431
2650.0 1250.0 -1.06394
2750.0 1250.0 -0.89106
2850.0 1250.0 -0.66172
2950.0 1250.0 -0.45093
3050.0 1250.0 -0.27195
3150.0 1250.0 -0.02525
3250.0 1250.0 0.33126
3350.0 1250.0 0.72215
3450.0 1250.0 1.03345
3550.0 1250.0 1.17213
3650.0 1250.0 1.10068
3750.0 1250.0 0.84655
3850.0 1250.0 0.48672
3950.0 1250.0 0.10715
4050.0 1250.0 -0.25983
4150.0 1250.0 -0.62355
4250.0 1250.0 -0.92847
4350.0 1250.0 -1.09122
4450.0 1250.0 -1.05418
4550.0 1250.0 -0.81571
4650.0 1250.0 -0.43670
4750.0 1250.0 -0.02390
4850.0 1250.0 0.31047
4950.0 1250.0 0.51238
5050.0 1250.0 0.63249
5150.0 1250.0 0.56953
5250.0 1250.0 0.23568
5350.0 1250.0 -0.31022
5450.0 1250.0 -0.93239
5550.0 1250.0 -1.47658
5650.0 1250.0 -1.81515
5750.0 1250.0 -1.87861
5850.0 1250.0 -1.67367
5950.0 1250.0 -1.28791
6050.0 1250.0 -0.82821
6150.0 1250.0 -0.22576
6250.0 1250.0 0.46292
6350.0 1250.0 1.05911
50.0 1350.0 1.13779
150.0 1350.0 0.90832
250.0 1350.0 0.55474
350.0 1350.0 0.09488
450.0 1350.0 -0.37566
550.0 1350.0 -0.74901
650.0 1350.0 -0.94915
750.0 1350.0 -0.95483
850.0 1350.0 -0.80119
950.0 1350.0 -0.56019
1050.0 1350.0 -0.29956
1150.0 1350.0 -0.00226
1250.0 1350.0 0.38956
1350.0 1350.0 0.82440
1450.0 1350.0 1.19917
1550.0 1350.0 1.42128
1650.0 1350.0 1.44648
1750.0 1350.0 1.29260
1850.0 1350.0 1.02914
1950.0 1350.0 0.74263
2050.0 1350.0 0.47765
2150.0 1350.0 0.17160
2250.0 1350.0 -0.22261
2350.0 1350.0 -0.64962
2450.0 1350.0 -1.01541
2550.0 1350.0 -1.23988
2650.0 1350.0 -1.28811
2750.0 1350.0 -1.18029
2850.0 1350.0 -0.98035
2950.0 1350.0 -0.76323
3050.0 1350.0 -0.55930
3150.0 1350.0 -0.28617
3250.0 1350.0 0.09880
3350.0 1350.0 0.52249
3450.0 1350.0 0.87244
3550.0 1350.0 1.05552
3650.0 1350.0 1.03237
3750.0 1350.0 0.82732
3850.0 1350.0 0.51403
3950.0 1350.0 0.17671
4050.0 1350.0 -0.15038
4150.0 1350.0 -0.47519
4250.0 1350.0 -0.74840
4350.0 1350.0 -0.89506
4450.0 1350.0 -0.86298
4550.0 1350.0 -0.65001
4650.0 1350.0 -0.31023
4750.0 1350.0 0.06098
4850.0 1350.0 0.36301
4950.0 1350.0 0.54707
5050.0 1350.0 0.65851
5150.0 1350.0 0.60667
5250.0 1350.0 0.30307
5350.0 1350.0 -0.21393
5450.0 1350.0 -0.83253
5550.0 1350.0 -1.41485
5650.0 1350.0 -1.83627
5750.0 1350.0 -2.01678
5850.0 1350.0 -1.94423
5950.0 1350.0 -1.68971
6050.0 1350.0 -1.36167
6150.0 1350.0 -0.90003
6250.0 1350.0 -0.33960
6350.0 1350.0 0.17537
50.0 1450.0 1.14549
150.0 1450.0 1.06021
250.0 1450.0 0.81812
350.0 1450.0 0.40819
450.0 1450.0 -0.08854
550.0 1450.0 -0.55846
650.0 1450.0 -0.89963
750.0 1450.0 -1.05060
850.0 1450.0 -1.00385
950.0 1450.0 -0.80386
1050.0 1450.0 -0.52971
1150.0 1450.0 -0.21290
1250.0 1450.0 0.18869
1350.0 1450.0 0.62442
1450.0 1450.0 0.99691
1550.0 1450.0 1.22050
1650.0 1450.0 1.25652
1750.0 1450.0 1.12550
1850.0 1450.0 0.89621
1950.0 1450.0 0.65167
2050.0 1450.0 0.43157
2150.0 1450.0 0.16006
2250.0 1450.0 -0.22973
2350.0 1450.0 -0.68844
2450.0 1450.0 -1.11568
2550.0 1450.0 -1.41657
2650.0 1450.0 -1.53740
2750.0 1450.0 -1.48036
2850.0 1450.0 -1.29732
2950.0 1450.0 -1.06269
3050.0 1450.0 -0.82330
3150.0 1450.0 -0.51625
3250.0 1450.0 -0.10164
3350.0 1450.0 0.35009
3450.0 1450.0 0.73061
3550.0 1450.0 0.95032
3650.0 1450.0 0.97138
3750.0 1450.0 0.81734
3850.0 1450.0 0.55922
3950.0 1450.0 0.27812
4050.0 1450.0 0.00669
4150.0 1450.0 -0.26857
4250.0 1450.0 -0.51162
4350.0 1450.0 -0.65954
4450.0 1450.0 -0.66481
4550.0 1450.0 -0.51992
4650.0 1450.0 -0.26414
4750.0 1450.0 0.02743
4850.0 1450.0 0.27259
4950.0 1450.0 0.42858
5050.0 1450.0 0.52986
5150.0 1450.0 0.51517
5250.0 1450.0 0.30821
5350.0 1450.0 -0.08265
5450.0 1450.0 -0.59051
5550.0 1450.0 -1.11705
5650.0 1450.0 -1.55943
5750.0 1450.0 -1.83675
5850.0 1450.0 -1.91618
5950.0 1450.0 -1.83876
6050.0 1450.0 -1.69653
6150.0 1450.0 -1.43837
6250.0 1450.0 -1.07093
6350.0 1450.0 -0.68937
50.0 1550.0 0.95241
150.0 1550.0 1.03448
250.0 1550.0 0.93479
350.0 1550.0 0.61373
450.0 1550.0 0.13356
550.0 1550.0 -0.39217
650.0 1550.0 -0.84061
750.0 1550.0 -1.11289
850.0 1550.0 -1.15883
950.0 1550.0 -0.99294
1050.0 1550.0 -0.70167
1150.0 1550.0 -0.36494
1250.0 1550.0 0.03710
1350.0 1550.0 0.45272
1450.0 1550.0 0.79291
1550.0 1550.0 0.98426
1650.0 1550.0 0.99992
1750.0 1550.0 0.86861
1850.0 1550.0 0.66173
1950.0 1550.0 0.45858
2050.0 1550.0 0.28919
2150.0 1550.0 0.06151
2250.0 1550.0 -0.30688
2350.0 1550.0 -0.77162
2450.0 1550.0 -1.22807
2550.0 1550.0 -1.57062
2650.0 1550.0 -1.73142
2750.0 1550.0 -1.69875
2850.0 1550.0 -1.51479
2950.0 1550.0 -1.25303
3050.0 1550.0 -0.97286
3150.0 1550.0 -0.63123
3250.0 1550.0 -0.19609
3350.0 1550.0 0.26436
3450.0 1550.0 0.64922
3550.0 1550.0 0.87752
3650.0 1550.0 0.91857
3750.0 1550.0 0.79963
3850.0 1550.0 0.59132
3950.0 1550.0 0.37040
4050.0 1550.0 0.16231
4150.0 1550.0 -0.05822
4250.0 1550.0 -0.27210
4350.0 1550.0 -0.43021
4450.0 1550.0 -0.48932
4550.0 1550.0 -0.43403
4650.0 1550.0 -0.28480
4750.0 1550.0 -0.09202
4850.0 1550.0 0.08399
4950.0 1550.0 0.20682
5050.0 1550.0 0.29789
5150.0 1550.0 0.34046
5250.0 1550.0 0.28113
5350.0 1550.0 0.09318
5450.0 1550.0 -0.21543
5550.0 1550.0 -0.60303
5650.0 1550.0 -1.00368
5750.0 1550.0 -1.34504
5850.0 1550.0 -1.57462
5950.0 1550.0 -1.69449
6050.0 1550.0 -1.76499
6150.0 1550.0 -1.74273
6250.0 1550.0 -1.60357
6350.0 1550.0 -1.38626
50.0 1650.0 0.62716
150.0 1650.0 0.87288
250.0 1650.0 0.92341
350.0 1650.0 0.71536
450.0 1650.0 0.29097
550.0 1650.0 -0.24192
650.0 1650.0 -0.74769
750.0 1650.0 -1.09871
850.0 1650.0 -1.20886
950.0 1650.0 -1.06494
1050.0 1650.0 -0.75573
1150.0 1650.0 -0.40187
1250.0 1650.0 -0.00890
1350.0 1650.0 0.36859
1450.0 1650.0 0.65128
1550.0 1650.0 0.78146
1650.0 1650.0 0.74846
1750.0 1650.0 0.59346
1850.0 1650.0 0.39344
1950.0 1650.0 0.22441
2050.0 1650.0 0.10346
2150.0 1650.0 -0.07814
2250.0 1650.0 -0.41160
2350.0 1650.0 -0.85571
2450.0 1650.0 -1.30445
2550.0 1650.0 -1.64720
2650.0 1650.0 -1.80893
2750.0 1650.0 -1.77030
2850.0 1650.0 -1.56776
2950.0 1650.0 -1.27360
3050.0 1650.0 -0.95389
3150.0 1650.0 -0.58378
3250.0 1650.0 -0.14451
3350.0 1650.0 0.29705
3450.0 1650.0 0.65021
3550.0 1650.0 0.84784
3650.0 1650.0 0.87236
3750.0 1650.0 0.76012
3850.0 1650.0 0.58436
3950.0 1650.0 0.41671
4050.0 1650.0 0.26958
4150.0 1650.0 0.10215
4250.0 1650.0 -0.08271
4350.0 1650.0 -0.24922
4450.0 1650.0 -0.35841
4550.0 1650.0 -0.38759
4650.0 1650.0 -0.33939
4750.0 1650.0 -0.24060
4850.0 1650.0 -0.13060
4950.0 1650.0 -0.03958
5050.0 1650.0 0.04265
5150.0 1650.0 0.15091
5250.0 1650.0 0.26030
5350.0 1650.0 0.30964
5450.0 1650.0 0.24462
5550.0 1650.0 0.04422
5650.0 1650.0 -0.26974
5750.0 1650.0 -0.63994
5850.0 1650.0 -0.99776
5950.0 1650.0 -1.30435
6050.0 1650.0 -1.58030
6150.0 1650.0 -1.78759
6250.0 1650.0 -1.87322
6350.0 1650.0 -1.82127
50.0 1750.0 0.28147
150.0 1750.0 0.66108
250.0 1750.0 0.84373
350.0 1750.0 0.75007
450.0 1750.0 0.40460
550.0 1750.0 -0.09425
650.0 1750.0 -0.60693
750.0 1750.0 -0.98882
850.0 1750.0 -1.12928
950.0 1750.0 -0.99375
1050.0 1750.0 -0.66886
1150.0 1750.0 -0.30304
1250.0 1750.0 0.07418
1350.0 1750.0 0.40428
1450.0 1750.0 0.61722
1550.0 1750.0 0.67134
1650.0 1750.0 0.57332
1750.0 1750.0 0.37844
1850.0 1750.0 0.17086
1950.0 1750.0 0.02419
2050.0 1750.0 -0.05814
2150.0 1750.0 -0.19923
2250.0 1750.0 -0.49199
2350.0 1750.0 -0.89632
2450.0 1750.0 -1.30743
2550.0 1750.0 -1.61538
2650.0 1750.0 -1.74493
2750.0 1750.0 -1.67570
2850.0 1750.0 -1.44268
2950.0 1750.0 -1.11695
3050.0 1750.0 -0.76521
3150.0 1750.0 -0.37767
3250.0 1750.0 0.04722
3350.0 1750.0 0.44263
3450.0 1750.0 0.72960
3550.0 1750.0 0.85838
3650.0 1750.0 0.82905
3750.0 1750.0 0.69145
3850.0 1750.0 0.52441
3950.0 1750.0 0.39433
4050.0 1750.0 0.29633
4150.0 1750.0 0.17399
4250.0 1750.0 0.01887
4350.0 1750.0 -0.14390
4450.0 1750.0 -0.28009
4550.0 1750.0 -0.36321
4650.0 1750.0 -0.38378
4750.0 1750.0 -0.35146
4850.0 1750.0 -0.28968
4950.0 1750.0 -0.22300
5050.0 1750.0 -0.14724
5150.0 1750.0 0.02064
5250.0 1750.0 0.28276
5350.0 1750.0 0.54981
5450.0 1750.0 0.71381
5550.0 1750.0 0.69807
5650.0 1750.0 0.48344
5750.0 1750.0 0.11082
5850.0 1750.0 -0.33992
5950.0 1750.0 -0.79483
6050.0 1750.0 -1.23658
6150.0 1750.0 -1.62975
6250.0 1750.0 -1.89841
6350.0 1750.0 -1.98245
50.0 1850.0 0.03528
150.0 1850.0 0.50092
250.0 1850.0 0.77630
350.0 1850.0 0.77481
450.0 1850.0 0.50836
550.0 1850.0 0.06532
650.0 1850.0 -0.41778
750.0 1850.0 -0.79097
850.0 1850.0 -0.93199
950.0 1850.0 -0.79371
1050.0 1850.0 -0.45788
1150.0 1850.0 -0.08622
1250.0 1850.0 0.27338
1350.0 1850.0 0.55843
1450.0 1850.0 0.70608
1550.0 1850.0 0.68788
1650.0 1850.0 0.52538
1750.0 1850.0 0.28640
1850.0 1850.0 0.06211
1950.0 1850.0 -0.07519
2050.0 1850.0 -0.13357
2150.0 1850.0 -0.24615
2250.0 1850.0 -0.50206
2350.0 1850.0 -0.86061
2450.0 1850.0 -1.21989
2550.0 1850.0 -1.47459
2650.0 1850.0 -1.55439
2750.0 1850.0 -1.44281
2850.0 1850.0 -1.17671
2950.0 1850.0 -0.82619
3050.0 1850.0 -0.45420
3150.0 1850.0 -0.06214
3250.0 1850.0 0.33297
3350.0 1850.0 0.66313
3450.0 1850.0 0.86088
3550.0 1850.0 0.89468
3650.0 1850.0 0.78402
3750.0 1850.0 0.59447
3850.0 1850.0 0.41243
3950.0 1850.0 0.29970
4050.0 1850.0 0.23275
4150.0 1850.0 0.14325
4250.0 1850.0 0.01930
4350.0 1850.0 -0.12050
4450.0 1850.0 -0.24750
4550.0 1850.0 -0.33681
4650.0 1850.0 -0.37582
4750.0 1850.0 -0.36711
4850.0 1850.0 -0.32589
4950.0 1850.0 -0.27196
5050.0 1850.0 -0.19998
5150.0 1850.0 0.00834
5250.0 1850.0 0.37394
5350.0 1850.0 0.78961
5450.0 1850.0 1.11205
5550.0 1850.0 1.22729
5650.0 1850.0 1.08799
5750.0 1850.0 0.72289
5850.0 1850.0 0.21814
5950.0 1850.0 -0.32927
6050.0 1850.0 -0.87545
6150.0 1850.0 -1.38524
6250.0 1850.0 -1.76804
6350.0 1850.0 -1.93596
50.0 1950.0 -0.03713
150.0 1950.0 0.46403
250.0 1950.0 0.78521
350.0 1950.0 0.83974
450.0 1950.0 0.63315
550.0 1950.0 0.24578
650.0 1950.0 -0.19237
750.0 1950.0 -0.53451
850.0 1950.0 -0.65756
950.0 1950.0 -0.51031
1050.0 1950.0 -0.16915
1150.0 1950.0 0.20305
1250.0 1950.0 0.54765
1350.0 1950.0 0.79908
1450.0 1950.0 0.89868
1550.0 1950.0 0.82650
1650.0 1950.0 0.61400
1750.0 1950.0 0.33782
1850.0 1950.0 0.09444
1950.0 1950.0 -0.04409
2050.0 1950.0 -0.09344
2150.0 1950.0 -0.19173
2250.0 1950.0 -0.42165
2350.0 1950.0 -0.74096
2450.0 1950.0 -1.05104
2550.0 1950.0 -1.25272
2650.0 1950.0 -1.28273
2750.0 1950.0 -1.13084
2850.0 1950.0 -0.83751
2950.0 1950.0 -0.47223
3050.0 1950.0 -0.09225
3150.0 1950.0 0.29321
3250.0 1950.0 0.64973
3350.0 1950.0 0.90735
3450.0 1950.0 1.00842
3550.0 1950.0 0.93796
3650.0 1950.0 0.73387
3750.0 1950.0 0.47727
3850.0 1950.0 0.26274
3950.0 1950.0 0.14867
4050.0 1950.0 0.09414
4150.0 1950.0 0.02490
4250.0 1950.0 -0.06622
4350.0 1950.0 -0.16296
4450.0 1950.0 -0.24298
4550.0 1950.0 -0.28881
4650.0 1950.0 -0.29394
4750.0 1950.0 -0.26432
4850.0 1950.0 -0.21494
4950.0 1950.0 -0.16178
5050.0 1950.0 -0.09129
5150.0 1950.0 0.13236
5250.0 1950.0 0.53722
5350.0 1950.0 1.00904
5450.0 1950.0 1.39094
5550.0 1950.0 1.55472
5650.0 1950.0 1.44243
5750.0 1950.0 1.07839
5850.0 1950.0 0.55140
5950.0 1950.0 -0.03266
6050.0 1950.0 -0.61971
6150.0 1950.0 -1.17351
6250.0 1950.0 -1.59685
6350.0 1950.0 -1.79110
50.0 2050.0 0.02088
150.0 2050.0 0.52706
250.0 2050.0 0.86378
350.0 2050.0 0.94775
450.0 2050.0 0.78226
550.0 2050.0 0.44184
650.0 2050.0 0.04918
750.0 2050.0 -0.25580
850.0 2050.0 -0.35463
950.0 2050.0 -0.19685
1050.0 2050.0 0.14595
1150.0 2050.0 0.51578
1250.0 2050.0 0.84855
1350.0 2050.0 1.07644
1450.0 2050.0 1.14296
1550.0 2050.0 1.03311
1650.0 2050.0 0.78449
1750.0 2050.0 0.47947
1850.0 2050.0 0.21830
1950.0 2050.0 0.07331
2050.0 2050.0 0.02420
2150.0 2050.0 -0.06895
2250.0 2050.0 -0.28195
2350.0 2050.0 -0.57077
2450.0 2050.0 -0.83984
2550.0 2050.0 -0.99603
2650.0 2050.0 -0.98330
2750.0 2050.0 -0.79788
2850.0 2050.0 -0.48421
2950.0 2050.0 -0.11142
3050.0 2050.0 0.26909
3150.0 2050.0 0.64206
3250.0 2050.0 0.95739
3350.0 2050.0 1.14284
3450.0 2050.0 1.14913
3550.0 2050.0 0.97590
3650.0 2050.0 0.67773
3750.0 2050.0 0.35016
3850.0 2050.0 0.09577
3950.0 2050.0 -0.02970
4050.0 2050.0 -0.08265
4150.0 2050.0 -0.13887
4250.0 2050.0 -0.19582
4350.0 2050.0 -0.23710
4450.0 2050.0 -0.24730
4550.0 2050.0 -0.21975
4650.0 2050.0 -0.15967
4750.0 2050.0 -0.08255
4850.0 2050.0 -0.00793
4950.0 2050.0 0.05155
5050.0 2050.0 0.12165
5150.0 2050.0 0.34362
5250.0 2050.0 0.74438
5350.0 2050.0 1.20923
5450.0 2050.0 1.58162
5550.0 2050.0 1.73439
5650.0 2050.0 1.61111
5750.0 2050.0 1.23764
5850.0 2050.0 0.70383
5950.0 2050.0 0.11541
6050.0 2050.0 -0.47490
6150.0 2050.0 -1.02932
6250.0 2050.0 -1.44862
6350.0 2050.0 -1.63360
50.0 2150.0 0.06864
150.0 2150.0 0.55889
250.0 2150.0 0.89783
350.0 2150.0 1.00986
450.0 2150.0 0.89643
550.0 2150.0 0.62323
650.0 2150.0 0.30003
750.0 2150.0 0.05304
850.0 2150.0 -0.01005
950.0 2150.0 0.15757
1050.0 2150.0 0.49222
1150.0 2150.0 0.84793
1250.0 2150.0 1.15565
1350.0 2150.0 1.34570
1450.0 2150.0 1.36492
1550.0 2150.0 1.20448
1650.0 2150.0 0.90889
1750.0 2150.0 0.56638
1850.0 2150.0 0.28048
1950.0 2150.0 0.12293
2050.0 2150.0 0.06813
2150.0 2150.0 -0.02302
2250.0 2150.0 -0.21515
2350.0 2150.0 -0.46259
2450.0 2150.0 -0.67594
2550.0 2150.0 -0.77239
2650.0 2150.0 -0.70707
2750.0 2150.0 -0.48539
2850.0 2150.0 -0.15648
2950.0 2150.0 0.21243
3050.0 2150.0 0.57922
3150.0 2150.0 0.92377
3250.0 2150.0 1.18044
3350.0 2150.0 1.27782
3450.0 2150.0 1.17855
3550.0 2150.0 0.89911
3650.0 2150.0 0.51064
3750.0 2150.0 0.12072
3850.0 2150.0 -0.16375
3950.0 2150.0 -0.29273
4050.0 2150.0 -0.33753
4150.0 2150.0 -0.36939
4250.0 2150.0 -0.37240
4350.0 2150.0 -0.33119
4450.0 2150.0 -0.24116
4550.0 2150.0 -0.11128
4650.0 2150.0 0.03730
4750.0 2150.0 0.17687
4850.0 2150.0 0.28304
4950.0 2150.0 0.34880
5050.0 2150.0 0.41593
5150.0 2150.0 0.62871
5250.0 2150.0 1.01091
5350.0 2150.0 1.44936
5450.0 2150.0 1.79178
5550.0 2150.0 1.91617
5650.0 2150.0 1.77072
5750.0 2150.0 1.38414
5850.0 2150.0 0.84664
5950.0 2150.0 0.26121
6050.0 2150.0 -0.32335
6150.0 2150.0 -0.86562
6250.0 2150.0 -1.26471
6350.0 2150.0 -1.42402
50.0 2250.0 0.05295
150.0 2250.0 0.47692
250.0 2250.0 0.78712
350.0 2250.0 0.92579
450.0 2250.0 0.89294
550.0 2250.0 0.73736
650.0 2250.0 0.54175
750.0 2250.0 0.40196
850.0 2250.0 0.40035
950.0 2250.0 0.57339
1050.0 2250.0 0.87335
1150.0 2250.0 1.18389
1250.0 2250.0 1.43319
1350.0 2250.0 1.55143
1450.0 2250.0 1.49182
1550.0 2250.0 1.25424
1650.0 2250.0 0.89109
1750.0 2250.0 0.49557
1850.0 2250.0 0.17210
1950.0 2250.0 -0.01083
2050.0 2250.0 -0.08512
2150.0 2250.0 -0.18109
2250.0 2250.0 -0.34123
2350.0 2250.0 -0.51897
2450.0 2250.0 -0.63941
2550.0 2250.0 -0.64105
2650.0 2250.0 -0.50020
2750.0 2250.0 -0.23783
2850.0 2250.0 0.09099
2950.0 2250.0 0.42514
3050.0 2250.0 0.74055
3150.0 2250.0 1.01540
3250.0 2250.0 1.17039
3350.0 2250.0 1.14391
3450.0 2250.0 0.91997
3550.0 2250.0 0.53682
3650.0 2250.0 0.08029
3750.0 2250.0 -0.33806
3850.0 2250.0 -0.61824
3950.0 2250.0 -0.72429
4050.0 2250.0 -0.73968
4150.0 2250.0 -0.71714
4250.0 2250.0 -0.62175
4350.0 2250.0 -0.44329
4450.0 2250.0 -0.19659
4550.0 2250.0 0.08473
4650.0 2250.0 0.35703
4750.0 2250.0 0.57797
4850.0 2250.0 0.72027
4950.0 2250.0 0.78804
5050.0 2250.0 0.84478
5150.0 2250.0 1.03409
5250.0 2250.0 1.37425
5350.0 2250.0 1.75727
5450.0 2250.0 2.04115
5550.0 2250.0 2.11486
5650.0 2250.0 1.93491
5750.0 2250.0 1.53372
5850.0 2250.0 0.99974
5950.0 2250.0 0.42926
6050.0 2250.0 -0.13523
6150.0 2250.0 -0.64358
6250.0 2250.0 -0.99340
6350.0 2250.0 -1.09660
50.0 2350.0 -0.02383
150.0 2350.0 0.27478
250.0 2350.0 0.51537
350.0 2350.0 0.66832
450.0 2350.0 0.73342
550.0 2350.0 0.73545
650.0 2350.0 0.71659
750.0 2350.0 0.72591
850.0 2350.0 0.80567
950.0 2350.0 0.97472
1050.0 2350.0 1.20872
1150.0 2350.0 1.44009
1250.0 2350.0 1.60094
1350.0 2350.0 1.62494
1450.0 2350.0 1.47375
1550.0 2350.0 1.15539
1650.0 2350.0 0.72701
1750.0 2350.0 0.28159
1850.0 2350.0 -0.08099
1950.0 2350.0 -0.29889
2050.0 2350.0 -0.40817
2150.0 2350.0 -0.51825
2250.0 2350.0 -0.63877
2350.0 2350.0 -0.72379
2450.0 2350.0 -0.72147
2550.0 2350.0 -0.60242
2650.0 2350.0 -0.37332
2750.0 2350.0 -0.07595
2850.0 2350.0 0.22853
2950.0 2350.0 0.48994
3050.0 2350.0 0.71035
3150.0 2350.0 0.87086
3250.0 2350.0 0.88422
3350.0 2350.0 0.70966
3450.0 2350.0 0.36149
3550.0 2350.0 -0.09802
3650.0 2350.0 -0.57436
3750.0 2350.0 -0.96484
3850.0 2350.0 -1.19124
3950.0 2350.0 -1.24079
4050.0 2350.0 -1.20247
4150.0 2350.0 -1.09746
4250.0 2350.0 -0.87089
4350.0 2350.0 -0.52270
4450.0 2350.0 -0.09336
4550.0 2350.0 0.35455
4650.0 2350.0 0.75403
4750.0 2350.0 1.05081
4850.0 2350.0 1.21977
4950.0 2350.0 1.28074
5050.0 2350.0 1.31873
5150.0 2350.0 1.47070
5250.0 2350.0 1.74836
5350.0 2350.0 2.05290
5450.0 2350.0 2.25827
5550.0 2350.0 2.26901
5650.0 2350.0 2.05210
5750.0 2350.0 1.64290
5850.0 2350.0 1.12501
5950.0 2350.0 0.58424
6050.0 2350.0 0.05599
6150.0 2350.0 -0.39582
6250.0 2350.0 -0.66867
6350.0 2350.0 -0.68951
50.0 2450.0 -0.13276
150.0 2450.0 -0.00663
250.0 2450.0 0.12621
350.0 2450.0 0.27040
450.0 2450.0 0.42741
550.0 2450.0 0.59521
650.0 2450.0 0.76869
750.0 2450.0 0.94092
850.0 2450.0 1.10515
950.0 2450.0 1.25749
1050.0 2450.0 1.40050
1150.0 2450.0 1.52857
1250.0 2450.0 1.58830
1350.0 2450.0 1.52179
1450.0 2450.0 1.29882
1550.0 2450.0 0.93087
1650.0 2450.0 0.47184
1750.0 2450.0 0.00542
1850.0 2450.0 -0.38082
1950.0 2450.0 -0.63458
2050.0 2450.0 -0.79035
2150.0 2450.0 -0.92354
2250.0 2450.0 -1.00510
2350.0 2450.0 -0.99163
2450.0 2450.0 -0.85985
2550.0 2450.0 -0.61836
2650.0 2450.0 -0.30844
2750.0 2450.0 0.00593
2850.0 2450.0 0.25903
2950.0 2450.0 0.41525
3050.0 2450.0 0.50667
3150.0 2450.0 0.52190
3250.0 2450.0 0.37488
3350.0 2450.0 0.05489
3450.0 2450.0 -0.38888
3550.0 2450.0 -0.87272
3650.0 2450.0 -1.30310
3750.0 2450.0 -1.60046
3850.0 2450.0 -1.72231
3950.0 2450.0 -1.68547
4050.0 2450.0 -1.57492
4150.0 2450.0 -1.37387
4250.0 2450.0 -1.01397
4350.0 2450.0 -0.50949
4450.0 2450.0 0.07341
4550.0 2450.0 0.64743
4650.0 2450.0 1.12995
4750.0 2450.0 1.46389
4850.0 2450.0 1.63365
4950.0 2450.0 1.67610
5050.0 2450.0 1.68910
5150.0 2450.0 1.79627
5250.0 2450.0 2.00385
5350.0 2450.0 2.22523
5450.0 2450.0 2.35291
5550.0 2450.0 2.30803
5650.0 2450.0 2.06704
5750.0 2450.0 1.66546
5850.0 2450.0 1.17875
5950.0 2450.0 0.68030
6050.0 2450.0 0.20046
6150.0 2450.0 -0.18043
6250.0 2450.0 -0.36214
6350.0 2450.0 -0.29136
50.0 2550.0 -0.23510
150.0 2550.0 -0.30324
250.0 2550.0 -0.30300
350.0 2550.0 -0.19528
450.0 2550.0 0.02508
550.0 2550.0 0.33174
650.0 2550.0 0.67423
750.0 2550.0 0.99041
850.0 2550.0 1.22401
950.0 2550.0 1.34704
1050.0 2550.0 1.38733
1150.0 2550.0 1.40480
1250.0 2550.0 1.37219
1350.0 2550.0 1.24479
1450.0 2550.0 0.99801
1550.0 2550.0 0.63894
1650.0 2550.0 0.20763
1750.0 2550.0 -0.23233
1850.0 2550.0 -0.61349
1950.0 2550.0 -0.89481
2050.0 2550.0 -1.10123
2150.0 2550.0 -1.26374
2250.0 2550.0 -1.31535
2350.0 2550.0 -1.21704
2450.0 2550.0 -0.97481
2550.0 2550.0 -0.63450
2650.0 2550.0 -0.26992
2750.0 2550.0 0.03570
2850.0 2550.0 0.21497
2950.0 2550.0 0.24818
3050.0 2550.0 0.19590
3150.0 2550.0 0.05759
3250.0 2550.0 -0.24155
3350.0 2550.0 -0.67731
3450.0 2550.0 -1.16687
3550.0 2550.0 -1.61192
3650.0 2550.0 -1.93059
3750.0 2550.0 -2.07830
3850.0 2550.0 -2.05754
3950.0 2550.0 -1.91642
4050.0 2550.0 -1.72617
4150.0 2550.0 -1.43425
4250.0 2550.0 -0.97106
4350.0 2550.0 -0.36736
4450.0 2550.0 0.29123
4550.0 2550.0 0.90470
4650.0 2550.0 1.38920
4750.0 2550.0 1.69807
4850.0 2550.0 1.83298
4950.0 2550.0 1.84544
5050.0 2550.0 1.83110
5150.0 2550.0 1.89465
5250.0 2550.0 2.04001
5350.0 2550.0 2.19374
5450.0 2550.0 2.26575
5550.0 2550.0 2.19087
5650.0 2550.0 1.95095
5750.0 2550.0 1.57763
5850.0 2550.0 1.13558
5950.0 2550.0 0.68642
6050.0 2550.0 0.25967
6150.0 2550.0 -0.04840
6250.0 2550.0 -0.14266
6350.0 2550.0 0.00887
50.0 2650.0 -0.29542
150.0 2650.0 -0.54858
250.0 2650.0 -0.68546
350.0 2650.0 -0.63812
450.0 2650.0 -0.39609
550.0 2650.0 -0.00326
650.0 2650.0 0.45429
750.0 2650.0 0.86947
850.0 2650.0 1.14432
950.0 2650.0 1.22933
1050.0 2650.0 1.17155
1150.0 2650.0 1.08962
1250.0 2650.0 0.99148
1350.0 2650.0 0.84898
1450.0 2650.0 0.63910
1550.0 2650.0 0.35620
1650.0 2650.0 0.01635
1750.0 2650.0 -0.34595
1850.0 2650.0 -0.68909
1950.0 2650.0 -0.98326
2050.0 2650.0 -1.23621
2150.0 2650.0 -1.42968
2250.0 2650.0 -1.46572
2350.0 2650.0 -1.31085
2450.0 2650.0 -0.99630
2550.0 2650.0 -0.59823
2650.0 2650.0 -0.21539
2750.0 2650.0 0.05601
2850.0 2650.0 0.15014
2950.0 2650.0 0.06206
3050.0 2650.0 -0.12560
3150.0 2650.0 -0.40127
3250.0 2650.0 -0.82068
3350.0 2650.0 -1.32537
3450.0 2650.0 -1.80543
3550.0 2650.0 -2.15680
3650.0 2650.0 -2.31780
3750.0 2650.0 -2.28480
3850.0 2650.0 -2.10705
3950.0 2650.0 -1.86077
4050.0 2650.0 -1.59628
4150.0 2650.0 -1.23521
4250.0 2650.0 -0.72082
4350.0 2650.0 -0.10001
4450.0 2650.0 0.53270
4550.0 2650.0 1.08033
4650.0 2650.0 1.47447
4750.0 2650.0 1.69200
4850.0 2650.0 1.75766
4950.0 2650.0 1.73233
5050.0 2650.0 1.69278
5150.0 2650.0 1.72192
5250.0 2650.0 1.82541
5350.0 2650.0 1.94187
5450.0 2650.0 1.99415
5550.0 2650.0 1.92481
5650.0 2650.0 1.71539
5750.0 2650.0 1.38959
5850.0 2650.0 1.00014
5950.0 2650.0 0.59965
6050.0 2650.0 0.22202
6150.0 2650.0 -0.02394
6250.0 2650.0 -0.05061
6350.0 2650.0 0.15467
50.0 2750.0 -0.29078
150.0 2750.0 -0.69091
250.0 2750.0 -0.94717
350.0 2750.0 -0.97262
450.0 2750.0 -0.75087
550.0 2750.0 -0.33424
650.0 2750.0 0.17026
750.0 2750.0 0.62714
850.0 2750.0 0.91073
950.0 2750.0 0.95574
1050.0 2750.0 0.81985
1150.0 2750.0 0.66506
1250.0 2750.0 0.53817
1350.0 2750.0 0.42834
1450.0 2750.0 0.30991
1550.0 2750.0 0.15808
1650.0 2750.0 -0.04122
1750.0 2750.0 -0.28714
1850.0 2750.0 -0.56547
1950.0 2750.0 -0.85590
2050.0 2750.0 -1.14405
2150.0 2750.0 -1.36495
2250.0 2750.0 -1.40071
2350.0 2750.0 -1.22360
2450.0 2750.0 -0.88234
2550.0 2750.0 -0.47235
2650.0 2750.0 -0.10657
2750.0 2750.0 0.11348
2850.0 2750.0 0.12620
2950.0 2750.0 -0.06205
3050.0 2750.0 -0.35580
3150.0 2750.0 -0.73283
3250.0 2750.0 -1.22658
3350.0 2750.0 -1.75066
3450.0 2750.0 -2.17784
3550.0 2750.0 -2.40652
3650.0 2750.0 -2.39874
3750.0 2750.0 -2.18984
3850.0 2750.0 -1.86956
3950.0 2750.0 -1.53490
4050.0 2750.0 -1.21313
4150.0 2750.0 -0.81467
4250.0 2750.0 -0.30724
4350.0 2750.0 0.24905
4450.0 2750.0 0.76224
4550.0 2750.0 1.15315
4650.0 2750.0 1.38231
4750.0 2750.0 1.45914
4850.0 2750.0 1.43337
4950.0 2750.0 1.36869
5050.0 2750.0 1.30994
5150.0 2750.0 1.31916
5250.0 2750.0 1.40750
5350.0 2750.0 1.52264
5450.0 2750.0 1.59392
5550.0 2750.0 1.56455
5650.0 2750.0 1.41013
5750.0 2750.0 1.14359
5850.0 2750.0 0.80644
5950.0 2750.0 0.44646
6050.0 2750.0 0.10637
6150.0 2750.0 -0.09769
6250.0 2750.0 -0.08684
6350.0 2750.0 0.13720
50.0 2850.0 -0.21621
150.0 2850.0 -0.70682
250.0 2850.0 -1.04728
350.0 2850.0 -1.14289
450.0 2850.0 -0.97187
550.0 2850.0 -0.58616
650.0 2850.0 -0.09811
750.0 2850.0 0.34676
850.0 2850.0 0.61120
950.0 2850.0 0.62160
1050.0 2850.0 0.43739
1150.0 2850.0 0.24433
1250.0 2850.0 0.12527
1350.0 2850.0 0.08455
1450.0 2850.0 0.09062
1550.0 2850.0 0.09701
1650.0 2850.0 0.05881
1750.0 2850.0 -0.05537
1850.0 2850.0 -0.25580
1950.0 2850.0 -0.52863
2050.0 2850.0 -0.83656
2150.0 2850.0 -1.07709
2250.0 2850.0 -1.12454
2350.0 2850.0 -0.95598
2450.0 2850.0 -0.62841
2550.0 2850.0 -0.24439
2650.0 2850.0 0.07995
2750.0 2850.0 0.24473
2850.0 2850.0 0.19385
2950.0 2850.0 -0.05976
3050.0 2850.0 -0.41737
3150.0 2850.0 -0.84982
3250.0 2850.0 -1.37065
3350.0 2850.0 -1.87567
3450.0 2850.0 -2.23073
3550.0 2850.0 -2.34186
3650.0 2850.0 -2.19241
3750.0 2850.0 -1.84725
3850.0 2850.0 -1.42391
3950.0 2850.0 -1.03078
4050.0 2850.0 -0.67553
4150.0 2850.0 -0.27269
4250.0 2850.0 0.17976
4350.0 2850.0 0.61315
4450.0 2850.0 0.94736
4550.0 2850.0 1.13053
4650.0 2850.0 1.15881
4750.0 2850.0 1.07638
4850.0 2850.0 0.95547
4950.0 2850.0 0.85661
5050.0 2850.0 0.78696
5150.0 2850.0 0.79201
5250.0 2850.0 0.89086
5350.0 2850.0 1.03619
5450.0 2850.0 1.15722
5550.0 2850.0 1.19151
5650.0 2850.0 1.10476
5750.0 2850.0 0.89838
5850.0 2850.0 0.60503
5950.0 2850.0 0.27205
6050.0 2850.0 -0.04647
6150.0 2850.0 -0.23280
6250.0 2850.0 -0.21643
6350.0 2850.0 -0.00685
50.0 2950.0 -0.08635
150.0 2950.0 -0.61141
250.0 2950.0 -0.99642
350.0 2950.0 -1.14838
450.0 2950.0 -1.04140
550.0 2950.0 -0.72073
650.0 2950.0 -0.29200
750.0 2950.0 0.10425
850.0 2950.0 0.33271
950.0 2950.0 0.31824
1050.0 2950.0 0.11538
1150.0 2950.0 -0.08417
1250.0 2950.0 -0.16872
1350.0 2950.0 -0.12251
1450.0 2950.0 0.01539
1550.0 2950.0 0.17801
1650.0 2950.0 0.29348
1750.0 2950.0 0.30389
1850.0 2950.0 0.18017
1950.0 2950.0 -0.06705
2050.0 2950.0 -0.38019
2150.0 2950.0 -0.63129
2250.0 2950.0 -0.69658
2350.0 2950.0 -0.55642
2450.0 2950.0 -0.26811
2550.0 2950.0 0.06840
2650.0 2950.0 0.34204
2750.0 2950.0 0.45909
2850.0 2950.0 0.36884
2950.0 2950.0 0.08624
3050.0 2950.0 -0.29402
3150.0 2950.0 -0.74028
3250.0 2950.0 -1.25239
3350.0 2950.0 -1.71887
3450.0 2950.0 -2.00674
3550.0 2950.0 -2.03108
3650.0 2950.0 -1.79005
3750.0 2950.0 -1.36528
3850.0 2950.0 -0.88761
3950.0 2950.0 -0.46833
4050.0 2950.0 -0.10251
4150.0 2950.0 0.27948
4250.0 2950.0 0.64969
4350.0 2950.0 0.93563
4450.0 2950.0 1.07417
4550.0 2950.0 1.04361
4650.0 2950.0 0.87522
4750.0 2950.0 0.64423
4850.0 2950.0 0.44008
4950.0 2950.0 0.31614
5050.0 2950.0 0.24344
5150.0 2950.0 0.25690
5250.0 2950.0 0.38428
5350.0 2950.0 0.57947
5450.0 2950.0 0.76652
5550.0 2950.0 0.87341
5650.0 2950.0 0.85429
5750.0 2950.0 0.70015
5850.0 2950.0 0.43787
5950.0 2950.0 0.11778
6050.0 2950.0 -0.19441
6150.0 2950.0 -0.38387
6250.0 2950.0 -0.38698
6350.0 2950.0 -0.21492
50.0 3050.0 0.06526
150.0 3050.0 -0.46527
250.0 3050.0 -0.87269
350.0 3050.0 -1.06992
450.0 3050.0 -1.02800
550.0 3050.0 -0.78313
650.0 3050.0 -0.42910
750.0 3050.0 -0.09492
850.0 3050.0 0.09230
950.0 3050.0 0.05922
1050.0 3050.0 -0.14722
1150.0 3050.0 -0.33804
1250.0 3050.0 -0.37805
1350.0 3050.0 -0.24247
1450.0 3050.0 0.02195
1550.0 3050.0 0.32981
1650.0 3050.0 0.58589
1750.0 3050.0 0.71007
1850.0 3050.0 0.65832
1950.0 3050.0 0.43961
2050.0 3050.0 0.12917
2150.0 3050.0 -0.12674
2250.0 3050.0 -0.21061
2350.0 3050.0 -0.10518
2450.0 3050.0 0.13549
2550.0 3050.0 0.41841
2650.0 3050.0 0.64097
2750.0 3050.0 0.71737
2850.0 3050.0 0.60191
2950.0 3050.0 0.30943
3050.0 3050.0 -0.07252
3150.0 3050.0 -0.51238
3250.0 3050.0 -1.00055
3350.0 3050.0 -1.42378
3450.0 3050.0 -1.65379
3550.0 3050.0 -1.61445
3650.0 3050.0 -1.31420
3750.0 3050.0 -0.84388
3850.0 3050.0 -0.33973
3950.0 3050.0 0.08822
4050.0 3050.0 0.45297
4150.0 3050.0 0.80334
4250.0 3050.0 1.08345
4350.0 3050.0 1.21960
4450.0 3050.0 1.16700
4550.0 3050.0 0.93360
4650.0 3050.0 0.58332
4750.0 3050.0 0.21863
4850.0 3050.0 -0.05749
4950.0 3050.0 -0.20030
5050.0 3050.0 -0.27190
5150.0 3050.0 -0.24464
5250.0 3050.0 -0.08247
5350.0 3050.0 0.16792
5450.0 3050.0 0.42354
5550.0 3050.0 0.60177
5650.0 3050.0 0.64540
5750.0 3050.0 0.53628
5850.0 3050.0 0.29734
5950.0 3050.0 -0.01681
6050.0 3050.0 -0.32962
6150.0 3050.0 -0.53104
6250.0 3050.0 -0.56316
6350.0 3050.0 -0.43592
50.0 3150.0 0.16153
150.0 3150.0 -0.37244
250.0 3150.0 -0.79789
350.0 3150.0 -1.03408
450.0 3150.0 -1.05071
550.0 3150.0 -0.87701
650.0 3150.0 -0.59634
750.0 3150.0 -0.32655
850.0 3150.0 -0.18587
950.0 3150.0 -0.24450
1050.0 3150.0 -0.46179
1150.0 3150.0 -0.65339
1250.0 3150.0 -0.66446
1350.0 3150.0 -0.45899
1450.0 3150.0 -0.08594
1550.0 3150.0 0.35617
1650.0 3150.0 0.75189
1750.0 3150.0 0.99887
1850.0 3150.0 1.03518
1950.0 3150.0 0.86390
2050.0 3150.0 0.57497
2150.0 3150.0 0.33258
2250.0 3150.0 0.24573
2350.0 3150.0 0.32566
2450.0 3150.0 0.51903
2550.0 3150.0 0.73954
2650.0 3150.0 0.89565
2750.0 3150.0 0.91411
2850.0 3150.0 0.75954
2950.0 3150.0 0.44991
3050.0 3150.0 0.06369
3150.0 3150.0 -0.36771
3250.0 3150.0 -0.82002
3350.0 3150.0 -1.17735
3450.0 3150.0 -1.31892
3550.0 3150.0 -1.18238
3650.0 3150.0 -0.79223
3750.0 3150.0 -0.25355
3850.0 3150.0 0.28918
3950.0 3150.0 0.72804
4050.0 3150.0 1.08938
4150.0 3150.0 1.40128
4250.0 3150.0 1.57706
4350.0 3150.0 1.54318
4450.0 3150.0 1.27697
4550.0 3150.0 0.82038
4650.0 3150.0 0.27356
4750.0 3150.0 -0.23179
4850.0 3150.0 -0.57936
4950.0 3150.0 -0.73529
5050.0 3150.0 -0.79944
5150.0 3150.0 -0.76063
5250.0 3150.0 -0.57892
5350.0 3150.0 -0.29914
5450.0 3150.0 -0.00509
5550.0 3150.0 0.21724
5650.0 3150.0 0.30558
5750.0 3150.0 0.23632
5850.0 3150.0 0.02852
5950.0 3150.0 -0.26289
6050.0 3150.0 -0.55644
6150.0 3150.0 -0.74534
6250.0 3150.0 -0.77666
6350.0 3150.0 -0.66169
50.0 3250.0 0.13944
150.0 3250.0 -0.39708
250.0 3250.0 -0.83157
350.0 3250.0 -1.08912
450.0 3250.0 -1.14248
550.0 3250.0 -1.01981
650.0 3250.0 -0.79932
750.0 3250.0 -0.59076
850.0 3250.0 -0.50370
950.0 3250.0 -0.60272
1050.0 3250.0 -0.84940
1150.0 3250.0 -1.06666
1250.0 3250.0 -1.09033
1350.0 3250.0 -0.86857
1450.0 3250.0 -0.43933
1550.0 3250.0 0.09945
1650.0 3250.0 0.62092
1750.0 3250.0 1.00193
1850.0 3250.0 1.15689
1950.0 3250.0 1.07317
2050.0 3250.0 0.84732
2150.0 3250.0 0.66023
2250.0 3250.0 0.60880
2350.0 3250.0 0.69019
2450.0 3250.0 0.84483
2550.0 3250.0 0.99108
2650.0 3250.0 1.05256
2750.0 3250.0 0.97803
2850.0 3250.0 0.75382
2950.0 3250.0 0.40885
3050.0 3250.0 0.00941
3150.0 3250.0 -0.41456
3250.0 3250.0 -0.81504
3350.0 3250.0 -1.07127
3450.0 3250.0 -1.07407
3550.0 3250.0 -0.78314
3650.0 3250.0 -0.24920
3750.0 3250.0 0.39903
3850.0 3250.0 1.00297
3950.0 3250.0 1.45756
4050.0 3250.0 1.81203
4150.0 3250.0 2.07636
4250.0 3250.0 2.13037
4350.0 3250.0 1.90374
4450.0 3250.0 1.40145
4550.0 3250.0 0.70492
4650.0 3250.0 -0.04595
4750.0 3250.0 -0.68944
4850.0 3250.0 -1.09777
4950.0 3250.0 -1.25167
5050.0 3250.0 -1.29441
5150.0 3250.0 -1.24976
5250.0 3250.0 -1.08384
5350.0 3250.0 -0.83375
5450.0 3250.0 -0.56978
5550.0 3250.0 -0.36459
5650.0 3250.0 -0.27136
5750.0 3250.0 -0.31103
5850.0 3250.0 -0.46846
5950.0 3250.0 -0.69766
6050.0 3250.0 -0.92602
6150.0 3250.0 -1.04847
6250.0 3250.0 -1.01709
6350.0 3250.0 -0.85039
50.0 3350.0 0.00701
150.0 3350.0 -0.53042
250.0 3350.0 -0.96033
350.0 3350.0 -1.21203
450.0 3350.0 -1.26655
550.0 3350.0 -1.15911
650.0 3350.0 -0.97069
750.0 3350.0 -0.80843
850.0 3350.0 -0.77508
950.0 3350.0 -0.92730
1050.0 3350.0 -1.22304
1150.0 3350.0 -1.49457
1250.0 3350.0 -1.58349
1350.0 3350.0 -1.41864
1450.0 3350.0 -1.01129
1550.0 3350.0 -0.44087
1650.0 3350.0 0.16787
1750.0 3350.0 0.67613
1850.0 3350.0 0.97095
1950.0 3350.0 1.01351
2050.0 3350.0 0.89535
2150.0 3350.0 0.81004
2250.0 3350.0 0.84019
2350.0 3350.0 0.96070
2450.0 3350.0 1.09741
2550.0 3350.0 1.16936
2650.0 3350.0 1.11780
2750.0 3350.0 0.92178
2850.0 3350.0 0.60055
2950.0 3350.0 0.20252
3050.0 3350.0 -0.21985
3150.0 3350.0 -0.64233
3250.0 3350.0 -0.98911
3350.0 3350.0 -1.13305
3450.0 3350.0 -0.97792
3550.0 3350.0 -0.50907
3650.0 3350.0 0.19176
3750.0 3350.0 0.96736
3850.0 3350.0 1.64173
3950.0 3350.0 2.11258
4050.0 3350.0 2.45682
4150.0 3350.0 2.67221
4250.0 3350.0 2.60945
4350.0 3350.0 2.20496
4450.0 3350.0 1.49262
4550.0 3350.0 0.59132
4650.0 3350.0 -0.32393
4750.0 3350.0 -1.06772
4850.0 3350.0 -1.50638
4950.0 3350.0 -1.63688
5050.0 3350.0 -1.64304
5150.0 3350.0 -1.59860
5250.0 3350.0 -1.48637
5350.0 3350.0 -1.32939
5450.0 3350.0 -1.16899
5550.0 3350.0 -1.04653
5650.0 3350.0 -0.99090
5750.0 3350.0 -1.01164
5850.0 3350.0 -1.09769
5950.0 3350.0 -1.22190
6050.0 3350.0 -1.33603
6150.0 3350.0 -1.33897
6250.0 3350.0 -1.18995
6350.0 3350.0 -0.92059
50.0 3450.0 -0.18438
150.0 3450.0 -0.72067
250.0 3450.0 -1.13121
350.0 3450.0 -1.34692
450.0 3450.0 -1.36163
550.0 3450.0 -1.22573
650.0 3450.0 -1.03154
750.0 3450.0 -0.89040
850.0 3450.0 -0.90145
950.0 3450.0 -1.11221
1050.0 3450.0 -1.47090
1150.0 3450.0 -1.81984
1250.0 3450.0 -2.02224
1350.0 3450.0 -1.98688
1450.0 3450.0 -1.68523
1550.0 3450.0 -1.16113
1650.0 3450.0 -0.52255
1750.0 3450.0 0.08451
1850.0 3450.0 0.51996
1950.0 3450.0 0.71144
2050.0 3450.0 0.73324
2150.0 3450.0 0.78536
2250.0 3450.0 0.93670
2350.0 3450.0 1.13453
2450.0 3450.0 1.28288
2550.0 3450.0 1.29644
2650.0 3450.0 1.13327
2750.0 3450.0 0.80655
2850.0 3450.0 0.37522
2950.0 3450.0 -0.08640
3050.0 3450.0 -0.53889
3150.0 3450.0 -0.97022
3250.0 3450.0 -1.28107
3350.0 3450.0 -1.33788
3450.0 3450.0 -1.05462
3550.0 3450.0 -0.43820
3650.0 3450.0 0.40272
3750.0 3450.0 1.28559
3850.0 3450.0 2.01824
3950.0 3450.0 2.49990
4050.0 3450.0 2.83190
4150.0 3450.0 3.00787
4250.0 3450.0 2.86162
4350.0 3450.0 2.33929
4450.0 3450.0 1.49844
4550.0 3450.0 0.48444
4650.0 3450.0 -0.50678
4750.0 3450.0 -1.27952
4850.0 3450.0 -1.70271
4950.0 3450.0 -1.78797
5050.0 3450.0 -1.74629
5150.0 3450.0 -1.70634
5250.0 3450.0 -1.67522
5350.0 3450.0 -1.65728
5450.0 3450.0 -1.65357
5550.0 3450.0 -1.66116
5650.0 3450.0 -1.67359
5750.0 3450.0 -1.68269
5850.0 3450.0 -1.68165
5950.0 3450.0 -1.66938
6050.0 3450.0 -1.63413
6150.0 3450.0 -1.48513
6250.0 3450.0 -1.19319
6350.0 3450.0 -0.80650
50.0 3550.0 -0.36668
150.0 3550.0 -0.89997
250.0 3550.0 -1.27923
350.0 3550.0 -1.43413
450.0 3550.0 -1.37392
550.0 3550.0 -1.16995
650.0 3550.0 -0.93279
750.0 3550.0 -0.78411
850.0 3550.0 -0.82334
950.0 3550.0 -1.08899
1050.0 3550.0 -1.51493
1150.0 3550.0 -1.95249
1250.0 3550.0 -2.29886
1350.0 3550.0 -2.44497
1450.0 3550.0 -2.31551
1550.0 3550.0 -1.90729
1650.0 3550.0 -1.29952
1750.0 3550.0 -0.63615
1850.0 3550.0 -0.08012
1950.0 3550.0 0.26045
2050.0 3550.0 0.43313
2150.0 3550.0 0.63763
2250.0 3550.0 0.93228
2350.0 3550.0 1.23564
2450.0 3550.0 1.42591
2550.0 3550.0 1.40864
2650.0 3550.0 1.15493
2750.0 3550.0 0.71027
2850.0 3550.0 0.17381
2950.0 3550.0 -0.35180
3050.0 3550.0 -0.83709
3150.0 3550.0 -1.28919
3250.0 3550.0 -1.59679
3350.0 3550.0 -1.62136
3450.0 3550.0 -1.28090
3550.0 3550.0 -0.59325
3650.0 3550.0 0.31806
3750.0 3550.0 1.25535
3850.0 3550.0 2.01590
3950.0 3550.0 2.49840
4050.0 3550.0 2.81809
4150.0 3550.0 2.97255
4250.0 3550.0 2.79543
4350.0 3550.0 2.24419
4450.0 3550.0 1.38998
4550.0 3550.0 0.38731
4650.0 3550.0 -0.56661
4750.0 3550.0 -1.28281
4850.0 3550.0 -1.64189
4950.0 3550.0 -1.66560
5050.0 3550.0 -1.57190
5150.0 3550.0 -1.53774
5250.0 3550.0 -1.59703
5350.0 3550.0 -1.73372
5450.0 3550.0 -1.90472
5550.0 3550.0 -2.05822
5650.0 3550.0 -2.14865
5750.0 3550.0 -2.14799
5850.0 3550.0 -2.05379
5950.0 3550.0 -1.89359
6050.0 3550.0 -1.69751
6150.0 3550.0 -1.39391
6250.0 3550.0 -0.97057
6350.0 3550.0 -0.49251
50.0 3650.0 -0.47660
150.0 3650.0 -1.00572
250.0 3650.0 -1.34826
350.0 3650.0 -1.43030
450.0 3650.0 -1.27650
550.0 3650.0 -0.98093
650.0 3650.0 -0.67557
750.0 3650.0 -0.49614
850.0 3650.0 -0.54555
950.0 3650.0 -0.85481
1050.0 3650.0 -1.34164
1150.0 3650.0 -1.86405
1250.0 3650.0 -2.35830
1350.0 3650.0 -2.70196
1450.0 3650.0 -2.77403
1550.0 3650.0 -2.52179
1650.0 3650.0 -1.99011
1750.0 3650.0 -1.31356
1850.0 3650.0 -0.67104
1950.0 3650.0 -0.20311
2050.0 3650.0 0.10732
2150.0 3650.0 0.45446
2250.0 3650.0 0.89075
2350.0 3650.0 1.30954
2450.0 3650.0 1.56343
2550.0 3650.0 1.54579
2650.0 3650.0 1.23524
2750.0 3650.0 0.70285
2850.0 3650.0 0.08220
2950.0 3650.0 -0.49783
3050.0 3650.0 -1.01338
3150.0 3650.0 -1.49607
3250.0 3650.0 -1.83756
3350.0 3650.0 -1.89687
3450.0 3650.0 -1.58842
3550.0 3650.0 -0.92715
3650.0 3650.0 -0.03555
3750.0 3650.0 0.88773
3850.0 3650.0 1.63741
3950.0 3650.0 2.10945
4050.0 3650.0 2.41863
4150.0 3650.0 2.57213
4250.0 3650.0 2.41947
4350.0 3650.0 1.92916
4450.0 3650.0 1.17407
4550.0 3650.0 0.29987
4650.0 3650.0 -0.51400
4750.0 3650.0 -1.10059
4850.0 3650.0 -1.35899
4950.0 3650.0 -1.31522
5050.0 3650.0 -1.17346
5150.0 3650.0 -1.14310
5250.0 3650.0 -1.28164
5350.0 3650.0 -1.55440
5450.0 3650.0 -1.87846
5550.0 3650.0 -2.15833
5650.0 3650.0 -2.31370
5750.0 3650.0 -2.29934
5850.0 3650.0 -2.11719
5950.0 3650.0 -1.82059
6050.0 3650.0 -1.47872
6150.0 3650.0 -1.04758
6250.0 3650.0 -0.53661
6350.0 3650.0 -0.02464
50.0 3750.0 -0.47170
150.0 3750.0 -0.99662
250.0 3750.0 -1.30532
350.0 3750.0 -1.31943
450.0 3750.0 -1.07614
550.0 3750.0 -0.68942
650.0 3750.0 -0.31092
750.0 3750.0 -0.09041
850.0 3750.0 -0.13587
950.0 3750.0 -0.47316
1050.0 3750.0 -1.00555
1150.0 3750.0 -1.59477
1250.0 3750.0 -2.21224
1350.0 3750.0 -2.72745
1450.0 3750.0 -2.98288
1550.0 3750.0 -2.88375
1650.0 3750.0 -2.44334
1750.0 3750.0 -1.78381
1850.0 3750.0 -1.09269
1950.0 3750.0 -0.53479
2050.0 3750.0 -0.12041
2150.0 3750.0 0.33725
2250.0 3750.0 0.88955
2350.0 3750.0 1.41169
2450.0 3750.0 1.73521
2550.0 3750.0 1.74107
2650.0 3750.0 1.40978
2750.0 3750.0 0.82834
2850.0 3750.0 0.15432
2950.0 3750.0 -0.46329
3050.0 3750.0 -1.00199
3150.0 3750.0 -1.51984
3250.0 3750.0 -1.92529
3350.0 3750.0 -2.07770
3450.0 3750.0 -1.88119
3550.0 3750.0 -1.33515
3650.0 3750.0 -0.54595
3750.0 3750.0 0.30032
3850.0 3750.0 1.00391
3950.0 3750.0 1.45634
4050.0 3750.0 1.75821
4150.0 3750.0 1.92757
4250.0 3750.0 1.84007
4350.0 3750.0 1.47316
4450.0 3750.0 0.89159
4550.0 3750.0 0.21906
4650.0 3750.0 -0.39523
4750.0 3750.0 -0.81493
4850.0 3750.0 -0.96005
4950.0 3750.0 -0.85540
5050.0 3750.0 -0.67669
5150.0 3750.0 -0.64540
5250.0 3750.0 -0.83448
5350.0 3750.0 -1.19532
5450.0 3750.0 -1.61679
5550.0 3750.0 -1.97316
5650.0 3750.0 -2.16087
5750.0 3750.0 -2.12408
5850.0 3750.0 -1.86913
5950.0 3750.0 -1.46771
6050.0 3750.0 -1.01768
6150.0 3750.0 -0.50814
6250.0 3750.0 0.02726
6350.0 3750.0 0.50129
50.0 3850.0 -0.34126
150.0 3850.0 -0.86306
250.0 3850.0 -1.14829
350.0 3850.0 -1.11483
450.0 3850.0 -0.80762
550.0 3850.0 -0.35380
650.0 3850.0 0.08136
750.0 3850.0 0.33769
850.0 3850.0 0.30265
950.0 3850.0 -0.04709
1050.0 3850.0 -0.60499
1150.0 3850.0 -1.23377
1250.0 3850.0 -1.92819
1350.0 3850.0 -2.55443
1450.0 3850.0 -2.93298
1550.0 3850.0 -2.94237
1650.0 3850.0 -2.57444
1750.0 3850.0 -1.94111
1850.0 3850.0 -1.23267
1950.0 3850.0 -0.62758
2050.0 3850.0 -0.15427
2150.0 3850.0 0.36841
2250.0 3850.0 0.99434
2350.0 3850.0 1.58926
2450.0 3850.0 1.97129
2550.0 3850.0 2.01150
2650.0 3850.0 1.68809
2750.0 3850.0 1.09412
2850.0 3850.0 0.39895
2950.0 3850.0 -0.23683
3050.0 3850.0 -0.78899
3150.0 3850.0 -1.34011
3250.0 3850.0 -1.82440
3350.0 3850.0 -2.10381
3450.0 3850.0 -2.06822
3550.0 3850.0 -1.69336
3650.0 3850.0 -1.05942
3750.0 3850.0 -0.33059
3850.0 3850.0 0.30479
3950.0 3850.0 0.73314
4050.0 3850.0 1.03138
4150.0 3850.0 1.22514
4250.0 3850.0 1.21791
4350.0 3850.0 0.99279
4450.0 3850.0 0.60112
4550.0 3850.0 0.13999
4650.0 3850.0 -0.27412
4750.0 3850.0 -0.53524
4850.0 3850.0 -0.58166
4950.0 3850.0 -0.43335
5050.0 3850.0 -0.23283
5150.0 3850.0 -0.19443
5250.0 3850.0 -0.39579
5350.0 3850.0 -0.78073
5450.0 3850.0 -1.22543
5550.0 3850.0 -1.59200
5650.0 3850.0 -1.76896
5750.0 3850.0 -1.69871
5850.0 3850.0 -1.39181
5950.0 3850.0 -0.92837
6050.0 3850.0 -0.41989
6150.0 3850.0 0.11040
6250.0 3850.0 0.60502
6350.0 3850.0 0.97462
50.0 3950.0 -0.11186
150.0 3950.0 -0.63215
250.0 3950.0 -0.90698
350.0 3950.0 -0.85212
450.0 3950.0 -0.51537
550.0 3950.0 -0.02934
650.0 3950.0 0.43467
750.0 3950.0 0.71151
850.0 3950.0 0.68590
950.0 3950.0 0.33504
1050.0 3950.0 -0.23037
1150.0 3950.0 -0.87216
1250.0 3950.0 -1.59404
1350.0 3950.0 -2.26187
1450.0 3950.0 -2.68873
1550.0 3950.0 -2.74342
1650.0 3950.0 -2.40928
1750.0 3950.0 -1.79327
1850.0 3950.0 -1.08533
1950.0 3950.0 -0.46800
2050.0 3950.0 0.02327
2150.0 3950.0 0.56807
2250.0 3950.0 1.22455
2350.0 3950.0 1.85643
2450.0 3950.0 2.27622
2550.0 3950.0 2.34899
2650.0 3950.0 2.04871
2750.0 3950.0 1.46709
2850.0 3950.0 0.77514
2950.0 3950.0 0.13719
3050.0 3950.0 -0.41948
3150.0 3950.0 -0.99773
3250.0 3950.0 -1.56041
3350.0 3950.0 -1.97333
3450.0 3950.0 -2.11131
3550.0 3950.0 -1.92386
3650.0 3950.0 -1.46147
3750.0 3950.0 -0.86270
3850.0 3950.0 -0.30187
3950.0 3950.0 0.10258
4050.0 3950.0 0.40022
4150.0 3950.0 0.61844
4250.0 3950.0 0.68354
4350.0 3950.0 0.58094
4450.0 3950.0 0.34819
4550.0 3950.0 0.05859
4650.0 3950.0 -0.19852
4750.0 3950.0 -0.34079
4850.0 3950.0 -0.31915
4950.0 3950.0 -0.14751
5050.0 3950.0 0.06084
5150.0 3950.0 0.11190
5250.0 3950.0 -0.06694
5350.0 3950.0 -0.41774
5450.0 3950.0 -0.81820
5550.0 3950.0 -1.13474
5650.0 3950.0 -1.26198
5750.0 3950.0 -1.14850
5850.0 3950.0 -0.80902
5950.0 3950.0 -0.32291
6050.0 3950.0 0.19902
6150.0 3950.0 0.70202
6250.0 3950.0 1.10706
6350.0 3950.0 1.32797
50.0 4050.0 0.16181
150.0 4050.0 -0.35677
250.0 4050.0 -0.62759
350.0 4050.0 -0.56577
450.0 4050.0 -0.21969
550.0 4050.0 0.27678
650.0 4050.0 0.75075
750.0 4050.0 1.03563
850.0 4050.0 1.01525
950.0 4050.0 0.66674
1050.0 4050.0 0.10184
1150.0 4050.0 -0.54041
1250.0 4050.0 -1.26516
1350.0 4050.0 -1.93889
1450.0 4050.0 -2.37410
1550.0 4050.0 -2.43833
1650.0 4050.0 -2.11333
1750.0 4050.0 -1.50460
1850.0 4050.0 -0.80110
1950.0 4050.0 -0.18529
2050.0 4050.0 0.30618
2150.0 4050.0 0.85376
2250.0 4050.0 1.51972
2350.0 4050.0 2.16895
2450.0 4050.0 2.61236
2550.0 4050.0 2.71164
2650.0 4050.0 2.43662
2750.0 4050.0 1.87519
2850.0 4050.0 1.19590
2950.0 4050.0 0.56314
3050.0 4050.0 0.00703
3150.0 4050.0 -0.59309
3250.0 4050.0 -1.22843
3350.0 4050.0 -1.76939
3450.0 4050.0 -2.07656
3550.0 4050.0 -2.07374
3650.0 4050.0 -1.78178
3750.0 4050.0 -1.31313
3850.0 4050.0 -0.82726
3950.0 4050.0 -0.44681
4050.0 4050.0 -0.14971
4150.0 4050.0 0.08973
4250.0 4050.0 0.21672
4350.0 4050.0 0.21762
4450.0 4050.0 0.11726
4550.0 4050.0 -0.03167
4650.0 4050.0 -0.16253
4750.0 4050.0 -0.21202
4850.0 4050.0 -0.14055
4950.0 4050.0 0.04391
5050.0 4050.0 0.25353
5150.0 4050.0 0.31949
5250.0 4050.0 0.17861
5350.0 4050.0 -0.11202
5450.0 4050.0 -0.43802
5550.0 4050.0 -0.67756
5650.0 4050.0 -0.73764
5750.0 4050.0 -0.57669
5850.0 4050.0 -0.21352
5950.0 4050.0 0.27736
6050.0 4050.0 0.79249
6150.0 4050.0 1.24791
6250.0 4050.0 1.54489
6350.0 4050.0 1.60278
50.0 4150.0 0.51116
150.0 4150.0 0.01079
250.0 4150.0 -0.25174
350.0 4150.0 -0.19670
450.0 4150.0 0.12737
550.0 4150.0 0.59074
650.0 4150.0 1.02775
750.0 4150.0 1.28031
850.0 4150.0 1.23963
950.0 4150.0 0.88619
1050.0 4150.0 0.32763
1150.0 4150.0 -0.30468
1250.0 4150.0 -1.01391
1350.0 4150.0 -1.66684
1450.0 4150.0 -2.07909
1550.0 4150.0 -2.12205
1650.0 4150.0 -1.78074
1750.0 4150.0 -1.16235
1850.0 4150.0 -0.45569
1950.0 4150.0 0.15859
2050.0 4150.0 0.64656
2150.0 4150.0 1.18819
2250.0 4150.0 1.84382
2350.0 4150.0 2.48112
2450.0 4150.0 2.91577
2550.0 4150.0 3.01349
2650.0 4150.0 2.74580
2750.0 4150.0 2.19957
2850.0 4150.0 1.54006
2950.0 4150.0 0.92788
3050.0 4150.0 0.39087
3150.0 4150.0 -0.20921
3250.0 4150.0 -0.89145
3350.0 4150.0 -1.53618
3450.0 4150.0 -1.99643
3550.0 4150.0 -2.17479
3650.0 4150.0 -2.06290
3750.0 4150.0 -1.74349
3850.0 4150.0 -1.35500
3950.0 4150.0 -1.01878
4050.0 4150.0 -0.74001
4150.0 4150.0 -0.49616
4250.0 4150.0 -0.32147
4350.0 4150.0 -0.22722
4450.0 4150.0 -0.20077
4550.0 4150.0 -0.21081
4650.0 4150.0 -0.21539
4750.0 4150.0 -0.17278
4850.0 4150.0 -0.05520
4950.0 4150.0 0.13464
5050.0 4150.0 0.33721
5150.0 4150.0 0.41571
5250.0 4150.0 0.31959
5350.0 4150.0 0.10341
5450.0 4150.0 -0.13062
5550.0 4150.0 -0.27752
5650.0 4150.0 -0.26110
5750.0 4150.0 -0.05231
5850.0 4150.0 0.32582
5950.0 4150.0 0.80631
6050.0 4150.0 1.29813
6150.0 4150.0 1.69218
6250.0 4150.0 1.87430
6350.0 4150.0 1.77277
50.0 4250.0 0.93453
150.0 4250.0 0.48487
250.0 4250.0 0.24325
350.0 4250.0 0.27414
450.0 4250.0 0.52893
550.0 4250.0 0.89061
650.0 4250.0 1.21519
750.0 4250.0 1.36980
850.0 4250.0 1.26738
950.0 4250.0 0.89808
1050.0 4250.0 0.35707
1150.0 4250.0 -0.24692
1250.0 4250.0 -0.91072
1350.0 4250.0 -1.50163
1450.0 4250.0 -1.84427
1550.0 4250.0 -1.82168
1650.0 4250.0 -1.42892
1750.0 4250.0 -0.77887
1850.0 4250.0 -0.06049
1950.0 4250.0 0.55064
2050.0 4250.0 1.02879
2150.0 4250.0 1.54943
2250.0 4250.0 2.15988
2350.0 4250.0 2.73387
2450.0 4250.0 3.10342
2550.0 4250.0 3.15162
2650.0 4250.0 2.86211
2750.0 4250.0 2.32530
2850.0 4250.0 1.70139
2950.0 4250.0 1.13999
3050.0 4250.0 0.65771
3150.0 4250.0 0.10238
3250.0 4250.0 -0.56856
3350.0 4250.0 -1.25522
3450.0 4250.0 -1.81760
3550.0 4250.0 -2.14877
3650.0 4250.0 -2.21560
3750.0 4250.0 -2.06715
3850.0 4250.0 -1.81065
3950.0 4250.0 -1.55508
4050.0 4250.0 -1.32903
4150.0 4250.0 -1.11489
4250.0 4250.0 -0.92454
4350.0 4250.0 -0.76400
4450.0 4250.0 -0.63092
4550.0 4250.0 -0.51535
4650.0 4250.0 -0.40212
4750.0 4250.0 -0.27482
4850.0 4250.0 -0.12131
4950.0 4250.0 0.05912
5050.0 4250.0 0.23870
5150.0 4250.0 0.32266
5250.0 4250.0 0.27736
5350.0 4250.0 0.15200
5450.0 4250.0 0.02999
5550.0 4250.0 -0.00802
5650.0 4250.0 0.09112
5750.0 4250.0 0.34062
5850.0 4250.0 0.71351
5950.0 4250.0 1.15465
6050.0 4250.0 1.59314
6150.0 4250.0 1.90473
6250.0 4250.0 1.96983
6350.0 4250.0 1.73158
50.0 4350.0 1.32752
150.0 4350.0 0.96274
250.0 4350.0 0.76072
350.0 4350.0 0.76223
450.0 4350.0 0.91773
550.0 4350.0 1.12909
650.0 4350.0 1.28537
750.0 4350.0 1.29261
850.0 4350.0 1.09770
950.0 4350.0 0.70638
1050.0 4350.0 0.19498
1150.0 4350.0 -0.36330
1250.0 4350.0 -0.95728
1350.0 4350.0 -1.45621
1450.0 4350.0 -1.69865
1550.0 4350.0 -1.58475
1650.0 4350.0 -1.12341
1750.0 4350.0 -0.43435
1850.0 4350.0 0.29498
1950.0 4350.0 0.89755
2050.0 4350.0 1.35912
2150.0 4350.0 1.84429
2250.0 4350.0 2.37721
2350.0 4350.0 2.84135
2450.0 4350.0 3.09633
2550.0 4350.0 3.05499
2650.0 4350.0 2.72223
2750.0 4350.0 2.19551
2850.0 4350.0 1.62723
2950.0 4350.0 1.14876
3050.0 4350.0 0.75775
3150.0 4350.0 0.29699
3250.0 4350.0 -0.28977
3350.0 4350.0 -0.93166
3450.0 4350.0 -1.51317
3550.0 4350.0 -1.93448
3650.0 4350.0 -2.14764
3750.0 4350.0 -2.16875
3850.0 4350.0 -2.06609
3950.0 4350.0 -1.92416
4050.0 4350.0 -1.78592
4150.0 4350.0 -1.63925
4250.0 4350.0 -1.47421
4350.0 4350.0 -1.28877
4450.0 4350.0 -1.08717
4550.0 4350.0 -0.87812
4650.0 4350.0 -0.67241
4750.0 4350.0 -0.48022
4850.0 4350.0 -0.30774
4950.0 4350.0 -0.15353
5050.0 4350.0 -0.01353
5150.0 4350.0 0.06498
5250.0 4350.0 0.06745
5350.0 4350.0 0.03499
5450.0 4350.0 0.02737
5550.0 4350.0 0.09612
5650.0 4350.0 0.26804
5750.0 4350.0 0.53941
5850.0 4350.0 0.88066
5950.0 4350.0 1.25169
6050.0 4350.0 1.60710
6150.0 4350.0 1.82136
6250.0 4350.0 1.78235
6350.0 4350.0 1.45339
50.0 4450.0 1.56881
150.0 4450.0 1.31374
250.0 4450.0 1.17151
350.0 4450.0 1.15539
450.0 4450.0 1.21330
550.0 4450.0 1.26711
650.0 4450.0 1.24251
750.0 4450.0 1.08983
850.0 4450.0 0.79542
950.0 4450.0 0.38397
1050.0 4450.0 -0.08867
1150.0 4450.0 -0.59090
1250.0 4450.0 -1.10579
1350.0 4450.0 -1.50695
1450.0 4450.0 -1.64903
1550.0 4450.0 -1.44995
1650.0 4450.0 -0.93130
1750.0 4450.0 -0.21676
1850.0 4450.0 0.51125
1950.0 4450.0 1.09691
2050.0 4450.0 1.53683
2150.0 4450.0 1.97755
2250.0 4450.0 2.41453
2350.0 4450.0 2.74391
2450.0 4450.0 2.85996
2550.0 4450.0 2.71238
2650.0 4450.0 2.33187
2750.0 4450.0 1.82374
2850.0 4450.0 1.32975
2950.0 4450.0 0.95812
3050.0 4450.0 0.68389
3150.0 4450.0 0.35731
3250.0 4450.0 -0.07820
3350.0 4450.0 -0.58622
3450.0 4450.0 -1.09116
3550.0 4450.0 -1.51763
3650.0 4450.0 -1.81643
3750.0 4450.0 -1.97705
3850.0 4450.0 -2.02673
3950.0 4450.0 -2.01612
4050.0 4450.0 -1.98998
4150.0 4450.0 -1.94050
4250.0 4450.0 -1.83934
4350.0 4450.0 -1.67460
4450.0 4450.0 -1.45252
4550.0 4450.0 -1.19515
4650.0 4450.0 -0.93505
4750.0 4450.0 -0.70674
4850.0 4450.0 -0.53515
4950.0 4450.0 -0.42090
5050.0 4450.0 -0.33240
5150.0 4450.0 -0.27141
5250.0 4450.0 -0.23470
5350.0 4450.0 -0.19087
5450.0 4450.0 -0.10475
5550.0 4450.0 0.04622
5650.0 4450.0 0.26390
5750.0 4450.0 0.52983
5850.0 4450.0 0.81402
5950.0 4450.0 1.09214
6050.0 4450.0 1.34506
6150.0 4450.0 1.45988
6250.0 4450.0 1.34434
6350.0 4450.0 0.98468
50.0 4550.0 1.58025
150.0 4550.0 1.44363
250.0 4550.0 1.37720
350.0 4550.0 1.36878
450.0 4550.0 1.36179
550.0 4550.0 1.29378
650.0 4550.0 1.12213
750.0 4550.0 0.83699
850.0 4550.0 0.46152
950.0 4550.0 0.03932
1050.0 4550.0 -0.39088
1150.0 4550.0 -0.83656
1250.0 4550.0 -1.28064
1350.0 4550.0 -1.60380
1450.0 4550.0 -1.67552
1550.0 4550.0 -1.42732
1650.0 4550.0 -0.88762
1750.0 4550.0 -0.17809
1850.0 4550.0 0.52837
1950.0 4550.0 1.08815
2050.0 4550.0 1.50441
2150.0 4550.0 1.89969
2250.0 4550.0 2.24120
2350.0 4550.0 2.43927
2450.0 4550.0 2.42368
2550.0 4550.0 2.18089
2650.0 4550.0 1.76614
2750.0 4550.0 1.29051
2850.0 4550.0 0.88296
2950.0 4550.0 0.62726
3050.0 4550.0 0.47731
3150.0 4550.0 0.30345
3250.0 4550.0 0.06191
3350.0 4550.0 -0.24550
3450.0 4550.0 -0.59210
3550.0 4550.0 -0.94021
3650.0 4550.0 -1.25278
3750.0 4550.0 -1.50281
3850.0 4550.0 -1.68062
3950.0 4550.0 -1.79892
4050.0 4550.0 -1.89173
4150.0 4550.0 -1.95298
4250.0 4550.0 -1.94119
4350.0 4550.0 -1.83430
4450.0 4550.0 -1.63622
4550.0 4550.0 -1.37611
4650.0 4550.0 -1.10177
4750.0 4550.0 -0.86708
4850.0 4550.0 -0.71358
4950.0 4550.0 -0.64617
5050.0 4550.0 -0.61314
5150.0 4550.0 -0.57956
5250.0 4550.0 -0.52875
5350.0 4550.0 -0.43915
5450.0 4550.0 -0.29706
5550.0 4550.0 -0.10381
5650.0 4550.0 0.12319
5750.0 4550.0 0.35559
5850.0 4550.0 0.56531
5950.0 4550.0 0.74194
6050.0 4550.0 0.88854
6150.0 4550.0 0.91506
6250.0 4550.0 0.75746
6350.0 4550.0 0.42431
50.0 4650.0 1.35680
150.0 4650.0 1.32886
250.0 4650.0 1.34523
350.0 4650.0 1.37527
450.0 4650.0 1.35619
550.0 4650.0 1.23307
650.0 4650.0 0.98305
750.0 4650.0 0.62353
850.0 4650.0 0.20458
950.0 4650.0 -0.21461
1050.0 4650.0 -0.60513
1150.0 4650.0 -1.00356
1250.0 4650.0 -1.39966
1350.0 4650.0 -1.68347
1450.0 4650.0 -1.73505
1550.0 4650.0 -1.49183
1650.0 4650.0 -0.98052
1750.0 4650.0 -0.31359
1850.0 4650.0 0.34953
1950.0 4650.0 0.87667
2050.0 4650.0 1.27088
2150.0 4650.0 1.62782
2250.0 4650.0 1.89270
2350.0 4650.0 1.98954
2450.0 4650.0 1.87830
2550.0 4650.0 1.57502
2650.0 4650.0 1.15295
2750.0 4650.0 0.72472
2850.0 4650.0 0.40559
2950.0 4650.0 0.25762
3050.0 4650.0 0.21951
3150.0 4650.0 0.19052
3250.0 4650.0 0.14857
3350.0 4650.0 0.06597
3450.0 4650.0 -0.07957
3550.0 4650.0 -0.29317
3650.0 4650.0 -0.55899
3750.0 4650.0 -0.84428
3850.0 4650.0 -1.11131
3950.0 4650.0 -1.33721
4050.0 4650.0 -1.53665
4150.0 4650.0 -1.70211
4250.0 4650.0 -1.78449
4350.0 4650.0 -1.75277
4450.0 4650.0 -1.60594
4550.0 4650.0 -1.37491
4650.0 4650.0 -1.11605
4750.0 4650.0 -0.89637
4850.0 4650.0 -0.77023
4950.0 4650.0 -0.74771
5050.0 4650.0 -0.76514
5150.0 4650.0 -0.76363
5250.0 4650.0 -0.71910
5350.0 4650.0 -0.61836
5450.0 4650.0 -0.46306
5550.0 4650.0 -0.27015
5650.0 4650.0 -0.06816
5750.0 4650.0 0.11055
5850.0 4650.0 0.24165
5950.0 4650.0 0.32479
6050.0 4650.0 0.37768
6150.0 4650.0 0.33651
6250.0 4650.0 0.16734
6350.0 4650.0 -0.10253
50.0 4750.0 0.96621
150.0 4750.0 1.02113
250.0 4750.0 1.11575
350.0 4750.0 1.21106
450.0 4750.0 1.23712
550.0 4750.0 1.13691
650.0 4750.0 0.89195
750.0 4750.0 0.52975
850.0 4750.0 0.11307
950.0 4750.0 -0.28906
1050.0 4750.0 -0.64851
1150.0 4750.0 -1.01622
1250.0 4750.0 -1.39520
1350.0 4750.0 -1.68579
1450.0 4750.0 -1.77274
1550.0 4750.0 -1.59050
1650.0 4750.0 -1.15532
1750.0 4750.0 -0.56425
1850.0 4750.0 0.03894
1950.0 4750.0 0.53104
2050.0 4750.0 0.90809
2150.0 4750.0 1.23996
2250.0 4750.0 1.46015
2350.0 4750.0 1.50408
2450.0 4750.0 1.35169
2550.0 4750.0 1.03639
2650.0 4750.0 0.63943
2750.0 4750.0 0.26989
2850.0 4750.0 0.03005
2950.0 4750.0 -0.03377
3050.0 4750.0 0.01074
3150.0 4750.0 0.09391
3250.0 4750.0 0.21707
3350.0 4750.0 0.33187
3450.0 4750.0 0.37645
3550.0 4750.0 0.30775
3650.0 4750.0 0.11862
3750.0 4750.0 -0.16041
3850.0 4750.0 -0.47463
3950.0 4750.0 -0.77390
4050.0 4750.0 -1.05161
4150.0 4750.0 -1.29605
4250.0 4750.0 -1.45447
4350.0 4750.0 -1.48937
4450.0 4750.0 -1.39471
4550.0 4750.0 -1.20043
4650.0 4750.0 -0.96675
4750.0 4750.0 -0.76823
4850.0 4750.0 -0.66763
4950.0 4750.0 -0.67950
5050.0 4750.0 -0.73461
5150.0 4750.0 -0.76299
5250.0 4750.0 -0.73902
5350.0 4750.0 -0.65527
5450.0 4750.0 -0.52142
5550.0 4750.0 -0.36096
5650.0 4750.0 -0.20547
5750.0 4750.0 -0.08614
5850.0 4750.0 -0.02283
5950.0 4750.0 -0.01050
6050.0 4750.0 -0.02562
6150.0 4750.0 -0.11043
6250.0 4750.0 -0.27425
6350.0 4750.0 -0.47672
50.0 4850.0 0.51859
150.0 4850.0 0.62185
250.0 4850.0 0.78026
350.0 4850.0 0.95669
450.0 4850.0 1.07415
550.0 4850.0 1.06499
650.0 4850.0 0.90053
750.0 4850.0 0.60144
850.0 4850.0 0.22847
950.0 4850.0 -0.14606
1050.0 4850.0 -0.48639
1150.0 4850.0 -0.84251
1250.0 4850.0 -1.23472
1350.0 4850.0 -1.57320
1450.0 4850.0 -1.74137
1550.0 4850.0 -1.66297
1650.0 4850.0 -1.33727
1750.0 4850.0 -0.84228
1850.0 4850.0 -0.30616
1950.0 4850.0 0.15337
2050.0 4850.0 0.51997
2150.0 4850.0 0.84248
2250.0 4850.0 1.05411
2350.0 4850.0 1.09821
2450.0 4850.0 0.96255
2550.0 4850.0 0.68404
2650.0 4850.0 0.34133
2750.0 4850.0 0.03526
2850.0 4850.0 -0.14277
2950.0 4850.0 -0.15457
3050.0 4850.0 -0.06509
3150.0 4850.0 0.08222
3250.0 4850.0 0.30636
3350.0 4850.0 0.54859
3450.0 4850.0 0.72332
3550.0 4850.0 0.76286
3650.0 4850.0 0.64282
3750.0 4850.0 0.38828
3850.0 4850.0 0.06072
3950.0 4850.0 -0.27431
4050.0 4850.0 -0.59400
4150.0 4850.0 -0.88081
4250.0 4850.0 -1.07981
4350.0 4850.0 -1.15001
4450.0 4850.0 -1.08273
4550.0 4850.0 -0.90749
4650.0 4850.0 -0.68670
4750.0 4850.0 -0.49909
4850.0 4850.0 -0.41197
4950.0 4850.0 -0.44228
5050.0 4850.0 -0.51819
5150.0 4850.0 -0.56824
5250.0 4850.0 -0.56939
5350.0 4850.0 -0.51701
5450.0 4850.0 -0.42216
5550.0 4850.0 -0.30758
5650.0 4850.0 -0.20191
5750.0 4850.0 -0.13211
5850.0 4850.0 -0.11414
5950.0 4850.0 -0.14181
6050.0 4850.0 -0.19341
6150.0 4850.0 -0.30094
6250.0 4850.0 -0.46015
6350.0 4850.0 -0.62372
50.0 4950.0 0.10574
150.0 4950.0 0.22689
250.0 4950.0 0.43202
350.0 4950.0 0.69331
450.0 4950.0 0.92754
550.0 4950.0 1.05109
650.0 4950.0 1.01530
750.0 4950.0 0.82198
850.0 4950.0 0.51922
950.0 4950.0 0.17741
1050.0 4950.0 -0.15458
1150.0 4950.0 -0.51448
1250.0 4950.0 -0.94114
1350.0 4950.0 -1.35328
1450.0 4950.0 -1.62862
1550.0 4950.0 -1.67557
1650.0 4950.0 -1.47321
1750.0 4950.0 -1.07974
1850.0 4950.0 -0.60930
1950.0 4950.0 -0.17727
2050.0 4950.0 0.18492
2150.0 4950.0 0.51090
2250.0 4950.0 0.74252
2350.0 4950.0 0.82774
2450.0 4950.0 0.75222
2550.0 4950.0 0.54546
2650.0 4950.0 0.27543
2750.0 4950.0 0.03177
2850.0 4950.0 -0.10255
2950.0 4950.0 -0.09103
3050.0 4950.0 0.01090
3150.0 4950.0 0.17774
3250.0 4950.0 0.43706
3350.0 4950.0 0.72787
3450.0 4950.0 0.95667
3550.0 4950.0 1.04625
3650.0 4950.0 0.96421
3750.0 4950.0 0.73118
3850.0 4950.0 0.40874
3950.0 4950.0 0.06699
4050.0 4950.0 -0.26348
4150.0 4950.0 -0.55887
4250.0 4950.0 -0.76140
4350.0 4950.0 -0.82908
4450.0 4950.0 -0.75399
4550.0 4950.0 -0.56786
4650.0 4950.0 -0.33622
4750.0 4950.0 -0.14101
4850.0 4950.0 -0.05181
4950.0 4950.0 -0.08547
5050.0 4950.0 -0.16741
5150.0 4950.0 -0.22916
5250.0 4950.0 -0.25203
5350.0 4950.0 -0.23179
5450.0 4950.0 -0.17674
5550.0 4950.0 -0.10479
5650.0 4950.0 -0.03890
5750.0 4950.0 -0.00102
5850.0 4950.0 -0.00448
5950.0 4950.0 -0.04470
6050.0 4950.0 -0.10641
6150.0 4950.0 -0.22391
6250.0 4950.0 -0.39109
6350.0 4950.0 -0.55835
50.0 5050.0 -0.26438
150.0 5050.0 -0.13533
250.0 5050.0 0.10940
350.0 5050.0 0.45322
450.0 5050.0 0.80709
550.0 5050.0 1.07049
650.0 5050.0 1.17257
750.0 5050.0 1.09346
850.0 5050.0 0.86588
950.0 5050.0 0.55682
1050.0 5050.0 0.22938
1150.0 5050.0 -0.13882
1250.0 5050.0 -0.60456
1350.0 5050.0 -1.09436
1450.0 5050.0 -1.47947
1550.0 5050.0 -1.65249
1650.0 5050.0 -1.57242
1750.0 5050.0 -1.27831
1850.0 5050.0 -0.87133
1950.0 5050.0 -0.46530
2050.0 5050.0 -0.10680
2150.0 5050.0 0.22562
2250.0 5050.0 0.48570
2350.0 5050.0 0.62508
2450.0 5050.0 0.62397
2550.0 5050.0 0.50070
2650.0 5050.0 0.30971
2750.0 5050.0 0.12819
2850.0 5050.0 0.03130
2950.0 5050.0 0.05592
3050.0 5050.0 0.15852
3150.0 5050.0 0.32723
3250.0 5050.0 0.59304
3350.0 5050.0 0.89554
3450.0 5050.0 1.14008
3550.0 5050.0 1.24717
3650.0 5050.0 1.18166
3750.0 5050.0 0.96168
3850.0 5050.0 0.64722
3950.0 5050.0 0.30865
4050.0 5050.0 -0.02050
4150.0 5050.0 -0.31080
4250.0 5050.0 -0.50100
4350.0 5050.0 -0.54914
4450.0 5050.0 -0.44977
4550.0 5050.0 -0.23840
4650.0 5050.0 0.01548
4750.0 5050.0 0.22672
4850.0 5050.0 0.32434
4950.0 5050.0 0.29270
5050.0 5050.0 0.20999
5150.0 5050.0 0.14186
5250.0 5050.0 0.10321
5350.0 5050.0 0.09857
5450.0 5050.0 0.12281
5550.0 5050.0 0.16279
5650.0 5050.0 0.20061
5750.0 5050.0 0.21836
5850.0 5050.0 0.20448
5950.0 5050.0 0.16158
6050.0 5050.0 0.09858
6150.0 5050.0 -0.02515
6250.0 5050.0 -0.20616
6350.0 5050.0 -0.39458
50.0 5150.0 -0.52256
150.0 5150.0 -0.37757
250.0 5150.0 -0.09448
350.0 5150.0 0.31698
450.0 5150.0 0.76247
550.0 5150.0 1.12882
650.0 5150.0 1.32965
750.0 5150.0 1.33089
850.0 5150.0 1.15594
950.0 5150.0 0.87085
1050.0 5150.0 0.54899
1150.0 5150.0 0.17848
1250.0 5150.0 -0.30925
1350.0 5150.0 -0.84824
1450.0 5150.0 -1.30831
1550.0 5150.0 -1.57341
1650.0 5150.0 -1.58912
1750.0 5150.0 -1.37970
1850.0 5150.0 -1.03439
1950.0 5150.0 -0.66305
2050.0 5150.0 -0.32193
2150.0 5150.0 0.00355
2250.0 5150.0 0.28170
2350.0 5150.0 0.46994
2450.0 5150.0 0.54399
2550.0 5150.0 0.51031
2650.0 5150.0 0.40752
2750.0 5150.0 0.29707
2850.0 5150.0 0.24303
2950.0 5150.0 0.28103
3050.0 5150.0 0.38106
3150.0 5150.0 0.54040
3250.0 5150.0 0.78511
3350.0 5150.0 1.05618
3450.0 5150.0 1.26463
3550.0 5150.0 1.33800
3650.0 5150.0 1.24722
3750.0 5150.0 1.01402
3850.0 5150.0 0.69871
3950.0 5150.0 0.36845
4050.0 5150.0 0.05129
4150.0 5150.0 -0.22222
4250.0 5150.0 -0.38793
4350.0 5150.0 -0.40592
4450.0 5150.0 -0.27517
4550.0 5150.0 -0.03590
4650.0 5150.0 0.23886
4750.0 5150.0 0.46247
4850.0 5150.0 0.56479
4950.0 5150.0 0.53297
5050.0 5150.0 0.44924
5150.0 5150.0 0.38455
5250.0 5150.0 0.35653
5350.0 5150.0 0.36898
5450.0 5150.0 0.41387
5550.0 5150.0 0.47427
5650.0 5150.0 0.52859
5750.0 5150.0 0.55629
5850.0 5150.0 0.54506
5950.0 5150.0 0.49932
6050.0 5150.0 0.43257
6150.0 5150.0 0.30736
6250.0 5150.0 0.12519
6350.0 5150.0 -0.06822
50.0 5250.0 -0.58795
150.0 5250.0 -0.41363
250.0 5250.0 -0.09590
350.0 5250.0 0.35462
450.0 5250.0 0.83929
550.0 5250.0 1.24021
650.0 5250.0 1.46780
750.0 5250.0 1.48720
850.0 5250.0 1.32358
950.0 5250.0 1.04626
1050.0 5250.0 0.73155
1150.0 5250.0 0.36936
1250.0 5250.0 -0.10950
1350.0 5250.0 -0.64563
1450.0 5250.0 -1.11635
1550.0 5250.0 -1.40976
1650.0 5250.0 -1.47030
1750.0 5250.0 -1.31575
1850.0 5250.0 -1.02588
1950.0 5250.0 -0.70250
2050.0 5250.0 -0.40160
2150.0 5250.0 -0.10670
2250.0 5250.0 0.16773
2350.0 5250.0 0.38793
2450.0 5250.0 0.52759
2550.0 5250.0 0.58176
2650.0 5250.0 0.57138
2750.0 5250.0 0.53835
2850.0 5250.0 0.53120
2950.0 5250.0 0.58142
3050.0 5250.0 0.67365
3150.0 5250.0 0.80742
3250.0 5250.0 0.99255
3350.0 5250.0 1.17318
3450.0 5250.0 1.27593
3550.0 5250.0 1.24824
3650.0 5250.0 1.07898
3750.0 5250.0 0.80122
3850.0 5250.0 0.47728
3950.0 5250.0 0.16592
4050.0 5250.0 -0.12161
4150.0 5250.0 -0.36004
4250.0 5250.0 -0.48431
4350.0 5250.0 -0.45983
4450.0 5250.0 -0.29258
4550.0 5250.0 -0.02810
4650.0 5250.0 0.25887
4750.0 5250.0 0.48401
4850.0 5250.0 0.58224
4950.0 5250.0 0.54579
5050.0 5250.0 0.46019
5150.0 5250.0 0.41202
5250.0 5250.0 0.43042
5350.0 5250.0 0.51693
5450.0 5250.0 0.65223
5550.0 5250.0 0.80377
5650.0 5250.0 0.93432
5750.0 5250.0 1.01168
5850.0 5250.0 1.01954
5950.0 5250.0 0.96933
6050.0 5250.0 0.89468
6150.0 5250.0 0.77712
6250.0 5250.0 0.61809
6350.0 5250.0 0.45149
50.0 5350.0 -0.45876
150.0 5350.0 -0.24266
250.0 5350.0 0.10362
350.0 5350.0 0.56031
450.0 5350.0 1.02587
550.0 5350.0 1.38642
650.0 5350.0 1.56239
750.0 5350.0 1.53259
850.0 5350.0 1.33558
950.0 5350.0 1.04828
1050.0 5350.0 0.74198
1150.0 5350.0 0.39902
1250.0 5350.0 -0.03819
1350.0 5350.0 -0.51529
1450.0 5350.0 -0.92619
1550.0 5350.0 -1.17681
1650.0 5350.0 -1.22373
1750.0 5350.0 -1.08778
1850.0 5350.0 -0.84259
1950.0 5350.0 -0.57807
2050.0 5350.0 -0.33924
2150.0 5350.0 -0.09924
2250.0 5350.0 0.14446
2350.0 5350.0 0.36926
2450.0 5350.0 0.55027
2550.0 5350.0 0.67388
2650.0 5350.0 0.74419
2750.0 5350.0 0.78232
2850.0 5350.0 0.81853
2950.0 5350.0 0.87724
3050.0 5350.0 0.95659
3150.0 5350.0 1.05236
3250.0 5350.0 1.15109
3350.0 5350.0 1.20233
3450.0 5350.0 1.15579
3550.0 5350.0 0.98768
3650.0 5350.0 0.71209
3750.0 5350.0 0.37734
3850.0 5350.0 0.04742
3950.0 5350.0 -0.23171
4050.0 5350.0 -0.47264
4150.0 5350.0 -0.65993
4250.0 5350.0 -0.73080
4350.0 5350.0 -0.65918
4450.0 5350.0 -0.45972
4550.0 5350.0 -0.18240
4650.0 5350.0 0.09972
4750.0 5350.0 0.30953
4850.0 5350.0 0.39175
4950.0 5350.0 0.34549
5050.0 5350.0 0.25675
5150.0 5350.0 0.23292
5250.0 5350.0 0.32030
5350.0 5350.0 0.51688
5450.0 5350.0 0.78648
5550.0 5350.0 1.07317
5650.0 5350.0 1.31643
5750.0 5350.0 1.46678
5850.0 5350.0 1.50205
5950.0 5350.0 1.44417
6050.0 5350.0 1.35786
6150.0 5350.0 1.25855
6250.0 5350.0 1.15010
6350.0 5350.0 1.04709
50.0 5450.0 -0.19312
150.0 5450.0 0.07223
250.0 5450.0 0.44004
350.0 5450.0 0.87511
450.0 5450.0 1.27435
550.0 5450.0 1.53489
650.0 5450.0 1.59755
750.0 5450.0 1.46589
850.0 5450.0 1.20056
950.0 5450.0 0.88921
1050.0 5450.0 0.59177
1150.0 5450.0 0.27589
1250.0 5450.0 -0.09472
1350.0 5450.0 -0.46909
1450.0 5450.0 -0.76424
1550.0 5450.0 -0.91421
1650.0 5450.0 -0.89824
1750.0 5450.0 -0.74813
1850.0 5450.0 -0.53478
1950.0 5450.0 -0.33383
2050.0 5450.0 -0.17096
2150.0 5450.0 -0.00355
2250.0 5450.0 0.18460
2350.0 5450.0 0.38265
2450.0 5450.0 0.57075
2550.0 5450.0 0.73117
2650.0 5450.0 0.85508
2750.0 5450.0 0.94507
2850.0 5450.0 1.01317
2950.0 5450.0 1.07472
3050.0 5450.0 1.13787
3150.0 5450.0 1.19159
3250.0 5450.0 1.19929
3350.0 5450.0 1.11813
3450.0 5450.0 0.92324
3550.0 5450.0 0.62087
3650.0 5450.0 0.24996
3750.0 5450.0 -0.12779
3850.0 5450.0 -0.44946
3950.0 5450.0 -0.68393
4050.0 5450.0 -0.86729
4150.0 5450.0 -0.99503
4250.0 5450.0 -1.01018
4350.0 5450.0 -0.89736
4450.0 5450.0 -0.67984
4550.0 5450.0 -0.40972
4650.0 5450.0 -0.15427
4750.0 5450.0 0.02142
4850.0 5450.0 0.07566
4950.0 5450.0 0.01513
5050.0 5450.0 -0.07815
5150.0 5450.0 -0.07846
5250.0 5450.0 0.07767
5350.0 5450.0 0.38426
5450.0 5450.0 0.78760
5550.0 5450.0 1.20798
5650.0 5450.0 1.56144
5750.0 5450.0 1.78135
5850.0 5450.0 1.84007
5950.0 5450.0 1.77047
6050.0 5450.0 1.67038
6150.0 5450.0 1.59833
6250.0 5450.0 1.56320
6350.0 5450.0 1.55512
50.0 5550.0 0.11381
150.0 5550.0 0.42894
250.0 5550.0 0.81228
350.0 5550.0 1.21070
450.0 5550.0 1.52051
550.0 5550.0 1.65316
650.0 5550.0 1.57448
750.0 5550.0 1.31741
850.0 5550.0 0.96822
950.0 5550.0 0.62626
1050.0 5550.0 0.33726
1150.0 5550.0 0.05115
1250.0 5550.0 -0.24263
1350.0 5550.0 -0.49504
1450.0 5550.0 -0.64840
1550.0 5550.0 -0.66905
1650.0 5550.0 -0.56372
1750.0 5550.0 -0.37938
1850.0 5550.0 -0.18661
1950.0 5550.0 -0.04654
2050.0 5550.0 0.03815
2150.0 5550.0 0.12680
2250.0 5550.0 0.24367
2350.0 5550.0 0.38850
2450.0 5550.0 0.54926
2550.0 5550.0 0.70914
2650.0 5550.0 0.85216
2750.0 5550.0 0.96731
2850.0 5550.0 1.05129
2950.0 5550.0 1.10977
3050.0 5550.0 1.15604
3150.0 5550.0 1.17298
3250.0 5550.0 1.10804
3350.0 5550.0 0.92747
3450.0 5550.0 0.62845
3550.0 5550.0 0.24078
3650.0 5550.0 -0.17951
3750.0 5550.0 -0.56441
3850.0 5550.0 -0.85624
3950.0 5550.0 -1.03795
4050.0 5550.0 -1.16177
4150.0 5550.0 -1.23136
4250.0 5550.0 -1.19857
4350.0 5550.0 -1.05920
4450.0 5550.0 -0.84345
4550.0 5550.0 -0.60243
4650.0 5550.0 -0.39399
4750.0 5550.0 -0.26786
4850.0 5550.0 -0.25021
4950.0 5550.0 -0.32752
5050.0 5550.0 -0.42647
5150.0 5550.0 -0.41231
5250.0 5550.0 -0.20986
5350.0 5550.0 0.17133
5450.0 5550.0 0.66457
5550.0 5550.0 1.17314
5650.0 5550.0 1.59682
5750.0 5550.0 1.85766
5850.0 5550.0 1.92501
5950.0 5550.0 1.83992
6050.0 5550.0 1.72611
6150.0 5550.0 1.68629
6250.0 5550.0 1.73621
6350.0 5550.0 1.84026
50.0 5650.0 0.35516
150.0 5650.0 0.71357
250.0 5650.0 1.10936
350.0 5650.0 1.47343
450.0 5650.0 1.70173
550.0 5650.0 1.71870
650.0 5650.0 1.51263
750.0 5650.0 1.14275
850.0 5650.0 0.71818
950.0 5650.0 0.34856
1050.0 5650.0 0.06678
1150.0 5650.0 -0.19283
1250.0 5650.0 -0.41721
1350.0 5650.0 -0.55864
1450.0 5650.0 -0.58184
1550.0 5650.0 -0.48232
1650.0 5650.0 -0.29198
1750.0 5650.0 -0.07210
1850.0 5650.0 0.10625
1950.0 5650.0 0.19455
2050.0 5650.0 0.21107
2150.0 5650.0 0.22806
2250.0 5650.0 0.27183
2350.0 5650.0 0.35013
2450.0 5650.0 0.45977
2550.0 5650.0 0.58883
2650.0 5650.0 0.71996
2750.0 5650.0 0.83473
2850.0 5650.0 0.91914
2950.0 5650.0 0.97020
3050.0 5650.0 1.00172
3150.0 5650.0 0.99469
3250.0 5650.0 0.89242
3350.0 5650.0 0.67059
3450.0 5650.0 0.34047
3550.0 5650.0 -0.05672
3650.0 5650.0 -0.46044
3750.0 5650.0 -0.80628
3850.0 5650.0 -1.04624
3950.0 5650.0 -1.17393
4050.0 5650.0 -1.24571
4150.0 5650.0 -1.26779
4250.0 5650.0 -1.20236
4350.0 5650.0 -1.05505
4450.0 5650.0 -0.86026
4550.0 5650.0 -0.66524
4650.0 5650.0 -0.51629
4750.0 5650.0 -0.44697
4850.0 5650.0 -0.46856
4950.0 5650.0 -0.56243
5050.0 5650.0 -0.66755
5150.0 5650.0 -0.65325
5250.0 5650.0 -0.44179
5350.0 5650.0 -0.04508
5450.0 5650.0 0.46527
5550.0 5650.0 0.98735
5650.0 5650.0 1.41693
5750.0 5650.0 1.67419
5850.0 5650.0 1.72927
5950.0 5650.0 1.62637
6050.0 5650.0 1.50105
6150.0 5650.0 1.49286
6250.0 5650.0 1.62503
6350.0 5650.0 1.83906
50.0 5750.0 0.44021
150.0 5750.0 0.83009
250.0 5750.0 1.23921
350.0 5750.0 1.58849
450.0 5750.0 1.77294
550.0 5750.0 1.72425
650.0 5750.0 1.44402
750.0 5750.0 1.00758
850.0 5750.0 0.53838
950.0 5750.0 0.15298
1050.0 5750.0 -0.12316
1150.0 5750.0 -0.36472
1250.0 5750.0 -0.54326
1350.0 5750.0 -0.61258
1450.0 5750.0 -0.55278
1550.0 5750.0 -0.37866
1650.0 5750.0 -0.13827
1750.0 5750.0 0.09856
1850.0 5750.0 0.26149
1950.0 5750.0 0.31104
2050.0 5750.0 0.27901
2150.0 5750.0 0.24302
2250.0 5750.0 0.22686
2350.0 5750.0 0.24299
2450.0 5750.0 0.29605
2550.0 5750.0 0.38061
2650.0 5750.0 0.48199
2750.0 5750.0 0.57978
2850.0 5750.0 0.65447
2950.0 5750.0 0.69674
3050.0 5750.0 0.71792
3150.0 5750.0 0.70364
3250.0 5750.0 0.60611
3350.0 5750.0 0.40946
3450.0 5750.0 0.12882
3550.0 5750.0 -0.19744
3650.0 5750.0 -0.51807
3750.0 5750.0 -0.78206
3850.0 5750.0 -0.95435
3950.0 5750.0 -1.03423
4050.0 5750.0 -1.06901
4150.0 5750.0 -1.06059
4250.0 5750.0 -0.98090
4350.0 5750.0 -0.84271
4450.0 5750.0 -0.68156
4550.0 5750.0 -0.53907
4650.0 5750.0 -0.45011
4750.0 5750.0 -0.43418
4850.0 5750.0 -0.49063
4950.0 5750.0 -0.59808
5050.0 5750.0 -0.70908
5150.0 5750.0 -0.71007
5250.0 5750.0 -0.53087
5350.0 5750.0 -0.18427
5450.0 5750.0 0.26266
5550.0 5750.0 0.71617
5650.0 5750.0 1.08167
5750.0 5750.0 1.28801
5850.0 5750.0 1.31001
5950.0 5750.0 1.18923
6050.0 5750.0 1.05614
6150.0 5750.0 1.07341
6250.0 5750.0 1.27080
6350.0 5750.0 1.57326
50.0 5850.0 0.32457
150.0 5850.0 0.73222
250.0 5850.0 1.15906
350.0 5850.0 1.52420
450.0 5850.0 1.72058
550.0 5850.0 1.67871
650.0 5850.0 1.40054
750.0 5850.0 0.96328
850.0 5850.0 0.49313
950.0 5850.0 0.10912
1050.0 5850.0 -0.16297
1150.0 5850.0 -0.39758
1250.0 5850.0 -0.56275
1350.0 5850.0 -0.61496
1450.0 5850.0 -0.54033
1550.0 5850.0 -0.35948
1650.0 5850.0 -0.12362
1750.0 5850.0 0.09775
1850.0 5850.0 0.23779
1950.0 5850.0 0.26185
2050.0 5850.0 0.20478
2150.0 5850.0 0.14051
2250.0 5850.0 0.08821
2350.0 5850.0 0.06205
2450.0 5850.0 0.07170
2550.0 5850.0 0.11727
2650.0 5850.0 0.18804
2750.0 5850.0 0.26506
2850.0 5850.0 0.32750
2950.0 5850.0 0.36275
3050.0 5850.0 0.37899
3150.0 5850.0 0.37346
3250.0 5850.0 0.31807
3350.0 5850.0 0.20346
3450.0 5850.0 0.03884
3550.0 5850.0 -0.15273
3650.0 5850.0 -0.34059
3750.0 5850.0 -0.49436
3850.0 5850.0 -0.59322
3950.0 5850.0 -0.63689
4050.0 5850.0 -0.65286
4150.0 5850.0 -0.63242
4250.0 5850.0 -0.55500
4350.0 5850.0 -0.43703
4450.0 5850.0 -0.31276
4550.0 5850.0 -0.21784
4650.0 5850.0 -0.17803
4750.0 5850.0 -0.20288
4850.0 5850.0 -0.28437
4950.0 5850.0 -0.40063
5050.0 5850.0 -0.51652
5150.0 5850.0 -0.54521
5250.0 5850.0 -0.43254
5350.0 5850.0 -0.19060
5450.0 5850.0 0.12619
5550.0 5850.0 0.44356
5650.0 5850.0 0.68808
5750.0 5850.0 0.80589
5850.0 5850.0 0.77952
5950.0 5850.0 0.64290
6050.0 5850.0 0.50627
6150.0 5850.0 0.53917
6250.0 5850.0 0.77586
6350.0 5850.0 1.13261
50.0 5950.0 0.04299
150.0 5950.0 0.45779
250.0 5950.0 0.90753
350.0 5950.0 1.31658
450.0 5950.0 1.57460
550.0 5950.0 1.60349
650.0 5950.0 1.39423
750.0 5950.0 1.01359
850.0 5950.0 0.58063
950.0 5950.0 0.21314
1050.0 5950.0 -0.05596
1150.0 5950.0 -0.29291
1250.0 5950.0 -0.47270
1350.0 5950.0 -0.55569
1450.0 5950.0 -0.52633
1550.0 5950.0 -0.39939
1650.0 5950.0 -0.21791
1750.0 5950.0 -0.04295
1850.0 5950.0 0.06501
1950.0 5950.0 0.07288
2050.0 5950.0 0.00940
2150.0 5950.0 -0.06238
2250.0 5950.0 -0.12779
2350.0 5950.0 -0.17291
2450.0 5950.0 -0.18596
2550.0 5950.0 -0.16368
2650.0 5950.0 -0.11351
2750.0 5950.0 -0.05193
2850.0 5950.0 0.00128
2950.0 5950.0 0.03271
3050.0 5950.0 0.04833
3150.0 5950.0 0.06215
3250.0 5950.0 0.07176
3350.0 5950.0 0.07240
3450.0 5950.0 0.06097
3550.0 5950.0 0.03765
3650.0 5950.0 0.00628
3750.0 5950.0 -0.02667
3850.0 5950.0 -0.05436
3950.0 5950.0 -0.07319
4050.0 5950.0 -0.08482
4150.0 5950.0 -0.06606
4250.0 5950.0 -0.00110
4350.0 5950.0 0.09266
4450.0 5950.0 0.18373
4550.0 5950.0 0.24162
4650.0 5950.0 0.24685
4750.0 5950.0 0.19559
4850.0 5950.0 0.09923
4950.0 5950.0 -0.02141
5050.0 5950.0 -0.14112
5150.0 5950.0 -0.20418
5250.0 5950.0 -0.17726
5350.0 5950.0 -0.07069
5450.0 5950.0 0.07853
5550.0 5950.0 0.22225
5650.0 5950.0 0.31469
5750.0 5950.0 0.32407
5850.0 5950.0 0.24225
5950.0 5950.0 0.09251
6050.0 5950.0 -0.04447
6150.0 5950.0 -0.00495
6250.0 5950.0 0.24762
6350.0 5950.0 0.62729
50.0 6050.0 -0.31346
150.0 6050.0 0.10220
250.0 6050.0 0.57478
350.0 6050.0 1.03703
450.0 6050.0 1.37534
550.0 6050.0 1.50031
650.0 6050.0 1.38746
750.0 6050.0 1.08788
850.0 6050.0 0.70900
950.0 6050.0 0.36540
1050.0 6050.0 0.09973
1150.0 6050.0 -0.14179
1250.0 6050.0 -0.34350
1350.0 6050.0 -0.47009
1450.0 6050.0 -0.50221
1550.0 6050.0 -0.44563
1650.0 6050.0 -0.33211
1750.0 6050.0 -0.21201
1850.0 6050.0 -0.13864
1950.0 6050.0 -0.14436
2050.0 6050.0 -0.20907
2150.0 6050.0 -0.28265
2250.0 6050.0 -0.35486
2350.0 6050.0 -0.41228
2450.0 6050.0 -0.44162
2550.0 6050.0 -0.43689
2650.0 6050.0 -0.40258
2750.0 6050.0 -0.35264
2850.0 6050.0 -0.30551
2950.0 6050.0 -0.27501
3050.0 6050.0 -0.25700
3150.0 6050.0 -0.21914
3250.0 6050.0 -0.13665
3350.0 6050.0 -0.01059
3450.0 6050.0 0.14156
3550.0 6050.0 0.29500
3650.0 6050.0 0.42525
3750.0 6050.0 0.51439
3850.0 6050.0 0.55588
3950.0 6050.0 0.55798
4050.0 6050.0 0.54620
4150.0 6050.0 0.55849
4250.0 6050.0 0.60642
4350.0 6050.0 0.67285
4450.0 6050.0 0.73005
4550.0 6050.0 0.75311
4650.0 6050.0 0.72825
4750.0 6050.0 0.65611
4850.0 6050.0 0.54993
4950.0 6050.0 0.42859
5050.0 6050.0 0.30792
5150.0 6050.0 0.21190
5250.0 6050.0 0.15179
5350.0 6050.0 0.11860
5450.0 6050.0 0.09328
5550.0 6050.0 0.05501
5650.0 6050.0 -0.01272
5750.0 6050.0 -0.11797
5850.0 6050.0 -0.25854
5950.0 6050.0 -0.42207
6050.0 6050.0 -0.56027
6150.0 6050.0 -0.52069
6250.0 6050.0 -0.26562
6350.0 6050.0 0.11955
50.0 6150.0 -0.80685
150.0 6150.0 -0.41279
250.0 6150.0 0.06827
350.0 6150.0 0.58387
450.0 6150.0 1.01985
550.0 6150.0 1.27360
650.0 6150.0 1.29886
750.0 6150.0 1.12187
850.0 6150.0 0.82901
950.0 6150.0 0.52586
1050.0 6150.0 0.26777
1150.0 6150.0 0.02450
1250.0 6150.0 -0.19382
1350.0 6150.0 -0.35578
1450.0 6150.0 -0.43907
1550.0 6150.0 -0.44190
1650.0 6150.0 -0.38630
1750.0 6150.0 -0.31325
1850.0 6150.0 -0.26958
1950.0 6150.0 -0.28677
2050.0 6150.0 -0.35209
2150.0 6150.0 -0.42849
2250.0 6150.0 -0.51169
2350.0 6150.0 -0.58764
2450.0 6150.0 -0.63899
2550.0 6150.0 -0.65461
2650.0 6150.0 -0.63448
2750.0 6150.0 -0.58996
2850.0 6150.0 -0.53927
2950.0 6150.0 -0.49845
3050.0 6150.0 -0.46657
3150.0 6150.0 -0.39231
3250.0 6150.0 -0.22396
3350.0 6150.0 0.03888
3450.0 6150.0 0.36202
3550.0 6150.0 0.69434
3650.0 6150.0 0.98343
3750.0 6150.0 1.18885
3850.0 6150.0 1.29340
3950.0 6150.0 1.31210
4050.0 6150.0 1.29687
4150.0 6150.0 1.29534
4250.0 6150.0 1.31291
4350.0 6150.0 1.33566
4450.0 6150.0 1.34433
4550.0 6150.0 1.32373
4650.0 6150.0 1.26811
4750.0 6150.0 1.18238
4850.0 6150.0 1.07933
4950.0 6150.0 0.97272
5050.0 6150.0 0.86729
5150.0 6150.0 0.75761
5250.0 6150.0 0.63207
5350.0 6150.0 0.47886
5450.0 6150.0 0.29243
5550.0 6150.0 0.07673
5650.0 6150.0 -0.15519
5750.0 6150.0 -0.38482
5850.0 6150.0 -0.59536
5950.0 6150.0 -0.78229
6050.0 6150.0 -0.93259
6150.0 6150.0 -0.91648
6250.0 6150.0 -0.69763
6350.0 6150.0 -0.35462
50.0 6250.0 -1.39041
150.0 6250.0 -1.05261
250.0 6250.0 -0.59178
350.0 6250.0 -0.03822
450.0 6250.0 0.49847
550.0 6250.0 0.90285
650.0 6250.0 1.10180
750.0 6250.0 1.08722
850.0 6250.0 0.91341
950.0 6250.0 0.66907
1050.0 6250.0 0.42390
1150.0 6250.0 0.18353
1250.0 6250.0 -0.04138
1350.0 6250.0 -0.22236
1450.0 6250.0 -0.33568
1550.0 6250.0 -0.37497
1650.0 6250.0 -0.35597
1750.0 6250.0 -0.31321
1850.0 6250.0 -0.28874
1950.0 6250.0 -0.31294
2050.0 6250.0 -0.37788
2150.0 6250.0 -0.45847
2250.0 6250.0 -0.55836
2350.0 6250.0 -0.66111
2450.0 6250.0 -0.74165
2550.0 6250.0 -0.78022
2650.0 6250.0 -0.77038
2750.0 6250.0 -0.72088
2850.0 6250.0 -0.65162
2950.0 6250.0 -0.58355
3050.0 6250.0 -0.52084
3150.0 6250.0 -0.39572
3250.0 6250.0 -0.13477
3350.0 6250.0 0.25991
3450.0 6250.0 0.73634
3550.0 6250.0 1.21954
3650.0 6250.0 1.63467
3750.0 6250.0 1.92601
3850.0 6250.0 2.07216
3950.0 6250.0 2.09720
4050.0 6250.0 2.07360
4150.0 6250.0 2.04846
4250.0 6250.0 2.01916
4350.0 6250.0 1.97935
4450.0 6250.0 1.92456
4550.0 6250.0 1.85451
4650.0 6250.0 1.77364
4750.0 6250.0 1.68995
4850.0 6250.0 1.61189
4950.0 6250.0 1.54364
5050.0 6250.0 1.47798
5150.0 6250.0 1.38830
5250.0 6250.0 1.24199
5350.0 6250.0 1.01784
5450.0 6250.0 0.71471
5550.0 6250.0 0.35363
5650.0 6250.0 -0.02643
5750.0 6250.0 -0.37926
5850.0 6250.0 -0.66857
5950.0 6250.0 -0.89148
6050.0 6250.0 -1.06965
6150.0 6250.0 -1.10882
6250.0 6250.0 -0.97648
6350.0 6250.0 -0.73547
50.0 6350.0 -1.90216
150.0 6350.0 -1.65396
250.0 6350.0 -1.24955
350.0 6350.0 -0.69328
450.0 6350.0 -0.08404
550.0 6350.0 0.45462
650.0 6350.0 0.82383
750.0 6350.0 0.97821
850.0 6350.0 0.93399
950.0 6350.0 0.75670
1050.0 6350.0 0.52820
1150.0 6350.0 0.29559
1250.0 6350.0 0.07606
1350.0 6350.0 -0.10345
1450.0 6350.0 -0.21967
1550.0 6350.0 -0.26556
1650.0 6350.0 -0.25508
1750.0 6350.0 -0.22034
1850.0 6350.0 -0.20111
1950.0 6350.0 -0.22654
2050.0 6350.0 -0.29001
2150.0 6350.0 -0.37584
2250.0 6350.0 -0.49689
2350.0 6350.0 -0.63260
2450.0 6350.0 -0.74698
2550.0 6350.0 -0.80881
2650.0 6350.0 -0.80372
2750.0 6350.0 -0.73823
2850.0 6350.0 -0.63579
2950.0 6350.0 -0.52471
3050.0 6350.0 -0.41585
3150.0 6350.0 -0.23201
3250.0 6350.0 0.11067
3350.0 6350.0 0.60300
3450.0 6350.0 1.17757
3550.0 6350.0 1.74375
3650.0 6350.0 2.21611
3750.0 6350.0 2.53615
3850.0 6350.0 2.68747
3950.0 6350.0 2.70432
4050.0 6350.0 2.66780
4150.0 6350.0 2.61173
4250.0 6350.0 2.52493
4350.0 6350.0 2.41272
4450.0 6350.0 2.29025
4550.0 6350.0 2.17538
4650.0 6350.0 2.08322
4750.0 6350.0 2.02236
4850.0 6350.0 1.99274
4950.0 6350.0 1.98530
5050.0 6350.0 1.98247
5150.0 6350.0 1.95025
5250.0 6350.0 1.84085
5350.0 6350.0 1.61738
5450.0 6350.0 1.27120
5550.0 6350.0 0.82830
5650.0 6350.0 0.34473
5750.0 6350.0 -0.10899
5850.0 6350.0 -0.47436
5950.0 6350.0 -0.74243
6050.0 6350.0 -0.96226
6150.0 6350.0 -1.08141
6250.0 6350.0 -1.07160
6350.0 6350.0 -0.97224
