50.0 50.0 0.00000
150.0 50.0 -0.12733
250.0 50.0 -0.27828
350.0 50.0 -0.43843
450.0 50.0 -0.57446
550.0 50.0 -0.65333
650.0 50.0 -0.65507
750.0 50.0 -0.57923
850.0 50.0 -0.44503
950.0 50.0 -0.28518
1050.0 50.0 -0.13330
1150.0 50.0 -0.00511
1250.0 50.0 0.10094
1350.0 50.0 0.13525
1450.0 50.0 0.07562
1550.0 50.0 -0.05966
1650.0 50.0 -0.22990
1750.0 50.0 -0.38700
1850.0 50.0 -0.48742
1950.0 50.0 -0.50101
2050.0 50.0 -0.41680
2150.0 50.0 -0.24571
2250.0 50.0 -0.02017
2350.0 50.0 0.20897
2450.0 50.0 0.38569
2550.0 50.0 0.47344
2650.0 50.0 0.46042
2750.0 50.0 0.35828
2850.0 50.0 0.19827
2950.0 50.0 0.02489
3050.0 50.0 -0.11301
3150.0 50.0 -0.17367
3250.0 50.0 -0.13638
3350.0 50.0 -0.01796
3450.0 50.0 0.12259
3550.0 50.0 0.25398
3650.0 50.0 0.35754
3750.0 50.0 0.41468
3850.0 50.0 0.41490
3950.0 50.0 0.36024
4050.0 50.0 0.26605
4150.0 50.0 0.15802
4250.0 50.0 0.06568
4350.0 50.0 0.01204
4450.0 50.0 -0.00024
4550.0 50.0 -0.00490
4650.0 50.0 -0.04979
4750.0 50.0 -0.14429
4850.0 50.0 -0.26759
4950.0 50.0 -0.38638
5050.0 50.0 -0.46818
5150.0 50.0 -0.49049
5250.0 50.0 -0.44563
5350.0 50.0 -0.34125
5450.0 50.0 -0.19668
5550.0 50.0 -0.03488
5650.0 50.0 0.13401
5750.0 50.0 0.33049
5850.0 50.0 0.54366
5950.0 50.0 0.73237
6050.0 50.0 0.85187
6150.0 50.0 0.87219
6250.0 50.0 0.78826
6350.0 50.0 0.62154
50.0 150.0 -0.10266
150.0 150.0 -0.22624
250.0 150.0 -0.36450
350.0 150.0 -0.49933
450.0 150.0 -0.59817
550.0 150.0 -0.63180
650.0 150.0 -0.58579
750.0 150.0 -0.46574
850.0 150.0 -0.29615
950.0 150.0 -0.11308
1050.0 150.0 0.04947
1150.0 150.0 0.17951
1250.0 150.0 0.28426
1350.0 150.0 0.31066
1450.0 150.0 0.23309
1550.0 150.0 0.06968
1650.0 150.0 -0.13645
1750.0 150.0 -0.33314
1850.0 150.0 -0.47194
1950.0 150.0 -0.51801
2050.0 150.0 -0.45695
2150.0 150.0 -0.29863
2250.0 150.0 -0.07803
2350.0 150.0 0.14920
2450.0 150.0 0.33054
2550.0 150.0 0.43298
2650.0 150.0 0.44484
2750.0 150.0 0.37530
2850.0 150.0 0.25145
2950.0 150.0 0.11290
3050.0 150.0 0.00380
3150.0 150.0 -0.03748
3250.0 150.0 0.00875
3350.0 150.0 0.12815
3450.0 150.0 0.26703
3550.0 150.0 0.39336
3650.0 150.0 0.48667
3750.0 150.0 0.52845
3850.0 150.0 0.50967
3950.0 150.0 0.43464
4050.0 150.0 0.32121
4150.0 150.0 0.19739
4250.0 150.0 0.09422
4350.0 150.0 0.03508
4450.0 150.0 0.02130
4550.0 150.0 0.01713
4650.0 150.0 -0.02108
4750.0 150.0 -0.09904
4850.0 150.0 -0.19598
4950.0 150.0 -0.28125
5050.0 150.0 -0.32660
5150.0 150.0 -0.31438
5250.0 150.0 -0.24130
5350.0 150.0 -0.11809
5450.0 150.0 0.03513
5550.0 150.0 0.19771
5650.0 150.0 0.36477
5750.0 150.0 0.55751
5850.0 150.0 0.76404
5950.0 150.0 0.94347
6050.0 150.0 1.05210
6150.0 150.0 1.06140
6250.0 150.0 0.96766
6350.0 150.0 0.79350
50.0 250.0 -0.19151
150.0 250.0 -0.30244
250.0 250.0 -0.42157
350.0 250.0 -0.52914
450.0 250.0 -0.59452
550.0 250.0 -0.59226
650.0 250.0 -0.51221
750.0 250.0 -0.36367
850.0 250.0 -0.17353
950.0 250.0 0.02151
1050.0 250.0 0.18872
1150.0 250.0 0.31908
1250.0 250.0 0.42355
1350.0 250.0 0.45035
1450.0 250.0 0.37246
1550.0 250.0 0.20571
1650.0 250.0 -0.00877
1750.0 250.0 -0.21964
1850.0 250.0 -0.37786
1950.0 250.0 -0.44664
2050.0 250.0 -0.40884
2150.0 250.0 -0.27182
2250.0 250.0 -0.06975
2350.0 250.0 0.14118
2450.0 250.0 0.31459
2550.0 250.0 0.42287
2650.0 250.0 0.45564
2750.0 250.0 0.41975
2850.0 250.0 0.33718
2950.0 250.0 0.24070
3050.0 250.0 0.16729
3150.0 250.0 0.14945
3250.0 250.0 0.20424
3350.0 250.0 0.32019
3450.0 250.0 0.45180
3550.0 250.0 0.56786
3650.0 250.0 0.64665
3750.0 250.0 0.67029
3850.0 250.0 0.63144
3950.0 250.0 0.53653
4050.0 250.0 0.40543
4150.0 250.0 0.26762
4250.0 250.0 0.15483
4350.0 250.0 0.09011
4450.0 250.0 0.07347
4550.0 250.0 0.06823
4650.0 250.0 0.03657
4750.0 250.0 -0.02326
4850.0 250.0 -0.09128
4950.0 250.0 -0.14072
5050.0 250.0 -0.14875
5150.0 250.0 -0.10331
5250.0 250.0 -0.00576
5350.0 250.0 0.13042
5450.0 250.0 0.28504
5550.0 250.0 0.44062
5650.0 250.0 0.59794
5750.0 250.0 0.77901
5850.0 250.0 0.97213
5950.0 250.0 1.13840
6050.0 250.0 1.23655
6150.0 250.0 1.23987
6250.0 250.0 1.14541
6350.0 250.0 0.97511
50.0 350.0 -0.25198
150.0 350.0 -0.33762
250.0 350.0 -0.42900
350.0 350.0 -0.50793
450.0 350.0 -0.54734
550.0 350.0 -0.52529
650.0 350.0 -0.43373
750.0 350.0 -0.28194
850.0 350.0 -0.09473
950.0 350.0 0.09473
1050.0 350.0 0.25730
1150.0 350.0 0.38561
1250.0 350.0 0.49123
1350.0 350.0 0.53013
1450.0 350.0 0.47668
1550.0 350.0 0.34133
1650.0 350.0 0.15703
1750.0 350.0 -0.03269
1850.0 350.0 -0.18417
1950.0 350.0 -0.26248
2050.0 350.0 -0.24865
2150.0 350.0 -0.14545
2250.0 350.0 0.01853
2350.0 350.0 0.19239
2450.0 350.0 0.33919
2550.0 350.0 0.43906
2650.0 350.0 0.48460
2750.0 350.0 0.48080
2850.0 350.0 0.44353
2950.0 350.0 0.39638
3050.0 350.0 0.36596
3150.0 350.0 0.37562
3250.0 350.0 0.43757
3350.0 350.0 0.54352
3450.0 350.0 0.65993
3550.0 350.0 0.75893
3650.0 350.0 0.81874
3750.0 350.0 0.82284
3850.0 350.0 0.76568
3950.0 350.0 0.65520
4050.0 350.0 0.51209
4150.0 350.0 0.36573
4250.0 350.0 0.24697
4350.0 350.0 0.17755
4450.0 350.0 0.15631
4550.0 350.0 0.14767
4650.0 350.0 0.12175
4750.0 350.0 0.08086
4850.0 350.0 0.04304
4950.0 350.0 0.02969
5050.0 350.0 0.05691
5150.0 350.0 0.13047
5250.0 350.0 0.24443
5350.0 350.0 0.38331
5450.0 350.0 0.52800
5550.0 350.0 0.66518
5650.0 350.0 0.80139
5750.0 350.0 0.95938
5850.0 350.0 1.12928
5950.0 350.0 1.27665
6050.0 350.0 1.36460
6150.0 350.0 1.36898
6250.0 350.0 1.28654
6350.0 350.0 1.13616
50.0 450.0 -0.27375
150.0 450.0 -0.32209
250.0 450.0 -0.37829
350.0 450.0 -0.42913
450.0 450.0 -0.45264
550.0 450.0 -0.42983
650.0 450.0 -0.35222
750.0 450.0 -0.22505
850.0 450.0 -0.06626
950.0 450.0 0.09879
1050.0 450.0 0.24688
1150.0 450.0 0.37074
1250.0 450.0 0.47884
1350.0 450.0 0.54077
1450.0 450.0 0.53488
1550.0 450.0 0.46323
1650.0 450.0 0.34481
1750.0 450.0 0.20877
1850.0 450.0 0.08780
1950.0 450.0 0.01151
2050.0 450.0 -0.00011
2150.0 450.0 0.05687
2250.0 450.0 0.16386
2350.0 450.0 0.28054
2450.0 450.0 0.38185
2550.0 450.0 0.45754
2650.0 450.0 0.50477
2750.0 450.0 0.52747
2850.0 450.0 0.53493
2950.0 450.0 0.53991
3050.0 450.0 0.55606
3150.0 450.0 0.59477
3250.0 450.0 0.66139
3350.0 450.0 0.75080
3450.0 450.0 0.84450
3550.0 450.0 0.92084
3650.0 450.0 0.95959
3750.0 450.0 0.94626
3850.0 450.0 0.87687
3950.0 450.0 0.75977
4050.0 450.0 0.61466
4150.0 450.0 0.46878
4250.0 450.0 0.35017
4350.0 450.0 0.27815
4450.0 450.0 0.25092
4550.0 450.0 0.23656
4650.0 450.0 0.21477
4750.0 450.0 0.19160
4850.0 450.0 0.18205
4950.0 450.0 0.20096
5050.0 450.0 0.25697
5150.0 450.0 0.34946
5250.0 450.0 0.46850
5350.0 450.0 0.59775
5450.0 450.0 0.72036
5550.0 450.0 0.82787
5650.0 450.0 0.93205
5750.0 450.0 1.05592
5850.0 450.0 1.19299
5950.0 450.0 1.31569
6050.0 450.0 1.39344
6150.0 450.0 1.40528
6250.0 450.0 1.34681
6350.0 450.0 1.23152
50.0 550.0 -0.25432
150.0 550.0 -0.25702
250.0 550.0 -0.27384
350.0 550.0 -0.29926
450.0 550.0 -0.31746
550.0 550.0 -0.31167
650.0 550.0 -0.27065
750.0 550.0 -0.19212
850.0 550.0 -0.08329
950.0 550.0 0.04172
1050.0 550.0 0.16729
1150.0 550.0 0.28478
1250.0 550.0 0.39623
1350.0 550.0 0.48852
1450.0 550.0 0.54565
1550.0 550.0 0.55923
1650.0 550.0 0.53023
1750.0 550.0 0.46904
1850.0 550.0 0.39368
1950.0 550.0 0.32618
2050.0 550.0 0.28716
2150.0 550.0 0.28871
2250.0 550.0 0.32528
2350.0 550.0 0.37042
2450.0 550.0 0.41179
2550.0 550.0 0.44959
2650.0 550.0 0.48677
2750.0 550.0 0.52705
2850.0 550.0 0.57345
2950.0 550.0 0.62739
3050.0 550.0 0.68843
3150.0 550.0 0.75447
3250.0 550.0 0.82261
3350.0 550.0 0.89058
3450.0 550.0 0.95641
3550.0 550.0 1.00727
3650.0 550.0 1.02614
3750.0 550.0 1.00109
3850.0 550.0 0.92912
3950.0 550.0 0.81755
4050.0 550.0 0.68310
4150.0 550.0 0.54867
4250.0 550.0 0.43769
4350.0 550.0 0.36614
4450.0 550.0 0.33228
4550.0 550.0 0.31043
4650.0 550.0 0.29063
4750.0 550.0 0.28189
4850.0 550.0 0.29537
4950.0 550.0 0.33889
5050.0 550.0 0.41369
5150.0 550.0 0.51340
5250.0 550.0 0.62519
5350.0 550.0 0.73308
5450.0 550.0 0.82351
5550.0 550.0 0.89304
5650.0 550.0 0.95746
5750.0 550.0 1.03932
5850.0 550.0 1.13662
5950.0 550.0 1.23028
6050.0 550.0 1.29744
6150.0 550.0 1.32087
6250.0 550.0 1.29441
6350.0 550.0 1.22458
50.0 650.0 -0.20033
150.0 650.0 -0.15459
250.0 650.0 -0.13192
350.0 650.0 -0.13611
450.0 650.0 -0.15776
550.0 650.0 -0.18158
650.0 650.0 -0.19195
750.0 650.0 -0.17700
850.0 650.0 -0.13096
950.0 650.0 -0.05501
1050.0 650.0 0.04354
1150.0 650.0 0.15368
1250.0 650.0 0.26872
1350.0 650.0 0.39353
1450.0 650.0 0.51817
1550.0 650.0 0.62301
1650.0 650.0 0.68976
1750.0 650.0 0.70871
1850.0 650.0 0.68214
1950.0 650.0 0.62397
2050.0 650.0 0.55553
2150.0 650.0 0.49764
2250.0 650.0 0.45872
2350.0 650.0 0.42681
2450.0 650.0 0.40139
2550.0 650.0 0.39272
2650.0 650.0 0.41000
2750.0 650.0 0.45763
2850.0 650.0 0.53330
2950.0 650.0 0.62791
3050.0 650.0 0.72733
3150.0 650.0 0.81606
3250.0 650.0 0.88264
3350.0 650.0 0.92695
3450.0 650.0 0.96323
3550.0 650.0 0.98917
3650.0 650.0 0.99233
3750.0 650.0 0.96356
3850.0 650.0 0.90005
3950.0 650.0 0.80663
4050.0 650.0 0.69529
4150.0 650.0 0.58280
4250.0 650.0 0.48659
4350.0 650.0 0.41882
4450.0 650.0 0.37859
4550.0 650.0 0.34844
4650.0 650.0 0.32843
4750.0 650.0 0.32951
4850.0 650.0 0.35868
4950.0 650.0 0.41707
5050.0 650.0 0.49940
5150.0 650.0 0.59473
5250.0 650.0 0.68865
5350.0 650.0 0.76667
5450.0 650.0 0.81909
5550.0 650.0 0.84707
5650.0 650.0 0.86886
5750.0 650.0 0.90573
5850.0 650.0 0.96044
5950.0 650.0 1.02305
6050.0 650.0 1.07896
6150.0 650.0 1.11491
6250.0 650.0 1.12288
6350.0 650.0 1.10186
50.0 750.0 -0.12677
150.0 750.0 -0.03583
250.0 750.0 0.02237
350.0 750.0 0.03481
450.0 750.0 0.00488
550.0 750.0 -0.05297
650.0 750.0 -0.11827
750.0 750.0 -0.16926
850.0 750.0 -0.18726
950.0 750.0 -0.16073
1050.0 750.0 -0.08910
1150.0 750.0 0.01385
1250.0 750.0 0.13204
1350.0 750.0 0.28596
1450.0 750.0 0.47078
1550.0 750.0 0.65638
1650.0 750.0 0.80688
1750.0 750.0 0.89444
1850.0 750.0 0.90745
1950.0 750.0 0.85297
2050.0 750.0 0.75353
2150.0 750.0 0.63824
2250.0 750.0 0.52818
2350.0 750.0 0.42369
2450.0 750.0 0.33370
2550.0 750.0 0.27708
2650.0 750.0 0.26891
2750.0 750.0 0.31490
2850.0 750.0 0.40878
2950.0 750.0 0.53275
3050.0 750.0 0.66097
3150.0 750.0 0.76611
3250.0 750.0 0.82883
3350.0 750.0 0.85045
3450.0 750.0 0.85929
3550.0 750.0 0.86400
3650.0 750.0 0.85752
3750.0 750.0 0.83327
3850.0 750.0 0.78787
3950.0 750.0 0.72260
4050.0 750.0 0.64354
4150.0 750.0 0.56040
4250.0 750.0 0.48406
4350.0 750.0 0.42281
4450.0 750.0 0.37726
4550.0 750.0 0.33911
4650.0 750.0 0.31720
4750.0 750.0 0.32335
4850.0 750.0 0.36063
4950.0 750.0 0.42452
5050.0 750.0 0.50463
5150.0 750.0 0.58695
5250.0 750.0 0.65668
5350.0 750.0 0.70156
5450.0 750.0 0.71572
5550.0 750.0 0.70411
5650.0 750.0 0.68587
5750.0 750.0 0.68022
5850.0 750.0 0.69427
5950.0 750.0 0.72661
6050.0 750.0 0.77050
6150.0 750.0 0.81658
6250.0 750.0 0.85528
6350.0 750.0 0.87876
50.0 850.0 -0.05398
150.0 850.0 0.07353
250.0 850.0 0.16019
350.0 850.0 0.18536
450.0 850.0 0.14760
550.0 850.0 0.06077
650.0 850.0 -0.05055
750.0 850.0 -0.15639
850.0 850.0 -0.22741
950.0 850.0 -0.24170
1050.0 850.0 -0.19224
1150.0 850.0 -0.09517
1250.0 850.0 0.02514
1350.0 850.0 0.19989
1450.0 850.0 0.42732
1550.0 850.0 0.66889
1650.0 850.0 0.87539
1750.0 850.0 1.00576
1850.0 850.0 1.03877
1950.0 850.0 0.97743
2050.0 850.0 0.84626
2150.0 850.0 0.68130
2250.0 850.0 0.51296
2350.0 850.0 0.34947
2450.0 850.0 0.20589
2550.0 850.0 0.10748
2650.0 850.0 0.07412
2750.0 850.0 0.11303
2850.0 850.0 0.21542
2950.0 850.0 0.35727
3050.0 850.0 0.50397
3150.0 850.0 0.61911
3250.0 850.0 0.67711
3350.0 850.0 0.68001
3450.0 850.0 0.66686
3550.0 850.0 0.65633
3650.0 850.0 0.64666
3750.0 850.0 0.63335
3850.0 850.0 0.61186
3950.0 850.0 0.57947
4050.0 850.0 0.53619
4150.0 850.0 0.48479
4250.0 850.0 0.43000
4350.0 850.0 0.37674
4450.0 850.0 0.32748
4550.0 850.0 0.28270
4650.0 850.0 0.25811
4750.0 850.0 0.26564
4850.0 850.0 0.30514
4950.0 850.0 0.36791
5050.0 850.0 0.44011
5150.0 850.0 0.50601
5250.0 850.0 0.55125
5350.0 850.0 0.56589
5450.0 850.0 0.54734
5550.0 850.0 0.50323
5650.0 850.0 0.45248
5750.0 850.0 0.41181
5850.0 850.0 0.39148
5950.0 850.0 0.39699
6050.0 850.0 0.42816
6150.0 850.0 0.47918
6250.0 850.0 0.53963
6350.0 850.0 0.59653
50.0 950.0 -0.00243
150.0 950.0 0.14951
250.0 950.0 0.25596
350.0 950.0 0.29159
450.0 950.0 0.25169
550.0 950.0 0.14942
650.0 950.0 0.01162
750.0 950.0 -0.12681
850.0 950.0 -0.22993
950.0 950.0 -0.26925
1050.0 950.0 -0.23355
1150.0 950.0 -0.14022
1250.0 950.0 -0.01918
1350.0 950.0 0.16510
1450.0 950.0 0.41113
1550.0 950.0 0.67496
1650.0 950.0 0.89999
1750.0 950.0 1.03868
1850.0 950.0 1.06601
1950.0 950.0 0.98464
2050.0 950.0 0.82204
2150.0 950.0 0.61918
2250.0 950.0 0.41120
2350.0 950.0 0.20845
2450.0 950.0 0.02863
2550.0 950.0 -0.09903
2650.0 950.0 -0.15147
2750.0 950.0 -0.12024
2850.0 950.0 -0.01543
2950.0 950.0 0.13521
3050.0 950.0 0.29165
3150.0 950.0 0.41171
3250.0 950.0 0.46574
3350.0 950.0 0.45604
3450.0 950.0 0.42855
3550.0 950.0 0.40973
3650.0 950.0 0.40225
3750.0 950.0 0.40299
3850.0 950.0 0.40599
3950.0 950.0 0.40483
4050.0 950.0 0.39427
4150.0 950.0 0.37136
4250.0 950.0 0.33595
4350.0 950.0 0.29050
4450.0 950.0 0.23935
4550.0 950.0 0.19011
4650.0 950.0 0.16320
4750.0 950.0 0.17031
4850.0 950.0 0.20917
4950.0 950.0 0.26849
5050.0 950.0 0.33247
5150.0 950.0 0.38462
5250.0 950.0 0.41124
5350.0 950.0 0.40417
5450.0 950.0 0.36308
5550.0 950.0 0.29722
5650.0 950.0 0.22479
5750.0 950.0 0.15996
5850.0 950.0 0.11454
5950.0 950.0 0.09858
6050.0 950.0 0.11660
6150.0 950.0 0.16569
6250.0 950.0 0.23554
6350.0 950.0 0.31039
50.0 1050.0 0.01466
150.0 1050.0 0.17840
250.0 1050.0 0.29645
350.0 1050.0 0.34212
450.0 1050.0 0.30909
550.0 1050.0 0.20940
650.0 1050.0 0.06975
750.0 1050.0 -0.07404
850.0 1050.0 -0.18416
950.0 1050.0 -0.22986
1050.0 1050.0 -0.19812
1150.0 1050.0 -0.10607
1250.0 1050.0 0.01429
1350.0 1050.0 0.19650
1450.0 1050.0 0.43663
1550.0 1050.0 0.68839
1650.0 1050.0 0.89396
1750.0 1050.0 1.00625
1850.0 1050.0 1.00233
1950.0 1050.0 0.88830
2050.0 1050.0 0.69539
2150.0 1050.0 0.46739
2250.0 1050.0 0.23946
2350.0 1050.0 0.01839
2450.0 1050.0 -0.17842
2550.0 1050.0 -0.31994
2650.0 1050.0 -0.38159
2750.0 1050.0 -0.35435
2850.0 1050.0 -0.24885
2950.0 1050.0 -0.09452
3050.0 1050.0 0.06613
3150.0 1050.0 0.18826
3250.0 1050.0 0.24034
3350.0 1050.0 0.22473
3450.0 1050.0 0.19080
3550.0 1050.0 0.17004
3650.0 1050.0 0.16808
3750.0 1050.0 0.18246
3850.0 1050.0 0.20590
3950.0 1050.0 0.22913
4050.0 1050.0 0.24320
4150.0 1050.0 0.24135
4250.0 1050.0 0.22029
4350.0 1050.0 0.18112
4450.0 1050.0 0.12966
4550.0 1050.0 0.07835
4650.0 1050.0 0.05036
4750.0 1050.0 0.05729
4850.0 1050.0 0.09587
4950.0 1050.0 0.15361
5050.0 1050.0 0.21378
5150.0 1050.0 0.25955
5250.0 1050.0 0.27751
5350.0 1050.0 0.26033
5450.0 1050.0 0.20873
5550.0 1050.0 0.13272
5650.0 1050.0 0.05003
5750.0 1050.0 -0.02746
5850.0 1050.0 -0.08803
5950.0 1050.0 -0.11956
6050.0 1050.0 -0.11484
6150.0 1050.0 -0.07456
6250.0 1050.0 -0.00795
6350.0 1050.0 0.06889
50.0 1150.0 0.00091
150.0 1150.0 0.16750
250.0 1150.0 0.29175
350.0 1150.0 0.34821
450.0 1150.0 0.33006
550.0 1150.0 0.24777
650.0 1150.0 0.12591
750.0 1150.0 -0.00182
850.0 1150.0 -0.09943
950.0 1150.0 -0.13714
1050.0 1150.0 -0.10184
1150.0 1150.0 -0.00925
1250.0 1150.0 0.10944
1350.0 1150.0 0.28149
1450.0 1150.0 0.49860
1550.0 1150.0 0.71435
1650.0 1150.0 0.87408
1750.0 1150.0 0.93595
1850.0 1150.0 0.88329
1950.0 1150.0 0.72818
2050.0 1150.0 0.50617
2150.0 1150.0 0.26237
2250.0 1150.0 0.02859
2350.0 1150.0 -0.19578
2450.0 1150.0 -0.39534
2550.0 1150.0 -0.53856
2650.0 1150.0 -0.60062
2750.0 1150.0 -0.57249
2850.0 1150.0 -0.46510
2950.0 1150.0 -0.30843
3050.0 1150.0 -0.14564
3150.0 1150.0 -0.02221
3250.0 1150.0 0.02996
3350.0 1150.0 0.01337
3450.0 1150.0 -0.02141
3550.0 1150.0 -0.04012
3650.0 1150.0 -0.03537
3750.0 1150.0 -0.00951
3850.0 1150.0 0.02906
3950.0 1150.0 0.06918
4050.0 1150.0 0.09962
4150.0 1150.0 0.11143
4250.0 1150.0 0.09971
4350.0 1150.0 0.06502
4450.0 1150.0 0.01425
4550.0 1150.0 -0.03738
4650.0 1150.0 -0.06511
4750.0 1150.0 -0.05711
4850.0 1150.0 -0.01681
4950.0 1150.0 0.04291
5050.0 1150.0 0.10487
5150.0 1150.0 0.15186
5250.0 1150.0 0.17022
5350.0 1150.0 0.15255
5450.0 1150.0 0.09973
5550.0 1150.0 0.02203
5650.0 1150.0 -0.06277
5750.0 1150.0 -0.14467
5850.0 1150.0 -0.21320
5950.0 1150.0 -0.25595
6050.0 1150.0 -0.26447
6150.0 1150.0 -0.23772
6250.0 1150.0 -0.18321
6350.0 1150.0 -0.11566
50.0 1250.0 -0.03285
150.0 1250.0 0.13412
250.0 1250.0 0.26344
350.0 1250.0 0.33171
450.0 1250.0 0.33187
550.0 1250.0 0.27252
650.0 1250.0 0.17535
750.0 1250.0 0.07078
850.0 1250.0 -0.00809
950.0 1250.0 -0.03349
1050.0 1250.0 0.00734
1150.0 1250.0 0.10060
1250.0 1250.0 0.21682
1350.0 1250.0 0.37546
1450.0 1250.0 0.56334
1550.0 1250.0 0.73484
1650.0 1250.0 0.83998
1750.0 1250.0 0.84390
1850.0 1250.0 0.73753
1950.0 1250.0 0.53962
2050.0 1250.0 0.29007
2150.0 1250.0 0.03456
2250.0 1250.0 -0.19955
2350.0 1250.0 -0.42151
2450.0 1250.0 -0.61865
2550.0 1250.0 -0.75955
2650.0 1250.0 -0.81953
2750.0 1250.0 -0.78967
2850.0 1250.0 -0.68094
2950.0 1250.0 -0.52323
3050.0 1250.0 -0.35959
3150.0 1250.0 -0.23527
3250.0 1250.0 -0.18205
3350.0 1250.0 -0.19736
3450.0 1250.0 -0.23049
3550.0 1250.0 -0.24552
3650.0 1250.0 -0.23393
3750.0 1250.0 -0.19803
3850.0 1250.0 -0.14701
3950.0 1250.0 -0.09336
4050.0 1250.0 -0.04986
4150.0 1250.0 -0.02693
4250.0 1250.0 -0.03050
4350.0 1250.0 -0.06034
4450.0 1250.0 -0.10880
4550.0 1250.0 -0.15874
4650.0 1250.0 -0.18400
4750.0 1250.0 -0.17243
4850.0 1250.0 -0.12764
4950.0 1250.0 -0.06299
5050.0 1250.0 0.00377
5150.0 1250.0 0.05491
5250.0 1250.0 0.07641
5350.0 1250.0 0.06074
5450.0 1250.0 0.00885
5550.0 1250.0 -0.06858
5650.0 1250.0 -0.15364
5750.0 1250.0 -0.23847
5850.0 1250.0 -0.31429
5950.0 1250.0 -0.36867
6050.0 1250.0 -0.39192
6150.0 1250.0 -0.38112
6250.0 1250.0 -0.34163
6350.0 1250.0 -0.28623
50.0 1350.0 -0.12230
150.0 1350.0 0.04244
250.0 1350.0 0.17638
350.0 1350.0 0.25917
450.0 1350.0 0.28356
550.0 1350.0 0.25543
650.0 1350.0 0.19229
750.0 1350.0 0.11979
850.0 1350.0 0.06661
950.0 1350.0 0.05749
1050.0 1350.0 0.10457
1150.0 1350.0 0.19682
1250.0 1350.0 0.30749
1350.0 1350.0 0.44571
1450.0 1350.0 0.59307
1550.0 1350.0 0.70688
1650.0 1350.0 0.74500
1750.0 1350.0 0.68235
1850.0 1350.0 0.51931
1950.0 1350.0 0.28176
2050.0 1350.0 0.01298
2150.0 1350.0 -0.24265
2250.0 1350.0 -0.46430
2350.0 1350.0 -0.67131
2450.0 1350.0 -0.85589
2550.0 1350.0 -0.98853
2650.0 1350.0 -1.04537
2750.0 1350.0 -1.01722
2850.0 1350.0 -0.91368
2950.0 1350.0 -0.76249
3050.0 1350.0 -0.60410
3150.0 1350.0 -0.48148
3250.0 1350.0 -0.42509
3350.0 1350.0 -0.43303
3450.0 1350.0 -0.45771
3550.0 1350.0 -0.46501
3650.0 1350.0 -0.44666
3750.0 1350.0 -0.40479
3850.0 1350.0 -0.34812
3950.0 1350.0 -0.28865
4050.0 1350.0 -0.23868
4150.0 1350.0 -0.20833
4250.0 1350.0 -0.20346
4350.0 1350.0 -0.22394
4450.0 1350.0 -0.26249
4550.0 1350.0 -0.30209
4650.0 1350.0 -0.31532
4750.0 1350.0 -0.28990
4850.0 1350.0 -0.23069
4950.0 1350.0 -0.15270
5050.0 1350.0 -0.07516
5150.0 1350.0 -0.01655
5250.0 1350.0 0.00913
5350.0 1350.0 -0.00484
5450.0 1350.0 -0.05623
5550.0 1350.0 -0.13330
5650.0 1350.0 -0.21845
5750.0 1350.0 -0.30802
5850.0 1350.0 -0.39567
5950.0 1350.0 -0.46823
6050.0 1350.0 -0.51338
6150.0 1350.0 -0.52472
6250.0 1350.0 -0.50418
6350.0 1350.0 -0.46188
50.0 1450.0 -0.26998
150.0 1450.0 -0.11156
250.0 1450.0 0.02505
350.0 1450.0 0.12366
450.0 1450.0 0.17679
550.0 1450.0 0.18694
650.0 1450.0 0.16607
750.0 1450.0 0.13353
850.0 1450.0 0.11207
950.0 1450.0 0.12229
1050.0 1450.0 0.17536
1150.0 1450.0 0.26389
1250.0 1450.0 0.36476
1350.0 1450.0 0.47404
1450.0 1450.0 0.56831
1550.0 1450.0 0.61096
1650.0 1450.0 0.57158
1750.0 1450.0 0.43818
1850.0 1450.0 0.22214
1950.0 1450.0 -0.04386
2050.0 1450.0 -0.31520
2150.0 1450.0 -0.55179
2250.0 1450.0 -0.74172
2350.0 1450.0 -0.91535
2450.0 1450.0 -1.07265
2550.0 1450.0 -1.18873
2650.0 1450.0 -1.24165
2750.0 1450.0 -1.22126
2850.0 1450.0 -1.13361
2950.0 1450.0 -1.00102
3050.0 1450.0 -0.85774
3150.0 1450.0 -0.74118
3250.0 1450.0 -0.67875
3350.0 1450.0 -0.67041
3450.0 1450.0 -0.67667
3550.0 1450.0 -0.67056
3650.0 1450.0 -0.64630
3750.0 1450.0 -0.60558
3850.0 1450.0 -0.55473
3950.0 1450.0 -0.50235
4050.0 1450.0 -0.45711
4150.0 1450.0 -0.42606
4250.0 1450.0 -0.41313
4350.0 1450.0 -0.41804
4450.0 1450.0 -0.43555
4550.0 1450.0 -0.45218
4650.0 1450.0 -0.44003
4750.0 1450.0 -0.38738
4850.0 1450.0 -0.30188
4950.0 1450.0 -0.20178
5050.0 1450.0 -0.10857
5150.0 1450.0 -0.04143
5250.0 1450.0 -0.01320
5350.0 1450.0 -0.02804
5450.0 1450.0 -0.08072
5550.0 1450.0 -0.15752
5650.0 1450.0 -0.24249
5750.0 1450.0 -0.33895
5850.0 1450.0 -0.44382
5950.0 1450.0 -0.54217
6050.0 1450.0 -0.61712
6150.0 1450.0 -0.65680
6250.0 1450.0 -0.65818
6350.0 1450.0 -0.62802
50.0 1550.0 -0.44232
150.0 1550.0 -0.29447
250.0 1550.0 -0.15874
350.0 1550.0 -0.04677
450.0 1550.0 0.03391
550.0 1550.0 0.08219
650.0 1550.0 0.10416
750.0 1550.0 0.11224
850.0 1550.0 0.12268
950.0 1550.0 0.15145
1050.0 1550.0 0.20848
1150.0 1550.0 0.29034
1250.0 1550.0 0.37765
1350.0 1550.0 0.45216
1450.0 1550.0 0.48661
1550.0 1550.0 0.45344
1650.0 1550.0 0.33702
1750.0 1550.0 0.14021
1850.0 1550.0 -0.11442
1950.0 1550.0 -0.38913
2050.0 1550.0 -0.64090
2150.0 1550.0 -0.83697
2250.0 1550.0 -0.97586
2350.0 1550.0 -1.09817
2450.0 1550.0 -1.21411
2550.0 1550.0 -1.30624
2650.0 1550.0 -1.35552
2750.0 1550.0 -1.35007
2850.0 1550.0 -1.29015
2950.0 1550.0 -1.18932
3050.0 1550.0 -1.07185
3150.0 1550.0 -0.96632
3250.0 1550.0 -0.89546
3350.0 1550.0 -0.86221
3450.0 1550.0 -0.84039
3550.0 1550.0 -0.81574
3650.0 1550.0 -0.78736
3750.0 1550.0 -0.75625
3850.0 1550.0 -0.72434
3950.0 1550.0 -0.69373
4050.0 1550.0 -0.66616
4150.0 1550.0 -0.64260
4250.0 1550.0 -0.62314
4350.0 1550.0 -0.60700
4450.0 1550.0 -0.59277
4550.0 1550.0 -0.57422
4650.0 1550.0 -0.52466
4750.0 1550.0 -0.43410
4850.0 1550.0 -0.31458
4950.0 1550.0 -0.18864
5050.0 1550.0 -0.08034
5150.0 1550.0 -0.00873
5250.0 1550.0 0.01621
5350.0 1550.0 -0.00497
5450.0 1550.0 -0.06215
5550.0 1550.0 -0.13914
5650.0 1550.0 -0.22359
5750.0 1550.0 -0.32833
5850.0 1550.0 -0.45396
5950.0 1550.0 -0.58273
6050.0 1550.0 -0.69160
6150.0 1550.0 -0.76169
6250.0 1550.0 -0.78408
6350.0 1550.0 -0.76190
50.0 1650.0 -0.59328
150.0 1650.0 -0.45940
250.0 1650.0 -0.32917
350.0 1650.0 -0.21008
450.0 1650.0 -0.10955
550.0 1650.0 -0.03172
650.0 1650.0 0.02437
750.0 1650.0 0.06500
850.0 1650.0 0.10055
950.0 1650.0 0.14270
1050.0 1650.0 0.20013
1150.0 1650.0 0.27277
1250.0 1650.0 0.34431
1350.0 1650.0 0.38285
1450.0 1650.0 0.35936
1550.0 1650.0 0.25738
1650.0 1650.0 0.07713
1750.0 1650.0 -0.16384
1850.0 1650.0 -0.43360
1950.0 1650.0 -0.69213
2050.0 1650.0 -0.90124
2150.0 1650.0 -1.03792
2250.0 1650.0 -1.11124
2350.0 1650.0 -1.16943
2450.0 1650.0 -1.23429
2550.0 1650.0 -1.29796
2650.0 1650.0 -1.34504
2750.0 1650.0 -1.36129
2850.0 1650.0 -1.33932
2950.0 1650.0 -1.28132
3050.0 1650.0 -1.19868
3150.0 1650.0 -1.10866
3250.0 1650.0 -1.02807
3350.0 1650.0 -0.96383
3450.0 1650.0 -0.90707
3550.0 1650.0 -0.86071
3650.0 1650.0 -0.83067
3750.0 1650.0 -0.81710
3850.0 1650.0 -0.81588
3950.0 1650.0 -0.82016
4050.0 1650.0 -0.82197
4150.0 1650.0 -0.81381
4250.0 1650.0 -0.79030
4350.0 1650.0 -0.74985
4450.0 1650.0 -0.69634
4550.0 1650.0 -0.63401
4650.0 1650.0 -0.53961
4750.0 1650.0 -0.40640
4850.0 1650.0 -0.25189
4950.0 1650.0 -0.10336
5050.0 1650.0 0.01313
5150.0 1650.0 0.08008
5250.0 1650.0 0.09235
5350.0 1650.0 0.05734
5450.0 1650.0 -0.00846
5550.0 1650.0 -0.08638
5650.0 1650.0 -0.16996
5750.0 1650.0 -0.28314
5850.0 1650.0 -0.42998
5950.0 1650.0 -0.58911
6050.0 1650.0 -0.73049
6150.0 1650.0 -0.82769
6250.0 1650.0 -0.86577
6350.0 1650.0 -0.84471
50.0 1750.0 -0.68195
150.0 1750.0 -0.56386
250.0 1750.0 -0.44374
350.0 1750.0 -0.32615
450.0 1750.0 -0.21822
550.0 1750.0 -0.12591
650.0 1750.0 -0.05167
750.0 1750.0 0.00658
850.0 1750.0 0.05504
950.0 1750.0 0.10219
1050.0 1750.0 0.15565
1150.0 1750.0 0.21758
1250.0 1750.0 0.27313
1350.0 1750.0 0.27936
1450.0 1750.0 0.20794
1550.0 1750.0 0.05414
1650.0 1750.0 -0.16691
1750.0 1750.0 -0.42534
1850.0 1750.0 -0.68292
1950.0 1750.0 -0.90077
2050.0 1750.0 -1.04829
2150.0 1750.0 -1.11354
2250.0 1750.0 -1.11472
2350.0 1750.0 -1.10388
2450.0 1750.0 -1.11435
2550.0 1750.0 -1.14894
2650.0 1750.0 -1.19613
2750.0 1750.0 -1.23890
2850.0 1750.0 -1.26124
2950.0 1750.0 -1.25262
3050.0 1750.0 -1.21017
3150.0 1750.0 -1.13868
3250.0 1750.0 -1.04848
3350.0 1750.0 -0.95100
3450.0 1750.0 -0.85672
3550.0 1750.0 -0.78810
3650.0 1750.0 -0.75898
3750.0 1750.0 -0.76860
3850.0 1750.0 -0.80588
3950.0 1750.0 -0.85368
4050.0 1750.0 -0.89282
4150.0 1750.0 -0.90593
4250.0 1750.0 -0.88125
4350.0 1750.0 -0.81617
4450.0 1750.0 -0.72068
4550.0 1750.0 -0.61143
4650.0 1750.0 -0.47095
4750.0 1750.0 -0.29723
4850.0 1750.0 -0.11376
4950.0 1750.0 0.04794
5050.0 1750.0 0.16099
5150.0 1750.0 0.21115
5250.0 1750.0 0.19997
5350.0 1750.0 0.14325
5450.0 1750.0 0.06474
5550.0 1750.0 -0.01499
5650.0 1750.0 -0.09745
5750.0 1750.0 -0.21796
5850.0 1750.0 -0.38328
5950.0 1750.0 -0.56808
6050.0 1750.0 -0.73539
6150.0 1750.0 -0.85176
6250.0 1750.0 -0.89707
6350.0 1750.0 -0.86907
50.0 1850.0 -0.68384
150.0 1850.0 -0.58133
250.0 1850.0 -0.47483
350.0 1850.0 -0.36757
450.0 1850.0 -0.26622
550.0 1850.0 -0.17713
650.0 1850.0 -0.10385
750.0 1850.0 -0.04594
850.0 1850.0 0.00094
950.0 1850.0 0.04370
1050.0 1850.0 0.08917
1150.0 1850.0 0.14019
1250.0 1850.0 0.18155
1350.0 1850.0 0.16298
1450.0 1850.0 0.05907
1550.0 1850.0 -0.12401
1650.0 1850.0 -0.35900
1750.0 1850.0 -0.60741
1850.0 1850.0 -0.82850
1950.0 1850.0 -0.98755
2050.0 1850.0 -1.06329
2150.0 1850.0 -1.05460
2250.0 1850.0 -0.98642
2350.0 1850.0 -0.91053
2450.0 1850.0 -0.87040
2550.0 1850.0 -0.87920
2650.0 1850.0 -0.92909
2750.0 1850.0 -1.00012
2850.0 1850.0 -1.06780
2950.0 1850.0 -1.10913
3050.0 1850.0 -1.10736
3150.0 1850.0 -1.05522
3250.0 1850.0 -0.95684
3350.0 1850.0 -0.82819
3450.0 1850.0 -0.69863
3550.0 1850.0 -0.60990
3650.0 1850.0 -0.58377
3750.0 1850.0 -0.61859
3850.0 1850.0 -0.69645
3950.0 1850.0 -0.78994
4050.0 1850.0 -0.86870
4150.0 1850.0 -0.90554
4250.0 1850.0 -0.88225
4350.0 1850.0 -0.79517
4450.0 1850.0 -0.66033
4550.0 1850.0 -0.50711
4650.0 1850.0 -0.32564
4750.0 1850.0 -0.11977
4850.0 1850.0 0.08136
4950.0 1850.0 0.24312
5050.0 1850.0 0.33936
5150.0 1850.0 0.36063
5250.0 1850.0 0.31646
5350.0 1850.0 0.23177
5450.0 1850.0 0.13747
5550.0 1850.0 0.05513
5650.0 1850.0 -0.02608
5750.0 1850.0 -0.15187
5850.0 1850.0 -0.33054
5950.0 1850.0 -0.53295
6050.0 1850.0 -0.71621
6150.0 1850.0 -0.84126
6250.0 1850.0 -0.88431
6350.0 1850.0 -0.84216
50.0 1950.0 -0.59593
150.0 1950.0 -0.50682
250.0 1950.0 -0.41539
350.0 1950.0 -0.32526
450.0 1950.0 -0.24253
550.0 1950.0 -0.17251
650.0 1950.0 -0.11765
750.0 1950.0 -0.07656
850.0 1950.0 -0.04438
950.0 1950.0 -0.01411
1050.0 1950.0 0.02068
1150.0 1950.0 0.06204
1250.0 1950.0 0.09260
1350.0 1950.0 0.05876
1450.0 1950.0 -0.06056
1550.0 1950.0 -0.25041
1650.0 1950.0 -0.47536
1750.0 1950.0 -0.69251
1850.0 1950.0 -0.86205
1950.0 1950.0 -0.95534
2050.0 1950.0 -0.96057
2150.0 1950.0 -0.88586
2250.0 1950.0 -0.75997
2350.0 1950.0 -0.63111
2450.0 1950.0 -0.55044
2550.0 1950.0 -0.53992
2650.0 1950.0 -0.59468
2750.0 1950.0 -0.69217
2850.0 1950.0 -0.80051
2950.0 1950.0 -0.88608
3050.0 1950.0 -0.92036
3150.0 1950.0 -0.88595
3250.0 1950.0 -0.78185
3350.0 1950.0 -0.62795
3450.0 1950.0 -0.46968
3550.0 1950.0 -0.36521
3650.0 1950.0 -0.34307
3750.0 1950.0 -0.40093
3850.0 1950.0 -0.51501
3950.0 1950.0 -0.64919
4050.0 1950.0 -0.76354
4150.0 1950.0 -0.82242
4250.0 1950.0 -0.80210
4350.0 1950.0 -0.69798
4450.0 1950.0 -0.53123
4550.0 1950.0 -0.34246
4650.0 1950.0 -0.13031
4750.0 1950.0 0.09515
4850.0 1950.0 0.30011
4950.0 1950.0 0.44837
5050.0 1950.0 0.51602
5150.0 1950.0 0.49945
5250.0 1950.0 0.41647
5350.0 1950.0 0.30074
5450.0 1950.0 0.18940
5550.0 1950.0 0.10395
5650.0 1950.0 0.02392
5750.0 1950.0 -0.10463
5850.0 1950.0 -0.29033
5950.0 1950.0 -0.50091
6050.0 1950.0 -0.68920
6150.0 1950.0 -0.81251
6250.0 1950.0 -0.84518
6350.0 1950.0 -0.78435
50.0 2050.0 -0.43558
150.0 2050.0 -0.35613
250.0 2050.0 -0.27884
350.0 2050.0 -0.20901
450.0 2050.0 -0.15219
550.0 2050.0 -0.11165
650.0 2050.0 -0.08701
750.0 2050.0 -0.07399
850.0 2050.0 -0.06526
950.0 2050.0 -0.05239
1050.0 2050.0 -0.02898
1150.0 2050.0 0.00515
1250.0 2050.0 0.02915
1350.0 2050.0 -0.01057
1450.0 2050.0 -0.13041
1550.0 2050.0 -0.30971
1650.0 2050.0 -0.50903
1750.0 2050.0 -0.68484
1850.0 2050.0 -0.80057
1950.0 2050.0 -0.83408
2050.0 2050.0 -0.78150
2150.0 2050.0 -0.65750
2250.0 2050.0 -0.49192
2350.0 2050.0 -0.32766
2450.0 2050.0 -0.22061
2550.0 2050.0 -0.19899
2650.0 2050.0 -0.25993
2750.0 2050.0 -0.37882
2850.0 2050.0 -0.51840
2950.0 2050.0 -0.63741
3050.0 2050.0 -0.69897
3150.0 2050.0 -0.67854
3250.0 2050.0 -0.57162
3350.0 2050.0 -0.40101
3450.0 2050.0 -0.22355
3550.0 2050.0 -0.10895
3650.0 2050.0 -0.09052
3750.0 2050.0 -0.16543
3850.0 2050.0 -0.30586
3950.0 2050.0 -0.46956
4050.0 2050.0 -0.60991
4150.0 2050.0 -0.68534
4250.0 2050.0 -0.66822
4350.0 2050.0 -0.55327
4450.0 2050.0 -0.36526
4550.0 2050.0 -0.15303
4650.0 2050.0 0.07658
4750.0 2050.0 0.30764
4850.0 2050.0 0.50314
4950.0 2050.0 0.62696
5050.0 2050.0 0.65856
5150.0 2050.0 0.60041
5250.0 2050.0 0.47791
5350.0 2050.0 0.33204
5450.0 2050.0 0.20457
5550.0 2050.0 0.11593
5650.0 2050.0 0.03684
5750.0 2050.0 -0.09205
5850.0 2050.0 -0.27875
5950.0 2050.0 -0.48878
6050.0 2050.0 -0.67268
6150.0 2050.0 -0.78625
6250.0 2050.0 -0.80371
6350.0 2050.0 -0.72341
50.0 2150.0 -0.23312
150.0 2150.0 -0.15905
250.0 2150.0 -0.09304
350.0 2150.0 -0.04286
450.0 2150.0 -0.01358
550.0 2150.0 -0.00596
650.0 2150.0 -0.01596
750.0 2150.0 -0.03531
850.0 2150.0 -0.05314
950.0 2150.0 -0.05877
1050.0 2150.0 -0.04554
1150.0 2150.0 -0.01574
1250.0 2150.0 0.00581
1350.0 2150.0 -0.03245
1450.0 2150.0 -0.14298
1550.0 2150.0 -0.30254
1650.0 2150.0 -0.47123
1750.0 2150.0 -0.60749
1850.0 2150.0 -0.67885
1950.0 2150.0 -0.66858
2050.0 2150.0 -0.57820
2150.0 2150.0 -0.42583
2250.0 2150.0 -0.24038
2350.0 2150.0 -0.05940
2450.0 2150.0 0.05925
2550.0 2150.0 0.08392
2650.0 2150.0 0.01656
2750.0 2150.0 -0.11692
2850.0 2150.0 -0.27615
2950.0 2150.0 -0.41562
3050.0 2150.0 -0.49388
3150.0 2150.0 -0.48263
3250.0 2150.0 -0.37559
3350.0 2150.0 -0.19727
3450.0 2150.0 -0.01069
3550.0 2150.0 0.10849
3650.0 2150.0 0.12458
3750.0 2150.0 0.04064
3850.0 2150.0 -0.11349
3950.0 2150.0 -0.29251
4050.0 2150.0 -0.44644
4150.0 2150.0 -0.53073
4250.0 2150.0 -0.51582
4350.0 2150.0 -0.39604
4450.0 2150.0 -0.19797
4550.0 2150.0 0.02497
4650.0 2150.0 0.25901
4750.0 2150.0 0.48335
4850.0 2150.0 0.65938
4950.0 2150.0 0.75240
5050.0 2150.0 0.74583
5150.0 2150.0 0.64771
5250.0 2150.0 0.48959
5350.0 2150.0 0.31776
5450.0 2150.0 0.17673
5550.0 2150.0 0.08518
5650.0 2150.0 0.00672
5750.0 2150.0 -0.12070
5850.0 2150.0 -0.30383
5950.0 2150.0 -0.50708
6050.0 2150.0 -0.68046
6150.0 2150.0 -0.78011
6250.0 2150.0 -0.78134
6350.0 2150.0 -0.68425
50.0 2250.0 -0.01827
150.0 2250.0 0.05372
250.0 2250.0 0.11149
350.0 2250.0 0.14462
450.0 2250.0 0.14840
550.0 2250.0 0.12458
650.0 2250.0 0.08100
750.0 2250.0 0.03019
850.0 2250.0 -0.01321
950.0 2250.0 -0.03599
1050.0 2250.0 -0.03106
1150.0 2250.0 -0.00326
1250.0 2250.0 0.01862
1350.0 2250.0 -0.01422
1450.0 2250.0 -0.11142
1550.0 2250.0 -0.24938
1650.0 2250.0 -0.38989
1750.0 2250.0 -0.49449
1850.0 2250.0 -0.53459
1950.0 2250.0 -0.49732
2050.0 2250.0 -0.38719
2150.0 2250.0 -0.22338
2250.0 2250.0 -0.03288
2350.0 2250.0 0.15119
2450.0 2250.0 0.27077
2550.0 2250.0 0.29299
2650.0 2250.0 0.21961
2750.0 2250.0 0.07728
2850.0 2250.0 -0.09229
2950.0 2250.0 -0.24193
3050.0 2250.0 -0.32853
3150.0 2250.0 -0.32251
3250.0 2250.0 -0.21712
3350.0 2250.0 -0.03764
3450.0 2250.0 0.15070
3550.0 2250.0 0.27064
3650.0 2250.0 0.28595
3750.0 2250.0 0.19974
3850.0 2250.0 0.04228
3950.0 2250.0 -0.14045
4050.0 2250.0 -0.29771
4150.0 2250.0 -0.38430
4250.0 2250.0 -0.37020
4350.0 2250.0 -0.24966
4450.0 2250.0 -0.04967
4550.0 2250.0 0.17472
4650.0 2250.0 0.40422
4750.0 2250.0 0.61419
4850.0 2250.0 0.76560
4950.0 2250.0 0.82598
5050.0 2250.0 0.78272
5150.0 2250.0 0.64874
5250.0 2250.0 0.46030
5350.0 2250.0 0.26724
5450.0 2250.0 0.11541
5550.0 2250.0 0.02137
5650.0 2250.0 -0.05675
5750.0 2250.0 -0.18178
5850.0 2250.0 -0.35898
5950.0 2250.0 -0.55246
6050.0 2250.0 -0.71291
6150.0 2250.0 -0.79783
6250.0 2250.0 -0.78431
6350.0 2250.0 -0.67421
50.0 2350.0 0.19842
150.0 2350.0 0.27000
250.0 2350.0 0.32135
350.0 2350.0 0.33929
450.0 2350.0 0.31927
550.0 2350.0 0.26533
650.0 2350.0 0.18900
750.0 2350.0 0.10703
850.0 2350.0 0.03801
950.0 2350.0 -0.00211
1050.0 2350.0 -0.00562
1150.0 2350.0 0.02020
1250.0 2350.0 0.04259
1350.0 2350.0 0.01582
1450.0 2350.0 -0.06723
1550.0 2350.0 -0.18330
1650.0 2350.0 -0.29649
1750.0 2350.0 -0.37186
1850.0 2350.0 -0.38471
1950.0 2350.0 -0.32566
2050.0 2350.0 -0.20148
2150.0 2350.0 -0.03175
2250.0 2350.0 0.15877
2350.0 2350.0 0.34130
2450.0 2350.0 0.45849
2550.0 2350.0 0.47693
2650.0 2350.0 0.39839
2750.0 2350.0 0.24980
2850.0 2350.0 0.07343
2950.0 2350.0 -0.08288
3050.0 2350.0 -0.17539
3150.0 2350.0 -0.17402
3250.0 2350.0 -0.07184
3350.0 2350.0 0.10552
3450.0 2350.0 0.29203
3550.0 2350.0 0.41010
3650.0 2350.0 0.42359
3750.0 2350.0 0.33576
3850.0 2350.0 0.17703
3950.0 2350.0 -0.00658
4050.0 2350.0 -0.16438
4150.0 2350.0 -0.25128
4250.0 2350.0 -0.23746
4350.0 2350.0 -0.11735
4450.0 2350.0 0.08203
4550.0 2350.0 0.30497
4650.0 2350.0 0.52753
4750.0 2350.0 0.72175
4850.0 2350.0 0.84855
4950.0 2350.0 0.87774
5050.0 2350.0 0.80047
5150.0 2350.0 0.63397
5250.0 2350.0 0.41852
5350.0 2350.0 0.20678
5450.0 2350.0 0.04542
5550.0 2350.0 -0.05103
5650.0 2350.0 -0.12906
5750.0 2350.0 -0.25127
5850.0 2350.0 -0.42131
5950.0 2350.0 -0.60342
6050.0 2350.0 -0.74960
6150.0 2350.0 -0.81931
6250.0 2350.0 -0.79175
6350.0 2350.0 -0.67065
50.0 2450.0 0.41446
150.0 2450.0 0.49066
250.0 2450.0 0.54135
350.0 2450.0 0.55012
450.0 2450.0 0.51147
550.0 2450.0 0.43070
650.0 2450.0 0.32238
750.0 2450.0 0.20749
850.0 2450.0 0.10921
950.0 2450.0 0.04731
1050.0 2450.0 0.03123
1150.0 2450.0 0.05175
1250.0 2450.0 0.07200
1350.0 2450.0 0.05048
1450.0 2450.0 -0.01701
1550.0 2450.0 -0.10829
1650.0 2450.0 -0.19107
1750.0 2450.0 -0.23523
1850.0 2450.0 -0.22094
1950.0 2450.0 -0.14277
2050.0 2450.0 -0.00973
2150.0 2450.0 0.15885
2250.0 2450.0 0.34136
2350.0 2450.0 0.51470
2450.0 2450.0 0.62499
2550.0 2450.0 0.63974
2650.0 2450.0 0.56027
2750.0 2450.0 0.41227
2850.0 2450.0 0.23645
2950.0 2450.0 0.07914
3050.0 2450.0 -0.01706
3150.0 2450.0 -0.02264
3250.0 2450.0 0.06951
3350.0 2450.0 0.23480
3450.0 2450.0 0.40879
3550.0 2450.0 0.51494
3650.0 2450.0 0.51823
3750.0 2450.0 0.42294
3850.0 2450.0 0.26005
3950.0 2450.0 0.07538
4050.0 2450.0 -0.08128
4150.0 2450.0 -0.16637
4250.0 2450.0 -0.15175
4350.0 2450.0 -0.03316
4450.0 2450.0 0.16226
4550.0 2450.0 0.37993
4650.0 2450.0 0.59378
4750.0 2450.0 0.77402
4850.0 2450.0 0.88194
4950.0 2450.0 0.88907
5050.0 2450.0 0.78902
5150.0 2450.0 0.60154
5250.0 2450.0 0.36906
5350.0 2450.0 0.14549
5450.0 2450.0 -0.02244
5550.0 2450.0 -0.12163
5650.0 2450.0 -0.20058
5750.0 2450.0 -0.31848
5850.0 2450.0 -0.47671
5950.0 2450.0 -0.64097
6050.0 2450.0 -0.76678
6150.0 2450.0 -0.81769
6250.0 2450.0 -0.77647
6350.0 2450.0 -0.64918
50.0 2550.0 0.60312
150.0 2550.0 0.69169
250.0 2550.0 0.75124
350.0 2550.0 0.76168
450.0 2550.0 0.71489
550.0 2550.0 0.61554
650.0 2550.0 0.47986
750.0 2550.0 0.33266
850.0 2550.0 0.20225
950.0 2550.0 0.11361
1050.0 2550.0 0.07952
1150.0 2550.0 0.08986
1250.0 2550.0 0.10382
1350.0 2550.0 0.08582
1450.0 2550.0 0.03487
1550.0 2550.0 -0.02904
1650.0 2550.0 -0.07897
1750.0 2550.0 -0.09131
1850.0 2550.0 -0.05232
1950.0 2550.0 0.03902
2050.0 2550.0 0.17185
2150.0 2550.0 0.32798
2250.0 2550.0 0.49017
2350.0 2550.0 0.64273
2450.0 2550.0 0.73960
2550.0 2550.0 0.75140
2650.0 2550.0 0.67840
2750.0 2550.0 0.54261
2850.0 2550.0 0.37983
2950.0 2550.0 0.23140
3050.0 2550.0 0.13588
3150.0 2550.0 0.12055
3250.0 2550.0 0.19273
3350.0 2550.0 0.33093
3450.0 2550.0 0.47625
3550.0 2550.0 0.55574
3650.0 2550.0 0.53723
3750.0 2550.0 0.42738
3850.0 2550.0 0.25819
3950.0 2550.0 0.07468
4050.0 2550.0 -0.07598
4150.0 2550.0 -0.15409
4250.0 2550.0 -0.13572
4350.0 2550.0 -0.01968
4450.0 2550.0 0.16687
4550.0 2550.0 0.37352
4650.0 2550.0 0.57615
4750.0 2550.0 0.74556
4850.0 2550.0 0.84399
4950.0 2550.0 0.84381
5050.0 2550.0 0.73899
5150.0 2550.0 0.54900
5250.0 2550.0 0.31541
5350.0 2550.0 0.09096
5450.0 2550.0 -0.07878
5550.0 2550.0 -0.18113
5650.0 2550.0 -0.26256
5750.0 2550.0 -0.37399
5850.0 2550.0 -0.51358
5950.0 2550.0 -0.65059
6050.0 2550.0 -0.74733
6150.0 2550.0 -0.77458
6250.0 2550.0 -0.72085
6350.0 2550.0 -0.59514
50.0 2650.0 0.72873
150.0 2650.0 0.83749
250.0 2650.0 0.91638
350.0 2650.0 0.94154
450.0 2650.0 0.90055
550.0 2650.0 0.79518
650.0 2650.0 0.64151
750.0 2650.0 0.46705
850.0 2650.0 0.30532
950.0 2650.0 0.18745
1050.0 2650.0 0.13111
1150.0 2650.0 0.12663
1250.0 2650.0 0.13013
1350.0 2650.0 0.11320
1450.0 2650.0 0.07818
1550.0 2650.0 0.04174
1650.0 2650.0 0.02400
1750.0 2650.0 0.04076
1850.0 2650.0 0.09893
1950.0 2650.0 0.19505
2050.0 2650.0 0.31697
2150.0 2650.0 0.44868
2250.0 2650.0 0.57825
2350.0 2650.0 0.69867
2450.0 2650.0 0.77604
2550.0 2650.0 0.78648
2650.0 2650.0 0.72858
2750.0 2650.0 0.61818
2850.0 2650.0 0.48258
2950.0 2650.0 0.35450
3050.0 2650.0 0.26542
3150.0 2650.0 0.23854
3250.0 2650.0 0.28138
3350.0 2650.0 0.37776
3450.0 2650.0 0.47857
3550.0 2650.0 0.51750
3650.0 2650.0 0.46727
3750.0 2650.0 0.33828
3850.0 2650.0 0.16375
3950.0 2650.0 -0.01309
4050.0 2650.0 -0.14974
4150.0 2650.0 -0.21313
4250.0 2650.0 -0.18629
4350.0 2650.0 -0.07291
4450.0 2650.0 0.10011
4550.0 2650.0 0.29009
4650.0 2650.0 0.47929
4750.0 2650.0 0.64159
4850.0 2650.0 0.74078
4950.0 2650.0 0.74911
5050.0 2650.0 0.65866
5150.0 2650.0 0.48570
5250.0 2650.0 0.26783
5350.0 2650.0 0.05403
5450.0 2650.0 -0.11243
5550.0 2650.0 -0.21826
5650.0 2650.0 -0.30370
5750.0 2650.0 -0.40668
5850.0 2650.0 -0.52126
5950.0 2650.0 -0.62230
6050.0 2650.0 -0.68209
6150.0 2650.0 -0.68171
6250.0 2650.0 -0.61738
6350.0 2650.0 -0.50158
50.0 2750.0 0.76464
150.0 2750.0 0.89952
250.0 2750.0 1.00667
350.0 2750.0 1.05892
450.0 2750.0 1.03820
550.0 2750.0 0.94140
650.0 2750.0 0.78232
750.0 2750.0 0.58974
850.0 2750.0 0.40167
950.0 2750.0 0.25567
1050.0 2750.0 0.17535
1150.0 2750.0 0.15296
1250.0 2750.0 0.14279
1350.0 2750.0 0.12430
1450.0 2750.0 0.10283
1550.0 2750.0 0.09096
1650.0 2750.0 0.10120
1750.0 2750.0 0.14107
1850.0 2750.0 0.21059
1950.0 2750.0 0.30228
2050.0 2750.0 0.40345
2150.0 2750.0 0.50104
2250.0 2750.0 0.58883
2350.0 2750.0 0.66889
2450.0 2750.0 0.72279
2550.0 2750.0 0.73406
2650.0 2750.0 0.69920
2750.0 2750.0 0.62579
2850.0 2750.0 0.52991
2950.0 2750.0 0.43265
3050.0 2750.0 0.35591
3150.0 2750.0 0.31736
3250.0 2750.0 0.32460
3350.0 2750.0 0.36857
3450.0 2750.0 0.41344
3550.0 2750.0 0.40246
3650.0 2750.0 0.31515
3750.0 2750.0 0.16661
3850.0 2750.0 -0.00882
3950.0 2750.0 -0.17090
4050.0 2750.0 -0.28382
4150.0 2750.0 -0.32365
4250.0 2750.0 -0.28269
4350.0 2750.0 -0.17097
4450.0 2750.0 -0.01463
4550.0 2750.0 0.15461
4650.0 2750.0 0.32907
4750.0 2750.0 0.48770
4850.0 2750.0 0.59632
4950.0 2750.0 0.62619
5050.0 2750.0 0.56572
5150.0 2750.0 0.42561
5250.0 2750.0 0.23705
5350.0 2750.0 0.04324
5450.0 2750.0 -0.11579
5550.0 2750.0 -0.22522
5650.0 2750.0 -0.31583
5750.0 2750.0 -0.40908
5850.0 2750.0 -0.49442
5950.0 2750.0 -0.55383
6050.0 2750.0 -0.57182
6150.0 2750.0 -0.54189
6250.0 2750.0 -0.46930
6350.0 2750.0 -0.37026
50.0 2850.0 0.70410
150.0 2850.0 0.86782
250.0 2850.0 1.00865
350.0 2850.0 1.09693
450.0 2850.0 1.10835
550.0 2850.0 1.03344
650.0 2850.0 0.88202
750.0 2850.0 0.68247
850.0 2850.0 0.47611
950.0 2850.0 0.30644
1050.0 2850.0 0.20330
1150.0 2850.0 0.16205
1250.0 2850.0 0.13674
1350.0 2850.0 0.11445
1450.0 2850.0 0.10290
1550.0 2850.0 0.11034
1650.0 2850.0 0.14175
1750.0 2850.0 0.19678
1850.0 2850.0 0.26930
1950.0 2850.0 0.34856
2050.0 2850.0 0.42211
2150.0 2850.0 0.48028
2250.0 2850.0 0.52229
2350.0 2850.0 0.55872
2450.0 2850.0 0.58816
2550.0 2850.0 0.60260
2650.0 2850.0 0.59620
2750.0 2850.0 0.56733
2850.0 2850.0 0.51931
2950.0 2850.0 0.46002
3050.0 2850.0 0.40042
3150.0 2850.0 0.35173
3250.0 2850.0 0.32161
3350.0 2850.0 0.30900
3450.0 2850.0 0.29340
3550.0 2850.0 0.22979
3650.0 2850.0 0.10578
3750.0 2850.0 -0.05846
3850.0 2850.0 -0.22790
3950.0 2850.0 -0.36635
4050.0 2850.0 -0.44627
4150.0 2850.0 -0.45453
4250.0 2850.0 -0.39415
4350.0 2850.0 -0.28218
4450.0 2850.0 -0.14347
4550.0 2850.0 0.00340
4650.0 2850.0 0.16303
4750.0 2850.0 0.32041
4850.0 2850.0 0.44361
4950.0 2850.0 0.50239
5050.0 2850.0 0.48056
5150.0 2850.0 0.38194
5250.0 2850.0 0.23003
5350.0 2850.0 0.06129
5450.0 2850.0 -0.08796
5550.0 2850.0 -0.20091
5650.0 2850.0 -0.29718
5750.0 2850.0 -0.38040
5850.0 2850.0 -0.43538
5950.0 2850.0 -0.45177
6050.0 2850.0 -0.42721
6150.0 2850.0 -0.36828
6250.0 2850.0 -0.28965
6350.0 2850.0 -0.21125
50.0 2950.0 0.56412
150.0 2950.0 0.75562
250.0 2950.0 0.93083
350.0 2950.0 1.05858
450.0 2950.0 1.10854
550.0 2950.0 1.06440
650.0 2950.0 0.93094
750.0 2950.0 0.73482
850.0 2950.0 0.51925
950.0 2950.0 0.33251
1050.0 2950.0 0.21023
1150.0 2950.0 0.15155
1250.0 2950.0 0.11163
1350.0 2950.0 0.08419
1450.0 2950.0 0.07864
1550.0 2950.0 0.09913
1650.0 2950.0 0.14404
1750.0 2950.0 0.20636
1850.0 2950.0 0.27499
1950.0 2950.0 0.33698
2050.0 2950.0 0.38065
2150.0 2950.0 0.39964
2250.0 2950.0 0.39786
2350.0 2950.0 0.39302
2450.0 2950.0 0.40013
2550.0 2950.0 0.41959
2650.0 2950.0 0.44339
2750.0 2950.0 0.46079
2850.0 2950.0 0.46252
2950.0 2950.0 0.44338
3050.0 2950.0 0.40341
3150.0 2950.0 0.34740
3250.0 2950.0 0.28293
3350.0 2950.0 0.21685
3450.0 2950.0 0.14409
3550.0 2950.0 0.03221
3650.0 2950.0 -0.12268
3750.0 2950.0 -0.29558
3850.0 2950.0 -0.45138
3950.0 2950.0 -0.55877
4050.0 2950.0 -0.59912
4150.0 2950.0 -0.57059
4250.0 2950.0 -0.48710
4350.0 2950.0 -0.37258
4450.0 2950.0 -0.25009
4550.0 2950.0 -0.12439
4650.0 2950.0 0.02146
4750.0 2950.0 0.17843
4850.0 2950.0 0.31670
4950.0 2950.0 0.40451
5050.0 2950.0 0.42108
5150.0 2950.0 0.36350
5250.0 2950.0 0.24777
5350.0 2950.0 0.10376
5450.0 2950.0 -0.03573
5550.0 2950.0 -0.15190
5650.0 2950.0 -0.25356
5750.0 2950.0 -0.32751
5850.0 2950.0 -0.35425
5950.0 2950.0 -0.33076
6050.0 2950.0 -0.26702
6150.0 2950.0 -0.18191
6250.0 2950.0 -0.09886
6350.0 2950.0 -0.04113
50.0 3050.0 0.38232
150.0 3050.0 0.59694
250.0 3050.0 0.80223
350.0 3050.0 0.96640
450.0 3050.0 1.05409
550.0 3050.0 1.04278
650.0 3050.0 0.93217
750.0 3050.0 0.74646
850.0 3050.0 0.52947
950.0 3050.0 0.33278
1050.0 3050.0 0.19668
1150.0 3050.0 0.12403
1250.0 3050.0 0.07195
1350.0 3050.0 0.03931
1450.0 3050.0 0.03650
1550.0 3050.0 0.06437
1650.0 3050.0 0.11617
1750.0 3050.0 0.17994
1850.0 3050.0 0.24112
1950.0 3050.0 0.28543
2050.0 3050.0 0.30222
2150.0 3050.0 0.28790
2250.0 3050.0 0.24992
2350.0 3050.0 0.21128
2450.0 3050.0 0.20084
2550.0 3050.0 0.22628
2650.0 3050.0 0.27775
2750.0 3050.0 0.33677
2850.0 3050.0 0.38328
2950.0 3050.0 0.40084
3050.0 3050.0 0.38006
3150.0 3050.0 0.32009
3250.0 3050.0 0.22840
3350.0 3050.0 0.11860
3450.0 3050.0 -0.00088
3550.0 3050.0 -0.15054
3650.0 3050.0 -0.32638
3750.0 3050.0 -0.49943
3850.0 3050.0 -0.63519
3950.0 3050.0 -0.70740
4050.0 3050.0 -0.70604
4150.0 3050.0 -0.63966
4250.0 3050.0 -0.53197
4350.0 3050.0 -0.41277
4450.0 3050.0 -0.30303
4550.0 3050.0 -0.19478
4650.0 3050.0 -0.06069
4750.0 3050.0 0.09487
4850.0 3050.0 0.24382
4950.0 3050.0 0.35330
5050.0 3050.0 0.39901
5150.0 3050.0 0.37286
5250.0 3050.0 0.28494
5350.0 3050.0 0.15993
5450.0 3050.0 0.02779
5550.0 3050.0 -0.09118
5650.0 3050.0 -0.19726
5750.0 3050.0 -0.26355
5850.0 3050.0 -0.26698
5950.0 3050.0 -0.21055
6050.0 3050.0 -0.11439
6150.0 3050.0 -0.00751
6250.0 3050.0 0.07942
6350.0 3050.0 0.12037
50.0 3150.0 0.20665
150.0 3150.0 0.43716
250.0 3150.0 0.66408
350.0 3150.0 0.85568
450.0 3150.0 0.97314
550.0 3150.0 0.98928
650.0 3150.0 0.89975
750.0 3150.0 0.72633
850.0 3150.0 0.51263
950.0 3150.0 0.31203
1050.0 3150.0 0.16787
1150.0 3150.0 0.08600
1250.0 3150.0 0.02561
1350.0 3150.0 -0.01096
1450.0 3150.0 -0.01282
1550.0 3150.0 0.01861
1650.0 3150.0 0.07330
1750.0 3150.0 0.13615
1850.0 3150.0 0.19046
1950.0 3150.0 0.22132
2050.0 3150.0 0.21890
2150.0 3150.0 0.18155
2250.0 3150.0 0.11894
2350.0 3150.0 0.05751
2450.0 3150.0 0.03592
2550.0 3150.0 0.06710
2650.0 3150.0 0.13996
2750.0 3150.0 0.23051
2850.0 3150.0 0.31097
2950.0 3150.0 0.35682
3050.0 3150.0 0.35185
3150.0 3150.0 0.29111
3250.0 3150.0 0.18190
3350.0 3150.0 0.04267
3450.0 3150.0 -0.10817
3550.0 3150.0 -0.28127
3650.0 3150.0 -0.46622
3750.0 3150.0 -0.63136
3850.0 3150.0 -0.74337
3950.0 3150.0 -0.78065
4050.0 3150.0 -0.74043
4150.0 3150.0 -0.63964
4250.0 3150.0 -0.50957
4350.0 3150.0 -0.38422
4450.0 3150.0 -0.28246
4550.0 3150.0 -0.18619
4650.0 3150.0 -0.06134
4750.0 3150.0 0.09017
4850.0 3150.0 0.24141
4950.0 3150.0 0.35926
5050.0 3150.0 0.41780
5150.0 3150.0 0.40628
5250.0 3150.0 0.33167
5350.0 3150.0 0.21571
5450.0 3150.0 0.08662
5550.0 3150.0 -0.03470
5650.0 3150.0 -0.14375
5750.0 3150.0 -0.20450
5850.0 3150.0 -0.19126
5950.0 3150.0 -0.11113
6050.0 3150.0 0.00880
6150.0 3150.0 0.13241
6250.0 3150.0 0.22388
6350.0 3150.0 0.25506
50.0 3250.0 0.07818
150.0 3250.0 0.31655
250.0 3250.0 0.55478
350.0 3250.0 0.76147
450.0 3250.0 0.89606
550.0 3250.0 0.92886
650.0 3250.0 0.85311
750.0 3250.0 0.68899
850.0 3250.0 0.47958
950.0 3250.0 0.27886
1050.0 3250.0 0.13162
1150.0 3250.0 0.04541
1250.0 3250.0 -0.01899
1350.0 3250.0 -0.05733
1450.0 3250.0 -0.05842
1550.0 3250.0 -0.02475
1650.0 3250.0 0.03197
1750.0 3250.0 0.09503
1850.0 3250.0 0.14663
1950.0 3250.0 0.17147
2050.0 3250.0 0.16005
2150.0 3250.0 0.11166
2250.0 3250.0 0.03712
2350.0 3250.0 -0.03529
2450.0 3250.0 -0.06155
2550.0 3250.0 -0.02584
2650.0 3250.0 0.06012
2750.0 3250.0 0.16941
2850.0 3250.0 0.27007
2950.0 3250.0 0.33319
3050.0 3250.0 0.33878
3150.0 3250.0 0.27962
3250.0 3250.0 0.16284
3350.0 3250.0 0.00950
3450.0 3250.0 -0.15624
3550.0 3250.0 -0.33803
3650.0 3250.0 -0.52103
3750.0 3250.0 -0.67228
3850.0 3250.0 -0.75999
3950.0 3250.0 -0.76638
4050.0 3250.0 -0.69399
4150.0 3250.0 -0.56549
4250.0 3250.0 -0.41701
4350.0 3250.0 -0.28494
4450.0 3250.0 -0.18624
4550.0 3250.0 -0.09607
4650.0 3250.0 0.02195
4750.0 3250.0 0.16587
4850.0 3250.0 0.30927
4950.0 3250.0 0.41972
5050.0 3250.0 0.47192
5150.0 3250.0 0.45546
5250.0 3250.0 0.37726
5350.0 3250.0 0.25875
5450.0 3250.0 0.12763
5550.0 3250.0 0.00433
5650.0 3250.0 -0.10608
5750.0 3250.0 -0.16342
5850.0 3250.0 -0.14032
5950.0 3250.0 -0.04579
6050.0 3250.0 0.08936
6150.0 3250.0 0.22517
6250.0 3250.0 0.32277
6350.0 3250.0 0.35248
50.0 3350.0 0.00675
150.0 3350.0 0.24686
250.0 3350.0 0.48803
350.0 3350.0 0.69915
450.0 3350.0 0.83925
550.0 3350.0 0.87794
650.0 3350.0 0.80765
750.0 3350.0 0.64789
850.0 3350.0 0.44134
950.0 3350.0 0.24189
1050.0 3350.0 0.09462
1150.0 3350.0 0.00761
1250.0 3350.0 -0.05752
1350.0 3350.0 -0.09559
1450.0 3350.0 -0.09506
1550.0 3350.0 -0.05868
1650.0 3350.0 0.00126
1750.0 3350.0 0.06739
1850.0 3350.0 0.12127
1950.0 3350.0 0.14718
2050.0 3350.0 0.13543
2150.0 3350.0 0.08548
2250.0 3350.0 0.00859
2350.0 3350.0 -0.06597
2450.0 3350.0 -0.09227
2550.0 3350.0 -0.05347
2650.0 3350.0 0.03859
2750.0 3350.0 0.15602
2850.0 3350.0 0.26549
2950.0 3350.0 0.33657
3050.0 3350.0 0.34795
3150.0 3350.0 0.29154
3250.0 3350.0 0.17435
3350.0 3350.0 0.01831
3450.0 3350.0 -0.15004
3550.0 3350.0 -0.32987
3650.0 3350.0 -0.50358
3750.0 3350.0 -0.63791
3850.0 3350.0 -0.70276
3950.0 3350.0 -0.68330
4050.0 3350.0 -0.58566
4150.0 3350.0 -0.43606
4250.0 3350.0 -0.27325
4350.0 3350.0 -0.13458
4450.0 3350.0 -0.03535
4550.0 3350.0 0.05309
4650.0 3350.0 0.16595
4750.0 3350.0 0.29926
4850.0 3350.0 0.42663
4950.0 3350.0 0.51714
5050.0 3350.0 0.54782
5150.0 3350.0 0.51094
5250.0 3350.0 0.41585
5350.0 3350.0 0.28566
5450.0 3350.0 0.14848
5550.0 3350.0 0.02344
5650.0 3350.0 -0.08714
5750.0 3350.0 -0.14258
5850.0 3350.0 -0.11448
5950.0 3350.0 -0.01222
6050.0 3350.0 0.13223
6150.0 3350.0 0.27732
6250.0 3350.0 0.38271
6350.0 3350.0 0.41757
50.0 3450.0 -0.04313
150.0 3450.0 0.19626
250.0 3450.0 0.43670
350.0 3450.0 0.64728
450.0 3450.0 0.78730
550.0 3450.0 0.82657
650.0 3450.0 0.75758
750.0 3450.0 0.59969
850.0 3450.0 0.39531
950.0 3450.0 0.19799
1050.0 3450.0 0.05250
1150.0 3450.0 -0.03311
1250.0 3450.0 -0.09684
1350.0 3450.0 -0.13293
1450.0 3450.0 -0.12973
1550.0 3450.0 -0.09021
1650.0 3450.0 -0.02702
1750.0 3450.0 0.04205
1850.0 3450.0 0.09826
1950.0 3450.0 0.12572
2050.0 3450.0 0.11476
2150.0 3450.0 0.06500
2250.0 3450.0 -0.01202
2350.0 3450.0 -0.08659
2450.0 3450.0 -0.11174
2550.0 3450.0 -0.06993
2650.0 3450.0 0.02710
2750.0 3450.0 0.15112
2850.0 3450.0 0.26807
2950.0 3450.0 0.34660
3050.0 3450.0 0.36449
3150.0 3450.0 0.31290
3250.0 3450.0 0.19857
3350.0 3450.0 0.04382
3450.0 3450.0 -0.12301
3550.0 3450.0 -0.29716
3650.0 3450.0 -0.45883
3750.0 3450.0 -0.57500
3850.0 3450.0 -0.61741
3950.0 3450.0 -0.57405
4050.0 3450.0 -0.45415
4150.0 3450.0 -0.28662
4250.0 3450.0 -0.11202
4350.0 3450.0 0.03200
4450.0 3450.0 0.13178
4550.0 3450.0 0.21878
4650.0 3450.0 0.32559
4750.0 3450.0 0.44552
4850.0 3450.0 0.55229
4950.0 3450.0 0.61699
5050.0 3450.0 0.61988
5150.0 3450.0 0.55677
5250.0 3450.0 0.44026
5350.0 3450.0 0.29566
5450.0 3450.0 0.15160
5550.0 3450.0 0.02544
5650.0 3450.0 -0.08433
5750.0 3450.0 -0.13744
5850.0 3450.0 -0.10454
5950.0 3450.0 0.00494
6050.0 3450.0 0.15832
6150.0 3450.0 0.31297
6250.0 3450.0 0.42734
6350.0 3450.0 0.46953
50.0 3550.0 -0.07487
150.0 3550.0 0.15838
250.0 3550.0 0.38942
350.0 3550.0 0.58748
450.0 3550.0 0.71403
550.0 3550.0 0.74165
650.0 3550.0 0.66518
750.0 3550.0 0.50525
850.0 3550.0 0.30417
950.0 3550.0 0.11419
1050.0 3550.0 -0.02188
1150.0 3550.0 -0.09773
1250.0 3550.0 -0.15178
1350.0 3550.0 -0.17872
1450.0 3550.0 -0.16826
1550.0 3550.0 -0.12483
1650.0 3550.0 -0.06197
1750.0 3550.0 0.00259
1850.0 3550.0 0.05121
1950.0 3550.0 0.06987
2050.0 3550.0 0.05111
2150.0 3550.0 -0.00374
2250.0 3550.0 -0.08300
2350.0 3550.0 -0.15871
2450.0 3550.0 -0.18309
2550.0 3550.0 -0.13685
2650.0 3550.0 -0.03069
2750.0 3550.0 0.10717
2850.0 3550.0 0.24166
2950.0 3550.0 0.33955
3050.0 3550.0 0.37622
3150.0 3550.0 0.34051
3250.0 3550.0 0.23774
3350.0 3550.0 0.09067
3450.0 3550.0 -0.06884
3550.0 3550.0 -0.23104
3650.0 3550.0 -0.37475
3750.0 3550.0 -0.46860
3850.0 3550.0 -0.48749
3950.0 3550.0 -0.42284
4050.0 3550.0 -0.28665
4150.0 3550.0 -0.10938
4250.0 3550.0 0.06832
4350.0 3550.0 0.21011
4450.0 3550.0 0.30464
4550.0 3550.0 0.38469
4650.0 3550.0 0.47742
4750.0 3550.0 0.57280
4850.0 3550.0 0.64581
4950.0 3550.0 0.67157
5050.0 3550.0 0.63551
5150.0 3550.0 0.53846
5250.0 3550.0 0.39684
5350.0 3550.0 0.23783
5450.0 3550.0 0.08953
5550.0 3550.0 -0.03385
5650.0 3550.0 -0.13857
5750.0 3550.0 -0.18416
5850.0 3550.0 -0.14022
5950.0 3550.0 -0.01682
6050.0 3550.0 0.15174
6150.0 3550.0 0.32094
6250.0 3550.0 0.44752
6350.0 3550.0 0.49848
50.0 3650.0 -0.07894
150.0 3650.0 0.13982
250.0 3650.0 0.34847
350.0 3650.0 0.51645
450.0 3650.0 0.61037
550.0 3650.0 0.60945
650.0 3650.0 0.51419
750.0 3650.0 0.34832
850.0 3650.0 0.15409
950.0 3650.0 -0.01921
1050.0 3650.0 -0.13342
1150.0 3650.0 -0.18632
1250.0 3650.0 -0.21774
1350.0 3650.0 -0.22405
1450.0 3650.0 -0.19857
1550.0 3650.0 -0.14911
1650.0 3650.0 -0.09100
1750.0 3650.0 -0.04133
1850.0 3650.0 -0.01466
1950.0 3650.0 -0.02002
2050.0 3650.0 -0.05936
2150.0 3650.0 -0.12724
2250.0 3650.0 -0.21198
2350.0 3650.0 -0.29076
2450.0 3650.0 -0.31608
2550.0 3650.0 -0.26569
2650.0 3650.0 -0.14784
2750.0 3650.0 0.01027
2850.0 3650.0 0.17269
2950.0 3650.0 0.30345
3050.0 3650.0 0.37387
3150.0 3650.0 0.36850
3250.0 3650.0 0.28950
3350.0 3650.0 0.15978
3450.0 3650.0 0.01661
3550.0 3650.0 -0.12423
3650.0 3650.0 -0.24155
3750.0 3650.0 -0.30790
3850.0 3650.0 -0.30323
3950.0 3650.0 -0.22313
4050.0 3650.0 -0.08168
4150.0 3650.0 0.09114
4250.0 3650.0 0.25739
4350.0 3650.0 0.38465
4450.0 3650.0 0.46474
4550.0 3650.0 0.52937
4650.0 3650.0 0.59683
4750.0 3650.0 0.65347
4850.0 3650.0 0.67738
4950.0 3650.0 0.65034
5050.0 3650.0 0.56521
5150.0 3650.0 0.42917
5250.0 3650.0 0.26252
5350.0 3650.0 0.09316
5450.0 3650.0 -0.05321
5550.0 3650.0 -0.16727
5650.0 3650.0 -0.26035
5750.0 3650.0 -0.29094
5850.0 3650.0 -0.22763
5950.0 3650.0 -0.08217
6050.0 3650.0 0.10834
6150.0 3650.0 0.29654
6250.0 3650.0 0.43717
6350.0 3650.0 0.49645
50.0 3750.0 -0.05615
150.0 3750.0 0.13987
250.0 3750.0 0.31388
350.0 3750.0 0.43583
450.0 3750.0 0.48041
550.0 3750.0 0.43709
650.0 3750.0 0.31497
750.0 3750.0 0.14234
850.0 3750.0 -0.03901
950.0 3750.0 -0.18466
1050.0 3750.0 -0.26376
1150.0 3750.0 -0.28041
1250.0 3750.0 -0.27618
1350.0 3750.0 -0.25003
1450.0 3750.0 -0.20093
1550.0 3750.0 -0.14207
1650.0 3750.0 -0.09154
1750.0 3750.0 -0.06544
1850.0 3750.0 -0.07342
1950.0 3750.0 -0.11672
2050.0 3750.0 -0.18853
2150.0 3750.0 -0.27697
2250.0 3750.0 -0.37033
2350.0 3750.0 -0.45436
2450.0 3750.0 -0.48383
2550.0 3750.0 -0.43305
2650.0 3750.0 -0.30635
2750.0 3750.0 -0.12841
2850.0 3750.0 0.06491
2950.0 3750.0 0.23502
3050.0 3750.0 0.34843
3150.0 3750.0 0.38391
3250.0 3750.0 0.33900
3350.0 3750.0 0.23592
3450.0 3750.0 0.11804
3550.0 3750.0 0.00750
3650.0 3750.0 -0.07614
3750.0 3750.0 -0.11160
3850.0 3750.0 -0.08560
3950.0 3750.0 0.00162
4050.0 3750.0 0.13491
4150.0 3750.0 0.28710
4250.0 3750.0 0.42603
4350.0 3750.0 0.52577
4450.0 3750.0 0.58210
4550.0 3750.0 0.62306
4650.0 3750.0 0.65595
4750.0 3750.0 0.66415
4850.0 3750.0 0.63081
4950.0 3750.0 0.54626
5050.0 3750.0 0.41202
5150.0 3750.0 0.24163
5250.0 3750.0 0.05808
5350.0 3750.0 -0.11202
5450.0 3750.0 -0.24749
5550.0 3750.0 -0.34499
5650.0 3750.0 -0.41997
5750.0 3750.0 -0.42886
5850.0 3750.0 -0.33985
5950.0 3750.0 -0.16739
6050.0 3750.0 0.04767
6150.0 3750.0 0.25476
6250.0 3750.0 0.40687
6350.0 3750.0 0.47030
50.0 3850.0 -0.01451
150.0 3850.0 0.15285
250.0 3850.0 0.28404
350.0 3850.0 0.35014
450.0 3850.0 0.33600
550.0 3850.0 0.24374
650.0 3850.0 0.09276
750.0 3850.0 -0.08354
850.0 3850.0 -0.24454
950.0 3850.0 -0.35243
1050.0 3850.0 -0.38573
1150.0 3850.0 -0.35611
1250.0 3850.0 -0.30654
1350.0 3850.0 -0.23873
1450.0 3850.0 -0.15866
1550.0 3850.0 -0.08634
1650.0 3850.0 -0.04355
1750.0 3850.0 -0.04535
1850.0 3850.0 -0.09544
1950.0 3850.0 -0.18533
2050.0 3850.0 -0.29734
2150.0 3850.0 -0.41138
2250.0 3850.0 -0.51560
2350.0 3850.0 -0.60672
2450.0 3850.0 -0.64457
2550.0 3850.0 -0.60040
2650.0 3850.0 -0.47354
2750.0 3850.0 -0.28439
2850.0 3850.0 -0.06697
2950.0 3850.0 0.13875
3050.0 3850.0 0.29494
3150.0 3850.0 0.37429
3250.0 3850.0 0.36879
3350.0 3850.0 0.29871
3450.0 3850.0 0.21266
3550.0 3850.0 0.13844
3650.0 3850.0 0.09248
3750.0 3850.0 0.08823
3850.0 3850.0 0.13115
3950.0 3850.0 0.21631
4050.0 3850.0 0.32865
4150.0 3850.0 0.44590
4250.0 3850.0 0.54412
4350.0 3850.0 0.60595
4450.0 3850.0 0.63144
4550.0 3850.0 0.64291
4650.0 3850.0 0.63661
4750.0 3850.0 0.59469
4850.0 3850.0 0.50680
4950.0 3850.0 0.37243
5050.0 3850.0 0.20130
5150.0 3850.0 0.01174
5250.0 3850.0 -0.17293
5350.0 3850.0 -0.32989
5450.0 3850.0 -0.44439
5550.0 3850.0 -0.51920
5650.0 3850.0 -0.57138
5750.0 3850.0 -0.55460
5850.0 3850.0 -0.43765
5950.0 3850.0 -0.23847
6050.0 3850.0 -0.00198
6150.0 3850.0 0.21836
6250.0 3850.0 0.37464
6350.0 3850.0 0.43466
50.0 3950.0 0.03383
150.0 3950.0 0.17019
250.0 3950.0 0.25629
350.0 3950.0 0.26498
450.0 3950.0 0.19214
550.0 3950.0 0.05315
650.0 3950.0 -0.12218
750.0 3950.0 -0.29580
850.0 3950.0 -0.42919
950.0 3950.0 -0.49230
1050.0 3950.0 -0.47396
1150.0 3950.0 -0.39358
1250.0 3950.0 -0.29443
1350.0 3950.0 -0.18043
1450.0 3950.0 -0.06491
1550.0 3950.0 0.02468
1650.0 3950.0 0.06227
1750.0 3950.0 0.03355
1850.0 3950.0 -0.05915
1950.0 3950.0 -0.19716
2050.0 3950.0 -0.35120
2150.0 3950.0 -0.49230
2250.0 3950.0 -0.60819
2350.0 3950.0 -0.70757
2450.0 3950.0 -0.75809
2550.0 3950.0 -0.72923
2650.0 3950.0 -0.61483
2750.0 3950.0 -0.42936
2850.0 3950.0 -0.20292
2950.0 3950.0 0.02525
3050.0 3950.0 0.21463
3150.0 3950.0 0.33273
3250.0 3950.0 0.36576
3350.0 3950.0 0.33075
3450.0 3950.0 0.27921
3550.0 3950.0 0.24309
3650.0 3950.0 0.23464
3750.0 3950.0 0.25879
3850.0 3950.0 0.31298
3950.0 3950.0 0.38808
4050.0 3950.0 0.47012
4150.0 3950.0 0.54308
4250.0 3950.0 0.59269
4350.0 3950.0 0.61108
4450.0 3950.0 0.60247
4550.0 3950.0 0.58234
4650.0 3950.0 0.53794
4750.0 3950.0 0.45259
4850.0 3950.0 0.32310
4950.0 3950.0 0.15730
5050.0 3950.0 -0.02893
5150.0 3950.0 -0.21529
5250.0 3950.0 -0.38108
5350.0 3950.0 -0.50984
5450.0 3950.0 -0.59446
5550.0 3950.0 -0.64286
5650.0 3950.0 -0.67037
5750.0 3950.0 -0.62755
5850.0 3950.0 -0.48498
5950.0 3950.0 -0.26451
6050.0 3950.0 -0.01473
6150.0 3950.0 0.20889
6250.0 3950.0 0.35898
6350.0 3950.0 0.40624
50.0 4050.0 0.07545
150.0 4050.0 0.18256
250.0 4050.0 0.22755
350.0 4050.0 0.18568
450.0 4050.0 0.06328
550.0 4050.0 -0.11230
650.0 4050.0 -0.30225
750.0 4050.0 -0.46524
850.0 4050.0 -0.56572
950.0 4050.0 -0.58175
1050.0 4050.0 -0.51210
1150.0 4050.0 -0.38289
1250.0 4050.0 -0.23626
1350.0 4050.0 -0.07717
1450.0 4050.0 0.07444
1550.0 4050.0 0.18396
1650.0 4050.0 0.22092
1750.0 4050.0 0.17115
1850.0 4050.0 0.04217
1950.0 4050.0 -0.13820
2050.0 4050.0 -0.32994
2150.0 4050.0 -0.49574
2250.0 4050.0 -0.62254
2350.0 4050.0 -0.73037
2450.0 4050.0 -0.79687
2550.0 4050.0 -0.79158
2650.0 4050.0 -0.70298
2750.0 4050.0 -0.53857
2850.0 4050.0 -0.32254
2950.0 4050.0 -0.09100
3050.0 4050.0 0.11523
3150.0 4050.0 0.26025
3250.0 4050.0 0.32517
3350.0 4050.0 0.32263
3450.0 4050.0 0.30389
3550.0 4050.0 0.30308
3650.0 4050.0 0.32798
3750.0 4050.0 0.37535
3850.0 4050.0 0.43539
3950.0 4050.0 0.49552
4050.0 4050.0 0.54349
4150.0 4050.0 0.56995
4250.0 4050.0 0.57025
4350.0 4050.0 0.54573
4450.0 4050.0 0.50425
4550.0 4050.0 0.45453
4650.0 4050.0 0.37840
4750.0 4050.0 0.26280
4850.0 4050.0 0.11146
4950.0 4050.0 -0.06148
5050.0 4050.0 -0.23706
5150.0 4050.0 -0.39629
5250.0 4050.0 -0.52402
5350.0 4050.0 -0.61200
5450.0 4050.0 -0.66110
5550.0 4050.0 -0.68265
5650.0 4050.0 -0.68683
5750.0 4050.0 -0.62118
5850.0 4050.0 -0.45918
5950.0 4050.0 -0.22649
6050.0 4050.0 0.02550
6150.0 4050.0 0.24072
6250.0 4050.0 0.37375
6350.0 4050.0 0.39949
50.0 4150.0 0.09838
150.0 4150.0 0.18167
250.0 4150.0 0.19491
350.0 4150.0 0.11616
450.0 4150.0 -0.03971
550.0 4150.0 -0.23619
650.0 4150.0 -0.42823
750.0 4150.0 -0.57301
850.0 4150.0 -0.63866
950.0 4150.0 -0.61067
1050.0 4150.0 -0.49621
1150.0 4150.0 -0.32618
1250.0 4150.0 -0.14008
1350.0 4150.0 0.05753
1450.0 4150.0 0.24177
1550.0 4150.0 0.37203
1650.0 4150.0 0.41378
1750.0 4150.0 0.35235
1850.0 4150.0 0.19877
1950.0 4150.0 -0.01221
2050.0 4150.0 -0.23218
2150.0 4150.0 -0.41699
2250.0 4150.0 -0.55255
2350.0 4150.0 -0.66798
2450.0 4150.0 -0.75193
2550.0 4150.0 -0.77587
2650.0 4150.0 -0.72378
2750.0 4150.0 -0.59590
2850.0 4150.0 -0.40920
2950.0 4150.0 -0.19454
3050.0 4150.0 0.00947
3150.0 4150.0 0.16581
3250.0 4150.0 0.25180
3350.0 4150.0 0.27498
3450.0 4150.0 0.28330
3550.0 4150.0 0.31110
3650.0 4150.0 0.36216
3750.0 4150.0 0.42651
3850.0 4150.0 0.48854
3950.0 4150.0 0.53318
4050.0 4150.0 0.55002
4150.0 4150.0 0.53556
4250.0 4150.0 0.49339
4350.0 4150.0 0.43254
4450.0 4150.0 0.36369
4550.0 4150.0 0.29004
4650.0 4150.0 0.19231
4750.0 4150.0 0.06290
4850.0 4150.0 -0.08864
4950.0 4150.0 -0.24462
5050.0 4150.0 -0.38631
5150.0 4150.0 -0.49902
5250.0 4150.0 -0.57520
5350.0 4150.0 -0.61559
5450.0 4150.0 -0.62830
5550.0 4150.0 -0.62599
5650.0 4150.0 -0.61109
5750.0 4150.0 -0.52865
5850.0 4150.0 -0.35579
5950.0 4150.0 -0.12139
6050.0 4150.0 0.12162
6150.0 4150.0 0.31795
6250.0 4150.0 0.42534
6350.0 4150.0 0.42363
50.0 4250.0 0.09469
150.0 4250.0 0.16214
250.0 4250.0 0.15633
350.0 4250.0 0.05820
450.0 4250.0 -0.11163
550.0 4250.0 -0.31132
650.0 4250.0 -0.49287
750.0 4250.0 -0.61403
850.0 4250.0 -0.64678
950.0 4250.0 -0.58266
1050.0 4250.0 -0.43473
1150.0 4250.0 -0.23625
1250.0 4250.0 -0.02290
1350.0 4250.0 0.20261
1450.0 4250.0 0.41259
1550.0 4250.0 0.56233
1650.0 4250.0 0.61396
1750.0 4250.0 0.55166
1850.0 4250.0 0.38797
1950.0 4250.0 0.16153
2050.0 4250.0 -0.07409
2150.0 4250.0 -0.27015
2250.0 4250.0 -0.41136
2350.0 4250.0 -0.53269
2450.0 4250.0 -0.63335
2550.0 4250.0 -0.68824
2650.0 4250.0 -0.67818
2750.0 4250.0 -0.59679
2850.0 4250.0 -0.45347
2950.0 4250.0 -0.27247
3050.0 4250.0 -0.08815
3150.0 4250.0 0.06363
3250.0 4250.0 0.15804
3350.0 4250.0 0.19759
3450.0 4250.0 0.22439
3550.0 4250.0 0.27162
3650.0 4250.0 0.34023
3750.0 4250.0 0.41563
3850.0 4250.0 0.47831
3950.0 4250.0 0.51157
4050.0 4250.0 0.50636
4150.0 4250.0 0.46327
4250.0 4250.0 0.39162
4350.0 4250.0 0.30570
4450.0 4250.0 0.21807
4550.0 4250.0 0.12863
4650.0 4250.0 0.02093
4750.0 4250.0 -0.10630
4850.0 4250.0 -0.23944
4950.0 4250.0 -0.36010
5050.0 4250.0 -0.45258
5150.0 4250.0 -0.50847
5250.0 4250.0 -0.52858
5350.0 4250.0 -0.52203
5450.0 4250.0 -0.50257
5550.0 4250.0 -0.48222
5650.0 4250.0 -0.45450
5750.0 4250.0 -0.36281
5850.0 4250.0 -0.18809
5950.0 4250.0 0.03848
6050.0 4250.0 0.26374
6150.0 4250.0 0.43434
6250.0 4250.0 0.51183
6350.0 4250.0 0.48096
50.0 4350.0 0.06284
150.0 4350.0 0.12301
250.0 4350.0 0.11118
350.0 4350.0 0.01096
450.0 4350.0 -0.15436
550.0 4350.0 -0.34142
650.0 4350.0 -0.50254
750.0 4350.0 -0.59768
850.0 4350.0 -0.60254
950.0 4350.0 -0.51282
1050.0 4350.0 -0.34470
1150.0 4350.0 -0.13146
1250.0 4350.0 0.09572
1350.0 4350.0 0.33709
1450.0 4350.0 0.56435
1550.0 4350.0 0.73070
1650.0 4350.0 0.79594
1750.0 4350.0 0.74258
1850.0 4350.0 0.58273
1950.0 4350.0 0.35584
2050.0 4350.0 0.11730
2150.0 4350.0 -0.08203
2250.0 4350.0 -0.22559
2350.0 4350.0 -0.35068
2450.0 4350.0 -0.46550
2550.0 4350.0 -0.54918
2650.0 4350.0 -0.58090
2750.0 4350.0 -0.54896
2850.0 4350.0 -0.45577
2950.0 4350.0 -0.31863
3050.0 4350.0 -0.16640
3150.0 4350.0 -0.03200
3250.0 4350.0 0.05923
3350.0 4350.0 0.10536
3450.0 4350.0 0.14137
3550.0 4350.0 0.19855
3650.0 4350.0 0.27661
3750.0 4350.0 0.35868
3850.0 4350.0 0.42318
3950.0 4350.0 0.45243
4050.0 4350.0 0.43784
4150.0 4350.0 0.38184
4250.0 4350.0 0.29646
4350.0 4350.0 0.19854
4450.0 4350.0 0.10169
4550.0 4350.0 0.00510
4650.0 4350.0 -0.10203
4750.0 4350.0 -0.21483
4850.0 4350.0 -0.31757
4950.0 4350.0 -0.39349
5050.0 4350.0 -0.43170
5150.0 4350.0 -0.43075
5250.0 4350.0 -0.39918
5350.0 4350.0 -0.35285
5450.0 4350.0 -0.30910
5550.0 4350.0 -0.27783
5650.0 4350.0 -0.24403
5750.0 4350.0 -0.15042
5850.0 4350.0 0.01863
5950.0 4350.0 0.23069
6050.0 4350.0 0.43343
6150.0 4350.0 0.57614
6250.0 4350.0 0.62419
6350.0 4350.0 0.56661
50.0 4450.0 0.00997
150.0 4450.0 0.06935
250.0 4450.0 0.06100
350.0 4450.0 -0.02912
450.0 4450.0 -0.17734
550.0 4450.0 -0.34158
650.0 4450.0 -0.47671
750.0 4450.0 -0.54594
850.0 4450.0 -0.52828
950.0 4450.0 -0.42205
1050.0 4450.0 -0.24439
1150.0 4450.0 -0.02694
1250.0 4450.0 0.20376
1350.0 4450.0 0.45152
1450.0 4450.0 0.68908
1550.0 4450.0 0.86904
1650.0 4450.0 0.94972
1750.0 4450.0 0.91174
1850.0 4450.0 0.76538
1950.0 4450.0 0.54870
2050.0 4450.0 0.31643
2150.0 4450.0 0.11966
2250.0 4450.0 -0.02377
2350.0 4450.0 -0.15088
2450.0 4450.0 -0.27691
2550.0 4450.0 -0.38554
2650.0 4450.0 -0.45544
2750.0 4450.0 -0.47091
2850.0 4450.0 -0.42835
2950.0 4450.0 -0.33843
3050.0 4450.0 -0.22412
3150.0 4450.0 -0.11445
3250.0 4450.0 -0.03407
3350.0 4450.0 0.01140
3450.0 4450.0 0.04956
3550.0 4450.0 0.10975
3650.0 4450.0 0.19179
3750.0 4450.0 0.27828
3850.0 4450.0 0.34694
3950.0 4450.0 0.37938
4050.0 4450.0 0.36661
4150.0 4450.0 0.31098
4250.0 4450.0 0.22475
4350.0 4450.0 0.12526
4450.0 4450.0 0.02661
4550.0 4450.0 -0.07069
4650.0 4450.0 -0.17033
4750.0 4450.0 -0.26218
4850.0 4450.0 -0.32986
4950.0 4450.0 -0.35965
5050.0 4450.0 -0.34608
5150.0 4450.0 -0.29437
5250.0 4450.0 -0.21957
5350.0 4450.0 -0.14245
5450.0 4450.0 -0.08221
5550.0 4450.0 -0.04590
5650.0 4450.0 -0.01113
5750.0 4450.0 0.07932
5850.0 4450.0 0.23820
5950.0 4450.0 0.43265
6050.0 4450.0 0.61186
6150.0 4450.0 0.72792
6250.0 4450.0 0.74968
6350.0 4450.0 0.66962
50.0 4550.0 -0.05360
150.0 4550.0 0.00687
250.0 4550.0 0.00495
350.0 4550.0 -0.07123
450.0 4550.0 -0.19851
550.0 4550.0 -0.33709
650.0 4550.0 -0.44515
750.0 4550.0 -0.48949
850.0 4550.0 -0.45223
950.0 4550.0 -0.33365
1050.0 4550.0 -0.15109
1150.0 4550.0 0.06607
1250.0 4550.0 0.29597
1350.0 4550.0 0.54636
1450.0 4550.0 0.79173
1550.0 4550.0 0.98472
1650.0 4550.0 1.08236
1750.0 4550.0 1.06314
1850.0 4550.0 0.93480
1950.0 4550.0 0.73302
2050.0 4550.0 0.51080
2150.0 4550.0 0.31874
2250.0 4550.0 0.17601
2350.0 4550.0 0.04724
2450.0 4550.0 -0.08869
2550.0 4550.0 -0.21974
2650.0 4550.0 -0.32448
2750.0 4550.0 -0.38395
2850.0 4550.0 -0.38924
2950.0 4550.0 -0.34496
3050.0 4550.0 -0.26842
3150.0 4550.0 -0.18469
3250.0 4550.0 -0.11739
3350.0 4550.0 -0.07535
3450.0 4550.0 -0.03794
3550.0 4550.0 0.02223
3650.0 4550.0 0.10558
3750.0 4550.0 0.19500
3850.0 4550.0 0.26809
3950.0 4550.0 0.30604
4050.0 4550.0 0.29919
4150.0 4550.0 0.24909
4250.0 4550.0 0.16728
4350.0 4550.0 0.07069
4450.0 4550.0 -0.02640
4550.0 4550.0 -0.12144
4650.0 4550.0 -0.21083
4750.0 4550.0 -0.27964
4850.0 4550.0 -0.31143
4950.0 4550.0 -0.29584
5050.0 4550.0 -0.23288
5150.0 4550.0 -0.13403
5250.0 4550.0 -0.02013
5350.0 4550.0 0.08396
5450.0 4550.0 0.15789
5550.0 4550.0 0.19759
5650.0 4550.0 0.23209
5750.0 4550.0 0.31785
5850.0 4550.0 0.46475
5950.0 4550.0 0.63971
6050.0 4550.0 0.79369
6150.0 4550.0 0.88187
6250.0 4550.0 0.87670
6350.0 4550.0 0.77407
50.0 4650.0 -0.14544
150.0 4650.0 -0.08340
250.0 4650.0 -0.07665
350.0 4650.0 -0.13521
450.0 4650.0 -0.23786
550.0 4650.0 -0.34887
650.0 4650.0 -0.43108
750.0 4650.0 -0.45539
850.0 4650.0 -0.40665
950.0 4650.0 -0.28598
1050.0 4650.0 -0.10949
1150.0 4650.0 0.09667
1250.0 4650.0 0.31560
1350.0 4650.0 0.56080
1450.0 4650.0 0.81049
1550.0 4650.0 1.01836
1650.0 4650.0 1.14006
1750.0 4650.0 1.15066
1850.0 4650.0 1.05319
1950.0 4650.0 0.87820
2050.0 4650.0 0.67445
2150.0 4650.0 0.49052
2250.0 4650.0 0.34762
2350.0 4650.0 0.21581
2450.0 4650.0 0.07241
2550.0 4650.0 -0.07332
2650.0 4650.0 -0.20049
2750.0 4650.0 -0.28881
2850.0 4650.0 -0.32666
2950.0 4650.0 -0.31505
3050.0 4650.0 -0.26766
3150.0 4650.0 -0.20659
3250.0 4650.0 -0.15425
3350.0 4650.0 -0.12099
3450.0 4650.0 -0.09089
3550.0 4650.0 -0.03885
3650.0 4650.0 0.03670
3750.0 4650.0 0.12088
3850.0 4650.0 0.19329
3950.0 4650.0 0.23618
4050.0 4650.0 0.23947
4150.0 4650.0 0.20303
4250.0 4650.0 0.13584
4350.0 4650.0 0.05233
4450.0 4650.0 -0.03425
4550.0 4650.0 -0.11878
4650.0 4650.0 -0.19084
4750.0 4650.0 -0.23201
4850.0 4650.0 -0.22672
4950.0 4650.0 -0.16820
5050.0 4650.0 -0.06133
5150.0 4650.0 0.07743
5250.0 4650.0 0.22321
5350.0 4650.0 0.34886
5450.0 4650.0 0.43415
5550.0 4650.0 0.47791
5650.0 4650.0 0.51354
5750.0 4650.0 0.59391
5850.0 4650.0 0.72446
5950.0 4650.0 0.87176
6050.0 4650.0 0.98940
6150.0 4650.0 1.03709
6250.0 4650.0 0.99269
6350.0 4650.0 0.85726
50.0 4750.0 -0.26507
150.0 4750.0 -0.20076
250.0 4750.0 -0.18195
350.0 4750.0 -0.21736
450.0 4750.0 -0.29018
550.0 4750.0 -0.37145
650.0 4750.0 -0.43069
750.0 4750.0 -0.44364
850.0 4750.0 -0.39719
950.0 4750.0 -0.29142
1050.0 4750.0 -0.13888
1150.0 4750.0 0.03901
1250.0 4750.0 0.23047
1350.0 4750.0 0.45700
1450.0 4750.0 0.70333
1550.0 4750.0 0.92594
1650.0 4750.0 1.07921
1750.0 4750.0 1.13325
1850.0 4750.0 1.08333
1950.0 4750.0 0.95105
2050.0 4750.0 0.77710
2150.0 4750.0 0.60579
2250.0 4750.0 0.46109
2350.0 4750.0 0.32409
2450.0 4750.0 0.17738
2550.0 4750.0 0.03007
2650.0 4750.0 -0.09855
2750.0 4750.0 -0.19010
2850.0 4750.0 -0.23448
2950.0 4750.0 -0.23341
3050.0 4750.0 -0.20019
3150.0 4750.0 -0.15578
3250.0 4750.0 -0.12103
3350.0 4750.0 -0.10513
3450.0 4750.0 -0.09294
3550.0 4750.0 -0.06228
3650.0 4750.0 -0.00967
3750.0 4750.0 0.05534
3850.0 4750.0 0.11789
3950.0 4750.0 0.16368
4050.0 4750.0 0.18292
4150.0 4750.0 0.17238
4250.0 4750.0 0.13564
4350.0 4750.0 0.08133
4450.0 4750.0 0.01962
4550.0 4750.0 -0.04125
4650.0 4750.0 -0.08552
4750.0 4750.0 -0.09398
4850.0 4750.0 -0.05340
4950.0 4750.0 0.03939
5050.0 4750.0 0.17613
5150.0 4750.0 0.33816
5250.0 4750.0 0.50003
5350.0 4750.0 0.63570
5450.0 4750.0 0.72717
5550.0 4750.0 0.77570
5650.0 4750.0 0.81491
5750.0 4750.0 0.89001
5850.0 4750.0 1.00044
5950.0 4750.0 1.11214
6050.0 4750.0 1.18221
6150.0 4750.0 1.17648
6250.0 4750.0 1.08018
6350.0 4750.0 0.90143
50.0 4850.0 -0.38801
150.0 4850.0 -0.32077
250.0 4850.0 -0.28675
350.0 4850.0 -0.29407
450.0 4850.0 -0.33273
550.0 4850.0 -0.38324
650.0 4850.0 -0.42372
750.0 4850.0 -0.43533
850.0 4850.0 -0.40610
950.0 4850.0 -0.33308
1050.0 4850.0 -0.22293
1150.0 4850.0 -0.09086
1250.0 4850.0 0.05620
1350.0 4850.0 0.24912
1450.0 4850.0 0.48147
1550.0 4850.0 0.71428
1650.0 4850.0 0.90124
1750.0 4850.0 1.00659
1850.0 4850.0 1.01555
1950.0 4850.0 0.93752
2050.0 4850.0 0.80185
2150.0 4850.0 0.64622
2250.0 4850.0 0.49779
2350.0 4850.0 0.35347
2450.0 4850.0 0.20806
2550.0 4850.0 0.07332
2650.0 4850.0 -0.03409
2750.0 4850.0 -0.10115
2850.0 4850.0 -0.12382
2950.0 4850.0 -0.10901
3050.0 4850.0 -0.07333
3150.0 4850.0 -0.03850
3250.0 4850.0 -0.02354
3350.0 4850.0 -0.03358
3450.0 4850.0 -0.05005
3550.0 4850.0 -0.05450
3650.0 4850.0 -0.04087
3750.0 4850.0 -0.01020
3850.0 4850.0 0.03182
3950.0 4850.0 0.07701
4050.0 4850.0 0.11664
4150.0 4850.0 0.14326
4250.0 4850.0 0.15222
4350.0 4850.0 0.14305
4450.0 4850.0 0.12067
4550.0 4850.0 0.09664
4650.0 4850.0 0.08940
4750.0 4850.0 0.11554
4850.0 4850.0 0.18439
4950.0 4850.0 0.29603
5050.0 4850.0 0.44113
5150.0 4850.0 0.60255
5250.0 4850.0 0.75870
5350.0 4850.0 0.88864
5450.0 4850.0 0.97898
5550.0 4850.0 1.03254
5650.0 4850.0 1.07801
5750.0 4850.0 1.14981
5850.0 4850.0 1.24079
5950.0 4850.0 1.31614
6050.0 4850.0 1.33664
6150.0 4850.0 1.27477
6250.0 4850.0 1.12374
6350.0 4850.0 0.89942
50.0 4950.0 -0.48321
150.0 4950.0 -0.41259
250.0 4950.0 -0.36135
350.0 4950.0 -0.33766
450.0 4950.0 -0.34009
550.0 4950.0 -0.36053
650.0 4950.0 -0.38697
750.0 4950.0 -0.40621
850.0 4950.0 -0.40659
950.0 4950.0 -0.38049
1050.0 4950.0 -0.32691
1150.0 4950.0 -0.25390
1250.0 4950.0 -0.16415
1350.0 4950.0 -0.01759
1450.0 4950.0 0.18935
1550.0 4950.0 0.42361
1650.0 4950.0 0.63918
1750.0 4950.0 0.79453
1850.0 4950.0 0.86406
1950.0 4950.0 0.84341
2050.0 4950.0 0.74860
2150.0 4950.0 0.60920
2250.0 4950.0 0.45525
2350.0 4950.0 0.30208
2450.0 4950.0 0.16190
2550.0 4950.0 0.05142
2650.0 4950.0 -0.01612
2750.0 4950.0 -0.03579
2850.0 4950.0 -0.01327
2950.0 4950.0 0.03564
3050.0 4950.0 0.08805
3150.0 4950.0 0.11982
3250.0 4950.0 0.11394
3350.0 4950.0 0.07165
3450.0 4950.0 0.01840
3550.0 4950.0 -0.03178
3650.0 4950.0 -0.06998
3750.0 4950.0 -0.08631
3850.0 4950.0 -0.07446
3950.0 4950.0 -0.03430
4050.0 4950.0 0.02737
4150.0 4950.0 0.09816
4250.0 4950.0 0.16328
4350.0 4950.0 0.21072
4450.0 4950.0 0.23840
4550.0 4950.0 0.26088
4650.0 4950.0 0.29595
4750.0 4950.0 0.35414
4850.0 4950.0 0.43969
4950.0 4950.0 0.55053
5050.0 4950.0 0.67899
5150.0 4950.0 0.81341
5250.0 4950.0 0.94038
5350.0 4950.0 1.04789
5450.0 4950.0 1.12917
5550.0 4950.0 1.18737
5650.0 4950.0 1.24133
5750.0 4950.0 1.31352
5850.0 4950.0 1.39105
5950.0 4950.0 1.43835
6050.0 4950.0 1.41925
6150.0 4950.0 1.31181
6250.0 4950.0 1.11609
6350.0 4950.0 0.85473
50.0 5050.0 -0.52559
150.0 5050.0 -0.45148
250.0 5050.0 -0.38260
350.0 5050.0 -0.32762
450.0 5050.0 -0.29448
550.0 5050.0 -0.28712
650.0 5050.0 -0.30370
750.0 5050.0 -0.33653
850.0 5050.0 -0.37360
950.0 5050.0 -0.40178
1050.0 5050.0 -0.41157
1150.0 5050.0 -0.40359
1250.0 5050.0 -0.37723
1350.0 5050.0 -0.28477
1450.0 5050.0 -0.11298
1550.0 5050.0 0.11172
1650.0 5050.0 0.34467
1750.0 5050.0 0.53979
1850.0 5050.0 0.66154
1950.0 5050.0 0.69220
2050.0 5050.0 0.63445
2150.0 5050.0 0.50914
2250.0 5050.0 0.34840
2350.0 5050.0 0.18579
2450.0 5050.0 0.05322
2550.0 5050.0 -0.02636
2650.0 5050.0 -0.04347
2750.0 5050.0 -0.00273
2850.0 5050.0 0.07851
2950.0 5050.0 0.17349
3050.0 5050.0 0.25138
3150.0 5050.0 0.28463
3250.0 5050.0 0.25823
3350.0 5050.0 0.18105
3450.0 5050.0 0.08735
3550.0 5050.0 -0.01376
3650.0 5050.0 -0.11060
3750.0 5050.0 -0.18129
3850.0 5050.0 -0.20609
3950.0 5050.0 -0.17533
4050.0 5050.0 -0.09319
4150.0 5050.0 0.02299
4250.0 5050.0 0.14763
4350.0 5050.0 0.25614
4450.0 5050.0 0.33851
4550.0 5050.0 0.41154
4650.0 5050.0 0.48907
4750.0 5050.0 0.57286
4850.0 5050.0 0.66151
4950.0 5050.0 0.75197
5050.0 5050.0 0.84081
5150.0 5050.0 0.92508
5250.0 5050.0 1.00296
5350.0 5050.0 1.07404
5450.0 5050.0 1.13941
5550.0 5050.0 1.20128
5650.0 5050.0 1.26507
5750.0 5050.0 1.34225
5850.0 5050.0 1.41636
5950.0 5050.0 1.45119
6050.0 5050.0 1.41221
6150.0 5050.0 1.28079
6250.0 5050.0 1.06119
6350.0 5050.0 0.78024
50.0 5150.0 -0.50364
150.0 5150.0 -0.42627
250.0 5150.0 -0.34097
350.0 5150.0 -0.25706
450.0 5150.0 -0.19149
550.0 5150.0 -0.15956
650.0 5150.0 -0.16895
750.0 5150.0 -0.21695
850.0 5150.0 -0.29099
950.0 5150.0 -0.37242
1050.0 5150.0 -0.44358
1150.0 5150.0 -0.49812
1250.0 5150.0 -0.53312
1350.0 5150.0 -0.49576
1450.0 5150.0 -0.36483
1550.0 5150.0 -0.16030
1650.0 5150.0 0.07560
1750.0 5150.0 0.29409
1850.0 5150.0 0.45199
1950.0 5150.0 0.52052
2050.0 5150.0 0.49069
2150.0 5150.0 0.37526
2250.0 5150.0 0.20729
2350.0 5150.0 0.03571
2450.0 5150.0 -0.08896
2550.0 5150.0 -0.13749
2650.0 5150.0 -0.10403
2750.0 5150.0 -0.00257
2850.0 5150.0 0.13799
2950.0 5150.0 0.28000
3050.0 5150.0 0.38465
3150.0 5150.0 0.42088
3250.0 5150.0 0.37554
3350.0 5150.0 0.26502
3450.0 5150.0 0.13240
3550.0 5150.0 -0.01831
3650.0 5150.0 -0.17310
3750.0 5150.0 -0.29860
3850.0 5150.0 -0.36191
3950.0 5150.0 -0.34381
4050.0 5150.0 -0.24548
4150.0 5150.0 -0.08858
4250.0 5150.0 0.09123
4350.0 5150.0 0.25739
4450.0 5150.0 0.39203
4550.0 5150.0 0.51320
4650.0 5150.0 0.62834
4750.0 5150.0 0.72908
4850.0 5150.0 0.80853
4950.0 5150.0 0.86387
5050.0 5150.0 0.89760
5150.0 5150.0 0.91734
5250.0 5150.0 0.93444
5350.0 5150.0 0.96113
5450.0 5150.0 1.00645
5550.0 5150.0 1.07074
5650.0 5150.0 1.14444
5750.0 5150.0 1.23099
5850.0 5150.0 1.31319
5950.0 5150.0 1.35439
6050.0 5150.0 1.31998
6150.0 5150.0 1.19164
6250.0 5150.0 0.97429
6350.0 5150.0 0.69566
50.0 5250.0 -0.42209
150.0 5250.0 -0.34196
250.0 5250.0 -0.24282
350.0 5250.0 -0.13445
450.0 5250.0 -0.04128
550.0 5250.0 0.01182
650.0 5250.0 0.00917
750.0 5250.0 -0.05074
850.0 5250.0 -0.15498
950.0 5250.0 -0.28037
1050.0 5250.0 -0.40246
1150.0 5250.0 -0.50903
1250.0 5250.0 -0.59561
1350.0 5250.0 -0.60729
1450.0 5250.0 -0.51739
1550.0 5250.0 -0.34047
1650.0 5250.0 -0.11564
1750.0 5250.0 0.10774
1850.0 5250.0 0.28198
1950.0 5250.0 0.37082
2050.0 5250.0 0.35671
2150.0 5250.0 0.24592
2250.0 5250.0 0.07122
2350.0 5250.0 -0.10791
2450.0 5250.0 -0.22656
2550.0 5250.0 -0.25054
2650.0 5250.0 -0.17700
2750.0 5250.0 -0.02753
2850.0 5250.0 0.15964
2950.0 5250.0 0.33818
3050.0 5250.0 0.46296
3150.0 5250.0 0.50020
3250.0 5250.0 0.43837
3350.0 5250.0 0.29994
3450.0 5250.0 0.13482
3550.0 5250.0 -0.05786
3650.0 5250.0 -0.26247
3750.0 5250.0 -0.43607
3850.0 5250.0 -0.53457
3950.0 5250.0 -0.53041
4050.0 5250.0 -0.42186
4150.0 5250.0 -0.23374
4250.0 5250.0 -0.00982
4350.0 5250.0 0.20343
4450.0 5250.0 0.38142
4550.0 5250.0 0.54238
4650.0 5250.0 0.68641
4750.0 5250.0 0.79540
4850.0 5250.0 0.85784
4950.0 5250.0 0.87199
5050.0 5250.0 0.84670
5150.0 5250.0 0.80012
5250.0 5250.0 0.75612
5350.0 5250.0 0.73860
5450.0 5250.0 0.76356
5550.0 5250.0 0.82899
5650.0 5250.0 0.91145
5750.0 5250.0 1.01041
5850.0 5250.0 1.11077
5950.0 5250.0 1.17570
6050.0 5250.0 1.16884
6150.0 5250.0 1.06928
6250.0 5250.0 0.87911
6350.0 5250.0 0.62362
50.0 5350.0 -0.29957
150.0 5350.0 -0.21739
250.0 5350.0 -0.10777
350.0 5350.0 0.01950
450.0 5350.0 0.13476
550.0 5350.0 0.20626
650.0 5350.0 0.21232
750.0 5350.0 0.14796
850.0 5350.0 0.02592
950.0 5350.0 -0.12781
1050.0 5350.0 -0.28414
1150.0 5350.0 -0.42650
1250.0 5350.0 -0.54924
1350.0 5350.0 -0.59798
1450.0 5350.0 -0.54360
1550.0 5350.0 -0.39675
1650.0 5350.0 -0.19333
1750.0 5350.0 0.01858
1850.0 5350.0 0.19012
1950.0 5350.0 0.28156
2050.0 5350.0 0.27065
2150.0 5350.0 0.15941
2250.0 5350.0 -0.02065
2350.0 5350.0 -0.20527
2450.0 5350.0 -0.32161
2550.0 5350.0 -0.33283
2650.0 5350.0 -0.23818
2750.0 5350.0 -0.06382
2850.0 5350.0 0.14658
2950.0 5350.0 0.34183
3050.0 5350.0 0.47351
3150.0 5350.0 0.50669
3250.0 5350.0 0.43116
3350.0 5350.0 0.27296
3450.0 5350.0 0.08529
3550.0 5350.0 -0.13703
3650.0 5350.0 -0.37758
3750.0 5350.0 -0.58679
3850.0 5350.0 -0.71262
3950.0 5350.0 -0.72138
4050.0 5350.0 -0.60889
4150.0 5350.0 -0.40180
4250.0 5350.0 -0.14916
4350.0 5350.0 0.09576
4450.0 5350.0 0.30349
4550.0 5350.0 0.49175
4650.0 5350.0 0.65402
4750.0 5350.0 0.76454
4850.0 5350.0 0.80858
4950.0 5350.0 0.78575
5050.0 5350.0 0.71034
5150.0 5350.0 0.60896
5250.0 5350.0 0.51527
5350.0 5350.0 0.46203
5450.0 5350.0 0.47032
5550.0 5350.0 0.53592
5650.0 5350.0 0.62497
5750.0 5350.0 0.73728
5850.0 5350.0 0.86206
5950.0 5350.0 0.96253
6050.0 5350.0 0.99940
6150.0 5350.0 0.94695
6250.0 5350.0 0.80187
6350.0 5350.0 0.58441
50.0 5450.0 -0.16143
150.0 5450.0 -0.07791
250.0 5450.0 0.03881
350.0 5450.0 0.17957
450.0 5450.0 0.31201
550.0 5450.0 0.40028
650.0 5450.0 0.41874
750.0 5450.0 0.35964
850.0 5450.0 0.23469
950.0 5450.0 0.07067
1050.0 5450.0 -0.10108
1150.0 5450.0 -0.26119
1250.0 5450.0 -0.40276
1350.0 5450.0 -0.47381
1450.0 5450.0 -0.44541
1550.0 5450.0 -0.32613
1650.0 5450.0 -0.14900
1750.0 5450.0 0.04043
1850.0 5450.0 0.19486
1950.0 5450.0 0.27477
2050.0 5450.0 0.25686
2150.0 5450.0 0.14129
2250.0 5450.0 -0.04228
2350.0 5450.0 -0.23017
2450.0 5450.0 -0.34874
2550.0 5450.0 -0.36136
2650.0 5450.0 -0.26821
2750.0 5450.0 -0.09665
2850.0 5450.0 0.10884
2950.0 5450.0 0.29673
3050.0 5450.0 0.41889
3150.0 5450.0 0.44123
3250.0 5450.0 0.35449
3350.0 5450.0 0.18540
3450.0 5450.0 -0.01375
3550.0 5450.0 -0.25174
3650.0 5450.0 -0.51205
3750.0 5450.0 -0.74179
3850.0 5450.0 -0.88464
3950.0 5450.0 -0.90342
4050.0 5450.0 -0.79228
4150.0 5450.0 -0.57835
4250.0 5450.0 -0.31309
4350.0 5450.0 -0.05310
4450.0 5450.0 0.16946
4550.0 5450.0 0.37137
4650.0 5450.0 0.54171
4750.0 5450.0 0.65021
4850.0 5450.0 0.68051
4950.0 5450.0 0.63331
5050.0 5450.0 0.52635
5150.0 5450.0 0.39129
5250.0 5450.0 0.26750
5350.0 5450.0 0.19277
5450.0 5450.0 0.19089
5550.0 5450.0 0.25617
5650.0 5450.0 0.34914
5750.0 5450.0 0.47369
5850.0 5450.0 0.62440
5950.0 5450.0 0.76478
6050.0 5450.0 0.85203
6150.0 5450.0 0.85461
6250.0 5450.0 0.76244
6350.0 5450.0 0.58946
50.0 5550.0 -0.02751
150.0 5550.0 0.05684
250.0 5550.0 0.17820
350.0 5550.0 0.32866
450.0 5550.0 0.47507
550.0 5550.0 0.57962
650.0 5550.0 0.61422
750.0 5550.0 0.56876
850.0 5550.0 0.45318
950.0 5550.0 0.29341
1050.0 5550.0 0.12113
1150.0 5550.0 -0.04259
1250.0 5550.0 -0.18933
1350.0 5550.0 -0.27034
1450.0 5550.0 -0.25858
1550.0 5550.0 -0.16201
1650.0 5550.0 -0.01136
1750.0 5550.0 0.15091
1850.0 5550.0 0.28066
1950.0 5550.0 0.34101
2050.0 5550.0 0.31016
2150.0 5550.0 0.18819
2250.0 5550.0 0.00274
2350.0 5550.0 -0.18673
2450.0 5550.0 -0.31135
2550.0 5550.0 -0.33697
2650.0 5550.0 -0.26393
2750.0 5550.0 -0.11792
2850.0 5550.0 0.05941
2950.0 5550.0 0.21994
3050.0 5550.0 0.31881
3150.0 5550.0 0.32432
3250.0 5550.0 0.22801
3350.0 5550.0 0.05491
3450.0 5550.0 -0.14707
3550.0 5550.0 -0.38961
3650.0 5550.0 -0.65661
3750.0 5550.0 -0.89438
3850.0 5550.0 -1.04530
3950.0 5550.0 -1.07088
4050.0 5550.0 -0.96427
4150.0 5550.0 -0.75223
4250.0 5550.0 -0.48639
4350.0 5550.0 -0.22404
4450.0 5550.0 0.00175
4550.0 5550.0 0.20677
4650.0 5550.0 0.37811
4750.0 5550.0 0.48399
4850.0 5550.0 0.50763
4950.0 5550.0 0.45030
5050.0 5550.0 0.33109
5150.0 5550.0 0.18347
5250.0 5550.0 0.04874
5350.0 5550.0 -0.03371
5450.0 5550.0 -0.03933
5550.0 5550.0 0.02557
5650.0 5550.0 0.12026
5750.0 5550.0 0.25494
5850.0 5550.0 0.42980
5950.0 5550.0 0.60868
6050.0 5550.0 0.74530
6150.0 5550.0 0.80223
6250.0 5550.0 0.76248
6350.0 5550.0 0.63348
50.0 5650.0 0.10387
150.0 5650.0 0.18891
250.0 5650.0 0.31418
350.0 5650.0 0.47311
450.0 5650.0 0.63239
550.0 5650.0 0.75290
650.0 5650.0 0.80458
750.0 5650.0 0.77512
850.0 5650.0 0.67248
950.0 5650.0 0.52128
1050.0 5650.0 0.35298
1150.0 5650.0 0.18996
1250.0 5650.0 0.04224
1350.0 5650.0 -0.04478
1450.0 5650.0 -0.04639
1550.0 5650.0 0.02975
1650.0 5650.0 0.15499
1750.0 5650.0 0.29007
1850.0 5650.0 0.39440
1950.0 5650.0 0.43426
2050.0 5650.0 0.38997
2150.0 5650.0 0.26197
2250.0 5650.0 0.07585
2350.0 5650.0 -0.11413
2450.0 5650.0 -0.24605
2550.0 5650.0 -0.28920
2650.0 5650.0 -0.24368
2750.0 5650.0 -0.13236
2850.0 5650.0 0.00751
2950.0 5650.0 0.13276
3050.0 5650.0 0.20302
3150.0 5650.0 0.18967
3250.0 5650.0 0.08491
3350.0 5650.0 -0.08891
3450.0 5650.0 -0.28965
3550.0 5650.0 -0.53153
3650.0 5650.0 -0.79901
3750.0 5650.0 -1.03871
3850.0 5650.0 -1.19300
3950.0 5650.0 -1.22306
4050.0 5650.0 -1.12149
4150.0 5650.0 -0.91427
4250.0 5650.0 -0.65236
4350.0 5650.0 -0.39259
4450.0 5650.0 -0.16816
4550.0 5650.0 0.03576
4650.0 5650.0 0.20516
4750.0 5650.0 0.30781
4850.0 5650.0 0.32701
4950.0 5650.0 0.26448
5050.0 5650.0 0.13989
5150.0 5650.0 -0.01264
5250.0 5650.0 -0.15131
5350.0 5650.0 -0.23643
5450.0 5650.0 -0.24343
5550.0 5650.0 -0.17899
5650.0 5650.0 -0.08348
5750.0 5650.0 0.06008
5850.0 5650.0 0.25729
5950.0 5650.0 0.47246
6050.0 5650.0 0.65608
6150.0 5650.0 0.76512
6250.0 5650.0 0.77590
6350.0 5650.0 0.68952
50.0 5750.0 0.24525
150.0 5750.0 0.33129
250.0 5750.0 0.46013
350.0 5750.0 0.62628
450.0 5750.0 0.79622
550.0 5750.0 0.92974
650.0 5750.0 0.99518
750.0 5750.0 0.97848
850.0 5750.0 0.88608
950.0 5750.0 0.74159
1050.0 5750.0 0.57638
1150.0 5750.0 0.41390
1250.0 5750.0 0.26514
1350.0 5750.0 0.17203
1450.0 5750.0 0.15746
1550.0 5750.0 0.21472
1650.0 5750.0 0.31783
1750.0 5750.0 0.43086
1850.0 5750.0 0.51644
1950.0 5750.0 0.54333
2050.0 5750.0 0.49302
2150.0 5750.0 0.36555
2250.0 5750.0 0.18431
2350.0 5750.0 -0.00174
2450.0 5750.0 -0.14077
2550.0 5750.0 -0.20713
2650.0 5750.0 -0.19990
2750.0 5750.0 -0.13679
2850.0 5750.0 -0.04778
2950.0 5750.0 0.03170
3050.0 5750.0 0.06789
3150.0 5750.0 0.03621
3250.0 5750.0 -0.07084
3350.0 5750.0 -0.23544
3450.0 5750.0 -0.42356
3550.0 5750.0 -0.65063
3650.0 5750.0 -0.90193
3750.0 5750.0 -1.12693
3850.0 5750.0 -1.27103
3950.0 5750.0 -1.29751
4050.0 5750.0 -1.19932
4150.0 5750.0 -1.00111
4250.0 5750.0 -0.75112
4350.0 5750.0 -0.50315
4450.0 5750.0 -0.28866
4550.0 5750.0 -0.09393
4650.0 5750.0 0.06577
4750.0 5750.0 0.15855
4850.0 5750.0 0.16873
4950.0 5750.0 0.09899
5050.0 5750.0 -0.03038
5150.0 5750.0 -0.18530
5250.0 5750.0 -0.32457
5350.0 5750.0 -0.40956
5450.0 5750.0 -0.41681
5550.0 5750.0 -0.35355
5650.0 5750.0 -0.25889
5750.0 5750.0 -0.10988
5850.0 5750.0 0.10389
5950.0 5750.0 0.34789
6050.0 5750.0 0.57070
6150.0 5750.0 0.72509
6250.0 5750.0 0.78184
6350.0 5750.0 0.73625
50.0 5850.0 0.38490
150.0 5850.0 0.47239
250.0 5850.0 0.60408
350.0 5850.0 0.77501
450.0 5850.0 0.95139
550.0 5850.0 1.09231
650.0 5850.0 1.16523
750.0 5850.0 1.15518
850.0 5850.0 1.06789
950.0 5850.0 0.92662
1050.0 5850.0 0.76279
1150.0 5850.0 0.60047
1250.0 5850.0 0.45057
1350.0 5850.0 0.35123
1450.0 5850.0 0.32442
1550.0 5850.0 0.36558
1650.0 5850.0 0.45222
1750.0 5850.0 0.55198
1850.0 5850.0 0.63016
1950.0 5850.0 0.65676
2050.0 5850.0 0.61294
2150.0 5850.0 0.49700
2250.0 5850.0 0.32984
2350.0 5850.0 0.15534
2450.0 5850.0 0.01087
2550.0 5850.0 -0.08515
2650.0 5850.0 -0.12935
2750.0 5850.0 -0.13097
2850.0 5850.0 -0.10862
2950.0 5850.0 -0.08619
3050.0 5850.0 -0.08813
3150.0 5850.0 -0.13382
3250.0 5850.0 -0.23123
3350.0 5850.0 -0.36976
3450.0 5850.0 -0.52640
3550.0 5850.0 -0.71563
3650.0 5850.0 -0.92425
3750.0 5850.0 -1.10875
3850.0 5850.0 -1.22252
3950.0 5850.0 -1.23456
4050.0 5850.0 -1.13953
4150.0 5850.0 -0.95932
4250.0 5850.0 -0.73591
4350.0 5850.0 -0.51578
4450.0 5850.0 -0.32563
4550.0 5850.0 -0.15347
4650.0 5850.0 -0.01606
4750.0 5850.0 0.05664
4850.0 5850.0 0.05139
4950.0 5850.0 -0.02729
5050.0 5850.0 -0.15874
5150.0 5850.0 -0.31016
5250.0 5850.0 -0.44309
5350.0 5850.0 -0.52235
5450.0 5850.0 -0.52746
5550.0 5850.0 -0.46651
5650.0 5850.0 -0.37556
5750.0 5850.0 -0.22748
5850.0 5850.0 -0.00852
5950.0 5850.0 0.24909
6050.0 5850.0 0.49447
6150.0 5850.0 0.67900
6250.0 5850.0 0.77028
6350.0 5850.0 0.75924
50.0 5950.0 0.49644
150.0 5950.0 0.58580
250.0 5950.0 0.71940
350.0 5950.0 0.89206
450.0 5950.0 1.06975
550.0 5950.0 1.21134
650.0 5950.0 1.28423
750.0 5950.0 1.27356
850.0 5950.0 1.18534
950.0 5950.0 1.04314
1050.0 5950.0 0.87870
1150.0 5950.0 0.71614
1250.0 5950.0 0.56497
1350.0 5950.0 0.45934
1450.0 5950.0 0.42121
1550.0 5950.0 0.44935
1650.0 5950.0 0.52563
1750.0 5950.0 0.62146
1850.0 5950.0 0.70421
1950.0 5950.0 0.74382
2050.0 5950.0 0.71949
2150.0 5950.0 0.62646
2250.0 5950.0 0.48286
2350.0 5950.0 0.32799
2450.0 5950.0 0.18166
2550.0 5950.0 0.05369
2650.0 5950.0 -0.04877
2750.0 5950.0 -0.12366
2850.0 5950.0 -0.17504
2950.0 5950.0 -0.21257
3050.0 5950.0 -0.24966
3150.0 5950.0 -0.30010
3250.0 5950.0 -0.37327
3350.0 5950.0 -0.46791
3450.0 5950.0 -0.57380
3550.0 5950.0 -0.70226
3650.0 5950.0 -0.84266
3750.0 5950.0 -0.96283
3850.0 5950.0 -1.02896
3950.0 5950.0 -1.01913
4050.0 5950.0 -0.93055
4150.0 5950.0 -0.78049
4250.0 5950.0 -0.60076
4350.0 5950.0 -0.42591
4450.0 5950.0 -0.27512
4550.0 5950.0 -0.13922
4650.0 5950.0 -0.03654
4750.0 5950.0 0.00671
4850.0 5950.0 -0.01869
4950.0 5950.0 -0.10575
5050.0 5950.0 -0.23392
5150.0 5950.0 -0.37332
5250.0 5950.0 -0.49070
5350.0 5950.0 -0.55704
5450.0 5950.0 -0.55687
5550.0 5950.0 -0.49919
5650.0 5950.0 -0.41499
5750.0 5950.0 -0.27540
5850.0 5950.0 -0.06541
5950.0 5950.0 0.18616
6050.0 5950.0 0.43190
6150.0 5950.0 0.62526
6250.0 5950.0 0.73380
6350.0 5950.0 0.74630
50.0 6050.0 0.55461
150.0 6050.0 0.64612
250.0 6050.0 0.78060
350.0 6050.0 0.95206
450.0 6050.0 1.12619
550.0 6050.0 1.26214
650.0 6050.0 1.32801
750.0 6050.0 1.31001
850.0 6050.0 1.21526
950.0 6050.0 1.06836
1050.0 6050.0 0.90148
1150.0 6050.0 0.73830
1250.0 6050.0 0.58580
1350.0 6050.0 0.47392
1450.0 6050.0 0.42535
1550.0 6050.0 0.44309
1650.0 6050.0 0.51405
1750.0 6050.0 0.61345
1850.0 6050.0 0.71022
1950.0 6050.0 0.77325
2050.0 6050.0 0.77851
2150.0 6050.0 0.71713
2250.0 6050.0 0.60433
2350.0 6050.0 0.47557
2450.0 6050.0 0.33236
2550.0 6050.0 0.17592
2650.0 6050.0 0.01817
2750.0 6050.0 -0.12620
2850.0 6050.0 -0.24556
2950.0 6050.0 -0.33470
3050.0 6050.0 -0.39599
3150.0 6050.0 -0.43825
3250.0 6050.0 -0.47322
3350.0 6050.0 -0.50983
3450.0 6050.0 -0.55044
3550.0 6050.0 -0.60156
3650.0 6050.0 -0.65640
3750.0 6050.0 -0.69740
3850.0 6050.0 -0.70686
3950.0 6050.0 -0.67400
4050.0 6050.0 -0.59868
4150.0 6050.0 -0.49157
4250.0 6050.0 -0.37093
4350.0 6050.0 -0.25584
4450.0 6050.0 -0.15608
4550.0 6050.0 -0.06679
4650.0 6050.0 -0.00771
4750.0 6050.0 0.00038
4850.0 6050.0 -0.04652
4950.0 6050.0 -0.13868
5050.0 6050.0 -0.25635
5150.0 6050.0 -0.37424
5250.0 6050.0 -0.46656
5350.0 6050.0 -0.51279
5450.0 6050.0 -0.50405
5550.0 6050.0 -0.45018
5650.0 6050.0 -0.37517
5750.0 6050.0 -0.25105
5850.0 6050.0 -0.06380
5950.0 6050.0 0.16195
6050.0 6050.0 0.38487
6150.0 6050.0 0.56392
6250.0 6050.0 0.66994
6350.0 6050.0 0.69199
50.0 6150.0 0.54563
150.0 6150.0 0.63936
250.0 6150.0 0.77386
350.0 6150.0 0.94193
450.0 6150.0 1.10898
550.0 6150.0 1.23478
650.0 6150.0 1.28871
750.0 6150.0 1.25867
850.0 6150.0 1.15354
950.0 6150.0 0.99932
1050.0 6150.0 0.82877
1150.0 6150.0 0.66473
1250.0 6150.0 0.51087
1350.0 6150.0 0.39286
1450.0 6150.0 0.33451
1550.0 6150.0 0.34348
1650.0 6150.0 0.41191
1750.0 6150.0 0.51887
1850.0 6150.0 0.63454
1950.0 6150.0 0.72620
2050.0 6150.0 0.76598
2150.0 6150.0 0.74043
2250.0 6150.0 0.66179
2350.0 6150.0 0.56255
2450.0 6150.0 0.42782
2550.0 6150.0 0.25145
2650.0 6150.0 0.05060
2750.0 6150.0 -0.14788
2850.0 6150.0 -0.31778
2950.0 6150.0 -0.44063
3050.0 6150.0 -0.50954
3150.0 6150.0 -0.52984
3250.0 6150.0 -0.51637
3350.0 6150.0 -0.48762
3450.0 6150.0 -0.45639
3550.0 6150.0 -0.42369
3650.0 6150.0 -0.38770
3750.0 6150.0 -0.34699
3850.0 6150.0 -0.30109
3950.0 6150.0 -0.25066
4050.0 6150.0 -0.19744
4150.0 6150.0 -0.14392
4250.0 6150.0 -0.09271
4350.0 6150.0 -0.04566
4450.0 6150.0 -0.00269
4550.0 6150.0 0.03530
4650.0 6150.0 0.04745
4750.0 6150.0 0.01961
4850.0 6150.0 -0.04646
4950.0 6150.0 -0.13838
5050.0 6150.0 -0.23805
5150.0 6150.0 -0.32605
5250.0 6150.0 -0.38560
5350.0 6150.0 -0.40608
5450.0 6150.0 -0.38609
5550.0 6150.0 -0.33601
5650.0 6150.0 -0.27149
5750.0 6150.0 -0.16765
5850.0 6150.0 -0.01352
5950.0 6150.0 0.17079
6050.0 6150.0 0.35187
6150.0 6150.0 0.49675
6250.0 6150.0 0.58223
6350.0 6150.0 0.59993
50.0 6250.0 0.47237
150.0 6250.0 0.56814
250.0 6250.0 0.70219
350.0 6250.0 0.86591
450.0 6250.0 1.02451
550.0 6250.0 1.13850
650.0 6250.0 1.17875
750.0 6250.0 1.13506
850.0 6250.0 1.01826
950.0 6250.0 0.85589
1050.0 6250.0 0.68128
1150.0 6250.0 0.51632
1250.0 6250.0 0.36115
1350.0 6250.0 0.23720
1450.0 6250.0 0.16937
1550.0 6250.0 0.16978
1650.0 6250.0 0.23567
1750.0 6250.0 0.34982
1850.0 6250.0 0.48363
1950.0 6250.0 0.60285
2050.0 6250.0 0.67591
2150.0 6250.0 0.68491
2250.0 6250.0 0.63924
2350.0 6250.0 0.56919
2450.0 6250.0 0.44730
2550.0 6250.0 0.26240
2650.0 6250.0 0.03661
2750.0 6250.0 -0.19307
2850.0 6250.0 -0.38897
2950.0 6250.0 -0.52273
3050.0 6250.0 -0.58122
3150.0 6250.0 -0.56827
3250.0 6250.0 -0.50217
3350.0 6250.0 -0.40911
3450.0 6250.0 -0.30877
3550.0 6250.0 -0.19709
3650.0 6250.0 -0.07795
3750.0 6250.0 0.03448
3850.0 6250.0 0.12473
3950.0 6250.0 0.18222
4050.0 6250.0 0.20464
4150.0 6250.0 0.19861
4250.0 6250.0 0.17742
4350.0 6250.0 0.15612
4450.0 6250.0 0.14367
4550.0 6250.0 0.13229
4650.0 6250.0 0.10036
4750.0 6250.0 0.04078
4850.0 6250.0 -0.03909
4950.0 6250.0 -0.12479
5050.0 6250.0 -0.20048
5150.0 6250.0 -0.25329
5250.0 6250.0 -0.27592
5350.0 6250.0 -0.26792
5450.0 6250.0 -0.23523
5550.0 6250.0 -0.18836
5650.0 6250.0 -0.13423
5750.0 6250.0 -0.05228
5850.0 6250.0 0.06417
5950.0 6250.0 0.19926
6050.0 6250.0 0.32807
6150.0 6250.0 0.42684
6250.0 6250.0 0.47982
6350.0 6250.0 0.48272
50.0 6350.0 0.35412
150.0 6350.0 0.45161
250.0 6350.0 0.58521
350.0 6350.0 0.74515
450.0 6350.0 0.89646
550.0 6350.0 1.00028
650.0 6350.0 1.02877
750.0 6350.0 0.97337
850.0 6350.0 0.84658
950.0 6350.0 0.67723
1050.0 6350.0 0.49915
1150.0 6350.0 0.33340
1250.0 6350.0 0.17701
1350.0 6350.0 0.04733
1450.0 6350.0 -0.03016
1550.0 6350.0 -0.03954
1650.0 6350.0 0.02095
1750.0 6350.0 0.13760
1850.0 6350.0 0.28328
1950.0 6350.0 0.42288
2050.0 6350.0 0.52201
2150.0 6350.0 0.55911
2250.0 6350.0 0.54091
2350.0 6350.0 0.49596
2450.0 6350.0 0.38918
2550.0 6350.0 0.20714
2650.0 6350.0 -0.02399
2750.0 6350.0 -0.26021
2850.0 6350.0 -0.45662
2950.0 6350.0 -0.57932
3050.0 6350.0 -0.61248
3150.0 6350.0 -0.56041
3250.0 6350.0 -0.44473
3350.0 6350.0 -0.29661
3450.0 6350.0 -0.13865
3550.0 6350.0 0.03694
3650.0 6350.0 0.22036
3750.0 6350.0 0.38437
3850.0 6350.0 0.50095
3950.0 6350.0 0.55250
4050.0 6350.0 0.53780
4150.0 6350.0 0.47249
4250.0 6350.0 0.38422
4350.0 6350.0 0.30245
4450.0 6350.0 0.24284
4550.0 6350.0 0.19022
4650.0 6350.0 0.12258
4750.0 6350.0 0.03942
4850.0 6350.0 -0.04721
4950.0 6350.0 -0.12151
5050.0 6350.0 -0.17034
5150.0 6350.0 -0.18715
5250.0 6350.0 -0.17343
5350.0 6350.0 -0.13780
5450.0 6350.0 -0.09258
5550.0 6350.0 -0.04796
5650.0 6350.0 -0.00269
5750.0 6350.0 0.05946
5850.0 6350.0 0.14071
5950.0 6350.0 0.22871
6050.0 6350.0 0.30619
6150.0 6350.0 0.35803
6250.0 6350.0 0.37577
6350.0 6350.0 0.35955
